chr1	  1250000	  2000000	15
chr1	  1850000	  3550000	34
chr1	  3300000	  3650000	7
chr1	  5100000	  4050000	21
chr1	  6950000	  6300000	13
chr1	  7000000	  8450000	29
chr1	  7950000	  9000000	21
chr1	  8500000	  9650000	23
chr1	  8900000	  8150000	15
chr1	  9950000	 10850000	18
chr1	 14450000	 16500000	41
chr1	 17150000	 18100000	19
chr1	 22700000	 22200000	10
chr1	 24100000	 22650000	29
chr1	 25500000	 24950000	11
chr1	 26200000	 26550000	7
chr1	 27050000	 26350000	14
chr1	 31850000	 33150000	26
chr1	 32000000	 33050000	21
chr1	 33350000	 34150000	16
chr1	 34250000	 34600000	7
chr1	 37050000	 35650000	28
chr1	 38600000	 39200000	12
chr1	 40000000	 40650000	13
chr1	 40600000	 39950000	13
chr1	 41650000	 39400000	45
chr1	 41950000	 42600000	13
chr1	 43650000	 43050000	12
chr1	 44050000	 39450000	92
chr1	 44250000	 43800000	9
chr1	 46700000	 48850000	43
chr1	 48700000	 48500000	4
chr1	 49200000	 48200000	20
chr1	 49250000	 48300000	19
chr1	 50050000	 51650000	32
chr1	 50850000	 49300000	31
chr1	 51100000	 47800000	66
chr1	 51850000	 52350000	10
chr1	 53350000	 54550000	24
chr1	 55300000	 54700000	12
chr1	 58250000	 58550000	6
chr1	 58600000	 57100000	30
chr1	 59750000	 58950000	16
chr1	 61700000	 60650000	21
chr1	 62350000	 63200000	17
chr1	 62450000	 63750000	26
chr1	 62850000	 60650000	44
chr1	 63650000	 63050000	12
chr1	 64000000	 64900000	18
chr1	 64450000	 62900000	31
chr1	 65300000	 66700000	28
chr1	 65700000	 64700000	20
chr1	 67700000	 67150000	11
chr1	 68100000	 67400000	14
chr1	 68300000	 69300000	20
chr1	 72700000	 74600000	38
chr1	 73350000	 72700000	13
chr1	 75050000	 75600000	11
chr1	 75200000	 74150000	21
chr1	 76250000	 77800000	31
chr1	 77650000	 76800000	17
chr1	 78450000	 77750000	14
chr1	 78650000	 75500000	63
chr1	 79100000	 81450000	47
chr1	 81750000	 80900000	17
chr1	 82500000	 84150000	33
chr1	 83700000	 83050000	13
chr1	 84000000	 82650000	27
chr1	 86400000	 87800000	28
chr1	 86550000	 86300000	5
chr1	 87250000	 86000000	25
chr1	 87500000	 88650000	23
chr1	 87700000	 89350000	33
chr1	 90500000	 92050000	31
chr1	 90600000	 92400000	36
chr1	 91200000	 91750000	11
chr1	 92200000	 93250000	21
chr1	 96200000	 95100000	22
chr1	 97950000	 96850000	22
chr1	 98050000	 99700000	33
chr1	 99600000	100600000	20
chr1	 99750000	100200000	9
chr1	104900000	104900000	0
chr1	105350000	103950000	28
chr1	108700000	114700000	120
chr1	108750000	111400000	53
chr1	109200000	109800000	12
chr1	111300000	112100000	16
chr1	112200000	113750000	31
chr1	113300000	112200000	22
chr1	116100000	117350000	25
chr1	116500000	115100000	28
chr1	118900000	117650000	25
chr1	119300000	120400000	22
chr1	119450000	122050000	52
chr1	120850000	122000000	23
chr1	121300000	120750000	11
chr1	121500000	120150000	27
chr1	124550000	125350000	16
chr1	127600000	126400000	24
chr1	129400000	127700000	34
chr1	129450000	129900000	9
chr1	129900000	131200000	26
chr1	129950000	130650000	14
chr1	130950000	130700000	5
chr1	131800000	131000000	16
chr1	131950000	130800000	23
chr1	132000000	130850000	23
chr1	132200000	130500000	34
chr1	137850000	138450000	12
chr1	138850000	137900000	19
chr1	139350000	140850000	30
chr1	141200000	140350000	17
chr1	141750000	143050000	26
chr1	141950000	141250000	14
chr1	142150000	142850000	14
chr1	143400000	144350000	19
chr1	145300000	144550000	15
chr1	145900000	146700000	16
chr1	147250000	148100000	17
chr1	148850000	147250000	32
chr1	151200000	149950000	25
chr1	153000000	154050000	21
chr1	155850000	157650000	36
chr1	158400000	159150000	15
chr1	159400000	160500000	22
chr1	160350000	158000000	47
chr1	163400000	163150000	5
chr1	163400000	164100000	14
chr1	163850000	162850000	20
chr1	169350000	168850000	10
chr1	170650000	168700000	39
chr1	171250000	172100000	17
chr1	173050000	171550000	30
chr1	174050000	175800000	35
chr1	175300000	174300000	20
chr1	177450000	178400000	19
chr1	178700000	179000000	6
chr1	179450000	178400000	21
chr1	180300000	181950000	33
chr1	180500000	179200000	26
chr1	181050000	182150000	22
chr1	182950000	181550000	28
chr1	183550000	183000000	11
chr1	184300000	185250000	19
chr1	194000000	193200000	16
chr10	  1600000	  2500000	18
chr10	  3250000	  4100000	17
chr10	  3600000	  2850000	15
chr10	  4050000	  3150000	18
chr10	  4750000	  3000000	35
chr10	  5700000	  4050000	33
chr10	  6300000	  8300000	40
chr10	  6650000	  7600000	19
chr10	  7300000	  8100000	16
chr10	  7450000	  8200000	15
chr10	  9500000	 11100000	32
chr10	 11650000	 11000000	13
chr10	 12600000	 13700000	22
chr10	 12950000	 14250000	26
chr10	 13750000	 15050000	26
chr10	 14300000	 15700000	28
chr10	 14800000	 15650000	17
chr10	 16450000	 17150000	14
chr10	 19100000	 17900000	24
chr10	 20250000	 19400000	17
chr10	 20650000	 19550000	22
chr10	 21600000	 20300000	26
chr10	 23900000	 24800000	18
chr10	 25400000	 23500000	38
chr10	 25500000	 24100000	28
chr10	 25500000	 24350000	23
chr10	 26000000	 24950000	21
chr10	 27750000	 28650000	18
chr10	 28100000	 27600000	10
chr10	 34450000	 32550000	38
chr10	 37100000	 40950000	77
chr10	 37800000	 38750000	19
chr10	 38650000	 39850000	24
chr10	 38700000	 40250000	31
chr10	 41400000	 43250000	37
chr10	 42050000	 43350000	26
chr10	 44350000	 43650000	14
chr10	 44900000	 44400000	10
chr10	 45600000	 45200000	8
chr10	 48000000	 48500000	10
chr10	 48350000	 49250000	18
chr10	 49400000	 50400000	20
chr10	 49900000	 48900000	20
chr10	 51750000	 50600000	23
chr10	 51850000	 50450000	28
chr10	 54200000	 55650000	29
chr10	 54250000	 55250000	20
chr10	 55050000	 55750000	14
chr10	 55350000	 54100000	25
chr10	 57250000	 58450000	24
chr10	 57450000	 56600000	17
chr10	 60500000	 61550000	21
chr10	 62500000	 61450000	21
chr10	 62550000	 63550000	20
chr10	 63050000	 59950000	62
chr10	 65200000	 67250000	41
chr10	 65900000	 64100000	36
chr10	 66200000	 65350000	17
chr10	 71050000	 69600000	29
chr10	 72050000	 74500000	49
chr10	 72900000	 72550000	7
chr10	 73050000	 72550000	10
chr10	 75450000	 76050000	12
chr10	 76250000	 74850000	28
chr10	 78350000	 79150000	16
chr10	 79000000	 77350000	33
chr10	 79700000	 80700000	20
chr10	 80200000	 79150000	21
chr10	 80700000	 80100000	12
chr10	 81900000	 80550000	27
chr10	 82800000	 81150000	33
chr10	 83300000	 81900000	28
chr10	 85800000	 86350000	11
chr10	 89050000	 88350000	14
chr10	 90850000	 91300000	9
chr10	 93500000	 94200000	14
chr10	 96700000	 96050000	13
chr10	 98950000	 98000000	19
chr10	 99850000	100750000	18
chr10	101450000	101950000	10
chr10	101950000	100850000	22
chr10	102200000	103250000	21
chr10	104300000	105200000	18
chr10	106400000	105150000	25
chr10	108350000	108000000	7
chr10	110250000	109350000	18
chr10	111800000	110300000	30
chr10	112200000	111300000	18
chr10	114650000	115900000	25
chr10	114800000	115750000	19
chr10	115150000	116100000	19
chr10	117050000	116600000	9
chr10	117650000	118000000	7
chr10	118050000	116900000	23
chr10	118100000	119550000	29
chr10	118700000	118150000	11
chr10	119600000	121100000	30
chr10	120800000	122100000	26
chr10	121400000	121800000	8
chr10	123950000	124350000	8
chr10	125750000	123800000	39
chr10	126350000	125350000	20
chr10	126800000	127350000	11
chr10	128800000	129800000	20
chr11	  3550000	  2550000	20
chr11	  3650000	  4400000	15
chr11	  4050000	  4650000	12
chr11	  5050000	  4250000	16
chr11	 10200000	  8400000	36
chr11	 10400000	  9100000	26
chr11	 10550000	  9700000	17
chr11	 12000000	 10600000	28
chr11	 14200000	 15800000	32
chr11	 15850000	 16100000	5
chr11	 16000000	 14550000	29
chr11	 16100000	 18050000	39
chr11	 19500000	 18850000	13
chr11	 19900000	 21900000	40
chr11	 19950000	 21150000	24
chr11	 20700000	 20900000	4
chr11	 20800000	 20300000	10
chr11	 24450000	 22650000	36
chr11	 24600000	 22750000	37
chr11	 25050000	 25650000	12
chr11	 27950000	 30050000	42
chr11	 28300000	 26250000	41
chr11	 29100000	 28600000	10
chr11	 29750000	 30300000	11
chr11	 30750000	 29550000	24
chr11	 33700000	 34750000	21
chr11	 36100000	 36850000	15
chr11	 36950000	 35200000	35
chr11	 39850000	 41150000	26
chr11	 40050000	 39250000	16
chr11	 40350000	 41250000	18
chr11	 41050000	 42150000	22
chr11	 45400000	 44700000	14
chr11	 46550000	 45600000	19
chr11	 46950000	 46100000	17
chr11	 47750000	 46600000	23
chr11	 50050000	 51350000	26
chr11	 50950000	 49900000	21
chr11	 51850000	 51000000	17
chr11	 52200000	 50800000	28
chr11	 54100000	 54700000	12
chr11	 54850000	 55700000	17
chr11	 57200000	 56350000	17
chr11	 57800000	 56500000	26
chr11	 57800000	 57100000	14
chr11	 59100000	 58450000	13
chr11	 61100000	 62400000	26
chr11	 61500000	 61150000	7
chr11	 61900000	 59450000	49
chr11	 62000000	 62600000	12
chr11	 63450000	 61750000	34
chr11	 63650000	 62400000	25
chr11	 63700000	 63400000	6
chr11	 63850000	 63150000	14
chr11	 66600000	 66100000	10
chr11	 67350000	 65700000	33
chr11	 67800000	 66000000	36
chr11	 68350000	 66950000	28
chr11	 70500000	 71900000	28
chr11	 71750000	 72600000	17
chr11	 72500000	 71600000	18
chr11	 74850000	 76050000	24
chr11	 75300000	 74900000	8
chr11	 75350000	 76100000	15
chr11	 77500000	 75500000	40
chr11	 78050000	 76550000	30
chr11	 78450000	 79900000	29
chr11	 80250000	 79650000	12
chr11	 81650000	 83400000	35
chr11	 82750000	 85350000	52
chr11	 83350000	 84100000	15
chr11	 84150000	 84850000	14
chr11	 84250000	 81700000	51
chr11	 86350000	 85700000	13
chr11	 87200000	 86550000	13
chr11	 87650000	 86950000	14
chr11	 89400000	 92150000	55
chr11	 89800000	 90650000	17
chr11	 94250000	 95150000	18
chr11	 97100000	 96500000	12
chr11	 97550000	 98400000	17
chr11	 98650000	 97050000	32
chr11	 99750000	102050000	46
chr11	100550000	 99600000	19
chr11	100700000	101600000	18
chr11	102050000	103250000	24
chr11	102400000	103250000	17
chr11	103650000	104200000	11
chr11	105100000	106400000	26
chr11	105300000	105850000	11
chr11	105350000	103600000	35
chr11	106150000	103650000	50
chr11	107250000	107750000	10
chr11	109650000	111600000	39
chr11	111400000	110300000	22
chr11	113250000	112500000	15
chr11	114050000	112100000	39
chr11	115800000	116700000	18
chr11	115900000	114400000	30
chr11	119700000	118650000	21
chr11	119850000	121050000	24
chr11	120800000	122050000	25
chr12	  4500000	  3850000	13
chr12	  6750000	  7350000	12
chr12	  8450000	  7150000	26
chr12	  8800000	  7600000	24
chr12	  9000000	  9550000	11
chr12	 11600000	 10900000	14
chr12	 12000000	 10600000	28
chr12	 13450000	 14400000	19
chr12	 13550000	 15500000	39
chr12	 16050000	 16700000	13
chr12	 17050000	 17600000	11
chr12	 18600000	 17650000	19
chr12	 19100000	 15650000	69
chr12	 20850000	 17850000	60
chr12	 21350000	 21700000	7
chr12	 21900000	 20700000	24
chr12	 22100000	 22750000	13
chr12	 23600000	 22250000	27
chr12	 24400000	 23850000	11
chr12	 26100000	 25650000	9
chr12	 27600000	 26700000	18
chr12	 29000000	 29400000	8
chr12	 30050000	 29350000	14
chr12	 30650000	 31800000	23
chr12	 33300000	 32700000	12
chr12	 33400000	 34400000	20
chr12	 33500000	 33300000	4
chr12	 37800000	 40500000	54
chr12	 39850000	 38100000	35
chr12	 40050000	 38850000	24
chr12	 40600000	 41800000	24
chr12	 40900000	 40200000	14
chr12	 41500000	 42250000	15
chr12	 44000000	 45000000	20
chr12	 44450000	 45300000	17
chr12	 45900000	 46600000	14
chr12	 46150000	 45700000	9
chr12	 46400000	 44550000	37
chr12	 46850000	 45850000	20
chr12	 48400000	 50300000	38
chr12	 48700000	 49600000	18
chr12	 50600000	 49950000	13
chr12	 52600000	 51850000	15
chr12	 53650000	 50000000	73
chr12	 56150000	 57250000	22
chr12	 56650000	 56100000	11
chr12	 56650000	 57800000	23
chr12	 57550000	 56800000	15
chr12	 58300000	 57250000	21
chr12	 60550000	 59900000	13
chr12	 61900000	 63600000	34
chr12	 63450000	 64100000	13
chr12	 63600000	 62400000	24
chr12	 64650000	 67450000	56
chr12	 66300000	 68450000	43
chr12	 66650000	 67500000	17
chr12	 67650000	 67150000	10
chr12	 69050000	 70850000	36
chr12	 69300000	 71050000	35
chr12	 69600000	 72150000	51
chr12	 69700000	 70650000	19
chr12	 69700000	 71150000	29
chr12	 70550000	 71750000	24
chr12	 71950000	 73300000	27
chr12	 75400000	 74550000	17
chr12	 77000000	 77900000	18
chr12	 79550000	 80750000	24
chr12	 79950000	 81400000	29
chr12	 82600000	 85000000	48
chr12	 82750000	 81600000	23
chr12	 83000000	 83900000	18
chr12	 87350000	 84500000	57
chr12	 88100000	 89200000	22
chr12	 92050000	 90500000	31
chr12	 95850000	 94600000	25
chr12	 96500000	 97100000	12
chr12	 98000000	 97850000	3
chr12	 99700000	 98900000	16
chr12	100750000	101750000	20
chr12	101350000	100150000	24
chr12	101650000	100250000	28
chr12	101750000	102150000	8
chr12	102000000	100850000	23
chr12	102850000	101250000	32
chr12	103050000	103800000	15
chr12	103100000	104000000	18
chr12	103550000	102300000	25
chr12	104950000	103150000	36
chr12	105100000	105500000	8
chr12	105600000	106650000	21
chr12	107150000	105850000	26
chr12	107400000	106650000	15
chr12	107750000	109000000	25
chr12	108950000	108550000	8
chr12	109000000	110900000	38
chr12	110400000	109500000	18
chr12	110900000	107850000	61
chr12	111500000	110950000	11
chr12	117100000	115300000	36
chr12	117700000	115400000	46
chr12	119050000	118350000	14
chr12	119150000	117300000	37
chr13	  2950000	  2300000	13
chr13	  6150000	  6650000	10
chr13	  7550000	  8350000	16
chr13	  7950000	  8800000	17
chr13	 10600000	 11000000	8
chr13	 11450000	 13850000	48
chr13	 13100000	 12600000	10
chr13	 14250000	 15000000	15
chr13	 16050000	 14850000	24
chr13	 16150000	 17550000	28
chr13	 17800000	 16050000	35
chr13	 19450000	 17850000	32
chr13	 20050000	 18650000	28
chr13	 20950000	 18500000	49
chr13	 23100000	 22500000	12
chr13	 23550000	 21000000	51
chr13	 23900000	 25150000	25
chr13	 25800000	 27200000	28
chr13	 26150000	 27150000	20
chr13	 27650000	 26400000	25
chr13	 27750000	 24400000	67
chr13	 27800000	 26700000	22
chr13	 30350000	 31550000	24
chr13	 33250000	 34500000	25
chr13	 34550000	 35950000	28
chr13	 35050000	 36650000	32
chr13	 35650000	 34550000	22
chr13	 36450000	 37250000	16
chr13	 39300000	 38400000	18
chr13	 39550000	 40500000	19
chr13	 45350000	 46000000	13
chr13	 51750000	 51250000	10
chr13	 52250000	 54100000	37
chr13	 52550000	 51400000	23
chr13	 53550000	 54850000	26
chr13	 54300000	 55450000	23
chr13	 54850000	 53000000	37
chr13	 58250000	 59600000	27
chr13	 63300000	 61950000	27
chr13	 64200000	 66500000	46
chr13	 64400000	 65400000	20
chr13	 67900000	 68450000	11
chr13	 69500000	 70000000	10
chr13	 70050000	 67900000	43
chr13	 71300000	 70750000	11
chr13	 71350000	 72800000	29
chr13	 72250000	 72900000	13
chr13	 72500000	 73350000	17
chr13	 72900000	 71300000	32
chr13	 75700000	 75050000	13
chr13	 76750000	 78300000	31
chr13	 77550000	 78450000	18
chr13	 77950000	 77250000	14
chr13	 78550000	 76900000	33
chr13	 80050000	 79500000	11
chr13	 80150000	 80650000	10
chr13	 80350000	 81700000	27
chr13	 80800000	 82500000	34
chr13	 82400000	 80950000	29
chr13	 82650000	 81400000	25
chr13	 85700000	 84700000	20
chr13	 86000000	 85450000	11
chr13	 87050000	 85400000	33
chr13	 87550000	 84950000	52
chr13	 89100000	 90050000	19
chr13	 90250000	 91050000	16
chr13	 91900000	 92950000	21
chr13	 91950000	 91650000	6
chr13	 93150000	 92600000	11
chr13	 93300000	 94750000	29
chr13	 93900000	 92600000	26
chr13	 96500000	 96950000	9
chr13	 98700000	 98700000	0
chr13	 99350000	100000000	13
chr13	100550000	 99750000	16
chr13	100950000	 99600000	27
chr13	100950000	101300000	7
chr13	102050000	101750000	6
chr13	102950000	102600000	7
chr13	104400000	105750000	27
chr13	104750000	105600000	17
chr13	105800000	104350000	29
chr13	106000000	105600000	8
chr13	106350000	105750000	12
chr13	106850000	105550000	26
chr13	108550000	107300000	25
chr13	108700000	107200000	30
chr13	109250000	108250000	20
chr13	110200000	109300000	18
chr13	110450000	110000000	9
chr13	112300000	113450000	23
chr13	114350000	115450000	22
chr13	116350000	116650000	6
chr13	117200000	116350000	17
chr13	118550000	117200000	27
chr13	118950000	118450000	10
chr13	119100000	119550000	9
chr14	  1600000	   650000	19
chr14	  4900000	  5700000	16
chr14	  4950000	  3550000	28
chr14	  6250000	  5900000	7
chr14	  7300000	  9750000	49
chr14	  9300000	  9050000	5
chr14	  9600000	 11000000	28
chr14	 11150000	 10400000	15
chr14	 11550000	 10950000	12
chr14	 11900000	 12850000	19
chr14	 11950000	 11350000	12
chr14	 12350000	 12350000	0
chr14	 16300000	 15600000	14
chr14	 16900000	 15750000	23
chr14	 18500000	 19700000	24
chr14	 19800000	 21000000	24
chr14	 19850000	 18800000	21
chr14	 19850000	 21800000	39
chr14	 20050000	 20250000	4
chr14	 22350000	 23300000	19
chr14	 24750000	 23000000	35
chr14	 26400000	 28450000	41
chr14	 29500000	 31650000	43
chr14	 32000000	 32950000	19
chr14	 32850000	 32650000	4
chr14	 33950000	 35050000	22
chr14	 34600000	 34050000	11
chr14	 34800000	 34550000	5
chr14	 35450000	 34050000	28
chr14	 37700000	 36900000	16
chr14	 38050000	 39850000	36
chr14	 40650000	 41100000	9
chr14	 41250000	 40050000	24
chr14	 42050000	 39650000	48
chr14	 43000000	 40450000	51
chr14	 43050000	 42700000	7
chr14	 43550000	 42100000	29
chr14	 43600000	 42250000	27
chr14	 43600000	 44850000	25
chr14	 44150000	 43500000	13
chr14	 46150000	 44350000	36
chr14	 46400000	 46000000	8
chr14	 47000000	 46200000	16
chr14	 47050000	 47950000	18
chr14	 49350000	 46650000	54
chr14	 51550000	 52850000	26
chr14	 51600000	 51250000	7
chr14	 51700000	 50300000	28
chr14	 54400000	 53850000	11
chr14	 54950000	 53950000	20
chr14	 55700000	 54750000	19
chr14	 56250000	 57150000	18
chr14	 58500000	 59700000	24
chr14	 58800000	 59800000	20
chr14	 60050000	 58650000	28
chr14	 60600000	 63850000	65
chr14	 61600000	 60850000	15
chr14	 66350000	 67200000	17
chr14	 68150000	 69000000	17
chr14	 69950000	 71600000	33
chr14	 70100000	 69500000	12
chr14	 72100000	 71550000	11
chr14	 72150000	 72750000	12
chr14	 72550000	 73700000	23
chr14	 72700000	 73300000	12
chr14	 73450000	 74000000	11
chr14	 73800000	 74750000	19
chr14	 76400000	 77250000	17
chr14	 77200000	 75750000	29
chr14	 78450000	 76900000	31
chr14	 78950000	 80400000	29
chr14	 79200000	 79700000	10
chr14	 80650000	 81950000	26
chr14	 81250000	 80750000	10
chr14	 81400000	 78400000	60
chr14	 81650000	 83050000	28
chr14	 82250000	 80700000	31
chr14	 89100000	 90800000	34
chr14	 91550000	 91100000	9
chr14	 94500000	 92850000	33
chr14	 95950000	 95350000	12
chr14	 96000000	 96950000	19
chr14	 96250000	 97150000	18
chr14	 96400000	 95100000	26
chr14	 96900000	 95500000	28
chr14	 97200000	 98500000	26
chr14	 98450000	 97050000	28
chr14	 98700000	100300000	32
chr14	100200000	 99800000	8
chr14	100350000	 98800000	31
chr14	100450000	 99650000	16
chr14	102400000	102950000	11
chr14	105800000	104750000	21
chr14	107150000	105850000	26
chr14	109900000	111250000	27
chr14	109950000	111750000	36
chr14	112350000	111350000	20
chr14	116150000	114450000	34
chr14	118200000	117850000	7
chr14	123400000	124450000	21
chr14	124350000	123950000	8
chr15	  1150000	  2800000	33
chr15	  2100000	  3800000	34
chr15	  3400000	  4150000	15
chr15	  3450000	  4950000	30
chr15	  4500000	  3950000	11
chr15	  5700000	  6500000	16
chr15	  7450000	  6100000	27
chr15	  9450000	 11350000	38
chr15	 11050000	 10250000	16
chr15	 12000000	 12900000	18
chr15	 12250000	 13000000	15
chr15	 16500000	 16050000	9
chr15	 17300000	 17050000	5
chr15	 23100000	 23750000	13
chr15	 23650000	 24500000	17
chr15	 23700000	 22700000	20
chr15	 24200000	 23400000	16
chr15	 24250000	 24550000	6
chr15	 25000000	 26350000	27
chr15	 25300000	 25950000	13
chr15	 25700000	 27150000	29
chr15	 26100000	 26950000	17
chr15	 28700000	 27500000	24
chr15	 29900000	 30600000	14
chr15	 30600000	 31300000	14
chr15	 30900000	 30000000	18
chr15	 31000000	 31450000	9
chr15	 31350000	 32050000	14
chr15	 31450000	 32500000	21
chr15	 32050000	 32850000	16
chr15	 33100000	 33600000	10
chr15	 33500000	 31400000	42
chr15	 34650000	 35700000	21
chr15	 37900000	 39000000	22
chr15	 37950000	 35700000	45
chr15	 41950000	 42700000	15
chr15	 42100000	 42800000	14
chr15	 43050000	 44950000	38
chr15	 46350000	 47000000	13
chr15	 47100000	 48100000	20
chr15	 48950000	 47050000	38
chr15	 56150000	 56950000	16
chr15	 56300000	 54900000	28
chr15	 56700000	 55700000	20
chr15	 58200000	 56450000	35
chr15	 61550000	 61950000	8
chr15	 62700000	 62300000	8
chr15	 65000000	 64300000	14
chr15	 65500000	 63850000	33
chr15	 65800000	 66850000	21
chr15	 67250000	 66500000	15
chr15	 73100000	 73600000	10
chr15	 75750000	 74100000	33
chr15	 78250000	 77350000	18
chr15	 78550000	 77050000	30
chr15	 79450000	 79950000	10
chr15	 80900000	 81750000	17
chr15	 81600000	 81100000	10
chr15	 83750000	 82350000	28
chr15	 88500000	 87950000	11
chr15	 90250000	 91350000	22
chr15	 93350000	 94800000	29
chr15	 94050000	 95550000	30
chr15	 94550000	 95500000	19
chr15	 95600000	 95800000	4
chr15	 99700000	101100000	28
chr15	100800000	101550000	15
chr15	102050000	101450000	12
chr15	102750000	101350000	28
chr15	103050000	103650000	12
chr16	  1000000	  2250000	25
chr16	  1150000	   350000	16
chr16	  1700000	   400000	26
chr16	  2300000	   150000	43
chr16	  2650000	  4900000	45
chr16	  4050000	  3000000	21
chr16	  4200000	  3750000	9
chr16	  5500000	  5200000	6
chr16	  5800000	  3600000	44
chr16	  6050000	  7900000	37
chr16	  8250000	  7200000	21
chr16	  8400000	  9750000	27
chr16	  8650000	  8650000	0
chr16	  8700000	 10300000	32
chr16	  9050000	  7550000	30
chr16	  9900000	  8150000	35
chr16	 10950000	 13500000	51
chr16	 11750000	 12600000	17
chr16	 12050000	  9950000	42
chr16	 12100000	 12800000	14
chr16	 12100000	 13200000	22
chr16	 12850000	 11900000	19
chr16	 14000000	 15050000	21
chr16	 14250000	 14650000	8
chr16	 15050000	 14050000	20
chr16	 16250000	 17300000	21
chr16	 17250000	 17950000	14
chr16	 18850000	 17700000	23
chr16	 21900000	 20200000	34
chr16	 23550000	 24650000	22
chr16	 25550000	 26050000	10
chr16	 25750000	 22550000	64
chr16	 25750000	 25050000	14
chr16	 27600000	 28850000	25
chr16	 27650000	 22800000	97
chr16	 31400000	 32150000	15
chr16	 32200000	 33900000	34
chr16	 33550000	 32700000	17
chr16	 33900000	 32950000	19
chr16	 35000000	 34550000	9
chr16	 36600000	 37400000	16
chr16	 37150000	 36600000	11
chr16	 37500000	 39000000	30
chr16	 39750000	 41100000	27
chr16	 41200000	 39900000	26
chr16	 41350000	 42400000	21
chr16	 41550000	 42600000	21
chr16	 43050000	 41200000	37
chr16	 43750000	 43150000	12
chr16	 44950000	 45800000	17
chr16	 48350000	 49150000	16
chr16	 48550000	 47250000	26
chr16	 48850000	 49500000	13
chr16	 50350000	 48900000	29
chr16	 50750000	 51250000	10
chr16	 51250000	 50300000	19
chr16	 53800000	 52450000	27
chr16	 58250000	 59600000	27
chr16	 60500000	 59100000	28
chr16	 61900000	 60800000	22
chr16	 62800000	 64200000	28
chr16	 63650000	 64450000	16
chr16	 65250000	 66600000	27
chr16	 65700000	 64950000	15
chr16	 65950000	 66850000	18
chr16	 69650000	 69850000	4
chr16	 71550000	 70600000	19
chr16	 72150000	 72800000	13
chr16	 73450000	 75000000	31
chr16	 73700000	 73400000	6
chr16	 73750000	 74550000	16
chr16	 73850000	 74700000	17
chr16	 76250000	 79050000	56
chr16	 83250000	 83800000	11
chr16	 83550000	 83050000	10
chr16	 84300000	 83000000	26
chr16	 87650000	 86700000	19
chr16	 88500000	 87900000	12
chr16	 89150000	 88500000	13
chr16	 90050000	 91550000	30
chr16	 90150000	 89400000	15
chr16	 94400000	 96400000	40
chr16	 94600000	 91950000	53
chr16	 96050000	 97350000	26
chr16	 98100000	 97000000	22
chr17	  1400000	  2450000	21
chr17	  4350000	  3600000	15
chr17	  5500000	  4900000	12
chr17	  7400000	  6500000	18
chr17	  8600000	 10000000	28
chr17	 11650000	 10500000	23
chr17	 12250000	 15200000	59
chr17	 12350000	 14200000	37
chr17	 12550000	 16350000	76
chr17	 13050000	 13450000	8
chr17	 13850000	 12300000	31
chr17	 20650000	 19950000	14
chr17	 24900000	 24250000	13
chr17	 25300000	 26350000	21
chr17	 26650000	 24650000	40
chr17	 30450000	 29300000	23
chr17	 31550000	 30850000	14
chr17	 31950000	 31200000	15
chr17	 31950000	 32750000	16
chr17	 34000000	 36750000	55
chr17	 34950000	 34100000	17
chr17	 35500000	 34600000	18
chr17	 37750000	 38650000	18
chr17	 41200000	 40550000	13
chr17	 42400000	 40550000	37
chr17	 42650000	 43550000	18
chr17	 44100000	 45250000	23
chr17	 44850000	 43950000	18
chr17	 45400000	 43550000	37
chr17	 45850000	 48150000	46
chr17	 47500000	 49150000	33
chr17	 49000000	 47250000	35
chr17	 50450000	 50850000	8
chr17	 50950000	 52250000	26
chr17	 51250000	 50300000	19
chr17	 52600000	 51150000	29
chr17	 53600000	 55250000	33
chr17	 55250000	 54600000	13
chr17	 56400000	 56850000	9
chr17	 57650000	 58600000	19
chr17	 57950000	 58400000	9
chr17	 58100000	 58850000	15
chr17	 58850000	 60000000	23
chr17	 64900000	 65650000	15
chr17	 69050000	 67400000	33
chr17	 71100000	 72000000	18
chr17	 72700000	 72250000	9
chr17	 73500000	 75250000	35
chr17	 74250000	 73600000	13
chr17	 77650000	 79950000	46
chr17	 78750000	 79500000	15
chr17	 79250000	 80350000	22
chr17	 79850000	 78650000	24
chr17	 79850000	 79000000	17
chr17	 81750000	 82850000	22
chr17	 81900000	 80850000	21
chr17	 83350000	 82450000	18
chr17	 84200000	 82350000	37
chr17	 85150000	 86100000	19
chr17	 89350000	 88700000	13
chr17	 92500000	 91400000	22
chr18	   150000	   900000	15
chr18	   550000	  1150000	12
chr18	  2500000	  2750000	5
chr18	  2750000	  2200000	11
chr18	  4450000	  2100000	47
chr18	  6450000	  5550000	18
chr18	  9950000	 11700000	35
chr18	 11450000	 10650000	16
chr18	 11750000	 12900000	23
chr18	 12100000	 10100000	40
chr18	 12900000	 14700000	36
chr18	 15100000	 13750000	27
chr18	 19450000	 20200000	15
chr18	 19500000	 19500000	0
chr18	 21000000	 21750000	15
chr18	 26350000	 23800000	51
chr18	 27850000	 25000000	57
chr18	 29950000	 29600000	7
chr18	 30600000	 31250000	13
chr18	 33100000	 34100000	20
chr18	 33150000	 34450000	26
chr18	 36150000	 36850000	14
chr18	 36500000	 37550000	21
chr18	 38300000	 37000000	26
chr18	 38950000	 39700000	15
chr18	 41750000	 40850000	18
chr18	 41850000	 41250000	12
chr18	 42700000	 43650000	19
chr18	 46150000	 44100000	41
chr18	 46550000	 47400000	17
chr18	 47200000	 46700000	10
chr18	 48850000	 50300000	29
chr18	 50950000	 52800000	37
chr18	 51350000	 52500000	23
chr18	 51750000	 51050000	14
chr18	 53050000	 54300000	25
chr18	 53700000	 52150000	31
chr18	 54650000	 57100000	49
chr18	 54700000	 56250000	31
chr18	 55500000	 54750000	15
chr18	 56800000	 57650000	17
chr18	 58000000	 58800000	16
chr18	 62150000	 61400000	15
chr18	 62500000	 62900000	8
chr18	 62900000	 60200000	54
chr18	 64650000	 66000000	27
chr18	 65000000	 66350000	27
chr18	 65150000	 64350000	16
chr18	 70000000	 71100000	22
chr18	 70450000	 68850000	32
chr18	 70650000	 71200000	11
chr18	 70700000	 70350000	7
chr18	 72300000	 71850000	9
chr18	 75400000	 77400000	40
chr18	 75500000	 76200000	14
chr18	 77050000	 76050000	20
chr18	 77250000	 78100000	17
chr18	 78100000	 77200000	18
chr18	 79250000	 76900000	47
chr18	 79300000	 80100000	16
chr18	 79950000	 81150000	24
chr18	 82450000	 83300000	17
chr18	 84400000	 84950000	11
chr18	 85900000	 85050000	17
chr18	 85900000	 85900000	0
chr18	 89450000	 89900000	9
chr18	 90100000	 89200000	18
chr19	  3250000	  3900000	13
chr19	  3800000	  1850000	39
chr19	  4400000	  3650000	15
chr19	  5250000	  6750000	30
chr19	  6450000	  5900000	11
chr19	  6700000	  5300000	28
chr19	  9150000	  6100000	61
chr19	 10600000	  8400000	44
chr19	 10900000	  9900000	20
chr19	 13050000	 14050000	20
chr19	 17500000	 19950000	49
chr19	 19650000	 17900000	35
chr19	 19900000	 14950000	99
chr19	 19950000	 18450000	30
chr19	 20750000	 20350000	8
chr19	 22150000	 23500000	27
chr19	 22650000	 22000000	13
chr19	 23800000	 24950000	23
chr19	 23850000	 23400000	9
chr19	 26600000	 24800000	36
chr19	 27800000	 28600000	16
chr19	 28750000	 29300000	11
chr19	 28850000	 27750000	22
chr19	 29250000	 28600000	13
chr19	 29850000	 31450000	32
chr19	 32750000	 33550000	16
chr19	 33300000	 35000000	34
chr19	 33950000	 33500000	9
chr19	 34300000	 32750000	31
chr19	 34400000	 33350000	21
chr19	 36150000	 37900000	35
chr19	 36750000	 37050000	6
chr19	 38400000	 39400000	20
chr19	 40150000	 39800000	7
chr19	 43100000	 41100000	40
chr19	 48100000	 47400000	14
chr19	 48550000	 49500000	19
chr19	 48600000	 47600000	20
chr19	 49600000	 49600000	0
chr19	 51300000	 53350000	41
chr19	 53700000	 53200000	10
chr19	 59800000	 59800000	0
chr2	   500000	   800000	6
chr2	  3750000	  2000000	35
chr2	  3800000	  4350000	11
chr2	  5450000	  6900000	29
chr2	  7450000	  6000000	29
chr2	  8050000	  6900000	23
chr2	  9550000	  8400000	23
chr2	 13250000	 14100000	17
chr2	 15300000	 16250000	19
chr2	 16200000	 14750000	29
chr2	 21450000	 19450000	40
chr2	 21900000	 22800000	18
chr2	 23050000	 22550000	10
chr2	 26500000	 28600000	42
chr2	 26550000	 28800000	45
chr2	 26850000	 25450000	28
chr2	 27100000	 28200000	22
chr2	 30050000	 30850000	16
chr2	 35550000	 34400000	23
chr2	 35550000	 35900000	7
chr2	 36000000	 37650000	33
chr2	 37850000	 36750000	22
chr2	 40100000	 41000000	18
chr2	 41800000	 42700000	18
chr2	 42050000	 42750000	14
chr2	 43450000	 45850000	48
chr2	 44100000	 45350000	25
chr2	 45550000	 44700000	17
chr2	 46800000	 47100000	6
chr2	 47050000	 45850000	24
chr2	 47250000	 48550000	26
chr2	 47350000	 48400000	21
chr2	 48900000	 46450000	49
chr2	 48900000	 49150000	5
chr2	 49700000	 47100000	52
chr2	 51450000	 49350000	42
chr2	 53450000	 54500000	21
chr2	 54000000	 53350000	13
chr2	 54550000	 53900000	13
chr2	 56850000	 59250000	48
chr2	 56900000	 55950000	19
chr2	 57100000	 56250000	17
chr2	 57800000	 57800000	0
chr2	 59050000	 58550000	10
chr2	 60000000	 60900000	18
chr2	 60300000	 59600000	14
chr2	 62900000	 64250000	27
chr2	 63900000	 63150000	15
chr2	 66450000	 65350000	22
chr2	 69100000	 70450000	27
chr2	 69450000	 70750000	26
chr2	 69750000	 70100000	7
chr2	 69800000	 71100000	26
chr2	 69950000	 68350000	32
chr2	 72450000	 74100000	33
chr2	 72900000	 73950000	21
chr2	 73100000	 73100000	0
chr2	 73600000	 74200000	12
chr2	 76750000	 77300000	11
chr2	 78900000	 78100000	16
chr2	 80350000	 79300000	21
chr2	 81500000	 79700000	36
chr2	 82100000	 81550000	11
chr2	 83000000	 84700000	34
chr2	 84300000	 83500000	16
chr2	 86300000	 86900000	12
chr2	 86500000	 85000000	30
chr2	 87050000	 89250000	44
chr2	 87750000	 88600000	17
chr2	 88050000	 87600000	9
chr2	 88550000	 89050000	10
chr2	 89150000	 90150000	20
chr2	 89600000	 88100000	30
chr2	 89950000	 88950000	20
chr2	 90100000	 90350000	5
chr2	 91800000	 92350000	11
chr2	 92250000	 94850000	52
chr2	 92550000	 93150000	12
chr2	 92950000	 91800000	23
chr2	 93850000	 92950000	18
chr2	 96300000	 96700000	8
chr2	 97650000	 99450000	36
chr2	 98250000	 96950000	26
chr2	101500000	101900000	8
chr2	101950000	101300000	13
chr2	108150000	108750000	12
chr2	108400000	108850000	9
chr2	111450000	112400000	19
chr2	114800000	115750000	19
chr2	118150000	118950000	16
chr2	118550000	119250000	14
chr2	122500000	123300000	16
chr2	123000000	120750000	45
chr2	123450000	122650000	16
chr2	125300000	124850000	9
chr2	125650000	124750000	18
chr2	126550000	127500000	19
chr2	127500000	129200000	34
chr2	128250000	127400000	17
chr2	131000000	129900000	22
chr2	133550000	133050000	10
chr2	135600000	136950000	27
chr2	135850000	133350000	50
chr2	136850000	137800000	19
chr2	137650000	136550000	22
chr2	137850000	137350000	10
chr2	138450000	137250000	24
chr2	140600000	141800000	24
chr2	141700000	143950000	45
chr2	143200000	142100000	22
chr2	146300000	148250000	39
chr2	146600000	146000000	12
chr2	147150000	146150000	20
chr2	147300000	148450000	23
chr2	147700000	149300000	32
chr2	149200000	150950000	35
chr2	149700000	150650000	19
chr2	151750000	152650000	18
chr2	154300000	152600000	34
chr2	155100000	155550000	9
chr2	156100000	157050000	19
chr2	156350000	154600000	35
chr2	156350000	155600000	15
chr2	158500000	159800000	26
chr2	159900000	159250000	13
chr2	162250000	160950000	26
chr2	163350000	162350000	20
chr2	164750000	164600000	3
chr2	165550000	166600000	21
chr2	166950000	167900000	19
chr2	171900000	172900000	20
chr2	172000000	171500000	10
chr2	172050000	170200000	37
chr2	173100000	172350000	15
chr2	173150000	174350000	24
chr2	177250000	178050000	16
chr2	178100000	177150000	19
chr2	179950000	180350000	8
chr3	  2100000	  2850000	15
chr3	  2650000	  4600000	39
chr3	  3450000	  2650000	16
chr3	  9500000	 11050000	31
chr3	  9900000	  9450000	9
chr3	 12050000	 11450000	12
chr3	 12550000	 11900000	13
chr3	 12700000	 11700000	20
chr3	 13150000	 14250000	22
chr3	 14900000	 13750000	23
chr3	 15200000	 16050000	17
chr3	 15400000	 13300000	42
chr3	 15550000	 13850000	34
chr3	 16700000	 14600000	42
chr3	 19250000	 19950000	14
chr3	 21550000	 20600000	19
chr3	 22300000	 21450000	17
chr3	 25200000	 25800000	12
chr3	 25850000	 26400000	11
chr3	 25950000	 25350000	12
chr3	 28700000	 29950000	25
chr3	 28850000	 30350000	30
chr3	 31900000	 30750000	23
chr3	 34300000	 33800000	10
chr3	 34350000	 33400000	19
chr3	 36750000	 35600000	23
chr3	 37350000	 37600000	5
chr3	 41000000	 42000000	20
chr3	 41100000	 39600000	30
chr3	 42000000	 40950000	21
chr3	 42150000	 40400000	35
chr3	 42150000	 42650000	10
chr3	 42300000	 43900000	32
chr3	 44100000	 45200000	22
chr3	 45150000	 43900000	25
chr3	 46500000	 48100000	32
chr3	 47150000	 46600000	11
chr3	 47350000	 48400000	21
chr3	 47550000	 49200000	33
chr3	 48550000	 48150000	8
chr3	 48600000	 46900000	34
chr3	 48850000	 50100000	25
chr3	 51950000	 50050000	38
chr3	 52050000	 54850000	56
chr3	 53650000	 52100000	31
chr3	 54800000	 55250000	9
chr3	 56150000	 54850000	26
chr3	 57000000	 54100000	58
chr3	 57950000	 58400000	9
chr3	 58000000	 59750000	35
chr3	 58800000	 57800000	20
chr3	 60900000	 61650000	15
chr3	 64250000	 65450000	24
chr3	 64500000	 63200000	26
chr3	 64500000	 65950000	29
chr3	 65150000	 64800000	7
chr3	 66300000	 66850000	11
chr3	 68850000	 67950000	18
chr3	 69350000	 68350000	20
chr3	 70900000	 72900000	40
chr3	 71650000	 72450000	16
chr3	 72800000	 70900000	38
chr3	 78050000	 77450000	12
chr3	 78400000	 77700000	14
chr3	 80850000	 82350000	30
chr3	 81000000	 79300000	34
chr3	 81750000	 82550000	16
chr3	 82400000	 81450000	19
chr3	 85000000	 85500000	10
chr3	 85300000	 84250000	21
chr3	 85500000	 85750000	5
chr3	 91700000	 89450000	45
chr3	 92550000	 93550000	20
chr3	 92900000	 93850000	19
chr3	 96400000	 97250000	17
chr3	 97250000	 96400000	17
chr3	 98450000	 98550000	2
chr3	 99300000	 98100000	24
chr3	 99600000	 98900000	14
chr3	100000000	101350000	27
chr3	101400000	103150000	35
chr3	101650000	102700000	21
chr3	103250000	104500000	25
chr3	103850000	105550000	34
chr3	104100000	104650000	11
chr3	107300000	106750000	11
chr3	108350000	109000000	13
chr3	109500000	108950000	11
chr3	109600000	108350000	25
chr3	109650000	109250000	8
chr3	110200000	111200000	20
chr3	110250000	110050000	4
chr3	110350000	110050000	6
chr3	112400000	114400000	40
chr3	118750000	118000000	15
chr3	120150000	119500000	13
chr3	121800000	122600000	16
chr3	124900000	126550000	33
chr3	125050000	124500000	11
chr3	126050000	123900000	43
chr3	127900000	126650000	25
chr3	129450000	128350000	22
chr3	129850000	127400000	49
chr3	130050000	129200000	17
chr3	131100000	131900000	16
chr3	133200000	134600000	28
chr3	133550000	132000000	31
chr3	140750000	142050000	26
chr3	141500000	142100000	12
chr3	141700000	142650000	19
chr3	143450000	144300000	17
chr3	144150000	145250000	22
chr3	144550000	146350000	36
chr3	148350000	147300000	21
chr3	148850000	147750000	22
chr3	149200000	150200000	20
chr3	149750000	148750000	20
chr3	150200000	151300000	22
chr3	151050000	149150000	38
chr3	152900000	154050000	23
chr3	153800000	152950000	17
chr3	154150000	155400000	25
chr3	155100000	154600000	10
chr3	156750000	155200000	31
chr4	  1200000	  3400000	44
chr4	  1400000	  2400000	20
chr4	  3000000	  3650000	13
chr4	  5600000	  6250000	13
chr4	  6000000	  8400000	48
chr4	  7850000	  6650000	24
chr4	 12450000	 13450000	20
chr4	 12750000	 13650000	18
chr4	 14200000	 13850000	7
chr4	 15750000	 16800000	21
chr4	 15800000	 16950000	23
chr4	 16850000	 16250000	12
chr4	 17000000	 17900000	18
chr4	 18000000	 18600000	12
chr4	 18450000	 17050000	28
chr4	 18650000	 20350000	34
chr4	 18950000	 18950000	0
chr4	 19200000	 17750000	29
chr4	 20050000	 20150000	2
chr4	 20300000	 19250000	21
chr4	 22150000	 21300000	17
chr4	 22250000	 20150000	42
chr4	 24550000	 25300000	15
chr4	 25300000	 26450000	23
chr4	 29450000	 30250000	16
chr4	 30400000	 29400000	20
chr4	 30550000	 29500000	21
chr4	 33000000	 32500000	10
chr4	 33600000	 31900000	34
chr4	 34200000	 35150000	19
chr4	 34600000	 35650000	21
chr4	 37400000	 35900000	30
chr4	 40250000	 38950000	26
chr4	 41200000	 43350000	43
chr4	 41700000	 42750000	21
chr4	 41850000	 43200000	27
chr4	 42350000	 41500000	17
chr4	 42600000	 43800000	24
chr4	 42650000	 42150000	10
chr4	 43750000	 45200000	29
chr4	 44350000	 40400000	79
chr4	 44550000	 43700000	17
chr4	 44800000	 45350000	11
chr4	 49950000	 48950000	20
chr4	 52900000	 51800000	22
chr4	 54300000	 53150000	23
chr4	 54650000	 53850000	16
chr4	 57550000	 57250000	6
chr4	 57950000	 59200000	25
chr4	 60800000	 58750000	41
chr4	 60850000	 60100000	15
chr4	 61000000	 59450000	31
chr4	 61800000	 62900000	22
chr4	 64150000	 61400000	55
chr4	 64300000	 66550000	45
chr4	 64600000	 62500000	42
chr4	 64600000	 66500000	38
chr4	 65000000	 63800000	24
chr4	 65350000	 64300000	21
chr4	 65500000	 66000000	10
chr4	 71300000	 71450000	3
chr4	 72900000	 71650000	25
chr4	 76250000	 73600000	53
chr4	 80250000	 82750000	50
chr4	 83200000	 83600000	8
chr4	 84350000	 85500000	23
chr4	 85300000	 83950000	27
chr4	 85500000	 84400000	22
chr4	 86700000	 85100000	32
chr4	 88500000	 86500000	40
chr4	 88900000	 88000000	18
chr4	 91100000	 89900000	24
chr4	 91450000	 89900000	31
chr4	 92600000	 93000000	8
chr4	 92650000	 91550000	22
chr4	 93150000	 94650000	30
chr4	 93300000	 94100000	16
chr4	 93950000	 95000000	21
chr4	 94650000	 93300000	27
chr4	 97500000	 98600000	22
chr4	100100000	 98000000	42
chr4	100400000	101250000	17
chr4	104300000	105700000	28
chr4	104500000	105000000	10
chr4	105550000	106950000	28
chr4	106400000	106750000	7
chr4	106800000	105500000	26
chr4	107700000	107050000	13
chr4	109300000	110100000	16
chr4	110250000	109400000	17
chr4	111300000	110600000	14
chr4	113850000	115000000	23
chr4	115800000	114950000	17
chr4	116300000	115150000	23
chr4	116650000	114900000	35
chr4	119000000	119750000	15
chr4	120350000	120650000	6
chr4	122250000	119300000	59
chr4	122250000	123000000	15
chr4	122400000	123350000	19
chr4	122650000	119750000	58
chr4	126100000	127250000	23
chr4	127400000	126750000	13
chr4	127450000	127750000	6
chr4	128550000	129750000	24
chr4	129550000	131050000	30
chr4	131700000	130000000	34
chr4	133000000	131500000	30
chr4	133950000	134550000	12
chr4	134400000	136400000	40
chr4	134900000	134300000	12
chr4	136150000	134750000	28
chr4	137700000	137850000	3
chr4	139950000	140500000	11
chr4	142450000	142000000	9
chr4	143350000	145000000	33
chr4	144900000	144000000	18
chr4	145150000	144450000	14
chr4	145200000	144200000	20
chr4	150450000	150250000	4
chr4	153050000	151850000	24
chr4	153550000	151550000	40
chr4	154650000	156000000	27
chr4	155900000	154350000	31
chr4	156100000	155350000	15
chr4	156500000	154650000	37
chr5	   450000	  2250000	36
chr5	   700000	  1850000	23
chr5	  2200000	  2850000	13
chr5	  5000000	  2600000	48
chr5	  7450000	  6500000	19
chr5	  7750000	  9700000	39
chr5	  9200000	  8050000	23
chr5	 10350000	  8050000	46
chr5	 12900000	 14200000	26
chr5	 13700000	 14400000	14
chr5	 16250000	 16950000	14
chr5	 18250000	 16750000	30
chr5	 18300000	 19750000	29
chr5	 19750000	 20500000	15
chr5	 22300000	 20350000	39
chr5	 22400000	 21150000	25
chr5	 22850000	 21800000	21
chr5	 25100000	 24100000	20
chr5	 25450000	 27550000	42
chr5	 26000000	 26850000	17
chr5	 26350000	 27350000	20
chr5	 27400000	 30500000	62
chr5	 27750000	 28900000	23
chr5	 29100000	 26900000	44
chr5	 33000000	 31250000	35
chr5	 35450000	 35850000	8
chr5	 35750000	 36250000	10
chr5	 36200000	 37950000	35
chr5	 36450000	 35300000	23
chr5	 36550000	 37950000	28
chr5	 38400000	 37500000	18
chr5	 39300000	 40300000	20
chr5	 39400000	 38350000	21
chr5	 43050000	 42250000	16
chr5	 44000000	 41950000	41
chr5	 45550000	 46400000	17
chr5	 45750000	 46300000	11
chr5	 48050000	 47400000	13
chr5	 49700000	 51350000	33
chr5	 52450000	 51500000	19
chr5	 52850000	 54200000	27
chr5	 53900000	 53450000	9
chr5	 54000000	 53500000	10
chr5	 55100000	 55850000	15
chr5	 56300000	 56950000	13
chr5	 57650000	 56200000	29
chr5	 58350000	 57550000	16
chr5	 59350000	 58750000	12
chr5	 59800000	 60300000	10
chr5	 61250000	 60800000	9
chr5	 61700000	 62450000	15
chr5	 61800000	 60950000	17
chr5	 62850000	 64650000	36
chr5	 63050000	 63350000	6
chr5	 63500000	 64400000	18
chr5	 64250000	 63450000	16
chr5	 64500000	 63850000	13
chr5	 68200000	 67750000	9
chr5	 68450000	 69750000	26
chr5	 69250000	 70300000	21
chr5	 71550000	 72900000	27
chr5	 71900000	 73500000	32
chr5	 73000000	 74600000	32
chr5	 73100000	 74050000	19
chr5	 73800000	 74350000	11
chr5	 73950000	 76450000	50
chr5	 75250000	 74400000	17
chr5	 75400000	 73750000	33
chr5	 76750000	 75750000	20
chr5	 77700000	 80850000	63
chr5	 79000000	 79550000	11
chr5	 79050000	 78300000	15
chr5	 79400000	 79900000	10
chr5	 81100000	 79800000	26
chr5	 82100000	 80700000	28
chr5	 82500000	 83350000	17
chr5	 82600000	 84600000	40
chr5	 83500000	 83250000	5
chr5	 83550000	 83300000	5
chr5	 84500000	 85650000	23
chr5	 85250000	 84200000	21
chr5	 85400000	 86450000	21
chr5	 87850000	 88150000	6
chr5	 92050000	 91450000	12
chr5	 93850000	 94500000	13
chr5	 93900000	 91700000	44
chr5	 95100000	 96500000	28
chr5	 95600000	 96450000	17
chr5	 98250000	 97650000	12
chr5	 98550000	 99300000	15
chr5	 99700000	101200000	30
chr5	101500000	101000000	10
chr5	101600000	 99600000	40
chr5	101900000	102600000	14
chr5	102250000	101550000	14
chr5	106100000	104500000	32
chr5	110250000	112100000	37
chr5	110800000	110250000	11
chr5	111750000	111150000	12
chr5	115200000	113500000	34
chr5	117150000	118500000	27
chr5	120000000	119400000	12
chr5	121150000	119350000	36
chr5	122300000	123150000	17
chr5	123150000	124450000	26
chr5	124900000	123300000	32
chr5	125600000	126600000	20
chr5	126200000	126450000	5
chr5	129550000	128300000	25
chr5	130950000	133000000	41
chr5	131300000	130300000	20
chr5	133500000	134250000	15
chr5	134050000	134500000	9
chr5	136800000	136350000	9
chr5	136850000	133600000	65
chr5	136900000	135250000	33
chr5	138400000	137600000	16
chr5	139750000	138950000	16
chr5	141550000	140350000	24
chr5	142700000	140350000	47
chr5	145700000	145250000	9
chr5	145900000	147200000	26
chr5	147300000	148850000	31
chr5	147450000	146400000	21
chr5	148900000	147700000	24
chr5	149400000	149900000	10
chr6	   450000	  1300000	17
chr6	  2100000	  3000000	18
chr6	  2150000	   950000	24
chr6	  6100000	  9050000	59
chr6	  7300000	  7000000	6
chr6	  7400000	  5550000	37
chr6	  9250000	  8650000	12
chr6	  9350000	  8200000	23
chr6	 10950000	 11750000	16
chr6	 11150000	 11850000	14
chr6	 12050000	 11200000	17
chr6	 12200000	 13200000	20
chr6	 13100000	 13900000	16
chr6	 14450000	 15950000	30
chr6	 17800000	 16900000	18
chr6	 19300000	 19900000	12
chr6	 21250000	 23400000	43
chr6	 22350000	 21400000	19
chr6	 23450000	 22850000	12
chr6	 23600000	 25500000	38
chr6	 24600000	 24250000	7
chr6	 25050000	 26550000	30
chr6	 27650000	 25400000	45
chr6	 27800000	 29250000	29
chr6	 28600000	 30250000	33
chr6	 29650000	 30900000	25
chr6	 31150000	 29500000	33
chr6	 31150000	 29600000	31
chr6	 35950000	 34550000	28
chr6	 36900000	 38100000	24
chr6	 40950000	 42000000	21
chr6	 41200000	 42750000	31
chr6	 42950000	 44000000	21
chr6	 43250000	 41450000	36
chr6	 44550000	 42950000	32
chr6	 44950000	 43850000	22
chr6	 46250000	 43350000	58
chr6	 47100000	 46050000	21
chr6	 48800000	 47050000	35
chr6	 49800000	 52500000	54
chr6	 50850000	 52800000	39
chr6	 51300000	 51850000	11
chr6	 52800000	 52300000	10
chr6	 53350000	 51850000	30
chr6	 57200000	 57550000	7
chr6	 57450000	 55300000	43
chr6	 57750000	 58700000	19
chr6	 57850000	 58750000	18
chr6	 60950000	 61750000	16
chr6	 64950000	 66300000	27
chr6	 66350000	 64500000	37
chr6	 67300000	 68200000	18
chr6	 67550000	 65650000	38
chr6	 70200000	 71000000	16
chr6	 70300000	 69800000	10
chr6	 70850000	 71600000	15
chr6	 71600000	 70700000	18
chr6	 72800000	 74150000	27
chr6	 73800000	 74550000	15
chr6	 74600000	 75700000	22
chr6	 75200000	 74450000	15
chr6	 76250000	 78750000	50
chr6	 78200000	 77900000	6
chr6	 80700000	 83550000	57
chr6	 82450000	 83550000	22
chr6	 82500000	 83500000	20
chr6	 83300000	 85050000	35
chr6	 84750000	 84100000	13
chr6	 86750000	 87500000	15
chr6	 87050000	 86450000	12
chr6	 87850000	 86250000	32
chr6	 91650000	 92900000	25
chr6	 92400000	 95800000	68
chr6	 95100000	 95400000	6
chr6	 95400000	 95850000	9
chr6	 96300000	 95650000	13
chr6	 97550000	 97000000	11
chr6	 97750000	 99550000	36
chr6	 98300000	 97150000	23
chr6	102200000	100700000	30
chr6	102650000	103900000	25
chr6	102750000	104100000	27
chr6	103050000	102600000	9
chr6	104000000	104800000	16
chr6	107150000	110500000	67
chr6	107400000	106700000	14
chr6	110700000	110000000	14
chr6	111750000	110200000	31
chr6	112000000	113250000	25
chr6	113050000	111450000	32
chr6	113750000	112950000	16
chr6	115050000	115950000	18
chr6	115350000	115050000	6
chr6	116800000	117500000	14
chr6	121100000	118100000	60
chr6	128200000	124600000	72
chr6	129550000	129750000	4
chr6	132000000	131000000	20
chr6	133250000	132250000	20
chr6	133750000	134350000	12
chr6	136700000	137700000	20
chr6	136750000	135250000	30
chr6	139750000	140450000	14
chr6	140200000	141450000	25
chr6	142600000	143500000	18
chr6	142800000	142100000	14
chr6	143050000	144850000	36
chr6	144050000	146650000	52
chr6	146750000	145650000	22
chr6	147050000	148700000	33
chr7	  1400000	   200000	24
chr7	  4250000	  3400000	17
chr7	  4850000	  4450000	8
chr7	  4900000	  5650000	15
chr7	  6300000	  3900000	48
chr7	  6450000	  7650000	24
chr7	 10350000	  9250000	22
chr7	 13200000	 10550000	53
chr7	 14500000	 14850000	7
chr7	 14800000	 14800000	0
chr7	 17250000	 18000000	15
chr7	 20100000	 21850000	35
chr7	 20800000	 22100000	26
chr7	 22050000	 23200000	23
chr7	 23150000	 24450000	26
chr7	 25050000	 24350000	14
chr7	 25450000	 25050000	8
chr7	 25550000	 24700000	17
chr7	 25850000	 25400000	9
chr7	 25900000	 27650000	35
chr7	 27700000	 28750000	21
chr7	 28250000	 30550000	46
chr7	 28750000	 26550000	44
chr7	 29450000	 31950000	50
chr7	 33850000	 33300000	11
chr7	 35850000	 37250000	28
chr7	 35850000	 38150000	46
chr7	 35900000	 38400000	50
chr7	 36600000	 37400000	16
chr7	 36650000	 34750000	38
chr7	 37950000	 37350000	12
chr7	 40950000	 38750000	44
chr7	 43650000	 44150000	10
chr7	 44950000	 45700000	15
chr7	 44950000	 46050000	22
chr7	 46200000	 47650000	29
chr7	 47700000	 48400000	14
chr7	 48100000	 45150000	59
chr7	 48450000	 49850000	28
chr7	 49100000	 50900000	36
chr7	 49850000	 49000000	17
chr7	 50300000	 51050000	15
chr7	 50550000	 48550000	40
chr7	 50800000	 51900000	22
chr7	 54100000	 53100000	20
chr7	 55850000	 53800000	41
chr7	 56550000	 55250000	26
chr7	 58250000	 57500000	15
chr7	 58250000	 58800000	11
chr7	 58400000	 56800000	32
chr7	 59400000	 61250000	37
chr7	 59850000	 59250000	12
chr7	 60450000	 59950000	10
chr7	 60950000	 62000000	21
chr7	 61400000	 62100000	14
chr7	 61850000	 64350000	50
chr7	 65900000	 65300000	12
chr7	 66500000	 65550000	19
chr7	 68100000	 64900000	64
chr7	 69650000	 68950000	14
chr7	 70150000	 69000000	23
chr7	 70850000	 69050000	36
chr7	 71450000	 73450000	40
chr7	 71550000	 71200000	7
chr7	 77350000	 76350000	20
chr7	 78350000	 80050000	34
chr7	 79000000	 80950000	39
chr7	 80700000	 81200000	10
chr7	 82150000	 83050000	18
chr7	 82650000	 81150000	30
chr7	 82900000	 82050000	17
chr7	 83900000	 84300000	8
chr7	 83950000	 86000000	41
chr7	 85100000	 89750000	93
chr7	 85950000	 86650000	14
chr7	 86850000	 87100000	5
chr7	 87350000	 86950000	8
chr7	 89900000	 91450000	31
chr7	 93200000	 93750000	11
chr7	 94750000	 92150000	52
chr7	 95350000	 92650000	54
chr7	 96250000	 95350000	18
chr7	 96300000	 97750000	29
chr7	 96900000	 95800000	22
chr7	 98700000	 97600000	22
chr7	 99650000	 99250000	8
chr7	 99950000	 98300000	33
chr7	100700000	102150000	29
chr7	101050000	103500000	49
chr7	105150000	103650000	30
chr7	105400000	103350000	41
chr7	105900000	105100000	16
chr7	106150000	105550000	12
chr7	106450000	108550000	42
chr7	106800000	105950000	17
chr7	109300000	110300000	20
chr7	110900000	111350000	9
chr7	112350000	113000000	13
chr7	114250000	115300000	21
chr7	114550000	115550000	20
chr7	116000000	117500000	30
chr7	116150000	117350000	24
chr7	117850000	119000000	23
chr7	118150000	117500000	13
chr7	119900000	121000000	22
chr7	120600000	121750000	23
chr7	121300000	125800000	90
chr7	121400000	122550000	23
chr7	122400000	122400000	0
chr7	123000000	123600000	12
chr7	123350000	124800000	29
chr7	124850000	122700000	43
chr7	124850000	126400000	31
chr7	125850000	126200000	7
chr7	126400000	127500000	22
chr7	128400000	124850000	71
chr7	129700000	131350000	33
chr7	129750000	130100000	7
chr7	131600000	132600000	20
chr7	135950000	135600000	7
chr7	136200000	134450000	35
chr7	136600000	138050000	29
chr7	138400000	138600000	4
chr7	138700000	137950000	15
chr7	139650000	138200000	29
chr7	140600000	140200000	8
chr7	140650000	141150000	10
chr7	140650000	142450000	36
chr7	140850000	139050000	36
chr8	  2450000	  2150000	6
chr8	  3500000	  4200000	14
chr8	  4050000	  5450000	28
chr8	  4650000	  3500000	23
chr8	  5150000	  4750000	8
chr8	  6050000	  9950000	78
chr8	  6750000	  6050000	14
chr8	  7250000	  5200000	41
chr8	  8150000	  9650000	30
chr8	  9050000	  7350000	34
chr8	 10600000	  9600000	20
chr8	 10650000	 11300000	13
chr8	 11050000	 12900000	37
chr8	 13150000	 12100000	21
chr8	 13300000	 14350000	21
chr8	 15050000	 13400000	33
chr8	 20900000	 19200000	34
chr8	 23900000	 23400000	10
chr8	 25150000	 24400000	15
chr8	 26350000	 26800000	9
chr8	 27600000	 28050000	9
chr8	 28700000	 28400000	6
chr8	 32250000	 31550000	14
chr8	 34700000	 33200000	30
chr8	 35000000	 33650000	27
chr8	 37350000	 38800000	29
chr8	 40800000	 41400000	12
chr8	 41150000	 42100000	19
chr8	 41300000	 42100000	16
chr8	 41850000	 40650000	24
chr8	 45650000	 44350000	26
chr8	 46950000	 48050000	22
chr8	 47350000	 48550000	24
chr8	 47800000	 47100000	14
chr8	 48800000	 49350000	11
chr8	 49050000	 52650000	72
chr8	 50600000	 49350000	25
chr8	 50700000	 51350000	13
chr8	 53600000	 58150000	91
chr8	 54350000	 52950000	28
chr8	 54850000	 56150000	26
chr8	 57250000	 57450000	4
chr8	 58650000	 58000000	13
chr8	 59600000	 60050000	9
chr8	 60700000	 64400000	74
chr8	 61650000	 61400000	5
chr8	 63450000	 61500000	39
chr8	 65350000	 64550000	16
chr8	 66450000	 65000000	29
chr8	 66750000	 66000000	15
chr8	 70950000	 71900000	19
chr8	 71750000	 72450000	14
chr8	 72150000	 71100000	21
chr8	 73300000	 72150000	23
chr8	 73500000	 71800000	34
chr8	 75250000	 73700000	31
chr8	 75400000	 75950000	11
chr8	 75850000	 76250000	8
chr8	 77150000	 75450000	34
chr8	 78050000	 76950000	22
chr8	 78550000	 79350000	16
chr8	 79000000	 80250000	25
chr8	 79400000	 76000000	68
chr8	 79650000	 79650000	0
chr8	 80350000	 81600000	25
chr8	 80500000	 79350000	23
chr8	 81450000	 81950000	10
chr8	 84900000	 86950000	41
chr8	 85150000	 84750000	8
chr8	 87300000	 89200000	38
chr8	 87500000	 88750000	25
chr8	 87850000	 90200000	47
chr8	 88800000	 91550000	55
chr8	 89000000	 88200000	16
chr8	 89700000	 90400000	14
chr8	 90000000	 88750000	25
chr8	 90550000	 89700000	17
chr8	 92150000	 93300000	23
chr8	 92250000	 93700000	29
chr8	 95850000	 97800000	39
chr8	 99550000	 99100000	9
chr8	100600000	 99900000	14
chr8	100650000	102900000	45
chr8	103500000	104200000	14
chr8	104250000	102000000	45
chr8	105650000	106450000	16
chr8	105800000	108000000	44
chr8	105850000	106850000	20
chr8	107650000	106650000	20
chr8	109400000	109950000	11
chr8	110200000	111450000	25
chr8	113850000	112550000	26
chr8	114700000	115900000	24
chr8	114750000	114150000	12
chr8	116500000	118700000	44
chr8	117800000	118850000	21
chr8	120350000	119200000	23
chr8	120850000	120350000	10
chr8	121350000	122150000	16
chr8	121850000	121450000	8
chr8	123150000	124100000	19
chr8	123850000	122850000	20
chr8	124000000	124500000	10
chr8	124700000	121750000	59
chr9	   150000	  2100000	39
chr9	  1850000	  2100000	5
chr9	  3250000	  2250000	20
chr9	  6750000	  6350000	8
chr9	  6800000	  7900000	22
chr9	  6950000	  6400000	11
chr9	  7450000	  6750000	14
chr9	  9000000	  7650000	27
chr9	 10400000	 11300000	18
chr9	 10650000	 12300000	33
chr9	 13500000	 12400000	22
chr9	 14550000	 13400000	23
chr9	 15350000	 16000000	13
chr9	 15600000	 16350000	15
chr9	 15600000	 19100000	70
chr9	 16700000	 17800000	22
chr9	 17300000	 16400000	18
chr9	 19000000	 19500000	10
chr9	 21500000	 23400000	38
chr9	 23850000	 24500000	13
chr9	 26000000	 27250000	25
chr9	 26550000	 26950000	8
chr9	 26850000	 25400000	29
chr9	 27000000	 28000000	20
chr9	 27750000	 26750000	20
chr9	 29150000	 28300000	17
chr9	 30450000	 32150000	34
chr9	 34850000	 35850000	20
chr9	 37650000	 37100000	11
chr9	 39500000	 37800000	34
chr9	 39700000	 37600000	42
chr9	 40000000	 41250000	25
chr9	 41900000	 41500000	8
chr9	 42100000	 43150000	21
chr9	 42150000	 42450000	6
chr9	 43750000	 42600000	23
chr9	 46000000	 47200000	24
chr9	 53100000	 52500000	12
chr9	 53800000	 57150000	67
chr9	 53850000	 53850000	0
chr9	 54100000	 55150000	21
chr9	 55000000	 56100000	22
chr9	 56200000	 55200000	20
chr9	 56300000	 55100000	24
chr9	 56450000	 58500000	41
chr9	 57050000	 59900000	57
chr9	 62450000	 60250000	44
chr9	 63750000	 62850000	18
chr9	 65300000	 64750000	11
chr9	 69650000	 69900000	5
chr9	 72750000	 71850000	18
chr9	 74250000	 73350000	18
chr9	 74400000	 73750000	13
chr9	 75050000	 73800000	25
chr9	 75150000	 74350000	16
chr9	 75400000	 74700000	14
chr9	 76800000	 79600000	56
chr9	 76850000	 76150000	14
chr9	 78850000	 78050000	16
chr9	 79000000	 79650000	13
chr9	 79400000	 81400000	40
chr9	 81850000	 82950000	22
chr9	 83450000	 84350000	18
chr9	 87150000	 86350000	16
chr9	 89250000	 89850000	12
chr9	 92250000	 91450000	16
chr9	 93000000	 94200000	24
chr9	 93050000	 94500000	29
chr9	 93550000	 94150000	12
chr9	 94400000	 95100000	14
chr9	 95800000	 96350000	11
chr9	 96000000	 96600000	12
chr9	 96250000	 94600000	33
chr9	 96700000	 98700000	40
chr9	 97950000	 99000000	21
chr9	 98250000	 99350000	22
chr9	 98250000	 99600000	27
chr9	 98550000	 96450000	42
chr9	 98600000	 99000000	8
chr9	100600000	100150000	9
chr9	101050000	101650000	12
chr9	101650000	102600000	19
chr9	102100000	105350000	65
chr9	102700000	104150000	29
chr9	103100000	105350000	45
chr9	107200000	108150000	19
chr9	107400000	108600000	24
chr9	107700000	106000000	34
chr9	107750000	107350000	8
chr9	112450000	115350000	58
chr9	114250000	113150000	22
chr9	115500000	114250000	25
chr9	116200000	116500000	6
chr9	116850000	117200000	7
chr9	117150000	115900000	25
chr9	118900000	118000000	18
chr9	119550000	120800000	25
chr9	121550000	120850000	14
chr9	121700000	122500000	16
chr9	122150000	120800000	27
chr9	122400000	124350000	39
chrX	  3350000	  1800000	31
chrX	  6800000	  7100000	6
chrX	 13050000	 13050000	0
chrX	 13200000	 13900000	14
chrX	 13200000	 14350000	23
chrX	 13400000	 14450000	21
chrX	 14550000	 13750000	16
chrX	 14850000	 15150000	6
chrX	 15350000	 11850000	70
chrX	 15800000	 15500000	6
chrX	 17200000	 18450000	25
chrX	 17350000	 16700000	13
chrX	 18850000	 17200000	33
chrX	 19900000	 20850000	19
chrX	 23350000	 22550000	16
chrX	 23600000	 24250000	13
chrX	 24200000	 24950000	15
chrX	 26100000	 25400000	14
chrX	 28400000	 26100000	46
chrX	 29300000	 28450000	17
chrX	 31600000	 30500000	22
chrX	 34950000	 34650000	6
chrX	 36050000	 37300000	25
chrX	 38450000	 39200000	15
chrX	 39750000	 40450000	14
chrX	 43200000	 40850000	47
chrX	 45000000	 44500000	10
chrX	 47300000	 45950000	27
chrX	 47400000	 48600000	24
chrX	 48750000	 49300000	11
chrX	 48800000	 50600000	36
chrX	 49400000	 48700000	14
chrX	 53650000	 52400000	25
chrX	 54400000	 53650000	15
chrX	 55600000	 54900000	14
chrX	 56550000	 57550000	20
chrX	 56700000	 57450000	15
chrX	 59400000	 57800000	32
chrX	 60850000	 61250000	8
chrX	 61400000	 60100000	26
chrX	 63550000	 63200000	7
chrX	 64200000	 65400000	24
chrX	 71600000	 72950000	27
chrX	 76700000	 74800000	38
chrX	 77200000	 75350000	37
chrX	 78350000	 78950000	12
chrX	 80400000	 79300000	22
chrX	 81350000	 80050000	26
chrX	 82700000	 83350000	13
chrX	 83600000	 84950000	27
chrX	 84550000	 82800000	35
chrX	 85150000	 84750000	8
chrX	 86300000	 88250000	39
chrX	 87000000	 87650000	13
chrX	 87150000	 87500000	7
chrX	 87300000	 85900000	28
chrX	 87650000	 88400000	15
chrX	 87900000	 91650000	75
chrX	 89900000	 90600000	14
chrX	 91550000	 89850000	34
chrX	 92000000	 93300000	26
chrX	 94950000	 94100000	17
chrX	 95000000	 95900000	18
chrX	 95300000	 95500000	4
chrX	 95550000	 96250000	14
chrX	 95800000	 94400000	28
chrX	 99600000	 98550000	21
chrX	100300000	 99350000	19
chrX	101800000	102150000	7
chrX	102550000	104400000	37
chrX	104300000	104750000	9
chrX	105800000	104650000	23
chrX	106150000	107300000	23
chrX	106700000	107500000	16
chrX	109900000	108900000	20
chrX	111300000	112650000	27
chrX	112100000	110900000	24
chrX	114400000	113600000	16
chrX	117300000	115900000	28
chrX	118600000	119150000	11
chrX	119450000	119000000	9
chrX	120150000	121150000	20
chrX	120300000	119800000	10
chrX	120650000	121350000	14
chrX	122750000	122300000	9
chrX	126850000	126600000	5
chrX	126900000	126500000	8
chrX	128900000	129850000	19
chrX	130500000	130800000	6
chrX	131000000	129850000	23
chrX	133400000	132350000	21
chrX	136050000	136750000	14
chrX	138300000	137050000	25
chrX	141400000	140700000	14
chrX	143450000	142250000	24
chrX	144400000	143150000	25
chrX	145550000	146600000	21
chrX	145750000	144150000	32
chrX	145950000	144600000	27
chrX	146450000	149550000	62
chrX	146900000	148450000	31
chrX	151050000	150600000	9
chrX	151450000	150900000	11
chrX	152950000	154600000	33
chrX	153500000	154550000	21
chrX	154000000	155000000	20
chrX	154800000	155800000	20
chrX	155750000	155400000	7
chrX	156600000	155650000	19
chrX	157050000	157350000	6
chrX	159900000	158950000	19
chrX	160400000	162950000	51
chrX	162600000	163150000	11
chrX	164250000	162200000	41
chrX	165450000	165850000	8
chrX	167000000	168550000	31
chrX	169800000	170600000	16
chrX	170850000	170050000	16
chrY	  3100000	  2200000	18
chrY	  3550000	  1500000	41
chrY	  5400000	  1850000	71
chrY	  7450000	  6050000	28
chrY	  7700000	  7100000	12
chrY	  7950000	  8300000	7
chrY	  8600000	  7650000	19
chrY	  8750000	  9500000	15
chrY	  8850000	  7500000	27
chrY	 11200000	 12250000	21
chrY	 12850000	 12450000	8
chrY	 13350000	 14200000	17
chrY	 13500000	 12550000	19
chrY	 15300000	 14400000	18
chrY	 17400000	 18500000	22
chrY	 18550000	 19200000	13
chrY	 18650000	 17650000	20
chrY	 25650000	 26700000	21
chrY	 26150000	 25200000	19
chrY	 27200000	 26050000	23
chrY	 29900000	 30800000	18
chrY	 30400000	 29150000	25
chrY	 30900000	 32800000	38
chrY	 33150000	 33700000	11
chrY	 33650000	 34400000	15
chrY	 34950000	 36250000	26
chrY	 36850000	 38050000	24
chrY	 37850000	 35800000	41
chrY	 39950000	 40600000	13
chrY	 42050000	 42850000	16
chrY	 45650000	 46400000	15
chrY	 45950000	 44250000	34
chrY	 46350000	 44650000	34
chrY	 51850000	 50700000	23
chrY	 53450000	 54300000	17
chrY	 55250000	 54150000	22
chrY	 55350000	 57700000	47
chrY	 55800000	 54350000	29
chrY	 55800000	 54750000	21
chrY	 56050000	 54850000	24
chrY	 57600000	 60350000	55
chrY	 60850000	 61750000	18
chrY	 61550000	 60350000	24
chrY	 62300000	 60800000	30
chrY	 63250000	 64850000	32
chrY	 63700000	 64300000	12
chrY	 65700000	 66300000	12
chrY	 66800000	 67350000	11
chrY	 66800000	 68400000	32
chrY	 67050000	 66600000	9
chrY	 67650000	 66950000	14
chrY	 68150000	 67850000	6
chrY	 68850000	 69750000	18
chrY	 69200000	 68450000	15
chrY	 73000000	 73650000	13
chrY	 74800000	 75650000	17
chrY	 75550000	 76450000	18
chrY	 75700000	 76900000	24
chrY	 79700000	 78450000	25
chrY	 80700000	 83100000	48
chrY	 85800000	 87950000	43
chrY	 86650000	 87450000	16
chrY	 87550000	 88600000	21
chrY	 89000000	 88150000	17
