chr1	  1200000	  2750000	31
chr1	  1350000	   700000	13
chr1	  1700000	   400000	26
chr1	  2950000	  4400000	29
chr1	  3800000	  2250000	31
chr1	  4200000	  2900000	26
chr1	  4250000	  5900000	33
chr1	  4300000	  4750000	9
chr1	  5850000	  4000000	37
chr1	  8950000	  8100000	17
chr1	  9200000	  7750000	29
chr1	 12400000	 14050000	33
chr1	 12700000	 11250000	29
chr1	 13100000	 14350000	25
chr1	 13900000	 12650000	25
chr1	 15550000	 14500000	21
chr1	 18450000	 17850000	12
chr1	 18950000	 17550000	28
chr1	 19900000	 18800000	22
chr1	 23300000	 24400000	22
chr1	 24000000	 23100000	18
chr1	 26000000	 26500000	10
chr1	 26500000	 27950000	29
chr1	 27500000	 26850000	13
chr1	 27550000	 28250000	14
chr1	 27700000	 27150000	11
chr1	 28200000	 29100000	18
chr1	 29000000	 30850000	37
chr1	 30400000	 30950000	11
chr1	 30500000	 32100000	32
chr1	 31550000	 29350000	44
chr1	 32100000	 33450000	27
chr1	 33250000	 32450000	16
chr1	 34000000	 35000000	20
chr1	 35200000	 35900000	14
chr1	 36200000	 34400000	36
chr1	 37000000	 35650000	27
chr1	 37050000	 36450000	12
chr1	 39050000	 36600000	49
chr1	 39050000	 38150000	18
chr1	 43150000	 44600000	29
chr1	 44650000	 42850000	36
chr1	 48200000	 47300000	18
chr1	 50150000	 51100000	19
chr1	 51200000	 52850000	33
chr1	 57700000	 58650000	19
chr1	 58500000	 60500000	40
chr1	 59600000	 59800000	4
chr1	 59850000	 60850000	20
chr1	 64150000	 64700000	11
chr1	 64500000	 64000000	10
chr1	 64950000	 67250000	46
chr1	 65550000	 63600000	39
chr1	 67800000	 68650000	17
chr1	 68100000	 66700000	28
chr1	 68650000	 69650000	20
chr1	 69100000	 70450000	27
chr1	 72200000	 71150000	21
chr1	 72300000	 72850000	11
chr1	 76300000	 75950000	7
chr1	 77450000	 78300000	17
chr1	 78100000	 79050000	19
chr1	 79600000	 80700000	22
chr1	 80200000	 79050000	23
chr1	 81300000	 80200000	22
chr1	 84450000	 83700000	15
chr1	 85750000	 84000000	35
chr1	 87550000	 88550000	20
chr1	 88200000	 87500000	14
chr1	 88600000	 87450000	23
chr1	 91250000	 92650000	28
chr1	 91450000	 92700000	25
chr1	 94500000	 94100000	8
chr1	 96550000	 95500000	21
chr1	 98000000	 96900000	22
chr1	 99250000	100400000	23
chr1	 99750000	 98700000	21
chr1	101300000	100750000	11
chr1	102950000	101500000	29
chr1	103150000	101750000	28
chr1	104500000	103300000	24
chr1	104750000	103550000	24
chr1	106150000	106650000	10
chr1	107850000	108450000	12
chr1	109250000	108000000	25
chr1	110050000	110500000	9
chr1	111150000	112900000	35
chr1	113750000	114650000	18
chr1	114350000	116550000	44
chr1	116050000	115300000	15
chr1	119200000	118200000	20
chr1	121350000	126300000	99
chr1	122150000	120500000	33
chr1	122150000	121100000	21
chr1	123750000	121800000	39
chr1	124100000	127350000	65
chr1	127800000	128650000	17
chr1	128750000	130550000	36
chr1	132350000	133100000	15
chr1	135750000	135150000	12
chr1	138050000	137500000	11
chr1	138200000	141250000	61
chr1	138250000	136850000	28
chr1	138650000	138450000	4
chr1	139900000	140800000	18
chr1	140850000	138500000	47
chr1	142800000	141350000	29
chr1	145300000	146600000	26
chr1	147500000	146250000	25
chr1	150350000	149200000	23
chr1	151350000	150550000	16
chr1	153200000	151900000	26
chr1	156350000	158550000	44
chr1	159550000	160300000	15
chr1	159700000	160400000	14
chr1	161850000	161000000	17
chr1	165800000	165200000	12
chr1	166500000	167150000	13
chr1	167900000	168650000	15
chr1	169350000	170700000	27
chr1	170550000	172000000	29
chr1	173250000	173850000	12
chr1	175050000	176350000	26
chr1	177200000	174750000	49
chr1	177200000	178100000	18
chr1	178550000	177850000	14
chr1	178800000	180900000	42
chr1	179650000	178650000	20
chr1	181450000	182700000	25
chr1	181650000	181250000	8
chr1	184100000	183500000	12
chr1	184250000	186000000	35
chr1	185800000	187700000	38
chr1	187500000	187100000	8
chr1	189500000	188500000	20
chr1	190650000	189050000	32
chr1	190750000	192200000	29
chr1	192200000	193400000	24
chr1	193850000	195400000	31
chr1	194750000	194750000	0
chr10	  2300000	  1150000	23
chr10	  2850000	  3750000	18
chr10	  3800000	  4350000	11
chr10	  4100000	  2650000	29
chr10	  4200000	  4550000	7
chr10	  4600000	  3650000	19
chr10	  6600000	  7550000	19
chr10	  6650000	  9200000	51
chr10	  7200000	  7650000	9
chr10	  8450000	  7550000	18
chr10	  8550000	  7150000	28
chr10	  9450000	 10950000	30
chr10	 11650000	 10150000	30
chr10	 11700000	 10250000	29
chr10	 12000000	 12700000	14
chr10	 12450000	 11900000	11
chr10	 13750000	 12550000	24
chr10	 13800000	 15150000	27
chr10	 16800000	 17750000	19
chr10	 17550000	 18600000	21
chr10	 18500000	 19650000	23
chr10	 21000000	 24350000	67
chr10	 22550000	 21900000	13
chr10	 23100000	 23650000	11
chr10	 25250000	 23700000	31
chr10	 26000000	 24800000	24
chr10	 28300000	 30650000	47
chr10	 31400000	 30150000	25
chr10	 32300000	 31150000	23
chr10	 33600000	 31850000	35
chr10	 34000000	 31150000	57
chr10	 34550000	 36400000	37
chr10	 37900000	 38900000	20
chr10	 43900000	 43150000	15
chr10	 44100000	 42750000	27
chr10	 44300000	 42700000	32
chr10	 48150000	 47500000	13
chr10	 48950000	 50700000	35
chr10	 49700000	 49150000	11
chr10	 50700000	 51500000	16
chr10	 50750000	 51650000	18
chr10	 52150000	 54150000	40
chr10	 52400000	 51000000	28
chr10	 54000000	 55400000	28
chr10	 56300000	 57000000	14
chr10	 58650000	 57000000	33
chr10	 60700000	 61600000	18
chr10	 62900000	 61750000	23
chr10	 63300000	 61700000	32
chr10	 63400000	 62600000	16
chr10	 64350000	 65250000	18
chr10	 64550000	 63900000	13
chr10	 64950000	 65750000	16
chr10	 66000000	 66550000	11
chr10	 66250000	 63300000	59
chr10	 67250000	 66000000	25
chr10	 68150000	 69200000	21
chr10	 69600000	 68600000	20
chr10	 70250000	 69750000	10
chr10	 72100000	 70800000	26
chr10	 74600000	 72800000	36
chr10	 75150000	 76350000	24
chr10	 75450000	 74200000	25
chr10	 78250000	 78950000	14
chr10	 78800000	 80250000	29
chr10	 79200000	 80050000	17
chr10	 79850000	 81700000	37
chr10	 81750000	 82750000	20
chr10	 85850000	 86900000	21
chr10	 86450000	 85150000	26
chr10	 86600000	 86300000	6
chr10	 91000000	 91200000	4
chr10	 91800000	 92650000	17
chr10	 92700000	 93400000	14
chr10	 93750000	 94550000	16
chr10	 93900000	 94350000	9
chr10	 94450000	 95150000	14
chr10	 95250000	 97400000	43
chr10	 97250000	 95850000	28
chr10	 97450000	 95700000	35
chr10	 97950000	100000000	41
chr10	 98350000	 95950000	48
chr10	 98950000	100200000	25
chr10	101350000	103050000	34
chr10	101750000	102500000	15
chr10	102750000	101600000	23
chr10	103850000	104850000	20
chr10	108950000	108250000	14
chr10	109400000	110700000	26
chr10	110550000	111050000	10
chr10	110850000	109050000	36
chr10	112250000	114000000	35
chr10	114800000	115900000	22
chr10	115100000	113950000	23
chr10	116500000	115800000	14
chr10	118600000	117700000	18
chr10	119100000	122650000	71
chr10	119400000	120350000	19
chr10	122200000	121050000	23
chr10	122700000	121850000	17
chr10	123400000	121500000	38
chr10	124600000	124050000	11
chr10	125100000	126300000	24
chr10	127200000	128550000	27
chr10	128800000	126750000	41
chr10	129800000	128350000	29
chr11	  3250000	  1250000	40
chr11	  5200000	  6450000	25
chr11	  8600000	  7250000	27
chr11	  8900000	  9600000	14
chr11	  8950000	  7100000	37
chr11	 10950000	 10450000	10
chr11	 12600000	 11400000	24
chr11	 13800000	 15100000	26
chr11	 16200000	 14800000	28
chr11	 17600000	 16200000	28
chr11	 17600000	 20150000	51
chr11	 26600000	 26000000	12
chr11	 27350000	 26650000	14
chr11	 27650000	 26600000	21
chr11	 28900000	 30750000	37
chr11	 30550000	 29450000	22
chr11	 30750000	 29750000	20
chr11	 32550000	 35500000	59
chr11	 33050000	 30550000	50
chr11	 34150000	 32950000	24
chr11	 39100000	 38150000	19
chr11	 40050000	 41450000	28
chr11	 41550000	 40850000	14
chr11	 41950000	 44100000	43
chr11	 42950000	 43550000	12
chr11	 47400000	 44950000	49
chr11	 47400000	 47000000	8
chr11	 48400000	 47650000	15
chr11	 48700000	 47600000	22
chr11	 49400000	 47900000	30
chr11	 49950000	 48200000	35
chr11	 49950000	 49800000	3
chr11	 51000000	 50150000	17
chr11	 52050000	 53750000	34
chr11	 52100000	 54300000	44
chr11	 53450000	 52150000	26
chr11	 59300000	 60600000	26
chr11	 59550000	 60600000	21
chr11	 62550000	 64100000	31
chr11	 65950000	 65550000	8
chr11	 66350000	 65700000	13
chr11	 67600000	 70600000	60
chr11	 70250000	 69450000	16
chr11	 70450000	 71800000	27
chr11	 71200000	 70000000	24
chr11	 71350000	 70250000	22
chr11	 76000000	 77850000	37
chr11	 76100000	 75050000	21
chr11	 78300000	 73450000	97
chr11	 78550000	 79550000	20
chr11	 80350000	 79400000	19
chr11	 80800000	 82450000	33
chr11	 81300000	 80500000	16
chr11	 83900000	 82300000	32
chr11	 84050000	 84700000	13
chr11	 84100000	 83650000	9
chr11	 85150000	 86400000	25
chr11	 88000000	 86400000	32
chr11	 89300000	 88600000	14
chr11	 90200000	 90850000	13
chr11	 90250000	 90250000	0
chr11	 91950000	 92400000	9
chr11	 93000000	 93800000	16
chr11	 93250000	 92500000	15
chr11	 94750000	 94200000	11
chr11	 97700000	 98300000	12
chr11	 99200000	 97900000	26
chr11	 99750000	 98850000	18
chr11	100700000	 99800000	18
chr11	102400000	103300000	18
chr11	102800000	104400000	32
chr11	105850000	105050000	16
chr11	105850000	106850000	20
chr11	106650000	105700000	19
chr11	107150000	108050000	18
chr11	109250000	110950000	34
chr11	109300000	110250000	19
chr11	110450000	109200000	25
chr11	110450000	111300000	17
chr11	112200000	110700000	30
chr11	112550000	113550000	20
chr11	114450000	110750000	74
chr11	117400000	117400000	0
chr11	118850000	120000000	23
chr11	121650000	119950000	34
chr12	   950000	  1950000	20
chr12	  1850000	  3050000	24
chr12	  2900000	  3950000	21
chr12	  5900000	  7550000	33
chr12	  7050000	  6200000	17
chr12	 10100000	  8600000	30
chr12	 10450000	 11150000	14
chr12	 12650000	 10650000	40
chr12	 14250000	 12350000	38
chr12	 14850000	 13500000	27
chr12	 16050000	 15400000	13
chr12	 17200000	 16400000	16
chr12	 20150000	 19100000	21
chr12	 20600000	 21300000	14
chr12	 23200000	 24100000	18
chr12	 24050000	 23400000	13
chr12	 25600000	 26700000	22
chr12	 26650000	 27650000	20
chr12	 26950000	 24750000	44
chr12	 29700000	 28300000	28
chr12	 30500000	 30950000	9
chr12	 33300000	 33800000	10
chr12	 35550000	 34100000	29
chr12	 36550000	 39450000	58
chr12	 36900000	 36100000	16
chr12	 38600000	 39650000	21
chr12	 39650000	 39150000	10
chr12	 42300000	 41550000	15
chr12	 44050000	 43850000	4
chr12	 44400000	 42650000	35
chr12	 46800000	 45750000	21
chr12	 48200000	 45950000	45
chr12	 49650000	 50600000	19
chr12	 49750000	 48650000	22
chr12	 51450000	 50950000	10
chr12	 53500000	 55050000	31
chr12	 57250000	 56150000	22
chr12	 58600000	 57350000	25
chr12	 60900000	 61650000	15
chr12	 61950000	 62200000	5
chr12	 67100000	 65700000	28
chr12	 69000000	 70850000	37
chr12	 72200000	 73400000	24
chr12	 72350000	 72550000	4
chr12	 75950000	 75250000	14
chr12	 76050000	 76950000	18
chr12	 76700000	 74650000	41
chr12	 77300000	 76350000	19
chr12	 80750000	 81250000	10
chr12	 81900000	 81100000	16
chr12	 84150000	 82300000	37
chr12	 84550000	 85350000	16
chr12	 85400000	 85200000	4
chr12	 85700000	 86000000	6
chr12	 86850000	 87650000	16
chr12	 91550000	 89850000	34
chr12	 92200000	 93200000	20
chr12	 92650000	 91100000	31
chr12	 93750000	 94800000	21
chr12	 94300000	 94950000	13
chr12	 95650000	 96150000	10
chr12	 96500000	 96250000	5
chr12	 97350000	 98150000	16
chr12	 98550000	102150000	72
chr12	 99000000	100500000	30
chr12	 99050000	 96050000	60
chr12	 99650000	100550000	18
chr12	 99750000	100900000	23
chr12	100750000	100050000	14
chr12	101950000	102400000	9
chr12	102700000	104600000	38
chr12	106750000	104950000	36
chr12	110950000	112350000	28
chr12	111450000	110150000	26
chr12	111650000	113000000	27
chr12	114400000	113900000	10
chr12	115200000	116750000	31
chr12	119850000	118650000	24
chr13	   400000	   850000	9
chr13	  1900000	  2600000	14
chr13	  3350000	  3950000	12
chr13	  3600000	  2100000	30
chr13	  5250000	  4750000	10
chr13	  5250000	  5900000	13
chr13	  6750000	  7550000	16
chr13	  7800000	  8350000	11
chr13	  9250000	 10150000	18
chr13	 10250000	 10600000	7
chr13	 12650000	 10500000	43
chr13	 13300000	 13950000	13
chr13	 13850000	 12950000	18
chr13	 15300000	 16150000	17
chr13	 18150000	 20450000	46
chr13	 19400000	 20850000	29
chr13	 23500000	 24600000	22
chr13	 25800000	 27150000	27
chr13	 27700000	 28300000	12
chr13	 32350000	 33500000	23
chr13	 32700000	 31600000	22
chr13	 36250000	 35350000	18
chr13	 37900000	 39200000	26
chr13	 39250000	 37200000	41
chr13	 39950000	 41150000	24
chr13	 40550000	 41150000	12
chr13	 41800000	 42800000	20
chr13	 42600000	 42050000	11
chr13	 43350000	 42750000	12
chr13	 43350000	 42850000	10
chr13	 44600000	 43100000	30
chr13	 47850000	 46950000	18
chr13	 48450000	 48800000	7
chr13	 48950000	 49750000	16
chr13	 50150000	 52000000	37
chr13	 50700000	 51300000	12
chr13	 51900000	 53700000	36
chr13	 52450000	 52900000	9
chr13	 53650000	 55150000	30
chr13	 54450000	 53800000	13
chr13	 55400000	 56450000	21
chr13	 55650000	 54650000	20
chr13	 57100000	 58400000	26
chr13	 57400000	 56100000	26
chr13	 59050000	 59600000	11
chr13	 60250000	 61800000	31
chr13	 64300000	 70300000	120
chr13	 65850000	 65150000	14
chr13	 66800000	 66050000	15
chr13	 71500000	 70150000	27
chr13	 73100000	 72500000	12
chr13	 74800000	 73750000	21
chr13	 75800000	 77250000	29
chr13	 76300000	 72450000	77
chr13	 76700000	 77000000	6
chr13	 76800000	 77800000	20
chr13	 79650000	 78750000	18
chr13	 80100000	 81400000	26
chr13	 80600000	 81450000	17
chr13	 81350000	 80250000	22
chr13	 81350000	 82150000	16
chr13	 81500000	 80500000	20
chr13	 82900000	 80300000	52
chr13	 83250000	 82750000	10
chr13	 88050000	 86900000	23
chr13	 88750000	 88450000	6
chr13	 90050000	 89700000	7
chr13	 90700000	 93050000	47
chr13	 91450000	 92300000	17
chr13	 92250000	 93300000	21
chr13	 95650000	 95200000	9
chr13	 97400000	 96750000	13
chr13	 98200000	 98700000	10
chr13	100400000	100800000	8
chr13	102350000	101900000	9
chr13	104650000	105500000	17
chr13	104750000	104150000	12
chr13	105650000	104950000	14
chr13	106300000	105250000	21
chr13	106350000	104300000	41
chr13	106400000	105500000	18
chr13	108250000	109500000	25
chr13	108450000	109000000	11
chr13	108500000	107000000	30
chr13	109300000	107600000	34
chr13	109400000	110050000	13
chr13	109450000	109850000	8
chr13	111050000	111350000	6
chr13	113050000	111800000	25
chr13	113650000	114100000	9
chr13	114700000	113700000	20
chr13	114800000	114550000	5
chr13	116350000	115850000	10
chr13	118150000	115500000	53
chr14	  4150000	  2450000	34
chr14	  4900000	  2450000	49
chr14	  5900000	  3650000	45
chr14	  6150000	  4600000	31
chr14	  6550000	  9650000	62
chr14	  6800000	  5350000	29
chr14	 10150000	 11400000	25
chr14	 11900000	 11350000	11
chr14	 12600000	 13050000	9
chr14	 14250000	 12700000	31
chr14	 16100000	 14950000	23
chr14	 22750000	 21750000	20
chr14	 23200000	 25450000	45
chr14	 24150000	 24500000	7
chr14	 24750000	 23400000	27
chr14	 25650000	 25350000	6
chr14	 26400000	 24450000	39
chr14	 28300000	 27450000	17
chr14	 28950000	 30900000	39
chr14	 30150000	 32150000	40
chr14	 32550000	 31950000	12
chr14	 33700000	 33050000	13
chr14	 34750000	 35450000	14
chr14	 34900000	 33950000	19
chr14	 35750000	 37450000	34
chr14	 36050000	 35000000	21
chr14	 38050000	 38550000	10
chr14	 38150000	 36950000	24
chr14	 39050000	 38150000	18
chr14	 39450000	 37800000	33
chr14	 39650000	 41350000	34
chr14	 39800000	 40200000	8
chr14	 42350000	 40800000	31
chr14	 43000000	 44300000	26
chr14	 43500000	 41450000	41
chr14	 45000000	 44800000	4
chr14	 45600000	 44300000	26
chr14	 45600000	 46350000	15
chr14	 47050000	 46300000	15
chr14	 47400000	 47850000	9
chr14	 48300000	 49600000	26
chr14	 49000000	 46950000	41
chr14	 49150000	 50350000	24
chr14	 49200000	 47100000	42
chr14	 50150000	 48050000	42
chr14	 50450000	 48150000	46
chr14	 51550000	 51250000	6
chr14	 52150000	 51200000	19
chr14	 52300000	 53150000	17
chr14	 53100000	 51850000	25
chr14	 53150000	 52800000	7
chr14	 54100000	 53700000	8
chr14	 57250000	 55850000	28
chr14	 57550000	 56950000	12
chr14	 59000000	 60250000	25
chr14	 59100000	 57700000	28
chr14	 60850000	 59650000	24
chr14	 62550000	 63750000	24
chr14	 64000000	 65300000	26
chr14	 64500000	 65750000	25
chr14	 64950000	 63700000	25
chr14	 66400000	 64700000	34
chr14	 67050000	 66350000	14
chr14	 67650000	 70250000	52
chr14	 67700000	 68550000	17
chr14	 68800000	 70600000	36
chr14	 70950000	 72650000	34
chr14	 71900000	 72300000	8
chr14	 73250000	 72750000	10
chr14	 74550000	 74150000	8
chr14	 75150000	 72950000	44
chr14	 75650000	 76650000	20
chr14	 76100000	 76100000	0
chr14	 79600000	 79000000	12
chr14	 80100000	 79300000	16
chr14	 81750000	 81150000	12
chr14	 84300000	 85350000	21
chr14	 84500000	 85450000	19
chr14	 91000000	 92400000	28
chr14	 91550000	 92600000	21
chr14	 91600000	 91900000	6
chr14	 91700000	 90650000	21
chr14	 93550000	 95050000	30
chr14	 93750000	 92950000	16
chr14	 97850000	 98800000	19
chr14	 98200000	 98900000	14
chr14	100300000	 99350000	19
chr14	101200000	102650000	29
chr14	104100000	105950000	37
chr14	105400000	103800000	32
chr14	107050000	106800000	5
chr14	109250000	110850000	32
chr14	111500000	112100000	12
chr14	113100000	112400000	14
chr14	113900000	115100000	24
chr14	114250000	114000000	5
chr14	115750000	114950000	16
chr14	116050000	116300000	5
chr14	116950000	117850000	18
chr14	117050000	118000000	19
chr14	117900000	117250000	13
chr14	119100000	119800000	14
chr14	123300000	121800000	30
chr14	123950000	122950000	20
chr14	124050000	123300000	15
chr15	  1350000	   850000	10
chr15	  1350000	  2450000	22
chr15	  4250000	  6750000	50
chr15	  6300000	  7050000	15
chr15	  7450000	  5550000	38
chr15	  8850000	  9400000	11
chr15	  9550000	  6750000	56
chr15	 10200000	 11400000	24
chr15	 10900000	  9450000	29
chr15	 12100000	 11550000	11
chr15	 14600000	 16350000	35
chr15	 15050000	 12650000	48
chr15	 16000000	 17400000	28
chr15	 19100000	 18650000	9
chr15	 20050000	 20850000	16
chr15	 21350000	 22550000	24
chr15	 21450000	 20550000	18
chr15	 21750000	 20750000	20
chr15	 22000000	 22200000	4
chr15	 23550000	 21800000	35
chr15	 24400000	 23200000	24
chr15	 24500000	 26150000	33
chr15	 25750000	 26550000	16
chr15	 25800000	 26550000	15
chr15	 26300000	 25300000	20
chr15	 26300000	 25450000	17
chr15	 30250000	 30750000	10
chr15	 30850000	 31400000	11
chr15	 32850000	 34350000	30
chr15	 36100000	 34300000	36
chr15	 37150000	 36200000	19
chr15	 37650000	 38500000	17
chr15	 38400000	 39100000	14
chr15	 38500000	 37200000	26
chr15	 39900000	 38250000	33
chr15	 39950000	 38800000	23
chr15	 42350000	 41400000	19
chr15	 42950000	 42550000	8
chr15	 43000000	 43600000	12
chr15	 44000000	 43300000	14
chr15	 44400000	 45600000	24
chr15	 45400000	 46250000	17
chr15	 49650000	 48950000	14
chr15	 50100000	 49300000	16
chr15	 51400000	 51050000	7
chr15	 51800000	 51500000	6
chr15	 52550000	 54650000	42
chr15	 52750000	 53600000	17
chr15	 52800000	 54300000	30
chr15	 53150000	 49250000	78
chr15	 54100000	 53600000	10
chr15	 54300000	 53100000	24
chr15	 55300000	 54000000	26
chr15	 57800000	 56800000	20
chr15	 67150000	 65050000	42
chr15	 67450000	 65350000	42
chr15	 67750000	 67000000	15
chr15	 68250000	 66550000	34
chr15	 69100000	 71050000	39
chr15	 71950000	 71350000	12
chr15	 74100000	 75700000	32
chr15	 74450000	 74050000	8
chr15	 77650000	 74450000	64
chr15	 77800000	 75350000	49
chr15	 82200000	 81150000	21
chr15	 83050000	 84100000	21
chr15	 84500000	 83800000	14
chr15	 85950000	 86300000	7
chr15	 86700000	 87500000	16
chr15	 87700000	 85950000	35
chr15	 88000000	 86850000	23
chr15	 88850000	 88150000	14
chr15	 89450000	 88550000	18
chr15	 92400000	 91750000	13
chr15	 92750000	 90700000	41
chr15	 94350000	 94000000	7
chr15	 95000000	 94100000	18
chr15	 96950000	 94350000	52
chr15	 97400000	 96150000	25
chr15	 98050000	 97400000	13
chr15	 98350000	 99200000	17
chr15	 98650000	 97500000	23
chr15	 99400000	 98550000	17
chr15	 99500000	 99050000	9
chr15	102350000	101650000	14
chr15	102350000	103150000	16
chr16	  1400000	  2700000	26
chr16	  2050000	   650000	28
chr16	  3000000	  3650000	13
chr16	  4500000	  5800000	26
chr16	  6500000	  7350000	17
chr16	  6800000	  7150000	7
chr16	  6900000	  7500000	12
chr16	  6950000	  6250000	14
chr16	  7150000	  6550000	12
chr16	  7250000	  6500000	15
chr16	  7400000	  8050000	13
chr16	  8100000	  8400000	6
chr16	  8900000	  9950000	21
chr16	  9550000	  8600000	19
chr16	 12800000	 11400000	28
chr16	 12950000	 11300000	33
chr16	 14050000	 15650000	32
chr16	 15700000	 17400000	34
chr16	 16300000	 15700000	12
chr16	 16350000	 17150000	16
chr16	 17200000	 18200000	20
chr16	 17250000	 15450000	36
chr16	 17800000	 16800000	20
chr16	 27800000	 25800000	40
chr16	 28150000	 29250000	22
chr16	 28350000	 29900000	31
chr16	 31450000	 32500000	21
chr16	 31650000	 32800000	23
chr16	 33200000	 31200000	40
chr16	 34600000	 33000000	32
chr16	 35900000	 35300000	12
chr16	 36150000	 37300000	23
chr16	 38400000	 38750000	7
chr16	 43000000	 41550000	29
chr16	 43000000	 44050000	21
chr16	 43250000	 44100000	17
chr16	 43550000	 45700000	43
chr16	 43900000	 43200000	14
chr16	 43950000	 43000000	19
chr16	 48450000	 47350000	22
chr16	 50200000	 46950000	65
chr16	 52700000	 53500000	16
chr16	 53950000	 54850000	18
chr16	 54450000	 53250000	24
chr16	 56300000	 55500000	16
chr16	 58250000	 57100000	23
chr16	 58650000	 57450000	24
chr16	 59550000	 58350000	24
chr16	 61150000	 59700000	29
chr16	 62200000	 61750000	9
chr16	 62800000	 62200000	12
chr16	 64550000	 63900000	13
chr16	 64900000	 66350000	29
chr16	 68350000	 67200000	23
chr16	 69900000	 69400000	10
chr16	 70500000	 73900000	68
chr16	 72250000	 72950000	14
chr16	 74650000	 73900000	15
chr16	 75300000	 74600000	14
chr16	 75700000	 74850000	17
chr16	 75850000	 74750000	22
chr16	 77250000	 77950000	14
chr16	 78750000	 77050000	34
chr16	 78800000	 77800000	20
chr16	 79250000	 78350000	18
chr16	 80200000	 81550000	27
chr16	 81700000	 82750000	21
chr16	 82300000	 83100000	16
chr16	 83450000	 84650000	24
chr16	 84050000	 82350000	34
chr16	 85250000	 86400000	23
chr16	 86250000	 85250000	20
chr16	 86950000	 87400000	9
chr16	 87500000	 90100000	52
chr16	 90300000	 89050000	25
chr16	 90450000	 89350000	22
chr16	 91750000	 90950000	16
chr16	 95100000	 95500000	8
chr17	   350000	  1650000	26
chr17	  1550000	   350000	24
chr17	  2750000	  1800000	19
chr17	  3150000	  4700000	31
chr17	  3600000	  5350000	35
chr17	  5050000	  4050000	20
chr17	  5850000	  7350000	30
chr17	  6100000	  7300000	24
chr17	  7700000	  7050000	13
chr17	  7900000	  9100000	24
chr17	  8200000	  6700000	30
chr17	 10800000	 10000000	16
chr17	 11550000	 11550000	0
chr17	 11650000	 13700000	41
chr17	 11950000	 10750000	24
chr17	 12050000	 11700000	7
chr17	 14800000	 13550000	25
chr17	 16350000	 17550000	24
chr17	 17050000	 17500000	9
chr17	 18050000	 18800000	15
chr17	 18100000	 21850000	75
chr17	 19000000	 18600000	8
chr17	 21450000	 21450000	0
chr17	 22400000	 21100000	26
chr17	 22700000	 24350000	33
chr17	 22750000	 23800000	21
chr17	 25750000	 27150000	28
chr17	 27150000	 29000000	37
chr17	 27350000	 26100000	25
chr17	 28300000	 27100000	24
chr17	 31350000	 32100000	15
chr17	 32850000	 33800000	19
chr17	 33700000	 32950000	15
chr17	 38000000	 39250000	25
chr17	 38700000	 40150000	29
chr17	 39000000	 39950000	19
chr17	 39200000	 40400000	24
chr17	 39800000	 40200000	8
chr17	 42300000	 41700000	12
chr17	 42950000	 41550000	28
chr17	 43400000	 44950000	31
chr17	 45450000	 46900000	29
chr17	 46000000	 43950000	41
chr17	 46100000	 46500000	8
chr17	 46400000	 48300000	38
chr17	 46800000	 48500000	34
chr17	 48150000	 48650000	10
chr17	 48300000	 47700000	12
chr17	 49350000	 48250000	22
chr17	 50800000	 49200000	32
chr17	 51750000	 52450000	14
chr17	 51750000	 52700000	19
chr17	 51900000	 52850000	19
chr17	 52600000	 48800000	76
chr17	 53350000	 56200000	57
chr17	 54600000	 55650000	21
chr17	 55850000	 55150000	14
chr17	 58450000	 59050000	12
chr17	 59700000	 58700000	20
chr17	 60650000	 61450000	16
chr17	 62400000	 66050000	73
chr17	 64200000	 63500000	14
chr17	 67300000	 68000000	14
chr17	 69250000	 70150000	18
chr17	 69500000	 68450000	21
chr17	 71650000	 73000000	27
chr17	 73750000	 74900000	23
chr17	 75800000	 75450000	7
chr17	 80700000	 81350000	13
chr17	 81100000	 81650000	11
chr17	 83050000	 83450000	8
chr17	 83550000	 82850000	14
chr17	 84400000	 83600000	16
chr17	 88150000	 88550000	8
chr17	 89800000	 90700000	18
chr17	 90600000	 89900000	14
chr17	 91450000	 92450000	20
chr17	 93900000	 90500000	68
chr18	   150000	   950000	16
chr18	  2700000	  2150000	11
chr18	  2800000	  1800000	20
chr18	  6300000	  5050000	25
chr18	  6800000	  7200000	8
chr18	  7000000	  8100000	22
chr18	  9500000	 10800000	26
chr18	 15850000	 14300000	31
chr18	 16600000	 16250000	7
chr18	 16900000	 18650000	35
chr18	 17850000	 17250000	12
chr18	 17900000	 15650000	45
chr18	 18000000	 19700000	34
chr18	 19800000	 20100000	6
chr18	 21150000	 19850000	26
chr18	 21600000	 22800000	24
chr18	 22750000	 21200000	31
chr18	 22750000	 21750000	20
chr18	 24950000	 23600000	27
chr18	 27200000	 26200000	20
chr18	 27200000	 26750000	9
chr18	 28400000	 29200000	16
chr18	 31300000	 32450000	23
chr18	 32200000	 31200000	20
chr18	 33400000	 34900000	30
chr18	 34800000	 34700000	2
chr18	 36350000	 34750000	32
chr18	 36550000	 35950000	12
chr18	 36600000	 35800000	16
chr18	 36700000	 34650000	41
chr18	 37600000	 38500000	18
chr18	 37950000	 38400000	9
chr18	 40100000	 41750000	33
chr18	 42150000	 41650000	10
chr18	 45200000	 46050000	17
chr18	 45850000	 47500000	33
chr18	 47600000	 45650000	39
chr18	 49850000	 49350000	10
chr18	 50550000	 50000000	11
chr18	 52200000	 51400000	16
chr18	 53000000	 52700000	6
chr18	 56000000	 56450000	9
chr18	 56450000	 56800000	7
chr18	 58850000	 59700000	17
chr18	 59550000	 56700000	57
chr18	 60200000	 64150000	79
chr18	 60500000	 61350000	17
chr18	 60650000	 59000000	33
chr18	 61550000	 63050000	30
chr18	 61800000	 66350000	91
chr18	 62500000	 63300000	16
chr18	 63450000	 63800000	7
chr18	 64700000	 65400000	14
chr18	 66100000	 64550000	31
chr18	 67900000	 67050000	17
chr18	 68450000	 69500000	21
chr18	 69150000	 68350000	16
chr18	 69950000	 68000000	39
chr18	 70000000	 69400000	12
chr18	 70300000	 70450000	3
chr18	 70950000	 71600000	13
chr18	 71000000	 71900000	18
chr18	 71300000	 72000000	14
chr18	 72350000	 74100000	35
chr18	 73800000	 74300000	10
chr18	 74050000	 75450000	28
chr18	 74750000	 76550000	36
chr18	 75650000	 74650000	20
chr18	 79650000	 79000000	13
chr18	 80450000	 83300000	57
chr18	 82450000	 81500000	19
chr18	 82500000	 80450000	41
chr18	 83850000	 82400000	29
chr18	 83950000	 85050000	22
chr18	 84600000	 83300000	26
chr18	 84600000	 85400000	16
chr18	 85050000	 85750000	14
chr18	 85200000	 84150000	21
chr18	 85350000	 85050000	6
chr18	 86900000	 89150000	45
chr18	 88450000	 87600000	17
chr18	 90000000	 88350000	33
chr19	    50000	  1350000	26
chr19	  2500000	  1150000	27
chr19	  4250000	  5100000	17
chr19	  4600000	  5950000	27
chr19	  7200000	  5350000	37
chr19	  8300000	  5850000	49
chr19	  8750000	  7600000	23
chr19	 14200000	 11850000	47
chr19	 15450000	 14700000	15
chr19	 18350000	 18350000	0
chr19	 19450000	 18300000	23
chr19	 19650000	 21050000	28
chr19	 22100000	 19800000	46
chr19	 22600000	 22000000	12
chr19	 23000000	 22350000	13
chr19	 23850000	 23400000	9
chr19	 25950000	 27850000	38
chr19	 26900000	 25700000	24
chr19	 29150000	 28250000	18
chr19	 29700000	 31400000	34
chr19	 31300000	 30250000	21
chr19	 33250000	 36050000	56
chr19	 33500000	 33150000	7
chr19	 33850000	 33100000	15
chr19	 33950000	 35400000	29
chr19	 34500000	 33450000	21
chr19	 34550000	 36050000	30
chr19	 34650000	 35900000	25
chr19	 34850000	 33850000	20
chr19	 34900000	 36000000	22
chr19	 35200000	 32450000	55
chr19	 37850000	 37500000	7
chr19	 38850000	 39700000	17
chr19	 38950000	 38150000	16
chr19	 39850000	 39350000	10
chr19	 40400000	 39700000	14
chr19	 40950000	 39850000	22
chr19	 41700000	 43700000	40
chr19	 42850000	 43650000	16
chr19	 43550000	 42650000	18
chr19	 44350000	 42550000	36
chr19	 45050000	 44250000	16
chr19	 48950000	 50500000	31
chr19	 49450000	 50850000	28
chr19	 52150000	 51500000	13
chr19	 52750000	 53100000	7
chr19	 53050000	 51900000	23
chr19	 53150000	 53150000	0
chr19	 55550000	 56200000	13
chr19	 56850000	 56250000	12
chr19	 57150000	 57900000	15
chr19	 57850000	 56800000	21
chr19	 58700000	 57300000	28
chr19	 61300000	 61000000	6
chr2	   350000	   450000	2
chr2	  1550000	  3150000	32
chr2	  1950000	  3200000	25
chr2	  2850000	  1200000	33
chr2	  5400000	  6050000	13
chr2	  5400000	  7450000	41
chr2	  6050000	  4650000	28
chr2	  6300000	  7200000	18
chr2	  7200000	  8100000	18
chr2	  9100000	 11100000	40
chr2	 10350000	 10700000	7
chr2	 10850000	 10100000	15
chr2	 10900000	 12050000	23
chr2	 11150000	 12050000	18
chr2	 11650000	  9900000	35
chr2	 12850000	 11900000	19
chr2	 13950000	 16450000	50
chr2	 14700000	 14300000	8
chr2	 15450000	 18000000	51
chr2	 16400000	 18300000	38
chr2	 16550000	 19000000	49
chr2	 20450000	 22100000	33
chr2	 21050000	 22450000	28
chr2	 21850000	 21500000	7
chr2	 22150000	 26750000	92
chr2	 23100000	 23500000	8
chr2	 27500000	 29050000	31
chr2	 28650000	 30250000	32
chr2	 29200000	 28750000	9
chr2	 30150000	 29600000	11
chr2	 32150000	 33000000	17
chr2	 32200000	 30550000	33
chr2	 32250000	 32700000	9
chr2	 33500000	 35100000	32
chr2	 34500000	 36500000	40
chr2	 34550000	 33200000	27
chr2	 34750000	 33550000	24
chr2	 34850000	 36000000	23
chr2	 35250000	 37050000	36
chr2	 36200000	 36700000	10
chr2	 36600000	 37100000	10
chr2	 36950000	 37500000	11
chr2	 37650000	 36500000	23
chr2	 37850000	 37000000	17
chr2	 38800000	 36000000	56
chr2	 38900000	 38100000	16
chr2	 43900000	 44450000	11
chr2	 44250000	 45900000	33
chr2	 44300000	 43300000	20
chr2	 44800000	 46000000	24
chr2	 48850000	 47250000	32
chr2	 52000000	 50500000	30
chr2	 52800000	 52350000	9
chr2	 53850000	 52300000	31
chr2	 54650000	 53500000	23
chr2	 56000000	 55200000	16
chr2	 57350000	 57700000	7
chr2	 58250000	 56850000	28
chr2	 59900000	 59200000	14
chr2	 61400000	 63350000	39
chr2	 63600000	 65500000	38
chr2	 63750000	 65400000	33
chr2	 65000000	 66800000	36
chr2	 65200000	 62150000	61
chr2	 65300000	 64050000	25
chr2	 65450000	 65100000	7
chr2	 66800000	 67300000	10
chr2	 67700000	 65850000	37
chr2	 67900000	 68250000	7
chr2	 68350000	 66750000	32
chr2	 69200000	 68200000	20
chr2	 75400000	 74650000	15
chr2	 76200000	 74600000	32
chr2	 76950000	 78650000	34
chr2	 78600000	 79600000	20
chr2	 79850000	 78900000	19
chr2	 80350000	 81100000	15
chr2	 81150000	 79800000	27
chr2	 82250000	 83050000	16
chr2	 82500000	 82050000	9
chr2	 83250000	 82700000	11
chr2	 85950000	 85400000	11
chr2	 89200000	 91050000	37
chr2	 89700000	 87450000	45
chr2	 90150000	 91200000	21
chr2	 90300000	 91400000	22
chr2	 93100000	 92450000	13
chr2	 94850000	 95150000	6
chr2	 95700000	 97000000	26
chr2	 97000000	 95550000	29
chr2	 97200000	 95550000	33
chr2	 97900000	 98150000	5
chr2	 98750000	 99150000	8
chr2	 99600000	 98850000	15
chr2	100250000	 99000000	25
chr2	100900000	 99050000	37
chr2	102200000	104400000	44
chr2	103600000	104350000	15
chr2	104250000	105850000	32
chr2	104900000	103850000	21
chr2	105050000	104000000	21
chr2	105750000	106200000	9
chr2	108350000	111600000	65
chr2	111900000	113200000	26
chr2	114550000	114000000	11
chr2	115500000	116500000	20
chr2	115900000	117200000	26
chr2	116250000	116950000	14
chr2	118550000	118300000	5
chr2	122650000	121500000	23
chr2	123850000	125300000	29
chr2	125900000	126500000	12
chr2	128350000	127650000	14
chr2	128450000	129300000	17
chr2	132850000	132100000	15
chr2	133150000	134750000	32
chr2	133800000	135100000	26
chr2	135600000	136500000	18
chr2	136150000	135300000	17
chr2	138000000	140700000	54
chr2	138200000	136900000	26
chr2	138350000	137100000	25
chr2	139700000	142200000	50
chr2	140100000	139500000	12
chr2	142450000	141550000	18
chr2	142800000	140750000	41
chr2	146200000	147850000	33
chr2	148150000	147600000	11
chr2	148200000	149100000	18
chr2	148600000	147300000	26
chr2	149400000	150850000	29
chr2	149850000	148800000	21
chr2	152650000	153500000	17
chr2	154250000	156650000	48
chr2	154700000	154000000	14
chr2	154800000	157400000	52
chr2	156050000	157800000	35
chr2	156100000	155350000	15
chr2	162850000	162400000	9
chr2	163100000	162600000	10
chr2	168100000	165750000	47
chr2	170000000	170500000	10
chr2	172150000	171400000	15
chr2	172450000	173150000	14
chr2	173250000	175250000	40
chr2	174000000	173150000	17
chr2	174250000	173700000	11
chr2	175800000	174650000	23
chr2	176750000	178000000	25
chr2	178700000	179750000	21
chr2	179700000	178950000	15
chr2	181900000	180850000	21
chr3	  1400000	   850000	11
chr3	  2100000	  4400000	46
chr3	  2650000	  2100000	11
chr3	  3100000	  4750000	33
chr3	  3350000	  2700000	13
chr3	  4650000	  5750000	22
chr3	  7700000	  6950000	15
chr3	 12250000	 10450000	36
chr3	 14250000	 15250000	20
chr3	 14750000	 12700000	41
chr3	 16150000	 19050000	58
chr3	 17800000	 16750000	21
chr3	 18350000	 17550000	16
chr3	 19250000	 16550000	54
chr3	 19750000	 21850000	42
chr3	 21500000	 20400000	22
chr3	 22200000	 25700000	70
chr3	 23900000	 23000000	18
chr3	 24600000	 23500000	22
chr3	 25050000	 26450000	28
chr3	 26450000	 27200000	15
chr3	 27150000	 28150000	20
chr3	 28000000	 30450000	49
chr3	 29550000	 28650000	18
chr3	 30950000	 32800000	37
chr3	 30950000	 33200000	45
chr3	 31200000	 31650000	9
chr3	 31300000	 31950000	13
chr3	 32200000	 33400000	24
chr3	 32700000	 31950000	15
chr3	 32750000	 31050000	34
chr3	 34000000	 32850000	23
chr3	 35600000	 36450000	17
chr3	 41850000	 41350000	10
chr3	 43550000	 42650000	18
chr3	 45350000	 47300000	39
chr3	 46300000	 47550000	25
chr3	 46800000	 45500000	26
chr3	 48450000	 49150000	14
chr3	 48550000	 45050000	70
chr3	 48750000	 50400000	33
chr3	 48850000	 49850000	20
chr3	 53550000	 54300000	15
chr3	 56750000	 55550000	24
chr3	 58750000	 60850000	42
chr3	 60100000	 59150000	19
chr3	 61900000	 62200000	6
chr3	 66200000	 67300000	22
chr3	 66650000	 69950000	66
chr3	 67400000	 66050000	27
chr3	 68900000	 68100000	16
chr3	 70750000	 68200000	51
chr3	 73000000	 72500000	10
chr3	 74250000	 74600000	7
chr3	 74500000	 73350000	23
chr3	 77900000	 80650000	55
chr3	 80200000	 81350000	23
chr3	 84000000	 85650000	33
chr3	 84500000	 86050000	31
chr3	 88050000	 86650000	28
chr3	 91650000	 92300000	13
chr3	 92400000	 91100000	26
chr3	 92600000	 91400000	24
chr3	 93750000	 94250000	10
chr3	 96850000	 97050000	4
chr3	 97700000	 96500000	24
chr3	 98700000	 99700000	20
chr3	 99250000	100600000	27
chr3	 99900000	 99250000	13
chr3	103900000	103300000	12
chr3	103950000	103000000	19
chr3	106800000	108300000	30
chr3	108200000	109100000	18
chr3	111550000	108600000	59
chr3	113450000	112800000	13
chr3	113700000	115850000	43
chr3	115150000	116600000	29
chr3	116200000	116200000	0
chr3	117150000	115700000	29
chr3	121450000	119450000	40
chr3	121850000	121350000	10
chr3	122200000	121300000	18
chr3	122650000	122100000	11
chr3	123250000	122900000	7
chr3	125450000	127750000	46
chr3	125650000	127300000	33
chr3	129950000	130950000	20
chr3	130000000	129450000	11
chr3	130100000	129200000	18
chr3	131150000	131750000	12
chr3	132100000	131250000	17
chr3	134350000	136000000	33
chr3	136150000	137100000	19
chr3	136900000	137900000	20
chr3	137100000	136400000	14
chr3	137250000	136500000	15
chr3	140000000	139450000	11
chr3	140100000	139800000	6
chr3	140450000	144950000	90
chr3	142400000	141700000	14
chr3	145750000	145050000	14
chr3	146100000	145550000	11
chr3	147000000	146400000	12
chr3	149650000	150100000	9
chr3	150550000	151800000	25
chr3	153200000	153550000	7
chr3	153900000	154450000	11
chr3	154600000	155100000	10
chr3	155700000	153900000	36
chr4	  1100000	  2200000	22
chr4	  4550000	  4800000	5
chr4	  5800000	  5050000	15
chr4	  5900000	  4800000	22
chr4	  7850000	  9000000	23
chr4	  8150000	  6750000	28
chr4	  8550000	 10800000	45
chr4	  9800000	  9100000	14
chr4	 10700000	 12200000	30
chr4	 11750000	 13100000	27
chr4	 12350000	 14300000	39
chr4	 15250000	 16750000	30
chr4	 15700000	 13100000	52
chr4	 15700000	 14350000	27
chr4	 17050000	 16050000	20
chr4	 17900000	 16950000	19
chr4	 18000000	 16550000	29
chr4	 18700000	 20850000	43
chr4	 19450000	 20100000	13
chr4	 23750000	 24700000	19
chr4	 24000000	 22300000	34
chr4	 24100000	 23100000	20
chr4	 25400000	 27250000	37
chr4	 25450000	 26050000	12
chr4	 26350000	 24850000	30
chr4	 27650000	 28350000	14
chr4	 28350000	 26900000	29
chr4	 29200000	 29450000	5
chr4	 33050000	 34250000	24
chr4	 35450000	 36150000	14
chr4	 35650000	 34700000	19
chr4	 36300000	 37400000	22
chr4	 38650000	 38250000	8
chr4	 39150000	 38750000	8
chr4	 39750000	 39050000	14
chr4	 40600000	 43800000	64
chr4	 43250000	 43850000	12
chr4	 43250000	 44050000	16
chr4	 46000000	 44800000	24
chr4	 47050000	 48350000	26
chr4	 47350000	 48400000	21
chr4	 48950000	 47950000	20
chr4	 51000000	 53550000	51
chr4	 52150000	 51000000	23
chr4	 52300000	 52600000	6
chr4	 60550000	 59950000	12
chr4	 61500000	 60450000	21
chr4	 62250000	 61800000	9
chr4	 63950000	 65900000	39
chr4	 64250000	 63550000	14
chr4	 64650000	 63700000	19
chr4	 65450000	 63700000	35
chr4	 65750000	 63700000	41
chr4	 68350000	 69500000	23
chr4	 69300000	 70750000	29
chr4	 69350000	 68350000	20
chr4	 75700000	 77000000	26
chr4	 77050000	 77600000	11
chr4	 77100000	 77750000	13
chr4	 80900000	 80900000	0
chr4	 83750000	 84650000	18
chr4	 87500000	 86450000	21
chr4	 88150000	 86050000	42
chr4	 88200000	 87400000	16
chr4	 91300000	 92700000	28
chr4	 93850000	 93300000	11
chr4	 94050000	 93400000	13
chr4	 99950000	 99400000	11
chr4	100850000	 99750000	22
chr4	101850000	103250000	28
chr4	105300000	106050000	15
chr4	106500000	107450000	19
chr4	107250000	105750000	30
chr4	107550000	108000000	9
chr4	111350000	110500000	17
chr4	113600000	112400000	24
chr4	113950000	116950000	60
chr4	114950000	113850000	22
chr4	116050000	118150000	42
chr4	116900000	115800000	22
chr4	117900000	118950000	21
chr4	118000000	118800000	16
chr4	118600000	119800000	24
chr4	120200000	119750000	9
chr4	123500000	124550000	21
chr4	123950000	124450000	10
chr4	124150000	123250000	18
chr4	124400000	122650000	35
chr4	124650000	129300000	93
chr4	125250000	126100000	17
chr4	125350000	125900000	11
chr4	126850000	124550000	46
chr4	130050000	128950000	22
chr4	130100000	130900000	16
chr4	130450000	129100000	27
chr4	132800000	131800000	20
chr4	133000000	134700000	34
chr4	134800000	133700000	22
chr4	135250000	135500000	5
chr4	136250000	136100000	3
chr4	136350000	137800000	29
chr4	139850000	138200000	33
chr4	140500000	138300000	44
chr4	142050000	142800000	15
chr4	142250000	141500000	15
chr4	145000000	144050000	19
chr4	147700000	148350000	13
chr4	148500000	149000000	10
chr4	148900000	149300000	8
chr4	149800000	151750000	39
chr4	150950000	148950000	40
chr4	151150000	150250000	18
chr4	151850000	150750000	22
chr4	152600000	152200000	8
chr4	153000000	152250000	15
chr4	153150000	154250000	22
chr4	154150000	152500000	33
chr4	154400000	154900000	10
chr4	155200000	153650000	31
chr4	155400000	155950000	11
chr4	155750000	156400000	13
chr5	   900000	  1600000	14
chr5	  3050000	  4100000	21
chr5	  5150000	  4300000	17
chr5	  8700000	  7950000	15
chr5	  9250000	  7650000	32
chr5	  9400000	  9150000	5
chr5	 10500000	  9350000	23
chr5	 11050000	 10100000	19
chr5	 12100000	 12100000	0
chr5	 13400000	 12500000	18
chr5	 14450000	 14000000	9
chr5	 19300000	 22850000	71
chr5	 19850000	 18800000	21
chr5	 24900000	 24250000	13
chr5	 27350000	 26600000	15
chr5	 29350000	 27850000	30
chr5	 30550000	 29750000	16
chr5	 31350000	 33250000	38
chr5	 31800000	 30150000	33
chr5	 32450000	 31900000	11
chr5	 33500000	 32400000	22
chr5	 34100000	 33050000	21
chr5	 35400000	 34450000	19
chr5	 36250000	 35250000	20
chr5	 36400000	 36400000	0
chr5	 38400000	 39050000	13
chr5	 39250000	 38850000	8
chr5	 40300000	 38900000	28
chr5	 43300000	 40550000	55
chr5	 44050000	 45400000	27
chr5	 47600000	 48100000	10
chr5	 47700000	 45750000	39
chr5	 49200000	 50100000	18
chr5	 51450000	 50200000	25
chr5	 52000000	 51100000	18
chr5	 52200000	 53250000	21
chr5	 56000000	 56850000	17
chr5	 56750000	 55950000	16
chr5	 59900000	 60900000	20
chr5	 61450000	 59750000	34
chr5	 61800000	 61150000	13
chr5	 64600000	 65200000	12
chr5	 66100000	 66700000	12
chr5	 67100000	 68450000	27
chr5	 71450000	 72500000	21
chr5	 75800000	 74250000	31
chr5	 75950000	 74200000	35
chr5	 77650000	 78600000	19
chr5	 78550000	 77950000	12
chr5	 79500000	 78800000	14
chr5	 80450000	 78550000	38
chr5	 81650000	 82200000	11
chr5	 81800000	 81600000	4
chr5	 83950000	 85100000	23
chr5	 86900000	 87600000	14
chr5	 87950000	 87750000	4
chr5	 94550000	 95300000	15
chr5	 94600000	 94400000	4
chr5	 95250000	 97650000	48
chr5	 99950000	 98750000	24
chr5	105200000	103950000	25
chr5	106650000	106950000	6
chr5	108050000	108700000	13
chr5	108600000	110250000	33
chr5	109550000	107800000	35
chr5	109900000	109150000	15
chr5	112050000	110900000	23
chr5	114100000	113550000	11
chr5	114750000	114050000	14
chr5	116550000	116150000	8
chr5	116600000	115750000	17
chr5	117100000	115750000	27
chr5	117300000	116400000	18
chr5	121450000	122700000	25
chr5	122100000	122900000	16
chr5	124900000	123950000	19
chr5	129750000	130050000	6
chr5	129900000	128550000	27
chr5	130150000	128900000	25
chr5	131150000	131950000	16
chr5	132150000	132450000	6
chr5	134250000	135100000	17
chr5	134400000	133650000	15
chr5	134750000	135150000	8
chr5	135800000	135050000	15
chr5	137550000	139800000	45
chr5	139150000	139950000	16
chr5	140400000	141500000	22
chr5	141150000	141750000	12
chr5	141600000	140250000	27
chr5	142000000	141550000	9
chr5	142750000	141900000	17
chr5	142850000	142250000	12
chr5	144400000	143350000	21
chr5	145800000	145150000	13
chr5	147100000	146400000	14
chr5	147500000	147900000	8
chr5	150250000	151100000	17
chr6	   950000	  2350000	28
chr6	  1400000	   100000	26
chr6	  2100000	  1200000	18
chr6	  3650000	  4450000	16
chr6	  4000000	  1450000	51
chr6	  5550000	  6550000	20
chr6	  5750000	  5300000	9
chr6	  6050000	  7050000	20
chr6	  6550000	  5300000	25
chr6	  6550000	  6950000	8
chr6	  9200000	 10450000	25
chr6	  9600000	 10700000	22
chr6	 10350000	 11300000	19
chr6	 10700000	 10200000	10
chr6	 12300000	 11600000	14
chr6	 14250000	 13300000	19
chr6	 14950000	 16400000	29
chr6	 17800000	 18550000	15
chr6	 20100000	 19200000	18
chr6	 23400000	 23100000	6
chr6	 23600000	 20700000	58
chr6	 23850000	 22100000	35
chr6	 24450000	 25600000	23
chr6	 26000000	 24550000	29
chr6	 32300000	 31100000	24
chr6	 34700000	 32550000	43
chr6	 36050000	 35150000	18
chr6	 36050000	 35250000	16
chr6	 36500000	 35350000	23
chr6	 37850000	 37200000	13
chr6	 38050000	 37150000	18
chr6	 40350000	 41200000	17
chr6	 41400000	 40550000	17
chr6	 41700000	 40050000	33
chr6	 42550000	 40900000	33
chr6	 43200000	 41900000	26
chr6	 43250000	 43650000	8
chr6	 43500000	 42750000	15
chr6	 43850000	 46350000	50
chr6	 44400000	 45350000	19
chr6	 45300000	 44600000	14
chr6	 45300000	 46300000	20
chr6	 46700000	 45950000	15
chr6	 48050000	 48500000	9
chr6	 48500000	 47000000	30
chr6	 48550000	 49500000	19
chr6	 48800000	 50900000	42
chr6	 49250000	 51500000	45
chr6	 52850000	 54700000	37
chr6	 54050000	 53250000	16
chr6	 54650000	 53250000	28
chr6	 55100000	 56650000	31
chr6	 57300000	 55900000	28
chr6	 59150000	 59150000	0
chr6	 59700000	 60850000	23
chr6	 59950000	 59200000	15
chr6	 60750000	 61700000	19
chr6	 61750000	 60400000	27
chr6	 62100000	 61400000	14
chr6	 62900000	 65200000	46
chr6	 64700000	 65650000	19
chr6	 66500000	 65650000	17
chr6	 67050000	 67700000	13
chr6	 67050000	 68600000	31
chr6	 68400000	 67050000	27
chr6	 70600000	 70100000	10
chr6	 70750000	 69200000	31
chr6	 71700000	 73500000	36
chr6	 72450000	 70750000	34
chr6	 73900000	 72950000	19
chr6	 74500000	 73550000	19
chr6	 74950000	 75600000	13
chr6	 75150000	 76250000	22
chr6	 75600000	 76750000	23
chr6	 75950000	 75050000	18
chr6	 76050000	 74900000	23
chr6	 76850000	 76250000	12
chr6	 78100000	 77200000	18
chr6	 78800000	 78550000	5
chr6	 79050000	 77900000	23
chr6	 79450000	 80250000	16
chr6	 80550000	 81350000	16
chr6	 80550000	 81950000	28
chr6	 82050000	 83300000	25
chr6	 85650000	 84300000	27
chr6	 86050000	 85450000	12
chr6	 88850000	 90100000	25
chr6	 89200000	 90300000	22
chr6	 90300000	 90850000	11
chr6	 90300000	 91650000	27
chr6	 90600000	 89750000	17
chr6	 91550000	 94050000	50
chr6	 91850000	 92350000	10
chr6	 92050000	 93450000	28
chr6	 97550000	 95550000	40
chr6	 98950000	100350000	28
chr6	 99450000	 98650000	16
chr6	100200000	100500000	6
chr6	100800000	101750000	19
chr6	101950000	 99600000	47
chr6	102050000	101850000	4
chr6	102400000	101550000	17
chr6	104200000	105150000	19
chr6	106200000	107650000	29
chr6	107150000	105750000	28
chr6	107900000	109200000	26
chr6	108250000	109950000	34
chr6	111000000	111400000	8
chr6	114850000	116200000	27
chr6	114900000	114350000	11
chr6	115450000	113100000	47
chr6	118100000	119200000	22
chr6	119650000	120750000	22
chr6	121950000	121000000	19
chr6	122050000	123300000	25
chr6	122300000	121750000	11
chr6	122550000	122300000	5
chr6	124500000	123600000	18
chr6	126750000	127200000	9
chr6	128100000	127250000	17
chr6	131600000	129400000	44
chr6	131800000	131200000	12
chr6	137850000	139750000	38
chr6	138600000	137950000	13
chr6	139050000	140050000	20
chr6	140100000	142000000	38
chr6	142200000	144000000	36
chr6	143450000	143050000	8
chr6	143950000	144950000	20
chr6	144750000	145450000	14
chr6	145700000	144250000	29
chr6	147150000	146100000	21
chr6	149200000	148550000	13
chr6	149350000	147350000	40
chr6	149550000	148950000	12
chr7	   600000	  1800000	24
chr7	  2150000	  3000000	17
chr7	  3050000	  1150000	38
chr7	  3600000	  4350000	15
chr7	  7800000	  8400000	12
chr7	  8800000	  5650000	63
chr7	  9350000	  8200000	23
chr7	 10350000	 11000000	13
chr7	 16450000	 16000000	9
chr7	 16950000	 18150000	24
chr7	 17400000	 16550000	17
chr7	 20250000	 20650000	8
chr7	 20650000	 21950000	26
chr7	 20950000	 20250000	14
chr7	 21150000	 20600000	11
chr7	 24000000	 22950000	21
chr7	 24600000	 22650000	39
chr7	 25900000	 27900000	40
chr7	 26100000	 25250000	17
chr7	 29150000	 30200000	21
chr7	 31000000	 30000000	20
chr7	 31250000	 29600000	33
chr7	 33550000	 32900000	13
chr7	 34900000	 35800000	18
chr7	 38900000	 39650000	15
chr7	 42750000	 40000000	55
chr7	 45100000	 43550000	31
chr7	 45300000	 45900000	12
chr7	 46500000	 47600000	22
chr7	 46900000	 45650000	25
chr7	 50800000	 51250000	9
chr7	 51200000	 51950000	15
chr7	 51300000	 52600000	26
chr7	 54350000	 54950000	12
chr7	 55250000	 56750000	30
chr7	 56700000	 54600000	42
chr7	 57050000	 57700000	13
chr7	 57500000	 58000000	10
chr7	 59950000	 60700000	15
chr7	 60150000	 59350000	16
chr7	 61600000	 62100000	10
chr7	 62700000	 61200000	30
chr7	 63700000	 63000000	14
chr7	 64200000	 64900000	14
chr7	 64600000	 62750000	37
chr7	 68300000	 69900000	32
chr7	 70100000	 69300000	16
chr7	 71950000	 71200000	15
chr7	 72000000	 73500000	30
chr7	 72450000	 72100000	7
chr7	 72850000	 73950000	22
chr7	 75800000	 73150000	53
chr7	 76600000	 76200000	8
chr7	 76800000	 76250000	11
chr7	 77400000	 76650000	15
chr7	 77550000	 76550000	20
chr7	 77700000	 78400000	14
chr7	 78600000	 77600000	20
chr7	 79500000	 78750000	15
chr7	 86650000	 89350000	54
chr7	 86700000	 87300000	12
chr7	 90350000	 89400000	19
chr7	 93200000	 94450000	25
chr7	 93750000	 95050000	26
chr7	 96150000	 93900000	45
chr7	 96650000	 94250000	48
chr7	100750000	102800000	41
chr7	102250000	103350000	22
chr7	102450000	103450000	20
chr7	102550000	102050000	10
chr7	102900000	103850000	19
chr7	104700000	102450000	45
chr7	107700000	105800000	38
chr7	109050000	110100000	21
chr7	110400000	109400000	20
chr7	110500000	109450000	21
chr7	111550000	111800000	5
chr7	111650000	112100000	9
chr7	116600000	116900000	6
chr7	116650000	114150000	50
chr7	117300000	116800000	10
chr7	118100000	118850000	15
chr7	118650000	119550000	18
chr7	119350000	120450000	22
chr7	120650000	121800000	23
chr7	122800000	124150000	27
chr7	122900000	124700000	36
chr7	123200000	124100000	18
chr7	123200000	124950000	35
chr7	124750000	123700000	21
chr7	125500000	128300000	56
chr7	126200000	125100000	22
chr7	127000000	128350000	27
chr7	127400000	128250000	17
chr7	130300000	128100000	44
chr7	130800000	130250000	11
chr7	131200000	130250000	19
chr7	132250000	131400000	17
chr7	132750000	131900000	17
chr7	133200000	132650000	11
chr7	135450000	134600000	17
chr7	135800000	133900000	38
chr7	136550000	135400000	23
chr7	137700000	136300000	28
chr7	137750000	136950000	16
chr7	139800000	140750000	19
chr7	141850000	142500000	13
chr7	142100000	143400000	26
chr7	142250000	141200000	21
chr7	142450000	141550000	18
chr7	144550000	145300000	15
chr8	   750000	  1300000	11
chr8	   950000	   250000	14
chr8	  1850000	  1250000	12
chr8	  3250000	   950000	46
chr8	  3600000	  6250000	53
chr8	  5750000	  5300000	9
chr8	  7050000	  8850000	36
chr8	  7950000	  9050000	22
chr8	  8350000	  7750000	12
chr8	 10900000	 11650000	15
chr8	 11950000	 11650000	6
chr8	 17650000	 18350000	14
chr8	 19150000	 18500000	13
chr8	 19750000	 21500000	35
chr8	 20350000	 19500000	17
chr8	 25550000	 24400000	23
chr8	 25550000	 26700000	23
chr8	 26750000	 26000000	15
chr8	 27100000	 26150000	19
chr8	 28900000	 28450000	9
chr8	 29050000	 28150000	18
chr8	 31400000	 29450000	39
chr8	 32300000	 31650000	13
chr8	 32550000	 31500000	21
chr8	 33650000	 34750000	22
chr8	 33800000	 34850000	21
chr8	 34000000	 35300000	26
chr8	 35750000	 36850000	22
chr8	 35800000	 36400000	12
chr8	 37800000	 36450000	27
chr8	 39900000	 38500000	28
chr8	 41400000	 43000000	32
chr8	 41650000	 40950000	14
chr8	 42150000	 41200000	19
chr8	 45100000	 45950000	17
chr8	 45400000	 46350000	19
chr8	 45500000	 46300000	16
chr8	 46350000	 45350000	20
chr8	 47950000	 47050000	18
chr8	 48100000	 48950000	17
chr8	 49300000	 48700000	12
chr8	 49400000	 49800000	8
chr8	 51500000	 49450000	41
chr8	 52300000	 49900000	48
chr8	 56400000	 55800000	12
chr8	 57550000	 57950000	8
chr8	 57750000	 58550000	16
chr8	 59100000	 60500000	28
chr8	 60700000	 59950000	15
chr8	 68550000	 66950000	32
chr8	 69250000	 67850000	28
chr8	 72000000	 70600000	28
chr8	 73900000	 75500000	32
chr8	 79800000	 81750000	39
chr8	 81600000	 80250000	27
chr8	 82100000	 83300000	24
chr8	 82650000	 84150000	30
chr8	 83750000	 82900000	17
chr8	 84300000	 86300000	40
chr8	 84350000	 83550000	16
chr8	 84600000	 85400000	16
chr8	 86500000	 85500000	20
chr8	 86750000	 86500000	5
chr8	 88550000	 89200000	13
chr8	 91150000	 90350000	16
chr8	 92250000	 91550000	14
chr8	 92600000	 92100000	10
chr8	 93100000	 93500000	8
chr8	 94300000	 96200000	38
chr8	 94650000	 93850000	16
chr8	 94900000	 93150000	35
chr8	 97800000	 96250000	31
chr8	 98900000	 98000000	18
chr8	 99100000	 99550000	9
chr8	101050000	100350000	14
chr8	101750000	101400000	7
chr8	105400000	104400000	20
chr8	106900000	108000000	22
chr8	107150000	107800000	13
chr8	108700000	108200000	10
chr8	109200000	110300000	22
chr8	109450000	107550000	38
chr8	110950000	110050000	18
chr8	111250000	112600000	27
chr8	112650000	111850000	16
chr8	113550000	112750000	16
chr8	117800000	118550000	15
chr8	118250000	116350000	38
chr8	121800000	122800000	20
chr8	122400000	121400000	20
chr8	122450000	123600000	23
chr8	126250000	124700000	31
chr9	   700000	   150000	11
chr9	  1050000	  1450000	8
chr9	  1800000	  3350000	31
chr9	  2950000	  2300000	13
chr9	  3650000	  2800000	17
chr9	  4150000	  5350000	24
chr9	  4500000	  5300000	16
chr9	  4650000	  6150000	30
chr9	  5100000	  3850000	25
chr9	  5550000	  6700000	23
chr9	  5800000	  7550000	35
chr9	  8150000	  7100000	21
chr9	  8950000	 10350000	28
chr9	 10450000	  9600000	17
chr9	 13550000	 11600000	39
chr9	 14250000	 13250000	20
chr9	 14550000	 11600000	59
chr9	 15500000	 17300000	36
chr9	 16950000	 18800000	37
chr9	 17250000	 19000000	35
chr9	 18900000	 20050000	23
chr9	 20100000	 21600000	30
chr9	 23350000	 22550000	16
chr9	 25950000	 25350000	12
chr9	 28000000	 28600000	12
chr9	 28400000	 28150000	5
chr9	 29400000	 30500000	22
chr9	 32550000	 34250000	34
chr9	 33550000	 33150000	8
chr9	 35300000	 33100000	44
chr9	 36600000	 37100000	10
chr9	 36650000	 37950000	26
chr9	 37600000	 39700000	42
chr9	 38900000	 38150000	15
chr9	 38900000	 38250000	13
chr9	 42100000	 38750000	67
chr9	 43850000	 44900000	21
chr9	 45650000	 45050000	12
chr9	 47200000	 48300000	22
chr9	 48200000	 49450000	25
chr9	 48500000	 50200000	34
chr9	 49800000	 51150000	27
chr9	 50400000	 48600000	36
chr9	 50800000	 49350000	29
chr9	 51050000	 52100000	21
chr9	 52450000	 51900000	11
chr9	 56900000	 57850000	19
chr9	 58100000	 56900000	24
chr9	 58300000	 57150000	23
chr9	 60050000	 61750000	34
chr9	 62900000	 63450000	11
chr9	 63150000	 62300000	17
chr9	 64950000	 65800000	17
chr9	 65000000	 63500000	30
chr9	 67950000	 68600000	13
chr9	 68700000	 67100000	32
chr9	 70050000	 72400000	47
chr9	 70850000	 71800000	19
chr9	 70900000	 72400000	30
chr9	 71950000	 72850000	18
chr9	 73450000	 72150000	26
chr9	 76200000	 77600000	28
chr9	 76400000	 78200000	36
chr9	 77500000	 77850000	7
chr9	 77550000	 76350000	24
chr9	 78300000	 77550000	15
chr9	 79000000	 77600000	28
chr9	 80750000	 79650000	22
chr9	 80750000	 82550000	36
chr9	 83100000	 86000000	58
chr9	 83550000	 84850000	26
chr9	 84550000	 86300000	35
chr9	 85000000	 86050000	21
chr9	 86100000	 85000000	22
chr9	 87050000	 83950000	62
chr9	 87850000	 87400000	9
chr9	 89100000	 89250000	3
chr9	 91400000	 92800000	28
chr9	 92050000	 93250000	24
chr9	 92100000	 91750000	7
chr9	 93000000	 92050000	19
chr9	 93000000	 93350000	7
chr9	 93150000	 92750000	8
chr9	 94350000	 93650000	14
chr9	 94500000	 92100000	48
chr9	 95500000	 96550000	21
chr9	 96650000	 95400000	25
chr9	 98150000	 97300000	17
chr9	 98650000	 99550000	18
chr9	 98900000	102350000	69
chr9	 99450000	102150000	54
chr9	100200000	 99450000	15
chr9	100800000	100000000	16
chr9	104050000	105250000	24
chr9	106350000	105850000	10
chr9	106750000	107800000	21
chr9	107000000	108600000	32
chr9	108250000	108900000	13
chr9	108500000	107250000	25
chr9	111100000	110800000	6
chr9	111800000	110800000	20
chr9	112450000	111200000	25
chr9	112750000	110200000	51
chr9	114750000	115850000	22
chr9	115000000	112600000	48
chr9	115750000	116750000	20
chr9	116450000	117750000	26
chr9	116900000	117850000	19
chr9	117250000	118100000	17
chr9	117950000	116800000	23
chr9	118850000	119500000	13
chr9	119400000	118000000	28
chr9	122750000	124100000	27
chr9	122900000	123500000	12
chr9	123800000	123300000	10
chr9	124200000	123250000	19
chrX	   550000	  1950000	28
chrX	  1700000	   900000	16
chrX	  3600000	  4350000	15
chrX	  4100000	  5150000	21
chrX	  7400000	  5600000	36
chrX	  7750000	  6900000	17
chrX	 12100000	 11350000	15
chrX	 12350000	 10600000	35
chrX	 12350000	 10800000	31
chrX	 15250000	 13100000	43
chrX	 15950000	 16800000	17
chrX	 16950000	 16700000	5
chrX	 19450000	 17500000	39
chrX	 25050000	 24000000	21
chrX	 26200000	 24850000	27
chrX	 30000000	 29450000	11
chrX	 34050000	 33200000	17
chrX	 34250000	 35250000	20
chrX	 34950000	 34450000	10
chrX	 37500000	 38100000	12
chrX	 37550000	 38100000	11
chrX	 38550000	 39150000	12
chrX	 41700000	 43550000	37
chrX	 42200000	 39450000	55
chrX	 48250000	 47100000	23
chrX	 50750000	 50100000	13
chrX	 51450000	 51800000	7
chrX	 51850000	 50800000	21
chrX	 52200000	 52800000	12
chrX	 54200000	 56200000	40
chrX	 54650000	 56100000	29
chrX	 54700000	 52950000	35
chrX	 55050000	 53800000	25
chrX	 56200000	 55600000	12
chrX	 56900000	 55200000	34
chrX	 57850000	 57600000	5
chrX	 58650000	 58150000	10
chrX	 61850000	 60650000	24
chrX	 63500000	 64950000	29
chrX	 64000000	 66000000	40
chrX	 64100000	 64400000	6
chrX	 65000000	 66200000	24
chrX	 65500000	 65800000	6
chrX	 67750000	 67450000	6
chrX	 67850000	 66050000	36
chrX	 68950000	 70100000	23
chrX	 70900000	 69650000	25
chrX	 71250000	 69950000	26
chrX	 71350000	 70500000	17
chrX	 71600000	 70600000	20
chrX	 73350000	 74300000	19
chrX	 73600000	 72650000	19
chrX	 75500000	 74150000	27
chrX	 77750000	 76650000	22
chrX	 80100000	 79050000	21
chrX	 80700000	 81800000	22
chrX	 84200000	 85250000	21
chrX	 84800000	 86050000	25
chrX	 86200000	 87150000	19
chrX	 88450000	 88450000	0
chrX	 88500000	 90200000	34
chrX	 91100000	 90350000	15
chrX	 92450000	 93450000	20
chrX	 92600000	 95050000	49
chrX	 92700000	 91800000	18
chrX	 93900000	 93450000	9
chrX	 94500000	 92750000	35
chrX	 96800000	 97350000	11
chrX	 98300000	 97400000	18
chrX	 98900000	 99550000	13
chrX	 99550000	101700000	43
chrX	100100000	101900000	36
chrX	102850000	101950000	18
chrX	103350000	105550000	44
chrX	106000000	105750000	5
chrX	107100000	106750000	7
chrX	109650000	107950000	34
chrX	110650000	111300000	13
chrX	112950000	114100000	23
chrX	113850000	110500000	67
chrX	115450000	116250000	16
chrX	121150000	121700000	11
chrX	121800000	120450000	27
chrX	121900000	123000000	22
chrX	122700000	122300000	8
chrX	123700000	124550000	17
chrX	125350000	126650000	26
chrX	129750000	130200000	9
chrX	131350000	132600000	25
chrX	131450000	131450000	0
chrX	133200000	131900000	26
chrX	133300000	134050000	15
chrX	135250000	135800000	11
chrX	135500000	136650000	23
chrX	135950000	136500000	11
chrX	137100000	136000000	22
chrX	138500000	138900000	8
chrX	141150000	141950000	16
chrX	142000000	143000000	20
chrX	145250000	147350000	42
chrX	146150000	147550000	28
chrX	146650000	146250000	8
chrX	148750000	146750000	40
chrX	149500000	150600000	22
chrX	150100000	150650000	11
chrX	150850000	151150000	6
chrX	153650000	151150000	50
chrX	154400000	153550000	17
chrX	154800000	154300000	10
chrX	155000000	156300000	26
chrX	156800000	158450000	33
chrX	157600000	158150000	11
chrX	159450000	160950000	30
chrX	161650000	160300000	27
chrX	164100000	165800000	34
chrX	164800000	166050000	25
chrX	168100000	167550000	11
chrY	  3700000	  1550000	43
chrY	  4450000	  1800000	53
chrY	  5400000	  4350000	21
chrY	  5900000	  6600000	14
chrY	  7250000	  8300000	21
chrY	  8050000	  7250000	16
chrY	 10600000	 11300000	14
chrY	 11650000	 15250000	72
chrY	 11850000	 10900000	19
chrY	 12900000	 14450000	31
chrY	 13600000	 13050000	11
chrY	 14400000	 13750000	13
chrY	 19500000	 22450000	59
chrY	 20000000	 21300000	26
chrY	 21800000	 21050000	15
chrY	 21900000	 25000000	62
chrY	 22050000	 20250000	36
chrY	 22450000	 21950000	10
chrY	 23150000	 24650000	30
chrY	 26350000	 24650000	34
chrY	 27550000	 29250000	34
chrY	 28500000	 30650000	43
chrY	 29150000	 30150000	20
chrY	 29900000	 29250000	13
chrY	 31050000	 30300000	15
chrY	 31900000	 32550000	13
chrY	 34250000	 33400000	17
chrY	 35850000	 37350000	30
chrY	 38850000	 38050000	16
chrY	 39350000	 39050000	6
chrY	 41300000	 38600000	54
chrY	 41450000	 40300000	23
chrY	 41450000	 41000000	9
chrY	 41550000	 41950000	8
chrY	 41850000	 42900000	21
chrY	 44000000	 44500000	10
chrY	 45350000	 44650000	14
chrY	 45700000	 48850000	63
chrY	 47300000	 46750000	11
chrY	 52000000	 53950000	39
chrY	 52850000	 51800000	21
chrY	 52900000	 54500000	32
chrY	 53050000	 52500000	11
chrY	 54600000	 53400000	24
chrY	 58200000	 57350000	17
chrY	 58850000	 59150000	6
chrY	 59100000	 58600000	10
chrY	 59650000	 60550000	18
chrY	 61200000	 62550000	27
chrY	 61650000	 60200000	29
chrY	 62400000	 61750000	13
chrY	 62400000	 63700000	26
chrY	 63650000	 64950000	26
chrY	 63750000	 62600000	23
chrY	 65000000	 65900000	18
chrY	 65200000	 64700000	10
chrY	 65700000	 65150000	11
chrY	 66550000	 65450000	22
chrY	 69250000	 68250000	20
chrY	 69500000	 68900000	12
chrY	 70150000	 70600000	9
chrY	 71100000	 71600000	10
chrY	 72100000	 71800000	6
chrY	 72350000	 69750000	52
chrY	 73750000	 74950000	24
chrY	 75100000	 74600000	10
chrY	 75850000	 76600000	15
chrY	 76350000	 75350000	20
chrY	 77000000	 76050000	19
chrY	 77400000	 78250000	17
chrY	 78150000	 79200000	21
chrY	 78900000	 78900000	0
chrY	 79100000	 81500000	48
chrY	 81450000	 81850000	8
chrY	 82250000	 83050000	16
chrY	 82900000	 83750000	17
chrY	 85050000	 85900000	17
chrY	 85900000	 84650000	25
chrY	 87500000	 88600000	22
chrY	 91550000	 90400000	23
