chr1	        0	   800000	16
chr1	   250000	  1600000	27
chr1	   400000	  1650000	25
chr1	   600000	  1550000	19
chr1	  3250000	  2300000	19
chr1	  3650000	  5350000	34
chr1	  3950000	  3500000	9
chr1	  4100000	  6000000	38
chr1	  8600000	 10400000	36
chr1	  9950000	 10250000	6
chr1	 11550000	 13350000	36
chr1	 12300000	 11800000	10
chr1	 13800000	 14250000	9
chr1	 14600000	 15050000	9
chr1	 19000000	 20050000	21
chr1	 19400000	 20050000	13
chr1	 21650000	 20400000	25
chr1	 24300000	 24600000	6
chr1	 25200000	 26800000	32
chr1	 26200000	 25500000	14
chr1	 28150000	 27200000	19
chr1	 28250000	 27550000	14
chr1	 30700000	 31600000	18
chr1	 31100000	 27150000	79
chr1	 33800000	 34800000	20
chr1	 34450000	 35700000	25
chr1	 34750000	 33800000	19
chr1	 38300000	 37400000	18
chr1	 42200000	 40850000	27
chr1	 43500000	 42050000	29
chr1	 44450000	 45300000	17
chr1	 45450000	 47750000	46
chr1	 45500000	 44700000	16
chr1	 48150000	 47650000	10
chr1	 49500000	 51000000	30
chr1	 50200000	 52150000	39
chr1	 50450000	 50000000	9
chr1	 51600000	 49650000	39
chr1	 53550000	 54350000	16
chr1	 54050000	 53850000	4
chr1	 54100000	 55850000	35
chr1	 54400000	 56100000	34
chr1	 55600000	 56650000	21
chr1	 56500000	 57400000	18
chr1	 60700000	 59400000	26
chr1	 63650000	 62800000	17
chr1	 66500000	 67250000	15
chr1	 66900000	 68350000	29
chr1	 69150000	 70700000	31
chr1	 72400000	 71400000	20
chr1	 72600000	 74250000	33
chr1	 72850000	 73850000	20
chr1	 73150000	 74050000	18
chr1	 75150000	 73000000	43
chr1	 76400000	 77800000	28
chr1	 77250000	 77000000	5
chr1	 78750000	 79550000	16
chr1	 79150000	 77400000	35
chr1	 79200000	 78450000	15
chr1	 80250000	 78550000	34
chr1	 80550000	 79950000	12
chr1	 81300000	 79750000	31
chr1	 84850000	 86300000	29
chr1	 87050000	 86450000	12
chr1	 87800000	 88500000	14
chr1	 89150000	 90450000	26
chr1	 91250000	 93150000	38
chr1	 91450000	 90200000	25
chr1	 93250000	 93700000	9
chr1	 93550000	 92200000	27
chr1	 95150000	 95700000	11
chr1	 95950000	 92850000	62
chr1	100150000	 98500000	33
chr1	100300000	 99650000	13
chr1	103050000	103850000	16
chr1	104950000	102650000	46
chr1	106350000	105850000	10
chr1	107500000	108450000	19
chr1	108000000	107150000	17
chr1	109000000	108600000	8
chr1	110000000	108750000	25
chr1	111450000	110200000	25
chr1	111900000	112950000	21
chr1	112750000	113950000	24
chr1	113700000	115250000	31
chr1	113800000	115200000	28
chr1	114450000	115100000	13
chr1	114600000	115150000	11
chr1	115000000	115500000	10
chr1	116000000	116650000	13
chr1	120700000	121600000	18
chr1	120750000	121600000	17
chr1	121900000	117300000	92
chr1	122450000	124000000	31
chr1	122900000	125600000	54
chr1	124950000	123150000	36
chr1	125400000	124400000	20
chr1	127750000	128850000	22
chr1	128050000	128350000	6
chr1	128200000	129100000	18
chr1	128900000	127200000	34
chr1	130150000	129550000	12
chr1	132050000	130500000	31
chr1	135100000	136700000	32
chr1	135250000	134650000	12
chr1	138600000	139300000	14
chr1	139750000	140300000	11
chr1	139950000	138900000	21
chr1	142200000	141300000	18
chr1	142850000	142200000	13
chr1	144650000	142800000	37
chr1	144800000	145150000	7
chr1	145900000	148000000	42
chr1	145950000	146550000	12
chr1	148950000	148600000	7
chr1	149000000	147750000	25
chr1	150500000	150800000	6
chr1	150800000	149950000	17
chr1	150950000	149450000	30
chr1	152250000	150700000	31
chr1	152550000	149800000	55
chr1	154150000	154800000	13
chr1	154600000	152750000	37
chr1	155200000	156150000	19
chr1	156000000	156700000	14
chr1	156250000	155300000	19
chr1	157500000	156100000	28
chr1	158350000	156050000	46
chr1	158600000	157500000	22
chr1	158600000	158100000	10
chr1	159000000	159850000	17
chr1	161450000	160350000	22
chr1	162050000	161450000	12
chr1	163000000	161850000	23
chr1	163050000	162450000	12
chr1	165700000	164850000	17
chr1	165950000	165200000	15
chr1	167150000	167850000	14
chr1	171500000	173200000	34
chr1	176100000	176750000	13
chr1	177250000	177650000	8
chr1	179450000	180500000	21
chr1	183000000	183900000	18
chr1	183250000	182700000	11
chr1	183500000	182750000	15
chr1	186100000	184900000	24
chr1	186350000	184950000	28
chr1	186400000	189150000	55
chr1	186500000	185650000	17
chr1	189550000	190450000	18
chr1	190500000	191000000	10
chr10	  1950000	  2650000	14
chr10	  2450000	  3150000	14
chr10	  2700000	  3400000	14
chr10	  5100000	  5950000	17
chr10	  5700000	  6100000	8
chr10	  5700000	  6650000	19
chr10	  9550000	  8100000	29
chr10	 10200000	  9600000	12
chr10	 10300000	  9550000	15
chr10	 10450000	  8100000	47
chr10	 15950000	 14600000	27
chr10	 18950000	 17450000	30
chr10	 19500000	 18650000	17
chr10	 20450000	 19900000	11
chr10	 21800000	 22750000	19
chr10	 22750000	 22350000	8
chr10	 24200000	 23700000	10
chr10	 25950000	 25200000	15
chr10	 27850000	 25150000	54
chr10	 30700000	 29900000	16
chr10	 31800000	 32650000	17
chr10	 31950000	 34250000	46
chr10	 33800000	 32900000	18
chr10	 34400000	 34400000	0
chr10	 35550000	 34650000	18
chr10	 36250000	 38000000	35
chr10	 36400000	 37800000	28
chr10	 40650000	 39550000	22
chr10	 42850000	 42250000	12
chr10	 44500000	 43650000	17
chr10	 44800000	 46050000	25
chr10	 45000000	 43700000	26
chr10	 45950000	 46700000	15
chr10	 46400000	 44600000	36
chr10	 50050000	 51150000	22
chr10	 51000000	 49800000	24
chr10	 52250000	 53000000	15
chr10	 52750000	 52450000	6
chr10	 54350000	 53700000	13
chr10	 57550000	 58400000	17
chr10	 61050000	 61950000	18
chr10	 61250000	 60800000	9
chr10	 61950000	 60900000	21
chr10	 62050000	 60350000	34
chr10	 63150000	 62900000	5
chr10	 66450000	 65750000	14
chr10	 67350000	 66400000	19
chr10	 67750000	 69000000	25
chr10	 68150000	 67150000	20
chr10	 68550000	 69550000	20
chr10	 69100000	 68050000	21
chr10	 70800000	 67800000	60
chr10	 71000000	 70150000	17
chr10	 72250000	 73100000	17
chr10	 72650000	 71500000	23
chr10	 73250000	 71600000	33
chr10	 75800000	 77750000	39
chr10	 75850000	 73500000	47
chr10	 75850000	 75050000	16
chr10	 76500000	 78250000	35
chr10	 76550000	 75500000	21
chr10	 77500000	 78250000	15
chr10	 78550000	 77450000	22
chr10	 79050000	 81750000	54
chr10	 81750000	 80500000	25
chr10	 82600000	 82200000	8
chr10	 83150000	 84500000	27
chr10	 84400000	 82750000	33
chr10	 86700000	 85400000	26
chr10	 87650000	 87650000	0
chr10	 89950000	 88400000	31
chr10	 90800000	 92400000	32
chr10	 91700000	 90750000	19
chr10	 91850000	 93700000	37
chr10	 92200000	 90500000	34
chr10	 94000000	 93500000	10
chr10	 94350000	 95200000	17
chr10	 95050000	 97100000	41
chr10	 96050000	 96450000	8
chr10	 99950000	 99050000	18
chr10	100850000	102150000	26
chr10	102100000	101350000	15
chr10	102400000	104650000	45
chr10	103300000	102000000	26
chr10	104200000	105350000	23
chr10	104500000	105450000	19
chr10	104500000	105950000	29
chr10	105100000	105800000	14
chr10	108000000	106800000	24
chr10	108800000	107650000	23
chr10	109600000	108150000	29
chr10	111550000	113100000	31
chr10	112050000	110900000	23
chr10	113900000	114650000	15
chr10	117300000	116450000	17
chr10	118250000	117200000	21
chr10	120250000	119050000	24
chr10	120700000	122050000	27
chr10	120950000	120200000	15
chr10	121700000	119650000	41
chr10	121800000	124250000	49
chr10	123000000	121550000	29
chr10	123650000	121800000	37
chr10	124350000	125100000	15
chr10	125300000	123800000	30
chr10	125650000	125050000	12
chr10	126600000	126300000	6
chr10	128800000	129600000	16
chr10	129800000	128350000	29
chr10	130000000	130350000	7
chr11	  1500000	   750000	15
chr11	  1850000	  1000000	17
chr11	  2250000	  3250000	20
chr11	  2300000	  1450000	17
chr11	 11150000	 12450000	26
chr11	 11200000	 10550000	13
chr11	 11450000	 10150000	26
chr11	 11450000	 11100000	7
chr11	 13050000	 11400000	33
chr11	 14050000	 13600000	9
chr11	 15150000	 15600000	9
chr11	 15350000	 16150000	16
chr11	 16750000	 15650000	22
chr11	 18000000	 17200000	16
chr11	 18950000	 18100000	17
chr11	 24500000	 25650000	23
chr11	 24800000	 23900000	18
chr11	 25400000	 25900000	10
chr11	 26000000	 26600000	12
chr11	 27800000	 29200000	28
chr11	 28050000	 26400000	33
chr11	 28900000	 26850000	41
chr11	 29200000	 31350000	43
chr11	 30500000	 31850000	27
chr11	 31500000	 32150000	13
chr11	 32050000	 34500000	49
chr11	 32750000	 31400000	27
chr11	 33450000	 34550000	22
chr11	 34000000	 34350000	7
chr11	 34150000	 32800000	27
chr11	 36050000	 37850000	36
chr11	 37500000	 39300000	36
chr11	 39150000	 39950000	16
chr11	 40150000	 38850000	26
chr11	 42000000	 42450000	9
chr11	 47900000	 46650000	25
chr11	 50600000	 51250000	13
chr11	 51100000	 52600000	30
chr11	 52600000	 51900000	14
chr11	 53000000	 52150000	17
chr11	 54500000	 53050000	29
chr11	 54850000	 56400000	31
chr11	 55450000	 54300000	23
chr11	 55600000	 54800000	16
chr11	 58100000	 58550000	9
chr11	 60150000	 59100000	21
chr11	 60800000	 59450000	27
chr11	 62350000	 61700000	13
chr11	 63850000	 64850000	20
chr11	 65050000	 64050000	20
chr11	 65350000	 66400000	21
chr11	 67800000	 65500000	46
chr11	 67900000	 69250000	27
chr11	 68400000	 66200000	44
chr11	 68950000	 66900000	41
chr11	 69600000	 68850000	15
chr11	 70200000	 71050000	17
chr11	 70300000	 71350000	21
chr11	 70600000	 69350000	25
chr11	 70900000	 71400000	10
chr11	 71100000	 69250000	37
chr11	 71400000	 70150000	25
chr11	 71550000	 70750000	16
chr11	 72500000	 73450000	19
chr11	 73450000	 71500000	39
chr11	 75950000	 78400000	49
chr11	 78200000	 78050000	3
chr11	 78400000	 77100000	26
chr11	 78800000	 79400000	12
chr11	 79900000	 79450000	9
chr11	 81150000	 82050000	18
chr11	 82200000	 81400000	16
chr11	 83050000	 83400000	7
chr11	 83950000	 83550000	8
chr11	 83950000	 84750000	16
chr11	 88700000	 90000000	26
chr11	 91800000	 90400000	28
chr11	 92550000	 91950000	12
chr11	 92800000	 90550000	45
chr11	 93050000	 93450000	8
chr11	 93300000	 94550000	25
chr11	 94700000	 94100000	12
chr11	 97550000	 98450000	18
chr11	 97600000	 98200000	12
chr11	 97650000	 97250000	8
chr11	 98350000	 99400000	21
chr11	 99100000	 97600000	30
chr11	101350000	104150000	56
chr11	103150000	104150000	20
chr11	103550000	102450000	22
chr11	104400000	106400000	40
chr11	105100000	108450000	67
chr11	105450000	107050000	32
chr11	105850000	107650000	36
chr11	106650000	107100000	9
chr11	108200000	109950000	35
chr11	111400000	110800000	12
chr11	113250000	112300000	19
chr11	113750000	114750000	20
chr11	115150000	114750000	8
chr11	116550000	115250000	26
chr11	118700000	117900000	16
chr11	119800000	121150000	27
chr11	121600000	121900000	6
chr12	  1100000	  2000000	18
chr12	  1950000	  3200000	25
chr12	  3650000	  2000000	33
chr12	  7350000	  8150000	16
chr12	  9050000	  7900000	23
chr12	 10400000	 13500000	62
chr12	 10450000	 11550000	22
chr12	 11400000	  9950000	29
chr12	 12050000	 10700000	27
chr12	 14800000	 13600000	24
chr12	 17050000	 17800000	15
chr12	 17350000	 18250000	18
chr12	 18000000	 17050000	19
chr12	 18100000	 21050000	59
chr12	 18800000	 19600000	16
chr12	 19350000	 17800000	31
chr12	 19750000	 18850000	18
chr12	 23500000	 22900000	12
chr12	 25250000	 24900000	7
chr12	 25800000	 27650000	37
chr12	 26400000	 24700000	34
chr12	 27700000	 29950000	45
chr12	 28400000	 29300000	18
chr12	 30250000	 29450000	16
chr12	 30450000	 30100000	7
chr12	 33550000	 33850000	6
chr12	 37500000	 37700000	4
chr12	 39900000	 39100000	16
chr12	 40800000	 39700000	22
chr12	 41900000	 42850000	19
chr12	 42000000	 41750000	5
chr12	 42750000	 41800000	19
chr12	 43150000	 44300000	23
chr12	 44350000	 45050000	14
chr12	 44450000	 44750000	6
chr12	 47500000	 48200000	14
chr12	 48900000	 50350000	29
chr12	 48950000	 50650000	34
chr12	 49000000	 47550000	29
chr12	 50900000	 50350000	11
chr12	 51100000	 52450000	27
chr12	 52850000	 54000000	23
chr12	 54350000	 55900000	31
chr12	 55350000	 56050000	14
chr12	 56850000	 58600000	35
chr12	 58350000	 61850000	70
chr12	 58650000	 59550000	18
chr12	 59350000	 58000000	27
chr12	 60150000	 59700000	9
chr12	 61200000	 57650000	71
chr12	 64900000	 63650000	25
chr12	 65450000	 67000000	31
chr12	 66700000	 65500000	24
chr12	 66700000	 68750000	41
chr12	 67450000	 67000000	9
chr12	 67600000	 66600000	20
chr12	 69400000	 68950000	9
chr12	 71900000	 68200000	74
chr12	 73050000	 71800000	25
chr12	 73450000	 72150000	26
chr12	 74650000	 75050000	8
chr12	 75100000	 74050000	21
chr12	 78700000	 78050000	13
chr12	 81800000	 80100000	34
chr12	 83300000	 84300000	20
chr12	 83550000	 80750000	56
chr12	 83950000	 84250000	6
chr12	 84950000	 82550000	48
chr12	 86150000	 87150000	20
chr12	 86600000	 86750000	3
chr12	 88150000	 86850000	26
chr12	 88700000	 87000000	34
chr12	 90500000	 91400000	18
chr12	 92250000	 93100000	17
chr12	 92400000	 89250000	63
chr12	 93850000	 92650000	24
chr12	 96300000	 95200000	22
chr12	 97300000	 95200000	42
chr12	 98300000	 99450000	23
chr12	 99850000	102200000	47
chr12	100000000	 98150000	37
chr12	102750000	101600000	23
chr12	102750000	102000000	15
chr12	103300000	104150000	17
chr12	107250000	106500000	15
chr12	107800000	106800000	20
chr12	110950000	111950000	20
chr12	113000000	111950000	21
chr12	113800000	112950000	17
chr12	114800000	115650000	17
chr12	115250000	116300000	21
chr12	115850000	116250000	8
chr12	116600000	115950000	13
chr12	117850000	118900000	21
chr12	119400000	120000000	12
chr13	   600000	  1350000	15
chr13	  2000000	  2550000	11
chr13	  2050000	   200000	37
chr13	  2350000	  1500000	17
chr13	  3000000	  1300000	34
chr13	  3550000	  2400000	23
chr13	  3650000	  4700000	21
chr13	  5050000	  6950000	38
chr13	  5150000	  6250000	22
chr13	  7450000	  8100000	13
chr13	  8100000	  7900000	4
chr13	 11550000	  9100000	49
chr13	 12150000	 12550000	8
chr13	 13250000	 12000000	25
chr13	 14800000	 15150000	7
chr13	 16650000	 17850000	24
chr13	 18450000	 18050000	8
chr13	 19000000	 19750000	15
chr13	 19600000	 21450000	37
chr13	 19850000	 20900000	21
chr13	 20200000	 21550000	27
chr13	 20950000	 20600000	7
chr13	 24450000	 25100000	13
chr13	 25200000	 24300000	18
chr13	 26050000	 28450000	48
chr13	 26900000	 26100000	16
chr13	 30000000	 30350000	7
chr13	 30300000	 29500000	16
chr13	 31200000	 30000000	24
chr13	 31300000	 33350000	41
chr13	 31600000	 30750000	17
chr13	 31600000	 33350000	35
chr13	 35350000	 34300000	21
chr13	 35550000	 36650000	22
chr13	 35700000	 34550000	23
chr13	 36900000	 38400000	30
chr13	 39550000	 40100000	11
chr13	 45900000	 46500000	12
chr13	 49650000	 48950000	14
chr13	 53550000	 53200000	7
chr13	 53600000	 52500000	22
chr13	 54750000	 56950000	44
chr13	 55450000	 52000000	69
chr13	 58050000	 58600000	11
chr13	 58050000	 59300000	25
chr13	 58550000	 59550000	20
chr13	 59500000	 58500000	20
chr13	 60100000	 59000000	22
chr13	 61950000	 62550000	12
chr13	 62150000	 62850000	14
chr13	 62650000	 63650000	20
chr13	 63550000	 64550000	20
chr13	 64900000	 65100000	4
chr13	 64950000	 63950000	20
chr13	 65450000	 66200000	15
chr13	 67300000	 65150000	43
chr13	 67600000	 66300000	26
chr13	 68600000	 70700000	42
chr13	 70350000	 69350000	20
chr13	 71150000	 72450000	26
chr13	 71350000	 72100000	15
chr13	 71950000	 71050000	18
chr13	 72900000	 74600000	34
chr13	 74050000	 75150000	22
chr13	 74350000	 75200000	17
chr13	 75250000	 76600000	27
chr13	 75750000	 74800000	19
chr13	 86200000	 84000000	44
chr13	 86600000	 87300000	14
chr13	 87200000	 86150000	21
chr13	 87350000	 84000000	67
chr13	 87950000	 89200000	25
chr13	 88500000	 89050000	11
chr13	 88950000	 87150000	36
chr13	 89700000	 90000000	6
chr13	 90700000	 91800000	22
chr13	 90800000	 88950000	37
chr13	 92150000	 91650000	10
chr13	 95250000	 93650000	32
chr13	 95750000	 96100000	7
chr13	 96100000	 95150000	19
chr13	 97150000	 95750000	28
chr13	 97650000	 97000000	13
chr13	 98250000	 98800000	11
chr13	 98650000	 99200000	11
chr13	102150000	101750000	8
chr13	102650000	103500000	17
chr13	102700000	103200000	10
chr13	103400000	105450000	41
chr13	107500000	106300000	24
chr13	109500000	110950000	29
chr13	109700000	110650000	19
chr13	109900000	109500000	8
chr13	111550000	110650000	18
chr13	112400000	112950000	11
chr13	113000000	115550000	51
chr13	114650000	114950000	6
chr13	114650000	115850000	24
chr13	114800000	113800000	20
chr13	115350000	116600000	25
chr13	115350000	117250000	38
chr13	119750000	120200000	9
chr14	  1100000	  2300000	24
chr14	  2150000	  1200000	19
chr14	  2600000	  3000000	8
chr14	  5700000	  7600000	38
chr14	  6300000	  7700000	28
chr14	  8650000	  9150000	10
chr14	  8950000	  7650000	26
chr14	  9200000	 10050000	17
chr14	 10750000	 12350000	32
chr14	 12850000	 15050000	44
chr14	 13000000	 14100000	22
chr14	 15450000	 14700000	15
chr14	 19550000	 20150000	12
chr14	 20750000	 21750000	20
chr14	 20800000	 20800000	0
chr14	 23650000	 22600000	21
chr14	 23750000	 23200000	11
chr14	 24350000	 22400000	39
chr14	 28950000	 31900000	59
chr14	 29300000	 30650000	27
chr14	 33600000	 32500000	22
chr14	 34100000	 35000000	18
chr14	 34250000	 35950000	34
chr14	 34950000	 33500000	29
chr14	 36450000	 37450000	20
chr14	 36650000	 36650000	0
chr14	 37050000	 35700000	27
chr14	 37950000	 38850000	18
chr14	 38450000	 37600000	17
chr14	 38550000	 38150000	8
chr14	 39100000	 37700000	28
chr14	 42450000	 41150000	26
chr14	 43000000	 41650000	27
chr14	 44100000	 42700000	28
chr14	 46650000	 46250000	8
chr14	 47850000	 48850000	20
chr14	 49900000	 50900000	20
chr14	 50300000	 49100000	24
chr14	 50900000	 51750000	17
chr14	 53400000	 53850000	9
chr14	 55750000	 56750000	20
chr14	 56200000	 56650000	9
chr14	 60700000	 60150000	11
chr14	 62350000	 63550000	24
chr14	 62700000	 60850000	37
chr14	 62800000	 64200000	28
chr14	 64200000	 63000000	24
chr14	 67350000	 66700000	13
chr14	 68500000	 68200000	6
chr14	 70200000	 73150000	59
chr14	 73200000	 72500000	14
chr14	 75900000	 75050000	17
chr14	 77600000	 77400000	4
chr14	 78850000	 79650000	16
chr14	 79450000	 78450000	20
chr14	 81800000	 83550000	35
chr14	 82600000	 82150000	9
chr14	 83250000	 86200000	59
chr14	 86850000	 85100000	35
chr14	 88450000	 89100000	13
chr14	 88750000	 90150000	28
chr14	 89000000	 87600000	28
chr14	 90950000	 91700000	15
chr14	 91200000	 92100000	18
chr14	 91750000	 90250000	30
chr14	 94250000	 95350000	22
chr14	 94850000	 95950000	22
chr14	 99950000	 98850000	22
chr14	100500000	100000000	10
chr14	101150000	100300000	17
chr14	103300000	102700000	12
chr14	105550000	106100000	11
chr14	107750000	108850000	22
chr14	108100000	105500000	52
chr14	108150000	106200000	39
chr14	110100000	111000000	18
chr14	110150000	109550000	12
chr14	111200000	112100000	18
chr14	111750000	113300000	31
chr14	112350000	111100000	25
chr14	112550000	111400000	23
chr14	114250000	115450000	24
chr14	115750000	117800000	41
chr14	116200000	116800000	12
chr14	117400000	119350000	39
chr15	  2000000	   350000	33
chr15	  2250000	  3200000	19
chr15	  5500000	  4400000	22
chr15	  6250000	  5050000	24
chr15	  6450000	  5550000	18
chr15	  7100000	  6350000	15
chr15	  7350000	  6650000	14
chr15	 11500000	 10750000	15
chr15	 12400000	 10500000	38
chr15	 13000000	 11950000	21
chr15	 13600000	 13900000	6
chr15	 15000000	 13900000	22
chr15	 15300000	 14700000	12
chr15	 16000000	 15500000	10
chr15	 18750000	 19550000	16
chr15	 20250000	 18550000	34
chr15	 21650000	 22600000	19
chr15	 21800000	 20750000	21
chr15	 22550000	 21400000	23
chr15	 23650000	 24250000	12
chr15	 24700000	 24300000	8
chr15	 25000000	 26100000	22
chr15	 27400000	 28600000	24
chr15	 29450000	 30050000	12
chr15	 30950000	 29900000	21
chr15	 31500000	 30700000	16
chr15	 34900000	 33400000	30
chr15	 34950000	 31450000	70
chr15	 36450000	 37350000	18
chr15	 37850000	 35750000	42
chr15	 41900000	 43700000	36
chr15	 45250000	 44450000	16
chr15	 48300000	 47450000	17
chr15	 49150000	 50950000	36
chr15	 49300000	 47900000	28
chr15	 49300000	 52200000	58
chr15	 49650000	 49300000	7
chr15	 50450000	 49300000	23
chr15	 50650000	 51200000	11
chr15	 51050000	 51050000	0
chr15	 51600000	 50700000	18
chr15	 52850000	 54400000	31
chr15	 53000000	 54650000	33
chr15	 54300000	 53750000	11
chr15	 54550000	 55300000	15
chr15	 54750000	 50100000	93
chr15	 57600000	 56700000	18
chr15	 60250000	 60900000	13
chr15	 63350000	 61700000	33
chr15	 64000000	 65850000	37
chr15	 64300000	 63300000	20
chr15	 65100000	 64200000	18
chr15	 65200000	 64700000	10
chr15	 65350000	 64100000	25
chr15	 67550000	 69000000	29
chr15	 68950000	 66950000	40
chr15	 70600000	 70200000	8
chr15	 71100000	 69150000	39
chr15	 71900000	 73200000	26
chr15	 71950000	 73700000	35
chr15	 73950000	 74650000	14
chr15	 74950000	 75200000	5
chr15	 75050000	 74300000	15
chr15	 75450000	 76450000	20
chr15	 75950000	 75050000	18
chr15	 76850000	 78700000	37
chr15	 77150000	 76350000	16
chr15	 79150000	 80350000	24
chr15	 80650000	 82050000	28
chr15	 81100000	 82650000	31
chr15	 81950000	 80500000	29
chr15	 81950000	 81400000	11
chr15	 83850000	 85000000	23
chr15	 84300000	 85850000	31
chr15	 84750000	 85300000	11
chr15	 85650000	 84950000	14
chr15	 86100000	 85200000	18
chr15	 89550000	 90250000	14
chr15	 90600000	 89850000	15
chr15	 91350000	 90550000	16
chr15	 92200000	 91050000	23
chr15	 93050000	 92800000	5
chr15	 94650000	 95600000	19
chr15	 95100000	 96700000	32
chr15	 95900000	 96900000	20
chr15	 96450000	 97850000	28
chr15	 97800000	 98750000	19
chr15	 98000000	 97500000	10
chr15	 98400000	 96850000	31
chr15	 99600000	 98600000	20
chr15	100600000	 99100000	30
chr15	101300000	100150000	23
chr15	102750000	103400000	13
chr16	  3100000	  2600000	10
chr16	  4100000	  5250000	23
chr16	  4700000	  6800000	42
chr16	  6750000	  5700000	21
chr16	  6900000	  5750000	23
chr16	  8000000	  7000000	20
chr16	 10600000	  9200000	28
chr16	 14900000	 17100000	44
chr16	 18600000	 17900000	14
chr16	 18950000	 18450000	10
chr16	 20050000	 18250000	36
chr16	 24850000	 25750000	18
chr16	 24900000	 26050000	23
chr16	 26000000	 27300000	26
chr16	 26500000	 24750000	35
chr16	 26600000	 26050000	11
chr16	 26950000	 26100000	17
chr16	 30350000	 29100000	25
chr16	 33400000	 32500000	18
chr16	 34000000	 33200000	16
chr16	 36200000	 35000000	24
chr16	 36400000	 35750000	13
chr16	 36950000	 38750000	36
chr16	 41400000	 40100000	26
chr16	 43000000	 42500000	10
chr16	 43100000	 43850000	15
chr16	 43500000	 44550000	21
chr16	 43650000	 44700000	21
chr16	 44550000	 43450000	22
chr16	 44950000	 46700000	35
chr16	 45700000	 45150000	11
chr16	 45700000	 48100000	48
chr16	 45800000	 46700000	18
chr16	 46200000	 45300000	18
chr16	 48050000	 48400000	7
chr16	 48100000	 47250000	17
chr16	 48500000	 49850000	27
chr16	 55650000	 54650000	20
chr16	 56150000	 55750000	8
chr16	 56300000	 56850000	11
chr16	 59350000	 57400000	39
chr16	 59750000	 59250000	10
chr16	 59950000	 59000000	19
chr16	 60000000	 61900000	38
chr16	 61800000	 63400000	32
chr16	 64900000	 63500000	28
chr16	 69050000	 69850000	16
chr16	 70400000	 71700000	26
chr16	 70750000	 69300000	29
chr16	 71450000	 70900000	11
chr16	 71800000	 73300000	30
chr16	 72500000	 72050000	9
chr16	 76850000	 80650000	76
chr16	 77700000	 78650000	19
chr16	 78750000	 80300000	31
chr16	 79500000	 80200000	14
chr16	 80250000	 79200000	21
chr16	 80350000	 80100000	5
chr16	 81250000	 78850000	48
chr16	 81450000	 82150000	14
chr16	 81900000	 80650000	25
chr16	 82100000	 83250000	23
chr16	 82700000	 84600000	38
chr16	 82850000	 81850000	20
chr16	 83600000	 82000000	32
chr16	 85850000	 85150000	14
chr16	 91200000	 92400000	24
chr16	 97000000	 97000000	0
chr17	  2350000	  3500000	23
chr17	  6000000	  5150000	17
chr17	  8900000	  8300000	12
chr17	  9250000	 10650000	28
chr17	 12700000	 14600000	38
chr17	 12750000	 13650000	18
chr17	 14000000	 12800000	24
chr17	 15500000	 14700000	16
chr17	 16500000	 17350000	17
chr17	 17000000	 15950000	21
chr17	 18850000	 20100000	25
chr17	 18900000	 17250000	33
chr17	 18950000	 17750000	24
chr17	 21850000	 20800000	21
chr17	 22050000	 21250000	16
chr17	 23200000	 24550000	27
chr17	 23350000	 20950000	48
chr17	 24000000	 24700000	14
chr17	 25100000	 23850000	25
chr17	 26000000	 25000000	20
chr17	 26150000	 27100000	19
chr17	 26200000	 24100000	42
chr17	 27000000	 23100000	78
chr17	 27200000	 27800000	12
chr17	 28150000	 27850000	6
chr17	 28350000	 27400000	19
chr17	 28650000	 29450000	16
chr17	 31150000	 33350000	44
chr17	 31400000	 31950000	11
chr17	 31650000	 30350000	26
chr17	 31900000	 32400000	10
chr17	 31950000	 31200000	15
chr17	 32200000	 32950000	15
chr17	 32800000	 31050000	35
chr17	 33550000	 34500000	19
chr17	 37350000	 36750000	12
chr17	 38400000	 37200000	24
chr17	 38450000	 38200000	5
chr17	 38650000	 39600000	19
chr17	 39150000	 37250000	38
chr17	 40700000	 41350000	13
chr17	 40950000	 37950000	60
chr17	 44250000	 43150000	22
chr17	 44550000	 46200000	33
chr17	 44700000	 47200000	50
chr17	 45550000	 44700000	17
chr17	 47300000	 49000000	34
chr17	 47500000	 48300000	16
chr17	 48500000	 49000000	10
chr17	 49100000	 48400000	14
chr17	 50250000	 49200000	21
chr17	 52450000	 51250000	24
chr17	 52900000	 53350000	9
chr17	 55100000	 56050000	19
chr17	 56100000	 56450000	7
chr17	 57700000	 58750000	21
chr17	 58650000	 59500000	17
chr17	 61450000	 60750000	14
chr17	 62650000	 63500000	17
chr17	 64150000	 63600000	11
chr17	 64600000	 67200000	52
chr17	 64650000	 65650000	20
chr17	 65800000	 65000000	16
chr17	 68100000	 66250000	37
chr17	 68900000	 70400000	30
chr17	 69450000	 69750000	6
chr17	 69850000	 68950000	18
chr17	 71300000	 69850000	29
chr17	 71950000	 73300000	27
chr17	 73100000	 70500000	52
chr17	 76350000	 77600000	25
chr17	 76800000	 79000000	44
chr17	 79400000	 79800000	8
chr17	 79600000	 78050000	31
chr17	 81750000	 83050000	26
chr17	 82050000	 80750000	26
chr17	 82800000	 81450000	27
chr17	 82900000	 83950000	21
chr17	 83000000	 84000000	20
chr17	 84150000	 82950000	24
chr17	 85450000	 85550000	2
chr17	 85450000	 85650000	4
chr17	 85800000	 86550000	15
chr17	 85950000	 88450000	50
chr17	 86450000	 87800000	27
chr17	 91000000	 92550000	31
chr17	 93500000	 92850000	13
chr17	 94950000	 94350000	12
chr18	  1800000	  2600000	16
chr18	  2950000	  4000000	21
chr18	  4750000	  5650000	18
chr18	  5450000	  6400000	19
chr18	  6600000	  4650000	39
chr18	 10900000	 13450000	51
chr18	 13950000	 13150000	16
chr18	 14600000	 13450000	23
chr18	 15200000	 16050000	17
chr18	 15500000	 15900000	8
chr18	 16500000	 17550000	21
chr18	 16750000	 17850000	22
chr18	 16900000	 17500000	12
chr18	 19850000	 21550000	34
chr18	 20300000	 18800000	30
chr18	 21900000	 22650000	15
chr18	 22550000	 24250000	34
chr18	 23900000	 23900000	0
chr18	 24500000	 22100000	48
chr18	 24600000	 23850000	15
chr18	 25900000	 25900000	0
chr18	 26850000	 27500000	13
chr18	 27600000	 26100000	30
chr18	 27600000	 26950000	13
chr18	 28800000	 29250000	9
chr18	 29500000	 27500000	40
chr18	 31050000	 29350000	34
chr18	 32200000	 30900000	26
chr18	 33300000	 32550000	15
chr18	 33300000	 34400000	22
chr18	 34950000	 34200000	15
chr18	 35400000	 34100000	26
chr18	 36950000	 36250000	14
chr18	 38500000	 36750000	35
chr18	 42450000	 43150000	14
chr18	 47150000	 46600000	11
chr18	 47400000	 46600000	16
chr18	 48150000	 46600000	31
chr18	 48800000	 48500000	6
chr18	 49250000	 48850000	8
chr18	 51750000	 53700000	39
chr18	 52750000	 50050000	54
chr18	 53950000	 52000000	39
chr18	 55950000	 54650000	26
chr18	 56100000	 55550000	11
chr18	 57700000	 56700000	20
chr18	 58400000	 57450000	19
chr18	 59500000	 61000000	30
chr18	 61050000	 59700000	27
chr18	 61250000	 63850000	52
chr18	 62250000	 63150000	18
chr18	 62900000	 64050000	23
chr18	 63350000	 61650000	34
chr18	 67200000	 67900000	14
chr18	 67650000	 68500000	17
chr18	 68350000	 69950000	32
chr18	 70250000	 71450000	24
chr18	 70400000	 71050000	13
chr18	 72050000	 71050000	20
chr18	 72100000	 71300000	16
chr18	 73150000	 75150000	40
chr18	 74600000	 73800000	16
chr18	 75450000	 73250000	44
chr18	 76050000	 75400000	13
chr18	 79000000	 81850000	57
chr18	 81650000	 83600000	39
chr18	 82500000	 83350000	17
chr18	 85050000	 86450000	28
chr18	 90500000	 89100000	28
chr19	  4150000	  5200000	21
chr19	  4150000	  5750000	32
chr19	  5900000	  5100000	16
chr19	  8450000	  9500000	21
chr19	 10450000	  8650000	36
chr19	 10900000	 11450000	11
chr19	 11250000	 10450000	16
chr19	 11500000	 13000000	30
chr19	 11750000	 10600000	23
chr19	 12150000	 10750000	28
chr19	 14000000	 12850000	23
chr19	 14550000	 15850000	26
chr19	 15600000	 15000000	12
chr19	 15800000	 15550000	5
chr19	 18200000	 20850000	53
chr19	 19050000	 20150000	22
chr19	 19700000	 20650000	19
chr19	 21600000	 22400000	16
chr19	 22850000	 23500000	13
chr19	 25100000	 24550000	11
chr19	 28100000	 26800000	26
chr19	 28650000	 29650000	20
chr19	 31500000	 32000000	10
chr19	 33850000	 35100000	25
chr19	 33950000	 32550000	28
chr19	 35350000	 36700000	27
chr19	 36900000	 38100000	24
chr19	 37350000	 36200000	23
chr19	 38750000	 39550000	16
chr19	 40900000	 39700000	24
chr19	 40950000	 42050000	22
chr19	 41200000	 39650000	31
chr19	 41250000	 42900000	33
chr19	 42350000	 43300000	19
chr19	 42500000	 41800000	14
chr19	 44100000	 43350000	15
chr19	 45000000	 44550000	9
chr19	 49250000	 46600000	53
chr19	 50350000	 49350000	20
chr19	 50400000	 49650000	15
chr19	 54450000	 53550000	18
chr19	 57950000	 56300000	33
chr19	 59450000	 57300000	43
chr19	 60000000	 59750000	5
chr2	  6050000	  4700000	27
chr2	  9750000	 11550000	36
chr2	 10400000	  9650000	15
chr2	 11000000	  8650000	47
chr2	 11250000	 11650000	8
chr2	 12600000	 10950000	33
chr2	 13300000	 13750000	9
chr2	 15700000	 17100000	28
chr2	 17250000	 18000000	15
chr2	 17950000	 17050000	18
chr2	 22150000	 21450000	14
chr2	 25300000	 26350000	21
chr2	 25650000	 26000000	7
chr2	 26450000	 27150000	14
chr2	 28500000	 27300000	24
chr2	 30550000	 32850000	46
chr2	 35750000	 37000000	25
chr2	 38800000	 37800000	20
chr2	 38900000	 39350000	9
chr2	 39850000	 39150000	14
chr2	 41050000	 41400000	7
chr2	 41450000	 39400000	41
chr2	 47200000	 48100000	18
chr2	 47700000	 45450000	45
chr2	 48000000	 48750000	15
chr2	 48850000	 48150000	14
chr2	 49800000	 48600000	24
chr2	 52750000	 51800000	19
chr2	 53600000	 54900000	26
chr2	 54950000	 52050000	58
chr2	 57200000	 58750000	31
chr2	 60850000	 61800000	19
chr2	 61100000	 59350000	35
chr2	 62150000	 60000000	43
chr2	 67000000	 66000000	20
chr2	 67000000	 67850000	17
chr2	 67600000	 66050000	31
chr2	 71600000	 72150000	11
chr2	 71700000	 73150000	29
chr2	 74100000	 73400000	14
chr2	 75100000	 76250000	23
chr2	 77850000	 79950000	42
chr2	 79800000	 79400000	8
chr2	 81400000	 81700000	6
chr2	 81500000	 83000000	30
chr2	 81600000	 82900000	26
chr2	 81750000	 82500000	15
chr2	 84250000	 83450000	16
chr2	 87650000	 85600000	41
chr2	 88650000	 86650000	40
chr2	 89150000	 89800000	13
chr2	 89550000	 90950000	28
chr2	 90150000	 89400000	15
chr2	 91500000	 90200000	26
chr2	 94600000	 93950000	13
chr2	 97950000	 97250000	14
chr2	 98000000	 97350000	13
chr2	 98450000	 95500000	59
chr2	 99100000	100500000	28
chr2	101900000	101350000	11
chr2	103100000	103950000	17
chr2	104000000	102200000	36
chr2	104250000	102900000	27
chr2	104800000	103700000	22
chr2	105150000	103350000	36
chr2	107250000	108050000	16
chr2	107550000	105500000	41
chr2	109900000	109650000	5
chr2	109900000	110600000	14
chr2	110400000	109800000	12
chr2	111000000	113400000	48
chr2	111050000	110400000	13
chr2	112550000	114800000	45
chr2	115050000	113950000	22
chr2	115750000	116450000	14
chr2	115850000	115050000	16
chr2	120350000	120900000	11
chr2	122050000	123600000	31
chr2	123500000	120650000	57
chr2	124150000	123600000	11
chr2	125400000	126250000	17
chr2	126050000	125100000	19
chr2	126450000	127400000	19
chr2	127200000	126700000	10
chr2	129100000	130050000	19
chr2	129900000	128850000	21
chr2	130600000	129900000	14
chr2	132000000	130550000	29
chr2	132600000	133400000	16
chr2	133100000	133950000	17
chr2	133650000	132600000	21
chr2	135850000	133600000	45
chr2	137200000	136550000	13
chr2	137550000	140000000	49
chr2	138850000	138850000	0
chr2	139000000	137600000	28
chr2	140700000	141500000	16
chr2	141050000	139500000	31
chr2	141200000	142400000	24
chr2	142600000	142050000	11
chr2	148100000	150000000	38
chr2	149300000	151200000	38
chr2	151150000	150800000	7
chr2	154300000	153600000	14
chr2	157200000	158200000	20
chr2	158150000	156700000	29
chr2	159650000	161200000	31
chr2	163350000	162050000	26
chr2	165250000	165800000	11
chr2	167450000	164600000	57
chr2	167500000	166300000	24
chr2	169200000	169450000	5
chr2	170000000	168900000	22
chr2	171000000	170600000	8
chr2	171100000	170050000	21
chr2	171600000	170350000	25
chr2	172100000	171400000	14
chr2	172600000	172900000	6
chr2	174000000	173200000	16
chr2	174800000	175950000	23
chr2	177200000	175550000	33
chr2	178300000	178950000	13
chr2	179600000	178800000	16
chr3	  2000000	  2600000	12
chr3	  2650000	  3600000	19
chr3	  3000000	  1700000	26
chr3	  5000000	  4250000	15
chr3	 10050000	 11600000	31
chr3	 10450000	 11900000	29
chr3	 11150000	 12000000	17
chr3	 12900000	  8400000	90
chr3	 13050000	 14950000	38
chr3	 14300000	 14500000	4
chr3	 14350000	 15800000	29
chr3	 17150000	 17400000	5
chr3	 17450000	 18200000	15
chr3	 18100000	 19700000	32
chr3	 18650000	 17450000	24
chr3	 18950000	 18200000	15
chr3	 21100000	 21650000	11
chr3	 21250000	 21250000	0
chr3	 23000000	 24050000	21
chr3	 23300000	 22850000	9
chr3	 24050000	 25350000	26
chr3	 25400000	 22850000	51
chr3	 25950000	 24750000	24
chr3	 30150000	 28500000	33
chr3	 31500000	 29450000	41
chr3	 33500000	 34100000	12
chr3	 34250000	 33000000	25
chr3	 35100000	 38300000	64
chr3	 35450000	 35050000	8
chr3	 36350000	 36100000	5
chr3	 36400000	 34750000	33
chr3	 37350000	 37950000	12
chr3	 38450000	 35400000	61
chr3	 39500000	 38000000	30
chr3	 41700000	 42650000	19
chr3	 42500000	 43200000	14
chr3	 44600000	 45750000	23
chr3	 45600000	 45000000	12
chr3	 46300000	 45600000	14
chr3	 47500000	 47900000	8
chr3	 47700000	 49400000	34
chr3	 48700000	 50100000	28
chr3	 49000000	 48100000	18
chr3	 49600000	 47900000	34
chr3	 50200000	 49650000	11
chr3	 51600000	 52250000	13
chr3	 54950000	 56350000	28
chr3	 57250000	 57500000	5
chr3	 58100000	 59200000	22
chr3	 58100000	 59900000	36
chr3	 58400000	 57300000	22
chr3	 58700000	 57950000	15
chr3	 59150000	 58150000	20
chr3	 60200000	 58900000	26
chr3	 60450000	 59200000	25
chr3	 62900000	 63700000	16
chr3	 64650000	 62500000	43
chr3	 65750000	 67850000	42
chr3	 65850000	 64100000	35
chr3	 65900000	 67400000	30
chr3	 66550000	 67850000	26
chr3	 68800000	 66750000	41
chr3	 73100000	 72600000	10
chr3	 73300000	 74750000	29
chr3	 73700000	 74400000	14
chr3	 79050000	 81200000	43
chr3	 80800000	 77400000	68
chr3	 82250000	 84750000	50
chr3	 82550000	 81550000	20
chr3	 82600000	 84350000	35
chr3	 83300000	 84300000	20
chr3	 84050000	 83100000	19
chr3	 84750000	 83900000	17
chr3	 86050000	 86950000	18
chr3	 87600000	 89100000	30
chr3	 91150000	 88300000	57
chr3	 91200000	 94550000	67
chr3	 92550000	 91300000	25
chr3	 92750000	 92350000	8
chr3	 94900000	 96300000	28
chr3	 96100000	 95750000	7
chr3	 96400000	 94400000	40
chr3	100000000	100900000	18
chr3	100150000	 99000000	23
chr3	103150000	105750000	52
chr3	105900000	106500000	12
chr3	108800000	107550000	25
chr3	108900000	107750000	23
chr3	109150000	109500000	7
chr3	109200000	108250000	19
chr3	111950000	113950000	40
chr3	112750000	113700000	19
chr3	115550000	116900000	27
chr3	120000000	118000000	40
chr3	125950000	125300000	13
chr3	131050000	129100000	39
chr3	132350000	133400000	21
chr3	132700000	132150000	11
chr3	135150000	135800000	13
chr3	135200000	135900000	14
chr3	138600000	140250000	33
chr3	139500000	140300000	16
chr3	140800000	142050000	25
chr3	143500000	141900000	32
chr3	145150000	144600000	11
chr3	145750000	144750000	20
chr3	146200000	144750000	29
chr3	146350000	145800000	11
chr3	149200000	148550000	13
chr3	149800000	150900000	22
chr3	150150000	150850000	14
chr3	151000000	150050000	19
chr3	151800000	150600000	24
chr3	152800000	153350000	11
chr3	154350000	153450000	18
chr3	155600000	153400000	44
chr3	158400000	158100000	6
chr4	  3350000	  2100000	25
chr4	  4050000	  1700000	47
chr4	  5500000	  3850000	33
chr4	  7900000	  7000000	18
chr4	 10950000	 10150000	16
chr4	 12000000	 10650000	27
chr4	 12900000	 14750000	37
chr4	 13750000	 12750000	20
chr4	 15250000	 14150000	22
chr4	 15250000	 14500000	15
chr4	 16350000	 16750000	8
chr4	 19500000	 19700000	4
chr4	 23650000	 24800000	23
chr4	 23750000	 23050000	14
chr4	 24800000	 23050000	35
chr4	 27000000	 28250000	25
chr4	 27350000	 26650000	14
chr4	 28050000	 29450000	28
chr4	 28350000	 27000000	27
chr4	 29000000	 32850000	77
chr4	 29550000	 27900000	33
chr4	 29550000	 28350000	24
chr4	 31450000	 32800000	27
chr4	 31550000	 31350000	4
chr4	 32450000	 32450000	0
chr4	 34550000	 34950000	8
chr4	 35300000	 34500000	16
chr4	 36750000	 35700000	21
chr4	 37550000	 38800000	25
chr4	 37650000	 36650000	20
chr4	 38650000	 37150000	30
chr4	 40950000	 42000000	21
chr4	 41350000	 42150000	16
chr4	 41550000	 40150000	28
chr4	 42150000	 43100000	19
chr4	 42600000	 44100000	30
chr4	 42750000	 41600000	23
chr4	 43300000	 45150000	37
chr4	 44150000	 42050000	42
chr4	 48050000	 47450000	12
chr4	 51550000	 53350000	36
chr4	 52550000	 53750000	24
chr4	 53600000	 54550000	19
chr4	 54400000	 55650000	25
chr4	 55400000	 54300000	22
chr4	 57350000	 56900000	9
chr4	 57700000	 57400000	6
chr4	 58200000	 60250000	41
chr4	 59050000	 60000000	19
chr4	 59250000	 58750000	10
chr4	 64250000	 64750000	10
chr4	 64350000	 64850000	10
chr4	 64550000	 65450000	18
chr4	 65000000	 67100000	42
chr4	 65700000	 66900000	24
chr4	 65850000	 66700000	17
chr4	 66000000	 68900000	58
chr4	 68600000	 69550000	19
chr4	 68800000	 68150000	13
chr4	 69550000	 70400000	17
chr4	 71500000	 73700000	44
chr4	 72900000	 72200000	14
chr4	 75150000	 74800000	7
chr4	 75200000	 75800000	12
chr4	 75950000	 75100000	17
chr4	 76000000	 76650000	13
chr4	 77850000	 76750000	22
chr4	 80350000	 81950000	32
chr4	 82750000	 82050000	14
chr4	 83100000	 81250000	37
chr4	 83150000	 82100000	21
chr4	 84600000	 85250000	13
chr4	 85150000	 84650000	10
chr4	 85350000	 84450000	18
chr4	 86900000	 87550000	13
chr4	 90150000	 91150000	20
chr4	 91550000	 89000000	51
chr4	 93300000	 93800000	10
chr4	 93450000	 93800000	7
chr4	 95100000	 96100000	20
chr4	 95100000	 96500000	28
chr4	 95750000	 97150000	28
chr4	 97100000	 98050000	19
chr4	 98050000	 96650000	28
chr4	 98700000	 99350000	13
chr4	 99200000	 99700000	10
chr4	 99400000	100550000	23
chr4	 99900000	 97350000	51
chr4	102250000	100850000	28
chr4	102300000	102800000	10
chr4	102700000	102200000	10
chr4	103500000	104400000	18
chr4	105050000	104400000	13
chr4	110450000	109350000	22
chr4	111300000	110150000	23
chr4	113950000	113150000	16
chr4	114500000	113300000	24
chr4	115650000	114500000	23
chr4	116500000	115350000	23
chr4	116700000	114400000	46
chr4	117050000	117650000	12
chr4	119000000	119950000	19
chr4	119350000	118350000	20
chr4	120000000	119400000	12
chr4	120500000	119500000	20
chr4	120500000	122250000	35
chr4	120950000	121700000	15
chr4	123850000	124950000	22
chr4	124450000	126300000	37
chr4	125800000	124850000	19
chr4	126650000	126000000	13
chr4	126750000	123550000	64
chr4	127300000	125800000	30
chr4	128200000	126550000	33
chr4	129450000	130850000	28
chr4	133150000	133750000	12
chr4	139150000	140750000	32
chr4	139400000	138400000	20
chr4	139950000	138900000	21
chr4	143400000	144350000	19
chr4	143500000	141700000	36
chr4	144500000	143350000	23
chr4	147350000	148800000	29
chr4	148450000	149050000	12
chr4	149650000	148600000	21
chr4	150550000	150000000	11
chr4	150650000	150150000	10
chr4	151550000	150750000	16
chr4	151750000	150450000	26
chr4	152950000	154250000	26
chr4	153350000	152750000	12
chr4	153550000	154800000	25
chr4	154150000	155450000	26
chr4	154300000	155350000	21
chr4	155150000	155900000	15
chr4	155900000	156350000	9
chr5	  4300000	  2850000	29
chr5	  6250000	  7350000	22
chr5	  6650000	  7100000	9
chr5	 10550000	 11900000	27
chr5	 10650000	 11100000	9
chr5	 13400000	 15400000	40
chr5	 13700000	 14250000	11
chr5	 13750000	 12800000	19
chr5	 14000000	 18850000	97
chr5	 14650000	 16850000	44
chr5	 16900000	 18800000	38
chr5	 17350000	 16250000	22
chr5	 17700000	 18900000	24
chr5	 19300000	 20200000	18
chr5	 20150000	 16750000	68
chr5	 20400000	 21150000	15
chr5	 21650000	 20550000	22
chr5	 22000000	 22300000	6
chr5	 24350000	 23450000	18
chr5	 25000000	 24100000	18
chr5	 25150000	 26200000	21
chr5	 27250000	 27900000	13
chr5	 28900000	 28000000	18
chr5	 29300000	 31750000	49
chr5	 32450000	 29550000	58
chr5	 33250000	 31750000	30
chr5	 33550000	 35300000	35
chr5	 34350000	 34000000	7
chr5	 37300000	 33700000	72
chr5	 38150000	 37300000	17
chr5	 39250000	 39800000	11
chr5	 39950000	 38800000	23
chr5	 40700000	 41250000	11
chr5	 41850000	 44400000	51
chr5	 43650000	 44450000	16
chr5	 44650000	 43100000	31
chr5	 45200000	 45800000	12
chr5	 45600000	 44800000	16
chr5	 45750000	 44000000	35
chr5	 46000000	 45250000	15
chr5	 48750000	 49750000	20
chr5	 50850000	 50100000	15
chr5	 50900000	 52400000	30
chr5	 51050000	 51650000	12
chr5	 52100000	 52550000	9
chr5	 52150000	 50200000	39
chr5	 52450000	 51050000	28
chr5	 53600000	 52900000	14
chr5	 56350000	 55500000	17
chr5	 59600000	 61350000	35
chr5	 60550000	 61100000	11
chr5	 63000000	 61550000	29
chr5	 65400000	 63700000	34
chr5	 65700000	 66750000	21
chr5	 67650000	 68650000	20
chr5	 68300000	 69500000	24
chr5	 69750000	 68600000	23
chr5	 72600000	 71900000	14
chr5	 72900000	 71950000	19
chr5	 72900000	 72050000	17
chr5	 74000000	 72900000	22
chr5	 75750000	 74400000	27
chr5	 75750000	 75300000	9
chr5	 76100000	 76800000	14
chr5	 77150000	 77850000	14
chr5	 79950000	 78800000	23
chr5	 82650000	 82050000	12
chr5	 84900000	 86300000	28
chr5	 86300000	 85500000	16
chr5	 86650000	 88300000	33
chr5	 86950000	 85600000	27
chr5	 87800000	 86650000	23
chr5	 87900000	 88650000	15
chr5	 88500000	 90150000	33
chr5	 88550000	 89750000	24
chr5	 89950000	 90700000	15
chr5	 91800000	 91200000	12
chr5	 92050000	 93200000	23
chr5	 92550000	 93100000	11
chr5	 95600000	 95500000	2
chr5	 96000000	 96350000	7
chr5	 96100000	 97600000	30
chr5	 97250000	 95650000	32
chr5	101050000	100450000	12
chr5	104400000	103800000	12
chr5	105850000	106550000	14
chr5	108300000	107150000	23
chr5	108700000	109350000	13
chr5	109500000	111100000	32
chr5	110900000	111600000	14
chr5	111300000	110650000	13
chr5	113950000	115350000	28
chr5	114850000	114400000	9
chr5	115250000	114950000	6
chr5	115350000	116150000	16
chr5	117550000	116850000	14
chr5	118750000	118450000	6
chr5	119600000	118700000	18
chr5	122000000	123250000	25
chr5	123000000	123550000	11
chr5	123950000	124750000	16
chr5	124050000	122650000	28
chr5	125850000	126600000	15
chr5	127250000	127800000	11
chr5	127400000	126400000	20
chr5	127950000	126950000	20
chr5	129550000	128800000	15
chr5	129550000	129050000	10
chr5	130200000	131000000	16
chr5	130450000	131100000	13
chr5	133500000	132550000	19
chr5	139350000	139000000	7
chr5	139450000	140300000	17
chr5	139650000	140650000	20
chr5	139850000	140550000	14
chr5	142300000	143450000	23
chr5	145250000	146300000	21
chr5	146200000	145150000	21
chr5	146950000	147400000	9
chr5	147800000	150350000	51
chr5	149400000	149400000	0
chr5	150350000	148000000	47
chr5	151350000	150600000	15
chr6	        0	   500000	10
chr6	  1600000	  2600000	20
chr6	  2000000	  1450000	11
chr6	  4350000	  3050000	26
chr6	  5600000	  6800000	24
chr6	  9900000	  9200000	14
chr6	 10350000	 10650000	6
chr6	 11000000	  8500000	50
chr6	 11400000	 10900000	10
chr6	 13400000	 13800000	8
chr6	 16000000	 14700000	26
chr6	 16350000	 15250000	22
chr6	 17150000	 16150000	20
chr6	 17600000	 17000000	12
chr6	 18900000	 20400000	30
chr6	 20700000	 19200000	30
chr6	 21950000	 20950000	20
chr6	 22900000	 22100000	16
chr6	 28400000	 27950000	9
chr6	 29650000	 28100000	31
chr6	 29750000	 28150000	32
chr6	 29800000	 27800000	40
chr6	 30400000	 29550000	17
chr6	 31900000	 31600000	6
chr6	 32200000	 31050000	23
chr6	 32250000	 32950000	14
chr6	 34700000	 35400000	14
chr6	 34700000	 36100000	28
chr6	 34850000	 36100000	25
chr6	 34900000	 33400000	30
chr6	 35650000	 35150000	10
chr6	 36150000	 34150000	40
chr6	 37150000	 36150000	20
chr6	 37200000	 37000000	4
chr6	 38150000	 39950000	36
chr6	 38800000	 37500000	26
chr6	 40550000	 39800000	15
chr6	 41200000	 40700000	10
chr6	 41800000	 42550000	15
chr6	 42900000	 41100000	36
chr6	 43400000	 42200000	24
chr6	 44500000	 43400000	22
chr6	 44850000	 43800000	21
chr6	 45100000	 43000000	42
chr6	 47050000	 46500000	11
chr6	 47200000	 49150000	39
chr6	 51600000	 53000000	28
chr6	 51650000	 53900000	45
chr6	 54200000	 53600000	12
chr6	 54350000	 53150000	24
chr6	 56600000	 57650000	21
chr6	 58200000	 62750000	91
chr6	 58400000	 59250000	17
chr6	 61800000	 61300000	10
chr6	 63200000	 61350000	37
chr6	 67850000	 67150000	14
chr6	 68300000	 70550000	45
chr6	 71650000	 71200000	9
chr6	 71700000	 74700000	60
chr6	 72100000	 73150000	21
chr6	 73400000	 69800000	72
chr6	 75650000	 75300000	7
chr6	 76850000	 78400000	31
chr6	 77750000	 75650000	42
chr6	 81050000	 82100000	21
chr6	 87650000	 87900000	5
chr6	 88950000	 89500000	11
chr6	 89100000	 87200000	38
chr6	 91950000	 92350000	8
chr6	 92450000	 90950000	30
chr6	 92450000	 96000000	71
chr6	 93600000	 94750000	23
chr6	 95400000	 92650000	55
chr6	 96550000	 96050000	10
chr6	 99150000	 99000000	3
chr6	107700000	107000000	14
chr6	112250000	110650000	32
chr6	113950000	114900000	19
chr6	114250000	113600000	13
chr6	115100000	116100000	20
chr6	116000000	115200000	16
chr6	118400000	118100000	6
chr6	119600000	118000000	32
chr6	121750000	122850000	22
chr6	122650000	121900000	15
chr6	123700000	121950000	35
chr6	124250000	124750000	10
chr6	125550000	125900000	7
chr6	126600000	125000000	32
chr6	127100000	125400000	34
chr6	127100000	127950000	17
chr6	127900000	126100000	36
chr6	128650000	129050000	8
chr6	130350000	129350000	20
chr6	130850000	133100000	45
chr6	134750000	135500000	15
chr6	137850000	137250000	12
chr6	141150000	143450000	46
chr6	144550000	144750000	4
chr6	145050000	147050000	40
chr6	145900000	147350000	29
chr6	146100000	146600000	10
chr6	146600000	146100000	10
chr6	146950000	146250000	14
chr6	148150000	149150000	20
chr6	148850000	147850000	20
chr7	  2950000	  2200000	15
chr7	  7400000	  8650000	25
chr7	  8250000	  9450000	24
chr7	  9300000	 12950000	73
chr7	  9450000	 10150000	14
chr7	  9800000	  9000000	16
chr7	 12650000	 11000000	33
chr7	 15750000	 16650000	18
chr7	 15900000	 14800000	22
chr7	 18850000	 18050000	16
chr7	 20050000	 19550000	10
chr7	 20850000	 21850000	20
chr7	 21800000	 20950000	17
chr7	 24850000	 25300000	9
chr7	 25750000	 23650000	42
chr7	 25750000	 26400000	13
chr7	 26150000	 26600000	9
chr7	 26250000	 27900000	33
chr7	 28650000	 30650000	40
chr7	 28800000	 30550000	35
chr7	 30150000	 30850000	14
chr7	 30450000	 30900000	9
chr7	 30550000	 31600000	21
chr7	 30600000	 29550000	21
chr7	 34700000	 33300000	28
chr7	 36250000	 34950000	26
chr7	 36550000	 35250000	26
chr7	 39450000	 40150000	14
chr7	 39750000	 38600000	23
chr7	 40400000	 39250000	23
chr7	 40700000	 41950000	25
chr7	 41500000	 43300000	36
chr7	 41800000	 41050000	15
chr7	 43350000	 45350000	40
chr7	 43750000	 45550000	36
chr7	 44200000	 44850000	13
chr7	 46200000	 44600000	32
chr7	 47750000	 48500000	15
chr7	 48100000	 49150000	21
chr7	 48700000	 49750000	21
chr7	 48900000	 47500000	28
chr7	 49400000	 48250000	23
chr7	 52750000	 52000000	15
chr7	 53500000	 55250000	35
chr7	 53650000	 54600000	19
chr7	 54300000	 55400000	22
chr7	 55650000	 55000000	13
chr7	 57150000	 58350000	24
chr7	 57250000	 56450000	16
chr7	 58650000	 58950000	6
chr7	 60850000	 60150000	14
chr7	 63600000	 64400000	16
chr7	 64350000	 62550000	36
chr7	 65200000	 66500000	26
chr7	 65350000	 64050000	26
chr7	 66250000	 65600000	13
chr7	 69050000	 68150000	18
chr7	 75900000	 76300000	8
chr7	 76950000	 75500000	29
chr7	 80650000	 81100000	9
chr7	 82300000	 81900000	8
chr7	 89150000	 90750000	32
chr7	 90500000	 91250000	15
chr7	 91950000	 92350000	8
chr7	 93750000	 92000000	35
chr7	 94150000	 93300000	17
chr7	 94750000	 96050000	26
chr7	 95300000	 95650000	7
chr7	 96050000	 97450000	28
chr7	 98900000	 99800000	18
chr7	 99450000	101900000	49
chr7	102600000	103050000	9
chr7	104700000	105800000	22
chr7	106600000	105250000	27
chr7	107350000	104700000	53
chr7	108700000	107350000	27
chr7	110400000	111150000	15
chr7	110500000	109650000	17
chr7	112450000	113100000	13
chr7	114900000	114250000	13
chr7	119150000	120800000	33
chr7	121250000	122500000	25
chr7	121900000	124700000	56
chr7	124250000	122000000	45
chr7	124400000	124700000	6
chr7	124500000	125150000	13
chr7	125250000	123700000	31
chr7	125600000	124800000	16
chr7	126350000	125850000	10
chr7	126600000	125550000	21
chr7	127550000	128500000	19
chr7	127850000	129150000	26
chr7	130350000	131150000	16
chr7	132350000	130700000	33
chr7	132350000	134000000	33
chr7	133000000	131000000	40
chr7	134850000	135350000	10
chr7	135150000	136900000	35
chr7	136900000	136000000	18
chr7	138400000	134650000	75
chr7	139150000	139650000	10
chr7	140000000	141400000	28
chr7	140350000	142200000	37
chr7	140700000	140950000	5
chr7	140950000	141550000	12
chr7	141600000	142850000	25
chr7	142300000	143150000	17
chr7	142400000	140700000	34
chr7	143050000	143450000	8
chr8	  3500000	  3850000	7
chr8	  4900000	  5900000	20
chr8	  6150000	  5800000	7
chr8	  8350000	  7550000	16
chr8	  8400000	  9050000	13
chr8	  9100000	  9600000	10
chr8	 10550000	  8900000	33
chr8	 10950000	 11950000	20
chr8	 11000000	  9300000	34
chr8	 11250000	 12350000	22
chr8	 11750000	 10800000	19
chr8	 12250000	 14850000	52
chr8	 13650000	 12800000	17
chr8	 18950000	 19750000	16
chr8	 19400000	 18200000	24
chr8	 19750000	 19150000	12
chr8	 24100000	 25250000	23
chr8	 24300000	 25850000	31
chr8	 24400000	 25000000	12
chr8	 26950000	 28800000	37
chr8	 27650000	 27150000	10
chr8	 28150000	 27400000	15
chr8	 30300000	 29450000	17
chr8	 30800000	 32250000	29
chr8	 30900000	 31750000	17
chr8	 31250000	 30400000	17
chr8	 31750000	 30850000	18
chr8	 32100000	 33600000	30
chr8	 38050000	 38650000	12
chr8	 39300000	 40000000	14
chr8	 41750000	 39950000	36
chr8	 42250000	 41450000	16
chr8	 44050000	 43000000	21
chr8	 44100000	 45550000	29
chr8	 44350000	 45050000	14
chr8	 44550000	 44000000	11
chr8	 45650000	 47100000	29
chr8	 49800000	 50950000	23
chr8	 50350000	 51400000	21
chr8	 50500000	 49300000	24
chr8	 51000000	 52650000	33
chr8	 51050000	 49000000	41
chr8	 52250000	 52900000	13
chr8	 52400000	 52650000	5
chr8	 52850000	 53150000	6
chr8	 53100000	 51850000	25
chr8	 53600000	 54800000	24
chr8	 55300000	 56000000	14
chr8	 56350000	 57450000	22
chr8	 57400000	 56900000	10
chr8	 60000000	 60900000	18
chr8	 60900000	 59200000	34
chr8	 63100000	 65500000	48
chr8	 68850000	 65600000	65
chr8	 69950000	 69400000	11
chr8	 70100000	 67950000	43
chr8	 71050000	 72100000	21
chr8	 72800000	 71850000	19
chr8	 72800000	 73500000	14
chr8	 74850000	 74200000	13
chr8	 74900000	 74200000	14
chr8	 76800000	 77500000	14
chr8	 78250000	 77650000	12
chr8	 82300000	 76300000	120
chr8	 83200000	 85250000	41
chr8	 83900000	 83300000	12
chr8	 84850000	 82950000	38
chr8	 86350000	 85400000	19
chr8	 86850000	 89000000	43
chr8	 89100000	 90550000	29
chr8	 91600000	 92550000	19
chr8	 92550000	 93750000	24
chr8	 93650000	 94250000	12
chr8	 94100000	 94550000	9
chr8	 95500000	 94750000	15
chr8	 96300000	 97300000	20
chr8	 96650000	 97950000	26
chr8	 96950000	 97500000	11
chr8	 97000000	 96550000	9
chr8	 99000000	100700000	34
chr8	 99750000	 98450000	26
chr8	100850000	101450000	12
chr8	103350000	103350000	0
chr8	103850000	101900000	39
chr8	104850000	105550000	14
chr8	105000000	106150000	23
chr8	106050000	107200000	23
chr8	108150000	107800000	7
chr8	108200000	109600000	28
chr8	109600000	110850000	25
chr8	110900000	109900000	20
chr8	112550000	113400000	17
chr8	112950000	114750000	36
chr8	114150000	115850000	34
chr8	116400000	114600000	36
chr8	118500000	117050000	29
chr8	121950000	124750000	56
chr8	122450000	123450000	20
chr8	123900000	125000000	22
chr8	124300000	124900000	12
chr8	126900000	128900000	40
chr8	127150000	126150000	20
chr8	128300000	127000000	26
chr8	129150000	128000000	23
chr9	  1900000	   250000	33
chr9	  3250000	  2850000	8
chr9	  4900000	  6150000	25
chr9	  5150000	  3250000	38
chr9	  5150000	  6000000	17
chr9	  5200000	  6600000	28
chr9	  5200000	  8450000	65
chr9	  5300000	  4450000	17
chr9	  6350000	  8650000	46
chr9	  7400000	  7900000	10
chr9	 11950000	 10950000	20
chr9	 12650000	 13350000	14
chr9	 14900000	 17250000	47
chr9	 15000000	 14100000	18
chr9	 16650000	 18000000	27
chr9	 16800000	 15150000	33
chr9	 17700000	 18550000	17
chr9	 20600000	 21700000	22
chr9	 21550000	 22450000	18
chr9	 24500000	 23650000	17
chr9	 24700000	 23000000	34
chr9	 27300000	 28150000	17
chr9	 27750000	 27050000	14
chr9	 27950000	 28550000	12
chr9	 29600000	 30050000	9
chr9	 30350000	 31850000	30
chr9	 31200000	 29250000	39
chr9	 31750000	 30900000	17
chr9	 32350000	 29850000	50
chr9	 33850000	 34350000	10
chr9	 35500000	 35200000	6
chr9	 36150000	 37350000	24
chr9	 40000000	 41350000	27
chr9	 40900000	 40000000	18
chr9	 42650000	 43950000	26
chr9	 46350000	 49600000	65
chr9	 46850000	 45550000	26
chr9	 52600000	 53950000	27
chr9	 54700000	 52100000	52
chr9	 54800000	 54600000	4
chr9	 55050000	 56000000	19
chr9	 55300000	 56450000	23
chr9	 56500000	 55800000	14
chr9	 58250000	 58000000	5
chr9	 59750000	 60800000	21
chr9	 59800000	 58350000	29
chr9	 61800000	 59800000	40
chr9	 63550000	 63100000	9
chr9	 63900000	 63000000	18
chr9	 63950000	 65650000	34
chr9	 65300000	 66150000	17
chr9	 67350000	 66700000	13
chr9	 68400000	 69850000	29
chr9	 68900000	 69600000	14
chr9	 70000000	 69450000	11
chr9	 70650000	 72050000	28
chr9	 70950000	 69950000	20
chr9	 72250000	 70650000	32
chr9	 73150000	 71400000	35
chr9	 75400000	 76350000	19
chr9	 76750000	 76100000	13
chr9	 78450000	 76700000	35
chr9	 79700000	 82050000	47
chr9	 80450000	 81600000	23
chr9	 80850000	 81950000	22
chr9	 81150000	 81700000	11
chr9	 82100000	 80900000	24
chr9	 83850000	 81850000	40
chr9	 84000000	 82650000	27
chr9	 84400000	 84100000	6
chr9	 85050000	 83350000	34
chr9	 85150000	 82700000	49
chr9	 86450000	 87950000	30
chr9	 91200000	 92100000	18
chr9	 93900000	 96050000	43
chr9	 96350000	 96900000	11
chr9	 96400000	 97200000	16
chr9	 97850000	 96800000	21
chr9	 98550000	 98050000	10
chr9	 99050000	100250000	24
chr9	 99700000	100950000	25
chr9	 99950000	101550000	32
chr9	101100000	101900000	16
chr9	103250000	100750000	50
chr9	104350000	106800000	49
chr9	107000000	107350000	7
chr9	108050000	109250000	24
chr9	109350000	110950000	32
chr9	112400000	113800000	28
chr9	113000000	113550000	11
chr9	114450000	114000000	9
chr9	116250000	115700000	11
chr9	120700000	119400000	26
chr9	120700000	122750000	41
chr9	123900000	122750000	23
chrX	    50000	  1050000	20
chrX	   100000	   900000	16
chrX	   500000	  1800000	26
chrX	  2850000	  4000000	23
chrX	  4900000	  6150000	25
chrX	  6150000	  4850000	26
chrX	  9000000	  8550000	9
chrX	 10400000	  9750000	13
chrX	 10550000	 12300000	35
chrX	 11400000	 13250000	37
chrX	 13400000	 11800000	32
chrX	 13650000	 14700000	21
chrX	 19800000	 18800000	20
chrX	 20250000	 19400000	17
chrX	 22250000	 21200000	21
chrX	 22300000	 23250000	19
chrX	 23100000	 24350000	25
chrX	 25650000	 24400000	25
chrX	 26150000	 27600000	29
chrX	 26350000	 25550000	16
chrX	 26950000	 26400000	11
chrX	 27400000	 26550000	17
chrX	 27750000	 27250000	10
chrX	 29450000	 28350000	22
chrX	 30750000	 29950000	16
chrX	 33400000	 32350000	21
chrX	 35450000	 37050000	32
chrX	 36150000	 34650000	30
chrX	 36800000	 36550000	5
chrX	 38600000	 39150000	11
chrX	 41000000	 41450000	9
chrX	 42600000	 41150000	29
chrX	 42800000	 44050000	25
chrX	 43500000	 42650000	17
chrX	 43600000	 44250000	13
chrX	 44300000	 45250000	19
chrX	 44350000	 43950000	8
chrX	 45700000	 45700000	0
chrX	 48100000	 48500000	8
chrX	 49750000	 48100000	33
chrX	 50850000	 52000000	23
chrX	 53450000	 54050000	12
chrX	 54550000	 54250000	6
chrX	 54800000	 53900000	18
chrX	 56200000	 56700000	10
chrX	 56200000	 58450000	45
chrX	 56350000	 55000000	27
chrX	 56450000	 53750000	54
chrX	 60300000	 59950000	7
chrX	 61500000	 61100000	8
chrX	 62000000	 62400000	8
chrX	 62650000	 65050000	48
chrX	 62800000	 63950000	23
chrX	 64200000	 63450000	15
chrX	 64650000	 65400000	15
chrX	 65550000	 66700000	23
chrX	 65600000	 64500000	22
chrX	 69900000	 69300000	12
chrX	 70500000	 71500000	20
chrX	 70650000	 69600000	21
chrX	 71650000	 74950000	66
chrX	 74150000	 74150000	0
chrX	 78450000	 76950000	30
chrX	 79700000	 80800000	22
chrX	 79850000	 80950000	22
chrX	 80500000	 83650000	63
chrX	 80750000	 81250000	10
chrX	 81250000	 81850000	12
chrX	 81500000	 80400000	22
chrX	 81700000	 82950000	25
chrX	 83150000	 84050000	18
chrX	 84550000	 83600000	19
chrX	 84600000	 85350000	15
chrX	 87600000	 88100000	10
chrX	 91950000	 89450000	50
chrX	 94050000	 92600000	29
chrX	 94900000	 93850000	21
chrX	102200000	102750000	11
chrX	102800000	102650000	3
chrX	104650000	105100000	9
chrX	105250000	104700000	11
chrX	105650000	104200000	29
chrX	107100000	107550000	9
chrX	107200000	106100000	22
chrX	108850000	106950000	38
chrX	111100000	110400000	14
chrX	113000000	113600000	12
chrX	113700000	114750000	21
chrX	113750000	112950000	16
chrX	114600000	113150000	29
chrX	116550000	115500000	21
chrX	117950000	116600000	27
chrX	120250000	119700000	11
chrX	120600000	121650000	21
chrX	125000000	126500000	30
chrX	125450000	124550000	18
chrX	127750000	128300000	11
chrX	130150000	135100000	99
chrX	130950000	130550000	8
chrX	131650000	128550000	62
chrX	134650000	135300000	13
chrX	136400000	137550000	23
chrX	137000000	135650000	27
chrX	139400000	140000000	12
chrX	139700000	137050000	53
chrX	140650000	139750000	18
chrX	141200000	139550000	33
chrX	141300000	139950000	27
chrX	145100000	146500000	28
chrX	147050000	145650000	28
chrX	147350000	147850000	10
chrX	148550000	148200000	7
chrX	149150000	150500000	27
chrX	150550000	149750000	16
chrX	150900000	152000000	22
chrX	152050000	151000000	21
chrX	152250000	153050000	16
chrX	153100000	154150000	21
chrX	154100000	151600000	50
chrX	155100000	156500000	28
chrX	156500000	157150000	13
chrX	157450000	159550000	42
chrX	159350000	158250000	22
chrX	160850000	160200000	13
chrX	162950000	164950000	40
chrX	163200000	163600000	8
chrX	164600000	163000000	32
chrX	166500000	168750000	45
chrX	168150000	167950000	4
chrX	169100000	166050000	61
chrX	170400000	169550000	17
chrY	  2500000	  2950000	9
chrY	  5200000	  3200000	40
chrY	  5350000	  4700000	13
chrY	  8450000	  9950000	30
chrY	  8700000	  9200000	10
chrY	 10450000	 11700000	25
chrY	 11900000	 13500000	32
chrY	 12800000	 12050000	15
chrY	 14400000	 13700000	14
chrY	 14500000	 16550000	41
chrY	 14950000	 14350000	12
chrY	 16050000	 15400000	13
chrY	 16350000	 14700000	33
chrY	 16550000	 16550000	0
chrY	 18450000	 18850000	8
chrY	 20900000	 22600000	34
chrY	 23550000	 24500000	19
chrY	 27600000	 26600000	20
chrY	 27900000	 28550000	13
chrY	 28050000	 28950000	18
chrY	 29250000	 28700000	11
chrY	 30300000	 29750000	11
chrY	 32500000	 33250000	15
chrY	 33200000	 32150000	21
chrY	 33750000	 34250000	10
chrY	 34350000	 36300000	39
chrY	 37450000	 36800000	13
chrY	 38350000	 37450000	18
chrY	 41850000	 42600000	15
chrY	 41900000	 43600000	34
chrY	 44250000	 45300000	21
chrY	 44750000	 43750000	20
chrY	 45050000	 44150000	18
chrY	 45800000	 46700000	18
chrY	 45950000	 43200000	55
chrY	 47250000	 46650000	12
chrY	 48550000	 48000000	11
chrY	 51750000	 53250000	30
chrY	 52300000	 52800000	10
chrY	 53000000	 52150000	17
chrY	 57300000	 59200000	38
chrY	 58550000	 57800000	15
chrY	 59800000	 61550000	35
chrY	 67750000	 69050000	26
chrY	 68150000	 66950000	24
chrY	 71400000	 72600000	24
chrY	 71450000	 70000000	29
chrY	 72950000	 71650000	26
chrY	 74550000	 75650000	22
chrY	 77150000	 77950000	16
chrY	 77550000	 78750000	24
chrY	 80150000	 79200000	19
chrY	 81150000	 83900000	55
chrY	 81600000	 79400000	44
chrY	 81950000	 83000000	21
chrY	 85200000	 84650000	11
chrY	 86300000	 87150000	17
chrY	 86700000	 87500000	16
chrY	 86700000	 88850000	43
chrY	 86800000	 87450000	13
chrY	 86850000	 85500000	27
chrY	 90650000	 90900000	5
chrY	 90900000	 89700000	24
chrY	 91400000	 90300000	22
