chr1	  1700000	  2450000	15
chr1	  3000000	  3650000	13
chr1	  3500000	  4900000	28
chr1	  4450000	  4650000	4
chr1	  5450000	  7600000	43
chr1	  6250000	  7150000	18
chr1	  7150000	  8650000	30
chr1	  8450000	  9050000	12
chr1	  9250000	 10250000	20
chr1	 14500000	 13300000	24
chr1	 14950000	 15800000	17
chr1	 16950000	 18250000	26
chr1	 20850000	 22200000	27
chr1	 21800000	 21250000	11
chr1	 22450000	 23150000	14
chr1	 24200000	 23150000	21
chr1	 24650000	 23850000	16
chr1	 24900000	 24200000	14
chr1	 25600000	 26000000	8
chr1	 25850000	 26450000	12
chr1	 26850000	 28550000	34
chr1	 27250000	 24200000	61
chr1	 28200000	 26550000	33
chr1	 30050000	 29250000	16
chr1	 33050000	 31850000	24
chr1	 33500000	 31850000	33
chr1	 34050000	 32850000	24
chr1	 35000000	 34200000	16
chr1	 35800000	 37050000	25
chr1	 36750000	 37350000	12
chr1	 37650000	 38550000	18
chr1	 39000000	 40850000	37
chr1	 40100000	 41750000	33
chr1	 41550000	 43450000	38
chr1	 41700000	 40150000	31
chr1	 42350000	 43200000	17
chr1	 42400000	 43350000	19
chr1	 44900000	 44400000	10
chr1	 45650000	 43900000	35
chr1	 46350000	 46100000	5
chr1	 46800000	 47400000	12
chr1	 49350000	 48000000	27
chr1	 50700000	 49400000	26
chr1	 52950000	 52100000	17
chr1	 53550000	 54250000	14
chr1	 54450000	 54900000	9
chr1	 55200000	 53900000	26
chr1	 56100000	 58050000	39
chr1	 58000000	 57100000	18
chr1	 58750000	 59400000	13
chr1	 58850000	 58700000	3
chr1	 61050000	 59650000	28
chr1	 63500000	 63150000	7
chr1	 64400000	 65300000	18
chr1	 67150000	 66350000	16
chr1	 71100000	 70300000	16
chr1	 73400000	 74200000	16
chr1	 74750000	 75100000	7
chr1	 74800000	 77750000	59
chr1	 75150000	 78750000	72
chr1	 79400000	 80000000	12
chr1	 80000000	 81600000	32
chr1	 80200000	 81350000	23
chr1	 80800000	 80000000	16
chr1	 80950000	 81950000	20
chr1	 81250000	 79550000	34
chr1	 84000000	 85150000	23
chr1	 85500000	 82550000	59
chr1	 87300000	 86450000	17
chr1	 88100000	 86300000	36
chr1	 88450000	 86650000	36
chr1	 88650000	 90250000	32
chr1	 88850000	 86550000	46
chr1	 88850000	 87700000	23
chr1	 88950000	 90400000	29
chr1	 89950000	 89250000	14
chr1	 90850000	 90350000	10
chr1	 95200000	 94200000	20
chr1	 96400000	 95750000	13
chr1	102300000	101250000	21
chr1	102350000	101450000	18
chr1	104500000	105350000	17
chr1	105900000	107350000	29
chr1	106050000	104850000	24
chr1	107050000	106400000	13
chr1	107500000	106450000	21
chr1	109850000	108800000	21
chr1	113000000	112000000	20
chr1	117450000	118300000	17
chr1	119050000	119750000	14
chr1	119200000	120800000	32
chr1	120650000	119800000	17
chr1	120950000	122000000	21
chr1	123750000	125000000	25
chr1	128800000	130850000	41
chr1	129250000	128400000	17
chr1	129300000	130850000	31
chr1	131750000	131100000	13
chr1	132300000	134100000	36
chr1	132600000	131250000	27
chr1	133200000	134650000	29
chr1	133750000	135000000	25
chr1	134300000	133400000	18
chr1	136800000	135950000	17
chr1	137250000	138850000	32
chr1	138050000	141000000	59
chr1	138750000	139450000	14
chr1	139850000	140550000	14
chr1	141300000	143900000	52
chr1	143250000	143700000	9
chr1	144250000	143750000	10
chr1	145100000	143050000	41
chr1	145750000	146750000	20
chr1	146600000	146900000	6
chr1	148550000	150250000	34
chr1	149100000	148350000	15
chr1	149600000	148400000	24
chr1	151050000	149650000	28
chr1	151300000	149950000	27
chr1	152600000	151600000	20
chr1	154000000	155750000	35
chr1	156300000	157900000	32
chr1	156650000	158100000	29
chr1	157750000	155600000	43
chr1	159300000	158500000	16
chr1	161750000	160700000	21
chr1	163450000	161550000	38
chr1	168050000	169400000	27
chr1	168850000	167750000	22
chr1	170250000	168500000	35
chr1	171650000	173100000	29
chr1	173200000	176500000	66
chr1	173850000	174800000	19
chr1	174200000	175050000	17
chr1	175850000	176850000	20
chr1	176350000	177300000	19
chr1	177300000	176700000	12
chr1	178000000	178400000	8
chr1	179850000	177800000	41
chr1	180700000	183000000	46
chr1	181250000	180750000	10
chr1	184900000	184550000	7
chr1	185200000	182750000	49
chr1	188950000	187800000	23
chr1	191700000	192100000	8
chr1	194350000	192900000	29
chr10	  6850000	  6350000	10
chr10	  8000000	  7250000	15
chr10	 10350000	 13500000	63
chr10	 12600000	 12900000	6
chr10	 16250000	 15600000	13
chr10	 16650000	 17850000	24
chr10	 16750000	 15050000	34
chr10	 16750000	 20100000	67
chr10	 18350000	 17650000	14
chr10	 22500000	 23350000	17
chr10	 23450000	 26800000	67
chr10	 23850000	 22450000	28
chr10	 23950000	 24700000	15
chr10	 24000000	 24550000	11
chr10	 24700000	 25750000	21
chr10	 27050000	 26650000	8
chr10	 28800000	 28000000	16
chr10	 29600000	 31700000	42
chr10	 30100000	 31100000	20
chr10	 30300000	 29600000	14
chr10	 32100000	 32700000	12
chr10	 34250000	 33850000	8
chr10	 35050000	 34250000	16
chr10	 36100000	 35150000	19
chr10	 39050000	 38450000	12
chr10	 39150000	 40650000	30
chr10	 40200000	 42450000	45
chr10	 40350000	 37900000	49
chr10	 42050000	 40050000	40
chr10	 44650000	 45350000	14
chr10	 45250000	 44900000	7
chr10	 47300000	 46650000	13
chr10	 49650000	 48450000	24
chr10	 50400000	 51250000	17
chr10	 51600000	 50300000	26
chr10	 52750000	 54800000	41
chr10	 53950000	 53450000	10
chr10	 54250000	 56050000	36
chr10	 54400000	 52200000	44
chr10	 54550000	 53600000	19
chr10	 59400000	 62150000	55
chr10	 61150000	 61000000	3
chr10	 61750000	 61350000	8
chr10	 63000000	 64500000	30
chr10	 67600000	 69100000	30
chr10	 67750000	 66700000	21
chr10	 68450000	 67250000	24
chr10	 72450000	 72900000	9
chr10	 73000000	 73900000	18
chr10	 73350000	 72850000	10
chr10	 73750000	 72700000	21
chr10	 74700000	 74050000	13
chr10	 76350000	 77200000	17
chr10	 77400000	 75950000	29
chr10	 78950000	 76950000	40
chr10	 80200000	 78950000	25
chr10	 80250000	 80750000	10
chr10	 81300000	 82550000	25
chr10	 82250000	 83500000	25
chr10	 82500000	 81150000	27
chr10	 83700000	 82600000	22
chr10	 86250000	 87500000	25
chr10	 88400000	 87000000	28
chr10	 89600000	 89000000	12
chr10	 90200000	 90400000	4
chr10	 91350000	 91800000	9
chr10	 91500000	 94500000	60
chr10	 91650000	 90900000	15
chr10	 94200000	 92700000	30
chr10	 94200000	 94500000	6
chr10	 94500000	 93950000	11
chr10	 97900000	 96000000	38
chr10	 98000000	 99150000	23
chr10	100100000	101600000	30
chr10	100200000	101350000	23
chr10	100200000	102750000	51
chr10	101500000	100300000	24
chr10	101950000	100700000	25
chr10	104250000	103250000	20
chr10	104400000	103250000	23
chr10	104800000	106350000	31
chr10	108100000	107200000	18
chr10	108650000	107800000	17
chr10	110300000	109200000	22
chr10	110350000	109650000	14
chr10	113600000	111950000	33
chr10	114250000	113450000	16
chr10	114350000	114150000	4
chr10	115100000	114350000	15
chr10	115650000	117000000	27
chr10	116500000	115850000	13
chr10	119550000	118950000	12
chr10	120500000	119950000	11
chr10	123300000	121800000	30
chr10	123750000	124800000	21
chr11	  3500000	   700000	56
chr11	  6100000	  7050000	19
chr11	  6650000	  6400000	5
chr11	  9700000	  8700000	20
chr11	  9950000	  7400000	51
chr11	 10800000	 10200000	12
chr11	 10850000	 10500000	7
chr11	 11150000	 11750000	12
chr11	 11850000	 10850000	20
chr11	 12000000	 12700000	14
chr11	 12050000	 12900000	17
chr11	 14000000	 15000000	20
chr11	 17950000	 19000000	21
chr11	 18000000	 19650000	33
chr11	 22700000	 22050000	13
chr11	 24250000	 24950000	14
chr11	 24850000	 23950000	18
chr11	 26250000	 27050000	16
chr11	 26700000	 26100000	12
chr11	 33050000	 32400000	13
chr11	 35450000	 35750000	6
chr11	 36250000	 38700000	49
chr11	 37400000	 36150000	25
chr11	 37500000	 36800000	14
chr11	 37700000	 38350000	13
chr11	 39950000	 38800000	23
chr11	 40200000	 41950000	35
chr11	 40600000	 40200000	8
chr11	 42100000	 40550000	31
chr11	 43350000	 41650000	34
chr11	 43400000	 43950000	11
chr11	 45350000	 44950000	8
chr11	 45900000	 43600000	46
chr11	 46450000	 45950000	10
chr11	 48950000	 48150000	16
chr11	 51100000	 51700000	12
chr11	 53250000	 53750000	10
chr11	 53950000	 54600000	13
chr11	 54050000	 53200000	17
chr11	 55800000	 56600000	16
chr11	 56250000	 51400000	97
chr11	 56700000	 57750000	21
chr11	 57000000	 57850000	17
chr11	 57500000	 59000000	30
chr11	 57650000	 58150000	10
chr11	 58550000	 57900000	13
chr11	 59650000	 59300000	7
chr11	 61600000	 62300000	14
chr11	 65850000	 64650000	24
chr11	 67100000	 65900000	24
chr11	 68000000	 65950000	41
chr11	 70550000	 69450000	22
chr11	 73950000	 74350000	8
chr11	 76650000	 77850000	24
chr11	 77750000	 78700000	19
chr11	 80300000	 79350000	19
chr11	 80300000	 81450000	23
chr11	 81000000	 80400000	12
chr11	 81700000	 80100000	32
chr11	 83500000	 84800000	26
chr11	 84050000	 82500000	31
chr11	 85850000	 84750000	22
chr11	 91400000	 93050000	33
chr11	 94600000	 94050000	11
chr11	 94850000	 95400000	11
chr11	 95000000	 96200000	24
chr11	 95200000	 96600000	28
chr11	 96300000	 97150000	17
chr11	 96900000	 97950000	21
chr11	104300000	105100000	16
chr11	105650000	104100000	31
chr11	106450000	104800000	33
chr11	107100000	106300000	16
chr11	108550000	108950000	8
chr11	108600000	109100000	10
chr11	109850000	110800000	19
chr11	110100000	108500000	32
chr11	118200000	116250000	39
chr11	118250000	119150000	18
chr11	118350000	119200000	17
chr11	119250000	120350000	22
chr11	120400000	119500000	18
chr11	121400000	120550000	17
chr11	121950000	121550000	8
chr12	  5900000	  5450000	9
chr12	  6850000	  5800000	21
chr12	  7750000	  5150000	52
chr12	 10050000	  9250000	16
chr12	 13300000	 14400000	22
chr12	 16450000	 16950000	10
chr12	 17650000	 17450000	4
chr12	 19900000	 17950000	39
chr12	 21550000	 20350000	24
chr12	 22500000	 23450000	19
chr12	 27100000	 28150000	21
chr12	 27200000	 29300000	42
chr12	 28800000	 28300000	10
chr12	 29750000	 30900000	23
chr12	 31600000	 32400000	16
chr12	 34600000	 35100000	10
chr12	 34700000	 34100000	12
chr12	 35550000	 37100000	31
chr12	 35750000	 38250000	50
chr12	 36900000	 34000000	58
chr12	 37750000	 38200000	9
chr12	 39050000	 38800000	5
chr12	 42200000	 40700000	30
chr12	 42600000	 41750000	17
chr12	 44200000	 44000000	4
chr12	 48750000	 46200000	51
chr12	 48750000	 48100000	13
chr12	 49150000	 50700000	31
chr12	 51200000	 52550000	27
chr12	 51250000	 53050000	36
chr12	 52450000	 50200000	45
chr12	 53200000	 54050000	17
chr12	 54150000	 55600000	29
chr12	 54450000	 54100000	7
chr12	 54900000	 53550000	27
chr12	 55900000	 54650000	25
chr12	 57000000	 56250000	15
chr12	 59350000	 58000000	27
chr12	 59350000	 59900000	11
chr12	 64550000	 61150000	68
chr12	 65250000	 64350000	18
chr12	 65300000	 64350000	19
chr12	 65400000	 66450000	21
chr12	 65850000	 66750000	18
chr12	 66700000	 68400000	34
chr12	 69050000	 70500000	29
chr12	 69500000	 71200000	34
chr12	 70650000	 71250000	12
chr12	 71450000	 70050000	28
chr12	 72250000	 71500000	15
chr12	 72300000	 71550000	15
chr12	 73700000	 72150000	31
chr12	 82650000	 81600000	21
chr12	 85300000	 85700000	8
chr12	 85950000	 84650000	26
chr12	 86600000	 87150000	11
chr12	 88350000	 89100000	15
chr12	 91500000	 90750000	15
chr12	 91700000	 91050000	13
chr12	 93000000	 92150000	17
chr12	 93200000	 93200000	0
chr12	 93500000	 93050000	9
chr12	 93700000	 92050000	33
chr12	 93750000	 94000000	5
chr12	 94850000	 94150000	14
chr12	 98500000	 98250000	5
chr12	 99000000	100200000	24
chr12	 99200000	 99600000	8
chr12	 99550000	 98400000	23
chr12	 99950000	 99200000	15
chr12	101500000	100450000	21
chr12	107850000	109250000	28
chr12	108600000	107550000	21
chr12	108900000	109800000	18
chr12	109750000	108750000	20
chr12	112300000	112750000	9
chr12	112900000	113300000	8
chr12	113100000	110900000	44
chr12	113300000	114300000	20
chr12	114500000	115750000	25
chr12	114750000	113950000	16
chr12	115450000	114050000	28
chr12	115500000	114750000	15
chr12	117850000	118450000	12
chr12	118050000	116850000	24
chr12	119250000	119850000	12
chr12	119450000	118650000	16
chr13	  1350000	  1800000	9
chr13	  1700000	  3150000	29
chr13	  3600000	  4850000	25
chr13	  3700000	  3700000	0
chr13	  3700000	  4950000	25
chr13	  4550000	  5150000	12
chr13	  4850000	  5800000	19
chr13	  5350000	  8200000	57
chr13	  9150000	 10400000	25
chr13	 12100000	 12850000	15
chr13	 13350000	 14000000	13
chr13	 13950000	 11900000	41
chr13	 14250000	 13100000	23
chr13	 17400000	 14950000	49
chr13	 20350000	 17300000	61
chr13	 20600000	 21450000	17
chr13	 21100000	 23600000	50
chr13	 22300000	 24250000	39
chr13	 24200000	 23400000	16
chr13	 25050000	 23300000	35
chr13	 26500000	 23700000	56
chr13	 26600000	 25750000	17
chr13	 26750000	 27500000	15
chr13	 27650000	 26550000	22
chr13	 28650000	 26800000	37
chr13	 28900000	 29900000	20
chr13	 29350000	 27550000	36
chr13	 30300000	 29400000	18
chr13	 32400000	 31600000	16
chr13	 32850000	 33950000	22
chr13	 37050000	 39150000	42
chr13	 38500000	 37500000	20
chr13	 41850000	 40550000	26
chr13	 42800000	 43100000	6
chr13	 44100000	 44750000	13
chr13	 45800000	 47450000	33
chr13	 46100000	 46800000	14
chr13	 47750000	 45300000	49
chr13	 49550000	 49000000	11
chr13	 50850000	 51900000	21
chr13	 52200000	 52200000	0
chr13	 53150000	 54850000	34
chr13	 54450000	 53100000	27
chr13	 57500000	 58000000	10
chr13	 58150000	 58850000	14
chr13	 58550000	 58100000	9
chr13	 58800000	 58250000	11
chr13	 59800000	 59800000	0
chr13	 60100000	 58750000	27
chr13	 60700000	 62550000	37
chr13	 60800000	 59650000	23
chr13	 65550000	 67200000	33
chr13	 68150000	 67000000	23
chr13	 68950000	 71450000	50
chr13	 69050000	 66450000	52
chr13	 69300000	 70500000	24
chr13	 70250000	 71750000	30
chr13	 70400000	 68650000	35
chr13	 70400000	 69800000	12
chr13	 71450000	 70700000	15
chr13	 71750000	 73000000	25
chr13	 71900000	 71200000	14
chr13	 77300000	 78100000	16
chr13	 78950000	 78350000	12
chr13	 79750000	 79050000	14
chr13	 81450000	 80850000	12
chr13	 81750000	 82050000	6
chr13	 82050000	 80850000	24
chr13	 82150000	 80250000	38
chr13	 82300000	 81000000	26
chr13	 82350000	 84050000	34
chr13	 83450000	 85500000	41
chr13	 83550000	 84600000	21
chr13	 84000000	 82550000	29
chr13	 85550000	 86900000	27
chr13	 86050000	 87350000	26
chr13	 86250000	 87650000	28
chr13	 86800000	 87550000	15
chr13	 86950000	 84900000	41
chr13	 87500000	 89550000	41
chr13	 89650000	 90950000	26
chr13	 90150000	 89450000	14
chr13	 97800000	 99050000	25
chr13	101700000	100850000	17
chr13	101950000	104850000	58
chr13	102300000	103550000	25
chr13	103700000	102400000	26
chr13	104200000	105600000	28
chr13	107900000	107100000	16
chr13	108400000	109100000	14
chr13	111350000	112300000	19
chr13	117100000	120250000	63
chr13	118700000	118150000	11
chr13	118700000	120200000	30
chr14	  2400000	  1850000	11
chr14	  2550000	  3700000	23
chr14	  2800000	  2900000	2
chr14	  3950000	  6400000	49
chr14	  5800000	  3500000	46
chr14	  6150000	  5400000	15
chr14	  6250000	  8450000	44
chr14	  6300000	  5100000	24
chr14	  6350000	  6950000	12
chr14	 10050000	  8700000	27
chr14	 14350000	 13250000	22
chr14	 14350000	 13400000	19
chr14	 16650000	 15450000	24
chr14	 17600000	 18550000	19
chr14	 17650000	 15500000	43
chr14	 17650000	 16850000	16
chr14	 19500000	 18900000	12
chr14	 21250000	 22650000	28
chr14	 23600000	 24400000	16
chr14	 30750000	 31450000	14
chr14	 34600000	 34000000	12
chr14	 35250000	 35250000	0
chr14	 35700000	 36750000	21
chr14	 36150000	 34850000	26
chr14	 37900000	 38750000	17
chr14	 40600000	 41650000	21
chr14	 43300000	 42850000	9
chr14	 46450000	 45500000	19
chr14	 47900000	 50200000	46
chr14	 48450000	 47050000	28
chr14	 48950000	 48050000	18
chr14	 49850000	 48000000	37
chr14	 49950000	 47900000	41
chr14	 50500000	 49050000	29
chr14	 56100000	 54400000	34
chr14	 57700000	 58950000	25
chr14	 57800000	 57050000	15
chr14	 58250000	 59300000	21
chr14	 58500000	 60000000	30
chr14	 61500000	 60400000	22
chr14	 62400000	 63100000	14
chr14	 65900000	 69550000	73
chr14	 66400000	 62550000	77
chr14	 69600000	 68600000	20
chr14	 70100000	 69500000	12
chr14	 71150000	 72600000	29
chr14	 71250000	 71800000	11
chr14	 73100000	 72150000	19
chr14	 74250000	 73750000	10
chr14	 74900000	 76300000	28
chr14	 76850000	 77400000	11
chr14	 77450000	 78100000	13
chr14	 80000000	 78100000	38
chr14	 80350000	 79100000	25
chr14	 81050000	 80700000	7
chr14	 81150000	 81450000	6
chr14	 82500000	 80900000	32
chr14	 82600000	 81050000	31
chr14	 82600000	 84850000	45
chr14	 84200000	 90200000	120
chr14	 85700000	 84950000	15
chr14	 86650000	 84400000	45
chr14	 87200000	 90200000	60
chr14	 87500000	 86250000	25
chr14	 88100000	 89000000	18
chr14	 90000000	 90700000	14
chr14	 92800000	 93700000	18
chr14	 92900000	 93350000	9
chr14	 93400000	 92600000	16
chr14	 94800000	 95600000	16
chr14	 95900000	 97700000	36
chr14	 97450000	 95950000	30
chr14	 98150000	 98750000	12
chr14	 99400000	 99750000	7
chr14	101250000	102450000	24
chr14	103250000	103750000	10
chr14	104100000	104800000	14
chr14	105000000	105900000	18
chr14	105400000	104150000	25
chr14	105850000	106250000	8
chr14	108750000	110250000	30
chr14	110500000	111200000	14
chr14	110850000	110550000	6
chr14	111250000	112450000	24
chr14	111650000	110500000	23
chr14	113700000	114750000	21
chr14	114750000	114750000	0
chr14	115300000	114500000	16
chr14	115500000	116250000	15
chr14	115800000	114400000	28
chr14	117650000	116750000	18
chr15	  1350000	   750000	12
chr15	  1450000	   650000	16
chr15	  1950000	   900000	21
chr15	  2200000	  2050000	3
chr15	  4450000	  5150000	14
chr15	  6000000	  5050000	19
chr15	  8450000	  8850000	8
chr15	  8950000	  7100000	37
chr15	  9750000	  8450000	26
chr15	 11650000	 12900000	25
chr15	 13900000	 15350000	29
chr15	 16700000	 17850000	23
chr15	 17600000	 17950000	7
chr15	 18050000	 17100000	19
chr15	 18250000	 13700000	91
chr15	 18850000	 19350000	10
chr15	 19800000	 18600000	24
chr15	 24000000	 21800000	44
chr15	 24150000	 24950000	16
chr15	 25600000	 24200000	28
chr15	 25950000	 23200000	55
chr15	 26050000	 25250000	16
chr15	 26750000	 24250000	50
chr15	 26900000	 26450000	9
chr15	 27150000	 28100000	19
chr15	 32300000	 30900000	28
chr15	 32750000	 33500000	15
chr15	 34450000	 32300000	43
chr15	 34950000	 34250000	14
chr15	 37000000	 35850000	23
chr15	 38300000	 39250000	19
chr15	 42700000	 41700000	20
chr15	 45200000	 46000000	16
chr15	 46400000	 47000000	12
chr15	 48550000	 47500000	21
chr15	 48950000	 47450000	30
chr15	 52800000	 53600000	16
chr15	 53900000	 52850000	21
chr15	 54600000	 55550000	19
chr15	 55800000	 57750000	39
chr15	 57250000	 56500000	15
chr15	 57850000	 58500000	13
chr15	 62150000	 61950000	4
chr15	 63650000	 62900000	15
chr15	 63900000	 62600000	26
chr15	 66250000	 66900000	13
chr15	 66350000	 65200000	23
chr15	 67800000	 66300000	30
chr15	 68050000	 66050000	40
chr15	 68750000	 69700000	19
chr15	 75850000	 76750000	18
chr15	 77000000	 76150000	17
chr15	 77250000	 75450000	36
chr15	 77900000	 77050000	17
chr15	 79300000	 80350000	21
chr15	 79600000	 80300000	14
chr15	 81000000	 80100000	18
chr15	 82950000	 83500000	11
chr15	 84250000	 83500000	15
chr15	 84550000	 85800000	25
chr15	 87150000	 85600000	31
chr15	 88450000	 87400000	21
chr15	 88450000	 89750000	26
chr15	 92600000	 91700000	18
chr15	 93100000	 93650000	11
chr15	 93600000	 94100000	10
chr15	 96400000	 95150000	25
chr15	 96950000	 95450000	30
chr15	 98300000	 97800000	10
chr15	 98550000	 97850000	14
chr15	101400000	101100000	6
chr15	101800000	100400000	28
chr16	   950000	  2700000	35
chr16	  4150000	  2400000	35
chr16	  5500000	  4300000	24
chr16	  6300000	  7900000	32
chr16	  6450000	  5500000	19
chr16	  7800000	  6900000	18
chr16	  7800000	  9500000	34
chr16	  9400000	 10200000	16
chr16	 10100000	  9150000	19
chr16	 10600000	 10200000	8
chr16	 14150000	 13150000	20
chr16	 14700000	 16150000	29
chr16	 17600000	 16400000	24
chr16	 17850000	 15300000	51
chr16	 20300000	 18800000	30
chr16	 21700000	 22350000	13
chr16	 25750000	 23750000	40
chr16	 27150000	 27600000	9
chr16	 27600000	 29100000	30
chr16	 28650000	 30500000	37
chr16	 28700000	 27900000	16
chr16	 31500000	 32450000	19
chr16	 32050000	 31250000	16
chr16	 34450000	 35450000	20
chr16	 36550000	 36000000	11
chr16	 37800000	 36700000	22
chr16	 40650000	 41600000	19
chr16	 41300000	 40300000	20
chr16	 42000000	 40000000	40
chr16	 46600000	 48250000	33
chr16	 49500000	 50100000	12
chr16	 51550000	 52850000	26
chr16	 52900000	 53900000	20
chr16	 53700000	 53000000	14
chr16	 56150000	 57350000	24
chr16	 57000000	 58250000	25
chr16	 57700000	 56600000	22
chr16	 59550000	 59900000	7
chr16	 59750000	 59250000	10
chr16	 60150000	 59800000	7
chr16	 64400000	 64700000	6
chr16	 64450000	 62400000	41
chr16	 68050000	 69850000	36
chr16	 69800000	 70550000	15
chr16	 70250000	 72150000	38
chr16	 71000000	 72200000	24
chr16	 72050000	 72750000	14
chr16	 72400000	 73050000	13
chr16	 72750000	 71850000	18
chr16	 72850000	 74300000	29
chr16	 73000000	 73850000	17
chr16	 73450000	 75250000	36
chr16	 73550000	 70350000	64
chr16	 74550000	 75650000	22
chr16	 76350000	 75500000	17
chr16	 78900000	 79550000	13
chr16	 79800000	 83200000	68
chr16	 80650000	 79450000	24
chr16	 81050000	 83750000	54
chr16	 81200000	 80700000	10
chr16	 82500000	 81350000	23
chr16	 82650000	 83000000	7
chr16	 83100000	 82200000	18
chr16	 84350000	 83500000	17
chr16	 85700000	 86550000	17
chr16	 85750000	 86550000	16
chr16	 88700000	 87450000	25
chr16	 88700000	 87850000	17
chr16	 88900000	 91600000	54
chr16	 89050000	 89450000	8
chr16	 90200000	 91150000	19
chr16	 90550000	 91400000	17
chr16	 92000000	 90800000	24
chr16	 94100000	 94900000	16
chr16	 96050000	 97200000	23
chr16	 96750000	 95100000	33
chr17	  1850000	   550000	26
chr17	  2000000	   650000	27
chr17	  4100000	  4550000	9
chr17	  5250000	  7000000	35
chr17	  6650000	  5300000	27
chr17	  7500000	  5750000	35
chr17	  7600000	  7000000	12
chr17	  8650000	 10400000	35
chr17	 10800000	 11650000	17
chr17	 12300000	 13900000	32
chr17	 14850000	 15800000	19
chr17	 16800000	 17900000	22
chr17	 18500000	 17900000	12
chr17	 19300000	 18100000	24
chr17	 19950000	 21250000	26
chr17	 20900000	 19600000	26
chr17	 24300000	 26100000	36
chr17	 27300000	 26300000	20
chr17	 27450000	 28850000	28
chr17	 27800000	 26300000	30
chr17	 28350000	 29300000	19
chr17	 29350000	 30600000	25
chr17	 29500000	 28350000	23
chr17	 29800000	 29250000	11
chr17	 32700000	 34550000	37
chr17	 32750000	 31050000	34
chr17	 33000000	 31200000	36
chr17	 36800000	 35550000	25
chr17	 39700000	 41050000	27
chr17	 39850000	 41000000	23
chr17	 40700000	 40000000	14
chr17	 41600000	 42900000	26
chr17	 43000000	 43750000	15
chr17	 43300000	 43650000	7
chr17	 44000000	 42950000	21
chr17	 44550000	 44150000	8
chr17	 45300000	 44250000	21
chr17	 45500000	 43200000	46
chr17	 49050000	 51950000	58
chr17	 49400000	 48900000	10
chr17	 52950000	 52350000	12
chr17	 53350000	 55100000	35
chr17	 55300000	 54800000	10
chr17	 57300000	 55900000	28
chr17	 59000000	 58500000	10
chr17	 59500000	 60600000	22
chr17	 61300000	 60400000	18
chr17	 61900000	 62450000	11
chr17	 62950000	 63300000	7
chr17	 66800000	 65900000	18
chr17	 68850000	 68150000	14
chr17	 70000000	 71100000	22
chr17	 71950000	 71550000	8
chr17	 72450000	 73750000	26
chr17	 76550000	 75700000	17
chr17	 77000000	 75600000	28
chr17	 79750000	 79200000	11
chr17	 80650000	 82100000	29
chr17	 81500000	 84950000	69
chr17	 81550000	 80650000	18
chr17	 81700000	 81100000	12
chr17	 82100000	 83450000	27
chr17	 82950000	 82550000	8
chr17	 83000000	 81750000	25
chr17	 84400000	 85300000	18
chr17	 85700000	 87000000	26
chr17	 86050000	 85550000	10
chr17	 86200000	 85000000	24
chr17	 89250000	 87000000	45
chr17	 93200000	 92350000	17
chr17	 94100000	 94750000	13
chr18	  2500000	  3250000	15
chr18	  3700000	  3200000	10
chr18	  7400000	  6850000	11
chr18	  7400000	  8150000	15
chr18	  8250000	  7150000	22
chr18	  9300000	  6950000	47
chr18	  9600000	  9300000	6
chr18	 11250000	 10700000	11
chr18	 11750000	  9050000	54
chr18	 12650000	 11550000	22
chr18	 13600000	 15400000	36
chr18	 13800000	 13550000	5
chr18	 15100000	 13500000	32
chr18	 16100000	 12550000	71
chr18	 16200000	 15700000	10
chr18	 16350000	 17700000	27
chr18	 19200000	 17400000	36
chr18	 19950000	 19400000	11
chr18	 20400000	 21000000	12
chr18	 21450000	 22800000	27
chr18	 22050000	 22800000	15
chr18	 22450000	 21900000	11
chr18	 22450000	 23100000	13
chr18	 25000000	 23850000	23
chr18	 25200000	 26100000	18
chr18	 26200000	 25450000	15
chr18	 26500000	 27000000	10
chr18	 28500000	 29500000	20
chr18	 28700000	 27250000	29
chr18	 29100000	 29100000	0
chr18	 32900000	 33850000	19
chr18	 33000000	 32200000	16
chr18	 36250000	 37100000	17
chr18	 37300000	 38550000	25
chr18	 39200000	 36800000	48
chr18	 43000000	 43700000	14
chr18	 46200000	 45200000	20
chr18	 47000000	 45950000	21
chr18	 49150000	 47550000	32
chr18	 51600000	 50550000	21
chr18	 52450000	 50800000	33
chr18	 54550000	 53750000	16
chr18	 56550000	 55700000	17
chr18	 56600000	 55450000	23
chr18	 61650000	 60950000	14
chr18	 62050000	 64050000	40
chr18	 64050000	 63400000	13
chr18	 64550000	 61950000	52
chr18	 65100000	 69050000	79
chr18	 66450000	 66150000	6
chr18	 66900000	 68950000	41
chr18	 68850000	 66350000	50
chr18	 69050000	 69600000	11
chr18	 70600000	 69350000	25
chr18	 70600000	 70250000	7
chr18	 71050000	 70150000	18
chr18	 72100000	 73950000	37
chr18	 72600000	 74250000	33
chr18	 74850000	 73850000	20
chr18	 76200000	 75800000	8
chr18	 80000000	 79450000	11
chr18	 81300000	 79700000	32
chr18	 81750000	 82900000	23
chr18	 82300000	 81600000	14
chr18	 84250000	 85350000	22
chr18	 87400000	 89950000	51
chr18	 87500000	 86100000	28
chr18	 87800000	 86700000	22
chr18	 88200000	 87600000	12
chr18	 89450000	 90550000	22
chr18	 89550000	 90400000	17
chr18	 90700000	 89000000	34
chr19	  2050000	   650000	28
chr19	  2600000	  1650000	19
chr19	  2800000	  2000000	16
chr19	  7100000	  8800000	34
chr19	  7400000	  6900000	10
chr19	  7400000	  7250000	3
chr19	 10700000	 11950000	25
chr19	 11150000	 12000000	17
chr19	 12450000	 12550000	2
chr19	 13500000	 14200000	14
chr19	 14000000	 16300000	46
chr19	 15250000	 15950000	14
chr19	 15350000	 15950000	12
chr19	 16800000	 20600000	76
chr19	 18950000	 19650000	14
chr19	 19450000	 20350000	18
chr19	 20450000	 19800000	13
chr19	 20750000	 21200000	9
chr19	 20750000	 21450000	14
chr19	 21150000	 22450000	26
chr19	 22200000	 22800000	12
chr19	 22450000	 21050000	28
chr19	 24000000	 23300000	14
chr19	 24650000	 23950000	14
chr19	 25250000	 27350000	42
chr19	 25800000	 23100000	54
chr19	 26200000	 27450000	25
chr19	 27000000	 27600000	12
chr19	 27650000	 28450000	16
chr19	 28000000	 26850000	23
chr19	 31350000	 30200000	23
chr19	 33550000	 34150000	12
chr19	 33650000	 33900000	5
chr19	 37150000	 35800000	27
chr19	 37650000	 38050000	8
chr19	 38200000	 37100000	22
chr19	 39050000	 38700000	7
chr19	 39200000	 40850000	33
chr19	 42050000	 44450000	48
chr19	 43000000	 44600000	32
chr19	 43800000	 42450000	27
chr19	 43950000	 44850000	18
chr19	 44550000	 46550000	40
chr19	 44700000	 45650000	19
chr19	 44750000	 44300000	9
chr19	 46700000	 45950000	15
chr19	 47250000	 46500000	15
chr19	 47750000	 48150000	8
chr19	 48550000	 49300000	15
chr19	 49250000	 50550000	26
chr19	 51950000	 53250000	26
chr19	 55700000	 56450000	15
chr19	 56000000	 57700000	34
chr19	 56900000	 56000000	18
chr19	 57150000	 58450000	26
chr19	 57400000	 57850000	9
chr19	 60300000	 60850000	11
chr19	 60500000	 59550000	19
chr19	 60650000	 59750000	18
chr19	 61100000	 60550000	11
chr2	   750000	   250000	10
chr2	  1500000	  2900000	28
chr2	  1900000	   600000	26
chr2	  1950000	   500000	29
chr2	  5600000	  7050000	29
chr2	  6900000	  8100000	24
chr2	 18200000	 19300000	22
chr2	 21900000	 21150000	15
chr2	 22350000	 19750000	52
chr2	 25700000	 24250000	29
chr2	 26950000	 26400000	11
chr2	 29000000	 29700000	14
chr2	 29400000	 30600000	24
chr2	 31850000	 34300000	49
chr2	 36400000	 34050000	47
chr2	 36450000	 37200000	15
chr2	 38350000	 39900000	31
chr2	 38550000	 39600000	21
chr2	 39950000	 40400000	9
chr2	 40300000	 41000000	14
chr2	 41800000	 40750000	21
chr2	 45800000	 45000000	16
chr2	 46500000	 45200000	26
chr2	 50550000	 48850000	34
chr2	 50950000	 49800000	23
chr2	 51150000	 49300000	37
chr2	 51900000	 51550000	7
chr2	 52250000	 52700000	9
chr2	 53950000	 55350000	28
chr2	 55100000	 56400000	26
chr2	 57450000	 57900000	9
chr2	 58450000	 57950000	10
chr2	 59300000	 61700000	48
chr2	 61450000	 60600000	17
chr2	 63250000	 64150000	18
chr2	 67050000	 67850000	16
chr2	 69650000	 70800000	23
chr2	 73700000	 74500000	16
chr2	 73900000	 74500000	12
chr2	 76000000	 76500000	10
chr2	 78100000	 76900000	24
chr2	 79600000	 80900000	26
chr2	 79700000	 78000000	34
chr2	 80450000	 81400000	19
chr2	 81300000	 84400000	62
chr2	 82650000	 79650000	60
chr2	 84100000	 82350000	35
chr2	 91050000	 92700000	33
chr2	 92400000	 90850000	31
chr2	 94100000	 94850000	15
chr2	 95850000	 94000000	37
chr2	 96000000	 94700000	26
chr2	 97350000	 99650000	46
chr2	 98000000	 96900000	22
chr2	 98600000	 99300000	14
chr2	 99050000	 99700000	13
chr2	100100000	101400000	26
chr2	101500000	100650000	17
chr2	101750000	100200000	31
chr2	102000000	102550000	11
chr2	103050000	102250000	16
chr2	103300000	104450000	23
chr2	103450000	105050000	32
chr2	107550000	109200000	33
chr2	112200000	112750000	11
chr2	114500000	113400000	22
chr2	118000000	119400000	28
chr2	118200000	117000000	24
chr2	118400000	117400000	20
chr2	120300000	119300000	20
chr2	121750000	122700000	19
chr2	130750000	132150000	28
chr2	132000000	133700000	34
chr2	132500000	130650000	37
chr2	134350000	137200000	57
chr2	135100000	136150000	21
chr2	137150000	138550000	28
chr2	138100000	138950000	17
chr2	140250000	139550000	14
chr2	140650000	141750000	22
chr2	140850000	140050000	16
chr2	141400000	140400000	20
chr2	142250000	143250000	20
chr2	145650000	145400000	5
chr2	145900000	144900000	20
chr2	146900000	144500000	48
chr2	147400000	146300000	22
chr2	148700000	147150000	31
chr2	149050000	148050000	20
chr2	150750000	149850000	18
chr2	150800000	151600000	16
chr2	151550000	152850000	26
chr2	155500000	153750000	35
chr2	156450000	153700000	55
chr2	157100000	158550000	29
chr2	157600000	155500000	42
chr2	159700000	160200000	10
chr2	160750000	159150000	32
chr2	160800000	161800000	20
chr2	161100000	160750000	7
chr2	165750000	164850000	18
chr2	167500000	169200000	34
chr2	167900000	169550000	33
chr2	169800000	170700000	18
chr2	171350000	170700000	13
chr2	171600000	172200000	12
chr2	171950000	172600000	13
chr2	172100000	173000000	18
chr2	172400000	173250000	17
chr2	173550000	168950000	92
chr2	174900000	173750000	23
chr2	176900000	173700000	64
chr2	178200000	177650000	11
chr2	179400000	178000000	28
chr2	179950000	179000000	19
chr2	181100000	180400000	14
chr2	181450000	180650000	16
chr3	    50000	   900000	17
chr3	  2700000	   950000	35
chr3	  3900000	  1900000	40
chr3	  4100000	  6200000	42
chr3	  5200000	  5800000	12
chr3	  5300000	  2500000	56
chr3	  7400000	  8050000	13
chr3	  7700000	  8350000	13
chr3	  8450000	  7950000	10
chr3	 11950000	 13900000	39
chr3	 14900000	 15700000	16
chr3	 14950000	 17100000	43
chr3	 17000000	 17400000	8
chr3	 18250000	 18750000	10
chr3	 18800000	 19350000	11
chr3	 19300000	 17450000	37
chr3	 20750000	 19800000	19
chr3	 22050000	 22750000	14
chr3	 22550000	 20800000	35
chr3	 23950000	 22600000	27
chr3	 24000000	 23000000	20
chr3	 25550000	 23550000	40
chr3	 28550000	 30450000	38
chr3	 30000000	 31950000	39
chr3	 34050000	 34700000	13
chr3	 34100000	 34900000	16
chr3	 34400000	 33650000	15
chr3	 35000000	 35850000	17
chr3	 35950000	 35100000	17
chr3	 36050000	 36850000	16
chr3	 36350000	 37250000	18
chr3	 36500000	 37300000	16
chr3	 37800000	 36100000	34
chr3	 37950000	 36600000	27
chr3	 38200000	 37800000	8
chr3	 38600000	 37400000	24
chr3	 38800000	 36800000	40
chr3	 38900000	 36350000	51
chr3	 39000000	 39500000	10
chr3	 39600000	 40850000	25
chr3	 41300000	 41100000	4
chr3	 43450000	 42450000	20
chr3	 43950000	 43150000	16
chr3	 46550000	 47100000	11
chr3	 46850000	 45850000	20
chr3	 47100000	 44350000	55
chr3	 47350000	 49300000	39
chr3	 48500000	 47900000	12
chr3	 49000000	 50950000	39
chr3	 49750000	 50900000	23
chr3	 49850000	 49000000	17
chr3	 50550000	 49500000	21
chr3	 51150000	 50250000	18
chr3	 51150000	 52100000	19
chr3	 51700000	 50300000	28
chr3	 51850000	 50850000	20
chr3	 52050000	 53750000	34
chr3	 52750000	 53450000	14
chr3	 53500000	 52600000	18
chr3	 53700000	 52150000	31
chr3	 54000000	 54600000	12
chr3	 54600000	 54950000	7
chr3	 56400000	 58850000	49
chr3	 56500000	 56850000	7
chr3	 56950000	 56100000	17
chr3	 57200000	 56350000	17
chr3	 57450000	 56300000	23
chr3	 58800000	 59700000	18
chr3	 58950000	 57500000	29
chr3	 59700000	 59200000	10
chr3	 61800000	 60550000	25
chr3	 62800000	 63450000	13
chr3	 64150000	 66800000	53
chr3	 64250000	 66450000	44
chr3	 64350000	 63350000	20
chr3	 64400000	 63350000	21
chr3	 65250000	 66850000	32
chr3	 67250000	 69200000	39
chr3	 68950000	 69200000	5
chr3	 70950000	 69900000	21
chr3	 71600000	 72650000	21
chr3	 71900000	 73200000	26
chr3	 73100000	 74050000	19
chr3	 76200000	 74300000	38
chr3	 76800000	 76050000	15
chr3	 78150000	 78750000	12
chr3	 78450000	 77500000	19
chr3	 80150000	 79850000	6
chr3	 80350000	 81950000	32
chr3	 80900000	 79750000	23
chr3	 83850000	 86250000	48
chr3	 85250000	 83950000	26
chr3	 85600000	 84300000	26
chr3	 89400000	 91450000	41
chr3	 89450000	 86950000	50
chr3	 92750000	 94150000	28
chr3	 93500000	 92400000	22
chr3	 94750000	 96350000	32
chr3	 95200000	 96800000	32
chr3	 96200000	 95750000	9
chr3	 97500000	 96350000	23
chr3	 99050000	 97400000	33
chr3	103100000	104050000	19
chr3	104000000	102350000	33
chr3	104400000	103000000	28
chr3	104550000	104000000	11
chr3	104950000	105250000	6
chr3	105550000	104450000	22
chr3	105650000	105300000	7
chr3	105850000	103600000	45
chr3	107900000	106900000	20
chr3	108600000	106850000	35
chr3	110300000	111200000	18
chr3	110950000	111450000	10
chr3	112900000	112200000	14
chr3	113350000	112700000	13
chr3	114600000	113200000	28
chr3	115450000	116050000	12
chr3	116150000	117000000	17
chr3	117450000	118300000	17
chr3	118550000	119300000	15
chr3	118750000	119400000	13
chr3	119350000	118100000	25
chr3	121300000	120400000	18
chr3	123250000	121650000	32
chr3	123700000	123150000	11
chr3	123900000	124350000	9
chr3	124950000	123400000	31
chr3	126550000	127250000	14
chr3	127000000	126650000	7
chr3	127550000	129650000	42
chr3	128450000	130200000	35
chr3	130900000	132300000	28
chr3	131100000	131800000	14
chr3	133000000	132100000	18
chr3	134750000	135250000	10
chr3	136100000	136700000	12
chr3	136200000	135100000	22
chr3	136350000	137650000	26
chr3	137650000	136750000	18
chr3	138200000	139000000	16
chr3	139000000	139550000	11
chr3	141300000	141800000	10
chr3	142950000	142050000	18
chr3	143750000	145750000	40
chr3	143850000	144800000	19
chr3	147800000	147050000	15
chr3	150950000	150750000	4
chr3	154750000	153100000	33
chr3	155200000	156900000	34
chr3	155600000	156700000	22
chr3	156100000	156750000	13
chr3	157150000	155950000	24
chr3	157800000	156450000	27
chr3	158200000	159450000	25
chr4	  1350000	  2300000	19
chr4	  2000000	  1000000	20
chr4	  3050000	  4050000	20
chr4	  3700000	  3050000	13
chr4	  4850000	  4200000	13
chr4	  5000000	  3700000	26
chr4	  6600000	  4400000	44
chr4	  7650000	  7250000	8
chr4	  8000000	  6400000	32
chr4	  8100000	  9850000	35
chr4	 11350000	 11050000	6
chr4	 11450000	  9900000	31
chr4	 11600000	 12450000	17
chr4	 12100000	 10750000	27
chr4	 12800000	 11600000	24
chr4	 13600000	 13150000	9
chr4	 15900000	 14150000	35
chr4	 16050000	 17500000	29
chr4	 16300000	 14900000	28
chr4	 16350000	 17050000	14
chr4	 16750000	 16550000	4
chr4	 16800000	 15100000	34
chr4	 16850000	 17700000	17
chr4	 17300000	 18950000	33
chr4	 19500000	 18400000	22
chr4	 21900000	 21250000	13
chr4	 24050000	 22650000	28
chr4	 26600000	 27300000	14
chr4	 31750000	 30600000	23
chr4	 33800000	 33150000	13
chr4	 34350000	 35600000	25
chr4	 34450000	 34150000	6
chr4	 35250000	 36600000	27
chr4	 35600000	 34400000	24
chr4	 35750000	 34250000	30
chr4	 36100000	 36750000	13
chr4	 36800000	 39200000	48
chr4	 38550000	 37750000	16
chr4	 39000000	 37750000	25
chr4	 46050000	 44550000	30
chr4	 47050000	 49100000	41
chr4	 47700000	 49700000	40
chr4	 48300000	 47200000	22
chr4	 50050000	 50800000	15
chr4	 50150000	 51200000	21
chr4	 51650000	 52450000	16
chr4	 52950000	 54100000	23
chr4	 54000000	 52850000	23
chr4	 54800000	 53850000	19
chr4	 56800000	 55900000	18
chr4	 58150000	 57700000	9
chr4	 58450000	 56100000	47
chr4	 58650000	 60450000	36
chr4	 59250000	 60800000	31
chr4	 60600000	 61700000	22
chr4	 61300000	 59450000	37
chr4	 62300000	 63200000	18
chr4	 62600000	 61150000	29
chr4	 63000000	 64350000	27
chr4	 63100000	 65000000	38
chr4	 64450000	 63750000	14
chr4	 65100000	 67200000	42
chr4	 65400000	 63200000	44
chr4	 65750000	 64550000	24
chr4	 66450000	 64450000	40
chr4	 68650000	 70000000	27
chr4	 71450000	 70100000	27
chr4	 71850000	 72400000	11
chr4	 75200000	 75650000	9
chr4	 75550000	 76550000	20
chr4	 76400000	 73900000	50
chr4	 77800000	 79450000	33
chr4	 77850000	 76700000	23
chr4	 77900000	 77300000	12
chr4	 79900000	 81700000	36
chr4	 81000000	 83250000	45
chr4	 81050000	 79200000	37
chr4	 82850000	 83900000	21
chr4	 83050000	 83700000	13
chr4	 83750000	 85600000	37
chr4	 85200000	 84550000	13
chr4	 85400000	 87300000	38
chr4	 85850000	 87000000	23
chr4	 86150000	 88000000	37
chr4	 87200000	 86350000	17
chr4	 87850000	 87350000	10
chr4	 88550000	 88100000	9
chr4	 88850000	 89400000	11
chr4	 89500000	 88300000	24
chr4	 91950000	 91150000	16
chr4	 95200000	 96150000	19
chr4	 97100000	 95450000	33
chr4	 98700000	 97650000	21
chr4	100450000	102200000	35
chr4	101000000	 98650000	47
chr4	103000000	100950000	41
chr4	103950000	102550000	28
chr4	104350000	103750000	12
chr4	107450000	109000000	31
chr4	107600000	105800000	36
chr4	108050000	108300000	5
chr4	108950000	107950000	20
chr4	110000000	108900000	22
chr4	111050000	111700000	13
chr4	112200000	113200000	20
chr4	113100000	114450000	27
chr4	114300000	113300000	20
chr4	114500000	113150000	27
chr4	115300000	116050000	15
chr4	119800000	120900000	22
chr4	122650000	120950000	34
chr4	123200000	122700000	10
chr4	125450000	127050000	32
chr4	126500000	125600000	18
chr4	128100000	125500000	52
chr4	128100000	128950000	17
chr4	131500000	132250000	15
chr4	132400000	131500000	18
chr4	132800000	132800000	0
chr4	134600000	135950000	27
chr4	137200000	138900000	34
chr4	138850000	140150000	26
chr4	139000000	140450000	29
chr4	140650000	142800000	43
chr4	140850000	139600000	25
chr4	143500000	142150000	27
chr4	143850000	142800000	21
chr4	145300000	146050000	15
chr4	146800000	147750000	19
chr4	147750000	150200000	49
chr4	149300000	148100000	24
chr4	149500000	148100000	28
chr4	149750000	150150000	8
chr4	150050000	150650000	12
chr4	150800000	149750000	21
chr4	152700000	152400000	6
chr4	152900000	150150000	55
chr4	153000000	151900000	22
chr4	153600000	154000000	8
chr4	154500000	156500000	40
chr4	154700000	153650000	21
chr4	155400000	154450000	19
chr5	   250000	   950000	14
chr5	   350000	  1100000	15
chr5	  2750000	  4000000	25
chr5	  3450000	  1900000	31
chr5	  3450000	  3900000	9
chr5	  3950000	  2150000	36
chr5	  5400000	  4150000	25
chr5	  5850000	  5600000	5
chr5	  6400000	  8250000	37
chr5	  7300000	  7900000	12
chr5	  7450000	  7200000	5
chr5	  9350000	 10700000	27
chr5	  9500000	 10800000	26
chr5	 12300000	 11850000	9
chr5	 13100000	 12650000	9
chr5	 14000000	 15250000	25
chr5	 15400000	 15800000	8
chr5	 16050000	 15200000	17
chr5	 16600000	 17650000	21
chr5	 16900000	 17200000	6
chr5	 17850000	 16250000	32
chr5	 20950000	 20450000	10
chr5	 21650000	 22450000	16
chr5	 23150000	 23550000	8
chr5	 24450000	 23450000	20
chr5	 25700000	 23300000	48
chr5	 26500000	 24600000	38
chr5	 28050000	 27500000	11
chr5	 29350000	 29650000	6
chr5	 29450000	 30900000	29
chr5	 31300000	 30400000	18
chr5	 31350000	 32300000	19
chr5	 31650000	 30850000	16
chr5	 32450000	 33400000	19
chr5	 32700000	 33150000	9
chr5	 35550000	 34950000	12
chr5	 35950000	 35000000	19
chr5	 35950000	 36250000	6
chr5	 36350000	 35700000	13
chr5	 38100000	 37000000	22
chr5	 38550000	 39150000	12
chr5	 39050000	 39600000	11
chr5	 40100000	 41150000	21
chr5	 40400000	 42050000	33
chr5	 41200000	 40300000	18
chr5	 41500000	 44400000	58
chr5	 41550000	 39000000	51
chr5	 43350000	 43600000	5
chr5	 46650000	 47050000	8
chr5	 46700000	 45550000	23
chr5	 46800000	 48050000	25
chr5	 48750000	 51450000	54
chr5	 51550000	 52250000	14
chr5	 52400000	 51600000	16
chr5	 55900000	 54900000	20
chr5	 56000000	 57050000	21
chr5	 58850000	 59450000	12
chr5	 59600000	 60200000	12
chr5	 60750000	 60000000	15
chr5	 62350000	 63200000	17
chr5	 63000000	 62700000	6
chr5	 65450000	 63650000	36
chr5	 65500000	 66500000	20
chr5	 67250000	 66450000	16
chr5	 68100000	 66950000	23
chr5	 70800000	 69400000	28
chr5	 73650000	 72900000	15
chr5	 75000000	 73400000	32
chr5	 75150000	 76450000	26
chr5	 76650000	 78000000	27
chr5	 78250000	 78950000	14
chr5	 80650000	 82450000	36
chr5	 80900000	 81250000	7
chr5	 81450000	 80500000	19
chr5	 81550000	 77800000	75
chr5	 82800000	 81050000	35
chr5	 84000000	 84500000	10
chr5	 84050000	 83500000	11
chr5	 85700000	 85050000	13
chr5	 86050000	 85450000	12
chr5	 86050000	 86500000	9
chr5	 86750000	 88200000	29
chr5	 86900000	 85900000	20
chr5	 87250000	 87850000	12
chr5	 87500000	 88400000	18
chr5	 89950000	 88750000	24
chr5	 91250000	 91250000	0
chr5	 91800000	 90550000	25
chr5	 93450000	 93450000	0
chr5	 95850000	 96950000	22
chr5	100050000	101600000	31
chr5	100200000	102150000	39
chr5	101000000	103100000	42
chr5	102350000	102800000	9
chr5	103200000	104900000	34
chr5	108600000	107150000	29
chr5	109850000	110700000	17
chr5	110050000	112400000	47
chr5	111450000	110550000	18
chr5	113300000	114300000	20
chr5	113350000	114700000	27
chr5	116050000	117750000	34
chr5	117000000	116600000	8
chr5	117850000	118250000	8
chr5	118250000	117250000	20
chr5	119350000	119750000	8
chr5	122700000	123700000	20
chr5	122700000	124800000	42
chr5	124950000	126300000	27
chr5	125750000	124750000	20
chr5	128050000	126050000	40
chr5	130200000	130700000	10
chr5	134300000	134650000	7
chr5	135050000	135400000	7
chr5	135850000	134650000	24
chr5	137150000	135350000	36
chr5	138100000	137050000	21
chr5	138800000	138100000	14
chr5	139050000	137850000	24
chr5	141650000	139600000	41
chr5	142600000	141450000	23
chr5	143250000	141850000	28
chr5	144500000	146000000	30
chr5	145850000	147700000	37
chr5	146600000	148550000	39
chr5	146700000	145650000	21
chr5	149550000	150350000	16
chr5	150250000	149700000	11
chr6	  1350000	  2200000	17
chr6	  2200000	  5050000	57
chr6	  3950000	  3300000	13
chr6	  4200000	  2950000	25
chr6	  4500000	  5700000	24
chr6	  6100000	  6700000	12
chr6	  6450000	  7200000	15
chr6	  9550000	 10150000	12
chr6	 11250000	 10400000	17
chr6	 12100000	 10500000	32
chr6	 12500000	 10750000	35
chr6	 13450000	 11900000	31
chr6	 15800000	 17650000	37
chr6	 19750000	 18600000	23
chr6	 20750000	 17800000	59
chr6	 21100000	 20000000	22
chr6	 21550000	 19850000	34
chr6	 22150000	 23250000	22
chr6	 24100000	 25050000	19
chr6	 26450000	 27400000	19
chr6	 29550000	 28500000	21
chr6	 31100000	 30100000	20
chr6	 31100000	 32150000	21
chr6	 32400000	 33250000	17
chr6	 33900000	 34850000	19
chr6	 33950000	 32900000	21
chr6	 34150000	 34900000	15
chr6	 35850000	 36950000	22
chr6	 36200000	 39450000	65
chr6	 36350000	 37050000	14
chr6	 37750000	 39350000	32
chr6	 39750000	 39000000	15
chr6	 42200000	 42650000	9
chr6	 43750000	 46150000	48
chr6	 44200000	 45400000	24
chr6	 44500000	 44800000	6
chr6	 44700000	 45500000	16
chr6	 47150000	 48400000	25
chr6	 48750000	 49250000	10
chr6	 50050000	 50750000	14
chr6	 50900000	 49400000	30
chr6	 52700000	 51750000	19
chr6	 53100000	 52350000	15
chr6	 54450000	 53000000	29
chr6	 54600000	 53400000	24
chr6	 56500000	 55750000	15
chr6	 58450000	 59600000	23
chr6	 58650000	 59150000	10
chr6	 59150000	 61050000	38
chr6	 61150000	 60100000	21
chr6	 63500000	 64250000	15
chr6	 64600000	 64300000	6
chr6	 66250000	 65800000	9
chr6	 66550000	 66100000	9
chr6	 66800000	 65750000	21
chr6	 67500000	 66950000	11
chr6	 68300000	 67600000	14
chr6	 68650000	 70900000	45
chr6	 69900000	 71050000	23
chr6	 70900000	 69250000	33
chr6	 72200000	 73250000	21
chr6	 72850000	 73850000	20
chr6	 73950000	 74750000	16
chr6	 76750000	 75700000	21
chr6	 77950000	 76450000	30
chr6	 78600000	 78100000	10
chr6	 81350000	 82100000	15
chr6	 83700000	 85600000	38
chr6	 84100000	 84400000	6
chr6	 86250000	 84950000	26
chr6	 87550000	 88550000	20
chr6	 88550000	 89400000	17
chr6	 90000000	 89550000	9
chr6	 90700000	 90350000	7
chr6	 91150000	 90750000	8
chr6	 91400000	 91850000	9
chr6	 94500000	 97000000	50
chr6	 95200000	 94450000	15
chr6	 97550000	 97550000	0
chr6	 97650000	 99200000	31
chr6	 98650000	100050000	28
chr6	 98750000	 97650000	22
chr6	100400000	101400000	20
chr6	101300000	 99350000	39
chr6	102300000	103750000	29
chr6	102350000	100700000	33
chr6	102800000	105000000	44
chr6	103000000	101300000	34
chr6	103100000	103800000	14
chr6	103900000	104750000	17
chr6	106150000	105350000	16
chr6	107250000	108200000	19
chr6	108800000	108450000	7
chr6	109100000	112200000	62
chr6	109250000	109950000	14
chr6	113000000	111800000	24
chr6	114250000	115100000	17
chr6	114850000	115950000	22
chr6	116300000	115650000	13
chr6	120400000	119850000	11
chr6	122900000	122000000	18
chr6	125900000	126350000	9
chr6	127400000	128800000	28
chr6	127750000	126950000	16
chr6	127950000	128350000	8
chr6	128700000	129800000	22
chr6	130550000	131350000	16
chr6	133600000	134900000	26
chr6	135150000	137000000	37
chr6	136550000	137600000	21
chr6	136900000	136550000	7
chr6	137750000	138700000	19
chr6	139400000	140300000	18
chr6	140400000	139150000	25
chr6	140950000	142350000	28
chr6	142200000	140700000	30
chr6	145900000	147000000	22
chr6	148800000	147950000	17
chr7	  1500000	  2500000	20
chr7	  2500000	  2150000	7
chr7	  3250000	  4300000	21
chr7	  3800000	  4900000	22
chr7	  4450000	  3550000	18
chr7	  4500000	  5450000	19
chr7	  7600000	  7100000	10
chr7	  7800000	  8050000	5
chr7	 10050000	  7800000	45
chr7	 10350000	  6650000	74
chr7	 11000000	 12000000	20
chr7	 12650000	 14550000	38
chr7	 12800000	 13650000	17
chr7	 13350000	 14450000	22
chr7	 14650000	 16000000	27
chr7	 15150000	 17300000	43
chr7	 17750000	 18900000	23
chr7	 17900000	 18900000	20
chr7	 18800000	 19450000	13
chr7	 20750000	 21250000	10
chr7	 22500000	 24550000	41
chr7	 24100000	 23000000	22
chr7	 24150000	 23200000	19
chr7	 24200000	 24400000	4
chr7	 25100000	 26900000	36
chr7	 25800000	 25150000	13
chr7	 26700000	 26250000	9
chr7	 28150000	 28750000	12
chr7	 29850000	 30600000	15
chr7	 31400000	 29300000	42
chr7	 31700000	 36350000	93
chr7	 33100000	 32350000	15
chr7	 33600000	 32950000	13
chr7	 33950000	 35150000	24
chr7	 36200000	 34650000	31
chr7	 36350000	 37100000	15
chr7	 37300000	 34650000	53
chr7	 39400000	 40650000	25
chr7	 41100000	 41950000	17
chr7	 42100000	 42700000	12
chr7	 43600000	 44700000	22
chr7	 46450000	 45050000	28
chr7	 47300000	 48700000	28
chr7	 47450000	 48400000	19
chr7	 49700000	 50700000	20
chr7	 49950000	 49950000	0
chr7	 50150000	 50800000	13
chr7	 50200000	 49700000	10
chr7	 51650000	 52200000	11
chr7	 54100000	 53500000	12
chr7	 54800000	 55600000	16
chr7	 55850000	 56850000	20
chr7	 57750000	 57000000	15
chr7	 58200000	 59400000	24
chr7	 58950000	 57900000	21
chr7	 59450000	 58900000	11
chr7	 61250000	 63250000	40
chr7	 63550000	 64100000	11
chr7	 63550000	 65650000	42
chr7	 64750000	 65850000	22
chr7	 64800000	 65800000	20
chr7	 68100000	 67200000	18
chr7	 69100000	 67950000	23
chr7	 69100000	 68000000	22
chr7	 70300000	 70700000	8
chr7	 71400000	 70400000	20
chr7	 72700000	 71050000	33
chr7	 72950000	 72150000	16
chr7	 73350000	 72350000	20
chr7	 73700000	 75550000	37
chr7	 74300000	 75700000	28
chr7	 75350000	 72100000	65
chr7	 78500000	 80050000	31
chr7	 79500000	 78150000	27
chr7	 79500000	 79200000	6
chr7	 80200000	 79200000	20
chr7	 80600000	 81900000	26
chr7	 80750000	 81900000	23
chr7	 85750000	 87300000	31
chr7	 88050000	 89550000	30
chr7	 89200000	 85650000	71
chr7	 89200000	 90150000	19
chr7	 89750000	 90900000	23
chr7	 93850000	 92400000	29
chr7	 93900000	 92600000	26
chr7	 94450000	 95000000	11
chr7	 96550000	 94850000	34
chr7	 99900000	101150000	25
chr7	101000000	102050000	21
chr7	102750000	101250000	30
chr7	104150000	102650000	30
chr7	104650000	103650000	20
chr7	105000000	106200000	24
chr7	108200000	108550000	7
chr7	110250000	110700000	9
chr7	110850000	111600000	15
chr7	110950000	109200000	35
chr7	117500000	119700000	44
chr7	117850000	119050000	24
chr7	117900000	116150000	35
chr7	118000000	119150000	23
chr7	119600000	121150000	31
chr7	120750000	120100000	13
chr7	122600000	123100000	10
chr7	124700000	124150000	11
chr7	125300000	128800000	70
chr7	125650000	126800000	23
chr7	125950000	126500000	11
chr7	128800000	128300000	10
chr7	128850000	130550000	34
chr7	132350000	132950000	12
chr7	133000000	131600000	28
chr7	133000000	133650000	13
chr7	136950000	136050000	18
chr7	137500000	136600000	18
chr7	137700000	136400000	26
chr7	137800000	136950000	17
chr7	138700000	139400000	14
chr7	139350000	138800000	11
chr7	140400000	138600000	36
chr7	141350000	140700000	13
chr7	141500000	143550000	41
chr7	142450000	143100000	13
chr7	143200000	141550000	33
chr8	  1000000	  2300000	26
chr8	  2700000	  1700000	20
chr8	  6250000	  6700000	9
chr8	  7050000	  7800000	15
chr8	  9300000	  8250000	21
chr8	 10050000	  9550000	10
chr8	 14750000	 14050000	14
chr8	 15650000	 18050000	48
chr8	 16600000	 15250000	27
chr8	 17150000	 16650000	10
chr8	 18650000	 16700000	39
chr8	 19750000	 21900000	43
chr8	 24000000	 24950000	19
chr8	 24200000	 23450000	15
chr8	 24750000	 25900000	23
chr8	 24800000	 26750000	39
chr8	 25650000	 24450000	24
chr8	 28200000	 26250000	39
chr8	 29750000	 29300000	9
chr8	 30800000	 30500000	6
chr8	 31100000	 33050000	39
chr8	 32200000	 33250000	21
chr8	 35350000	 37050000	34
chr8	 36500000	 38050000	31
chr8	 36750000	 35150000	32
chr8	 38300000	 38550000	5
chr8	 41600000	 41200000	8
chr8	 42000000	 41450000	11
chr8	 48700000	 47650000	21
chr8	 48750000	 49450000	14
chr8	 51700000	 52700000	20
chr8	 52900000	 54400000	30
chr8	 54000000	 54650000	13
chr8	 58200000	 57650000	11
chr8	 59600000	 58300000	26
chr8	 61800000	 60900000	18
chr8	 61850000	 60600000	25
chr8	 62200000	 61000000	24
chr8	 62500000	 63400000	18
chr8	 66250000	 64800000	29
chr8	 66300000	 65700000	12
chr8	 67300000	 66550000	15
chr8	 69400000	 67500000	38
chr8	 69600000	 68300000	26
chr8	 70850000	 68750000	42
chr8	 71700000	 72200000	10
chr8	 73150000	 73950000	16
chr8	 75550000	 76700000	23
chr8	 75750000	 76450000	14
chr8	 76050000	 72550000	70
chr8	 76450000	 75600000	17
chr8	 78400000	 79400000	20
chr8	 78450000	 77150000	26
chr8	 78850000	 82200000	67
chr8	 80100000	 81500000	28
chr8	 81000000	 82900000	38
chr8	 83200000	 82300000	18
chr8	 84300000	 83200000	22
chr8	 85250000	 85900000	13
chr8	 86800000	 88250000	29
chr8	 87250000	 85100000	43
chr8	 87850000	 89150000	26
chr8	 89250000	 90150000	18
chr8	 93600000	 93900000	6
chr8	 93950000	 93300000	13
chr8	 96200000	100700000	90
chr8	 97000000	 96350000	13
chr8	 97300000	 96600000	14
chr8	 97650000	 96150000	30
chr8	 98700000	 98050000	13
chr8	100450000	 99450000	20
chr8	104500000	105500000	20
chr8	104650000	103900000	15
chr8	104700000	106100000	28
chr8	104950000	106750000	36
chr8	105750000	102800000	59
chr8	109950000	110900000	19
chr8	113350000	112000000	27
chr8	113500000	114350000	17
chr8	114650000	113350000	26
chr8	114850000	113700000	23
chr8	115300000	118550000	65
chr8	118450000	119500000	21
chr8	119400000	118400000	20
chr8	126650000	128100000	29
chr8	126900000	126500000	8
chr8	127400000	127050000	7
chr9	   250000	   850000	12
chr9	   250000	   950000	14
chr9	  2000000	        0	40
chr9	  2200000	  1150000	21
chr9	  3800000	  5450000	33
chr9	  5650000	  6350000	14
chr9	  6150000	  8500000	47
chr9	  6600000	 11550000	99
chr9	  7600000	  9050000	29
chr9	  8850000	  7850000	20
chr9	 10500000	 10050000	9
chr9	 13200000	 11800000	28
chr9	 15650000	 13900000	35
chr9	 16500000	 17800000	26
chr9	 17450000	 18100000	13
chr9	 17750000	 15850000	38
chr9	 17850000	 17300000	11
chr9	 19000000	 17450000	31
chr9	 19500000	 19800000	6
chr9	 19500000	 22600000	62
chr9	 21000000	 18850000	43
chr9	 21900000	 21350000	11
chr9	 24400000	 22750000	33
chr9	 24500000	 23700000	16
chr9	 26150000	 25100000	21
chr9	 28000000	 29650000	33
chr9	 29100000	 29600000	10
chr9	 29350000	 30900000	31
chr9	 29450000	 30700000	25
chr9	 29550000	 30250000	14
chr9	 30100000	 29650000	9
chr9	 30450000	 29100000	27
chr9	 31950000	 30400000	31
chr9	 32850000	 31800000	21
chr9	 33400000	 37300000	78
chr9	 34450000	 34900000	9
chr9	 34650000	 35600000	19
chr9	 35950000	 38200000	45
chr9	 40900000	 41200000	6
chr9	 41500000	 42250000	15
chr9	 41800000	 40950000	17
chr9	 42550000	 43700000	23
chr9	 43150000	 43900000	15
chr9	 43400000	 41600000	36
chr9	 44550000	 43400000	23
chr9	 50250000	 49200000	21
chr9	 50300000	 49650000	13
chr9	 51150000	 50500000	13
chr9	 51250000	 53150000	38
chr9	 53850000	 52050000	36
chr9	 55650000	 54750000	18
chr9	 56850000	 57650000	16
chr9	 57300000	 57950000	13
chr9	 58400000	 57750000	13
chr9	 61100000	 63100000	40
chr9	 61150000	 62100000	19
chr9	 61500000	 60850000	13
chr9	 68750000	 67850000	18
chr9	 70650000	 69850000	16
chr9	 72450000	 71950000	10
chr9	 74800000	 76300000	30
chr9	 75800000	 74850000	19
chr9	 76700000	 76100000	12
chr9	 79300000	 80500000	24
chr9	 80800000	 80550000	5
chr9	 82800000	 81700000	22
chr9	 83300000	 81800000	30
chr9	 85250000	 84850000	8
chr9	 86600000	 87050000	9
chr9	 87750000	 86900000	17
chr9	 88000000	 89350000	27
chr9	 89450000	 88800000	13
chr9	 90200000	 89500000	14
chr9	 91000000	 91700000	14
chr9	 92400000	 90650000	35
chr9	 93050000	 91500000	31
chr9	 94850000	 95350000	10
chr9	 95850000	 96750000	18
chr9	 95950000	 95150000	16
chr9	 96950000	 95900000	21
chr9	101000000	101900000	18
chr9	102400000	101300000	22
chr9	102450000	103900000	29
chr9	102500000	104350000	37
chr9	107150000	106600000	11
chr9	108300000	107550000	15
chr9	109000000	109850000	17
chr9	109700000	109200000	10
chr9	110150000	111600000	29
chr9	113400000	114250000	17
chr9	116050000	115050000	20
chr9	117000000	116600000	8
chr9	117650000	118950000	26
chr9	119800000	118000000	36
chrX	   600000	  1600000	20
chrX	  1000000	    50000	19
chrX	  2700000	  3350000	13
chrX	  2850000	  1750000	22
chrX	  3300000	  2500000	16
chrX	  3850000	  5800000	39
chrX	  3950000	  2650000	26
chrX	  7150000	  6250000	18
chrX	  7400000	  6200000	24
chrX	  7650000	  9100000	29
chrX	  7900000	  7350000	11
chrX	  8750000	  8300000	9
chrX	 12650000	 11750000	18
chrX	 13050000	 12000000	21
chrX	 13300000	 12250000	21
chrX	 13600000	 14750000	23
chrX	 16700000	 17600000	18
chrX	 16750000	 17600000	17
chrX	 17050000	 18800000	35
chrX	 21350000	 20250000	22
chrX	 22750000	 23800000	21
chrX	 25150000	 25700000	11
chrX	 27050000	 28400000	27
chrX	 28000000	 25350000	53
chrX	 28550000	 29700000	23
chrX	 29550000	 28550000	20
chrX	 31700000	 30000000	34
chrX	 31850000	 32400000	11
chrX	 35200000	 33750000	29
chrX	 36200000	 37100000	18
chrX	 39650000	 40150000	10
chrX	 40400000	 41100000	14
chrX	 41000000	 39650000	27
chrX	 41400000	 42900000	30
chrX	 44550000	 43850000	14
chrX	 45300000	 44700000	12
chrX	 46900000	 46350000	11
chrX	 50450000	 51000000	11
chrX	 53450000	 52900000	11
chrX	 53800000	 52750000	21
chrX	 53900000	 52250000	33
chrX	 54950000	 55750000	16
chrX	 56950000	 57750000	16
chrX	 59000000	 60050000	21
chrX	 59350000	 60050000	14
chrX	 60600000	 61900000	26
chrX	 61300000	 60600000	14
chrX	 61600000	 61900000	6
chrX	 61800000	 62700000	18
chrX	 62250000	 62650000	8
chrX	 62600000	 61700000	18
chrX	 63750000	 65400000	33
chrX	 64150000	 63050000	22
chrX	 64750000	 64950000	4
chrX	 65150000	 65700000	11
chrX	 66800000	 67600000	16
chrX	 69650000	 68800000	17
chrX	 70800000	 72700000	38
chrX	 71550000	 73150000	32
chrX	 73250000	 74250000	20
chrX	 73800000	 74650000	17
chrX	 74900000	 73750000	23
chrX	 74950000	 73750000	24
chrX	 78300000	 79600000	26
chrX	 83000000	 83400000	8
chrX	 83600000	 84800000	24
chrX	 84050000	 83200000	17
chrX	 84950000	 84200000	15
chrX	 85750000	 86500000	15
chrX	 89550000	 88250000	26
chrX	 90850000	 91650000	16
chrX	 91500000	 92700000	24
chrX	 92250000	 93500000	25
chrX	 93350000	 92250000	22
chrX	 93450000	 96300000	57
chrX	 96900000	 95800000	22
chrX	 96950000	 95700000	25
chrX	 97050000	 98700000	33
chrX	 99300000	 99700000	8
chrX	 99550000	100100000	11
chrX	 99900000	101050000	23
chrX	100100000	100650000	11
chrX	100150000	101650000	30
chrX	102300000	101550000	15
chrX	106600000	104850000	35
chrX	107050000	106800000	5
chrX	109000000	110150000	23
chrX	109200000	110000000	16
chrX	109900000	110950000	21
chrX	110250000	109050000	24
chrX	110400000	110950000	11
chrX	110900000	111600000	14
chrX	111550000	109800000	35
chrX	113000000	111600000	28
chrX	113500000	112850000	13
chrX	115700000	114950000	15
chrX	117950000	116850000	22
chrX	118100000	117000000	22
chrX	120250000	118300000	39
chrX	120450000	122050000	32
chrX	121100000	120250000	17
chrX	121450000	122300000	17
chrX	121550000	123000000	29
chrX	122250000	121300000	19
chrX	123150000	123750000	12
chrX	124900000	125700000	16
chrX	127550000	130200000	53
chrX	128000000	127000000	20
chrX	131750000	132900000	23
chrX	136250000	135300000	19
chrX	136750000	137200000	9
chrX	138550000	138550000	0
chrX	139100000	141350000	45
chrX	139400000	140350000	19
chrX	140450000	140650000	4
chrX	141700000	143050000	27
chrX	141850000	142400000	11
chrX	143200000	141950000	25
chrX	143900000	144900000	20
chrX	146550000	146150000	8
chrX	146950000	144600000	47
chrX	147150000	146400000	15
chrX	148000000	146900000	22
chrX	153400000	152000000	28
chrX	157050000	155950000	22
chrX	157150000	155650000	30
chrX	158050000	158750000	14
chrX	160000000	160400000	8
chrX	160200000	159150000	21
chrX	162500000	163500000	20
chrX	162850000	162500000	7
chrX	163800000	162950000	17
chrX	163850000	163450000	8
chrX	164000000	162850000	23
chrX	167400000	168350000	19
chrX	168600000	168600000	0
chrX	170000000	171000000	20
chrY	  1300000	  2000000	14
chrY	  3250000	  4350000	22
chrY	  3700000	  2600000	22
chrY	  4500000	  3500000	20
chrY	  7250000	  6150000	22
chrY	  7900000	  8900000	20
chrY	  8150000	  7900000	5
chrY	  8850000	  6750000	42
chrY	 10000000	 10350000	7
chrY	 12300000	 13100000	16
chrY	 13100000	 13100000	0
chrY	 15100000	 12900000	44
chrY	 18300000	 19050000	15
chrY	 20900000	 18900000	40
chrY	 21250000	 19950000	26
chrY	 21250000	 20500000	15
chrY	 22150000	 20800000	27
chrY	 22650000	 23350000	14
chrY	 26050000	 26500000	9
chrY	 27100000	 25700000	28
chrY	 27400000	 28850000	29
chrY	 28700000	 25900000	56
chrY	 28850000	 27800000	21
chrY	 29400000	 30150000	15
chrY	 29800000	 28100000	34
chrY	 32300000	 32950000	13
chrY	 34750000	 34750000	0
chrY	 35600000	 35300000	6
chrY	 35800000	 37100000	26
chrY	 36600000	 37200000	12
chrY	 38800000	 37750000	21
chrY	 41050000	 40500000	11
chrY	 42550000	 40800000	35
chrY	 46800000	 47050000	5
chrY	 47750000	 48050000	6
chrY	 47850000	 49650000	36
chrY	 49850000	 51000000	23
chrY	 54750000	 53600000	23
chrY	 55300000	 53050000	45
chrY	 56650000	 55550000	22
chrY	 57300000	 58050000	15
chrY	 57550000	 59000000	29
chrY	 57700000	 59700000	40
chrY	 58200000	 60800000	52
chrY	 60150000	 62350000	44
chrY	 61550000	 60300000	25
chrY	 62450000	 63850000	28
chrY	 66650000	 65400000	25
chrY	 67550000	 65200000	47
chrY	 67850000	 70000000	43
chrY	 68300000	 66100000	44
chrY	 68450000	 68900000	9
chrY	 68750000	 70250000	30
chrY	 71450000	 73100000	33
chrY	 72500000	 73200000	14
chrY	 72950000	 73300000	7
chrY	 77600000	 78500000	18
chrY	 80800000	 83100000	46
chrY	 81200000	 84800000	72
chrY	 82750000	 82150000	12
chrY	 83200000	 83400000	4
chrY	 84650000	 84900000	5
chrY	 85300000	 86200000	18
chrY	 85350000	 84550000	16
chrY	 85400000	 83900000	30
chrY	 85400000	 84850000	11
chrY	 85650000	 85350000	6
