chr1	  1100000	   750000	7
chr1	  1800000	   850000	19
chr1	  2750000	  3850000	22
chr1	  7050000	  6500000	11
chr1	  8050000	  8700000	13
chr1	 10500000	  9900000	12
chr1	 12400000	 10850000	31
chr1	 15550000	 14900000	13
chr1	 15950000	 17350000	28
chr1	 16500000	 14350000	43
chr1	 17100000	 16500000	12
chr1	 19550000	 18800000	15
chr1	 20550000	 21800000	25
chr1	 21950000	 23500000	31
chr1	 22050000	 20550000	30
chr1	 22600000	 24050000	29
chr1	 22700000	 23700000	20
chr1	 23200000	 24400000	24
chr1	 24450000	 25450000	20
chr1	 25150000	 23850000	26
chr1	 25700000	 27000000	26
chr1	 26600000	 27450000	17
chr1	 26850000	 27650000	16
chr1	 28350000	 29550000	24
chr1	 28450000	 28150000	6
chr1	 30700000	 30100000	12
chr1	 33100000	 32300000	16
chr1	 34300000	 34000000	6
chr1	 34900000	 35850000	19
chr1	 36500000	 37550000	21
chr1	 36850000	 35950000	18
chr1	 38350000	 36450000	38
chr1	 39050000	 37900000	23
chr1	 40350000	 39100000	25
chr1	 41550000	 42600000	21
chr1	 42350000	 40100000	45
chr1	 44450000	 42200000	45
chr1	 44700000	 46150000	29
chr1	 45100000	 44250000	17
chr1	 48850000	 47750000	22
chr1	 49250000	 51300000	41
chr1	 51550000	 52500000	19
chr1	 52450000	 53300000	17
chr1	 53300000	 54700000	28
chr1	 54500000	 54950000	9
chr1	 54500000	 56050000	31
chr1	 56200000	 57100000	18
chr1	 56400000	 56700000	6
chr1	 56700000	 55950000	15
chr1	 59100000	 63000000	78
chr1	 60650000	 60150000	10
chr1	 61500000	 62000000	10
chr1	 62500000	 62150000	7
chr1	 62750000	 63950000	24
chr1	 63850000	 62500000	27
chr1	 64850000	 65250000	8
chr1	 65850000	 65500000	7
chr1	 66500000	 67300000	16
chr1	 67000000	 65400000	32
chr1	 67300000	 66250000	21
chr1	 67400000	 68400000	20
chr1	 67950000	 68300000	7
chr1	 69800000	 71000000	24
chr1	 70100000	 71300000	24
chr1	 71250000	 72400000	23
chr1	 73000000	 72650000	7
chr1	 74350000	 76250000	38
chr1	 75200000	 73750000	29
chr1	 77950000	 77100000	17
chr1	 80550000	 79700000	17
chr1	 83050000	 83600000	11
chr1	 83450000	 84400000	19
chr1	 83900000	 85500000	32
chr1	 85850000	 84600000	25
chr1	 86850000	 87650000	16
chr1	 89600000	 89800000	4
chr1	 89650000	 88950000	14
chr1	 90900000	 89900000	20
chr1	 91750000	 92550000	16
chr1	 93750000	 96350000	52
chr1	 94550000	 96500000	39
chr1	 95150000	 95950000	16
chr1	 95200000	 94400000	16
chr1	 96300000	 95450000	17
chr1	 96850000	 96350000	10
chr1	 98500000	 97850000	13
chr1	101950000	100600000	27
chr1	106650000	106300000	7
chr1	106850000	107900000	21
chr1	109750000	108400000	27
chr1	111600000	112650000	21
chr1	112800000	113400000	12
chr1	114750000	116000000	25
chr1	115750000	116600000	17
chr1	118500000	117950000	11
chr1	121700000	123450000	35
chr1	122500000	123800000	26
chr1	123700000	124300000	12
chr1	126200000	123850000	47
chr1	128300000	129350000	21
chr1	129050000	128650000	8
chr1	129200000	129850000	13
chr1	131550000	133050000	30
chr1	133300000	134600000	26
chr1	134950000	132700000	45
chr1	137050000	138900000	37
chr1	138250000	140150000	38
chr1	141450000	141050000	8
chr1	144650000	143000000	33
chr1	145800000	147300000	30
chr1	150850000	150050000	16
chr1	150900000	152150000	25
chr1	151150000	150000000	23
chr1	151150000	151550000	8
chr1	152100000	151450000	13
chr1	156250000	157300000	21
chr1	156400000	158000000	32
chr1	157600000	158900000	26
chr1	158400000	157900000	10
chr1	158500000	159350000	17
chr1	158700000	159100000	8
chr1	159000000	158600000	8
chr1	159150000	159750000	12
chr1	160350000	159900000	9
chr1	164200000	162850000	27
chr1	166150000	167150000	20
chr1	167050000	165700000	27
chr1	167050000	167050000	0
chr1	169650000	170000000	7
chr1	174050000	172600000	29
chr1	174150000	174650000	10
chr1	174500000	173650000	17
chr1	176750000	178600000	37
chr1	176800000	174050000	55
chr1	179050000	178200000	17
chr1	179150000	180000000	17
chr1	180000000	180450000	9
chr1	183000000	183900000	18
chr1	184500000	182600000	38
chr1	185950000	184900000	21
chr1	189350000	188650000	14
chr1	190950000	192750000	36
chr1	191050000	189000000	41
chr10	  2000000	  2900000	18
chr10	  2050000	  1650000	8
chr10	  4750000	  5950000	24
chr10	  6650000	  5250000	28
chr10	  6800000	  7750000	19
chr10	  8050000	  9900000	37
chr10	  8500000	  6550000	39
chr10	  9600000	 10300000	14
chr10	 12100000	 14200000	42
chr10	 13050000	 12100000	19
chr10	 13100000	 14000000	18
chr10	 14000000	 13350000	13
chr10	 14200000	 13300000	18
chr10	 14800000	 15600000	16
chr10	 16600000	 17900000	26
chr10	 16700000	 15700000	20
chr10	 20250000	 21250000	20
chr10	 22300000	 23050000	15
chr10	 22800000	 21950000	17
chr10	 24550000	 25200000	13
chr10	 24950000	 25650000	14
chr10	 25050000	 23550000	30
chr10	 25600000	 26500000	18
chr10	 27500000	 28300000	16
chr10	 29100000	 30750000	33
chr10	 30350000	 29050000	26
chr10	 31300000	 31750000	9
chr10	 32200000	 31950000	5
chr10	 33000000	 30300000	54
chr10	 34350000	 33550000	16
chr10	 35050000	 37200000	43
chr10	 36450000	 35550000	18
chr10	 37600000	 38400000	16
chr10	 37900000	 38100000	4
chr10	 38700000	 37300000	28
chr10	 39400000	 37900000	30
chr10	 39950000	 41150000	24
chr10	 40100000	 37200000	58
chr10	 40300000	 38250000	41
chr10	 41200000	 42000000	16
chr10	 42350000	 44200000	37
chr10	 43250000	 43900000	13
chr10	 43800000	 46050000	45
chr10	 44200000	 40700000	70
chr10	 48700000	 47600000	22
chr10	 49150000	 47350000	36
chr10	 51300000	 51700000	8
chr10	 54800000	 54200000	12
chr10	 55600000	 56150000	11
chr10	 56900000	 56550000	7
chr10	 59800000	 59250000	11
chr10	 60350000	 61050000	14
chr10	 61150000	 61700000	11
chr10	 62100000	 61350000	15
chr10	 62950000	 64750000	36
chr10	 63300000	 59900000	68
chr10	 66600000	 66950000	7
chr10	 67000000	 68400000	28
chr10	 69200000	 69200000	0
chr10	 69750000	 70600000	17
chr10	 71250000	 69500000	35
chr10	 71850000	 73050000	24
chr10	 72350000	 73200000	17
chr10	 72950000	 72700000	5
chr10	 74650000	 73650000	20
chr10	 74750000	 75500000	15
chr10	 76850000	 77450000	12
chr10	 76850000	 78150000	26
chr10	 77750000	 76800000	19
chr10	 81100000	 82100000	20
chr10	 81200000	 83200000	40
chr10	 81800000	 82400000	12
chr10	 83500000	 85550000	41
chr10	 83550000	 82150000	28
chr10	 83600000	 84150000	11
chr10	 83950000	 84800000	17
chr10	 84800000	 84250000	11
chr10	 88000000	 86500000	30
chr10	 88500000	 87750000	15
chr10	 88850000	 87550000	26
chr10	 90550000	 89550000	20
chr10	 94050000	 91600000	49
chr10	 94150000	 94700000	11
chr10	 94250000	 92400000	37
chr10	 95850000	 94750000	22
chr10	 98900000	 97750000	23
chr10	100000000	102150000	43
chr10	101200000	100750000	9
chr10	101750000	101100000	13
chr10	102900000	104350000	29
chr10	104000000	104500000	10
chr10	107300000	108600000	26
chr10	108200000	106700000	30
chr10	108850000	112500000	73
chr10	108900000	110700000	36
chr10	111200000	109550000	33
chr10	111350000	109500000	37
chr10	111350000	113050000	34
chr10	111950000	109800000	43
chr10	113600000	115800000	44
chr10	114800000	115650000	17
chr10	115550000	116750000	24
chr10	117550000	116400000	23
chr10	118650000	117300000	27
chr10	119800000	120950000	23
chr10	121500000	122000000	10
chr10	122850000	121900000	19
chr10	124000000	124950000	19
chr10	124800000	127700000	58
chr10	124850000	123600000	25
chr10	130200000	128550000	33
chr10	130350000	128650000	34
chr11	   700000	  1350000	13
chr11	  1350000	  2550000	24
chr11	  2000000	   800000	24
chr11	  2350000	  1650000	14
chr11	  2550000	   900000	33
chr11	  2700000	  3500000	16
chr11	  3200000	  4450000	25
chr11	  4200000	  4900000	14
chr11	  5900000	  5250000	13
chr11	  6300000	  6850000	11
chr11	  6750000	  2150000	92
chr11	  7550000	  8850000	26
chr11	  8900000	  8500000	8
chr11	  9400000	  9050000	7
chr11	 11100000	 13100000	40
chr11	 12550000	 13450000	18
chr11	 12750000	 12200000	11
chr11	 14800000	 12550000	45
chr11	 15750000	 17050000	26
chr11	 16400000	 15300000	22
chr11	 18200000	 16350000	37
chr11	 19750000	 20550000	16
chr11	 22250000	 21750000	10
chr11	 22600000	 20950000	33
chr11	 23300000	 22100000	24
chr11	 28000000	 27350000	13
chr11	 28900000	 29950000	21
chr11	 29150000	 29950000	16
chr11	 30200000	 31350000	23
chr11	 32400000	 31600000	16
chr11	 32950000	 31200000	35
chr11	 33500000	 34450000	19
chr11	 34800000	 35500000	14
chr11	 34800000	 35950000	23
chr11	 36800000	 34850000	39
chr11	 40450000	 39550000	18
chr11	 40950000	 39050000	38
chr11	 41200000	 40550000	13
chr11	 42100000	 43000000	18
chr11	 43100000	 42100000	20
chr11	 44400000	 44050000	7
chr11	 44600000	 41900000	54
chr11	 45750000	 44300000	29
chr11	 46300000	 48050000	35
chr11	 48950000	 48100000	17
chr11	 49400000	 47950000	29
chr11	 49900000	 48850000	21
chr11	 50550000	 50150000	8
chr11	 50600000	 50900000	6
chr11	 51800000	 51100000	14
chr11	 52150000	 51550000	12
chr11	 53250000	 54150000	18
chr11	 54550000	 52900000	33
chr11	 55150000	 56850000	34
chr11	 56900000	 56400000	10
chr11	 57350000	 54850000	50
chr11	 57700000	 58700000	20
chr11	 64550000	 64950000	8
chr11	 64850000	 64100000	15
chr11	 65000000	 65800000	16
chr11	 65250000	 66650000	28
chr11	 67600000	 65550000	41
chr11	 67750000	 68650000	18
chr11	 69500000	 70800000	26
chr11	 70200000	 69800000	8
chr11	 70250000	 73850000	72
chr11	 70500000	 68300000	44
chr11	 71850000	 72500000	13
chr11	 73900000	 74300000	8
chr11	 74250000	 74950000	14
chr11	 75700000	 76450000	15
chr11	 78350000	 77600000	15
chr11	 78850000	 80250000	28
chr11	 79600000	 78000000	32
chr11	 81250000	 82050000	16
chr11	 82850000	 84400000	31
chr11	 83250000	 83350000	2
chr11	 84250000	 83900000	7
chr11	 85400000	 87900000	50
chr11	 86350000	 84250000	42
chr11	 90900000	 91250000	7
chr11	 93000000	 91700000	26
chr11	 94200000	 93050000	23
chr11	 98150000	 97050000	22
chr11	100150000	 98800000	27
chr11	101200000	100450000	15
chr11	101500000	 99750000	35
chr11	104300000	106000000	34
chr11	105150000	104000000	23
chr11	105350000	103800000	31
chr11	106000000	107800000	36
chr11	107500000	108800000	26
chr11	109300000	110400000	22
chr11	109850000	112800000	59
chr11	111050000	111800000	15
chr11	111800000	112750000	19
chr11	112050000	112750000	14
chr11	112300000	114800000	50
chr11	113200000	112550000	13
chr11	114500000	115450000	19
chr11	116900000	117600000	14
chr11	117100000	117750000	13
chr11	118600000	117200000	28
chr11	119650000	120750000	22
chr12	  5350000	  6050000	14
chr12	  7250000	  8050000	16
chr12	  7350000	  6550000	16
chr12	 11400000	 12200000	16
chr12	 12950000	 12050000	18
chr12	 13400000	 14300000	18
chr12	 13500000	 12000000	30
chr12	 14900000	 13000000	38
chr12	 16000000	 17000000	20
chr12	 16350000	 17900000	31
chr12	 20650000	 18700000	39
chr12	 22000000	 23500000	30
chr12	 24650000	 26400000	35
chr12	 25900000	 24800000	22
chr12	 29700000	 28500000	24
chr12	 30750000	 31300000	11
chr12	 31150000	 32700000	31
chr12	 32700000	 33750000	21
chr12	 32900000	 33850000	19
chr12	 33000000	 33400000	8
chr12	 33050000	 32350000	14
chr12	 34050000	 36800000	55
chr12	 36200000	 36200000	0
chr12	 39450000	 39450000	0
chr12	 39900000	 38750000	23
chr12	 43150000	 43400000	5
chr12	 45150000	 46450000	26
chr12	 45150000	 46900000	35
chr12	 45450000	 46250000	16
chr12	 47150000	 48950000	36
chr12	 47300000	 45750000	31
chr12	 48550000	 47150000	28
chr12	 49600000	 51100000	30
chr12	 50450000	 51450000	20
chr12	 51300000	 49900000	28
chr12	 51900000	 52200000	6
chr12	 52350000	 53250000	18
chr12	 53200000	 54300000	22
chr12	 54950000	 55500000	11
chr12	 55100000	 51800000	66
chr12	 56600000	 55000000	32
chr12	 60500000	 59750000	15
chr12	 63650000	 63150000	10
chr12	 67950000	 68350000	8
chr12	 68500000	 66600000	38
chr12	 70000000	 69150000	17
chr12	 70000000	 71400000	28
chr12	 70050000	 67050000	60
chr12	 70250000	 69900000	7
chr12	 74050000	 75300000	25
chr12	 74350000	 73000000	27
chr12	 75300000	 74650000	13
chr12	 76500000	 77150000	13
chr12	 77500000	 78400000	18
chr12	 77550000	 76500000	21
chr12	 80200000	 81300000	22
chr12	 80350000	 79050000	26
chr12	 80900000	 79900000	20
chr12	 82400000	 82000000	8
chr12	 82500000	 81900000	12
chr12	 82550000	 82050000	10
chr12	 84650000	 83500000	23
chr12	 87550000	 88750000	24
chr12	 88500000	 87900000	12
chr12	 90700000	 88750000	39
chr12	 91250000	 92350000	22
chr12	 96250000	 97050000	16
chr12	 97950000	 97000000	19
chr12	 98150000	 99200000	21
chr12	102050000	102750000	14
chr12	102600000	103550000	19
chr12	107700000	108850000	23
chr12	110750000	110050000	14
chr12	111650000	112600000	19
chr12	111750000	112650000	18
chr12	112400000	113050000	13
chr12	113800000	115600000	36
chr12	115450000	116000000	11
chr12	115650000	117100000	29
chr12	116450000	119700000	65
chr12	118750000	120050000	26
chr12	118900000	119550000	13
chr13	   850000	  2400000	31
chr13	  1950000	   900000	21
chr13	  2200000	   700000	30
chr13	  4650000	  2900000	35
chr13	  5700000	  9100000	68
chr13	  6050000	  4350000	34
chr13	  7400000	  8450000	21
chr13	  9050000	 11000000	39
chr13	 11500000	 10900000	12
chr13	 11650000	 12400000	15
chr13	 12050000	 11500000	11
chr13	 13450000	 15000000	31
chr13	 13800000	 14850000	21
chr13	 14150000	 12850000	26
chr13	 16150000	 14850000	26
chr13	 19000000	 18700000	6
chr13	 19550000	 20500000	19
chr13	 20250000	 19800000	9
chr13	 21150000	 19800000	27
chr13	 21950000	 20350000	32
chr13	 23550000	 23100000	9
chr13	 24950000	 22750000	44
chr13	 28000000	 26950000	21
chr13	 29000000	 28100000	18
chr13	 29150000	 28800000	7
chr13	 32050000	 31450000	12
chr13	 34000000	 32350000	33
chr13	 36650000	 35950000	14
chr13	 36700000	 35200000	30
chr13	 38100000	 39500000	28
chr13	 38150000	 40450000	46
chr13	 38750000	 39300000	11
chr13	 39350000	 40350000	20
chr13	 39500000	 40550000	21
chr13	 40650000	 37900000	55
chr13	 41250000	 40750000	10
chr13	 41900000	 43250000	27
chr13	 43650000	 41800000	37
chr13	 44400000	 43650000	15
chr13	 44400000	 45950000	31
chr13	 44850000	 45400000	11
chr13	 45550000	 43800000	35
chr13	 50850000	 50850000	0
chr13	 51000000	 49550000	29
chr13	 52950000	 53700000	15
chr13	 53200000	 51500000	34
chr13	 54100000	 54850000	15
chr13	 55200000	 53750000	29
chr13	 57150000	 54850000	46
chr13	 62100000	 58600000	70
chr13	 62850000	 63200000	7
chr13	 65450000	 64250000	24
chr13	 65650000	 66350000	14
chr13	 65700000	 68050000	47
chr13	 65750000	 64400000	27
chr13	 65900000	 65000000	18
chr13	 66800000	 65850000	19
chr13	 74850000	 74150000	14
chr13	 76800000	 78200000	28
chr13	 79750000	 79150000	12
chr13	 80800000	 78600000	44
chr13	 81250000	 79500000	35
chr13	 81800000	 81150000	13
chr13	 82000000	 81200000	16
chr13	 84450000	 86100000	33
chr13	 84550000	 86650000	42
chr13	 86650000	 88150000	30
chr13	 88750000	 88150000	12
chr13	 93000000	 93850000	17
chr13	 94150000	 92650000	30
chr13	 94200000	 95850000	33
chr13	 95050000	 96650000	32
chr13	 95600000	 94650000	19
chr13	 99800000	 98900000	18
chr13	101850000	103150000	26
chr13	103350000	104300000	19
chr13	107150000	107900000	15
chr13	108400000	114400000	120
chr13	108450000	108250000	4
chr13	109850000	108600000	25
chr13	111000000	109850000	23
chr13	111350000	113000000	33
chr13	116150000	117000000	17
chr13	116700000	117000000	6
chr13	117800000	116400000	28
chr13	119300000	119900000	12
chr14	  2200000	  1450000	15
chr14	  3000000	  2300000	14
chr14	  3550000	  1550000	40
chr14	  3850000	  2950000	18
chr14	  5150000	  6650000	30
chr14	  6500000	  5650000	17
chr14	  7900000	  6700000	24
chr14	  8200000	  8450000	5
chr14	  8800000	  7500000	26
chr14	 10100000	 12050000	39
chr14	 10350000	 11550000	24
chr14	 10850000	 10350000	10
chr14	 12100000	 12450000	7
chr14	 12100000	 13900000	36
chr14	 13000000	 13900000	18
chr14	 14000000	 13000000	20
chr14	 16550000	 17400000	17
chr14	 18050000	 16800000	25
chr14	 20650000	 18350000	46
chr14	 22500000	 21550000	19
chr14	 22600000	 21150000	29
chr14	 23950000	 24150000	4
chr14	 26500000	 23900000	52
chr14	 26750000	 30600000	77
chr14	 26900000	 25150000	35
chr14	 26950000	 27750000	16
chr14	 29550000	 28550000	20
chr14	 29550000	 30500000	19
chr14	 29650000	 30750000	22
chr14	 29950000	 27450000	50
chr14	 34050000	 31750000	46
chr14	 34700000	 33300000	28
chr14	 37750000	 36500000	25
chr14	 38500000	 39750000	25
chr14	 40250000	 39650000	12
chr14	 41800000	 41000000	16
chr14	 42450000	 42950000	10
chr14	 42900000	 44500000	32
chr14	 43750000	 41200000	51
chr14	 49400000	 50300000	18
chr14	 53450000	 52600000	17
chr14	 54500000	 55250000	15
chr14	 55000000	 55750000	15
chr14	 55450000	 57950000	50
chr14	 56550000	 55300000	25
chr14	 57800000	 56000000	36
chr14	 60500000	 59650000	17
chr14	 60500000	 59950000	11
chr14	 62900000	 61200000	34
chr14	 63400000	 64150000	15
chr14	 63550000	 64300000	15
chr14	 63750000	 64850000	22
chr14	 65650000	 66700000	21
chr14	 65750000	 64600000	23
chr14	 66600000	 67100000	10
chr14	 67900000	 66400000	30
chr14	 68000000	 66950000	21
chr14	 70900000	 72100000	24
chr14	 71950000	 70850000	22
chr14	 73250000	 74000000	15
chr14	 77350000	 75400000	39
chr14	 80300000	 81450000	23
chr14	 83650000	 84700000	21
chr14	 84400000	 83650000	15
chr14	 85450000	 86350000	18
chr14	 89000000	 90300000	26
chr14	 89100000	 89800000	14
chr14	 91300000	 93100000	36
chr14	 93200000	 94200000	20
chr14	 93250000	 94500000	25
chr14	 95850000	 95300000	11
chr14	 98150000	 96800000	27
chr14	 98150000	 97800000	7
chr14	 98200000	 97650000	11
chr14	 98600000	 99750000	23
chr14	 99150000	 98200000	19
chr14	 99700000	100400000	14
chr14	100200000	 99450000	15
chr14	100950000	 99300000	33
chr14	100950000	101750000	16
chr14	101650000	100300000	27
chr14	103950000	102300000	33
chr14	105400000	107350000	39
chr14	106100000	105100000	20
chr14	106400000	104850000	31
chr14	107350000	107900000	11
chr14	107450000	106200000	25
chr14	107650000	106450000	24
chr14	108000000	107050000	19
chr14	109950000	111350000	28
chr14	110150000	108700000	29
chr14	111550000	109750000	36
chr14	112400000	111300000	22
chr14	112650000	111600000	21
chr14	113050000	112050000	20
chr14	114050000	115500000	29
chr14	114650000	115700000	21
chr14	117000000	116300000	14
chr14	118050000	116500000	31
chr14	121050000	122750000	34
chr14	121400000	122350000	19
chr14	122450000	121150000	26
chr15	  1750000	   100000	33
chr15	  1800000	  3400000	32
chr15	  3600000	  4000000	8
chr15	  3650000	  4650000	20
chr15	  4300000	  2400000	38
chr15	  6400000	  8000000	32
chr15	 11500000	 13550000	41
chr15	 12250000	 10300000	39
chr15	 12750000	 10200000	51
chr15	 15200000	 16850000	33
chr15	 19200000	 17850000	27
chr15	 20350000	 19650000	14
chr15	 24600000	 23350000	25
chr15	 25000000	 24550000	9
chr15	 26200000	 25150000	21
chr15	 26500000	 27300000	16
chr15	 27050000	 24100000	59
chr15	 27450000	 26400000	21
chr15	 30850000	 30200000	13
chr15	 33050000	 34200000	23
chr15	 35500000	 35200000	6
chr15	 35700000	 35250000	9
chr15	 37600000	 38400000	16
chr15	 39100000	 40550000	29
chr15	 40100000	 39800000	6
chr15	 41550000	 44250000	54
chr15	 43200000	 44300000	22
chr15	 45250000	 46400000	23
chr15	 47200000	 46650000	11
chr15	 47600000	 46500000	22
chr15	 48750000	 50650000	38
chr15	 50300000	 51300000	20
chr15	 50650000	 49350000	26
chr15	 53550000	 54250000	14
chr15	 53750000	 51550000	44
chr15	 54500000	 53700000	16
chr15	 55700000	 54500000	24
chr15	 56550000	 57950000	28
chr15	 59150000	 59400000	5
chr15	 59200000	 58450000	15
chr15	 60000000	 59100000	18
chr15	 60600000	 59750000	17
chr15	 60650000	 61350000	14
chr15	 61650000	 63150000	30
chr15	 63650000	 65500000	37
chr15	 64300000	 64600000	6
chr15	 66100000	 63150000	59
chr15	 66750000	 65700000	21
chr15	 67650000	 68800000	23
chr15	 69000000	 66400000	52
chr15	 72100000	 71000000	22
chr15	 74500000	 73100000	28
chr15	 74800000	 75650000	17
chr15	 75650000	 74400000	25
chr15	 77500000	 76100000	28
chr15	 78200000	 78750000	11
chr15	 79250000	 78950000	6
chr15	 80050000	 81250000	24
chr15	 80350000	 80650000	6
chr15	 80700000	 78700000	40
chr15	 81000000	 79800000	24
chr15	 81250000	 82300000	21
chr15	 83700000	 82800000	18
chr15	 83800000	 84950000	23
chr15	 85950000	 87100000	23
chr15	 86000000	 86850000	17
chr15	 86850000	 87900000	21
chr15	 87300000	 88150000	17
chr15	 87550000	 88050000	10
chr15	 87600000	 87600000	0
chr15	 88700000	 90100000	28
chr15	 90000000	 87550000	49
chr15	 90500000	 89400000	22
chr15	 91200000	 93850000	53
chr15	 91750000	 90250000	30
chr15	 91900000	 90800000	22
chr15	 97700000	 98450000	15
chr15	 99000000	101200000	44
chr15	100400000	103250000	57
chr15	100650000	 99750000	18
chr15	100650000	102000000	27
chr15	100900000	 99900000	20
chr15	102100000	101600000	10
chr15	102250000	101350000	18
chr15	103400000	103800000	8
chr16	  2300000	  1000000	26
chr16	  3000000	  5000000	40
chr16	  3850000	  3100000	15
chr16	  8050000	  8800000	15
chr16	  9800000	 10650000	17
chr16	 14600000	 13750000	17
chr16	 15250000	 13150000	42
chr16	 18500000	 16800000	34
chr16	 19400000	 20800000	28
chr16	 25000000	 23050000	39
chr16	 28950000	 29250000	6
chr16	 29150000	 27200000	39
chr16	 29550000	 29750000	4
chr16	 29750000	 31150000	28
chr16	 30550000	 31400000	17
chr16	 32150000	 33500000	27
chr16	 32950000	 33050000	2
chr16	 35200000	 36250000	21
chr16	 36200000	 34500000	34
chr16	 36500000	 35600000	18
chr16	 41050000	 40300000	15
chr16	 41050000	 42350000	26
chr16	 44350000	 43600000	15
chr16	 44350000	 45450000	22
chr16	 47400000	 48950000	31
chr16	 47500000	 49450000	39
chr16	 48300000	 46450000	37
chr16	 48300000	 48050000	5
chr16	 49600000	 50200000	12
chr16	 49950000	 48650000	26
chr16	 50550000	 49500000	21
chr16	 52150000	 51350000	16
chr16	 56650000	 57200000	11
chr16	 58600000	 56750000	37
chr16	 61350000	 62300000	19
chr16	 64800000	 63950000	17
chr16	 64850000	 65900000	21
chr16	 65200000	 64400000	16
chr16	 67100000	 66200000	18
chr16	 67350000	 70200000	57
chr16	 68850000	 70100000	25
chr16	 69050000	 69600000	11
chr16	 69250000	 67950000	26
chr16	 73750000	 72600000	23
chr16	 74750000	 76250000	30
chr16	 75450000	 74600000	17
chr16	 76300000	 75600000	14
chr16	 76400000	 74750000	33
chr16	 76850000	 78750000	38
chr16	 79800000	 79100000	14
chr16	 79800000	 80500000	14
chr16	 80450000	 79750000	14
chr16	 82650000	 81550000	22
chr16	 85250000	 87700000	49
chr16	 85300000	 83950000	27
chr16	 85600000	 86800000	24
chr16	 86200000	 85150000	21
chr16	 86900000	 85800000	22
chr16	 87200000	 87800000	12
chr16	 87550000	 87050000	10
chr16	 89100000	 87850000	25
chr16	 90500000	 91100000	12
chr16	 92050000	 93750000	34
chr16	 92100000	 93500000	28
chr16	 92150000	 93600000	29
chr16	 93600000	 92850000	15
chr16	 94900000	 94900000	0
chr16	 95000000	 97050000	41
chr16	 95700000	 96800000	22
chr17	  3350000	  4050000	14
chr17	  5000000	  6350000	27
chr17	  6700000	  7150000	9
chr17	  7450000	  9050000	32
chr17	 13200000	 14250000	21
chr17	 13250000	 11800000	29
chr17	 13650000	 13100000	11
chr17	 16100000	 16600000	10
chr17	 18050000	 17700000	7
chr17	 21550000	 22700000	23
chr17	 22600000	 23450000	17
chr17	 26800000	 25850000	19
chr17	 29050000	 30450000	28
chr17	 29550000	 27450000	42
chr17	 31650000	 30450000	24
chr17	 33600000	 33600000	0
chr17	 33750000	 32700000	21
chr17	 33900000	 32900000	20
chr17	 34200000	 33350000	17
chr17	 34400000	 35900000	30
chr17	 35150000	 33800000	27
chr17	 35650000	 35450000	4
chr17	 35950000	 37550000	32
chr17	 36300000	 34950000	27
chr17	 38500000	 38950000	9
chr17	 42350000	 41650000	14
chr17	 43150000	 41350000	36
chr17	 43950000	 43450000	10
chr17	 45750000	 47650000	38
chr17	 46200000	 44900000	26
chr17	 46450000	 45650000	16
chr17	 47100000	 48500000	28
chr17	 49450000	 50450000	20
chr17	 51000000	 49500000	30
chr17	 51350000	 51750000	8
chr17	 52650000	 53200000	11
chr17	 53100000	 52200000	18
chr17	 53250000	 53100000	3
chr17	 54450000	 52150000	46
chr17	 54600000	 53150000	29
chr17	 57000000	 58850000	37
chr17	 57700000	 58150000	9
chr17	 60250000	 59100000	23
chr17	 61900000	 63000000	22
chr17	 62700000	 63900000	24
chr17	 65900000	 68700000	56
chr17	 68100000	 69150000	21
chr17	 68850000	 69600000	15
chr17	 70500000	 71900000	28
chr17	 71200000	 69900000	26
chr17	 78300000	 77600000	14
chr17	 79800000	 77800000	40
chr17	 80400000	 83200000	56
chr17	 82750000	 81650000	22
chr17	 83600000	 84250000	13
chr17	 84450000	 83150000	26
chr17	 84900000	 86450000	31
chr17	 85700000	 86600000	18
chr17	 85700000	 87050000	27
chr17	 86100000	 88000000	38
chr17	 86250000	 81600000	93
chr17	 87850000	 86800000	21
chr17	 89250000	 88550000	14
chr17	 89300000	 90100000	16
chr17	 90750000	 88150000	52
chr17	 94250000	 92300000	39
chr17	 94900000	 94900000	0
chr18	  2450000	   900000	31
chr18	  7300000	  4050000	65
chr18	  7450000	 10000000	51
chr18	  9450000	  8400000	21
chr18	  9450000	  8900000	11
chr18	  9600000	  8000000	32
chr18	 10550000	 13550000	60
chr18	 11350000	 11900000	11
chr18	 12150000	 10500000	33
chr18	 14750000	 16550000	36
chr18	 16200000	 15250000	19
chr18	 18400000	 19600000	24
chr18	 18850000	 20150000	26
chr18	 21450000	 18650000	56
chr18	 21800000	 21100000	14
chr18	 23300000	 21750000	31
chr18	 25000000	 23250000	35
chr18	 26150000	 25550000	12
chr18	 27600000	 28350000	15
chr18	 27700000	 28550000	17
chr18	 28550000	 27950000	12
chr18	 29100000	 31200000	42
chr18	 29250000	 28300000	19
chr18	 31850000	 30850000	20
chr18	 34150000	 32900000	25
chr18	 35700000	 36150000	9
chr18	 36800000	 37300000	10
chr18	 38950000	 41900000	59
chr18	 40750000	 39650000	22
chr18	 41350000	 42350000	20
chr18	 43150000	 40950000	44
chr18	 44300000	 44950000	13
chr18	 44400000	 42850000	31
chr18	 45650000	 43150000	50
chr18	 46650000	 45800000	17
chr18	 46650000	 48050000	28
chr18	 46850000	 47800000	19
chr18	 49300000	 52850000	71
chr18	 49400000	 48400000	20
chr18	 49950000	 51400000	29
chr18	 52100000	 51750000	7
chr18	 53900000	 52750000	23
chr18	 54550000	 54050000	10
chr18	 55250000	 56400000	23
chr18	 55700000	 54800000	18
chr18	 56800000	 54750000	41
chr18	 58550000	 58550000	0
chr18	 62950000	 61850000	22
chr18	 63500000	 60750000	55
chr18	 65700000	 64900000	16
chr18	 65900000	 67600000	34
chr18	 68750000	 70950000	44
chr18	 70750000	 71100000	7
chr18	 71800000	 72700000	18
chr18	 72650000	 73100000	9
chr18	 75300000	 75700000	8
chr18	 75950000	 77250000	26
chr18	 76150000	 77100000	19
chr18	 76400000	 77250000	17
chr18	 78100000	 79350000	25
chr18	 78750000	 77800000	19
chr18	 79700000	 79200000	10
chr18	 79850000	 80850000	20
chr18	 81150000	 80000000	23
chr18	 83000000	 84150000	23
chr18	 83650000	 82500000	23
chr18	 84850000	 82800000	41
chr18	 85100000	 85900000	16
chr19	   550000	   200000	7
chr19	  1400000	  2250000	17
chr19	  2250000	  1650000	12
chr19	  5200000	  6300000	22
chr19	  7550000	  6200000	27
chr19	 10650000	  9150000	30
chr19	 14900000	 15600000	14
chr19	 17800000	 15700000	42
chr19	 20400000	 19350000	21
chr19	 22550000	 23400000	17
chr19	 24000000	 23300000	14
chr19	 26900000	 28350000	29
chr19	 29950000	 31150000	24
chr19	 31150000	 31800000	13
chr19	 31350000	 32200000	17
chr19	 31750000	 30950000	16
chr19	 32050000	 32800000	15
chr19	 32400000	 33450000	21
chr19	 33850000	 34150000	6
chr19	 35500000	 38050000	51
chr19	 35700000	 36400000	14
chr19	 36100000	 37450000	27
chr19	 36700000	 37500000	16
chr19	 37400000	 38550000	23
chr19	 38500000	 39100000	12
chr19	 39150000	 37250000	38
chr19	 40500000	 41150000	13
chr19	 41650000	 42800000	23
chr19	 42000000	 40500000	30
chr19	 42550000	 41350000	24
chr19	 44600000	 44050000	11
chr19	 46050000	 45150000	18
chr19	 46350000	 44350000	40
chr19	 48500000	 45500000	60
chr19	 48600000	 50350000	35
chr19	 48950000	 50950000	40
chr19	 49500000	 48400000	22
chr19	 49600000	 47800000	36
chr19	 53250000	 54050000	16
chr19	 53600000	 53100000	10
chr19	 55550000	 56050000	10
chr19	 55850000	 54950000	18
chr19	 59600000	 58150000	29
chr2	   500000	   900000	8
chr2	  3350000	  3750000	8
chr2	  5600000	  4900000	14
chr2	  6700000	  8150000	29
chr2	  7250000	  7750000	10
chr2	  8650000	  9300000	13
chr2	  8950000	 10450000	30
chr2	  9550000	 11150000	32
chr2	 10100000	 10950000	17
chr2	 12400000	 12750000	7
chr2	 14300000	 15000000	14
chr2	 15850000	 15050000	16
chr2	 16400000	 14650000	35
chr2	 19200000	 17200000	40
chr2	 19200000	 18250000	19
chr2	 19900000	 21150000	25
chr2	 23100000	 24750000	33
chr2	 24100000	 23350000	15
chr2	 24750000	 23650000	22
chr2	 27150000	 27350000	4
chr2	 29750000	 29200000	11
chr2	 30100000	 31100000	20
chr2	 30850000	 30000000	17
chr2	 32200000	 31900000	6
chr2	 37750000	 37250000	10
chr2	 37900000	 39350000	29
chr2	 39250000	 40400000	23
chr2	 40200000	 39200000	20
chr2	 40700000	 39500000	24
chr2	 41100000	 41550000	9
chr2	 41750000	 39350000	48
chr2	 42500000	 41300000	24
chr2	 43350000	 44450000	22
chr2	 43950000	 44950000	20
chr2	 47150000	 47650000	10
chr2	 47750000	 47200000	11
chr2	 47950000	 48450000	10
chr2	 50050000	 51100000	21
chr2	 50400000	 50950000	11
chr2	 51050000	 51650000	12
chr2	 51200000	 51750000	11
chr2	 51400000	 49800000	32
chr2	 51850000	 49000000	57
chr2	 52050000	 53350000	26
chr2	 52350000	 53350000	20
chr2	 52400000	 53800000	28
chr2	 54200000	 53400000	16
chr2	 54350000	 52850000	30
chr2	 55100000	 52750000	47
chr2	 57750000	 56900000	17
chr2	 58900000	 55750000	63
chr2	 60050000	 59350000	14
chr2	 61350000	 60500000	17
chr2	 65200000	 65950000	15
chr2	 65550000	 66300000	15
chr2	 66850000	 68300000	29
chr2	 67150000	 66700000	9
chr2	 67200000	 68350000	23
chr2	 67300000	 67900000	12
chr2	 68300000	 65250000	61
chr2	 69150000	 69550000	8
chr2	 70000000	 69000000	20
chr2	 73100000	 72250000	17
chr2	 75750000	 77050000	26
chr2	 76500000	 77500000	20
chr2	 81050000	 80200000	17
chr2	 81800000	 79550000	45
chr2	 81900000	 80250000	33
chr2	 84900000	 85500000	12
chr2	 85900000	 85000000	18
chr2	 86700000	 87400000	14
chr2	 86900000	 86250000	13
chr2	 87700000	 87300000	8
chr2	 87750000	 87000000	15
chr2	 88950000	 86850000	42
chr2	 90800000	 92100000	26
chr2	 91600000	 89900000	34
chr2	 94050000	 95450000	28
chr2	 94350000	 93650000	14
chr2	 97550000	 96800000	15
chr2	100450000	100450000	0
chr2	100550000	100800000	5
chr2	101000000	102750000	35
chr2	101750000	103900000	43
chr2	103200000	102400000	16
chr2	104100000	102550000	31
chr2	106600000	104750000	37
chr2	110500000	109400000	22
chr2	113700000	112950000	15
chr2	115650000	116250000	12
chr2	115700000	116250000	11
chr2	116100000	116650000	11
chr2	116550000	114850000	34
chr2	116700000	115450000	25
chr2	118700000	119350000	13
chr2	119850000	118450000	28
chr2	119950000	118100000	37
chr2	124900000	125350000	9
chr2	125050000	123350000	34
chr2	125950000	125000000	19
chr2	126250000	124600000	33
chr2	127000000	124700000	46
chr2	127400000	126000000	28
chr2	127600000	130650000	61
chr2	129500000	131250000	35
chr2	130650000	131350000	14
chr2	131700000	130150000	31
chr2	131950000	131450000	10
chr2	132300000	131700000	12
chr2	138900000	138250000	13
chr2	144500000	145750000	25
chr2	145700000	145050000	13
chr2	147000000	148050000	21
chr2	147250000	148300000	21
chr2	148100000	147500000	12
chr2	149450000	147300000	43
chr2	149950000	151150000	24
chr2	151750000	153100000	27
chr2	152250000	152700000	9
chr2	155600000	156700000	22
chr2	159000000	160000000	20
chr2	159050000	158100000	19
chr2	160300000	159300000	20
chr2	160850000	159000000	37
chr2	162600000	163300000	14
chr2	162850000	164600000	35
chr2	165500000	166700000	24
chr2	165800000	167600000	36
chr2	166150000	167850000	34
chr2	166200000	165450000	15
chr2	169600000	171500000	38
chr2	172350000	170850000	30
chr2	172950000	174350000	28
chr2	173250000	173900000	13
chr2	174150000	174950000	16
chr2	174950000	174200000	15
chr2	177150000	178200000	21
chr2	177200000	178950000	35
chr2	180900000	181700000	16
chr2	181400000	181100000	6
chr3	  2650000	  3900000	25
chr3	  3300000	  2600000	14
chr3	  4250000	  2250000	40
chr3	  6300000	  7050000	15
chr3	  7900000	  8950000	21
chr3	  8750000	  8150000	12
chr3	  8850000	 10100000	25
chr3	  8950000	 10150000	24
chr3	  9100000	  7600000	30
chr3	 12500000	 11650000	17
chr3	 13900000	 15200000	26
chr3	 17700000	 18650000	19
chr3	 17850000	 16450000	28
chr3	 18200000	 19450000	25
chr3	 18300000	 19350000	21
chr3	 23100000	 22650000	9
chr3	 23600000	 22350000	25
chr3	 26200000	 24500000	34
chr3	 27150000	 26550000	12
chr3	 27450000	 28200000	15
chr3	 31300000	 29200000	42
chr3	 33200000	 32200000	20
chr3	 33850000	 32600000	25
chr3	 34250000	 34850000	12
chr3	 35900000	 34600000	26
chr3	 36800000	 37850000	21
chr3	 36900000	 36150000	15
chr3	 40000000	 39300000	14
chr3	 40850000	 41900000	21
chr3	 41050000	 42150000	22
chr3	 43100000	 43350000	5
chr3	 45100000	 46850000	35
chr3	 45450000	 47250000	36
chr3	 46000000	 45450000	11
chr3	 48300000	 47600000	14
chr3	 48600000	 47900000	14
chr3	 48950000	 46900000	41
chr3	 49000000	 50300000	26
chr3	 50150000	 49200000	19
chr3	 52600000	 51750000	17
chr3	 54450000	 52950000	30
chr3	 55300000	 54650000	13
chr3	 57850000	 59050000	24
chr3	 59650000	 60800000	23
chr3	 60550000	 60100000	9
chr3	 61000000	 60550000	9
chr3	 64850000	 63900000	19
chr3	 65400000	 66450000	21
chr3	 66250000	 67300000	21
chr3	 68600000	 70400000	36
chr3	 69050000	 68200000	17
chr3	 69800000	 70500000	14
chr3	 75500000	 74750000	15
chr3	 75800000	 76800000	20
chr3	 76500000	 77350000	17
chr3	 77450000	 76650000	16
chr3	 78300000	 79650000	27
chr3	 79050000	 77300000	35
chr3	 79900000	 81850000	39
chr3	 80750000	 83400000	53
chr3	 81200000	 82550000	27
chr3	 83650000	 83100000	11
chr3	 86200000	 87650000	29
chr3	 86450000	 86600000	3
chr3	 89800000	 88650000	23
chr3	 92750000	 93400000	13
chr3	 92950000	 92450000	10
chr3	 96400000	 94800000	32
chr3	 96900000	 95150000	35
chr3	 96900000	 95950000	19
chr3	 97000000	 95700000	26
chr3	102650000	103550000	18
chr3	103600000	103250000	7
chr3	114800000	115850000	21
chr3	116000000	117200000	24
chr3	116000000	117750000	35
chr3	117750000	117150000	12
chr3	117800000	118950000	23
chr3	117900000	116200000	34
chr3	123100000	123400000	6
chr3	127100000	128050000	19
chr3	128150000	126600000	31
chr3	128800000	128250000	11
chr3	129500000	130200000	14
chr3	129900000	129450000	9
chr3	130600000	129750000	17
chr3	131600000	132100000	10
chr3	132300000	131600000	14
chr3	132400000	134400000	40
chr3	134150000	135050000	18
chr3	136100000	134300000	36
chr3	136150000	136850000	14
chr3	136350000	137050000	14
chr3	136500000	135200000	26
chr3	137650000	138100000	9
chr3	139000000	140600000	32
chr3	145300000	146100000	16
chr3	145600000	146150000	11
chr3	145850000	144500000	27
chr3	146500000	147100000	12
chr3	147750000	148650000	18
chr3	148550000	149650000	22
chr3	150850000	152600000	35
chr3	158350000	156900000	29
chr4	  2550000	  2050000	10
chr4	  2900000	  2500000	8
chr4	  4600000	  6800000	44
chr4	  6100000	  6800000	14
chr4	  8100000	  7300000	16
chr4	  9200000	  8350000	17
chr4	  9800000	  9350000	9
chr4	 10100000	  8750000	27
chr4	 12100000	 11000000	22
chr4	 13450000	 14500000	21
chr4	 13500000	 13100000	8
chr4	 13800000	 14450000	13
chr4	 15000000	 13650000	27
chr4	 16350000	 14650000	34
chr4	 16750000	 15300000	29
chr4	 19500000	 18450000	21
chr4	 19800000	 19350000	9
chr4	 20500000	 19900000	12
chr4	 22200000	 21200000	20
chr4	 22200000	 23250000	21
chr4	 22650000	 22150000	10
chr4	 23700000	 22450000	25
chr4	 24500000	 27200000	54
chr4	 24750000	 23800000	19
chr4	 26100000	 24500000	32
chr4	 27500000	 25800000	34
chr4	 28350000	 28050000	6
chr4	 28500000	 28250000	5
chr4	 28800000	 30950000	43
chr4	 29500000	 29900000	8
chr4	 30250000	 31200000	19
chr4	 31350000	 31050000	6
chr4	 31750000	 33150000	28
chr4	 31950000	 32350000	8
chr4	 31950000	 32700000	15
chr4	 32600000	 31150000	29
chr4	 33200000	 32650000	11
chr4	 33550000	 35250000	34
chr4	 37650000	 35800000	37
chr4	 37700000	 38950000	25
chr4	 37700000	 42250000	91
chr4	 38200000	 37550000	13
chr4	 40650000	 40400000	5
chr4	 43550000	 45550000	40
chr4	 45150000	 40650000	90
chr4	 46200000	 46850000	13
chr4	 47000000	 47650000	13
chr4	 48000000	 48250000	5
chr4	 48400000	 47600000	16
chr4	 48650000	 47550000	22
chr4	 49150000	 49700000	11
chr4	 49950000	 48650000	26
chr4	 50350000	 48850000	30
chr4	 50500000	 51350000	17
chr4	 55450000	 57550000	42
chr4	 57200000	 58250000	21
chr4	 62850000	 63300000	9
chr4	 63150000	 64100000	19
chr4	 64150000	 64850000	14
chr4	 64550000	 65050000	10
chr4	 64550000	 66600000	41
chr4	 64900000	 63950000	19
chr4	 67750000	 66750000	20
chr4	 67950000	 68850000	18
chr4	 68450000	 67850000	12
chr4	 69000000	 69750000	15
chr4	 70800000	 72400000	32
chr4	 77450000	 76850000	12
chr4	 79150000	 78450000	14
chr4	 79500000	 78100000	28
chr4	 79600000	 81950000	47
chr4	 83350000	 83350000	0
chr4	 83750000	 84750000	20
chr4	 83950000	 80700000	65
chr4	 84650000	 83900000	15
chr4	 87100000	 86800000	6
chr4	 87650000	 86100000	31
chr4	 87800000	 85900000	38
chr4	 88950000	 87250000	34
chr4	 88950000	 89650000	14
chr4	 91050000	 90600000	9
chr4	 91050000	 92200000	23
chr4	 92300000	 91350000	19
chr4	 94450000	 92200000	45
chr4	 95050000	 94150000	18
chr4	102050000	101100000	19
chr4	102350000	100750000	32
chr4	102850000	102050000	16
chr4	103600000	103800000	4
chr4	105100000	104650000	9
chr4	105150000	105800000	13
chr4	107200000	108000000	16
chr4	109450000	108450000	20
chr4	110300000	109800000	10
chr4	110950000	111650000	14
chr4	111400000	112100000	14
chr4	112350000	110750000	32
chr4	114350000	111200000	63
chr4	118000000	116850000	23
chr4	119300000	119800000	10
chr4	119600000	120050000	9
chr4	123850000	125500000	33
chr4	124400000	122750000	33
chr4	126050000	127000000	19
chr4	126850000	128250000	28
chr4	129200000	128350000	17
chr4	132050000	133200000	23
chr4	132150000	129550000	52
chr4	132150000	134300000	43
chr4	133550000	132400000	23
chr4	135850000	135200000	13
chr4	136400000	136200000	4
chr4	137350000	138200000	17
chr4	137400000	136900000	10
chr4	138550000	137850000	14
chr4	138800000	140000000	24
chr4	139000000	140300000	26
chr4	143400000	142600000	16
chr4	145300000	145750000	9
chr4	146600000	148900000	46
chr4	146950000	144950000	40
chr4	148250000	149000000	15
chr4	149400000	150350000	19
chr4	153350000	153950000	12
chr4	153650000	151200000	49
chr4	154650000	153800000	17
chr4	155300000	155150000	3
chr5	   500000	    50000	9
chr5	  1250000	  1600000	7
chr5	  2150000	  1350000	16
chr5	  2500000	  1800000	14
chr5	  7200000	  9000000	36
chr5	  8000000	  9450000	29
chr5	  9200000	 10450000	25
chr5	 11150000	  9150000	40
chr5	 13050000	 13800000	15
chr5	 13450000	 13450000	0
chr5	 14500000	 14900000	8
chr5	 15400000	 16000000	12
chr5	 16850000	 16200000	13
chr5	 17950000	 19400000	29
chr5	 19050000	 18700000	7
chr5	 20550000	 20000000	11
chr5	 20900000	 20250000	13
chr5	 23750000	 22400000	27
chr5	 25200000	 26400000	24
chr5	 25650000	 26900000	25
chr5	 26250000	 25250000	20
chr5	 31700000	 30900000	16
chr5	 32250000	 31600000	13
chr5	 33300000	 34950000	33
chr5	 37750000	 36700000	21
chr5	 40700000	 41850000	23
chr5	 43050000	 44050000	20
chr5	 44350000	 45150000	16
chr5	 45100000	 45500000	8
chr5	 46250000	 45700000	11
chr5	 51100000	 51650000	11
chr5	 51800000	 52850000	21
chr5	 52150000	 53000000	17
chr5	 52850000	 51800000	21
chr5	 52950000	 55500000	51
chr5	 53300000	 54200000	18
chr5	 54400000	 53300000	22
chr5	 54450000	 53800000	13
chr5	 59150000	 60000000	17
chr5	 60150000	 60950000	16
chr5	 60500000	 62300000	36
chr5	 60950000	 60050000	18
chr5	 61550000	 62200000	13
chr5	 62000000	 63100000	22
chr5	 63050000	 62800000	5
chr5	 65100000	 65800000	14
chr5	 68000000	 69650000	33
chr5	 68050000	 67400000	13
chr5	 69250000	 68950000	6
chr5	 70450000	 69850000	12
chr5	 71300000	 71900000	12
chr5	 77000000	 76650000	7
chr5	 79000000	 79550000	11
chr5	 80100000	 81150000	21
chr5	 82550000	 82850000	6
chr5	 83500000	 82450000	21
chr5	 84000000	 83200000	16
chr5	 84200000	 83750000	9
chr5	 85000000	 84150000	17
chr5	 85150000	 85450000	6
chr5	 88150000	 89150000	20
chr5	 88900000	 87250000	33
chr5	 88950000	 90050000	22
chr5	 90250000	 91500000	25
chr5	 94050000	 95200000	23
chr5	 95800000	 95250000	11
chr5	 97150000	 98600000	29
chr5	 98300000	 99800000	30
chr5	 98700000	100450000	35
chr5	100000000	 99150000	17
chr5	100250000	103350000	62
chr5	100900000	 98900000	40
chr5	103100000	103100000	0
chr5	103950000	104700000	15
chr5	104050000	103150000	18
chr5	106050000	105650000	8
chr5	107100000	108000000	18
chr5	109000000	108550000	9
chr5	110750000	113850000	62
chr5	111000000	110000000	20
chr5	111450000	110500000	19
chr5	111450000	111900000	9
chr5	112400000	113650000	25
chr5	113200000	114250000	21
chr5	114350000	113800000	11
chr5	114600000	116700000	42
chr5	114700000	113650000	21
chr5	114950000	114400000	11
chr5	117500000	115550000	39
chr5	117650000	118300000	13
chr5	118150000	115550000	52
chr5	118600000	120000000	28
chr5	122050000	118850000	64
chr5	122850000	122100000	15
chr5	124800000	125650000	17
chr5	126400000	127100000	14
chr5	126800000	127900000	22
chr5	126850000	126450000	8
chr5	127300000	125300000	40
chr5	127650000	128600000	19
chr5	128000000	128900000	18
chr5	130000000	128750000	25
chr5	133150000	132650000	10
chr5	133800000	136250000	49
chr5	136700000	138850000	43
chr5	138550000	140500000	39
chr5	139450000	140600000	23
chr5	141050000	137100000	79
chr5	142100000	142950000	17
chr5	142900000	146250000	67
chr5	143500000	145900000	48
chr5	144100000	144350000	5
chr5	144700000	143000000	34
chr5	145100000	143100000	40
chr5	146550000	147900000	27
chr5	147000000	145100000	38
chr5	147350000	149000000	33
chr5	148250000	147400000	17
chr5	148750000	148000000	15
chr5	149250000	147050000	44
chr5	149800000	149150000	13
chr5	150200000	149550000	13
chr6	  1300000	  2250000	19
chr6	  2150000	  4500000	47
chr6	  2500000	  3100000	12
chr6	  3850000	  5000000	23
chr6	  4550000	  5150000	12
chr6	  4900000	  4150000	15
chr6	  7750000	  2800000	99
chr6	  8200000	  6600000	32
chr6	 12900000	 13900000	20
chr6	 14100000	 15700000	32
chr6	 19200000	 18600000	12
chr6	 19200000	 20700000	30
chr6	 20600000	 21900000	26
chr6	 20800000	 19700000	22
chr6	 22100000	 22900000	16
chr6	 22500000	 23250000	15
chr6	 23550000	 22300000	25
chr6	 25000000	 26500000	30
chr6	 26050000	 29250000	64
chr6	 26250000	 28650000	48
chr6	 26700000	 25800000	18
chr6	 27900000	 28600000	14
chr6	 28050000	 29100000	21
chr6	 29800000	 30050000	5
chr6	 31700000	 31900000	4
chr6	 33000000	 34500000	30
chr6	 33400000	 32950000	9
chr6	 34100000	 33300000	16
chr6	 35400000	 37450000	41
chr6	 36150000	 34750000	28
chr6	 36550000	 37700000	23
chr6	 38100000	 35950000	43
chr6	 39300000	 37400000	38
chr6	 41500000	 43400000	38
chr6	 42650000	 42150000	10
chr6	 43400000	 42650000	15
chr6	 44300000	 43100000	24
chr6	 44300000	 43800000	10
chr6	 46300000	 46650000	7
chr6	 46350000	 44850000	30
chr6	 46900000	 47450000	11
chr6	 47400000	 46850000	11
chr6	 49850000	 50750000	18
chr6	 50000000	 50750000	15
chr6	 50400000	 53850000	69
chr6	 50750000	 49550000	24
chr6	 51600000	 52900000	26
chr6	 53550000	 54550000	20
chr6	 54100000	 54400000	6
chr6	 56800000	 56250000	11
chr6	 59050000	 61500000	49
chr6	 59500000	 58200000	26
chr6	 61000000	 59600000	28
chr6	 61450000	 63000000	31
chr6	 63200000	 65050000	37
chr6	 64100000	 63800000	6
chr6	 64600000	 64000000	12
chr6	 64900000	 66050000	23
chr6	 69150000	 70150000	20
chr6	 69800000	 68600000	24
chr6	 70400000	 71400000	20
chr6	 70450000	 69950000	10
chr6	 72550000	 73700000	23
chr6	 73650000	 71350000	46
chr6	 73750000	 75200000	29
chr6	 77550000	 76500000	21
chr6	 77900000	 81700000	76
chr6	 78450000	 78050000	8
chr6	 78850000	 76550000	46
chr6	 80400000	 81200000	16
chr6	 83000000	 82250000	15
chr6	 83100000	 82200000	18
chr6	 84350000	 84050000	6
chr6	 84600000	 83750000	17
chr6	 87800000	 86850000	19
chr6	 89350000	 88450000	18
chr6	 89950000	 88900000	21
chr6	 90900000	 89900000	20
chr6	 92100000	 90900000	24
chr6	 94000000	 95150000	23
chr6	 94450000	 95900000	29
chr6	 95000000	 96350000	27
chr6	 96200000	 97650000	29
chr6	 97200000	 96300000	18
chr6	100600000	 99600000	20
chr6	101650000	100150000	30
chr6	101850000	103200000	27
chr6	105800000	104800000	20
chr6	105900000	104350000	31
chr6	106050000	105150000	18
chr6	106500000	107400000	18
chr6	106950000	107750000	16
chr6	108650000	108000000	13
chr6	110600000	111350000	15
chr6	111550000	112550000	20
chr6	112300000	111800000	10
chr6	113300000	114650000	27
chr6	114350000	112950000	28
chr6	115100000	115900000	16
chr6	120300000	120450000	3
chr6	121500000	120350000	23
chr6	122950000	122300000	13
chr6	123350000	122750000	12
chr6	124200000	123300000	18
chr6	124850000	125650000	16
chr6	125550000	126300000	15
chr6	126650000	127550000	18
chr6	126750000	124700000	41
chr6	128450000	129400000	19
chr6	128850000	128350000	10
chr6	129050000	128400000	13
chr6	130500000	128750000	35
chr6	130550000	131550000	20
chr6	131850000	132050000	4
chr6	132350000	131100000	25
chr6	133250000	132750000	10
chr6	134250000	133450000	16
chr6	134500000	135950000	29
chr6	135400000	136050000	13
chr6	136150000	137250000	22
chr6	138000000	137350000	13
chr6	138650000	138050000	12
chr6	140900000	140150000	15
chr6	143600000	143200000	8
chr6	146350000	147550000	24
chr6	148200000	147050000	23
chr7	  2900000	  2200000	14
chr7	  4100000	  4650000	11
chr7	  5350000	  1750000	72
chr7	  5400000	  4800000	12
chr7	  5900000	  5300000	12
chr7	  7900000	  8400000	10
chr7	  8850000	  9950000	22
chr7	 10500000	 10050000	9
chr7	 11150000	 10350000	16
chr7	 12450000	 10750000	34
chr7	 15400000	 14300000	22
chr7	 15600000	 15150000	9
chr7	 17700000	 15550000	43
chr7	 20550000	 21800000	25
chr7	 20900000	 21350000	9
chr7	 21000000	 20250000	15
chr7	 21200000	 20050000	23
chr7	 21650000	 22450000	16
chr7	 25850000	 24150000	34
chr7	 26600000	 26000000	12
chr7	 26800000	 26300000	10
chr7	 27500000	 25400000	42
chr7	 31700000	 31050000	13
chr7	 32550000	 33200000	13
chr7	 34300000	 35550000	25
chr7	 34500000	 35600000	22
chr7	 34700000	 33500000	24
chr7	 35550000	 36550000	20
chr7	 36250000	 33700000	51
chr7	 36500000	 35750000	15
chr7	 38750000	 37650000	22
chr7	 39250000	 40300000	21
chr7	 39450000	 37750000	34
chr7	 40850000	 41850000	20
chr7	 41300000	 40300000	20
chr7	 41300000	 40650000	13
chr7	 41800000	 42400000	12
chr7	 43100000	 43900000	16
chr7	 45600000	 44200000	28
chr7	 45650000	 45150000	10
chr7	 47200000	 45500000	34
chr7	 47700000	 48650000	19
chr7	 48050000	 46600000	29
chr7	 50850000	 48450000	48
chr7	 51050000	 52100000	21
chr7	 52550000	 50950000	32
chr7	 54050000	 52800000	25
chr7	 56800000	 57950000	23
chr7	 57700000	 58100000	8
chr7	 60000000	 59100000	18
chr7	 60800000	 63250000	49
chr7	 60900000	 59750000	23
chr7	 61000000	 64350000	67
chr7	 61300000	 61600000	6
chr7	 61950000	 60550000	28
chr7	 63800000	 64500000	14
chr7	 64300000	 62950000	27
chr7	 65700000	 63500000	44
chr7	 68400000	 69100000	14
chr7	 71900000	 70500000	28
chr7	 73050000	 71900000	23
chr7	 74000000	 73300000	14
chr7	 76450000	 77350000	18
chr7	 76500000	 74150000	47
chr7	 77000000	 75950000	21
chr7	 80200000	 82850000	53
chr7	 82400000	 81750000	13
chr7	 83050000	 83450000	8
chr7	 83650000	 81900000	35
chr7	 85450000	 87300000	37
chr7	 86050000	 85200000	17
chr7	 86450000	 86000000	9
chr7	 86850000	 85550000	26
chr7	 88200000	 87150000	21
chr7	 89250000	 90100000	17
chr7	 89500000	 88800000	14
chr7	 89650000	 89350000	6
chr7	 90450000	 89250000	24
chr7	 96150000	 94750000	28
chr7	 96300000	 93900000	48
chr7	 96850000	 93100000	75
chr7	 98400000	 98950000	11
chr7	101200000	100400000	16
chr7	102450000	103650000	24
chr7	102850000	103350000	10
chr7	103600000	104850000	25
chr7	105850000	105250000	12
chr7	108450000	110000000	31
chr7	108500000	109350000	17
chr7	109200000	106450000	55
chr7	112150000	111500000	13
chr7	114750000	113350000	28
chr7	117600000	118850000	25
chr7	119600000	120600000	20
chr7	119750000	120850000	22
chr7	124300000	123650000	13
chr7	124400000	124900000	10
chr7	125050000	124500000	11
chr7	127100000	127800000	14
chr7	129300000	129800000	10
chr7	129600000	129300000	6
chr7	132050000	133650000	32
chr7	132750000	133900000	23
chr7	133200000	131550000	33
chr7	133450000	134200000	15
chr7	135650000	135100000	11
chr7	136550000	137550000	20
chr7	137000000	136000000	20
chr7	138000000	139250000	25
chr7	138200000	139250000	21
chr7	142050000	143250000	24
chr7	143100000	143850000	15
chr7	143550000	144550000	20
chr7	144100000	142700000	28
chr7	145350000	145150000	4
chr8	  2050000	  3550000	30
chr8	  3900000	  5000000	22
chr8	  4050000	  2750000	26
chr8	  4550000	  6950000	48
chr8	  7900000	  9600000	34
chr8	  9850000	 11250000	28
chr8	 10600000	 11800000	24
chr8	 11000000	 12000000	20
chr8	 11350000	  9850000	30
chr8	 11500000	  9950000	31
chr8	 16200000	 16850000	13
chr8	 16800000	 17800000	20
chr8	 18550000	 19900000	27
chr8	 19850000	 20400000	11
chr8	 21100000	 22550000	29
chr8	 22450000	 23200000	15
chr8	 22650000	 23800000	23
chr8	 23400000	 22200000	24
chr8	 24150000	 25100000	19
chr8	 25550000	 24350000	24
chr8	 26400000	 25100000	26
chr8	 27750000	 27150000	12
chr8	 30450000	 31600000	23
chr8	 30650000	 28850000	36
chr8	 30700000	 31250000	11
chr8	 32950000	 33450000	10
chr8	 33450000	 34900000	29
chr8	 34750000	 33500000	25
chr8	 37700000	 35650000	41
chr8	 38500000	 39450000	19
chr8	 39650000	 40300000	13
chr8	 40850000	 43250000	48
chr8	 41100000	 38600000	50
chr8	 41350000	 42250000	18
chr8	 42300000	 41350000	19
chr8	 43550000	 42750000	16
chr8	 43950000	 42350000	32
chr8	 45650000	 46450000	16
chr8	 50100000	 48450000	33
chr8	 50900000	 48550000	47
chr8	 52350000	 52700000	7
chr8	 52450000	 50800000	33
chr8	 52500000	 50450000	41
chr8	 52600000	 51450000	23
chr8	 55100000	 52850000	45
chr8	 55700000	 56100000	8
chr8	 56100000	 56700000	12
chr8	 56750000	 56500000	5
chr8	 57950000	 55700000	45
chr8	 62300000	 63350000	21
chr8	 62950000	 64950000	40
chr8	 68200000	 67100000	22
chr8	 68200000	 69500000	26
chr8	 68450000	 66750000	34
chr8	 71800000	 73450000	33
chr8	 74350000	 75550000	24
chr8	 75500000	 74850000	13
chr8	 77050000	 75750000	26
chr8	 77850000	 77450000	8
chr8	 81600000	 82550000	19
chr8	 82600000	 82600000	0
chr8	 83200000	 81900000	26
chr8	 86850000	 88300000	29
chr8	 87100000	 85550000	31
chr8	 87150000	 85750000	28
chr8	 88950000	 87150000	36
chr8	 88950000	 90050000	22
chr8	 89600000	 90500000	18
chr8	 89750000	 89200000	11
chr8	 91150000	 88450000	54
chr8	 92100000	 92800000	14
chr8	 92700000	 93650000	19
chr8	 93050000	 91250000	36
chr8	 95850000	 96800000	19
chr8	 96300000	 95550000	15
chr8	 98300000	 96950000	27
chr8	 98750000	 97700000	21
chr8	 99500000	100100000	12
chr8	100000000	101050000	21
chr8	100050000	101700000	33
chr8	104500000	103300000	24
chr8	104950000	105500000	11
chr8	105500000	106400000	18
chr8	105750000	106850000	22
chr8	106050000	107200000	23
chr8	106150000	105250000	18
chr8	106200000	105100000	22
chr8	106450000	107500000	21
chr8	106700000	107300000	12
chr8	108050000	108300000	5
chr8	108500000	109200000	14
chr8	110550000	112600000	41
chr8	112000000	111300000	14
chr8	112000000	113550000	31
chr8	112700000	114300000	32
chr8	113900000	114500000	12
chr8	114800000	113150000	33
chr8	115700000	113850000	37
chr8	119100000	118550000	11
chr8	124450000	125350000	18
chr8	124700000	124100000	12
chr8	125800000	125200000	12
chr8	128550000	127100000	29
chr9	  4850000	  5900000	21
chr9	  5300000	  1950000	67
chr9	  5550000	  6000000	9
chr9	  5950000	  6500000	11
chr9	  7900000	  6650000	25
chr9	  8050000	 10300000	45
chr9	  8950000	  8000000	19
chr9	  9450000	 11400000	39
chr9	  9750000	  8950000	16
chr9	 11150000	 10700000	9
chr9	 13200000	 13800000	12
chr9	 15500000	 14550000	19
chr9	 16000000	 14950000	21
chr9	 16150000	 17950000	36
chr9	 16350000	 15550000	16
chr9	 16750000	 17700000	19
chr9	 18100000	 19150000	21
chr9	 22150000	 23900000	35
chr9	 23950000	 22950000	20
chr9	 24300000	 24750000	9
chr9	 25100000	 25650000	11
chr9	 25600000	 25100000	10
chr9	 26050000	 28050000	40
chr9	 28750000	 29150000	8
chr9	 30550000	 29600000	19
chr9	 30850000	 30150000	14
chr9	 31250000	 32350000	22
chr9	 32900000	 32350000	11
chr9	 33100000	 34150000	21
chr9	 36650000	 37500000	17
chr9	 37000000	 38200000	24
chr9	 38850000	 39300000	9
chr9	 39900000	 38900000	20
chr9	 40700000	 41750000	21
chr9	 41200000	 43600000	48
chr9	 43050000	 44700000	33
chr9	 43600000	 44400000	16
chr9	 44250000	 43800000	9
chr9	 44300000	 42600000	34
chr9	 45500000	 44100000	28
chr9	 46650000	 47700000	21
chr9	 48250000	 47750000	10
chr9	 49100000	 48150000	19
chr9	 49100000	 49400000	6
chr9	 49450000	 49900000	9
chr9	 50250000	 49400000	17
chr9	 50900000	 53000000	42
chr9	 52500000	 51150000	27
chr9	 54100000	 54800000	14
chr9	 54600000	 53450000	23
chr9	 54900000	 55700000	16
chr9	 55900000	 54350000	31
chr9	 57100000	 54000000	62
chr9	 57150000	 56500000	13
chr9	 57500000	 58150000	13
chr9	 57600000	 57150000	9
chr9	 60650000	 61850000	24
chr9	 60800000	 61450000	13
chr9	 61400000	 62300000	18
chr9	 62000000	 61500000	10
chr9	 62050000	 63400000	27
chr9	 62450000	 61800000	13
chr9	 62950000	 63850000	18
chr9	 63200000	 64500000	26
chr9	 64200000	 62850000	27
chr9	 64500000	 62900000	32
chr9	 64950000	 64100000	17
chr9	 68700000	 68350000	7
chr9	 69700000	 68900000	16
chr9	 71350000	 71700000	7
chr9	 71950000	 71350000	12
chr9	 72150000	 70350000	36
chr9	 73000000	 72200000	16
chr9	 73000000	 76700000	74
chr9	 74800000	 75800000	20
chr9	 76750000	 76150000	12
chr9	 77300000	 77800000	10
chr9	 80550000	 79650000	18
chr9	 82600000	 85150000	51
chr9	 85450000	 84050000	28
chr9	 87150000	 85400000	35
chr9	 90500000	 89650000	17
chr9	 91200000	 88300000	58
chr9	 92750000	 90650000	42
chr9	 94950000	 95350000	8
chr9	 98950000	 98050000	18
chr9	100100000	 99150000	19
chr9	100250000	101200000	19
chr9	101700000	103100000	28
chr9	102100000	101400000	14
chr9	102200000	103100000	18
chr9	104150000	102350000	36
chr9	104350000	105350000	20
chr9	106700000	105900000	16
chr9	109800000	109800000	0
chr9	109950000	108700000	25
chr9	112950000	114050000	22
chr9	115950000	114250000	34
chr9	116200000	116750000	11
chr9	117850000	117350000	10
chr9	118900000	122450000	71
chr9	119600000	120100000	10
chr9	119700000	120650000	19
chr9	122050000	120750000	26
chr9	122550000	121700000	17
chr9	122950000	121700000	25
chrX	   100000	  1050000	19
chrX	   350000	  3150000	56
chrX	  1000000	  2550000	31
chrX	  1600000	  4250000	53
chrX	  1950000	  1700000	5
chrX	  2600000	  3450000	17
chrX	  2900000	  1400000	30
chrX	  3550000	  2450000	22
chrX	  4050000	  3100000	19
chrX	  4350000	  2900000	29
chrX	  6450000	  4600000	37
chrX	  7450000	  6550000	18
chrX	  7750000	  7300000	9
chrX	  9950000	 10950000	20
chrX	 11950000	 11200000	15
chrX	 13750000	 14050000	6
chrX	 14450000	 15300000	17
chrX	 16850000	 15450000	28
chrX	 17800000	 17000000	16
chrX	 18200000	 17050000	23
chrX	 18300000	 18800000	10
chrX	 18400000	 17600000	16
chrX	 18650000	 18300000	7
chrX	 20000000	 22250000	45
chrX	 21700000	 22850000	23
chrX	 22900000	 24350000	29
chrX	 24350000	 23150000	24
chrX	 25950000	 24850000	22
chrX	 26050000	 26750000	14
chrX	 26850000	 25850000	20
chrX	 29700000	 28950000	15
chrX	 29950000	 29550000	8
chrX	 30200000	 28650000	31
chrX	 30450000	 31200000	15
chrX	 33500000	 34800000	26
chrX	 34800000	 35400000	12
chrX	 36050000	 34850000	24
chrX	 38400000	 37550000	17
chrX	 42800000	 43900000	22
chrX	 44500000	 43900000	12
chrX	 45100000	 45800000	14
chrX	 45100000	 46350000	25
chrX	 45450000	 42600000	57
chrX	 45450000	 45050000	8
chrX	 45600000	 44500000	22
chrX	 54100000	 54850000	15
chrX	 54800000	 53450000	27
chrX	 54950000	 53850000	22
chrX	 56300000	 56750000	9
chrX	 58750000	 59850000	22
chrX	 62900000	 63550000	13
chrX	 64050000	 62950000	22
chrX	 64900000	 65800000	18
chrX	 64950000	 64050000	18
chrX	 66200000	 66900000	14
chrX	 70150000	 72000000	37
chrX	 70800000	 69500000	26
chrX	 72600000	 72950000	7
chrX	 73550000	 74100000	11
chrX	 74200000	 74800000	12
chrX	 74350000	 75250000	18
chrX	 76250000	 75400000	17
chrX	 80250000	 79000000	25
chrX	 81000000	 82350000	27
chrX	 81500000	 82200000	14
chrX	 83200000	 85100000	38
chrX	 84050000	 86650000	52
chrX	 84150000	 82550000	32
chrX	 85350000	 85800000	9
chrX	 85800000	 84800000	20
chrX	 86250000	 85750000	10
chrX	 86600000	 87600000	20
chrX	 96700000	 97400000	14
chrX	 96800000	 95800000	20
chrX	100100000	101650000	31
chrX	101250000	 99600000	33
chrX	101400000	102350000	19
chrX	102750000	102300000	9
chrX	103100000	101800000	26
chrX	103800000	105550000	35
chrX	104100000	103100000	20
chrX	105850000	105200000	13
chrX	106700000	107500000	16
chrX	106800000	108000000	24
chrX	108350000	109000000	13
chrX	108500000	108150000	7
chrX	108800000	110400000	32
chrX	111550000	111050000	10
chrX	112000000	109550000	49
chrX	112050000	113250000	24
chrX	114800000	113800000	20
chrX	116850000	118550000	34
chrX	117050000	118150000	22
chrX	117350000	117750000	8
chrX	118750000	117400000	27
chrX	119600000	119850000	5
chrX	119950000	119050000	18
chrX	120000000	118750000	25
chrX	120650000	119400000	25
chrX	123800000	123100000	14
chrX	124100000	124550000	9
chrX	125100000	123700000	28
chrX	125600000	124200000	28
chrX	125800000	126800000	20
chrX	125850000	123600000	45
chrX	127600000	128150000	11
chrX	132000000	130700000	26
chrX	132500000	132850000	7
chrX	133200000	132550000	13
chrX	134550000	135900000	27
chrX	134600000	134050000	11
chrX	137100000	137950000	17
chrX	139100000	138500000	12
chrX	141300000	142050000	15
chrX	146200000	146750000	11
chrX	146450000	145000000	29
chrX	147750000	147450000	6
chrX	150600000	150000000	12
chrX	150850000	149850000	20
chrX	152600000	153700000	22
chrX	153050000	153550000	10
chrX	158650000	159400000	15
chrX	159650000	158750000	18
chrX	159700000	158800000	18
chrX	160650000	159850000	16
chrY	  1450000	  4350000	58
chrY	  2850000	   850000	40
chrY	  4100000	  2350000	35
chrY	  5300000	  4700000	12
chrY	  6100000	  4850000	25
chrY	  6350000	  8150000	36
chrY	  6500000	  5600000	18
chrY	  8500000	  7650000	17
chrY	  9850000	  9600000	5
chrY	 10700000	 12900000	44
chrY	 12650000	 11750000	18
chrY	 13850000	 14950000	22
chrY	 15400000	 16550000	23
chrY	 16000000	 15150000	17
chrY	 17850000	 16650000	24
chrY	 18300000	 21250000	59
chrY	 19600000	 19000000	12
chrY	 20750000	 22500000	35
chrY	 22000000	 21500000	10
chrY	 26300000	 25550000	15
chrY	 26400000	 27200000	16
chrY	 26800000	 31650000	97
chrY	 27200000	 27750000	11
chrY	 31200000	 30800000	8
chrY	 32050000	 30900000	23
chrY	 32250000	 31000000	25
chrY	 32650000	 31750000	18
chrY	 36200000	 38650000	49
chrY	 37450000	 38750000	26
chrY	 37800000	 38200000	8
chrY	 40250000	 37900000	47
chrY	 41250000	 40000000	25
chrY	 46200000	 44500000	34
chrY	 46750000	 47950000	24
chrY	 47700000	 46500000	24
chrY	 47800000	 48450000	13
chrY	 48550000	 48300000	5
chrY	 48600000	 47900000	14
chrY	 51600000	 52950000	27
chrY	 53500000	 54300000	16
chrY	 53800000	 54850000	21
chrY	 53900000	 52650000	25
chrY	 53950000	 55200000	25
chrY	 54150000	 54550000	8
chrY	 54250000	 53400000	17
chrY	 54350000	 53600000	15
chrY	 56200000	 58150000	39
chrY	 56950000	 57900000	19
chrY	 57050000	 57850000	16
chrY	 58300000	 57450000	17
chrY	 58750000	 57900000	17
chrY	 59050000	 56550000	50
chrY	 59250000	 59650000	8
chrY	 60150000	 60950000	16
chrY	 61550000	 63400000	37
chrY	 62950000	 64500000	31
chrY	 66000000	 63600000	48
chrY	 66350000	 64900000	29
chrY	 66850000	 68500000	33
chrY	 67300000	 67100000	4
chrY	 67400000	 66050000	27
chrY	 68450000	 69550000	22
chrY	 68950000	 69950000	20
chrY	 70950000	 69800000	23
chrY	 71350000	 72400000	21
chrY	 71400000	 69350000	41
chrY	 71400000	 70750000	13
chrY	 72500000	 70700000	36
chrY	 74400000	 73200000	24
chrY	 74850000	 74150000	14
chrY	 74900000	 73550000	27
chrY	 77250000	 75600000	33
chrY	 77850000	 79900000	41
chrY	 78200000	 77200000	20
chrY	 78850000	 79700000	17
chrY	 79100000	 79500000	8
chrY	 79550000	 79850000	6
chrY	 80550000	 81550000	20
chrY	 80550000	 81900000	27
chrY	 80750000	 80000000	15
chrY	 81700000	 80700000	20
chrY	 82900000	 84600000	34
chrY	 83300000	 83850000	11
chrY	 83350000	 84450000	22
chrY	 84650000	 85800000	23
chrY	 85850000	 86850000	20
chrY	 88750000	 87850000	18
chrY	 90100000	 89500000	12
