chr1	   600000	  1450000	17
chr1	  4750000	  6000000	25
chr1	  5400000	  6900000	30
chr1	  7100000	  7500000	8
chr1	  7150000	  6000000	23
chr1	  8250000	  6500000	35
chr1	 10100000	 11750000	33
chr1	 10200000	 11650000	29
chr1	 11050000	 10250000	16
chr1	 13900000	 13000000	18
chr1	 14400000	 14850000	9
chr1	 14500000	 15200000	14
chr1	 18400000	 17150000	25
chr1	 21750000	 22700000	19
chr1	 24600000	 23800000	16
chr1	 24850000	 23850000	20
chr1	 25700000	 28050000	47
chr1	 28100000	 28750000	13
chr1	 29700000	 28550000	23
chr1	 30600000	 28800000	36
chr1	 30650000	 31750000	22
chr1	 31950000	 33650000	34
chr1	 32750000	 33550000	16
chr1	 33450000	 32650000	16
chr1	 33550000	 34250000	14
chr1	 37300000	 36250000	21
chr1	 37450000	 38650000	24
chr1	 44850000	 43800000	21
chr1	 46350000	 45750000	12
chr1	 49500000	 50050000	11
chr1	 50600000	 52200000	32
chr1	 53000000	 56250000	65
chr1	 54450000	 53600000	17
chr1	 55700000	 60300000	92
chr1	 56750000	 54700000	41
chr1	 58250000	 57100000	23
chr1	 63050000	 64250000	24
chr1	 63450000	 62600000	17
chr1	 66950000	 67150000	4
chr1	 68600000	 66600000	40
chr1	 71900000	 72800000	18
chr1	 73150000	 72700000	9
chr1	 74100000	 75250000	23
chr1	 74600000	 76250000	33
chr1	 74650000	 75150000	10
chr1	 76800000	 77300000	10
chr1	 77950000	 80200000	45
chr1	 78750000	 79950000	24
chr1	 79100000	 78700000	8
chr1	 79900000	 80600000	14
chr1	 80700000	 82000000	26
chr1	 81350000	 82650000	26
chr1	 82600000	 82050000	11
chr1	 82700000	 83850000	23
chr1	 83350000	 83650000	6
chr1	 87850000	 89750000	38
chr1	 88750000	 87850000	18
chr1	 89100000	 92100000	60
chr1	 89200000	 89700000	10
chr1	 92150000	 93050000	18
chr1	 95350000	 96600000	25
chr1	 95400000	 94700000	14
chr1	 99100000	 99600000	10
chr1	 99150000	101150000	40
chr1	 99950000	100450000	10
chr1	100300000	 98200000	42
chr1	100350000	101600000	25
chr1	101050000	102600000	31
chr1	101350000	 98650000	54
chr1	102200000	101850000	7
chr1	104400000	105550000	23
chr1	105800000	105550000	5
chr1	105900000	106750000	17
chr1	106100000	107150000	21
chr1	106950000	106250000	14
chr1	108100000	109850000	35
chr1	108350000	109250000	18
chr1	109950000	108850000	22
chr1	111100000	110200000	18
chr1	111450000	110400000	21
chr1	113800000	114350000	11
chr1	114050000	112700000	27
chr1	115600000	114850000	15
chr1	116500000	115450000	21
chr1	116900000	116200000	14
chr1	117150000	116700000	9
chr1	119050000	117500000	31
chr1	122000000	121400000	12
chr1	123000000	123350000	7
chr1	124950000	125850000	18
chr1	125350000	126750000	28
chr1	126250000	127050000	16
chr1	127000000	129500000	50
chr1	127700000	126200000	30
chr1	128150000	128850000	14
chr1	128400000	129050000	13
chr1	128950000	128250000	14
chr1	129250000	128300000	19
chr1	134100000	135650000	31
chr1	138450000	137050000	28
chr1	140550000	140800000	5
chr1	144100000	144950000	17
chr1	144100000	145050000	19
chr1	144150000	144700000	11
chr1	144550000	145050000	10
chr1	146000000	147200000	24
chr1	147450000	144700000	55
chr1	148050000	146200000	37
chr1	149950000	148100000	37
chr1	150100000	150650000	11
chr1	153950000	153300000	13
chr1	155300000	153350000	39
chr1	157050000	157550000	10
chr1	159900000	160450000	11
chr1	160600000	161450000	17
chr1	160950000	159950000	20
chr1	163150000	161400000	35
chr1	163300000	163850000	11
chr1	163700000	164700000	20
chr1	164050000	163300000	15
chr1	169050000	168050000	20
chr1	171300000	172300000	20
chr1	172250000	171200000	21
chr1	174200000	175150000	19
chr1	174500000	176300000	36
chr1	176150000	177700000	31
chr1	179650000	179050000	12
chr1	179700000	179200000	10
chr1	184450000	186100000	33
chr1	184550000	184950000	8
chr1	190100000	189200000	18
chr1	190550000	189850000	14
chr1	190550000	190000000	11
chr1	190850000	191850000	20
chr1	191100000	190550000	11
chr1	191400000	193750000	47
chr1	192600000	191500000	22
chr1	194000000	192500000	30
chr1	194400000	192650000	35
chr10	   650000	  2500000	37
chr10	  1950000	  2450000	10
chr10	  2950000	  2550000	8
chr10	  3150000	  4150000	20
chr10	  3400000	  4100000	14
chr10	  3700000	  3150000	11
chr10	  5450000	  4850000	12
chr10	  7900000	  8500000	12
chr10	  8800000	  6500000	46
chr10	  9950000	 11400000	29
chr10	 10800000	  9550000	25
chr10	 11200000	 12100000	18
chr10	 12450000	 12250000	4
chr10	 14100000	 12250000	37
chr10	 14500000	 15700000	24
chr10	 17650000	 16150000	30
chr10	 20150000	 19600000	11
chr10	 20800000	 18400000	48
chr10	 21300000	 22150000	17
chr10	 23300000	 24250000	19
chr10	 23600000	 24650000	21
chr10	 24700000	 23400000	26
chr10	 27150000	 25850000	26
chr10	 27400000	 26950000	9
chr10	 29050000	 28600000	9
chr10	 30600000	 31300000	14
chr10	 33100000	 32150000	19
chr10	 34000000	 31250000	55
chr10	 34300000	 34900000	12
chr10	 38900000	 38350000	11
chr10	 42000000	 39050000	59
chr10	 43450000	 43450000	0
chr10	 43850000	 43300000	11
chr10	 45500000	 44850000	13
chr10	 48050000	 49300000	25
chr10	 48800000	 47600000	24
chr10	 48950000	 50350000	28
chr10	 50100000	 49450000	13
chr10	 52600000	 53300000	14
chr10	 53050000	 52550000	10
chr10	 55900000	 59800000	78
chr10	 57650000	 54750000	58
chr10	 57750000	 56100000	33
chr10	 58000000	 56800000	24
chr10	 58150000	 57500000	13
chr10	 61750000	 63000000	25
chr10	 62600000	 59250000	67
chr10	 62700000	 62200000	10
chr10	 63200000	 63900000	14
chr10	 67050000	 67450000	8
chr10	 67950000	 68950000	20
chr10	 70150000	 71200000	21
chr10	 70500000	 69350000	23
chr10	 71850000	 70650000	24
chr10	 73550000	 71950000	32
chr10	 74650000	 71750000	58
chr10	 75500000	 76350000	17
chr10	 75800000	 75650000	3
chr10	 76650000	 76200000	9
chr10	 78700000	 79750000	21
chr10	 79850000	 78500000	27
chr10	 82050000	 83450000	28
chr10	 82450000	 80400000	41
chr10	 84300000	 85900000	32
chr10	 85300000	 84800000	10
chr10	 86050000	 86500000	9
chr10	 86250000	 88300000	41
chr10	 88050000	 88650000	12
chr10	 88300000	 87900000	8
chr10	 89350000	 89900000	11
chr10	 91550000	 92100000	11
chr10	 94950000	 93650000	26
chr10	 95350000	 96250000	18
chr10	 99150000	 98500000	13
chr10	100900000	 99600000	26
chr10	101100000	103400000	46
chr10	103450000	103950000	10
chr10	104650000	106300000	33
chr10	105550000	104250000	26
chr10	107300000	107650000	7
chr10	108900000	110900000	40
chr10	112150000	111050000	22
chr10	113250000	113950000	14
chr10	114050000	113850000	4
chr10	114700000	114150000	11
chr10	114800000	115650000	17
chr10	116350000	115050000	26
chr10	116450000	115300000	23
chr10	116600000	117000000	8
chr10	117250000	118450000	24
chr10	120350000	119700000	13
chr10	120900000	123150000	45
chr10	122000000	121000000	20
chr10	122600000	125350000	55
chr10	123000000	125200000	44
chr10	124050000	122150000	38
chr10	125500000	126900000	28
chr10	126600000	127700000	22
chr11	  3350000	  2550000	16
chr11	  4150000	  2950000	24
chr11	  4250000	  5000000	15
chr11	  7450000	  8050000	12
chr11	  7900000	  7300000	12
chr11	  8450000	 10950000	50
chr11	  8900000	 10150000	25
chr11	 10850000	 10100000	15
chr11	 11550000	 10550000	20
chr11	 16150000	 14800000	27
chr11	 16500000	 15250000	25
chr11	 18250000	 19100000	17
chr11	 24100000	 24750000	13
chr11	 27250000	 26850000	8
chr11	 28300000	 29600000	26
chr11	 28800000	 31850000	61
chr11	 29650000	 28250000	28
chr11	 30300000	 29500000	16
chr11	 30850000	 29700000	23
chr11	 31700000	 32000000	6
chr11	 32600000	 33350000	15
chr11	 33850000	 32950000	18
chr11	 34400000	 35950000	31
chr11	 35850000	 35000000	17
chr11	 36150000	 35450000	14
chr11	 37550000	 37150000	8
chr11	 44050000	 43200000	17
chr11	 44150000	 43000000	23
chr11	 48000000	 47550000	9
chr11	 50950000	 48250000	54
chr11	 51400000	 51850000	9
chr11	 51500000	 50850000	13
chr11	 51850000	 50400000	29
chr11	 53400000	 52500000	18
chr11	 55600000	 54400000	24
chr11	 55650000	 57900000	45
chr11	 59250000	 57850000	28
chr11	 59550000	 60700000	23
chr11	 59850000	 60450000	12
chr11	 60450000	 61450000	20
chr11	 60650000	 59550000	22
chr11	 61350000	 61800000	9
chr11	 63700000	 63050000	13
chr11	 65050000	 64400000	13
chr11	 65550000	 63850000	34
chr11	 73800000	 72500000	26
chr11	 75200000	 77050000	37
chr11	 78250000	 76150000	42
chr11	 78900000	 78250000	13
chr11	 79850000	 78900000	19
chr11	 80700000	 82150000	29
chr11	 81350000	 83000000	33
chr11	 81750000	 83100000	27
chr11	 82100000	 82900000	16
chr11	 82200000	 83300000	22
chr11	 83200000	 80350000	57
chr11	 83200000	 83200000	0
chr11	 83650000	 84900000	25
chr11	 83750000	 84650000	18
chr11	 85250000	 83600000	33
chr11	 85750000	 86750000	20
chr11	 86650000	 86050000	12
chr11	 88250000	 88950000	14
chr11	 89400000	 87700000	34
chr11	 91450000	 92100000	13
chr11	 91600000	 88950000	53
chr11	 92450000	 91900000	11
chr11	 92700000	 91550000	23
chr11	 92750000	 90900000	37
chr11	 93800000	 92200000	32
chr11	 94000000	 93450000	11
chr11	 98000000	 99100000	22
chr11	 98500000	 97250000	25
chr11	 98600000	 97850000	15
chr11	102050000	 99250000	56
chr11	102950000	104050000	22
chr11	105800000	106900000	22
chr11	106450000	106850000	8
chr11	107650000	106500000	23
chr11	108200000	107100000	22
chr11	108750000	109450000	14
chr11	108850000	109350000	10
chr11	109500000	110250000	15
chr11	109600000	108950000	13
chr11	110950000	111400000	9
chr11	113300000	114950000	33
chr11	115300000	114900000	8
chr11	116850000	116300000	11
chr11	116900000	118200000	26
chr11	117050000	115450000	32
chr11	119400000	117800000	32
chr12	   650000	  2200000	31
chr12	  2750000	  2000000	15
chr12	  3150000	  4200000	21
chr12	  4050000	  2400000	33
chr12	  4850000	  3800000	21
chr12	  5250000	  6900000	33
chr12	  5550000	  4200000	27
chr12	  6100000	  7200000	22
chr12	  9600000	  8750000	17
chr12	 11450000	 12400000	19
chr12	 12000000	 10200000	36
chr12	 13800000	 14300000	10
chr12	 14150000	 12250000	38
chr12	 14950000	 17500000	51
chr12	 15950000	 16400000	9
chr12	 19450000	 20500000	21
chr12	 23600000	 23600000	0
chr12	 24450000	 24450000	0
chr12	 24450000	 25150000	14
chr12	 25000000	 27000000	40
chr12	 28650000	 29350000	14
chr12	 30200000	 32550000	47
chr12	 30350000	 29800000	11
chr12	 31800000	 30200000	32
chr12	 32100000	 34100000	40
chr12	 32300000	 33050000	15
chr12	 32750000	 32550000	4
chr12	 32750000	 32850000	2
chr12	 34050000	 33300000	15
chr12	 34050000	 34650000	12
chr12	 36500000	 35700000	16
chr12	 37150000	 31150000	120
chr12	 37300000	 36400000	18
chr12	 37450000	 38450000	20
chr12	 37600000	 37600000	0
chr12	 37800000	 37550000	5
chr12	 37850000	 37350000	10
chr12	 38000000	 37300000	14
chr12	 40400000	 38650000	35
chr12	 42350000	 42050000	6
chr12	 44000000	 44700000	14
chr12	 45600000	 44750000	17
chr12	 46800000	 45850000	19
chr12	 47750000	 48550000	16
chr12	 47950000	 49050000	22
chr12	 48100000	 47250000	17
chr12	 48500000	 49100000	12
chr12	 48600000	 48350000	5
chr12	 49000000	 47150000	37
chr12	 49750000	 46800000	59
chr12	 50150000	 51450000	26
chr12	 51250000	 52450000	24
chr12	 51800000	 50950000	17
chr12	 53150000	 53450000	6
chr12	 54250000	 53350000	18
chr12	 54250000	 53550000	14
chr12	 54500000	 53350000	23
chr12	 56250000	 55450000	16
chr12	 57150000	 58050000	18
chr12	 59000000	 57700000	26
chr12	 60650000	 58950000	34
chr12	 61600000	 62500000	18
chr12	 62100000	 61300000	16
chr12	 63450000	 64950000	30
chr12	 64750000	 64200000	11
chr12	 64800000	 66600000	36
chr12	 65650000	 66750000	22
chr12	 66900000	 67500000	12
chr12	 67300000	 68150000	17
chr12	 68250000	 67400000	17
chr12	 68650000	 66950000	34
chr12	 68700000	 68200000	10
chr12	 69450000	 68700000	15
chr12	 71050000	 72350000	26
chr12	 71350000	 72750000	28
chr12	 71700000	 70650000	21
chr12	 72100000	 73050000	19
chr12	 72450000	 69250000	64
chr12	 73550000	 72650000	18
chr12	 76200000	 77150000	19
chr12	 77000000	 77600000	12
chr12	 77950000	 78350000	8
chr12	 78000000	 76300000	34
chr12	 78400000	 77500000	18
chr12	 78750000	 78050000	14
chr12	 81550000	 80500000	21
chr12	 83900000	 83550000	7
chr12	 86450000	 89550000	62
chr12	 86650000	 87550000	18
chr12	 89950000	 88450000	30
chr12	 90050000	 89400000	13
chr12	 90900000	 91300000	8
chr12	 92250000	 91600000	13
chr12	 92350000	 91850000	10
chr12	 92400000	 91300000	22
chr12	 94400000	 95400000	20
chr12	 96200000	 94050000	43
chr12	 98250000	 97600000	13
chr12	 98650000	101050000	48
chr12	100200000	 97950000	45
chr12	100650000	 99850000	16
chr12	102000000	 99550000	49
chr12	103300000	104500000	24
chr12	105300000	104150000	23
chr12	105900000	106650000	15
chr12	106300000	105350000	19
chr12	107050000	108000000	19
chr12	107450000	106900000	11
chr12	107950000	107400000	11
chr12	112350000	110150000	44
chr12	113250000	111450000	36
chr12	115050000	115850000	16
chr12	115650000	116750000	22
chr12	117450000	116450000	20
chr12	119450000	118650000	16
chr13	  2550000	   500000	41
chr13	  4250000	  5100000	17
chr13	  4350000	  6400000	41
chr13	  4500000	  5250000	15
chr13	  5650000	  5950000	6
chr13	  7050000	  5900000	23
chr13	  9050000	  9800000	15
chr13	  9350000	  9850000	10
chr13	 15400000	 13350000	41
chr13	 16100000	 17800000	34
chr13	 17500000	 16800000	14
chr13	 17950000	 18450000	10
chr13	 18300000	 16950000	27
chr13	 18800000	 18500000	6
chr13	 22500000	 21400000	22
chr13	 23800000	 21950000	37
chr13	 24100000	 23400000	14
chr13	 24950000	 22600000	47
chr13	 25950000	 25150000	16
chr13	 26450000	 25850000	12
chr13	 27000000	 28600000	32
chr13	 27850000	 26650000	24
chr13	 29450000	 28500000	19
chr13	 31250000	 32800000	31
chr13	 31900000	 31550000	7
chr13	 32450000	 31400000	21
chr13	 33950000	 32900000	21
chr13	 34700000	 33400000	26
chr13	 35150000	 34000000	23
chr13	 37150000	 35400000	35
chr13	 39050000	 38300000	15
chr13	 40300000	 39200000	22
chr13	 41300000	 39950000	27
chr13	 41500000	 40350000	23
chr13	 41600000	 40250000	27
chr13	 41900000	 43600000	34
chr13	 42750000	 42350000	8
chr13	 43150000	 39850000	66
chr13	 45200000	 46400000	24
chr13	 46500000	 45950000	11
chr13	 47500000	 47200000	6
chr13	 48250000	 47550000	14
chr13	 49200000	 49000000	4
chr13	 50750000	 49750000	20
chr13	 51700000	 50200000	30
chr13	 52400000	 50150000	45
chr13	 54800000	 55450000	13
chr13	 56650000	 57700000	21
chr13	 57900000	 57350000	11
chr13	 58850000	 59450000	12
chr13	 60250000	 60700000	9
chr13	 61550000	 62750000	24
chr13	 64050000	 63700000	7
chr13	 64150000	 62150000	40
chr13	 65250000	 63700000	31
chr13	 65850000	 67750000	38
chr13	 65950000	 68400000	49
chr13	 66650000	 66950000	6
chr13	 69550000	 68400000	23
chr13	 73650000	 72350000	26
chr13	 74000000	 72800000	24
chr13	 76600000	 75900000	14
chr13	 76750000	 77800000	21
chr13	 77000000	 76100000	18
chr13	 78350000	 79000000	13
chr13	 78800000	 79950000	23
chr13	 81300000	 80850000	9
chr13	 82200000	 81900000	6
chr13	 85700000	 84250000	29
chr13	 86600000	 84700000	38
chr13	 87000000	 86250000	15
chr13	 87950000	 89250000	26
chr13	 89700000	 88750000	19
chr13	 91200000	 92200000	20
chr13	 91450000	 93400000	39
chr13	 92050000	 94850000	56
chr13	 94000000	 94400000	8
chr13	 94500000	 95600000	22
chr13	 96700000	 95650000	21
chr13	 96850000	 97450000	12
chr13	 96850000	 98250000	28
chr13	 98800000	 98500000	6
chr13	 98850000	 98100000	15
chr13	100600000	 97800000	56
chr13	101000000	101000000	0
chr13	101450000	100150000	26
chr13	101550000	100950000	12
chr13	102700000	105650000	59
chr13	103100000	104500000	28
chr13	104250000	103950000	6
chr13	105650000	104300000	27
chr13	106600000	105400000	24
chr13	106700000	108050000	27
chr13	107100000	106550000	11
chr13	112250000	113450000	24
chr13	112850000	114300000	29
chr13	113900000	115400000	30
chr13	115150000	114650000	10
chr13	116250000	117650000	28
chr13	117250000	116650000	12
chr13	117700000	118800000	22
chr13	117700000	119850000	43
chr13	120400000	119550000	17
chr13	120400000	120150000	5
chr14	  3350000	  2800000	11
chr14	  3850000	  4550000	14
chr14	  4050000	  2750000	26
chr14	  4650000	  6000000	27
chr14	  4750000	  3500000	25
chr14	  6500000	  5050000	29
chr14	  8650000	  9350000	14
chr14	 10300000	 13350000	61
chr14	 11100000	  9850000	25
chr14	 13450000	 11550000	38
chr14	 13500000	 16600000	62
chr14	 16150000	 16800000	13
chr14	 16900000	 18300000	28
chr14	 17500000	 19250000	35
chr14	 18050000	 19050000	20
chr14	 18300000	 16900000	28
chr14	 19000000	 18450000	11
chr14	 23200000	 22200000	20
chr14	 23750000	 27400000	73
chr14	 24000000	 24600000	12
chr14	 24550000	 25400000	17
chr14	 25300000	 25000000	6
chr14	 27100000	 25000000	42
chr14	 27550000	 29450000	38
chr14	 28600000	 29500000	18
chr14	 28900000	 30500000	32
chr14	 30450000	 31500000	21
chr14	 30650000	 28950000	34
chr14	 34150000	 33550000	12
chr14	 35250000	 36350000	22
chr14	 35550000	 36250000	14
chr14	 35950000	 35050000	18
chr14	 36300000	 37650000	27
chr14	 38050000	 35500000	51
chr14	 38750000	 39800000	21
chr14	 40650000	 39750000	18
chr14	 41700000	 39850000	37
chr14	 43050000	 44150000	22
chr14	 46300000	 47100000	16
chr14	 46600000	 45550000	21
chr14	 46750000	 45250000	30
chr14	 46900000	 49550000	53
chr14	 48150000	 47300000	17
chr14	 49800000	 51350000	31
chr14	 51500000	 50400000	22
chr14	 55000000	 56750000	35
chr14	 55900000	 56750000	17
chr14	 57000000	 58000000	20
chr14	 59400000	 57150000	45
chr14	 59450000	 58500000	19
chr14	 59800000	 61200000	28
chr14	 60200000	 60650000	9
chr14	 61550000	 61050000	10
chr14	 64000000	 64600000	12
chr14	 64150000	 62650000	30
chr14	 65600000	 67150000	31
chr14	 65700000	 63550000	43
chr14	 66400000	 68400000	40
chr14	 67300000	 68800000	30
chr14	 68550000	 67700000	17
chr14	 72500000	 73950000	29
chr14	 73450000	 72050000	28
chr14	 74300000	 72900000	28
chr14	 74650000	 73800000	17
chr14	 75350000	 73800000	31
chr14	 76900000	 75800000	22
chr14	 79150000	 80550000	28
chr14	 81700000	 83300000	32
chr14	 83250000	 82100000	23
chr14	 83400000	 84300000	18
chr14	 83600000	 83000000	12
chr14	 84650000	 83150000	30
chr14	 86000000	 84450000	31
chr14	 86200000	 87000000	16
chr14	 86350000	 84550000	36
chr14	 88750000	 89850000	22
chr14	 89500000	 90700000	24
chr14	 90250000	 90800000	11
chr14	 91800000	 91800000	0
chr14	 92800000	 92200000	12
chr14	 93500000	 94650000	23
chr14	 95900000	 93800000	42
chr14	100900000	 99600000	26
chr14	102000000	101000000	20
chr14	103450000	104400000	19
chr14	105300000	104500000	16
chr14	106850000	107600000	15
chr14	109600000	109200000	8
chr14	111600000	112300000	14
chr14	112800000	113400000	12
chr14	116650000	115800000	17
chr14	117800000	117200000	12
chr14	119050000	116850000	44
chr14	120250000	119050000	24
chr14	120600000	119800000	16
chr14	120700000	121650000	19
chr14	120750000	117850000	58
chr14	121550000	122450000	18
chr14	122400000	123300000	18
chr14	124050000	123000000	21
chr15	   800000	  1500000	14
chr15	   950000	  2050000	22
chr15	  6100000	  7000000	18
chr15	  8250000	  8900000	13
chr15	 12950000	 14750000	36
chr15	 13250000	 12550000	14
chr15	 14550000	 14100000	9
chr15	 15100000	 16000000	18
chr15	 15500000	 16950000	29
chr15	 15950000	 17700000	35
chr15	 16350000	 17900000	31
chr15	 16850000	 15100000	35
chr15	 17400000	 16300000	22
chr15	 17800000	 17450000	7
chr15	 20500000	 19900000	12
chr15	 23050000	 21050000	40
chr15	 23350000	 24800000	29
chr15	 23600000	 24450000	17
chr15	 27950000	 27300000	13
chr15	 30150000	 32100000	39
chr15	 30500000	 29800000	14
chr15	 30650000	 29000000	33
chr15	 30650000	 32650000	40
chr15	 30850000	 29350000	30
chr15	 31250000	 29950000	26
chr15	 35000000	 37800000	56
chr15	 36100000	 34900000	24
chr15	 36200000	 37500000	26
chr15	 38900000	 37650000	25
chr15	 39700000	 39000000	14
chr15	 39700000	 40400000	14
chr15	 40750000	 41250000	10
chr15	 43150000	 41950000	24
chr15	 43300000	 43750000	9
chr15	 45950000	 46900000	19
chr15	 46000000	 48150000	43
chr15	 46050000	 44950000	22
chr15	 47900000	 47500000	8
chr15	 48250000	 49100000	17
chr15	 48450000	 47150000	26
chr15	 49450000	 47150000	46
chr15	 50800000	 52800000	40
chr15	 51100000	 50650000	9
chr15	 52000000	 52550000	11
chr15	 52700000	 52050000	13
chr15	 52800000	 53750000	19
chr15	 54100000	 55600000	30
chr15	 54500000	 52600000	38
chr15	 56950000	 57600000	13
chr15	 60650000	 59450000	24
chr15	 60650000	 63650000	60
chr15	 60950000	 62550000	32
chr15	 61400000	 62450000	21
chr15	 62250000	 61800000	9
chr15	 65950000	 66800000	17
chr15	 67000000	 65150000	37
chr15	 67700000	 69300000	32
chr15	 67950000	 66400000	31
chr15	 68500000	 67300000	24
chr15	 69250000	 70150000	18
chr15	 69700000	 68450000	25
chr15	 70550000	 71200000	13
chr15	 70900000	 72700000	36
chr15	 71200000	 70100000	22
chr15	 71400000	 73500000	42
chr15	 72650000	 73850000	24
chr15	 74250000	 75350000	22
chr15	 74800000	 76100000	26
chr15	 74950000	 73950000	20
chr15	 75500000	 73550000	39
chr15	 77050000	 75950000	22
chr15	 77750000	 78950000	24
chr15	 78150000	 78800000	13
chr15	 79300000	 78900000	8
chr15	 79700000	 78650000	21
chr15	 80900000	 81900000	20
chr15	 81400000	 80500000	18
chr15	 84750000	 85500000	15
chr15	 85050000	 83700000	27
chr15	 86750000	 88700000	39
chr15	 87400000	 86350000	21
chr15	 87550000	 86750000	16
chr15	 89450000	 88950000	10
chr15	 91000000	 91800000	16
chr15	 92500000	 91450000	21
chr15	 94100000	 96050000	39
chr15	 94500000	 95500000	20
chr15	 94700000	 93650000	21
chr15	 95550000	 95300000	5
chr15	 97050000	 97300000	5
chr15	 98950000	 99900000	19
chr15	 99000000	 98700000	6
chr15	 99050000	 98200000	17
chr15	 99850000	 99000000	17
chr15	102550000	101450000	22
chr16	  1600000	        0	32
chr16	  1950000	  2650000	14
chr16	  2500000	  2700000	4
chr16	  2800000	  5200000	48
chr16	  6400000	  5250000	23
chr16	  9200000	  7300000	38
chr16	 10600000	  9750000	17
chr16	 11350000	 10300000	21
chr16	 13150000	 12800000	7
chr16	 17750000	 18650000	18
chr16	 18950000	 20450000	30
chr16	 19600000	 17750000	37
chr16	 20550000	 22450000	38
chr16	 22000000	 24100000	42
chr16	 25100000	 26350000	25
chr16	 25950000	 25950000	0
chr16	 26700000	 27600000	18
chr16	 27100000	 26300000	16
chr16	 28100000	 29000000	18
chr16	 28350000	 28950000	12
chr16	 29150000	 29900000	15
chr16	 29650000	 27600000	41
chr16	 32450000	 33400000	19
chr16	 32500000	 31600000	18
chr16	 32750000	 30800000	39
chr16	 34200000	 36100000	38
chr16	 37300000	 37600000	6
chr16	 37350000	 35500000	37
chr16	 38700000	 37250000	29
chr16	 40000000	 38300000	34
chr16	 40050000	 38900000	23
chr16	 40050000	 39550000	10
chr16	 40450000	 39800000	13
chr16	 40650000	 39650000	20
chr16	 40650000	 41950000	26
chr16	 42550000	 41900000	13
chr16	 42600000	 44350000	35
chr16	 42700000	 43800000	22
chr16	 43500000	 45200000	34
chr16	 44750000	 43950000	16
chr16	 44850000	 43100000	35
chr16	 45300000	 42800000	50
chr16	 45550000	 46700000	23
chr16	 47400000	 46350000	21
chr16	 48500000	 46150000	47
chr16	 48700000	 49400000	14
chr16	 49600000	 51800000	44
chr16	 51950000	 51500000	9
chr16	 52400000	 53500000	22
chr16	 52650000	 51200000	29
chr16	 54000000	 54600000	12
chr16	 54200000	 52750000	29
chr16	 54350000	 55450000	22
chr16	 55000000	 53050000	39
chr16	 57200000	 57900000	14
chr16	 57500000	 57150000	7
chr16	 57700000	 58950000	25
chr16	 58850000	 59600000	15
chr16	 59250000	 60600000	27
chr16	 60150000	 59350000	16
chr16	 61650000	 61150000	10
chr16	 62900000	 61850000	21
chr16	 63800000	 63350000	9
chr16	 69300000	 69950000	13
chr16	 72450000	 71750000	14
chr16	 72450000	 71900000	11
chr16	 74750000	 74400000	7
chr16	 75550000	 76800000	25
chr16	 75650000	 76400000	15
chr16	 77850000	 79400000	31
chr16	 79950000	 79800000	3
chr16	 80000000	 81650000	33
chr16	 80500000	 79600000	18
chr16	 81800000	 79750000	41
chr16	 82250000	 80900000	27
chr16	 83350000	 82350000	20
chr16	 85100000	 83400000	34
chr16	 85850000	 84800000	21
chr16	 88150000	 89700000	31
chr16	 88600000	 85200000	68
chr16	 94300000	 93250000	21
chr16	 94800000	 94100000	14
chr16	 95950000	 94400000	31
chr16	 96250000	 94550000	34
chr16	 97500000	 96150000	27
chr17	   950000	  2300000	27
chr17	  1850000	  3250000	28
chr17	  4600000	  6400000	36
chr17	  7300000	  8350000	21
chr17	  7900000	  6750000	23
chr17	 10600000	  9050000	31
chr17	 13300000	 15000000	34
chr17	 14550000	 15200000	13
chr17	 15200000	 16750000	31
chr17	 16150000	 14700000	29
chr17	 16400000	 15250000	23
chr17	 16650000	 17550000	18
chr17	 17100000	 16450000	13
chr17	 23850000	 22600000	25
chr17	 24200000	 23400000	16
chr17	 24250000	 25600000	27
chr17	 24400000	 24200000	4
chr17	 24750000	 24200000	11
chr17	 25850000	 27300000	29
chr17	 27450000	 27450000	0
chr17	 28250000	 29300000	21
chr17	 29200000	 27850000	27
chr17	 29550000	 28850000	14
chr17	 30150000	 31000000	17
chr17	 30850000	 30450000	8
chr17	 32450000	 32900000	9
chr17	 32650000	 31650000	20
chr17	 32700000	 33750000	21
chr17	 33050000	 34950000	38
chr17	 40950000	 40400000	11
chr17	 45150000	 49700000	91
chr17	 45850000	 44300000	31
chr17	 46100000	 46650000	11
chr17	 46300000	 49750000	69
chr17	 46650000	 45950000	14
chr17	 47500000	 48650000	23
chr17	 47900000	 48350000	9
chr17	 48300000	 46900000	28
chr17	 49950000	 51400000	29
chr17	 50250000	 50900000	13
chr17	 50800000	 52000000	24
chr17	 56700000	 55450000	25
chr17	 59050000	 57650000	28
chr17	 60650000	 59250000	28
chr17	 60750000	 59950000	16
chr17	 61250000	 61600000	7
chr17	 61350000	 62650000	26
chr17	 62300000	 63400000	22
chr17	 62550000	 63950000	28
chr17	 65400000	 65700000	6
chr17	 66550000	 68300000	35
chr17	 69200000	 67200000	40
chr17	 69400000	 69050000	7
chr17	 69550000	 70950000	28
chr17	 71250000	 69800000	29
chr17	 72750000	 74100000	27
chr17	 73000000	 72350000	13
chr17	 73100000	 74700000	32
chr17	 73250000	 72600000	13
chr17	 73950000	 73200000	15
chr17	 74250000	 74700000	9
chr17	 75650000	 75050000	12
chr17	 76200000	 76900000	14
chr17	 79100000	 76550000	51
chr17	 80050000	 80600000	11
chr17	 81200000	 79950000	25
chr17	 81400000	 82600000	24
chr17	 82450000	 80300000	43
chr17	 82800000	 82300000	10
chr17	 84900000	 84150000	15
chr17	 86250000	 86650000	8
chr17	 86400000	 86650000	5
chr17	 88250000	 90450000	44
chr17	 88800000	 87250000	31
chr17	 90850000	 89050000	36
chr17	 91000000	 92400000	28
chr17	 92800000	 94100000	26
chr17	 94200000	 93050000	23
chr18	  3000000	   650000	47
chr18	  4150000	  5150000	20
chr18	  5650000	  6700000	21
chr18	  6200000	  5400000	16
chr18	  9900000	 11000000	22
chr18	 11050000	 10450000	12
chr18	 11200000	 10800000	8
chr18	 11950000	  9900000	41
chr18	 18700000	 18000000	14
chr18	 19800000	 21300000	30
chr18	 21000000	 23400000	48
chr18	 23850000	 24250000	8
chr18	 24700000	 23000000	34
chr18	 25100000	 24100000	20
chr18	 26450000	 25700000	15
chr18	 29300000	 28800000	10
chr18	 29550000	 30550000	20
chr18	 30450000	 30950000	10
chr18	 31550000	 31000000	11
chr18	 32250000	 33350000	22
chr18	 32600000	 31950000	13
chr18	 32750000	 31450000	26
chr18	 33150000	 34000000	17
chr18	 34000000	 34900000	18
chr18	 35450000	 33900000	31
chr18	 35650000	 35900000	5
chr18	 36950000	 36000000	19
chr18	 39950000	 38600000	27
chr18	 40950000	 40000000	19
chr18	 45000000	 43850000	23
chr18	 45750000	 46650000	18
chr18	 48150000	 48950000	16
chr18	 50700000	 51400000	14
chr18	 50750000	 49350000	28
chr18	 51900000	 53150000	25
chr18	 53000000	 54100000	22
chr18	 54350000	 53200000	23
chr18	 58350000	 59100000	15
chr18	 59600000	 58250000	27
chr18	 60300000	 58850000	29
chr18	 60900000	 63050000	43
chr18	 61850000	 61300000	11
chr18	 61950000	 61300000	13
chr18	 63050000	 64400000	27
chr18	 63150000	 64900000	35
chr18	 63250000	 62700000	11
chr18	 63550000	 62650000	18
chr18	 64050000	 63350000	14
chr18	 65450000	 66300000	17
chr18	 67400000	 65150000	45
chr18	 68000000	 70050000	41
chr18	 69000000	 70050000	21
chr18	 72350000	 73000000	13
chr18	 74900000	 72300000	52
chr18	 75100000	 75600000	10
chr18	 76500000	 77450000	19
chr18	 78050000	 79000000	19
chr18	 78100000	 77650000	9
chr18	 79500000	 79950000	9
chr18	 80050000	 80800000	15
chr18	 80100000	 77850000	45
chr18	 80250000	 81900000	33
chr18	 83250000	 83850000	12
chr18	 84150000	 85350000	24
chr18	 84900000	 86950000	41
chr18	 86650000	 87750000	22
chr18	 86750000	 85950000	16
chr18	 88800000	 90200000	28
chr19	  2150000	  4650000	50
chr19	  3050000	  4150000	22
chr19	  4800000	  4200000	12
chr19	  5450000	  3100000	47
chr19	  5850000	  5850000	0
chr19	  9700000	  7450000	45
chr19	 10700000	  8950000	35
chr19	 10900000	 11550000	13
chr19	 11050000	 10300000	15
chr19	 11800000	 13000000	24
chr19	 13350000	 13000000	7
chr19	 16500000	 14400000	42
chr19	 18450000	 18850000	8
chr19	 18650000	 18250000	8
chr19	 19050000	 17650000	28
chr19	 19100000	 17700000	28
chr19	 20650000	 19000000	33
chr19	 23000000	 22250000	15
chr19	 23100000	 22100000	20
chr19	 27800000	 23850000	79
chr19	 27850000	 28450000	12
chr19	 28900000	 27900000	20
chr19	 29600000	 27450000	43
chr19	 30900000	 30300000	12
chr19	 30900000	 32650000	35
chr19	 31050000	 32750000	34
chr19	 33600000	 32600000	20
chr19	 33650000	 35150000	30
chr19	 34400000	 33000000	28
chr19	 34850000	 32600000	45
chr19	 35800000	 38100000	46
chr19	 36300000	 36650000	7
chr19	 36350000	 37350000	20
chr19	 36500000	 33800000	54
chr19	 37250000	 36550000	14
chr19	 38000000	 38800000	16
chr19	 38050000	 36750000	26
chr19	 38950000	 38550000	8
chr19	 39150000	 39150000	0
chr19	 42400000	 41300000	22
chr19	 42950000	 42000000	19
chr19	 43300000	 44250000	19
chr19	 43850000	 44450000	12
chr19	 44100000	 42500000	32
chr19	 44100000	 42800000	26
chr19	 44550000	 44000000	11
chr19	 45100000	 46950000	37
chr19	 46650000	 44850000	36
chr19	 47050000	 48100000	21
chr19	 47100000	 44950000	43
chr19	 47100000	 47950000	17
chr19	 47250000	 49550000	46
chr19	 47900000	 49050000	23
chr19	 48850000	 48100000	15
chr19	 48900000	 49300000	8
chr19	 49200000	 48200000	20
chr19	 53100000	 53600000	10
chr19	 53500000	 55450000	39
chr19	 55900000	 56900000	20
chr19	 59700000	 59100000	12
chr19	 60150000	 59800000	7
chr2	  3050000	  2250000	16
chr2	  3500000	  4350000	17
chr2	  3550000	  4050000	10
chr2	  5150000	  6200000	21
chr2	  5350000	  6000000	13
chr2	  5700000	  4450000	25
chr2	  6750000	  8600000	37
chr2	  8400000	  7050000	27
chr2	  8900000	  9550000	13
chr2	  9900000	 12200000	46
chr2	 12100000	 13150000	21
chr2	 12350000	  9750000	52
chr2	 16200000	 14450000	35
chr2	 17650000	 18900000	25
chr2	 18900000	 18300000	12
chr2	 19750000	 20800000	21
chr2	 20250000	 19300000	19
chr2	 20500000	 17650000	57
chr2	 25450000	 23250000	44
chr2	 26050000	 24700000	27
chr2	 26300000	 27050000	15
chr2	 26800000	 27950000	23
chr2	 27950000	 28550000	12
chr2	 29200000	 28600000	12
chr2	 29250000	 27700000	31
chr2	 30650000	 29650000	20
chr2	 30750000	 29700000	21
chr2	 31250000	 32400000	23
chr2	 32700000	 34200000	30
chr2	 33400000	 32150000	25
chr2	 35950000	 34650000	26
chr2	 36900000	 36150000	15
chr2	 37600000	 38150000	11
chr2	 38200000	 36250000	39
chr2	 38850000	 39700000	17
chr2	 41150000	 40400000	15
chr2	 42700000	 41350000	27
chr2	 43400000	 44300000	18
chr2	 44650000	 43700000	19
chr2	 45450000	 46450000	20
chr2	 45550000	 44600000	19
chr2	 47650000	 50100000	49
chr2	 47800000	 48450000	13
chr2	 48300000	 46550000	35
chr2	 50200000	 50750000	11
chr2	 50950000	 52100000	23
chr2	 51300000	 52300000	20
chr2	 53650000	 54700000	21
chr2	 53950000	 53950000	0
chr2	 54250000	 54050000	4
chr2	 55550000	 56800000	25
chr2	 56150000	 57300000	23
chr2	 56800000	 55300000	30
chr2	 57300000	 55450000	37
chr2	 60200000	 61350000	23
chr2	 61000000	 60600000	8
chr2	 61350000	 59150000	44
chr2	 62000000	 61050000	19
chr2	 64150000	 63150000	20
chr2	 65850000	 67300000	29
chr2	 66250000	 65750000	10
chr2	 67000000	 64150000	57
chr2	 67000000	 66250000	15
chr2	 67800000	 66900000	18
chr2	 69000000	 68700000	6
chr2	 69950000	 68600000	27
chr2	 70500000	 68700000	36
chr2	 70800000	 69500000	26
chr2	 71250000	 70750000	10
chr2	 71300000	 72550000	25
chr2	 71600000	 70100000	30
chr2	 71950000	 73400000	29
chr2	 73200000	 73550000	7
chr2	 75600000	 76400000	16
chr2	 77900000	 80400000	50
chr2	 79400000	 77450000	39
chr2	 81250000	 80250000	20
chr2	 81500000	 80900000	12
chr2	 82000000	 80700000	26
chr2	 82650000	 79150000	70
chr2	 83000000	 84400000	28
chr2	 83200000	 84400000	24
chr2	 86850000	 87600000	15
chr2	 87250000	 88200000	19
chr2	 89600000	 88800000	16
chr2	 90350000	 88900000	29
chr2	 91200000	 92000000	16
chr2	 91750000	 90800000	19
chr2	 91800000	 91450000	7
chr2	 92700000	 93700000	20
chr2	 92800000	 94550000	35
chr2	 93350000	 94300000	19
chr2	 94150000	 93850000	6
chr2	 94600000	 95500000	18
chr2	 95900000	 94950000	19
chr2	 96350000	 95300000	21
chr2	 96650000	 97900000	25
chr2	 98100000	 99600000	30
chr2	 98950000	 98200000	15
chr2	100650000	 99850000	16
chr2	101800000	100850000	19
chr2	102100000	101500000	12
chr2	103350000	104750000	28
chr2	103750000	102950000	16
chr2	104600000	105350000	15
chr2	108400000	107150000	25
chr2	109950000	109500000	9
chr2	110550000	110150000	8
chr2	112300000	110850000	29
chr2	113300000	111500000	36
chr2	114050000	115100000	21
chr2	115150000	116500000	27
chr2	115400000	114550000	17
chr2	115700000	117500000	36
chr2	122550000	123500000	19
chr2	122900000	122700000	4
chr2	125450000	124800000	13
chr2	126200000	125500000	14
chr2	126350000	126700000	7
chr2	128150000	128500000	7
chr2	131500000	132050000	11
chr2	133650000	134950000	26
chr2	133900000	134850000	19
chr2	134650000	135750000	22
chr2	135350000	136600000	25
chr2	138150000	139300000	23
chr2	139450000	140200000	15
chr2	140300000	141600000	26
chr2	140400000	141200000	16
chr2	140450000	139350000	22
chr2	141000000	142500000	30
chr2	142400000	143150000	15
chr2	142750000	139200000	71
chr2	144800000	144000000	16
chr2	146350000	145300000	21
chr2	147400000	149050000	33
chr2	150300000	149900000	8
chr2	150950000	152350000	28
chr2	151850000	151950000	2
chr2	151950000	150000000	39
chr2	151950000	152750000	16
chr2	152150000	153400000	25
chr2	152200000	153050000	17
chr2	153000000	152200000	16
chr2	154800000	156200000	28
chr2	157700000	158300000	12
chr2	158900000	157700000	24
chr2	162400000	163050000	13
chr2	163450000	164950000	30
chr2	164700000	163450000	25
chr2	166000000	165050000	19
chr2	166350000	165000000	27
chr2	167450000	168000000	11
chr2	168950000	170750000	36
chr2	169650000	167050000	52
chr2	170750000	165800000	99
chr2	171150000	171500000	7
chr2	172000000	172400000	8
chr2	172700000	172200000	10
chr2	173250000	171450000	36
chr2	173250000	172200000	21
chr2	173400000	172900000	10
chr2	175650000	173900000	35
chr2	176200000	177100000	18
chr2	177500000	178250000	15
chr2	177800000	176600000	24
chr2	179650000	178900000	15
chr2	181450000	180450000	20
chr3	   100000	   600000	10
chr3	  1350000	   250000	22
chr3	  5600000	  5150000	9
chr3	  9350000	  7900000	29
chr3	  9500000	 11050000	31
chr3	 10100000	 11950000	37
chr3	 10200000	 10200000	0
chr3	 10850000	  9050000	36
chr3	 12300000	 10200000	42
chr3	 13650000	 15250000	32
chr3	 13700000	 14000000	6
chr3	 13900000	 14900000	20
chr3	 13950000	 13700000	5
chr3	 16400000	 16750000	7
chr3	 16750000	 15300000	29
chr3	 17150000	 16300000	17
chr3	 17300000	 15950000	27
chr3	 20750000	 21350000	12
chr3	 21450000	 20300000	23
chr3	 23350000	 22800000	11
chr3	 23750000	 25450000	34
chr3	 25800000	 24600000	24
chr3	 26950000	 30200000	65
chr3	 28400000	 26800000	32
chr3	 28850000	 29250000	8
chr3	 29300000	 30600000	26
chr3	 29450000	 30350000	18
chr3	 29650000	 28050000	32
chr3	 31800000	 32700000	18
chr3	 33050000	 32150000	18
chr3	 33450000	 34650000	24
chr3	 35450000	 36500000	21
chr3	 37650000	 39350000	34
chr3	 40600000	 39500000	22
chr3	 44100000	 44250000	3
chr3	 44950000	 46200000	25
chr3	 45550000	 44900000	13
chr3	 47550000	 47250000	6
chr3	 48550000	 50050000	30
chr3	 49500000	 50500000	20
chr3	 49800000	 51750000	39
chr3	 52450000	 51950000	10
chr3	 54150000	 53450000	14
chr3	 54750000	 55700000	19
chr3	 54750000	 55750000	20
chr3	 57400000	 55300000	42
chr3	 58150000	 58400000	5
chr3	 58200000	 58800000	12
chr3	 58350000	 59550000	24
chr3	 60650000	 59500000	23
chr3	 66250000	 65200000	21
chr3	 67050000	 65800000	25
chr3	 70150000	 70400000	5
chr3	 70550000	 73950000	68
chr3	 71700000	 72700000	20
chr3	 75750000	 77500000	35
chr3	 77800000	 78800000	20
chr3	 78000000	 76650000	27
chr3	 78150000	 77150000	20
chr3	 78150000	 80450000	46
chr3	 78900000	 78200000	14
chr3	 79400000	 80300000	18
chr3	 80300000	 79900000	8
chr3	 81500000	 82950000	29
chr3	 81800000	 83100000	26
chr3	 82900000	 84950000	41
chr3	 83350000	 84400000	21
chr3	 84550000	 84000000	11
chr3	 85450000	 84650000	16
chr3	 90300000	 89350000	19
chr3	 92650000	 93350000	14
chr3	 93550000	 93550000	0
chr3	 94550000	 93250000	26
chr3	 94700000	 95700000	20
chr3	101600000	102450000	17
chr3	101900000	103800000	38
chr3	102350000	100850000	30
chr3	106300000	109650000	67
chr3	106450000	105700000	15
chr3	107750000	106850000	18
chr3	108250000	107500000	15
chr3	108800000	108100000	14
chr3	111250000	109600000	33
chr3	112700000	114550000	37
chr3	113550000	114550000	20
chr3	113600000	112900000	14
chr3	115300000	114300000	20
chr3	115650000	117450000	36
chr3	115900000	117300000	28
chr3	116750000	115200000	31
chr3	117600000	118450000	17
chr3	120550000	122550000	40
chr3	125100000	126450000	27
chr3	130000000	131050000	21
chr3	130800000	130150000	13
chr3	132150000	131300000	17
chr3	134150000	135150000	20
chr3	142200000	141300000	18
chr3	142600000	141850000	15
chr3	143800000	144300000	10
chr3	145150000	144400000	15
chr3	146050000	145100000	19
chr3	149400000	147350000	41
chr3	150550000	151350000	16
chr3	151550000	149000000	51
chr3	152300000	151800000	10
chr3	154500000	153250000	25
chr3	155900000	157550000	33
chr3	156500000	154300000	44
chr3	156800000	156000000	16
chr3	157200000	159450000	45
chr3	158950000	160000000	21
chr4	   400000	  1250000	17
chr4	  2250000	  1800000	9
chr4	  4850000	  2700000	43
chr4	  5700000	  6250000	11
chr4	 10050000	  8450000	32
chr4	 10600000	  9500000	22
chr4	 12800000	 13800000	20
chr4	 13400000	 11750000	33
chr4	 15750000	 14650000	22
chr4	 15750000	 14900000	17
chr4	 17500000	 16800000	14
chr4	 19400000	 17000000	48
chr4	 20500000	 17000000	70
chr4	 23850000	 25300000	29
chr4	 24150000	 24700000	11
chr4	 34200000	 32500000	34
chr4	 37450000	 38350000	18
chr4	 37950000	 39100000	23
chr4	 38250000	 38050000	4
chr4	 38350000	 36950000	28
chr4	 38450000	 38150000	6
chr4	 40250000	 38650000	32
chr4	 40750000	 39900000	17
chr4	 45200000	 46200000	20
chr4	 48100000	 47600000	10
chr4	 48200000	 47750000	9
chr4	 48500000	 49850000	27
chr4	 56300000	 55500000	16
chr4	 57400000	 56300000	22
chr4	 59250000	 59550000	6
chr4	 59950000	 62700000	55
chr4	 60200000	 60800000	12
chr4	 61200000	 62350000	23
chr4	 64600000	 63450000	23
chr4	 66400000	 67750000	27
chr4	 69500000	 70700000	24
chr4	 69550000	 69950000	8
chr4	 70350000	 70900000	11
chr4	 71800000	 72500000	14
chr4	 72750000	 75300000	51
chr4	 73000000	 73500000	10
chr4	 75900000	 76600000	14
chr4	 76750000	 77600000	17
chr4	 77750000	 79800000	41
chr4	 78900000	 78200000	14
chr4	 78950000	 77750000	24
chr4	 81550000	 80550000	20
chr4	 83750000	 83500000	5
chr4	 84300000	 83050000	25
chr4	 86350000	 87800000	29
chr4	 87300000	 88100000	16
chr4	 88650000	 86950000	34
chr4	 88900000	 88050000	17
chr4	 89400000	 90650000	25
chr4	 89600000	 88750000	17
chr4	 94650000	 94350000	6
chr4	 96000000	 95550000	9
chr4	100200000	 97800000	48
chr4	101950000	100300000	33
chr4	102700000	101050000	33
chr4	104250000	105650000	28
chr4	105250000	104050000	24
chr4	105650000	104400000	25
chr4	107450000	106450000	20
chr4	109750000	109000000	15
chr4	110300000	111150000	17
chr4	111650000	112200000	11
chr4	112450000	113250000	16
chr4	112550000	113600000	21
chr4	114350000	111250000	62
chr4	115650000	115150000	10
chr4	115700000	115400000	6
chr4	117050000	119500000	49
chr4	117300000	116300000	20
chr4	117850000	118900000	21
chr4	120050000	119050000	20
chr4	120400000	119750000	13
chr4	121400000	120600000	16
chr4	122100000	121300000	16
chr4	123450000	122850000	12
chr4	124050000	123350000	14
chr4	129950000	131250000	26
chr4	130100000	129250000	17
chr4	130850000	130000000	17
chr4	131950000	133200000	25
chr4	132600000	133200000	12
chr4	133050000	134700000	33
chr4	133350000	132200000	23
chr4	133600000	132800000	16
chr4	133900000	133400000	10
chr4	138050000	139000000	19
chr4	138150000	137600000	11
chr4	139450000	140650000	24
chr4	139800000	140300000	10
chr4	141200000	142300000	22
chr4	143400000	145550000	43
chr4	143650000	144450000	16
chr4	144700000	144200000	10
chr4	145950000	147050000	22
chr4	146300000	147150000	17
chr4	146600000	147400000	16
chr4	146950000	147350000	8
chr4	148900000	147450000	29
chr4	150150000	150550000	8
chr4	154800000	155850000	21
chr5	   650000	  1550000	18
chr5	  2650000	  3700000	21
chr5	  4200000	  1600000	52
chr5	  5450000	  8050000	52
chr5	  5550000	  6650000	22
chr5	  9950000	  8700000	25
chr5	 10900000	 12400000	30
chr5	 14550000	 15300000	15
chr5	 15150000	 16350000	24
chr5	 16900000	 15850000	21
chr5	 17300000	 15650000	33
chr5	 18750000	 17450000	26
chr5	 19700000	 18800000	18
chr5	 21200000	 18600000	52
chr5	 24050000	 25000000	19
chr5	 27850000	 28600000	15
chr5	 30500000	 31000000	10
chr5	 30950000	 30150000	16
chr5	 31150000	 30050000	22
chr5	 32700000	 31700000	20
chr5	 33600000	 33600000	0
chr5	 35450000	 34800000	13
chr5	 35800000	 36150000	7
chr5	 36900000	 35850000	21
chr5	 36950000	 38450000	30
chr5	 37400000	 38050000	13
chr5	 38300000	 37550000	15
chr5	 39850000	 37450000	48
chr5	 40100000	 38100000	40
chr5	 40800000	 40100000	14
chr5	 41400000	 42700000	26
chr5	 43100000	 42800000	6
chr5	 44250000	 43400000	17
chr5	 48100000	 50800000	54
chr5	 48500000	 47150000	27
chr5	 50500000	 49950000	11
chr5	 51150000	 52050000	18
chr5	 52550000	 53750000	24
chr5	 53750000	 54700000	19
chr5	 53800000	 52750000	21
chr5	 53800000	 54800000	20
chr5	 54150000	 52350000	36
chr5	 55150000	 56600000	29
chr5	 57450000	 56650000	16
chr5	 57900000	 56550000	27
chr5	 58100000	 57350000	15
chr5	 58800000	 57850000	19
chr5	 59450000	 58550000	18
chr5	 62650000	 60850000	36
chr5	 65400000	 64900000	10
chr5	 65450000	 66200000	15
chr5	 66850000	 69400000	51
chr5	 67400000	 67800000	8
chr5	 67450000	 68500000	21
chr5	 68550000	 69750000	24
chr5	 71450000	 71150000	6
chr5	 71500000	 70250000	25
chr5	 71550000	 70050000	30
chr5	 71750000	 70950000	16
chr5	 72800000	 73450000	13
chr5	 73800000	 74250000	9
chr5	 85200000	 84300000	18
chr5	 86050000	 87450000	28
chr5	 88900000	 87650000	25
chr5	 89250000	 88450000	16
chr5	 91700000	 90950000	15
chr5	 92200000	 93450000	25
chr5	 93400000	 94300000	18
chr5	 96250000	 97400000	23
chr5	 99500000	100350000	17
chr5	101900000	101450000	9
chr5	102750000	103350000	12
chr5	107850000	106350000	30
chr5	108100000	109050000	19
chr5	108550000	109050000	10
chr5	108850000	108300000	11
chr5	110550000	107900000	53
chr5	112100000	111750000	7
chr5	112500000	114400000	38
chr5	114350000	113300000	21
chr5	115700000	114800000	18
chr5	118200000	118900000	14
chr5	119050000	119950000	18
chr5	121550000	122100000	11
chr5	125500000	125150000	7
chr5	127000000	126300000	14
chr5	127600000	126150000	29
chr5	127600000	127250000	7
chr5	129550000	128050000	30
chr5	129650000	130450000	16
chr5	129950000	128850000	22
chr5	130000000	128350000	33
chr5	130500000	128050000	49
chr5	131150000	134100000	59
chr5	134150000	132600000	31
chr5	139650000	139200000	9
chr5	142950000	144300000	27
chr5	144500000	143050000	29
chr5	144800000	143150000	33
chr5	145150000	145650000	10
chr5	146350000	147550000	24
chr5	146550000	145750000	16
chr5	148450000	146500000	39
chr5	150000000	149150000	17
chr5	151100000	150350000	15
chr6	   650000	  1350000	14
chr6	   850000	    50000	16
chr6	  2250000	  2850000	12
chr6	  4350000	  3650000	14
chr6	  5100000	  6150000	21
chr6	 13700000	 12300000	28
chr6	 14100000	 12650000	29
chr6	 15100000	 16700000	32
chr6	 19000000	 18550000	9
chr6	 22050000	 20050000	40
chr6	 22650000	 23800000	23
chr6	 23750000	 24800000	21
chr6	 24200000	 25750000	31
chr6	 27850000	 28550000	14
chr6	 31300000	 32400000	22
chr6	 31750000	 29950000	36
chr6	 32250000	 31450000	16
chr6	 32750000	 34950000	44
chr6	 33500000	 34400000	18
chr6	 35700000	 37050000	27
chr6	 37250000	 38100000	17
chr6	 37350000	 38050000	14
chr6	 39000000	 38550000	9
chr6	 39100000	 42250000	63
chr6	 39350000	 39050000	6
chr6	 43150000	 44600000	29
chr6	 43550000	 45950000	48
chr6	 44900000	 43850000	21
chr6	 49150000	 47400000	35
chr6	 49350000	 50450000	22
chr6	 50650000	 49650000	20
chr6	 50700000	 51800000	22
chr6	 52600000	 51700000	18
chr6	 53400000	 49700000	74
chr6	 53700000	 52650000	21
chr6	 55150000	 54350000	16
chr6	 56750000	 58550000	36
chr6	 58200000	 57300000	18
chr6	 59200000	 60900000	34
chr6	 59750000	 58450000	26
chr6	 60850000	 61950000	22
chr6	 64250000	 63150000	22
chr6	 64450000	 63450000	20
chr6	 69350000	 68500000	17
chr6	 69900000	 69250000	13
chr6	 71500000	 73450000	39
chr6	 72300000	 71400000	18
chr6	 72950000	 68450000	90
chr6	 73700000	 73150000	11
chr6	 74700000	 78300000	72
chr6	 76200000	 77150000	19
chr6	 77150000	 77850000	14
chr6	 77850000	 79650000	36
chr6	 78100000	 77000000	22
chr6	 78750000	 79500000	15
chr6	 79550000	 80650000	22
chr6	 80950000	 80150000	16
chr6	 81450000	 80300000	23
chr6	 81700000	 83400000	34
chr6	 82800000	 82550000	5
chr6	 88300000	 89000000	14
chr6	 89900000	 89100000	16
chr6	 90100000	 90700000	12
chr6	 90200000	 90850000	13
chr6	 90350000	 92050000	34
chr6	 92400000	 92850000	9
chr6	 92650000	 92100000	11
chr6	 93650000	 94500000	17
chr6	 94700000	 93300000	28
chr6	 94700000	 95700000	20
chr6	 98700000	 97300000	28
chr6	 98800000	100400000	32
chr6	100300000	 99600000	14
chr6	101500000	100550000	19
chr6	101650000	102700000	21
chr6	101900000	103200000	26
chr6	102250000	101950000	6
chr6	104250000	103600000	13
chr6	104850000	102950000	38
chr6	105100000	104200000	18
chr6	105350000	103850000	30
chr6	106450000	108350000	38
chr6	110300000	111900000	32
chr6	111600000	112300000	14
chr6	111700000	114050000	47
chr6	112350000	111500000	17
chr6	112500000	113000000	10
chr6	113750000	112350000	28
chr6	114250000	113000000	25
chr6	114750000	116400000	33
chr6	115300000	114850000	9
chr6	115650000	115150000	10
chr6	116100000	115700000	8
chr6	119000000	120500000	30
chr6	119550000	117700000	37
chr6	120600000	119800000	16
chr6	121700000	124700000	60
chr6	122150000	120400000	35
chr6	122450000	122250000	4
chr6	125250000	123600000	33
chr6	125250000	124400000	17
chr6	126900000	125750000	23
chr6	127250000	129000000	35
chr6	127650000	127100000	11
chr6	129850000	131250000	28
chr6	131650000	130000000	33
chr6	131750000	132450000	14
chr6	132000000	132600000	12
chr6	132700000	131250000	29
chr6	133500000	135700000	44
chr6	135150000	134650000	10
chr6	139150000	137600000	31
chr6	140950000	140200000	15
chr6	143850000	144750000	18
chr6	146250000	145350000	18
chr6	147700000	146400000	26
chr6	149450000	148450000	20
chr7	  2300000	  1300000	20
chr7	  5550000	  6150000	12
chr7	  7200000	  8450000	25
chr7	  9600000	  8900000	14
chr7	 10150000	  9400000	15
chr7	 11400000	 10150000	25
chr7	 13600000	 14650000	21
chr7	 15250000	 17450000	44
chr7	 18100000	 19950000	37
chr7	 21850000	 23150000	26
chr7	 23750000	 24300000	11
chr7	 24150000	 24900000	15
chr7	 25200000	 26550000	27
chr7	 25550000	 24050000	30
chr7	 27250000	 25750000	30
chr7	 28300000	 27300000	20
chr7	 30400000	 31600000	24
chr7	 30700000	 30450000	5
chr7	 31500000	 30050000	29
chr7	 32000000	 31600000	8
chr7	 32000000	 33750000	35
chr7	 34250000	 32250000	40
chr7	 35650000	 36400000	15
chr7	 35750000	 37800000	41
chr7	 36000000	 35400000	12
chr7	 36500000	 35900000	12
chr7	 40650000	 41350000	14
chr7	 42650000	 43700000	21
chr7	 47000000	 47700000	14
chr7	 47050000	 46300000	15
chr7	 47650000	 48050000	8
chr7	 48700000	 47900000	16
chr7	 49000000	 47800000	24
chr7	 52600000	 53950000	27
chr7	 55350000	 56500000	23
chr7	 57850000	 58700000	17
chr7	 58550000	 57600000	19
chr7	 58650000	 58050000	12
chr7	 58700000	 61000000	46
chr7	 58850000	 59600000	15
chr7	 59050000	 60200000	23
chr7	 60650000	 61500000	17
chr7	 64150000	 62700000	29
chr7	 64700000	 63500000	24
chr7	 65350000	 64650000	14
chr7	 65800000	 67050000	25
chr7	 68500000	 69800000	26
chr7	 68700000	 69050000	7
chr7	 69400000	 71100000	34
chr7	 71750000	 73300000	31
chr7	 75650000	 75000000	13
chr7	 75900000	 76700000	16
chr7	 76900000	 78300000	28
chr7	 79150000	 81750000	52
chr7	 80400000	 81650000	25
chr7	 80700000	 80050000	13
chr7	 81300000	 80850000	9
chr7	 81800000	 81200000	12
chr7	 82950000	 82250000	14
chr7	 83450000	 84250000	16
chr7	 91050000	 89800000	25
chr7	 92300000	 91150000	23
chr7	 96250000	 97700000	29
chr7	 96450000	 96050000	8
chr7	 96850000	 97700000	17
chr7	 97500000	 98400000	18
chr7	 97650000	100500000	57
chr7	 98150000	 99200000	21
chr7	 98250000	 99300000	21
chr7	 99150000	 98100000	21
chr7	 99300000	 99050000	5
chr7	100900000	 97950000	59
chr7	100900000	101700000	16
chr7	101400000	100400000	20
chr7	102100000	103300000	24
chr7	102400000	103300000	18
chr7	104550000	103500000	21
chr7	105350000	104250000	22
chr7	106050000	106500000	9
chr7	108450000	106000000	49
chr7	108550000	109550000	20
chr7	108600000	109400000	16
chr7	109050000	110700000	33
chr7	109650000	110950000	26
chr7	114700000	114150000	11
chr7	117800000	118550000	15
chr7	118000000	119000000	20
chr7	119750000	119100000	13
chr7	122450000	121000000	29
chr7	122600000	124100000	30
chr7	125350000	120700000	93
chr7	125350000	126100000	15
chr7	125500000	126450000	19
chr7	127550000	128350000	16
chr7	128000000	126700000	26
chr7	128050000	126300000	35
chr7	129500000	127300000	44
chr7	129850000	128600000	25
chr7	131950000	132950000	20
chr7	132550000	133500000	19
chr7	136050000	138350000	46
chr7	136200000	137400000	24
chr7	138000000	137400000	12
chr7	141050000	142800000	35
chr7	143850000	144650000	16
chr8	   350000	  1700000	27
chr8	  1300000	  1950000	13
chr8	  5350000	  4550000	16
chr8	  6050000	  6700000	13
chr8	  6750000	  7400000	13
chr8	  7500000	  6450000	21
chr8	  8550000	  6850000	34
chr8	  9950000	 11000000	21
chr8	 10600000	  9950000	13
chr8	 12000000	 12450000	9
chr8	 13350000	 13900000	11
chr8	 16000000	 15100000	18
chr8	 16150000	 15800000	7
chr8	 16300000	 15200000	22
chr8	 21650000	 22500000	17
chr8	 22650000	 21800000	17
chr8	 24600000	 24000000	12
chr8	 27600000	 24050000	71
chr8	 28900000	 30200000	26
chr8	 30100000	 30750000	13
chr8	 30950000	 32100000	23
chr8	 32200000	 33800000	32
chr8	 32900000	 30900000	40
chr8	 33300000	 34200000	18
chr8	 35900000	 35450000	9
chr8	 36850000	 35200000	33
chr8	 37500000	 36350000	23
chr8	 38000000	 36600000	28
chr8	 38050000	 37750000	6
chr8	 38450000	 38100000	7
chr8	 38600000	 37300000	26
chr8	 41400000	 39600000	36
chr8	 42650000	 43250000	12
chr8	 42900000	 40400000	50
chr8	 44100000	 43250000	17
chr8	 44700000	 45650000	19
chr8	 44750000	 45050000	6
chr8	 45600000	 46350000	15
chr8	 46300000	 43850000	49
chr8	 46500000	 45800000	14
chr8	 48800000	 49800000	20
chr8	 50700000	 49950000	15
chr8	 53050000	 52800000	5
chr8	 53100000	 52300000	16
chr8	 53450000	 51350000	42
chr8	 54700000	 55250000	11
chr8	 56750000	 55550000	24
chr8	 61050000	 60200000	17
chr8	 62300000	 63050000	15
chr8	 65150000	 65550000	8
chr8	 65300000	 67200000	38
chr8	 68150000	 68600000	9
chr8	 70200000	 68950000	25
chr8	 71800000	 70050000	35
chr8	 71850000	 70550000	26
chr8	 72900000	 71800000	22
chr8	 74150000	 75500000	27
chr8	 75900000	 71050000	97
chr8	 77350000	 76200000	23
chr8	 78400000	 76500000	38
chr8	 79500000	 78850000	13
chr8	 79850000	 81050000	24
chr8	 81450000	 82450000	20
chr8	 82650000	 81300000	27
chr8	 83150000	 84350000	24
chr8	 85300000	 86500000	24
chr8	 85850000	 85100000	15
chr8	 86950000	 85800000	23
chr8	 87100000	 89500000	48
chr8	 90550000	 89000000	31
chr8	 91350000	 90400000	19
chr8	 92600000	 91700000	18
chr8	 93200000	 94750000	31
chr8	 95100000	 96650000	31
chr8	 96600000	 97900000	26
chr8	 97700000	 98200000	10
chr8	 97950000	 99350000	28
chr8	 98200000	100150000	39
chr8	 98500000	101400000	58
chr8	100050000	101050000	20
chr8	101900000	100200000	34
chr8	101900000	101300000	12
chr8	103350000	102300000	21
chr8	108500000	108100000	8
chr8	108550000	109250000	14
chr8	108600000	107950000	13
chr8	109050000	108000000	21
chr8	109350000	108800000	11
chr8	111450000	110900000	11
chr8	112150000	113550000	28
chr8	112400000	110900000	30
chr8	113800000	114400000	12
chr8	115150000	117650000	50
chr8	119450000	120450000	20
chr8	124800000	125550000	15
chr8	125650000	123700000	39
chr8	125850000	127150000	26
chr8	126650000	125500000	23
chr9	   300000	  2850000	51
chr9	   950000	  2800000	37
chr9	  5600000	  6150000	11
chr9	  5700000	  7100000	28
chr9	 11400000	 11900000	10
chr9	 14500000	 12800000	34
chr9	 17450000	 18150000	14
chr9	 17650000	 18650000	20
chr9	 19100000	 15850000	65
chr9	 19650000	 20600000	19
chr9	 20550000	 20000000	11
chr9	 21800000	 20650000	23
chr9	 23050000	 22150000	18
chr9	 26050000	 27450000	28
chr9	 26850000	 28000000	23
chr9	 27150000	 27850000	14
chr9	 30750000	 31550000	16
chr9	 32700000	 34100000	28
chr9	 33850000	 33500000	7
chr9	 33950000	 33300000	13
chr9	 35700000	 34850000	17
chr9	 37100000	 39750000	53
chr9	 37500000	 38500000	20
chr9	 39250000	 39600000	7
chr9	 42600000	 42050000	11
chr9	 42700000	 41000000	34
chr9	 44300000	 44950000	13
chr9	 45500000	 46750000	25
chr9	 47000000	 48850000	37
chr9	 48400000	 47600000	16
chr9	 49500000	 47800000	34
chr9	 49950000	 50600000	13
chr9	 50550000	 51450000	18
chr9	 51300000	 50400000	18
chr9	 51700000	 50500000	24
chr9	 51750000	 55550000	76
chr9	 51950000	 51300000	13
chr9	 53000000	 51350000	33
chr9	 54100000	 55450000	27
chr9	 59000000	 58700000	6
chr9	 60550000	 61500000	19
chr9	 60850000	 60100000	15
chr9	 62950000	 63750000	16
chr9	 64950000	 63950000	20
chr9	 65200000	 64450000	15
chr9	 67150000	 67150000	0
chr9	 67300000	 69400000	42
chr9	 68450000	 68800000	7
chr9	 68850000	 68400000	9
chr9	 71150000	 72550000	28
chr9	 71250000	 72000000	15
chr9	 74400000	 75250000	17
chr9	 75300000	 72150000	63
chr9	 75750000	 76400000	13
chr9	 76200000	 75800000	8
chr9	 78900000	 77200000	34
chr9	 83450000	 82500000	19
chr9	 84650000	 84050000	12
chr9	 90100000	 86900000	64
chr9	 91900000	 90250000	33
chr9	 92950000	 91800000	23
chr9	 93200000	 92450000	15
chr9	 94800000	 93000000	36
chr9	 94900000	 95850000	19
chr9	 94950000	 95600000	13
chr9	 95350000	 93600000	35
chr9	101000000	100750000	5
chr9	101850000	 99800000	41
chr9	103650000	105650000	40
chr9	104850000	105700000	17
chr9	105600000	104650000	19
chr9	106550000	107000000	9
chr9	107900000	108300000	8
chr9	108050000	108400000	7
chr9	110050000	110900000	17
chr9	111350000	110400000	19
chr9	111900000	112200000	6
chr9	112500000	111100000	28
chr9	112950000	109600000	67
chr9	114450000	113900000	11
chr9	116000000	114250000	35
chr9	117250000	114500000	55
chr9	118850000	115250000	72
chr9	119200000	120500000	26
chr9	121000000	120600000	8
chr9	121250000	121700000	9
chrX	   950000	   600000	7
chrX	  3450000	  3050000	8
chrX	  8400000	  7750000	13
chrX	  8750000	  7700000	21
chrX	  9300000	 10950000	33
chrX	 10050000	  8100000	39
chrX	 12650000	 13500000	17
chrX	 14350000	 13150000	24
chrX	 17050000	 15850000	24
chrX	 17500000	 18000000	10
chrX	 18250000	 19600000	27
chrX	 19350000	 20050000	14
chrX	 19400000	 20950000	31
chrX	 20650000	 21000000	7
chrX	 20750000	 19150000	32
chrX	 21150000	 22450000	26
chrX	 21200000	 22350000	23
chrX	 21400000	 20250000	23
chrX	 22350000	 22750000	8
chrX	 27100000	 26350000	15
chrX	 28800000	 28350000	9
chrX	 29500000	 30100000	12
chrX	 32550000	 30550000	40
chrX	 33850000	 33600000	5
chrX	 35700000	 37050000	27
chrX	 37350000	 38450000	22
chrX	 38600000	 39250000	13
chrX	 40250000	 39400000	17
chrX	 40300000	 37850000	49
chrX	 43100000	 44100000	20
chrX	 45200000	 45800000	12
chrX	 46750000	 43000000	75
chrX	 48650000	 47500000	23
chrX	 50000000	 51200000	24
chrX	 51700000	 49450000	45
chrX	 52250000	 50300000	39
chrX	 52850000	 53750000	18
chrX	 53400000	 52800000	12
chrX	 53650000	 52850000	16
chrX	 55550000	 55250000	6
chrX	 56150000	 56950000	16
chrX	 57100000	 56800000	6
chrX	 61450000	 63050000	32
chrX	 64200000	 66350000	43
chrX	 65100000	 64600000	10
chrX	 65500000	 66950000	29
chrX	 66600000	 67400000	16
chrX	 66600000	 67500000	18
chrX	 66800000	 68050000	25
chrX	 67400000	 66900000	10
chrX	 67650000	 67100000	11
chrX	 69800000	 71500000	34
chrX	 72300000	 71700000	12
chrX	 73500000	 74350000	17
chrX	 73850000	 71950000	38
chrX	 76350000	 77150000	16
chrX	 81150000	 82750000	32
chrX	 82500000	 82100000	8
chrX	 85050000	 87100000	41
chrX	 85300000	 86550000	25
chrX	 86700000	 88200000	30
chrX	 88900000	 89450000	11
chrX	 88950000	 88450000	10
chrX	 89850000	 91950000	42
chrX	 91150000	 92600000	29
chrX	 92450000	 94100000	33
chrX	 93950000	 96050000	42
chrX	 94150000	 96200000	41
chrX	 95100000	 94200000	18
chrX	 95700000	 93900000	36
chrX	 95900000	 95400000	10
chrX	 96150000	 96850000	14
chrX	 96950000	 96300000	13
chrX	 97750000	 95250000	50
chrX	108100000	109750000	33
chrX	109150000	108500000	13
chrX	109400000	111000000	32
chrX	110600000	109900000	14
chrX	117400000	118450000	21
chrX	117700000	118850000	23
chrX	120150000	121850000	34
chrX	120200000	120400000	4
chrX	120250000	119550000	14
chrX	121150000	122400000	25
chrX	121250000	122550000	26
chrX	123300000	122550000	15
chrX	123400000	122850000	11
chrX	124000000	123150000	17
chrX	126000000	124200000	36
chrX	126000000	124250000	35
chrX	128000000	127000000	20
chrX	128650000	128500000	3
chrX	129150000	131600000	49
chrX	130050000	131650000	32
chrX	137150000	136600000	11
chrX	138400000	139000000	12
chrX	140750000	141750000	20
chrX	141450000	141000000	9
chrX	141700000	140850000	17
chrX	142150000	143150000	20
chrX	142600000	140600000	40
chrX	143100000	142300000	16
chrX	143600000	144350000	15
chrX	145300000	146400000	22
chrX	145350000	144500000	17
chrX	145500000	143500000	40
chrX	146200000	147500000	26
chrX	148050000	148800000	15
chrX	148200000	147600000	12
chrX	148300000	147150000	23
chrX	152250000	153200000	19
chrX	152950000	154800000	37
chrX	154300000	155400000	22
chrX	154750000	153350000	28
chrX	157250000	153400000	77
chrX	157250000	158200000	19
chrX	160100000	160950000	17
chrX	162600000	161550000	21
chrX	165200000	164200000	20
chrX	165500000	164550000	19
chrX	168450000	167450000	20
chrY	  1200000	  2350000	23
chrY	  2150000	    50000	42
chrY	  2350000	  1100000	25
chrY	  4200000	  2500000	34
chrY	  7200000	  8050000	17
chrY	  7250000	  6300000	19
chrY	  7300000	  6150000	23
chrY	  8200000	  9100000	18
chrY	  8900000	  7600000	26
chrY	  9300000	 12000000	54
chrY	  9600000	  8400000	24
chrY	 11450000	 10250000	24
chrY	 18150000	 18900000	15
chrY	 18850000	 19750000	18
chrY	 18950000	 18500000	9
chrY	 19100000	 18150000	19
chrY	 19300000	 19800000	10
chrY	 19700000	 20650000	19
chrY	 23800000	 25250000	29
chrY	 26200000	 24800000	28
chrY	 27300000	 29100000	36
chrY	 28950000	 27900000	21
chrY	 29200000	 30550000	27
chrY	 29700000	 28750000	19
chrY	 30350000	 29400000	19
chrY	 35150000	 34550000	12
chrY	 35700000	 36050000	7
chrY	 36450000	 37150000	14
chrY	 40150000	 41600000	29
chrY	 40600000	 42000000	28
chrY	 41300000	 40450000	17
chrY	 42350000	 40700000	33
chrY	 42900000	 42050000	17
chrY	 45850000	 44450000	28
chrY	 46250000	 45300000	19
chrY	 48750000	 49700000	19
chrY	 52050000	 50850000	24
chrY	 52050000	 51250000	16
chrY	 53200000	 54000000	16
chrY	 53250000	 52400000	17
chrY	 53800000	 55300000	30
chrY	 57350000	 56750000	12
chrY	 58800000	 59600000	16
chrY	 59400000	 58300000	22
chrY	 61050000	 60100000	19
chrY	 63900000	 65200000	26
chrY	 64300000	 63850000	9
chrY	 64400000	 65750000	27
chrY	 65300000	 66750000	29
chrY	 65650000	 63950000	34
chrY	 67600000	 65950000	33
chrY	 68350000	 67600000	15
chrY	 71150000	 69900000	25
chrY	 75000000	 75900000	18
chrY	 76600000	 76150000	9
chrY	 76950000	 75350000	32
chrY	 77700000	 78200000	10
chrY	 79800000	 80600000	16
chrY	 82900000	 84200000	26
chrY	 83100000	 84200000	22
chrY	 83750000	 83200000	11
chrY	 86750000	 87900000	23
chrY	 87450000	 87650000	4
chrY	 87600000	 88350000	15
chrY	 87950000	 88450000	10
chrY	 90100000	 90350000	5
