chr1	  1250000	  2050000	16
chr1	  1600000	  2350000	15
chr1	  1650000	    50000	32
chr1	  9850000	 11350000	30
chr1	 10600000	  8400000	44
chr1	 11350000	 11800000	9
chr1	 14550000	 13000000	31
chr1	 15650000	 13850000	36
chr1	 17850000	 17350000	10
chr1	 19400000	 18550000	17
chr1	 21400000	 19800000	32
chr1	 22300000	 23400000	22
chr1	 22700000	 23450000	15
chr1	 24300000	 23950000	7
chr1	 24600000	 25700000	22
chr1	 25450000	 26000000	11
chr1	 28350000	 27250000	22
chr1	 29050000	 27350000	34
chr1	 29400000	 26700000	54
chr1	 30500000	 29800000	14
chr1	 32450000	 31300000	23
chr1	 33450000	 32150000	26
chr1	 33900000	 35400000	30
chr1	 34850000	 33450000	28
chr1	 36900000	 38050000	23
chr1	 37650000	 38800000	23
chr1	 39350000	 41000000	33
chr1	 39650000	 38350000	26
chr1	 42200000	 42500000	6
chr1	 43350000	 42700000	13
chr1	 44300000	 43250000	21
chr1	 44500000	 45100000	12
chr1	 46250000	 47400000	23
chr1	 47100000	 46000000	22
chr1	 47700000	 49250000	31
chr1	 49500000	 50350000	17
chr1	 52550000	 54650000	42
chr1	 52650000	 55350000	54
chr1	 57800000	 57400000	8
chr1	 58400000	 59500000	22
chr1	 61000000	 59850000	23
chr1	 62450000	 61350000	22
chr1	 62650000	 63100000	9
chr1	 62800000	 62250000	11
chr1	 63650000	 64500000	17
chr1	 63850000	 64400000	11
chr1	 64850000	 66350000	30
chr1	 66500000	 65200000	26
chr1	 70750000	 69450000	26
chr1	 71350000	 72800000	29
chr1	 71650000	 72650000	20
chr1	 72700000	 71500000	24
chr1	 72750000	 69850000	58
chr1	 73350000	 74850000	30
chr1	 74850000	 75350000	10
chr1	 75300000	 74350000	19
chr1	 77200000	 78150000	19
chr1	 78600000	 79450000	17
chr1	 79000000	 77100000	38
chr1	 80500000	 79400000	22
chr1	 82900000	 82150000	15
chr1	 83100000	 83700000	12
chr1	 83600000	 82150000	29
chr1	 83700000	 84500000	16
chr1	 84750000	 85650000	18
chr1	 85150000	 86250000	22
chr1	 85350000	 86100000	15
chr1	 85700000	 84400000	26
chr1	 85800000	 85800000	0
chr1	 89600000	 88400000	24
chr1	 91950000	 92400000	9
chr1	 91950000	 93250000	26
chr1	 95000000	 95850000	17
chr1	 97100000	 96350000	15
chr1	 97350000	 98400000	21
chr1	 98400000	 99050000	13
chr1	 98850000	 99850000	20
chr1	 99050000	100100000	21
chr1	 99300000	 98300000	20
chr1	 99300000	100000000	14
chr1	100450000	100000000	9
chr1	107600000	108450000	17
chr1	112300000	113300000	20
chr1	114100000	114100000	0
chr1	114250000	113250000	20
chr1	115000000	114350000	13
chr1	116450000	117600000	23
chr1	118100000	119100000	20
chr1	118450000	117300000	23
chr1	118900000	118650000	5
chr1	120000000	118900000	22
chr1	121900000	122800000	18
chr1	123100000	121600000	30
chr1	125250000	127050000	36
chr1	125400000	124100000	26
chr1	126050000	126850000	16
chr1	127850000	129000000	23
chr1	129750000	128050000	34
chr1	131450000	132350000	18
chr1	132350000	133400000	21
chr1	133800000	134750000	19
chr1	134100000	134900000	16
chr1	135200000	135700000	10
chr1	135950000	137150000	24
chr1	137650000	137050000	12
chr1	138700000	139950000	25
chr1	138900000	138300000	12
chr1	140150000	140950000	16
chr1	140700000	141550000	17
chr1	143050000	144550000	30
chr1	146400000	144650000	35
chr1	147850000	148050000	4
chr1	148450000	149700000	25
chr1	151150000	150000000	23
chr1	152100000	151450000	13
chr1	152400000	154750000	47
chr1	153000000	151700000	26
chr1	153400000	153550000	3
chr1	154000000	155600000	32
chr1	154550000	155500000	19
chr1	155100000	153200000	38
chr1	156000000	154050000	39
chr1	156650000	156650000	0
chr1	157250000	157900000	13
chr1	157300000	156550000	15
chr1	158600000	158000000	12
chr1	159750000	158450000	26
chr1	160800000	159550000	25
chr1	160800000	163450000	53
chr1	162500000	161650000	17
chr1	167000000	165350000	33
chr1	170750000	171050000	6
chr1	170800000	170150000	13
chr1	173050000	171400000	33
chr1	174050000	175100000	21
chr1	176700000	178250000	31
chr1	179050000	177400000	33
chr1	181250000	183050000	36
chr1	184750000	186100000	27
chr1	185400000	186750000	27
chr1	185950000	187200000	25
chr1	186650000	185550000	22
chr1	186650000	185750000	18
chr1	186700000	187350000	13
chr1	188200000	187600000	12
chr1	188600000	189400000	16
chr1	189100000	187500000	32
chr1	189550000	190300000	15
chr1	189550000	191600000	41
chr1	189750000	190800000	21
chr1	190650000	190200000	9
chr1	190950000	189200000	35
chr1	192200000	190950000	25
chr10	  1600000	  1300000	6
chr10	  2250000	  3350000	22
chr10	  3700000	  4600000	18
chr10	  5350000	  6100000	15
chr10	  7050000	  9150000	42
chr10	 12050000	 10500000	31
chr10	 12250000	 11200000	21
chr10	 12450000	 11550000	18
chr10	 13200000	 14250000	21
chr10	 14200000	 14800000	12
chr10	 15350000	 16050000	14
chr10	 15750000	 16650000	18
chr10	 16700000	 16350000	7
chr10	 17650000	 15100000	51
chr10	 18500000	 19850000	27
chr10	 19050000	 20800000	35
chr10	 19900000	 19400000	10
chr10	 23200000	 23750000	11
chr10	 23200000	 23800000	12
chr10	 24250000	 24550000	6
chr10	 25650000	 24600000	21
chr10	 26850000	 25900000	19
chr10	 28750000	 29700000	19
chr10	 29600000	 32000000	48
chr10	 32350000	 31750000	12
chr10	 33550000	 33100000	9
chr10	 34500000	 35300000	16
chr10	 34700000	 33850000	17
chr10	 35350000	 35650000	6
chr10	 35800000	 35000000	16
chr10	 36850000	 37950000	22
chr10	 37450000	 38950000	30
chr10	 38300000	 38650000	7
chr10	 40600000	 38950000	33
chr10	 40750000	 41550000	16
chr10	 42100000	 41100000	20
chr10	 43750000	 45200000	29
chr10	 44000000	 42750000	25
chr10	 45950000	 45300000	13
chr10	 49100000	 48000000	22
chr10	 51150000	 48700000	49
chr10	 52400000	 53750000	27
chr10	 53400000	 51700000	34
chr10	 59350000	 60450000	22
chr10	 59700000	 59200000	10
chr10	 60200000	 59450000	15
chr10	 60500000	 61150000	13
chr10	 61000000	 61500000	10
chr10	 65050000	 66300000	25
chr10	 65700000	 64500000	24
chr10	 66000000	 67350000	27
chr10	 66150000	 64600000	31
chr10	 66800000	 66550000	5
chr10	 67000000	 65850000	23
chr10	 67050000	 64650000	48
chr10	 68000000	 67000000	20
chr10	 70350000	 70650000	6
chr10	 70650000	 69100000	31
chr10	 73600000	 72650000	19
chr10	 76200000	 77250000	21
chr10	 77350000	 79450000	42
chr10	 77900000	 77500000	8
chr10	 80250000	 81150000	18
chr10	 80400000	 80700000	6
chr10	 82200000	 81100000	22
chr10	 82350000	 85250000	58
chr10	 82550000	 81300000	25
chr10	 83900000	 83700000	4
chr10	 83950000	 83250000	14
chr10	 84100000	 85300000	24
chr10	 85300000	 83750000	31
chr10	 86400000	 88500000	42
chr10	 90350000	 90900000	11
chr10	 90600000	 92950000	47
chr10	 92300000	 92900000	12
chr10	 92750000	 93150000	8
chr10	 93350000	 94600000	25
chr10	 94750000	 94300000	9
chr10	 95250000	 94300000	19
chr10	 95400000	 97600000	44
chr10	 95800000	 96300000	10
chr10	 96000000	 97950000	39
chr10	 98050000	 99750000	34
chr10	 99050000	100350000	26
chr10	 99550000	 98050000	30
chr10	103250000	102300000	19
chr10	103600000	104600000	20
chr10	104550000	102150000	48
chr10	108700000	110650000	39
chr10	112950000	112000000	19
chr10	113900000	113350000	11
chr10	114800000	113800000	20
chr10	115400000	112800000	52
chr10	120000000	121600000	32
chr10	123150000	124700000	31
chr10	125250000	125500000	5
chr10	129350000	128450000	18
chr11	  1900000	  1250000	13
chr11	  2050000	  3250000	24
chr11	  4250000	  5600000	27
chr11	  4700000	  6350000	33
chr11	  7400000	  7750000	7
chr11	  7450000	  7150000	6
chr11	  8400000	  9750000	27
chr11	 11700000	 10250000	29
chr11	 12600000	 11600000	20
chr11	 15600000	 14900000	14
chr11	 16550000	 17250000	14
chr11	 16700000	 16200000	10
chr11	 17100000	 16500000	12
chr11	 18100000	 17100000	20
chr11	 18300000	 19750000	29
chr11	 19750000	 19050000	14
chr11	 20550000	 22150000	32
chr11	 21900000	 23550000	33
chr11	 22200000	 20900000	26
chr11	 23300000	 22350000	19
chr11	 24650000	 23800000	17
chr11	 25900000	 24950000	19
chr11	 26350000	 25550000	16
chr11	 26550000	 27850000	26
chr11	 27850000	 28400000	11
chr11	 31100000	 32550000	29
chr11	 32500000	 34250000	35
chr11	 35500000	 35900000	8
chr11	 36150000	 37750000	32
chr11	 37700000	 38250000	11
chr11	 37900000	 39000000	22
chr11	 41800000	 41000000	16
chr11	 44600000	 44150000	9
chr11	 46200000	 47300000	22
chr11	 48000000	 47100000	18
chr11	 48200000	 47300000	18
chr11	 49450000	 48450000	20
chr11	 50150000	 51450000	26
chr11	 50550000	 50100000	9
chr11	 52600000	 50900000	34
chr11	 54600000	 53850000	15
chr11	 55050000	 55600000	11
chr11	 56150000	 57000000	17
chr11	 58250000	 59400000	23
chr11	 58700000	 59150000	9
chr11	 63400000	 62400000	20
chr11	 63850000	 63350000	10
chr11	 64150000	 62950000	24
chr11	 66400000	 65400000	20
chr11	 66600000	 68050000	29
chr11	 70850000	 70050000	16
chr11	 71150000	 72400000	25
chr11	 71350000	 70850000	10
chr11	 71650000	 71200000	9
chr11	 71700000	 70100000	32
chr11	 73250000	 71950000	26
chr11	 75000000	 76400000	28
chr11	 75350000	 75350000	0
chr11	 75450000	 72800000	53
chr11	 76600000	 75550000	21
chr11	 77500000	 77800000	6
chr11	 77500000	 78400000	18
chr11	 77800000	 80350000	51
chr11	 80750000	 79800000	19
chr11	 81650000	 82500000	17
chr11	 82900000	 83500000	12
chr11	 84100000	 83200000	18
chr11	 86400000	 85000000	28
chr11	 87250000	 88850000	32
chr11	 87400000	 85200000	44
chr11	 89050000	 86800000	45
chr11	 89700000	 88900000	16
chr11	 89850000	 90500000	13
chr11	 92900000	 91400000	30
chr11	 94800000	 95750000	19
chr11	 98500000	 97250000	25
chr11	 98850000	 98400000	9
chr11	100200000	 97650000	51
chr11	103400000	102200000	24
chr11	104300000	103600000	14
chr11	105400000	109900000	90
chr11	107450000	107950000	10
chr11	107550000	106100000	29
chr11	108000000	108850000	17
chr11	109600000	111250000	33
chr11	110450000	109800000	13
chr11	110450000	111300000	17
chr11	110600000	109550000	21
chr11	112650000	112000000	13
chr11	114050000	113000000	21
chr11	117300000	115050000	45
chr11	120200000	118550000	33
chr12	  1400000	  2250000	17
chr12	  2150000	  4050000	38
chr12	  2750000	  1700000	21
chr12	  2750000	  3450000	14
chr12	  3600000	  2600000	20
chr12	  3750000	  4900000	23
chr12	  7350000	  7750000	8
chr12	  8200000	  8400000	4
chr12	  9550000	  9100000	9
chr12	 10000000	  6750000	65
chr12	 11150000	  9650000	30
chr12	 11350000	  9750000	32
chr12	 12200000	 10800000	28
chr12	 12750000	 14400000	33
chr12	 12850000	 11450000	28
chr12	 13200000	 13800000	12
chr12	 14800000	 14300000	10
chr12	 14850000	 15350000	10
chr12	 14950000	 13000000	39
chr12	 15600000	 16550000	19
chr12	 16100000	 15450000	13
chr12	 16650000	 15500000	23
chr12	 16650000	 17950000	26
chr12	 18600000	 17250000	27
chr12	 19650000	 18500000	23
chr12	 22650000	 23650000	20
chr12	 22800000	 23450000	13
chr12	 23000000	 24150000	23
chr12	 23050000	 22300000	15
chr12	 23150000	 22100000	21
chr12	 23300000	 22000000	26
chr12	 23650000	 24550000	18
chr12	 24300000	 25400000	22
chr12	 27350000	 28400000	21
chr12	 27400000	 28250000	17
chr12	 30900000	 30100000	16
chr12	 32900000	 31900000	20
chr12	 33700000	 32950000	15
chr12	 34500000	 33150000	27
chr12	 35000000	 34850000	3
chr12	 37600000	 38500000	18
chr12	 38400000	 38000000	8
chr12	 39100000	 39600000	10
chr12	 41250000	 40750000	10
chr12	 41500000	 42600000	22
chr12	 44000000	 43050000	19
chr12	 46150000	 47400000	25
chr12	 46550000	 47350000	16
chr12	 47600000	 46900000	14
chr12	 47750000	 48100000	7
chr12	 47850000	 49100000	25
chr12	 50750000	 53550000	56
chr12	 53250000	 55100000	37
chr12	 54050000	 52650000	28
chr12	 55950000	 53550000	48
chr12	 57500000	 55500000	40
chr12	 58300000	 58000000	6
chr12	 59150000	 58600000	11
chr12	 59150000	 60250000	22
chr12	 60000000	 62250000	45
chr12	 64900000	 63550000	27
chr12	 65150000	 64100000	21
chr12	 68850000	 69550000	14
chr12	 68900000	 69600000	14
chr12	 70300000	 68450000	37
chr12	 70850000	 72900000	41
chr12	 71250000	 70200000	21
chr12	 75050000	 73700000	27
chr12	 77050000	 75900000	23
chr12	 77700000	 81300000	72
chr12	 78500000	 79000000	10
chr12	 78600000	 79300000	14
chr12	 78750000	 79850000	22
chr12	 79850000	 78800000	21
chr12	 81400000	 80050000	27
chr12	 82000000	 82300000	6
chr12	 88000000	 87600000	8
chr12	 90250000	 89300000	19
chr12	 90850000	 92750000	38
chr12	 92250000	 91150000	22
chr12	 94400000	 93450000	19
chr12	 99400000	 98550000	17
chr12	 99650000	 99250000	8
chr12	105850000	104300000	31
chr12	107000000	109050000	41
chr12	108350000	109900000	31
chr12	108450000	111800000	67
chr12	108600000	109050000	9
chr12	109800000	108600000	24
chr12	110300000	109800000	10
chr12	111550000	110200000	27
chr12	111850000	110800000	21
chr12	114100000	114900000	16
chr12	116450000	115550000	18
chr12	116450000	117100000	13
chr12	118100000	117250000	17
chr12	118500000	119050000	11
chr13	  1650000	   200000	29
chr13	  2850000	  4600000	35
chr13	  4400000	  3850000	11
chr13	  5850000	  6200000	7
chr13	  7150000	  6400000	15
chr13	  7500000	  6250000	25
chr13	  9850000	  9000000	17
chr13	 11800000	 12600000	16
chr13	 14400000	 13000000	28
chr13	 16600000	 18400000	36
chr13	 16700000	 17400000	14
chr13	 19850000	 18500000	27
chr13	 22200000	 21100000	22
chr13	 22650000	 20950000	34
chr13	 24250000	 25750000	30
chr13	 24800000	 24050000	15
chr13	 25350000	 24750000	12
chr13	 31300000	 30800000	10
chr13	 33450000	 33050000	8
chr13	 34600000	 37000000	48
chr13	 35250000	 36600000	27
chr13	 35450000	 37900000	49
chr13	 36900000	 37700000	16
chr13	 37050000	 37650000	12
chr13	 37150000	 36850000	6
chr13	 37450000	 38700000	25
chr13	 40200000	 39400000	16
chr13	 41800000	 41100000	14
chr13	 44500000	 44800000	6
chr13	 46700000	 47300000	12
chr13	 47200000	 46150000	21
chr13	 47700000	 47250000	9
chr13	 48950000	 49950000	20
chr13	 49500000	 50850000	27
chr13	 49550000	 50150000	12
chr13	 51450000	 51950000	10
chr13	 51700000	 51950000	5
chr13	 52100000	 52900000	16
chr13	 52200000	 49200000	60
chr13	 52500000	 53450000	19
chr13	 53500000	 54400000	18
chr13	 53900000	 53900000	0
chr13	 54100000	 53550000	11
chr13	 55850000	 56900000	21
chr13	 56200000	 55350000	17
chr13	 57900000	 56700000	24
chr13	 58450000	 60700000	45
chr13	 65400000	 64300000	22
chr13	 66600000	 65300000	26
chr13	 67100000	 65450000	33
chr13	 67100000	 67950000	17
chr13	 68550000	 69200000	13
chr13	 69050000	 69850000	16
chr13	 69450000	 70500000	21
chr13	 71850000	 72950000	22
chr13	 76700000	 78000000	26
chr13	 76750000	 75800000	19
chr13	 77800000	 77200000	12
chr13	 78950000	 78350000	12
chr13	 80050000	 79650000	8
chr13	 80550000	 81650000	22
chr13	 83000000	 82000000	20
chr13	 83950000	 86450000	50
chr13	 84200000	 82200000	40
chr13	 88600000	 86950000	33
chr13	 89750000	 90400000	13
chr13	 90000000	 89250000	15
chr13	 91150000	 90150000	20
chr13	 93200000	 94350000	23
chr13	 93450000	 92700000	15
chr13	 93600000	 93250000	7
chr13	 93750000	 92500000	25
chr13	 95150000	 94650000	10
chr13	 96150000	 95100000	21
chr13	 97050000	 97750000	14
chr13	 97800000	 97200000	12
chr13	 99250000	101800000	51
chr13	101400000	103050000	33
chr13	101550000	 99600000	39
chr13	102450000	104850000	48
chr13	103450000	103450000	0
chr13	103550000	104550000	20
chr13	103600000	105300000	34
chr13	106850000	105350000	30
chr13	108100000	109350000	25
chr13	111250000	112200000	19
chr13	112050000	110850000	24
chr13	113200000	112600000	12
chr13	115550000	114400000	23
chr13	116500000	114900000	32
chr14	  1250000	   600000	13
chr14	  2250000	  3100000	17
chr14	  2900000	  4700000	36
chr14	  3600000	  2750000	17
chr14	  4350000	  4800000	9
chr14	 11100000	 12150000	21
chr14	 11550000	 12250000	14
chr14	 12000000	 10700000	26
chr14	 13150000	 12000000	23
chr14	 13150000	 12200000	19
chr14	 15100000	 15650000	11
chr14	 16050000	 16500000	9
chr14	 18650000	 20050000	28
chr14	 19550000	 21500000	39
chr14	 19800000	 18650000	23
chr14	 20850000	 20850000	0
chr14	 23550000	 20850000	54
chr14	 24600000	 25350000	15
chr14	 25650000	 27750000	42
chr14	 25700000	 26050000	7
chr14	 26800000	 28950000	43
chr14	 26900000	 25100000	36
chr14	 27850000	 29250000	28
chr14	 27900000	 27650000	5
chr14	 28150000	 30100000	39
chr14	 28200000	 27200000	20
chr14	 28750000	 30300000	31
chr14	 29700000	 31100000	28
chr14	 30500000	 28600000	38
chr14	 31700000	 30400000	26
chr14	 32450000	 33650000	24
chr14	 32900000	 34000000	22
chr14	 33850000	 35500000	33
chr14	 34150000	 32450000	34
chr14	 34950000	 34100000	17
chr14	 36350000	 35600000	15
chr14	 37300000	 36300000	20
chr14	 37800000	 37100000	14
chr14	 39350000	 38550000	16
chr14	 39500000	 37650000	37
chr14	 39500000	 40650000	23
chr14	 39700000	 38200000	30
chr14	 40300000	 41550000	25
chr14	 41100000	 42950000	37
chr14	 42450000	 44100000	33
chr14	 44200000	 43150000	21
chr14	 44300000	 44100000	4
chr14	 46450000	 45750000	14
chr14	 46650000	 47650000	20
chr14	 47600000	 48400000	16
chr14	 49300000	 47500000	36
chr14	 50350000	 47550000	56
chr14	 50400000	 51750000	27
chr14	 51650000	 52200000	11
chr14	 55900000	 54150000	35
chr14	 56500000	 55550000	19
chr14	 57450000	 60400000	59
chr14	 60650000	 61450000	16
chr14	 63650000	 66350000	54
chr14	 67050000	 66800000	5
chr14	 69400000	 70750000	27
chr14	 69500000	 68500000	20
chr14	 71200000	 72000000	16
chr14	 76150000	 73900000	45
chr14	 77550000	 78400000	17
chr14	 78550000	 79000000	9
chr14	 82200000	 81500000	14
chr14	 83950000	 83350000	12
chr14	 84550000	 90550000	120
chr14	 84600000	 79650000	99
chr14	 84700000	 85450000	15
chr14	 84850000	 83900000	19
chr14	 85900000	 85700000	4
chr14	 86300000	 86800000	10
chr14	 86850000	 85900000	19
chr14	 88350000	 87600000	15
chr14	 91650000	 94750000	62
chr14	 92500000	 93550000	21
chr14	 95000000	 95850000	17
chr14	 95150000	 95500000	7
chr14	 95350000	 93750000	32
chr14	 98250000	 97600000	13
chr14	 98450000	 98100000	7
chr14	100350000	100650000	6
chr14	102750000	104300000	31
chr14	103000000	102450000	11
chr14	103550000	104400000	17
chr14	103900000	104500000	12
chr14	106300000	105350000	19
chr14	107350000	108750000	28
chr14	107600000	109000000	28
chr14	108550000	109400000	17
chr14	108800000	107900000	18
chr14	111900000	110700000	24
chr14	114200000	112550000	33
chr14	116400000	117650000	25
chr14	117450000	119900000	49
chr14	119800000	120200000	8
chr14	121750000	120550000	24
chr14	123150000	122150000	20
chr14	124350000	122200000	43
chr14	124650000	123300000	27
chr15	  2200000	  2450000	5
chr15	  2600000	  1400000	24
chr15	  2850000	  1850000	20
chr15	  4000000	  2050000	39
chr15	  4850000	  3250000	32
chr15	  5200000	  3750000	29
chr15	 12100000	 11200000	18
chr15	 14350000	 13800000	11
chr15	 14550000	 14300000	5
chr15	 16050000	 15200000	17
chr15	 16450000	 17300000	17
chr15	 16700000	 14850000	37
chr15	 17100000	 18650000	31
chr15	 17600000	 15900000	34
chr15	 17800000	 18500000	14
chr15	 20250000	 19950000	6
chr15	 20250000	 20800000	11
chr15	 21150000	 21700000	11
chr15	 22100000	 20400000	34
chr15	 23850000	 23850000	0
chr15	 23950000	 24650000	14
chr15	 24300000	 23650000	13
chr15	 24450000	 25050000	12
chr15	 27100000	 26700000	8
chr15	 28800000	 29250000	9
chr15	 29300000	 30450000	23
chr15	 30700000	 32050000	27
chr15	 34150000	 33600000	11
chr15	 36600000	 36000000	12
chr15	 37950000	 36300000	33
chr15	 40600000	 39750000	17
chr15	 41250000	 42150000	18
chr15	 45000000	 42850000	43
chr15	 48950000	 47800000	23
chr15	 50100000	 50400000	6
chr15	 50100000	 51650000	31
chr15	 52200000	 51600000	12
chr15	 52950000	 51000000	39
chr15	 55850000	 56250000	8
chr15	 56050000	 57350000	26
chr15	 57200000	 56200000	20
chr15	 58000000	 55650000	47
chr15	 59400000	 60350000	19
chr15	 60050000	 59950000	2
chr15	 60400000	 61000000	12
chr15	 61200000	 59750000	29
chr15	 65550000	 64950000	12
chr15	 66050000	 67250000	24
chr15	 67100000	 65900000	24
chr15	 69800000	 70800000	20
chr15	 73400000	 72200000	24
chr15	 74900000	 73050000	37
chr15	 75200000	 74350000	17
chr15	 75900000	 73800000	42
chr15	 76500000	 76800000	6
chr15	 79500000	 78300000	24
chr15	 80400000	 80550000	3
chr15	 80700000	 79700000	20
chr15	 81850000	 80900000	19
chr15	 86400000	 87150000	15
chr15	 87000000	 86300000	14
chr15	 87550000	 87950000	8
chr15	 90700000	 89300000	28
chr15	 91400000	 90750000	13
chr15	 93700000	 93150000	11
chr15	 94550000	 93700000	17
chr15	 95050000	 96000000	19
chr15	 95350000	 96350000	20
chr15	 96550000	 97850000	26
chr15	 96850000	 97850000	20
chr15	 99500000	100350000	17
chr15	100000000	 97950000	41
chr15	100000000	 98300000	34
chr15	100200000	 99850000	7
chr15	100800000	100350000	9
chr15	101950000	100700000	25
chr15	102500000	101300000	24
chr16	  2050000	  2800000	15
chr16	  4050000	  3150000	18
chr16	  4250000	  5250000	20
chr16	  5250000	  5550000	6
chr16	  6600000	  7200000	12
chr16	  8250000	  7350000	18
chr16	  8800000	  9850000	21
chr16	  9150000	  7900000	25
chr16	  9950000	  7350000	52
chr16	 10700000	  9850000	17
chr16	 13650000	 12000000	33
chr16	 16400000	 16750000	7
chr16	 16750000	 14200000	51
chr16	 16900000	 16100000	16
chr16	 16900000	 18250000	27
chr16	 18100000	 17700000	8
chr16	 19050000	 17750000	26
chr16	 20100000	 19450000	13
chr16	 24500000	 25100000	12
chr16	 25850000	 22900000	59
chr16	 25850000	 27250000	28
chr16	 28300000	 27750000	11
chr16	 29750000	 30150000	8
chr16	 30050000	 29550000	10
chr16	 34850000	 36500000	33
chr16	 36200000	 35550000	13
chr16	 36600000	 35050000	31
chr16	 37750000	 36750000	20
chr16	 37850000	 37050000	16
chr16	 38400000	 37750000	13
chr16	 38950000	 38200000	15
chr16	 38950000	 39850000	18
chr16	 39800000	 40100000	6
chr16	 40150000	 39300000	17
chr16	 41600000	 42650000	21
chr16	 46450000	 43100000	67
chr16	 50550000	 49350000	24
chr16	 51050000	 51650000	12
chr16	 51300000	 53150000	37
chr16	 51400000	 53350000	39
chr16	 51750000	 51250000	10
chr16	 52100000	 54200000	42
chr16	 53300000	 54000000	14
chr16	 55200000	 52700000	50
chr16	 56050000	 53750000	46
chr16	 56150000	 57500000	27
chr16	 56450000	 56000000	9
chr16	 60450000	 61500000	21
chr16	 62450000	 58600000	77
chr16	 64150000	 63450000	14
chr16	 66350000	 69700000	67
chr16	 67050000	 67800000	15
chr16	 67500000	 68000000	10
chr16	 69100000	 70100000	20
chr16	 71550000	 70650000	18
chr16	 75000000	 75800000	16
chr16	 76250000	 77500000	25
chr16	 77300000	 77950000	13
chr16	 79300000	 79850000	11
chr16	 79400000	 80050000	13
chr16	 80100000	 78950000	23
chr16	 81100000	 79800000	26
chr16	 81950000	 82700000	15
chr16	 82300000	 80900000	28
chr16	 82350000	 81550000	16
chr16	 82800000	 81550000	25
chr16	 83050000	 81300000	35
chr16	 88700000	 89250000	11
chr16	 89300000	 91700000	48
chr16	 92100000	 91450000	13
chr16	 92300000	 91500000	16
chr16	 94100000	 93000000	22
chr16	 94900000	 95450000	11
chr16	 95500000	 94750000	15
chr16	 95850000	 94650000	24
chr16	 96100000	 96550000	9
chr17	  3250000	  4100000	17
chr17	  3300000	  2250000	21
chr17	  3500000	  4250000	15
chr17	  4800000	  6500000	34
chr17	  6000000	  4400000	32
chr17	  6750000	  6000000	15
chr17	  7450000	  7750000	6
chr17	  8900000	  6900000	40
chr17	 10400000	 10850000	9
chr17	 11500000	 10350000	23
chr17	 11700000	 10750000	19
chr17	 12250000	 12800000	11
chr17	 12300000	 13250000	19
chr17	 13750000	 15400000	33
chr17	 14400000	 16200000	36
chr17	 14950000	 14150000	16
chr17	 17300000	 16100000	24
chr17	 21850000	 20850000	20
chr17	 23250000	 21550000	34
chr17	 23800000	 22350000	29
chr17	 23900000	 25750000	37
chr17	 24150000	 24900000	15
chr17	 24750000	 26500000	35
chr17	 25500000	 25150000	7
chr17	 26350000	 26050000	6
chr17	 27050000	 25750000	26
chr17	 29300000	 29850000	11
chr17	 32750000	 31900000	17
chr17	 33900000	 35000000	22
chr17	 34050000	 34900000	17
chr17	 36950000	 35950000	20
chr17	 37800000	 40100000	46
chr17	 37900000	 38950000	21
chr17	 38100000	 37700000	8
chr17	 39600000	 40050000	9
chr17	 41150000	 39900000	25
chr17	 41650000	 42400000	15
chr17	 42500000	 44250000	35
chr17	 43850000	 42700000	23
chr17	 44350000	 43000000	27
chr17	 44500000	 43450000	21
chr17	 45200000	 45850000	13
chr17	 46650000	 43800000	57
chr17	 50150000	 48900000	25
chr17	 51050000	 52750000	34
chr17	 53000000	 54450000	29
chr17	 53200000	 53650000	9
chr17	 54250000	 53100000	23
chr17	 54700000	 55300000	12
chr17	 55000000	 54450000	11
chr17	 57700000	 57000000	14
chr17	 58550000	 59450000	18
chr17	 58800000	 58100000	14
chr17	 59100000	 60950000	37
chr17	 59400000	 57350000	41
chr17	 60200000	 60600000	8
chr17	 60350000	 58900000	29
chr17	 61150000	 62250000	22
chr17	 63500000	 61700000	36
chr17	 64950000	 65850000	18
chr17	 67350000	 65050000	46
chr17	 67850000	 68550000	14
chr17	 69000000	 69550000	11
chr17	 70150000	 69250000	18
chr17	 70300000	 69900000	8
chr17	 70850000	 71400000	11
chr17	 74000000	 72250000	35
chr17	 74200000	 72850000	27
chr17	 75850000	 77800000	39
chr17	 77550000	 79000000	29
chr17	 77750000	 77200000	11
chr17	 85800000	 87200000	28
chr17	 92150000	 91000000	23
chr17	 94850000	 94150000	14
chr18	  2550000	  2100000	9
chr18	  4000000	  5950000	39
chr18	  7050000	  6350000	14
chr18	  7250000	  7800000	11
chr18	  7500000	  9850000	47
chr18	  7550000	  9100000	31
chr18	  8250000	  8950000	14
chr18	  8450000	  7600000	17
chr18	 12250000	  9850000	48
chr18	 13300000	 13500000	4
chr18	 16650000	 17250000	12
chr18	 17000000	 18250000	25
chr18	 20000000	 19700000	6
chr18	 20050000	 21450000	28
chr18	 20450000	 19950000	10
chr18	 20500000	 19400000	22
chr18	 23000000	 21250000	35
chr18	 25200000	 24150000	21
chr18	 26550000	 25150000	28
chr18	 26950000	 26700000	5
chr18	 27850000	 26800000	21
chr18	 28500000	 26900000	32
chr18	 28850000	 30950000	42
chr18	 29350000	 29900000	11
chr18	 30250000	 28350000	38
chr18	 30350000	 31150000	16
chr18	 30450000	 29000000	29
chr18	 33800000	 33050000	15
chr18	 36900000	 37800000	18
chr18	 37600000	 38900000	26
chr18	 37800000	 38200000	8
chr18	 41800000	 42350000	11
chr18	 42950000	 43950000	20
chr18	 43500000	 43100000	8
chr18	 47850000	 47550000	6
chr18	 48000000	 46750000	25
chr18	 48250000	 46700000	31
chr18	 48700000	 46600000	42
chr18	 53150000	 54750000	32
chr18	 54050000	 55350000	26
chr18	 54200000	 53100000	22
chr18	 54900000	 54050000	17
chr18	 58600000	 57600000	20
chr18	 60200000	 57750000	49
chr18	 62650000	 61700000	19
chr18	 62850000	 61950000	18
chr18	 66050000	 64750000	26
chr18	 67450000	 67150000	6
chr18	 69700000	 69700000	0
chr18	 70800000	 69500000	26
chr18	 71700000	 72450000	15
chr18	 72350000	 70600000	35
chr18	 77650000	 78950000	26
chr18	 79450000	 78700000	15
chr18	 82050000	 83400000	27
chr18	 82750000	 83300000	11
chr18	 84300000	 83150000	23
chr18	 89050000	 88250000	16
chr19	  3200000	  2500000	14
chr19	  4200000	  3550000	13
chr19	  5200000	  6100000	18
chr19	  7550000	  7100000	9
chr19	 10100000	  9900000	4
chr19	 11650000	 13650000	40
chr19	 12500000	 11550000	19
chr19	 14100000	 13250000	17
chr19	 14200000	 16150000	39
chr19	 14450000	 14200000	5
chr19	 15400000	 13650000	35
chr19	 16150000	 17350000	24
chr19	 19750000	 17500000	45
chr19	 20100000	 19600000	10
chr19	 20650000	 19850000	16
chr19	 21100000	 21500000	8
chr19	 21800000	 22500000	14
chr19	 23250000	 22600000	13
chr19	 23350000	 22300000	21
chr19	 24750000	 27200000	49
chr19	 28500000	 29300000	16
chr19	 28950000	 27200000	35
chr19	 35900000	 36900000	20
chr19	 36350000	 34550000	36
chr19	 36700000	 36150000	11
chr19	 38700000	 37150000	31
chr19	 38900000	 37750000	23
chr19	 39450000	 36200000	65
chr19	 39700000	 38000000	34
chr19	 43200000	 41550000	33
chr19	 43550000	 45650000	42
chr19	 44100000	 45000000	18
chr19	 45650000	 44400000	25
chr19	 46100000	 46800000	14
chr19	 46200000	 43750000	49
chr19	 49100000	 48050000	21
chr19	 49900000	 50900000	20
chr19	 50500000	 49550000	19
chr19	 50600000	 49800000	16
chr19	 50600000	 50050000	11
chr19	 52950000	 51700000	25
chr19	 54800000	 56400000	32
chr19	 55700000	 56150000	9
chr19	 57400000	 58350000	19
chr19	 58350000	 60350000	40
chr19	 59150000	 59550000	8
chr2	  1950000	  3400000	29
chr2	  2250000	  2800000	11
chr2	  2350000	  2350000	0
chr2	  4700000	  3300000	28
chr2	  6200000	  5850000	7
chr2	  6800000	  5100000	34
chr2	  8300000	  7800000	10
chr2	  8450000	  7350000	22
chr2	  8750000	  7500000	25
chr2	  8900000	 10100000	24
chr2	 13900000	 13000000	18
chr2	 16900000	 18000000	22
chr2	 17800000	 19000000	24
chr2	 21750000	 21350000	8
chr2	 22100000	 22300000	4
chr2	 22500000	 24300000	36
chr2	 22550000	 23750000	24
chr2	 23550000	 21700000	37
chr2	 24750000	 25350000	12
chr2	 25300000	 26500000	24
chr2	 26350000	 27550000	24
chr2	 29400000	 28150000	25
chr2	 33250000	 33750000	10
chr2	 39150000	 38350000	16
chr2	 42600000	 42350000	5
chr2	 43200000	 44850000	33
chr2	 44850000	 43800000	21
chr2	 47750000	 48800000	21
chr2	 47850000	 49150000	26
chr2	 48250000	 50000000	35
chr2	 49550000	 48700000	17
chr2	 50350000	 51150000	16
chr2	 50450000	 50800000	7
chr2	 51700000	 51300000	8
chr2	 51800000	 51400000	8
chr2	 52700000	 53700000	20
chr2	 55300000	 54350000	19
chr2	 55550000	 54650000	18
chr2	 56150000	 57550000	28
chr2	 56600000	 58000000	28
chr2	 57150000	 58050000	18
chr2	 57650000	 56600000	21
chr2	 59350000	 58050000	26
chr2	 61000000	 59300000	34
chr2	 67450000	 66750000	14
chr2	 70150000	 72050000	38
chr2	 71300000	 73050000	35
chr2	 71550000	 70300000	25
chr2	 73500000	 72000000	30
chr2	 73850000	 72750000	22
chr2	 73950000	 74900000	19
chr2	 74000000	 72700000	26
chr2	 79650000	 78650000	20
chr2	 81650000	 80350000	26
chr2	 81950000	 81050000	18
chr2	 85750000	 86750000	20
chr2	 85950000	 86850000	18
chr2	 87500000	 88750000	25
chr2	 88100000	 89150000	21
chr2	 88250000	 89200000	19
chr2	 89650000	 87450000	44
chr2	 90900000	 88750000	43
chr2	 91550000	 90600000	19
chr2	 92800000	 94200000	28
chr2	 92850000	 94250000	28
chr2	 92900000	 91700000	24
chr2	 93200000	 92800000	8
chr2	 93250000	 92150000	22
chr2	 95650000	 93600000	41
chr2	 96000000	 97400000	28
chr2	 96700000	 95900000	16
chr2	 99050000	 98550000	10
chr2	 99050000	100500000	29
chr2	101550000	100200000	27
chr2	102300000	103150000	17
chr2	102950000	102400000	11
chr2	104500000	103950000	11
chr2	105550000	104850000	14
chr2	106200000	105350000	17
chr2	106600000	108100000	30
chr2	109900000	110500000	12
chr2	110150000	109550000	12
chr2	110200000	109200000	20
chr2	113300000	112250000	21
chr2	114700000	113500000	24
chr2	114700000	113950000	15
chr2	115050000	115800000	15
chr2	115150000	114200000	19
chr2	115600000	114550000	21
chr2	116300000	117950000	33
chr2	116550000	116800000	5
chr2	117350000	118400000	21
chr2	118850000	120000000	23
chr2	118950000	119550000	12
chr2	120300000	120950000	13
chr2	120700000	119550000	23
chr2	121150000	122450000	26
chr2	121800000	122900000	22
chr2	123950000	123150000	16
chr2	127500000	126200000	26
chr2	127750000	127400000	7
chr2	128350000	126450000	38
chr2	129900000	130800000	18
chr2	130650000	128950000	34
chr2	131250000	128950000	46
chr2	131350000	130650000	14
chr2	131950000	132450000	10
chr2	134950000	133200000	35
chr2	135450000	133000000	49
chr2	140800000	139350000	29
chr2	141400000	141900000	10
chr2	143100000	144000000	18
chr2	144000000	145200000	24
chr2	145350000	146200000	17
chr2	147650000	146400000	25
chr2	148400000	145000000	68
chr2	148400000	150150000	35
chr2	148800000	147850000	19
chr2	149350000	150500000	23
chr2	149850000	148950000	18
chr2	150050000	151050000	20
chr2	150450000	149500000	19
chr2	155300000	153700000	32
chr2	156000000	154600000	28
chr2	158450000	157000000	29
chr2	158600000	158300000	6
chr2	159250000	158450000	16
chr2	159650000	161150000	30
chr2	164900000	165600000	14
chr2	165300000	166350000	21
chr2	165750000	166150000	8
chr2	167300000	165900000	28
chr2	168000000	166800000	24
chr2	168700000	166650000	41
chr2	172100000	173050000	19
chr2	173650000	175150000	30
chr2	174200000	172600000	32
chr2	178100000	178800000	14
chr2	179400000	180000000	12
chr2	179500000	181150000	33
chr2	180250000	180900000	13
chr2	181950000	181950000	0
chr3	        0	   450000	9
chr3	        0	  1050000	21
chr3	  2250000	  1800000	9
chr3	  2400000	  3750000	27
chr3	  5000000	  6000000	20
chr3	  8000000	  9050000	21
chr3	 11750000	 12950000	24
chr3	 12300000	 11400000	18
chr3	 15100000	 14050000	21
chr3	 15750000	 12650000	62
chr3	 16900000	 17700000	16
chr3	 16900000	 18650000	35
chr3	 17450000	 16800000	13
chr3	 18800000	 19500000	14
chr3	 19050000	 20950000	38
chr3	 19400000	 16400000	60
chr3	 21550000	 21750000	4
chr3	 21550000	 22150000	12
chr3	 22400000	 22750000	7
chr3	 23500000	 24350000	17
chr3	 26200000	 28200000	40
chr3	 28750000	 28100000	13
chr3	 29650000	 29150000	10
chr3	 31250000	 28500000	55
chr3	 32550000	 30550000	40
chr3	 33000000	 34000000	20
chr3	 34150000	 32900000	25
chr3	 34350000	 33350000	20
chr3	 35050000	 35850000	16
chr3	 36300000	 36850000	11
chr3	 37450000	 35350000	42
chr3	 37600000	 38400000	16
chr3	 38950000	 38550000	8
chr3	 40900000	 42200000	26
chr3	 42400000	 40800000	32
chr3	 42850000	 41300000	31
chr3	 44450000	 46950000	50
chr3	 47350000	 46300000	21
chr3	 48100000	 49950000	37
chr3	 50600000	 49700000	18
chr3	 54750000	 53000000	35
chr3	 55000000	 55850000	17
chr3	 55650000	 54550000	22
chr3	 61350000	 62750000	28
chr3	 63000000	 63700000	14
chr3	 65150000	 64100000	21
chr3	 65150000	 65900000	15
chr3	 66650000	 68150000	30
chr3	 66850000	 67900000	21
chr3	 66950000	 65500000	29
chr3	 67000000	 68500000	30
chr3	 69800000	 71850000	41
chr3	 72450000	 69200000	65
chr3	 73050000	 72200000	17
chr3	 75050000	 76150000	22
chr3	 76550000	 75450000	22
chr3	 77350000	 76750000	12
chr3	 78450000	 80450000	40
chr3	 79050000	 77550000	30
chr3	 80000000	 79200000	16
chr3	 80950000	 81650000	14
chr3	 82450000	 80650000	36
chr3	 83000000	 83600000	12
chr3	 83150000	 84300000	23
chr3	 84300000	 85850000	31
chr3	 85900000	 85000000	18
chr3	 86550000	 85400000	23
chr3	 87200000	 88850000	33
chr3	 89350000	 87800000	31
chr3	 89900000	 91350000	29
chr3	 91400000	 90350000	21
chr3	 91650000	 91100000	11
chr3	 92050000	 90250000	36
chr3	 96150000	 95150000	20
chr3	 96450000	 95300000	23
chr3	 97500000	 98400000	18
chr3	100850000	101500000	13
chr3	102200000	104150000	39
chr3	103800000	103100000	14
chr3	106350000	107750000	28
chr3	109200000	108250000	19
chr3	113150000	112300000	17
chr3	113300000	111750000	31
chr3	114300000	115600000	26
chr3	115150000	115900000	15
chr3	116950000	115800000	23
chr3	117150000	115400000	35
chr3	117500000	119400000	38
chr3	118950000	120600000	33
chr3	119150000	120300000	23
chr3	119600000	120150000	11
chr3	120100000	120900000	16
chr3	120500000	121450000	19
chr3	120700000	119800000	18
chr3	120950000	120450000	10
chr3	121650000	126300000	93
chr3	124750000	122950000	36
chr3	124750000	124150000	12
chr3	126450000	126900000	9
chr3	133400000	131950000	29
chr3	134000000	133450000	11
chr3	135350000	134650000	14
chr3	137350000	139050000	34
chr3	138500000	140300000	36
chr3	138650000	139250000	12
chr3	140300000	138300000	40
chr3	140550000	139300000	25
chr3	143000000	144200000	24
chr3	146300000	147800000	30
chr3	148550000	146700000	37
chr3	150250000	149300000	19
chr3	151050000	151950000	18
chr3	151150000	149500000	33
chr3	151200000	152150000	19
chr3	151750000	154550000	56
chr3	152300000	153000000	14
chr3	153250000	151850000	28
chr3	154150000	157300000	63
chr3	155550000	156350000	16
chr3	155950000	155200000	15
chr3	156600000	159450000	57
chr3	157250000	158200000	19
chr4	  3100000	  1700000	28
chr4	  4300000	  6300000	40
chr4	  5650000	  5500000	3
chr4	  9150000	  9950000	16
chr4	 11000000	 11350000	7
chr4	 11100000	  9550000	31
chr4	 12050000	 10800000	25
chr4	 13100000	 13850000	15
chr4	 15900000	 15100000	16
chr4	 16100000	 18250000	43
chr4	 16500000	 17100000	12
chr4	 18650000	 17400000	25
chr4	 19450000	 18450000	20
chr4	 19650000	 19400000	5
chr4	 29050000	 27500000	31
chr4	 30900000	 32450000	31
chr4	 32200000	 33000000	16
chr4	 34500000	 35000000	10
chr4	 35750000	 35750000	0
chr4	 38500000	 37050000	29
chr4	 40950000	 41600000	13
chr4	 42200000	 40900000	26
chr4	 42550000	 41550000	20
chr4	 42600000	 41950000	13
chr4	 43550000	 42950000	12
chr4	 43550000	 44250000	14
chr4	 44000000	 43100000	18
chr4	 44150000	 43650000	10
chr4	 44550000	 42900000	33
chr4	 48300000	 48050000	5
chr4	 48750000	 48050000	14
chr4	 49850000	 49000000	17
chr4	 50750000	 52150000	28
chr4	 51000000	 52700000	34
chr4	 51300000	 51650000	7
chr4	 53100000	 52250000	17
chr4	 53800000	 52950000	17
chr4	 58200000	 59350000	23
chr4	 58500000	 57800000	14
chr4	 59850000	 59050000	16
chr4	 65300000	 66450000	23
chr4	 67500000	 66000000	30
chr4	 69450000	 70100000	13
chr4	 69550000	 71450000	38
chr4	 69800000	 66650000	63
chr4	 69800000	 70900000	22
chr4	 69950000	 69150000	16
chr4	 70400000	 69850000	11
chr4	 72050000	 72550000	10
chr4	 72150000	 72600000	9
chr4	 72200000	 71100000	22
chr4	 73650000	 72500000	23
chr4	 77800000	 82650000	97
chr4	 78050000	 80900000	57
chr4	 78650000	 80550000	38
chr4	 79200000	 80450000	25
chr4	 81450000	 80450000	20
chr4	 83400000	 84100000	14
chr4	 83750000	 84550000	16
chr4	 84100000	 84500000	8
chr4	 84550000	 85750000	24
chr4	 90000000	 90500000	10
chr4	 90600000	 92550000	39
chr4	 91150000	 92500000	27
chr4	 93050000	 92100000	19
chr4	 94050000	 95200000	23
chr4	 94950000	 95750000	16
chr4	 95200000	 94850000	7
chr4	 95400000	 96300000	18
chr4	 96350000	 98200000	37
chr4	 97550000	 96800000	15
chr4	 99700000	100500000	16
chr4	100250000	 99550000	14
chr4	101900000	101500000	8
chr4	101950000	102650000	14
chr4	107250000	106550000	14
chr4	107600000	107000000	12
chr4	107800000	109700000	38
chr4	108800000	109700000	18
chr4	109250000	108300000	19
chr4	109600000	108450000	23
chr4	110550000	109100000	29
chr4	111000000	109600000	28
chr4	112100000	110800000	26
chr4	113050000	113800000	15
chr4	114500000	115150000	13
chr4	114850000	113650000	24
chr4	115800000	115200000	12
chr4	116050000	114350000	34
chr4	117100000	118100000	20
chr4	117250000	116400000	17
chr4	118500000	115050000	69
chr4	120700000	121200000	10
chr4	126350000	127750000	28
chr4	127250000	126100000	23
chr4	128050000	126550000	30
chr4	128400000	128900000	10
chr4	128550000	129050000	10
chr4	128550000	130700000	43
chr4	130050000	131400000	27
chr4	130200000	129550000	13
chr4	130400000	132900000	50
chr4	133100000	132700000	8
chr4	133850000	133250000	12
chr4	136700000	137750000	21
chr4	138400000	140200000	36
chr4	140050000	141500000	29
chr4	142750000	141600000	23
chr4	144200000	144900000	14
chr4	144250000	144900000	13
chr4	144700000	145050000	7
chr4	144850000	143950000	18
chr4	146100000	144800000	26
chr4	149100000	150400000	26
chr4	149350000	150750000	28
chr4	154650000	153750000	18
chr4	154650000	154250000	8
chr4	155400000	154550000	17
chr4	155900000	152250000	73
chr5	  2600000	  3450000	17
chr5	  3050000	  4200000	23
chr5	  3100000	  4250000	23
chr5	  4250000	  3700000	11
chr5	  4600000	  5900000	26
chr5	  6300000	  6850000	11
chr5	  6500000	  7300000	16
chr5	  6750000	  8450000	34
chr5	  7200000	  5200000	40
chr5	  8200000	  7500000	14
chr5	  9450000	  8400000	21
chr5	 10450000	 11600000	23
chr5	 10800000	 11800000	20
chr5	 11700000	 13200000	30
chr5	 12150000	 10500000	33
chr5	 12250000	 11950000	6
chr5	 12650000	 13750000	22
chr5	 13950000	 15600000	33
chr5	 16500000	 15100000	28
chr5	 16700000	 17850000	23
chr5	 17600000	 17300000	6
chr5	 19550000	 21250000	34
chr5	 20650000	 19800000	17
chr5	 21900000	 23100000	24
chr5	 22200000	 20850000	27
chr5	 22350000	 21700000	13
chr5	 23050000	 24550000	30
chr5	 23350000	 23600000	5
chr5	 23650000	 24400000	15
chr5	 23700000	 25100000	28
chr5	 24350000	 22900000	29
chr5	 25550000	 21750000	76
chr5	 25550000	 24550000	20
chr5	 25900000	 26500000	12
chr5	 26600000	 27400000	16
chr5	 27950000	 29000000	21
chr5	 29900000	 29200000	14
chr5	 30950000	 28100000	57
chr5	 31350000	 29300000	41
chr5	 32350000	 33350000	20
chr5	 32400000	 33050000	13
chr5	 35250000	 35950000	14
chr5	 37500000	 38450000	19
chr5	 39300000	 37250000	41
chr5	 39900000	 38500000	28
chr5	 41150000	 40100000	21
chr5	 51150000	 49800000	27
chr5	 51500000	 52350000	17
chr5	 51550000	 51050000	10
chr5	 54950000	 52350000	52
chr5	 55500000	 56350000	17
chr5	 56300000	 59850000	71
chr5	 56800000	 57800000	20
chr5	 59150000	 60950000	36
chr5	 59700000	 60150000	9
chr5	 60050000	 61100000	21
chr5	 61400000	 60800000	12
chr5	 61600000	 62200000	12
chr5	 63050000	 62200000	17
chr5	 65400000	 64100000	26
chr5	 66400000	 65950000	9
chr5	 66850000	 67750000	18
chr5	 67400000	 67000000	8
chr5	 67400000	 68450000	21
chr5	 70000000	 71400000	28
chr5	 70150000	 68850000	26
chr5	 70250000	 71050000	16
chr5	 72600000	 71900000	14
chr5	 73250000	 72250000	20
chr5	 75400000	 74100000	26
chr5	 79150000	 81200000	41
chr5	 80700000	 82400000	34
chr5	 82550000	 80350000	44
chr5	 83150000	 82750000	8
chr5	 83850000	 85300000	29
chr5	 84550000	 85100000	11
chr5	 85000000	 83450000	31
chr5	 88200000	 91300000	62
chr5	 89800000	 90150000	7
chr5	 90850000	 89550000	26
chr5	 92750000	 96250000	70
chr5	 93650000	 94200000	11
chr5	 93750000	 94550000	16
chr5	 94800000	 95550000	15
chr5	 95450000	 94250000	24
chr5	 99200000	 97950000	25
chr5	100100000	102200000	42
chr5	101050000	 99700000	27
chr5	102500000	104300000	36
chr5	103150000	104000000	17
chr5	104950000	104200000	15
chr5	106300000	104300000	40
chr5	106900000	108000000	22
chr5	110300000	109400000	18
chr5	111350000	110150000	24
chr5	113100000	112650000	9
chr5	115400000	116100000	14
chr5	116650000	114250000	48
chr5	116900000	116250000	13
chr5	117600000	120350000	55
chr5	118200000	119950000	35
chr5	118750000	119200000	9
chr5	120500000	119500000	20
chr5	120750000	121200000	9
chr5	123550000	122450000	22
chr5	125100000	124350000	15
chr5	127650000	126050000	32
chr5	127750000	128300000	11
chr5	128100000	132650000	91
chr5	130650000	132450000	36
chr5	130950000	132100000	23
chr5	136100000	135450000	13
chr5	137950000	135950000	40
chr5	139900000	139350000	11
chr5	144450000	143450000	20
chr5	146300000	147900000	32
chr5	147450000	146700000	15
chr5	148400000	147750000	13
chr5	151700000	148400000	66
chr6	   750000	    50000	14
chr6	  2350000	  2850000	10
chr6	  4500000	  6550000	41
chr6	  7550000	  6050000	30
chr6	  7550000	  6900000	13
chr6	  9000000	 10150000	23
chr6	 14000000	 15000000	20
chr6	 15100000	 13950000	23
chr6	 17950000	 17350000	12
chr6	 18200000	 19200000	20
chr6	 20100000	 21050000	19
chr6	 24300000	 22650000	33
chr6	 24850000	 26050000	24
chr6	 26050000	 27250000	24
chr6	 26450000	 25650000	16
chr6	 30200000	 29400000	16
chr6	 30950000	 29400000	31
chr6	 31300000	 32100000	16
chr6	 32200000	 31400000	16
chr6	 37000000	 38350000	27
chr6	 38850000	 36900000	39
chr6	 39350000	 38300000	21
chr6	 40500000	 40800000	6
chr6	 41500000	 42150000	13
chr6	 41500000	 44500000	60
chr6	 44400000	 43650000	15
chr6	 44650000	 44100000	11
chr6	 46300000	 44650000	33
chr6	 46500000	 44150000	47
chr6	 47600000	 46800000	16
chr6	 47650000	 46800000	17
chr6	 49300000	 50450000	23
chr6	 49800000	 50950000	23
chr6	 50050000	 51250000	24
chr6	 50500000	 51000000	10
chr6	 51000000	 47600000	68
chr6	 51550000	 52500000	19
chr6	 51650000	 51000000	13
chr6	 52050000	 53150000	22
chr6	 52450000	 51950000	10
chr6	 52850000	 54650000	36
chr6	 52900000	 53600000	14
chr6	 54200000	 52600000	32
chr6	 55900000	 53400000	50
chr6	 56200000	 56950000	15
chr6	 58800000	 57700000	22
chr6	 59250000	 60200000	19
chr6	 59900000	 61150000	25
chr6	 61000000	 61850000	17
chr6	 63250000	 62600000	13
chr6	 63500000	 64400000	18
chr6	 64750000	 63750000	20
chr6	 65350000	 63800000	31
chr6	 65600000	 64950000	13
chr6	 65850000	 66450000	12
chr6	 67450000	 66350000	22
chr6	 67900000	 69500000	32
chr6	 69000000	 68350000	13
chr6	 69650000	 68550000	22
chr6	 71350000	 70150000	24
chr6	 73200000	 71750000	29
chr6	 76250000	 76700000	9
chr6	 76700000	 75350000	27
chr6	 76950000	 77250000	6
chr6	 78000000	 78500000	10
chr6	 80450000	 79950000	10
chr6	 81000000	 81700000	14
chr6	 85700000	 86700000	20
chr6	 86150000	 85400000	15
chr6	 86750000	 88250000	30
chr6	 88300000	 89450000	23
chr6	 89250000	 88300000	19
chr6	 92550000	 91400000	23
chr6	 93400000	 92200000	24
chr6	 93600000	 91800000	36
chr6	 97850000	 97150000	14
chr6	 99850000	 99000000	17
chr6	101350000	103500000	43
chr6	102000000	101550000	9
chr6	105900000	107400000	30
chr6	106800000	102850000	79
chr6	108300000	108750000	9
chr6	108600000	107950000	13
chr6	111300000	112500000	24
chr6	112600000	114450000	37
chr6	113800000	116250000	49
chr6	115050000	114550000	10
chr6	117000000	118650000	33
chr6	118050000	118900000	17
chr6	118150000	118700000	11
chr6	121050000	121400000	7
chr6	121150000	119900000	25
chr6	123150000	125200000	41
chr6	123350000	120850000	50
chr6	123450000	124200000	15
chr6	127100000	126500000	12
chr6	128050000	127150000	18
chr6	131200000	131700000	10
chr6	132350000	133250000	18
chr6	132400000	130750000	33
chr6	133750000	134400000	13
chr6	134650000	133550000	22
chr6	137100000	136550000	11
chr6	137350000	138800000	29
chr6	137950000	139000000	21
chr6	138350000	139150000	16
chr6	138700000	139350000	13
chr6	138900000	137350000	31
chr6	138950000	138200000	15
chr6	139400000	139800000	8
chr6	139750000	137050000	54
chr6	139950000	138250000	34
chr6	141050000	140300000	15
chr6	142400000	141400000	20
chr6	145200000	144600000	12
chr6	146550000	148550000	40
chr6	146600000	144050000	51
chr6	146750000	147700000	19
chr6	147450000	145500000	39
chr6	149400000	148500000	18
chr7	  1200000	  2700000	30
chr7	  2000000	  2900000	18
chr7	  2750000	  3600000	17
chr7	  3050000	  3550000	10
chr7	  3500000	  2200000	26
chr7	  3700000	  4500000	16
chr7	  5900000	  6650000	15
chr7	  6450000	  5600000	17
chr7	 10300000	  9750000	11
chr7	 13750000	 14350000	12
chr7	 13800000	 11500000	46
chr7	 14500000	 15700000	24
chr7	 14600000	 15950000	27
chr7	 16050000	 15700000	7
chr7	 16850000	 17600000	15
chr7	 20600000	 20200000	8
chr7	 24050000	 25150000	22
chr7	 24550000	 23850000	14
chr7	 24900000	 23000000	38
chr7	 25250000	 24400000	17
chr7	 25650000	 26700000	21
chr7	 28300000	 29600000	26
chr7	 35500000	 34100000	28
chr7	 35550000	 35900000	7
chr7	 36200000	 36550000	7
chr7	 40250000	 41450000	24
chr7	 41600000	 40600000	20
chr7	 41750000	 42800000	21
chr7	 42100000	 41500000	12
chr7	 43050000	 44250000	24
chr7	 43850000	 42700000	23
chr7	 47600000	 46550000	21
chr7	 47850000	 47850000	0
chr7	 47950000	 46950000	20
chr7	 49550000	 50800000	25
chr7	 50450000	 49500000	19
chr7	 52700000	 52000000	14
chr7	 55950000	 57400000	29
chr7	 58900000	 59500000	12
chr7	 59500000	 58900000	12
chr7	 59950000	 61050000	22
chr7	 60800000	 59850000	19
chr7	 61700000	 60900000	16
chr7	 64650000	 63950000	14
chr7	 65800000	 64650000	23
chr7	 66650000	 66300000	7
chr7	 67400000	 66350000	21
chr7	 68350000	 70200000	37
chr7	 68950000	 68050000	18
chr7	 69850000	 68450000	28
chr7	 70700000	 71400000	14
chr7	 71800000	 71350000	9
chr7	 73450000	 75200000	35
chr7	 75150000	 77500000	47
chr7	 76150000	 75650000	10
chr7	 76150000	 75800000	7
chr7	 76600000	 75700000	18
chr7	 77750000	 76200000	31
chr7	 82200000	 83900000	34
chr7	 83750000	 84450000	14
chr7	 84550000	 85350000	16
chr7	 84550000	 85400000	17
chr7	 85350000	 84250000	22
chr7	 85750000	 87500000	35
chr7	 87000000	 85200000	36
chr7	 89400000	 90800000	28
chr7	 91050000	 92300000	25
chr7	 94250000	 95600000	27
chr7	 94500000	 92450000	41
chr7	 95000000	 94450000	11
chr7	 95150000	 95450000	6
chr7	 96250000	 95300000	19
chr7	 96750000	 94150000	52
chr7	 98050000	 96500000	31
chr7	 98650000	 99450000	16
chr7	101650000	103950000	46
chr7	102100000	103450000	27
chr7	102550000	103400000	17
chr7	102650000	101350000	26
chr7	103800000	102400000	28
chr7	104250000	106500000	45
chr7	106250000	105450000	16
chr7	107400000	106450000	19
chr7	109900000	110650000	15
chr7	111950000	110600000	27
chr7	115850000	114350000	30
chr7	117050000	116100000	19
chr7	119150000	118050000	22
chr7	119350000	119950000	12
chr7	124500000	123150000	27
chr7	125150000	125600000	9
chr7	131250000	130450000	16
chr7	131300000	132400000	22
chr7	131950000	131300000	13
chr7	133100000	130850000	45
chr7	133750000	132800000	19
chr7	136950000	137750000	16
chr7	138150000	141750000	72
chr7	138650000	136200000	49
chr7	139950000	138050000	38
chr7	142800000	142350000	9
chr7	143800000	144100000	6
chr8	   500000	  1250000	15
chr8	  1100000	  3300000	44
chr8	  1950000	  3550000	32
chr8	  2300000	  3700000	28
chr8	  3750000	  2900000	17
chr8	  4050000	  4800000	15
chr8	  6900000	  5750000	23
chr8	  7900000	  8500000	12
chr8	 10450000	  8600000	37
chr8	 10500000	 10300000	4
chr8	 12300000	 13000000	14
chr8	 14150000	 11650000	50
chr8	 14800000	 14000000	16
chr8	 15750000	 16550000	16
chr8	 16650000	 15150000	30
chr8	 17100000	 15400000	34
chr8	 17150000	 19300000	43
chr8	 20750000	 21550000	16
chr8	 21150000	 22900000	35
chr8	 21800000	 20750000	21
chr8	 22550000	 23250000	14
chr8	 22650000	 23600000	19
chr8	 23150000	 25150000	40
chr8	 24600000	 24350000	5
chr8	 24600000	 25450000	17
chr8	 26650000	 24750000	38
chr8	 28300000	 26500000	36
chr8	 28900000	 27350000	31
chr8	 30100000	 29650000	9
chr8	 31900000	 30050000	37
chr8	 33450000	 35800000	47
chr8	 36150000	 37350000	24
chr8	 37800000	 40550000	55
chr8	 40450000	 41500000	21
chr8	 41200000	 40400000	16
chr8	 42250000	 45200000	59
chr8	 42300000	 44200000	38
chr8	 43200000	 42400000	16
chr8	 43700000	 45850000	43
chr8	 43900000	 46200000	46
chr8	 44500000	 44300000	4
chr8	 46900000	 50400000	70
chr8	 46950000	 47650000	14
chr8	 47300000	 49300000	40
chr8	 48050000	 46300000	35
chr8	 49050000	 50050000	20
chr8	 49200000	 47050000	43
chr8	 51050000	 52150000	22
chr8	 52700000	 53250000	11
chr8	 52800000	 51550000	25
chr8	 53000000	 55750000	55
chr8	 54250000	 54900000	13
chr8	 55850000	 57000000	23
chr8	 56800000	 58900000	42
chr8	 57350000	 61050000	74
chr8	 58750000	 56100000	53
chr8	 59800000	 61050000	25
chr8	 62000000	 61250000	15
chr8	 63450000	 61600000	37
chr8	 67200000	 65750000	29
chr8	 68350000	 67400000	19
chr8	 69500000	 69150000	7
chr8	 70850000	 68800000	41
chr8	 71700000	 72400000	14
chr8	 77700000	 77100000	12
chr8	 80800000	 80050000	15
chr8	 81650000	 81200000	9
chr8	 81800000	 82500000	14
chr8	 82700000	 81500000	24
chr8	 83650000	 82200000	29
chr8	 84350000	 82950000	28
chr8	 85850000	 87050000	24
chr8	 86500000	 84500000	40
chr8	 86850000	 87550000	14
chr8	 88100000	 87100000	20
chr8	 92150000	 91400000	15
chr8	 92900000	 92050000	17
chr8	 93350000	 92850000	10
chr8	 93750000	 94700000	19
chr8	 95200000	 96400000	24
chr8	 95550000	 96500000	19
chr8	 96200000	 97100000	18
chr8	 97100000	 98000000	18
chr8	 97600000	 96950000	13
chr8	 98200000	 97100000	22
chr8	 99150000	 99700000	11
chr8	101150000	101400000	5
chr8	102450000	104650000	44
chr8	102550000	102450000	2
chr8	103450000	101750000	34
chr8	103650000	104500000	17
chr8	105000000	102450000	51
chr8	105500000	103650000	37
chr8	105850000	106200000	7
chr8	106150000	108750000	52
chr8	108400000	107400000	20
chr8	108950000	109250000	6
chr8	113200000	111700000	30
chr8	113700000	114150000	9
chr8	115300000	113700000	32
chr8	116050000	113800000	45
chr8	116950000	118350000	28
chr8	118800000	117600000	24
chr8	119050000	120150000	22
chr8	119400000	117650000	35
chr8	119650000	119350000	6
chr8	119800000	119400000	8
chr8	121400000	122250000	17
chr8	121750000	124950000	64
chr8	122900000	120850000	41
chr8	123200000	124100000	18
chr8	125350000	123550000	36
chr8	125950000	124500000	29
chr8	126550000	126050000	10
chr8	126950000	126050000	18
chr8	127600000	127250000	7
chr8	128800000	127050000	35
chr8	128800000	127100000	34
chr8	129050000	127900000	23
chr9	   100000	  1150000	21
chr9	   500000	  1250000	15
chr9	  2750000	  4500000	35
chr9	  3250000	  7850000	92
chr9	  5950000	  7200000	25
chr9	  6250000	  7550000	26
chr9	  6950000	  8150000	24
chr9	  9100000	  9750000	13
chr9	 10600000	 11900000	26
chr9	 14150000	 12800000	27
chr9	 14350000	 15600000	25
chr9	 14600000	 15900000	26
chr9	 17000000	 17550000	11
chr9	 17600000	 17200000	8
chr9	 17750000	 18750000	20
chr9	 19800000	 19350000	9
chr9	 20150000	 20850000	14
chr9	 22250000	 22950000	14
chr9	 23350000	 22300000	21
chr9	 24950000	 26500000	31
chr9	 30250000	 31550000	26
chr9	 32400000	 32150000	5
chr9	 32450000	 32950000	10
chr9	 34400000	 34750000	7
chr9	 35400000	 34150000	25
chr9	 37900000	 37700000	4
chr9	 40350000	 39550000	16
chr9	 42000000	 40900000	22
chr9	 43450000	 44350000	18
chr9	 44200000	 44800000	12
chr9	 44800000	 47100000	46
chr9	 45050000	 45550000	10
chr9	 45900000	 46650000	15
chr9	 47700000	 48550000	17
chr9	 48100000	 48750000	13
chr9	 51050000	 49400000	33
chr9	 52350000	 52950000	12
chr9	 53850000	 54850000	20
chr9	 53950000	 57000000	61
chr9	 55200000	 54350000	17
chr9	 55400000	 54050000	27
chr9	 56500000	 55900000	12
chr9	 59950000	 61000000	21
chr9	 62050000	 63550000	30
chr9	 62550000	 63600000	21
chr9	 62800000	 62150000	13
chr9	 64800000	 63450000	27
chr9	 65000000	 65950000	19
chr9	 65250000	 64050000	24
chr9	 67000000	 65550000	29
chr9	 68300000	 69800000	30
chr9	 68450000	 67950000	10
chr9	 69450000	 70450000	20
chr9	 72650000	 72000000	13
chr9	 73900000	 72750000	23
chr9	 75800000	 74700000	22
chr9	 76150000	 74700000	29
chr9	 78950000	 78100000	17
chr9	 80200000	 80950000	15
chr9	 82650000	 80400000	45
chr9	 83050000	 84850000	36
chr9	 85700000	 87900000	44
chr9	 86150000	 85050000	22
chr9	 87000000	 85650000	27
chr9	 87600000	 87600000	0
chr9	 87600000	 88850000	25
chr9	 88050000	 86900000	23
chr9	 88250000	 88650000	8
chr9	 89150000	 87400000	35
chr9	 91600000	 90350000	25
chr9	 91750000	 92500000	15
chr9	 91950000	 91950000	0
chr9	 93000000	 93900000	18
chr9	 93450000	 92550000	18
chr9	 94650000	 93250000	28
chr9	 95800000	 96650000	17
chr9	 95900000	 96700000	16
chr9	101300000	100450000	17
chr9	101800000	100300000	30
chr9	103050000	102500000	11
chr9	103450000	104850000	28
chr9	105950000	106950000	20
chr9	109350000	107450000	38
chr9	113450000	115450000	40
chr9	114000000	113100000	18
chr9	114500000	114100000	8
chr9	117300000	117900000	12
chr9	118800000	120150000	27
chr9	119800000	120400000	12
chr9	120350000	120750000	8
chr9	123400000	123800000	8
chrX	   850000	  1750000	18
chrX	  1650000	  2050000	8
chrX	  1650000	  2550000	18
chrX	  2050000	  4050000	40
chrX	  2100000	  1300000	16
chrX	  2900000	  1650000	25
chrX	  5150000	  4200000	19
chrX	  7650000	  6350000	26
chrX	 11000000	  9900000	22
chrX	 11400000	 10450000	19
chrX	 12450000	 11350000	22
chrX	 12550000	 13200000	13
chrX	 12600000	 11950000	13
chrX	 17500000	 16950000	11
chrX	 18250000	 17400000	17
chrX	 18950000	 18150000	16
chrX	 21000000	 21650000	13
chrX	 23100000	 21650000	29
chrX	 24300000	 25300000	20
chrX	 24650000	 24150000	10
chrX	 25250000	 26300000	21
chrX	 25600000	 26950000	27
chrX	 26450000	 26200000	5
chrX	 26700000	 25200000	30
chrX	 27300000	 25850000	29
chrX	 31950000	 31250000	14
chrX	 32000000	 31100000	18
chrX	 33050000	 32200000	17
chrX	 33150000	 31650000	30
chrX	 33650000	 34450000	16
chrX	 36600000	 33400000	64
chrX	 37100000	 38800000	34
chrX	 37300000	 37300000	0
chrX	 42300000	 41900000	8
chrX	 42600000	 43000000	8
chrX	 42850000	 42350000	10
chrX	 44800000	 44000000	16
chrX	 47350000	 46450000	18
chrX	 49900000	 48200000	34
chrX	 50550000	 49550000	20
chrX	 51350000	 50650000	14
chrX	 54150000	 51950000	44
chrX	 55050000	 56200000	23
chrX	 57800000	 57200000	12
chrX	 59150000	 58500000	13
chrX	 61100000	 60050000	21
chrX	 62300000	 61800000	10
chrX	 67700000	 68250000	11
chrX	 68650000	 72550000	78
chrX	 69000000	 71800000	56
chrX	 70700000	 68900000	36
chrX	 70750000	 71250000	10
chrX	 71200000	 72150000	19
chrX	 73400000	 74550000	23
chrX	 75000000	 72400000	52
chrX	 75350000	 76050000	14
chrX	 75950000	 77900000	39
chrX	 76100000	 75000000	22
chrX	 76100000	 75200000	18
chrX	 78450000	 81100000	53
chrX	 79700000	 81450000	35
chrX	 79750000	 82000000	45
chrX	 80700000	 79500000	24
chrX	 80900000	 82150000	25
chrX	 81650000	 80600000	21
chrX	 82900000	 80950000	39
chrX	 84100000	 85150000	21
chrX	 89100000	 87900000	24
chrX	 89200000	 88100000	22
chrX	 93200000	 90700000	50
chrX	 93450000	 95050000	32
chrX	 93550000	 92450000	22
chrX	 93950000	 94450000	10
chrX	 96200000	 95750000	9
chrX	 97700000	 96100000	32
chrX	 98050000	 95900000	43
chrX	 98750000	 98050000	14
chrX	 99900000	 98800000	22
chrX	100950000	102550000	32
chrX	102600000	103350000	15
chrX	103350000	101500000	37
chrX	103450000	103050000	8
chrX	103650000	101350000	46
chrX	103950000	103200000	15
chrX	105150000	106150000	20
chrX	107400000	103850000	71
chrX	107400000	106550000	17
chrX	113300000	114650000	27
chrX	114450000	115700000	25
chrX	114600000	116050000	29
chrX	117900000	119250000	27
chrX	118250000	117450000	16
chrX	118800000	120800000	40
chrX	119950000	121000000	21
chrX	120650000	119200000	29
chrX	123600000	124250000	13
chrX	124100000	124850000	15
chrX	127300000	126000000	26
chrX	128700000	126100000	52
chrX	129050000	130250000	24
chrX	131800000	133500000	34
chrX	131900000	130250000	33
chrX	132800000	131350000	29
chrX	139000000	139650000	13
chrX	139450000	140000000	11
chrX	140050000	139000000	21
chrX	140750000	140250000	10
chrX	140800000	140300000	10
chrX	142150000	142750000	12
chrX	142400000	143450000	21
chrX	142550000	143850000	26
chrX	143450000	142200000	25
chrX	144150000	142850000	26
chrX	145850000	147250000	28
chrX	146300000	147450000	23
chrX	147050000	145600000	29
chrX	147750000	145950000	36
chrX	148000000	148900000	18
chrX	148150000	148900000	15
chrX	148300000	150350000	41
chrX	148500000	149150000	13
chrX	149000000	147750000	25
chrX	150300000	149400000	18
chrX	152650000	151600000	21
chrX	153450000	150550000	58
chrX	154700000	153500000	24
chrX	155100000	154150000	19
chrX	158350000	155400000	59
chrX	159000000	159600000	12
chrX	159100000	158200000	18
chrX	160900000	157850000	61
chrX	161050000	162150000	22
chrX	161550000	161000000	11
chrX	161950000	160550000	28
chrX	162200000	160100000	42
chrX	162850000	164350000	30
chrX	164900000	165350000	9
chrX	165150000	164450000	14
chrX	167250000	168150000	18
chrX	167300000	166350000	19
chrX	167850000	169000000	23
chrY	  1850000	  2400000	11
chrY	  2100000	  1250000	17
chrY	  2250000	  3000000	15
chrY	  3350000	  1750000	32
chrY	  3950000	  4300000	7
chrY	  5450000	  6500000	21
chrY	  9350000	  9800000	9
chrY	  9850000	  9200000	13
chrY	 10450000	  9400000	21
chrY	 11450000	 12450000	20
chrY	 13250000	 12700000	11
chrY	 14350000	 13650000	14
chrY	 16950000	 18000000	21
chrY	 18550000	 20000000	29
chrY	 18800000	 17500000	26
chrY	 19800000	 21500000	34
chrY	 20550000	 18700000	37
chrY	 20900000	 22300000	28
chrY	 21700000	 21100000	12
chrY	 22100000	 21700000	8
chrY	 24350000	 25100000	15
chrY	 24400000	 24050000	7
chrY	 25550000	 27250000	34
chrY	 27950000	 28500000	11
chrY	 29150000	 26400000	55
chrY	 29350000	 29100000	5
chrY	 29800000	 29050000	15
chrY	 30600000	 31250000	13
chrY	 32600000	 31850000	15
chrY	 32800000	 32100000	14
chrY	 33150000	 32250000	18
chrY	 33600000	 35500000	38
chrY	 35050000	 32850000	44
chrY	 35700000	 37100000	28
chrY	 36650000	 36300000	7
chrY	 38000000	 37200000	16
chrY	 41950000	 39000000	59
chrY	 42000000	 39100000	58
chrY	 42000000	 41100000	18
chrY	 43200000	 42450000	15
chrY	 45600000	 47850000	45
chrY	 51750000	 52500000	15
chrY	 52550000	 53950000	28
chrY	 53850000	 51650000	44
chrY	 54050000	 50300000	75
chrY	 56800000	 55450000	27
chrY	 59800000	 61600000	36
chrY	 60800000	 59900000	18
chrY	 60950000	 58750000	44
chrY	 61600000	 62850000	25
chrY	 62750000	 64800000	41
chrY	 63150000	 64450000	26
chrY	 65400000	 64850000	11
chrY	 68150000	 68850000	14
chrY	 68650000	 69550000	18
chrY	 68900000	 69900000	20
chrY	 69200000	 68100000	22
chrY	 69900000	 70600000	14
chrY	 74100000	 74850000	15
chrY	 76500000	 75950000	11
chrY	 77300000	 74950000	47
chrY	 77300000	 76100000	24
chrY	 78650000	 78050000	12
chrY	 78750000	 79500000	15
chrY	 79950000	 80650000	14
chrY	 80450000	 81450000	20
chrY	 80650000	 81200000	11
chrY	 81550000	 81750000	4
chrY	 81800000	 81150000	13
chrY	 81850000	 83700000	37
chrY	 82450000	 81450000	20
chrY	 84550000	 83800000	15
chrY	 85100000	 86500000	28
chrY	 86900000	 87350000	9
chrY	 87750000	 86750000	20
chrY	 87950000	 88700000	15
chrY	 89000000	 88500000	10
chrY	 89600000	 88200000	28
chrY	 89750000	 91150000	28
chrY	 90400000	 90950000	11
