chr1	   950000	  1750000	16
chr1	  2300000	  2700000	8
chr1	  2700000	  4450000	35
chr1	  7800000	  6350000	29
chr1	  9950000	 10550000	12
chr1	 11450000	 12800000	27
chr1	 11850000	 12750000	18
chr1	 12900000	 13450000	11
chr1	 14300000	 13550000	15
chr1	 14400000	 15700000	26
chr1	 16000000	 15350000	13
chr1	 18600000	 17500000	22
chr1	 18750000	 18400000	7
chr1	 20700000	 23350000	53
chr1	 21900000	 24300000	48
chr1	 23250000	 23850000	12
chr1	 23500000	 22550000	19
chr1	 23950000	 24300000	7
chr1	 24100000	 25050000	19
chr1	 25650000	 26750000	22
chr1	 26150000	 27300000	23
chr1	 27050000	 26400000	13
chr1	 31450000	 30750000	14
chr1	 31450000	 30850000	12
chr1	 31650000	 30850000	16
chr1	 33050000	 32750000	6
chr1	 33850000	 34850000	20
chr1	 39650000	 38500000	23
chr1	 40050000	 40300000	5
chr1	 40900000	 41600000	14
chr1	 41950000	 40550000	28
chr1	 42000000	 41200000	16
chr1	 42100000	 44000000	38
chr1	 42900000	 45650000	55
chr1	 43000000	 45100000	42
chr1	 45750000	 46750000	20
chr1	 47000000	 47950000	19
chr1	 47750000	 47250000	10
chr1	 47800000	 48650000	17
chr1	 47850000	 47200000	13
chr1	 47950000	 49200000	25
chr1	 48850000	 47450000	28
chr1	 52650000	 54050000	28
chr1	 54850000	 54550000	6
chr1	 55250000	 54550000	14
chr1	 55500000	 54950000	11
chr1	 56400000	 57950000	31
chr1	 56700000	 56900000	4
chr1	 58300000	 59150000	17
chr1	 59700000	 55750000	79
chr1	 60300000	 59100000	24
chr1	 60450000	 61400000	19
chr1	 62250000	 64000000	35
chr1	 63150000	 62200000	19
chr1	 63850000	 64550000	14
chr1	 66150000	 65250000	18
chr1	 68000000	 69200000	24
chr1	 69250000	 68900000	7
chr1	 69450000	 70950000	30
chr1	 71250000	 72550000	26
chr1	 71850000	 73900000	41
chr1	 73900000	 72750000	23
chr1	 74800000	 72850000	39
chr1	 74900000	 76000000	22
chr1	 75550000	 74450000	22
chr1	 75950000	 76650000	14
chr1	 77900000	 78450000	11
chr1	 78750000	 75200000	71
chr1	 80900000	 80300000	12
chr1	 82100000	 83200000	22
chr1	 83750000	 84150000	8
chr1	 83750000	 84350000	12
chr1	 87150000	 87750000	12
chr1	 94350000	 95600000	25
chr1	 95000000	 94250000	15
chr1	 95450000	 95950000	10
chr1	 95850000	 95250000	12
chr1	 98450000	 99400000	19
chr1	 99950000	 97750000	44
chr1	100850000	 99800000	21
chr1	104300000	103100000	24
chr1	104900000	106200000	26
chr1	105150000	106050000	18
chr1	105650000	106550000	18
chr1	105750000	107100000	27
chr1	105800000	107050000	25
chr1	105850000	104750000	22
chr1	106250000	107400000	23
chr1	106850000	108850000	40
chr1	109850000	108700000	23
chr1	112450000	112050000	8
chr1	114250000	115400000	23
chr1	114450000	113600000	17
chr1	115800000	114350000	29
chr1	116500000	117150000	13
chr1	118100000	120800000	54
chr1	119000000	118400000	12
chr1	119050000	120150000	22
chr1	120950000	119550000	28
chr1	121300000	123300000	40
chr1	121900000	121450000	9
chr1	123650000	122750000	18
chr1	124050000	122050000	40
chr1	124100000	123200000	18
chr1	127150000	126750000	8
chr1	127550000	123050000	90
chr1	128550000	127700000	17
chr1	129900000	128600000	26
chr1	131600000	133650000	41
chr1	132800000	133250000	9
chr1	134050000	135450000	28
chr1	134700000	136300000	32
chr1	135750000	135750000	0
chr1	137350000	138150000	16
chr1	140250000	139200000	21
chr1	140850000	141350000	10
chr1	141150000	144100000	59
chr1	141300000	142300000	20
chr1	143000000	144350000	27
chr1	143600000	144150000	11
chr1	146000000	143550000	49
chr1	147050000	147500000	9
chr1	149200000	150200000	20
chr1	149750000	148800000	19
chr1	151050000	152700000	33
chr1	153650000	153100000	11
chr1	154500000	154200000	6
chr1	156100000	155300000	16
chr1	157100000	158450000	27
chr1	158050000	159600000	31
chr1	159300000	157000000	46
chr1	159400000	160500000	22
chr1	160050000	161500000	29
chr1	160400000	162850000	49
chr1	162650000	163850000	24
chr1	163150000	160250000	58
chr1	165500000	164900000	12
chr1	166950000	166100000	17
chr1	167450000	168150000	14
chr1	168600000	167250000	27
chr1	169350000	170850000	30
chr1	171550000	170150000	28
chr1	171550000	172300000	15
chr1	172750000	171400000	27
chr1	173150000	171450000	34
chr1	175200000	174400000	16
chr1	178000000	177400000	12
chr1	178550000	177400000	23
chr1	183100000	183900000	16
chr1	184200000	185050000	17
chr1	185450000	183700000	35
chr1	185750000	185050000	14
chr1	189200000	190250000	21
chr1	189900000	189000000	18
chr1	193650000	192200000	29
chr1	194150000	193450000	14
chr10	   400000	  2200000	36
chr10	  3850000	  4050000	4
chr10	  5100000	  3650000	29
chr10	  5100000	  3750000	27
chr10	  5550000	  4450000	22
chr10	  5800000	  5300000	10
chr10	  6300000	  6550000	5
chr10	  6350000	  5650000	14
chr10	 10850000	  9500000	27
chr10	 11500000	 12250000	15
chr10	 14050000	 12400000	33
chr10	 14150000	 16500000	47
chr10	 14400000	 17500000	62
chr10	 15000000	 16150000	23
chr10	 15350000	 14300000	21
chr10	 18200000	 19650000	29
chr10	 21500000	 19400000	42
chr10	 22650000	 21500000	23
chr10	 22650000	 25450000	56
chr10	 23100000	 21550000	31
chr10	 27850000	 28250000	8
chr10	 29200000	 29900000	14
chr10	 30100000	 29100000	20
chr10	 30250000	 29550000	14
chr10	 31800000	 33000000	24
chr10	 32750000	 31650000	22
chr10	 35350000	 35100000	5
chr10	 36500000	 37550000	21
chr10	 37250000	 36350000	18
chr10	 37750000	 38550000	16
chr10	 39600000	 38000000	32
chr10	 40450000	 41600000	23
chr10	 42350000	 41350000	20
chr10	 42850000	 43850000	20
chr10	 45300000	 45950000	13
chr10	 46050000	 48000000	39
chr10	 49150000	 47900000	25
chr10	 49750000	 48200000	31
chr10	 53050000	 52250000	16
chr10	 53900000	 55200000	26
chr10	 54900000	 54450000	9
chr10	 56250000	 56800000	11
chr10	 58200000	 58750000	11
chr10	 60150000	 61550000	28
chr10	 60850000	 60450000	8
chr10	 62850000	 61800000	21
chr10	 63800000	 63500000	6
chr10	 63850000	 63050000	16
chr10	 64100000	 62250000	37
chr10	 64300000	 62600000	34
chr10	 65150000	 66450000	26
chr10	 66650000	 67800000	23
chr10	 66900000	 67550000	13
chr10	 68400000	 70150000	35
chr10	 68500000	 67950000	11
chr10	 70000000	 69500000	10
chr10	 70250000	 69250000	20
chr10	 70850000	 72550000	34
chr10	 72350000	 73200000	17
chr10	 75650000	 76300000	13
chr10	 76950000	 78250000	26
chr10	 77400000	 76700000	14
chr10	 77750000	 77500000	5
chr10	 80550000	 81700000	23
chr10	 82150000	 81400000	15
chr10	 82350000	 80500000	37
chr10	 86000000	 87400000	28
chr10	 86100000	 85150000	19
chr10	 87000000	 86300000	14
chr10	 90750000	 90200000	11
chr10	 90750000	 90750000	0
chr10	 91700000	 90650000	21
chr10	 92250000	 93200000	19
chr10	 95300000	 94350000	19
chr10	 97050000	 97900000	17
chr10	 97300000	 98750000	29
chr10	 97600000	 98800000	24
chr10	 98450000	 97550000	18
chr10	101250000	102450000	24
chr10	102550000	101350000	24
chr10	103500000	104200000	14
chr10	106350000	107650000	26
chr10	107400000	105500000	38
chr10	108050000	109050000	20
chr10	110150000	113650000	70
chr10	112950000	111900000	21
chr10	117350000	116050000	26
chr10	120300000	121150000	17
chr10	121700000	120800000	18
chr10	123950000	123950000	0
chr10	125550000	124650000	18
chr10	126350000	125350000	20
chr10	128850000	130650000	36
chr10	129700000	129700000	0
chr10	129850000	130200000	7
chr11	  1050000	   150000	18
chr11	  1500000	  2600000	22
chr11	  2300000	  1300000	20
chr11	  2300000	  3850000	31
chr11	  3750000	  2850000	18
chr11	  5500000	  6300000	16
chr11	  5650000	  6100000	9
chr11	  5900000	  6700000	16
chr11	  7950000	 10500000	51
chr11	 10800000	 12500000	34
chr11	 12400000	 13800000	28
chr11	 13150000	 12150000	20
chr11	 14650000	 15750000	22
chr11	 16350000	 15400000	19
chr11	 16400000	 17550000	23
chr11	 17850000	 16500000	27
chr11	 19600000	 18800000	16
chr11	 20450000	 22950000	50
chr11	 20550000	 21550000	20
chr11	 21650000	 23550000	38
chr11	 22250000	 21350000	18
chr11	 24000000	 22700000	26
chr11	 25100000	 24400000	14
chr11	 26650000	 25750000	18
chr11	 27450000	 26450000	20
chr11	 28500000	 29000000	10
chr11	 30050000	 29450000	12
chr11	 31200000	 32450000	25
chr11	 31400000	 30350000	21
chr11	 31950000	 33300000	27
chr11	 33300000	 33500000	4
chr11	 34400000	 33350000	21
chr11	 36250000	 36850000	12
chr11	 37200000	 34250000	59
chr11	 38100000	 41150000	61
chr11	 38450000	 36900000	31
chr11	 39600000	 40650000	21
chr11	 40300000	 39800000	10
chr11	 40700000	 41450000	15
chr11	 41750000	 41400000	7
chr11	 43350000	 42650000	14
chr11	 43700000	 43150000	11
chr11	 45800000	 44400000	28
chr11	 46150000	 47350000	24
chr11	 46850000	 48150000	26
chr11	 47350000	 46100000	25
chr11	 47600000	 46850000	15
chr11	 47800000	 49650000	37
chr11	 48150000	 47150000	20
chr11	 48950000	 48600000	7
chr11	 49650000	 47050000	52
chr11	 49850000	 49250000	12
chr11	 50550000	 51850000	26
chr11	 51400000	 52550000	23
chr11	 52400000	 51850000	11
chr11	 54550000	 53600000	19
chr11	 55100000	 54650000	9
chr11	 55700000	 58050000	47
chr11	 55750000	 54750000	20
chr11	 59200000	 59950000	15
chr11	 60750000	 59550000	24
chr11	 60950000	 59000000	39
chr11	 62000000	 60950000	21
chr11	 62600000	 63150000	11
chr11	 63550000	 62800000	15
chr11	 63700000	 64600000	18
chr11	 63900000	 63900000	0
chr11	 66850000	 67500000	13
chr11	 67050000	 65650000	28
chr11	 68500000	 69300000	16
chr11	 69150000	 70550000	28
chr11	 71850000	 70900000	19
chr11	 72200000	 73600000	28
chr11	 76600000	 76050000	11
chr11	 80400000	 79250000	23
chr11	 80900000	 80450000	9
chr11	 82450000	 78750000	74
chr11	 82550000	 81650000	18
chr11	 82650000	 83900000	25
chr11	 83200000	 82650000	11
chr11	 83450000	 82000000	29
chr11	 87150000	 85500000	33
chr11	 88250000	 88500000	5
chr11	 88900000	 88100000	16
chr11	 90900000	 90300000	12
chr11	 91700000	 91000000	14
chr11	 92300000	 93600000	26
chr11	 93150000	 90950000	44
chr11	 93800000	 92950000	17
chr11	 94500000	 95450000	19
chr11	 96100000	 98150000	41
chr11	 96250000	 99650000	68
chr11	 96800000	 95250000	31
chr11	 98000000	 94650000	67
chr11	100200000	 98550000	33
chr11	100800000	101550000	15
chr11	101500000	102300000	16
chr11	102500000	103050000	11
chr11	105800000	106250000	9
chr11	106450000	105350000	22
chr11	108200000	108850000	13
chr11	111300000	112950000	33
chr11	112550000	111850000	14
chr11	112600000	110650000	39
chr11	113700000	114550000	17
chr11	114000000	112500000	30
chr11	116050000	115700000	7
chr11	118700000	119650000	19
chr11	118850000	118200000	13
chr11	119450000	120750000	26
chr11	120200000	121000000	16
chr12	  6150000	  4950000	24
chr12	  6150000	  5450000	14
chr12	  7200000	  7800000	12
chr12	  7500000	  6550000	19
chr12	  8600000	  7850000	15
chr12	  8700000	  6700000	40
chr12	 13300000	 14500000	24
chr12	 13600000	 11200000	48
chr12	 13850000	 15300000	29
chr12	 14250000	 13200000	21
chr12	 15650000	 15250000	8
chr12	 17000000	 18000000	20
chr12	 17400000	 17900000	10
chr12	 19300000	 18350000	19
chr12	 19500000	 18700000	16
chr12	 21900000	 22950000	21
chr12	 29200000	 28050000	23
chr12	 29300000	 30150000	17
chr12	 30000000	 30850000	17
chr12	 30050000	 31600000	31
chr12	 33300000	 32800000	10
chr12	 33550000	 35200000	33
chr12	 34000000	 34400000	8
chr12	 34050000	 35150000	22
chr12	 35800000	 35400000	8
chr12	 38350000	 38050000	6
chr12	 38400000	 39450000	21
chr12	 38700000	 36450000	45
chr12	 39850000	 41300000	29
chr12	 40400000	 41050000	13
chr12	 46400000	 45300000	22
chr12	 46550000	 45750000	16
chr12	 47650000	 46550000	22
chr12	 48900000	 48400000	10
chr12	 50750000	 50200000	11
chr12	 51450000	 51950000	10
chr12	 51700000	 49900000	36
chr12	 51750000	 51750000	0
chr12	 52650000	 53300000	13
chr12	 52700000	 53000000	6
chr12	 53200000	 55850000	53
chr12	 54450000	 55450000	20
chr12	 55850000	 56900000	21
chr12	 57000000	 56050000	19
chr12	 57150000	 58050000	18
chr12	 58100000	 59850000	35
chr12	 58650000	 57750000	18
chr12	 60100000	 59350000	15
chr12	 61850000	 63000000	23
chr12	 64000000	 65550000	31
chr12	 65850000	 64250000	32
chr12	 66850000	 68200000	27
chr12	 68000000	 66800000	24
chr12	 69550000	 71400000	37
chr12	 69750000	 72000000	45
chr12	 72700000	 73550000	17
chr12	 79000000	 78600000	8
chr12	 81200000	 80400000	16
chr12	 83100000	 83550000	9
chr12	 84600000	 86100000	30
chr12	 85200000	 84150000	21
chr12	 85400000	 88400000	60
chr12	 88250000	 90150000	38
chr12	 88450000	 88000000	9
chr12	 89500000	 89050000	9
chr12	 91250000	 92250000	20
chr12	 93300000	 94300000	20
chr12	 94050000	 95200000	23
chr12	 95500000	 95150000	7
chr12	 98650000	 97050000	32
chr12	 99350000	 98750000	12
chr12	 99400000	 98800000	12
chr12	 99850000	 98800000	21
chr12	100000000	 98950000	21
chr12	100500000	102650000	43
chr12	102700000	102950000	5
chr12	103350000	101050000	46
chr12	103450000	102800000	13
chr12	104900000	105300000	8
chr12	104950000	104450000	10
chr12	108700000	107600000	22
chr12	109800000	108800000	20
chr12	110650000	111150000	10
chr12	111250000	112400000	23
chr12	115800000	114750000	21
chr12	115950000	115550000	8
chr12	116600000	115650000	19
chr13	   850000	  2200000	27
chr13	  1500000	  2800000	26
chr13	  3000000	  2450000	11
chr13	  3700000	  5500000	36
chr13	  4200000	  3250000	19
chr13	  4850000	  7000000	43
chr13	  5600000	  3950000	33
chr13	  7650000	  6650000	20
chr13	  9200000	  8050000	23
chr13	 11300000	 12800000	30
chr13	 11500000	 10250000	25
chr13	 12200000	 11450000	15
chr13	 12750000	 11950000	16
chr13	 13050000	 10450000	52
chr13	 16150000	 15150000	20
chr13	 16350000	 14500000	37
chr13	 17850000	 18650000	16
chr13	 17950000	 18600000	13
chr13	 18000000	 18500000	10
chr13	 18600000	 16550000	41
chr13	 18800000	 19600000	16
chr13	 19700000	 21300000	32
chr13	 20650000	 22000000	27
chr13	 21550000	 21150000	8
chr13	 22950000	 22600000	7
chr13	 24200000	 25150000	19
chr13	 24700000	 23650000	21
chr13	 28250000	 26900000	27
chr13	 29100000	 28050000	21
chr13	 32650000	 34350000	34
chr13	 33800000	 32900000	18
chr13	 33950000	 34650000	14
chr13	 34400000	 34750000	7
chr13	 34800000	 35250000	9
chr13	 36050000	 35200000	17
chr13	 38300000	 37400000	18
chr13	 39100000	 37650000	29
chr13	 39750000	 38650000	22
chr13	 40300000	 38500000	36
chr13	 42700000	 43400000	14
chr13	 42850000	 43500000	13
chr13	 42900000	 41450000	29
chr13	 43350000	 44150000	16
chr13	 44350000	 45700000	27
chr13	 45300000	 45950000	13
chr13	 45800000	 47250000	29
chr13	 46400000	 45750000	13
chr13	 48000000	 47200000	16
chr13	 49400000	 49400000	0
chr13	 52250000	 51000000	25
chr13	 53350000	 54000000	13
chr13	 53600000	 52900000	14
chr13	 54200000	 54950000	15
chr13	 56850000	 55550000	26
chr13	 57600000	 59200000	32
chr13	 60550000	 59650000	18
chr13	 62400000	 58750000	73
chr13	 64550000	 63500000	21
chr13	 67150000	 69400000	45
chr13	 68600000	 67550000	21
chr13	 69100000	 69900000	16
chr13	 70200000	 70900000	14
chr13	 74000000	 75250000	25
chr13	 74400000	 75400000	20
chr13	 75050000	 76350000	26
chr13	 75650000	 74150000	30
chr13	 76850000	 76050000	16
chr13	 83950000	 83100000	17
chr13	 84550000	 85250000	14
chr13	 84850000	 85600000	15
chr13	 85850000	 84500000	27
chr13	 86000000	 86800000	16
chr13	 86650000	 85500000	23
chr13	 86650000	 85900000	15
chr13	 86700000	 88050000	27
chr13	 87500000	 86000000	30
chr13	 88350000	 87850000	10
chr13	 88500000	 89100000	12
chr13	 88800000	 90950000	43
chr13	 89550000	 90950000	28
chr13	 90800000	 92050000	25
chr13	 91450000	 90850000	12
chr13	 92650000	 89600000	61
chr13	 92800000	 91950000	17
chr13	 95750000	 97300000	31
chr13	 95800000	 96900000	22
chr13	 96000000	 94900000	22
chr13	 97250000	 96000000	25
chr13	 97400000	 97700000	6
chr13	 98550000	 99350000	16
chr13	101400000	102050000	13
chr13	101450000	102350000	18
chr13	101500000	101500000	0
chr13	102550000	103100000	11
chr13	102600000	101350000	25
chr13	107750000	109250000	30
chr13	108600000	106750000	37
chr13	109550000	107800000	35
chr13	110700000	112000000	26
chr13	111350000	112250000	18
chr13	111450000	113200000	35
chr13	112600000	111400000	24
chr13	112850000	110050000	56
chr13	113000000	111650000	27
chr13	113250000	111950000	26
chr13	113300000	112300000	20
chr13	115200000	114050000	23
chr13	117450000	116850000	12
chr13	119300000	116950000	47
chr14	  1100000	  2450000	27
chr14	  4700000	  3350000	27
chr14	  8550000	  7750000	16
chr14	 11250000	 13100000	37
chr14	 11450000	 10750000	14
chr14	 13100000	 14150000	21
chr14	 15650000	 14250000	28
chr14	 15950000	 14350000	32
chr14	 17400000	 15900000	30
chr14	 19450000	 20850000	28
chr14	 20250000	 19850000	8
chr14	 20650000	 21300000	13
chr14	 22000000	 22850000	17
chr14	 22050000	 18450000	72
chr14	 22050000	 21350000	14
chr14	 25450000	 27200000	35
chr14	 26150000	 26950000	16
chr14	 26650000	 25350000	26
chr14	 27100000	 27400000	6
chr14	 27550000	 29350000	36
chr14	 29650000	 28800000	17
chr14	 29900000	 28850000	21
chr14	 29900000	 31150000	25
chr14	 30700000	 29300000	28
chr14	 32050000	 34700000	53
chr14	 32400000	 32600000	4
chr14	 32550000	 32050000	10
chr14	 33400000	 35650000	45
chr14	 33900000	 32900000	20
chr14	 35200000	 36100000	18
chr14	 38000000	 38900000	18
chr14	 39200000	 40700000	30
chr14	 39600000	 40650000	21
chr14	 41850000	 40150000	34
chr14	 42450000	 41150000	26
chr14	 43050000	 41700000	27
chr14	 43650000	 44950000	26
chr14	 44150000	 44450000	6
chr14	 45150000	 46550000	28
chr14	 45850000	 46300000	9
chr14	 50750000	 47200000	71
chr14	 51550000	 52050000	10
chr14	 51750000	 50700000	21
chr14	 52200000	 54500000	46
chr14	 52300000	 53450000	23
chr14	 53150000	 53650000	10
chr14	 53300000	 54800000	30
chr14	 54450000	 53450000	20
chr14	 55800000	 55350000	9
chr14	 58300000	 57400000	18
chr14	 58850000	 59600000	15
chr14	 58900000	 59600000	14
chr14	 59950000	 58600000	27
chr14	 62950000	 65500000	51
chr14	 64250000	 63150000	22
chr14	 64500000	 65200000	14
chr14	 66700000	 68100000	28
chr14	 67300000	 67800000	10
chr14	 69800000	 65950000	77
chr14	 71250000	 68500000	55
chr14	 71500000	 71950000	9
chr14	 71900000	 68000000	78
chr14	 75950000	 77800000	37
chr14	 77950000	 77300000	13
chr14	 78650000	 78150000	10
chr14	 80650000	 79850000	16
chr14	 81300000	 80100000	24
chr14	 81300000	 82450000	23
chr14	 83900000	 83450000	9
chr14	 84400000	 85600000	24
chr14	 84450000	 83750000	14
chr14	 87050000	 86100000	19
chr14	 87850000	 86550000	26
chr14	 89000000	 90050000	21
chr14	 90300000	 89700000	12
chr14	 92900000	 90400000	50
chr14	 93100000	 91700000	28
chr14	 95000000	 93300000	34
chr14	 96050000	 97000000	19
chr14	 96150000	 98150000	40
chr14	 97750000	 99300000	31
chr14	 98400000	 99100000	14
chr14	 99600000	 98950000	13
chr14	103800000	104550000	15
chr14	106450000	107500000	21
chr14	110400000	111450000	21
chr14	111300000	109800000	30
chr14	111300000	110650000	13
chr14	111850000	109950000	38
chr14	112200000	113750000	31
chr14	112600000	111550000	21
chr14	114350000	113450000	18
chr14	115150000	114700000	9
chr14	115900000	116500000	12
chr14	117450000	118100000	13
chr14	118100000	116400000	34
chr14	118800000	118250000	11
chr14	120800000	119850000	19
chr14	121550000	122450000	18
chr14	123100000	122050000	21
chr15	  1250000	   500000	15
chr15	  1300000	  3300000	40
chr15	  1700000	  1100000	12
chr15	  1800000	  1650000	3
chr15	  2850000	  1150000	34
chr15	  3200000	  4150000	19
chr15	  3250000	  4150000	18
chr15	  5400000	  4250000	23
chr15	  6300000	  6900000	12
chr15	  9750000	 10200000	9
chr15	 10700000	 12100000	28
chr15	 12550000	 13300000	15
chr15	 13000000	 13950000	19
chr15	 13250000	 11550000	34
chr15	 13450000	 14100000	13
chr15	 14150000	 15050000	18
chr15	 15300000	 14000000	26
chr15	 15950000	 14650000	26
chr15	 16000000	 17150000	23
chr15	 16800000	 18950000	43
chr15	 19950000	 18850000	22
chr15	 20900000	 22050000	23
chr15	 24050000	 21700000	47
chr15	 25550000	 24300000	25
chr15	 26950000	 27600000	13
chr15	 31300000	 32450000	23
chr15	 32150000	 33000000	17
chr15	 34450000	 34100000	7
chr15	 35200000	 36050000	17
chr15	 35550000	 34950000	12
chr15	 35750000	 36300000	11
chr15	 40300000	 41400000	22
chr15	 41000000	 38600000	48
chr15	 41900000	 42600000	14
chr15	 41950000	 41050000	18
chr15	 45000000	 42900000	42
chr15	 46250000	 45600000	13
chr15	 47400000	 46500000	18
chr15	 49000000	 47150000	37
chr15	 50200000	 49050000	23
chr15	 50200000	 50700000	10
chr15	 51350000	 52750000	28
chr15	 51900000	 50150000	35
chr15	 52700000	 50850000	37
chr15	 54000000	 57200000	64
chr15	 54900000	 53550000	27
chr15	 56300000	 54900000	28
chr15	 59150000	 60300000	23
chr15	 59700000	 57750000	39
chr15	 60250000	 58550000	34
chr15	 60650000	 59350000	26
chr15	 61550000	 61400000	3
chr15	 62300000	 61500000	16
chr15	 66550000	 67300000	15
chr15	 68300000	 69450000	23
chr15	 68550000	 69400000	17
chr15	 69800000	 68200000	32
chr15	 69900000	 68950000	19
chr15	 70050000	 68000000	41
chr15	 71700000	 74000000	46
chr15	 71900000	 72700000	16
chr15	 76050000	 76900000	17
chr15	 76500000	 74100000	48
chr15	 78600000	 77750000	17
chr15	 78900000	 77450000	29
chr15	 81800000	 81400000	8
chr15	 83500000	 82950000	11
chr15	 84400000	 85100000	14
chr15	 84400000	 85550000	23
chr15	 84550000	 85300000	15
chr15	 86600000	 85800000	16
chr15	 88050000	 88200000	3
chr15	 88600000	 89000000	8
chr15	 89050000	 89800000	15
chr15	 92650000	 93650000	20
chr15	 94250000	 93400000	17
chr15	 95100000	 94400000	14
chr15	 97350000	 96050000	26
chr15	 99450000	 98700000	15
chr15	100000000	101250000	25
chr15	100300000	100700000	8
chr15	102800000	102250000	11
chr15	103600000	102950000	13
chr15	103600000	103050000	11
chr16	  5750000	  6550000	16
chr16	  7500000	  4550000	59
chr16	  9600000	  8500000	22
chr16	 10000000	  8250000	35
chr16	 10650000	 10150000	10
chr16	 10750000	 11900000	23
chr16	 11950000	 13750000	36
chr16	 13250000	 12550000	14
chr16	 13950000	 15650000	34
chr16	 14500000	 14800000	6
chr16	 15750000	 14500000	25
chr16	 19200000	 18450000	15
chr16	 21100000	 20300000	16
chr16	 22250000	 23500000	25
chr16	 23100000	 22000000	22
chr16	 25250000	 27750000	50
chr16	 25850000	 27150000	26
chr16	 26400000	 27400000	20
chr16	 26800000	 25800000	20
chr16	 30900000	 32050000	23
chr16	 31150000	 31650000	10
chr16	 33850000	 33400000	9
chr16	 34100000	 32800000	26
chr16	 35000000	 34100000	18
chr16	 35600000	 37150000	31
chr16	 36450000	 37900000	29
chr16	 37900000	 38400000	10
chr16	 40450000	 41050000	12
chr16	 42050000	 43250000	24
chr16	 47350000	 48350000	20
chr16	 49000000	 49800000	16
chr16	 49500000	 48250000	25
chr16	 50300000	 49850000	9
chr16	 50350000	 49600000	15
chr16	 52500000	 53450000	19
chr16	 54800000	 56200000	28
chr16	 54950000	 55750000	16
chr16	 56000000	 54850000	23
chr16	 56100000	 55050000	21
chr16	 56700000	 55350000	27
chr16	 57550000	 56000000	31
chr16	 59500000	 61400000	38
chr16	 60850000	 60300000	11
chr16	 61400000	 59600000	36
chr16	 63300000	 60900000	48
chr16	 70700000	 69450000	25
chr16	 71500000	 71000000	10
chr16	 77950000	 78900000	19
chr16	 80200000	 78450000	35
chr16	 80300000	 81700000	28
chr16	 80500000	 79900000	12
chr16	 82050000	 83700000	33
chr16	 84150000	 84950000	16
chr16	 84250000	 84650000	8
chr16	 85500000	 87750000	45
chr16	 88350000	 87900000	9
chr16	 88350000	 88950000	12
chr16	 90650000	 91300000	13
chr16	 91800000	 92350000	11
chr16	 94650000	 94650000	0
chr16	 96450000	 95950000	10
chr16	 97450000	 96950000	10
chr16	 97950000	 97700000	5
chr17	   550000	  1050000	10
chr17	  2000000	  4150000	43
chr17	  2200000	  1050000	23
chr17	  2500000	   950000	31
chr17	  5350000	  6250000	18
chr17	  6450000	  4800000	33
chr17	 11050000	 11800000	15
chr17	 11850000	 12450000	12
chr17	 12450000	 11100000	27
chr17	 15800000	 17500000	34
chr17	 16100000	 14000000	42
chr17	 20900000	 22000000	22
chr17	 21350000	 20950000	8
chr17	 23500000	 24400000	18
chr17	 27550000	 26550000	20
chr17	 29700000	 32600000	58
chr17	 30450000	 32450000	40
chr17	 30900000	 31550000	13
chr17	 32300000	 32600000	6
chr17	 32650000	 32850000	4
chr17	 32900000	 33450000	11
chr17	 32950000	 33900000	19
chr17	 33300000	 34050000	15
chr17	 33450000	 32800000	13
chr17	 33700000	 31700000	40
chr17	 36100000	 37100000	20
chr17	 36600000	 35550000	21
chr17	 38450000	 38050000	8
chr17	 42450000	 41000000	29
chr17	 45300000	 44300000	20
chr17	 45500000	 44300000	24
chr17	 45600000	 46550000	19
chr17	 47600000	 46800000	16
chr17	 49850000	 46750000	62
chr17	 52300000	 51500000	16
chr17	 52700000	 51700000	20
chr17	 52750000	 54000000	25
chr17	 54250000	 52300000	39
chr17	 55200000	 56650000	29
chr17	 56850000	 56250000	12
chr17	 59600000	 58850000	15
chr17	 70450000	 69600000	17
chr17	 70550000	 69700000	17
chr17	 71500000	 70250000	25
chr17	 71800000	 70800000	20
chr17	 72800000	 73550000	15
chr17	 75200000	 74500000	14
chr17	 76300000	 77500000	24
chr17	 78550000	 79800000	25
chr17	 80700000	 81650000	19
chr17	 81850000	 82950000	22
chr17	 82750000	 84200000	29
chr17	 85300000	 82800000	50
chr17	 85450000	 84650000	16
chr17	 92500000	 94200000	34
chr17	 93150000	 94150000	20
chr18	   150000	  1700000	31
chr18	   950000	   100000	17
chr18	  3400000	  5050000	33
chr18	  4250000	  5550000	26
chr18	  4700000	  1200000	70
chr18	  7450000	  8800000	27
chr18	  8250000	  7500000	15
chr18	  8950000	 10250000	26
chr18	 14650000	 15300000	13
chr18	 15750000	 14350000	28
chr18	 18300000	 18700000	8
chr18	 18750000	 19700000	19
chr18	 19500000	 18450000	21
chr18	 20250000	 19550000	14
chr18	 20600000	 22600000	40
chr18	 21200000	 20850000	7
chr18	 22300000	 19600000	54
chr18	 24450000	 25800000	27
chr18	 24500000	 22050000	49
chr18	 25350000	 24850000	10
chr18	 26300000	 25200000	22
chr18	 29800000	 32500000	54
chr18	 31150000	 30150000	20
chr18	 31400000	 31950000	11
chr18	 34350000	 33450000	18
chr18	 37000000	 35800000	24
chr18	 39350000	 40900000	31
chr18	 39800000	 39600000	4
chr18	 40150000	 39150000	20
chr18	 42100000	 41800000	6
chr18	 42350000	 41450000	18
chr18	 44100000	 45800000	34
chr18	 45800000	 44500000	26
chr18	 46800000	 48450000	33
chr18	 46900000	 46150000	15
chr18	 50200000	 51650000	29
chr18	 50300000	 48700000	32
chr18	 53550000	 54800000	25
chr18	 53850000	 55600000	35
chr18	 54800000	 55650000	17
chr18	 57000000	 58850000	37
chr18	 58950000	 60300000	27
chr18	 61100000	 61400000	6
chr18	 61150000	 62150000	20
chr18	 61300000	 61650000	7
chr18	 61400000	 60350000	21
chr18	 62650000	 61450000	24
chr18	 63750000	 64550000	16
chr18	 69000000	 67600000	28
chr18	 69450000	 68350000	22
chr18	 69500000	 68400000	22
chr18	 72250000	 70600000	33
chr18	 72450000	 69950000	50
chr18	 72800000	 71900000	18
chr18	 73200000	 72050000	23
chr18	 73250000	 72500000	15
chr18	 74400000	 75800000	28
chr18	 74700000	 75300000	12
chr18	 74850000	 76450000	32
chr18	 76900000	 78300000	28
chr18	 77450000	 78800000	27
chr18	 79350000	 78500000	17
chr18	 79350000	 78750000	12
chr18	 80750000	 78950000	36
chr18	 80850000	 79400000	29
chr18	 82050000	 83000000	19
chr18	 82400000	 81000000	28
chr18	 84750000	 83200000	31
chr18	 85300000	 87050000	35
chr18	 87000000	 88000000	20
chr18	 87950000	 86950000	20
chr18	 88000000	 88500000	10
chr18	 89050000	 90100000	21
chr19	  1950000	   800000	23
chr19	  3950000	  3950000	0
chr19	  5600000	  5850000	5
chr19	  6750000	  6250000	10
chr19	  8300000	  8950000	13
chr19	  9150000	  7250000	38
chr19	  9500000	 10800000	26
chr19	 11200000	  9950000	25
chr19	 11300000	 12550000	25
chr19	 12600000	 13550000	19
chr19	 15250000	 14800000	9
chr19	 16150000	 16550000	8
chr19	 16350000	 17100000	15
chr19	 18150000	 18400000	5
chr19	 18800000	 17950000	17
chr19	 21900000	 22450000	11
chr19	 24000000	 23700000	6
chr19	 24250000	 23650000	12
chr19	 25150000	 24400000	15
chr19	 31550000	 31950000	8
chr19	 31850000	 31650000	4
chr19	 32800000	 31650000	23
chr19	 33050000	 31650000	28
chr19	 33600000	 31450000	43
chr19	 33700000	 36500000	56
chr19	 35000000	 33150000	37
chr19	 35200000	 36900000	34
chr19	 35950000	 37900000	39
chr19	 40700000	 42250000	31
chr19	 44650000	 44100000	11
chr19	 44700000	 42050000	53
chr19	 45550000	 46200000	13
chr19	 45750000	 45000000	15
chr19	 47400000	 47900000	10
chr19	 47850000	 48950000	22
chr19	 49100000	 49750000	13
chr19	 49400000	 48850000	11
chr19	 50850000	 48700000	43
chr19	 51000000	 50200000	16
chr19	 52150000	 50900000	25
chr19	 52750000	 53350000	12
chr19	 54350000	 54900000	11
chr19	 55550000	 57000000	29
chr19	 56800000	 54800000	40
chr19	 57400000	 56650000	15
chr19	 58350000	 59550000	24
chr2	  2350000	  3300000	19
chr2	  2750000	  3650000	18
chr2	  4900000	  3750000	23
chr2	  5550000	  7000000	29
chr2	  6500000	  7700000	24
chr2	  6600000	  5750000	17
chr2	  8400000	  9500000	22
chr2	  9300000	 10300000	20
chr2	  9900000	  8800000	22
chr2	 11300000	 12150000	17
chr2	 12550000	 11050000	30
chr2	 12850000	 10850000	40
chr2	 14400000	 13550000	17
chr2	 15500000	 16600000	22
chr2	 17950000	 16850000	22
chr2	 18650000	 19350000	14
chr2	 19650000	 20150000	10
chr2	 22950000	 21950000	20
chr2	 23100000	 24800000	34
chr2	 23600000	 25450000	37
chr2	 25150000	 27600000	49
chr2	 27450000	 26850000	12
chr2	 29550000	 28950000	12
chr2	 31250000	 32150000	18
chr2	 31650000	 28400000	65
chr2	 31900000	 30700000	24
chr2	 33000000	 33500000	10
chr2	 33700000	 33150000	11
chr2	 33850000	 35950000	42
chr2	 37400000	 39100000	34
chr2	 39800000	 40850000	21
chr2	 40950000	 38700000	45
chr2	 41300000	 42050000	15
chr2	 46200000	 45650000	11
chr2	 47900000	 48650000	15
chr2	 50700000	 51200000	10
chr2	 51550000	 53150000	32
chr2	 53550000	 54550000	20
chr2	 53550000	 55100000	31
chr2	 53600000	 54750000	23
chr2	 54600000	 55500000	18
chr2	 55250000	 56150000	18
chr2	 55800000	 58100000	46
chr2	 57000000	 56650000	7
chr2	 57850000	 56950000	18
chr2	 58050000	 54950000	62
chr2	 59600000	 59200000	8
chr2	 59850000	 60300000	9
chr2	 60400000	 62200000	36
chr2	 60950000	 62750000	36
chr2	 61250000	 60200000	21
chr2	 61300000	 62000000	14
chr2	 64950000	 66000000	21
chr2	 68050000	 67200000	17
chr2	 68400000	 67500000	18
chr2	 68600000	 68800000	4
chr2	 69000000	 68500000	10
chr2	 69150000	 69700000	11
chr2	 69250000	 68850000	8
chr2	 70800000	 69050000	35
chr2	 71250000	 72950000	34
chr2	 72350000	 73300000	19
chr2	 72400000	 71550000	17
chr2	 73800000	 72800000	20
chr2	 75000000	 73950000	21
chr2	 78650000	 77700000	19
chr2	 79900000	 79100000	16
chr2	 82650000	 81500000	23
chr2	 84050000	 85450000	28
chr2	 84100000	 85600000	30
chr2	 84350000	 85950000	32
chr2	 85150000	 85700000	11
chr2	 85300000	 84250000	21
chr2	 89750000	 89000000	15
chr2	 91800000	 93250000	29
chr2	 92000000	 91450000	11
chr2	 92350000	 91500000	17
chr2	 92950000	 94200000	25
chr2	 93850000	 94550000	14
chr2	 94900000	 95800000	18
chr2	 96000000	 95050000	19
chr2	 96400000	 98000000	32
chr2	 97100000	 96300000	16
chr2	 97900000	 99450000	31
chr2	 98350000	 97050000	26
chr2	102550000	101850000	14
chr2	103000000	101000000	40
chr2	103700000	102350000	27
chr2	104450000	103950000	10
chr2	104750000	104050000	14
chr2	105700000	106300000	12
chr2	105750000	107050000	26
chr2	106650000	107650000	20
chr2	107950000	106300000	33
chr2	108100000	107300000	16
chr2	108600000	109100000	10
chr2	110200000	109000000	24
chr2	110600000	109550000	21
chr2	112450000	113900000	29
chr2	112600000	114200000	32
chr2	113400000	115200000	36
chr2	115000000	112950000	41
chr2	118550000	119700000	23
chr2	119700000	120050000	7
chr2	120150000	121650000	30
chr2	120350000	117350000	60
chr2	121350000	119350000	40
chr2	122500000	121800000	14
chr2	123600000	125300000	34
chr2	123700000	124100000	8
chr2	124650000	123850000	16
chr2	125350000	124000000	27
chr2	126050000	124900000	23
chr2	127150000	128550000	28
chr2	127800000	129950000	43
chr2	128600000	129600000	20
chr2	130500000	130000000	10
chr2	130750000	132500000	35
chr2	130850000	132000000	23
chr2	131050000	131700000	13
chr2	134500000	133900000	12
chr2	134650000	135700000	21
chr2	135750000	137400000	33
chr2	135850000	136900000	21
chr2	136050000	138200000	43
chr2	136850000	137250000	8
chr2	140150000	142200000	41
chr2	140700000	141450000	15
chr2	142300000	143900000	32
chr2	145700000	144650000	21
chr2	146350000	146750000	8
chr2	147950000	147150000	16
chr2	148750000	149450000	14
chr2	150400000	151900000	30
chr2	152700000	151900000	16
chr2	153400000	152700000	14
chr2	154550000	155150000	12
chr2	155500000	155050000	9
chr2	155950000	154600000	27
chr2	159300000	161900000	52
chr2	159850000	158800000	21
chr2	164000000	165100000	22
chr2	164000000	165650000	33
chr2	165200000	164400000	16
chr2	166900000	168100000	24
chr2	170350000	170850000	10
chr2	171350000	170550000	16
chr2	172400000	171700000	14
chr2	173550000	174350000	16
chr2	174050000	175100000	21
chr2	175850000	175350000	10
chr2	176100000	174650000	29
chr2	176450000	175800000	13
chr2	177350000	179550000	44
chr2	179650000	180600000	19
chr2	181200000	181900000	14
chr2	181250000	180500000	15
chr3	   450000	  1950000	30
chr3	  1100000	  2750000	33
chr3	  1650000	  1650000	0
chr3	  2150000	  2500000	7
chr3	  2250000	  3850000	32
chr3	  3550000	  3050000	10
chr3	  4600000	  2650000	39
chr3	  5150000	  6650000	30
chr3	  6850000	  7200000	7
chr3	  8100000	  7000000	22
chr3	 11300000	 10950000	7
chr3	 11400000	 12650000	25
chr3	 11850000	 12600000	15
chr3	 12000000	 12300000	6
chr3	 12800000	 13350000	11
chr3	 16800000	 19650000	57
chr3	 17400000	 19200000	36
chr3	 18250000	 18800000	11
chr3	 20250000	 19900000	7
chr3	 20750000	 22100000	27
chr3	 21300000	 19050000	45
chr3	 21700000	 20850000	17
chr3	 22650000	 23400000	15
chr3	 23200000	 23750000	11
chr3	 23250000	 24300000	21
chr3	 23800000	 22350000	29
chr3	 24800000	 26100000	26
chr3	 25600000	 26700000	22
chr3	 26150000	 25500000	13
chr3	 28150000	 27500000	13
chr3	 28850000	 30150000	26
chr3	 30300000	 28600000	34
chr3	 31900000	 33350000	29
chr3	 33150000	 32300000	17
chr3	 36650000	 37550000	18
chr3	 36700000	 35100000	32
chr3	 37550000	 38650000	22
chr3	 39500000	 40050000	11
chr3	 41400000	 42250000	17
chr3	 43550000	 41500000	41
chr3	 46600000	 46150000	9
chr3	 47400000	 46400000	20
chr3	 49000000	 51200000	44
chr3	 50950000	 49050000	38
chr3	 53200000	 54500000	26
chr3	 54350000	 56650000	46
chr3	 54850000	 55200000	7
chr3	 59850000	 60950000	22
chr3	 60050000	 59200000	17
chr3	 60250000	 59500000	15
chr3	 63600000	 65100000	30
chr3	 63900000	 62450000	29
chr3	 66650000	 64650000	40
chr3	 67800000	 69650000	37
chr3	 68350000	 67900000	9
chr3	 71500000	 70000000	30
chr3	 74650000	 72850000	36
chr3	 76950000	 77950000	20
chr3	 77000000	 75900000	22
chr3	 79100000	 80300000	24
chr3	 86300000	 87050000	15
chr3	 86800000	 86300000	10
chr3	 86800000	 87300000	10
chr3	 88800000	 90300000	30
chr3	 91000000	 92200000	24
chr3	 91650000	 91300000	7
chr3	 96750000	 99950000	64
chr3	 97450000	 95800000	33
chr3	 98100000	 99300000	24
chr3	 98800000	 97850000	19
chr3	100800000	102550000	35
chr3	105350000	106050000	14
chr3	108900000	106000000	58
chr3	110950000	111750000	16
chr3	111100000	112850000	35
chr3	112150000	113200000	21
chr3	112200000	112300000	2
chr3	113200000	114150000	19
chr3	114500000	112500000	40
chr3	114900000	114650000	5
chr3	123400000	122100000	26
chr3	123650000	121700000	39
chr3	124000000	124700000	14
chr3	125550000	124650000	18
chr3	127900000	128600000	14
chr3	130200000	128150000	41
chr3	130650000	131450000	16
chr3	130700000	129850000	17
chr3	131500000	131900000	8
chr3	133800000	134800000	20
chr3	135050000	135950000	18
chr3	137850000	136350000	30
chr3	138150000	136900000	25
chr3	140650000	142150000	30
chr3	141100000	142000000	18
chr3	141300000	141950000	13
chr3	141750000	140550000	24
chr3	141750000	140750000	20
chr3	142600000	143550000	19
chr3	146800000	148500000	34
chr3	147350000	147750000	8
chr3	147750000	146800000	19
chr3	148750000	149650000	18
chr3	149150000	150800000	33
chr3	149700000	150450000	15
chr3	150800000	151400000	12
chr3	153050000	153950000	18
chr3	157550000	156500000	21
chr3	159450000	158000000	29
chr4	  2500000	  4400000	38
chr4	  4700000	  5300000	12
chr4	  5000000	  3750000	25
chr4	  5150000	  5700000	11
chr4	  6900000	  9100000	44
chr4	  8200000	  9050000	17
chr4	  8350000	  6750000	32
chr4	 11950000	 10950000	20
chr4	 12300000	 12750000	9
chr4	 13200000	 12500000	14
chr4	 15100000	 15500000	8
chr4	 21100000	 20200000	18
chr4	 21100000	 22050000	19
chr4	 22050000	 20550000	30
chr4	 22750000	 21050000	34
chr4	 23250000	 23750000	10
chr4	 24000000	 26550000	51
chr4	 24800000	 24000000	16
chr4	 26350000	 27350000	20
chr4	 26400000	 24750000	33
chr4	 26950000	 28250000	26
chr4	 28100000	 28700000	12
chr4	 29600000	 28950000	13
chr4	 33450000	 32200000	25
chr4	 33500000	 33800000	6
chr4	 34850000	 36200000	27
chr4	 35900000	 35250000	13
chr4	 36650000	 35700000	19
chr4	 37600000	 36550000	21
chr4	 37750000	 36100000	33
chr4	 40150000	 40700000	11
chr4	 43750000	 42600000	23
chr4	 43850000	 44300000	9
chr4	 44050000	 45300000	25
chr4	 44200000	 42850000	27
chr4	 44350000	 45750000	28
chr4	 47350000	 46850000	10
chr4	 49700000	 50650000	19
chr4	 50300000	 51400000	22
chr4	 52050000	 51500000	11
chr4	 53150000	 54450000	26
chr4	 54350000	 53500000	17
chr4	 55850000	 55250000	12
chr4	 56250000	 57250000	20
chr4	 56800000	 58200000	28
chr4	 58150000	 60050000	38
chr4	 58800000	 58150000	13
chr4	 60850000	 62050000	24
chr4	 61400000	 64300000	58
chr4	 64700000	 66050000	27
chr4	 64900000	 63150000	35
chr4	 65150000	 63100000	41
chr4	 70850000	 69350000	30
chr4	 71400000	 70200000	24
chr4	 73750000	 75350000	32
chr4	 75100000	 76600000	30
chr4	 75150000	 74250000	18
chr4	 76000000	 75400000	12
chr4	 76450000	 75300000	23
chr4	 77850000	 76550000	26
chr4	 78950000	 79750000	16
chr4	 79100000	 78050000	21
chr4	 79500000	 80500000	20
chr4	 79850000	 79050000	16
chr4	 80450000	 79850000	12
chr4	 80750000	 81750000	20
chr4	 82250000	 80700000	31
chr4	 82450000	 80400000	41
chr4	 82700000	 81850000	17
chr4	 83050000	 84100000	21
chr4	 85750000	 87100000	27
chr4	 86950000	 85950000	20
chr4	 87100000	 83650000	69
chr4	 88350000	 87750000	12
chr4	 88450000	 87200000	25
chr4	 89000000	 88000000	20
chr4	 89250000	 85500000	75
chr4	 90950000	 92200000	25
chr4	 91600000	 89300000	46
chr4	 92200000	 89050000	63
chr4	 97450000	 98200000	15
chr4	100350000	101000000	13
chr4	100500000	101400000	18
chr4	101500000	100850000	13
chr4	103850000	105750000	38
chr4	104550000	103550000	20
chr4	104750000	104100000	13
chr4	107450000	106500000	19
chr4	107650000	105500000	43
chr4	107700000	108650000	19
chr4	109700000	112850000	63
chr4	109750000	110050000	6
chr4	109950000	108100000	37
chr4	111900000	111150000	15
chr4	112500000	111650000	17
chr4	116400000	114800000	32
chr4	116650000	117300000	13
chr4	119800000	119400000	8
chr4	120350000	120650000	6
chr4	120400000	121300000	18
chr4	120650000	119600000	21
chr4	124000000	124450000	9
chr4	124500000	122550000	39
chr4	125600000	125100000	10
chr4	127750000	126650000	22
chr4	130350000	131600000	25
chr4	131350000	130200000	23
chr4	132800000	131350000	29
chr4	133800000	134250000	9
chr4	134150000	136000000	37
chr4	134550000	129700000	97
chr4	136700000	135050000	33
chr4	142850000	144350000	30
chr4	145200000	143750000	29
chr4	150650000	152550000	38
chr4	151900000	152250000	7
chr4	152200000	150500000	34
chr4	152700000	152000000	14
chr4	152800000	151400000	28
chr4	152800000	151600000	24
chr4	154250000	153150000	22
chr4	155350000	154450000	18
chr4	155350000	155000000	7
chr5	  2700000	  2200000	10
chr5	  3900000	  5600000	34
chr5	  4350000	  3600000	15
chr5	  4950000	  3150000	36
chr5	  5650000	  7300000	33
chr5	  6100000	  5500000	12
chr5	  6500000	  7600000	22
chr5	  7050000	  7700000	13
chr5	 10000000	 10550000	11
chr5	 11600000	 14300000	54
chr5	 12450000	 13600000	23
chr5	 13500000	 12650000	17
chr5	 13950000	 12500000	29
chr5	 14450000	 13500000	19
chr5	 14950000	 16700000	35
chr5	 15200000	 15700000	10
chr5	 15850000	 18700000	57
chr5	 16650000	 11700000	99
chr5	 17100000	 15900000	24
chr5	 19100000	 20350000	25
chr5	 20350000	 21850000	30
chr5	 21950000	 22800000	17
chr5	 22550000	 24150000	32
chr5	 22850000	 23500000	13
chr5	 22900000	 24550000	33
chr5	 23000000	 24750000	35
chr5	 24100000	 24850000	15
chr5	 24350000	 23700000	13
chr5	 25050000	 24350000	14
chr5	 26050000	 27100000	21
chr5	 26900000	 25950000	19
chr5	 27150000	 27000000	3
chr5	 28250000	 26750000	30
chr5	 28600000	 27350000	25
chr5	 30550000	 31450000	18
chr5	 31300000	 30050000	25
chr5	 32100000	 30150000	39
chr5	 32200000	 32650000	9
chr5	 36350000	 35600000	15
chr5	 37550000	 39650000	42
chr5	 41550000	 41250000	6
chr5	 41650000	 40250000	28
chr5	 42950000	 43800000	17
chr5	 43400000	 45050000	33
chr5	 46050000	 45550000	10
chr5	 46450000	 45800000	13
chr5	 46600000	 46200000	8
chr5	 48050000	 47550000	10
chr5	 48150000	 46550000	32
chr5	 49400000	 50100000	14
chr5	 49450000	 48700000	15
chr5	 50700000	 49300000	28
chr5	 50700000	 49750000	19
chr5	 51700000	 52500000	16
chr5	 52650000	 56050000	68
chr5	 54350000	 55250000	18
chr5	 55800000	 54600000	24
chr5	 56350000	 60950000	92
chr5	 56400000	 57500000	22
chr5	 56750000	 56100000	13
chr5	 59700000	 60450000	15
chr5	 64200000	 63300000	18
chr5	 67100000	 65800000	26
chr5	 67500000	 66300000	24
chr5	 68200000	 66950000	25
chr5	 69150000	 67850000	26
chr5	 69400000	 67750000	33
chr5	 69400000	 68900000	10
chr5	 70350000	 72200000	37
chr5	 70750000	 71100000	7
chr5	 73800000	 72100000	34
chr5	 75950000	 75250000	14
chr5	 77200000	 78350000	23
chr5	 78050000	 77450000	12
chr5	 78600000	 77350000	25
chr5	 79000000	 77650000	27
chr5	 79700000	 80400000	14
chr5	 82800000	 82000000	16
chr5	 85850000	 85450000	8
chr5	 92850000	 92400000	9
chr5	 93100000	 92300000	16
chr5	 95250000	 94650000	12
chr5	 95500000	 94550000	19
chr5	 96300000	 95350000	19
chr5	 97900000	 95900000	40
chr5	 98850000	 99150000	6
chr5	102700000	101900000	16
chr5	103950000	104800000	17
chr5	105100000	104400000	14
chr5	107000000	105850000	23
chr5	107700000	107000000	14
chr5	112700000	112000000	14
chr5	113150000	113700000	11
chr5	115850000	115300000	11
chr5	116100000	117800000	34
chr5	117050000	117750000	14
chr5	118100000	119350000	25
chr5	118550000	119650000	22
chr5	119900000	118000000	38
chr5	120150000	119650000	10
chr5	121250000	122050000	16
chr5	122700000	122050000	13
chr5	123350000	123900000	11
chr5	124100000	125700000	32
chr5	124500000	123900000	12
chr5	131100000	131850000	15
chr5	131650000	130850000	16
chr5	133350000	131800000	31
chr5	135000000	133650000	27
chr5	136550000	137950000	28
chr5	136850000	135050000	36
chr5	141250000	142100000	17
chr5	144850000	143900000	19
chr5	145350000	144750000	12
chr5	145400000	146400000	20
chr5	146600000	145650000	19
chr5	147400000	147600000	4
chr5	149000000	148050000	19
chr5	149550000	150000000	9
chr5	149650000	149000000	13
chr5	151750000	150900000	17
chr6	   650000	  2850000	44
chr6	   700000	   150000	11
chr6	  2250000	  3800000	31
chr6	  2800000	  4600000	36
chr6	  3000000	  1900000	22
chr6	  3150000	  4100000	19
chr6	  3200000	  3900000	14
chr6	  3200000	  4600000	28
chr6	  3850000	  2800000	21
chr6	  4350000	  5200000	17
chr6	  4600000	  5050000	9
chr6	  8750000	  7000000	35
chr6	 10400000	 10150000	5
chr6	 10650000	 11100000	9
chr6	 11050000	 12250000	24
chr6	 11900000	 12200000	6
chr6	 13400000	 13700000	6
chr6	 16000000	 13900000	42
chr6	 16550000	 15000000	31
chr6	 19400000	 18600000	16
chr6	 20050000	 19350000	14
chr6	 20250000	 22300000	41
chr6	 20350000	 21550000	24
chr6	 23400000	 22400000	20
chr6	 25050000	 25650000	12
chr6	 25850000	 24650000	24
chr6	 26250000	 26600000	7
chr6	 28150000	 30650000	50
chr6	 28650000	 29050000	8
chr6	 30500000	 32450000	39
chr6	 30700000	 28900000	36
chr6	 31050000	 35700000	93
chr6	 32600000	 35150000	51
chr6	 34950000	 33800000	23
chr6	 35100000	 36800000	34
chr6	 35150000	 35650000	10
chr6	 35350000	 36550000	24
chr6	 38500000	 37800000	14
chr6	 39800000	 40850000	21
chr6	 42500000	 41900000	12
chr6	 45300000	 46300000	20
chr6	 48400000	 49500000	22
chr6	 49600000	 49050000	11
chr6	 50450000	 51800000	27
chr6	 51000000	 49850000	23
chr6	 52350000	 50700000	33
chr6	 55200000	 54300000	18
chr6	 55800000	 56650000	17
chr6	 56600000	 54900000	34
chr6	 58400000	 59450000	21
chr6	 58450000	 56050000	48
chr6	 60000000	 61800000	36
chr6	 61500000	 62700000	24
chr6	 61600000	 62050000	9
chr6	 61850000	 63800000	39
chr6	 61900000	 60950000	19
chr6	 62600000	 62150000	9
chr6	 62700000	 60500000	44
chr6	 63850000	 63100000	15
chr6	 64600000	 65550000	19
chr6	 69900000	 68550000	27
chr6	 70150000	 69250000	18
chr6	 70350000	 69650000	14
chr6	 70950000	 69800000	23
chr6	 70950000	 71350000	8
chr6	 71200000	 72400000	24
chr6	 73700000	 73450000	5
chr6	 74800000	 76200000	28
chr6	 76700000	 76200000	10
chr6	 79750000	 78350000	28
chr6	 81500000	 83300000	36
chr6	 82000000	 82950000	19
chr6	 82950000	 84000000	21
chr6	 83500000	 84800000	26
chr6	 85450000	 83850000	32
chr6	 86950000	 86550000	8
chr6	 87350000	 84950000	48
chr6	 90950000	 89500000	29
chr6	 91600000	 92900000	26
chr6	 92500000	 93350000	17
chr6	 93100000	 92300000	16
chr6	 93550000	 95300000	35
chr6	 94300000	 95850000	31
chr6	 95100000	 94400000	14
chr6	 95200000	 95800000	12
chr6	100150000	103100000	59
chr6	100500000	 99450000	21
chr6	100600000	100900000	6
chr6	101650000	100900000	15
chr6	107750000	109600000	37
chr6	108050000	109850000	36
chr6	108900000	109450000	11
chr6	109500000	108900000	12
chr6	110000000	111700000	34
chr6	110800000	109800000	20
chr6	112400000	112750000	7
chr6	113800000	113150000	13
chr6	115200000	117100000	38
chr6	115400000	116500000	22
chr6	115450000	116200000	15
chr6	115550000	116750000	24
chr6	116750000	117850000	22
chr6	116950000	113650000	66
chr6	118200000	119050000	17
chr6	118450000	117800000	13
chr6	119100000	118650000	9
chr6	119100000	120200000	22
chr6	119900000	120350000	9
chr6	121500000	120700000	16
chr6	123200000	118650000	91
chr6	123200000	124400000	24
chr6	124000000	121650000	47
chr6	125600000	126950000	27
chr6	126200000	127350000	23
chr6	128800000	128350000	9
chr6	129750000	128250000	30
chr6	130900000	131650000	15
chr6	132100000	131250000	17
chr6	132600000	131900000	14
chr6	133100000	132850000	5
chr6	134500000	135500000	20
chr6	138550000	137350000	24
chr6	138900000	137800000	22
chr6	138950000	140650000	34
chr6	139300000	140300000	20
chr6	140100000	139550000	11
chr6	143750000	144450000	14
chr6	144050000	146100000	41
chr6	144850000	146100000	25
chr6	146150000	143700000	49
chr6	146500000	147800000	26
chr6	147000000	145450000	31
chr6	147000000	147450000	9
chr7	  1150000	  2800000	33
chr7	  2050000	  1750000	6
chr7	  3850000	  4700000	17
chr7	  4300000	  3600000	14
chr7	  4600000	  7350000	55
chr7	  5050000	  7250000	44
chr7	  5200000	  5000000	4
chr7	  7200000	  7750000	11
chr7	  7700000	  5950000	35
chr7	  8350000	  7150000	24
chr7	  8650000	  7650000	20
chr7	  8900000	  8900000	0
chr7	  9900000	 10500000	12
chr7	 10050000	 11850000	36
chr7	 10350000	  9550000	16
chr7	 11750000	 12550000	16
chr7	 12350000	 12800000	9
chr7	 13650000	 11700000	39
chr7	 16700000	 18200000	30
chr7	 18650000	 16550000	42
chr7	 19600000	 20700000	22
chr7	 23150000	 23900000	15
chr7	 23200000	 21800000	28
chr7	 25850000	 26550000	14
chr7	 26250000	 28500000	45
chr7	 32400000	 32800000	8
chr7	 33950000	 33650000	6
chr7	 35400000	 37100000	34
chr7	 35450000	 35150000	6
chr7	 35900000	 35250000	13
chr7	 35950000	 33550000	48
chr7	 39100000	 38350000	15
chr7	 39250000	 40200000	19
chr7	 41550000	 42550000	20
chr7	 41750000	 42750000	20
chr7	 41850000	 40350000	30
chr7	 42500000	 44600000	42
chr7	 43250000	 44050000	16
chr7	 43350000	 44050000	14
chr7	 43900000	 40550000	67
chr7	 44350000	 44950000	12
chr7	 44450000	 43550000	18
chr7	 45500000	 46700000	24
chr7	 45700000	 46200000	10
chr7	 47350000	 48700000	27
chr7	 47900000	 47350000	11
chr7	 48450000	 47000000	29
chr7	 49600000	 48600000	20
chr7	 51700000	 50800000	18
chr7	 52650000	 52000000	13
chr7	 53650000	 52100000	31
chr7	 53750000	 54400000	13
chr7	 56600000	 54950000	33
chr7	 57100000	 56750000	7
chr7	 57750000	 55200000	51
chr7	 58050000	 56150000	38
chr7	 62050000	 62700000	13
chr7	 62650000	 63000000	7
chr7	 62850000	 65300000	49
chr7	 63900000	 65700000	36
chr7	 64500000	 64700000	4
chr7	 67350000	 64800000	51
chr7	 68250000	 69150000	18
chr7	 69850000	 68350000	30
chr7	 70950000	 70150000	16
chr7	 72700000	 71500000	24
chr7	 76850000	 77650000	16
chr7	 79800000	 78400000	28
chr7	 80000000	 78000000	40
chr7	 83500000	 85550000	41
chr7	 84250000	 83100000	23
chr7	 85550000	 84950000	12
chr7	 86150000	 84950000	24
chr7	 86850000	 87550000	14
chr7	 88050000	 90000000	39
chr7	 88850000	 87200000	33
chr7	 89450000	 88150000	26
chr7	 90750000	 89400000	27
chr7	 91500000	 90700000	16
chr7	 94100000	 93300000	16
chr7	 97000000	 95750000	25
chr7	 98700000	 98000000	14
chr7	 99250000	 96550000	54
chr7	100300000	101150000	17
chr7	102000000	103150000	23
chr7	102850000	103700000	17
chr7	102900000	105100000	44
chr7	103350000	100950000	48
chr7	105300000	103750000	31
chr7	110150000	116150000	120
chr7	113050000	112450000	12
chr7	114100000	114950000	17
chr7	114550000	113600000	19
chr7	115000000	114050000	19
chr7	116750000	115900000	17
chr7	116950000	117900000	19
chr7	117700000	116850000	17
chr7	118700000	117700000	20
chr7	118750000	120500000	35
chr7	120050000	122150000	42
chr7	123400000	122550000	17
chr7	124900000	127150000	45
chr7	125750000	126450000	14
chr7	128550000	127150000	28
chr7	130750000	129650000	22
chr7	132500000	131200000	26
chr7	132950000	132700000	5
chr7	136800000	135950000	17
chr7	140050000	140050000	0
chr7	141050000	139800000	25
chr7	143300000	142900000	8
chr7	143650000	144400000	15
chr7	144800000	142800000	40
chr8	  3150000	  4050000	18
chr8	  7150000	  7750000	12
chr8	  7400000	  7750000	7
chr8	  8550000	  7600000	19
chr8	  8850000	  9650000	16
chr8	 10000000	 13600000	72
chr8	 10850000	  9400000	29
chr8	 11450000	  8100000	67
chr8	 11800000	 13550000	35
chr8	 12050000	 12750000	14
chr8	 13800000	 14350000	11
chr8	 13900000	 12950000	19
chr8	 15150000	 12350000	56
chr8	 15550000	 16550000	20
chr8	 15850000	 16800000	19
chr8	 15900000	 14900000	20
chr8	 17050000	 19900000	57
chr8	 19300000	 18600000	14
chr8	 19900000	 18850000	21
chr8	 20000000	 19150000	17
chr8	 20100000	 20850000	15
chr8	 21600000	 22500000	18
chr8	 23150000	 24000000	17
chr8	 25150000	 24050000	22
chr8	 26050000	 23300000	55
chr8	 28150000	 26100000	41
chr8	 28500000	 25250000	65
chr8	 28650000	 26500000	43
chr8	 32450000	 32450000	0
chr8	 32900000	 34000000	22
chr8	 33050000	 33250000	4
chr8	 33400000	 35100000	34
chr8	 36750000	 35400000	27
chr8	 38350000	 39100000	15
chr8	 39300000	 38650000	13
chr8	 39900000	 39050000	17
chr8	 42550000	 43950000	28
chr8	 44150000	 44750000	12
chr8	 44450000	 45300000	17
chr8	 44900000	 42800000	42
chr8	 45600000	 44150000	29
chr8	 51450000	 51050000	8
chr8	 52450000	 51400000	21
chr8	 52500000	 50700000	36
chr8	 55000000	 54750000	5
chr8	 55100000	 54550000	11
chr8	 56500000	 58450000	39
chr8	 57650000	 58850000	24
chr8	 57700000	 58550000	17
chr8	 57850000	 58400000	11
chr8	 58350000	 58100000	5
chr8	 58800000	 59200000	8
chr8	 59800000	 59350000	9
chr8	 61750000	 63050000	26
chr8	 62350000	 61900000	9
chr8	 63200000	 61300000	38
chr8	 64700000	 63950000	15
chr8	 64850000	 65450000	12
chr8	 64950000	 64400000	11
chr8	 67100000	 68600000	30
chr8	 68250000	 67600000	13
chr8	 68450000	 69050000	12
chr8	 68800000	 69750000	19
chr8	 69500000	 68850000	13
chr8	 72950000	 70850000	42
chr8	 74650000	 75150000	10
chr8	 76000000	 74900000	22
chr8	 76100000	 74450000	33
chr8	 78100000	 79400000	26
chr8	 84050000	 84800000	15
chr8	 85250000	 84350000	18
chr8	 85300000	 85900000	12
chr8	 85500000	 84200000	26
chr8	 89900000	 88450000	29
chr8	 90100000	 90850000	15
chr8	 90450000	 89400000	21
chr8	 92000000	 93450000	29
chr8	 92800000	 91750000	21
chr8	 95450000	 96100000	13
chr8	 96650000	 98950000	46
chr8	 96800000	 97300000	10
chr8	 97950000	 99350000	28
chr8	 99600000	 97500000	42
chr8	100850000	 99800000	21
chr8	103850000	104100000	5
chr8	105000000	105700000	14
chr8	108100000	107550000	11
chr8	108650000	107400000	25
chr8	108700000	109400000	14
chr8	109250000	109250000	0
chr8	109300000	110800000	30
chr8	109450000	111500000	41
chr8	109600000	111000000	28
chr8	111750000	110600000	23
chr8	117450000	118500000	21
chr8	117750000	120050000	46
chr8	120400000	119650000	15
chr8	121150000	122300000	23
chr8	123650000	122150000	30
chr8	123700000	124350000	13
chr8	123850000	123400000	9
chr8	126000000	126700000	14
chr8	126200000	125100000	22
chr8	126800000	125650000	23
chr8	127650000	125700000	39
chr9	   700000	  1000000	6
chr9	  2750000	  2000000	15
chr9	  6000000	  4700000	26
chr9	  6450000	  5650000	16
chr9	  6500000	  5850000	13
chr9	  7550000	  6950000	12
chr9	  8350000	  8800000	9
chr9	  9100000	 10250000	23
chr9	  9650000	  9200000	9
chr9	 10800000	  8700000	42
chr9	 11900000	 13800000	38
chr9	 12050000	 10800000	25
chr9	 12600000	 13400000	16
chr9	 13050000	 14300000	25
chr9	 13200000	 12850000	7
chr9	 14750000	 14050000	14
chr9	 16500000	 15800000	14
chr9	 17200000	 16800000	8
chr9	 18200000	 19050000	17
chr9	 19200000	 17800000	28
chr9	 19750000	 20550000	16
chr9	 19850000	 21450000	32
chr9	 20650000	 21950000	26
chr9	 22150000	 20850000	26
chr9	 24350000	 26100000	35
chr9	 24700000	 22200000	50
chr9	 24800000	 25950000	23
chr9	 27550000	 29100000	31
chr9	 28050000	 26250000	36
chr9	 28600000	 29100000	10
chr9	 29150000	 28800000	7
chr9	 32850000	 33350000	10
chr9	 34900000	 36600000	34
chr9	 37750000	 40000000	45
chr9	 39950000	 42000000	41
chr9	 40450000	 39300000	23
chr9	 44300000	 43400000	18
chr9	 46850000	 46350000	10
chr9	 48000000	 45400000	52
chr9	 49150000	 48400000	15
chr9	 53900000	 53100000	16
chr9	 54300000	 55250000	19
chr9	 56450000	 57550000	22
chr9	 58000000	 59000000	20
chr9	 60600000	 60900000	6
chr9	 63150000	 64150000	20
chr9	 63500000	 64350000	17
chr9	 63800000	 62700000	22
chr9	 71650000	 71100000	11
chr9	 76150000	 76700000	11
chr9	 76600000	 79450000	57
chr9	 76650000	 74750000	38
chr9	 77000000	 75850000	23
chr9	 77550000	 76600000	19
chr9	 77850000	 78600000	15
chr9	 78200000	 77200000	20
chr9	 79850000	 79000000	17
chr9	 81200000	 80800000	8
chr9	 81400000	 77600000	76
chr9	 86100000	 85100000	20
chr9	 86600000	 85100000	30
chr9	 86600000	 85850000	15
chr9	 86850000	 85050000	36
chr9	 91750000	 93250000	30
chr9	 91800000	 92700000	18
chr9	 92450000	 93000000	11
chr9	 93550000	 92900000	13
chr9	 96550000	 99150000	52
chr9	100300000	 99050000	25
chr9	100900000	102100000	24
chr9	101750000	100450000	26
chr9	101750000	104100000	47
chr9	102100000	101850000	5
chr9	103800000	104550000	15
chr9	105700000	107750000	41
chr9	107150000	107400000	5
chr9	107350000	107900000	11
chr9	109500000	110950000	29
chr9	110250000	110550000	6
chr9	110550000	110050000	10
chr9	111000000	112300000	26
chr9	111900000	112450000	11
chr9	114050000	113650000	8
chr9	115700000	116950000	25
chr9	116400000	118400000	40
chr9	119500000	120500000	20
chr9	119850000	119250000	12
chr9	120650000	122250000	32
chrX	   900000	  1600000	14
chrX	  2400000	   800000	32
chrX	  3100000	  4400000	26
chrX	  3350000	  3350000	0
chrX	  3850000	  5150000	26
chrX	  3950000	  2500000	29
chrX	  4300000	  6150000	37
chrX	  4950000	  4250000	14
chrX	  5550000	  4100000	29
chrX	  7300000	  5350000	39
chrX	  7400000	  6350000	21
chrX	  7500000	  7100000	8
chrX	  9700000	  8350000	27
chrX	 10250000	 10850000	12
chrX	 13000000	 13400000	8
chrX	 18750000	 19050000	6
chrX	 21700000	 19500000	44
chrX	 22950000	 21900000	21
chrX	 24250000	 25300000	21
chrX	 24600000	 25850000	25
chrX	 28400000	 26550000	37
chrX	 28650000	 27300000	27
chrX	 28750000	 29650000	18
chrX	 29700000	 30350000	13
chrX	 29900000	 29000000	18
chrX	 30000000	 28800000	24
chrX	 31000000	 32100000	22
chrX	 32600000	 31950000	13
chrX	 32950000	 32050000	18
chrX	 33500000	 32750000	15
chrX	 36550000	 35450000	22
chrX	 37200000	 36650000	11
chrX	 38900000	 39900000	20
chrX	 41950000	 41650000	6
chrX	 43350000	 45100000	35
chrX	 44500000	 41750000	55
chrX	 45350000	 43800000	31
chrX	 45700000	 44700000	20
chrX	 48200000	 45600000	52
chrX	 48550000	 49600000	21
chrX	 54250000	 55300000	21
chrX	 54550000	 55850000	26
chrX	 55650000	 56500000	17
chrX	 55950000	 57000000	21
chrX	 57750000	 58350000	12
chrX	 59250000	 58700000	11
chrX	 59800000	 57300000	50
chrX	 60700000	 61750000	21
chrX	 61000000	 61850000	17
chrX	 62150000	 63550000	28
chrX	 63350000	 62150000	24
chrX	 67300000	 67900000	12
chrX	 67650000	 68500000	17
chrX	 73800000	 72550000	25
chrX	 74000000	 73450000	11
chrX	 74500000	 75600000	22
chrX	 74700000	 73800000	18
chrX	 81500000	 82700000	24
chrX	 82650000	 83550000	18
chrX	 83400000	 84200000	16
chrX	 83650000	 83750000	2
chrX	 83850000	 86300000	49
chrX	 85600000	 86600000	20
chrX	 85650000	 87500000	37
chrX	 86300000	 85250000	21
chrX	 86550000	 88200000	33
chrX	 90350000	 87400000	59
chrX	 90450000	 90000000	9
chrX	 91950000	 92400000	9
chrX	 93000000	 94000000	20
chrX	 94150000	 93350000	16
chrX	 94750000	 95950000	24
chrX	 95300000	 96850000	31
chrX	 96500000	 94550000	39
chrX	 98900000	 98550000	7
chrX	 99850000	101400000	31
chrX	100300000	102100000	36
chrX	101850000	101150000	14
chrX	102050000	101150000	18
chrX	102500000	101750000	15
chrX	102600000	103400000	16
chrX	103250000	104000000	15
chrX	104200000	105850000	33
chrX	107200000	106350000	17
chrX	107650000	106550000	22
chrX	107650000	108000000	7
chrX	111550000	112300000	15
chrX	112150000	110500000	33
chrX	113100000	112550000	11
chrX	114050000	114350000	6
chrX	121150000	122900000	35
chrX	122900000	122400000	10
chrX	123950000	122900000	21
chrX	124200000	125850000	33
chrX	124700000	126100000	28
chrX	125850000	128450000	52
chrX	126550000	127000000	9
chrX	128000000	129400000	28
chrX	130100000	128900000	24
chrX	131100000	128650000	49
chrX	131900000	130950000	19
chrX	132000000	132800000	16
chrX	133900000	133050000	17
chrX	135650000	132400000	65
chrX	135900000	137350000	29
chrX	136000000	137150000	23
chrX	136100000	135750000	7
chrX	136300000	135450000	17
chrX	139700000	139100000	12
chrX	142850000	144050000	24
chrX	143750000	142900000	17
chrX	143900000	145500000	32
chrX	144000000	144900000	18
chrX	146700000	145450000	25
chrX	150050000	149000000	21
chrX	151900000	150550000	27
chrX	152450000	153000000	11
chrX	152550000	153200000	13
chrX	153600000	155000000	28
chrX	153950000	150950000	60
chrX	154300000	152100000	44
chrX	156250000	155050000	24
chrX	160200000	159800000	8
chrX	160250000	161500000	25
chrX	160900000	161500000	12
chrX	161650000	160800000	17
chrX	164650000	163450000	24
chrX	164800000	163650000	23
chrX	165550000	166700000	23
chrX	168600000	166350000	45
chrX	169650000	170900000	25
chrY	   600000	  2250000	33
chrY	  3850000	  2650000	24
chrY	  4150000	  1700000	49
chrY	  4450000	  3400000	21
chrY	  6350000	  7100000	15
chrY	  9500000	 10200000	14
chrY	 10050000	 11150000	22
chrY	 13250000	 12700000	11
chrY	 13550000	 11650000	38
chrY	 14400000	 12400000	40
chrY	 14600000	 13750000	17
chrY	 16400000	 15500000	18
chrY	 17850000	 18500000	13
chrY	 19150000	 18450000	14
chrY	 19300000	 16750000	51
chrY	 19900000	 22250000	47
chrY	 20050000	 20850000	16
chrY	 26350000	 25250000	22
chrY	 29750000	 27400000	47
chrY	 35100000	 34750000	7
chrY	 35150000	 36750000	32
chrY	 35750000	 34350000	28
chrY	 35850000	 34750000	22
chrY	 35850000	 37050000	24
chrY	 38600000	 39250000	13
chrY	 40700000	 42350000	33
chrY	 43400000	 44000000	12
chrY	 48200000	 47100000	22
chrY	 49150000	 49700000	11
chrY	 51550000	 52450000	18
chrY	 55450000	 54750000	14
chrY	 57150000	 55750000	28
chrY	 58950000	 60550000	32
chrY	 59050000	 60100000	21
chrY	 59550000	 60100000	11
chrY	 61750000	 60750000	20
chrY	 62600000	 63850000	25
chrY	 63200000	 63500000	6
chrY	 64150000	 65600000	29
chrY	 64350000	 62150000	44
chrY	 65050000	 66800000	35
chrY	 65250000	 66250000	20
chrY	 68200000	 67300000	18
chrY	 69350000	 71100000	35
chrY	 69500000	 68250000	25
chrY	 74500000	 74700000	4
chrY	 74900000	 75150000	5
chrY	 75250000	 76100000	17
chrY	 75550000	 77350000	36
chrY	 75700000	 75050000	13
chrY	 76950000	 78800000	37
chrY	 77500000	 78350000	17
chrY	 78250000	 76500000	35
chrY	 80100000	 82350000	45
chrY	 80600000	 81000000	8
chrY	 85750000	 86800000	21
chrY	 88900000	 88450000	9
