chr1	  2050000	  1200000	17
chr1	  2800000	  1500000	26
chr1	  3450000	  2000000	29
chr1	  4700000	  4100000	12
chr1	  4750000	  5650000	18
chr1	  5700000	  4300000	28
chr1	  6300000	  7100000	16
chr1	  9150000	 10200000	21
chr1	  9600000	  8100000	30
chr1	 10350000	 11950000	32
chr1	 11750000	 13000000	25
chr1	 13350000	 12650000	14
chr1	 14350000	 13650000	14
chr1	 18150000	 19750000	32
chr1	 18200000	 17350000	17
chr1	 19650000	 20350000	14
chr1	 20900000	 22100000	24
chr1	 21250000	 21700000	9
chr1	 24500000	 24100000	8
chr1	 25050000	 25750000	14
chr1	 25150000	 23450000	34
chr1	 28350000	 30150000	36
chr1	 28750000	 26950000	36
chr1	 30300000	 28000000	46
chr1	 30350000	 29800000	11
chr1	 31550000	 31250000	6
chr1	 34350000	 35450000	22
chr1	 35000000	 36550000	31
chr1	 35700000	 35150000	11
chr1	 36100000	 36950000	17
chr1	 36700000	 38050000	27
chr1	 37750000	 39300000	31
chr1	 40800000	 38900000	38
chr1	 41550000	 40600000	19
chr1	 43250000	 44200000	19
chr1	 44600000	 46250000	33
chr1	 46100000	 46600000	10
chr1	 46400000	 45900000	10
chr1	 51600000	 54050000	49
chr1	 52750000	 52200000	11
chr1	 54450000	 53700000	15
chr1	 55750000	 52350000	68
chr1	 58800000	 59250000	9
chr1	 59050000	 58450000	12
chr1	 61400000	 64100000	54
chr1	 62750000	 61300000	29
chr1	 64350000	 67850000	70
chr1	 66250000	 65300000	19
chr1	 66300000	 66900000	12
chr1	 67400000	 69400000	40
chr1	 67650000	 67200000	9
chr1	 68100000	 65300000	56
chr1	 70350000	 71450000	22
chr1	 71450000	 72750000	26
chr1	 71650000	 72400000	15
chr1	 73650000	 72600000	21
chr1	 74250000	 76050000	36
chr1	 79200000	 81250000	41
chr1	 80650000	 79850000	16
chr1	 81700000	 79150000	51
chr1	 83450000	 84150000	14
chr1	 85250000	 83350000	38
chr1	 88200000	 87450000	15
chr1	 89350000	 87550000	36
chr1	 93150000	 92400000	15
chr1	 93950000	 95950000	40
chr1	 94100000	 93050000	21
chr1	 94250000	 92500000	35
chr1	 94550000	 94950000	8
chr1	 95150000	 93300000	37
chr1	 96600000	 94650000	39
chr1	 97200000	 96050000	23
chr1	 98700000	 97400000	26
chr1	101300000	101300000	0
chr1	106000000	106850000	17
chr1	112950000	114200000	25
chr1	113850000	114850000	20
chr1	117500000	118700000	24
chr1	120450000	120750000	6
chr1	124600000	125700000	22
chr1	126950000	128350000	28
chr1	129200000	129950000	15
chr1	129200000	131300000	42
chr1	131950000	130650000	26
chr1	132800000	133800000	20
chr1	133000000	132050000	19
chr1	134450000	135450000	20
chr1	134650000	133850000	16
chr1	135100000	134100000	20
chr1	135450000	133750000	34
chr1	138050000	136400000	33
chr1	139200000	138700000	10
chr1	140100000	139150000	19
chr1	140150000	139200000	19
chr1	141950000	141400000	11
chr1	143300000	142250000	21
chr1	144450000	142650000	36
chr1	145700000	146750000	21
chr1	152600000	151150000	29
chr1	153300000	154400000	22
chr1	156500000	155750000	15
chr1	157000000	154200000	56
chr1	157250000	158100000	17
chr1	157350000	156750000	12
chr1	160400000	161500000	22
chr1	163700000	164700000	20
chr1	164200000	165200000	20
chr1	165500000	166350000	17
chr1	165600000	166550000	19
chr1	165750000	166600000	17
chr1	166500000	165300000	24
chr1	171900000	170550000	27
chr1	172200000	172650000	9
chr1	173500000	172050000	29
chr1	173750000	175250000	30
chr1	175200000	176600000	28
chr1	176200000	175850000	7
chr1	177750000	176500000	25
chr1	177850000	176500000	27
chr1	178400000	177750000	13
chr1	179600000	181350000	35
chr1	182250000	180750000	30
chr1	186400000	187500000	22
chr1	187550000	187900000	7
chr1	188250000	187550000	14
chr1	191100000	192900000	36
chr1	191200000	190150000	21
chr1	192400000	191400000	20
chr1	193300000	194500000	24
chr1	194750000	193800000	19
chr10	  1400000	   150000	25
chr10	  1850000	  2750000	18
chr10	  2350000	  5750000	68
chr10	  2400000	   600000	36
chr10	  6750000	  7400000	13
chr10	  7900000	  7150000	15
chr10	  7950000	  9300000	27
chr10	 11400000	 10700000	14
chr10	 13000000	 11950000	21
chr10	 13350000	 11600000	35
chr10	 14900000	 16300000	28
chr10	 17550000	 18950000	28
chr10	 18600000	 18250000	7
chr10	 22050000	 21050000	20
chr10	 22200000	 23850000	33
chr10	 22700000	 21400000	26
chr10	 22900000	 23350000	9
chr10	 24000000	 23400000	12
chr10	 24950000	 24950000	0
chr10	 25350000	 26100000	15
chr10	 26300000	 27650000	27
chr10	 26750000	 25950000	16
chr10	 28600000	 28050000	11
chr10	 29300000	 31250000	39
chr10	 30950000	 32300000	27
chr10	 32600000	 33800000	24
chr10	 33100000	 32400000	14
chr10	 34250000	 32400000	37
chr10	 38800000	 38550000	5
chr10	 39550000	 37400000	43
chr10	 39900000	 39000000	18
chr10	 41000000	 40100000	18
chr10	 43050000	 42000000	21
chr10	 45150000	 45750000	12
chr10	 45300000	 44400000	18
chr10	 45600000	 46950000	27
chr10	 46350000	 45200000	23
chr10	 52550000	 53900000	27
chr10	 55150000	 56550000	28
chr10	 59100000	 58300000	16
chr10	 59500000	 57900000	32
chr10	 62800000	 61250000	31
chr10	 63450000	 62600000	17
chr10	 64100000	 60500000	72
chr10	 64450000	 65450000	20
chr10	 65450000	 64200000	25
chr10	 68200000	 66350000	37
chr10	 71000000	 71550000	11
chr10	 72700000	 75200000	50
chr10	 73900000	 72800000	22
chr10	 74850000	 75450000	12
chr10	 77100000	 76200000	18
chr10	 78650000	 77750000	18
chr10	 81450000	 82200000	15
chr10	 82750000	 82000000	15
chr10	 83350000	 83750000	8
chr10	 85050000	 84000000	21
chr10	 85550000	 84300000	25
chr10	 86950000	 85750000	24
chr10	 87350000	 88150000	16
chr10	 88150000	 87100000	21
chr10	 88800000	 86850000	39
chr10	 89800000	 88400000	28
chr10	 94250000	 93650000	12
chr10	 96650000	 96100000	11
chr10	 97250000	 95800000	29
chr10	 97350000	 96400000	19
chr10	 98550000	 97500000	21
chr10	 98600000	 97700000	18
chr10	 98700000	101650000	59
chr10	 99050000	 99850000	16
chr10	101550000	102550000	20
chr10	101850000	102400000	11
chr10	104850000	102850000	40
chr10	106150000	104500000	33
chr10	106600000	107800000	24
chr10	108600000	109500000	18
chr10	110800000	111900000	22
chr10	112400000	111400000	20
chr10	113100000	111600000	30
chr10	113400000	113100000	6
chr10	113700000	113100000	12
chr10	115100000	114200000	18
chr10	115850000	116450000	12
chr10	116300000	115050000	25
chr10	116850000	116550000	6
chr10	118900000	119850000	19
chr10	118950000	120300000	27
chr10	119100000	117950000	23
chr10	119350000	119550000	4
chr10	119600000	120450000	17
chr10	120800000	119550000	25
chr10	125150000	126450000	26
chr10	126200000	125250000	19
chr10	126200000	127400000	24
chr10	128500000	127800000	14
chr10	129050000	128500000	11
chr11	  2350000	   100000	45
chr11	  6200000	  5550000	13
chr11	  6700000	  6400000	6
chr11	  7600000	  7200000	8
chr11	  7900000	  7150000	15
chr11	  8000000	  7250000	15
chr11	  9050000	 10800000	35
chr11	 10550000	 11100000	11
chr11	 11300000	 12700000	28
chr11	 12150000	 13800000	33
chr11	 13650000	 11750000	38
chr11	 14700000	 13800000	18
chr11	 16850000	 15650000	24
chr11	 18000000	 19500000	30
chr11	 18850000	 17650000	24
chr11	 27150000	 28300000	23
chr11	 28000000	 26550000	29
chr11	 31650000	 31650000	0
chr11	 31700000	 33150000	29
chr11	 33700000	 32000000	34
chr11	 34300000	 34750000	9
chr11	 34850000	 33850000	20
chr11	 37300000	 38350000	21
chr11	 37700000	 37100000	12
chr11	 39200000	 39850000	13
chr11	 39800000	 41100000	26
chr11	 39900000	 38450000	29
chr11	 40800000	 40400000	8
chr11	 42300000	 41800000	10
chr11	 42650000	 42000000	13
chr11	 42800000	 45050000	45
chr11	 43000000	 42300000	14
chr11	 43750000	 44950000	24
chr11	 46250000	 48450000	44
chr11	 46450000	 48650000	44
chr11	 46850000	 47600000	15
chr11	 47600000	 47150000	9
chr11	 48550000	 49500000	19
chr11	 50100000	 49000000	22
chr11	 51850000	 52750000	18
chr11	 52000000	 54450000	49
chr11	 53500000	 52650000	17
chr11	 53550000	 58050000	90
chr11	 53600000	 56000000	48
chr11	 54200000	 53300000	18
chr11	 55400000	 56650000	25
chr11	 58050000	 56950000	22
chr11	 58550000	 58850000	6
chr11	 59600000	 59900000	6
chr11	 65550000	 66350000	16
chr11	 66400000	 67300000	18
chr11	 66850000	 65900000	19
chr11	 67700000	 66550000	23
chr11	 70550000	 71300000	15
chr11	 71600000	 70600000	20
chr11	 73800000	 73050000	15
chr11	 73950000	 73500000	9
chr11	 74850000	 73550000	26
chr11	 75250000	 74400000	17
chr11	 76300000	 74900000	28
chr11	 76700000	 77650000	19
chr11	 76700000	 78050000	27
chr11	 82200000	 81700000	10
chr11	 82750000	 83450000	14
chr11	 83800000	 85250000	29
chr11	 84100000	 84400000	6
chr11	 87600000	 88050000	9
chr11	 88750000	 89350000	12
chr11	 89100000	 87700000	28
chr11	 89200000	 89800000	12
chr11	 89500000	 89000000	10
chr11	 92750000	 93600000	17
chr11	 93650000	 92950000	14
chr11	 93900000	 92050000	37
chr11	 94450000	 93400000	21
chr11	 94900000	 93950000	19
chr11	 95700000	 97300000	32
chr11	 96500000	 97950000	29
chr11	 96950000	 94600000	47
chr11	 98050000	 98200000	3
chr11	102400000	103550000	23
chr11	103850000	102600000	25
chr11	103850000	103550000	6
chr11	106050000	105050000	20
chr11	109100000	111000000	38
chr11	109200000	107800000	28
chr11	110950000	109600000	27
chr11	111150000	113050000	38
chr11	113450000	112650000	16
chr11	115050000	115750000	14
chr11	115950000	113750000	44
chr11	116500000	114750000	35
chr11	118950000	118050000	18
chr12	  1750000	   650000	22
chr12	  2400000	  3250000	17
chr12	  3350000	  2550000	16
chr12	  3700000	   200000	70
chr12	  6250000	  4000000	45
chr12	  6300000	  7050000	15
chr12	  6900000	  6150000	15
chr12	  7250000	  8700000	29
chr12	  7500000	  5450000	41
chr12	  7700000	  9100000	28
chr12	  7800000	  7800000	0
chr12	  8600000	  7550000	21
chr12	  9200000	  8000000	24
chr12	 10700000	 10100000	12
chr12	 10850000	 12000000	23
chr12	 13000000	 12050000	19
chr12	 20200000	 19000000	24
chr12	 21400000	 20700000	14
chr12	 21750000	 22650000	18
chr12	 21850000	 20750000	22
chr12	 24500000	 22950000	31
chr12	 25650000	 25100000	11
chr12	 25700000	 25300000	8
chr12	 25900000	 26950000	21
chr12	 27600000	 28300000	14
chr12	 30100000	 31200000	22
chr12	 30650000	 30800000	3
chr12	 30800000	 29450000	27
chr12	 31600000	 32700000	22
chr12	 32050000	 33750000	34
chr12	 32200000	 30750000	29
chr12	 34000000	 34800000	16
chr12	 35100000	 36600000	30
chr12	 36500000	 33800000	54
chr12	 36800000	 35150000	33
chr12	 38500000	 37600000	18
chr12	 40600000	 38800000	36
chr12	 40850000	 42250000	28
chr12	 42650000	 40950000	34
chr12	 42900000	 44200000	26
chr12	 44850000	 46200000	27
chr12	 46350000	 45050000	26
chr12	 49550000	 48950000	12
chr12	 50350000	 51700000	27
chr12	 51950000	 53050000	22
chr12	 53650000	 52250000	28
chr12	 55350000	 56150000	16
chr12	 55500000	 57050000	31
chr12	 55650000	 55050000	12
chr12	 55900000	 54850000	21
chr12	 56750000	 55100000	33
chr12	 57150000	 58800000	33
chr12	 57450000	 56650000	16
chr12	 58450000	 59750000	26
chr12	 58900000	 57900000	20
chr12	 59550000	 60950000	28
chr12	 62950000	 64250000	26
chr12	 63050000	 64300000	25
chr12	 63850000	 62650000	24
chr12	 66050000	 67100000	21
chr12	 66350000	 67600000	25
chr12	 70250000	 71250000	20
chr12	 71050000	 71450000	8
chr12	 71600000	 72400000	16
chr12	 72100000	 73100000	20
chr12	 72450000	 70600000	37
chr12	 73450000	 72600000	17
chr12	 74050000	 73250000	16
chr12	 75850000	 77500000	33
chr12	 78350000	 77850000	10
chr12	 80950000	 80950000	0
chr12	 82350000	 81700000	13
chr12	 84600000	 85300000	14
chr12	 85000000	 84300000	14
chr12	 85900000	 88400000	50
chr12	 86300000	 85050000	25
chr12	 86550000	 86800000	5
chr12	 87500000	 85950000	31
chr12	 90350000	 89600000	15
chr12	 90700000	 88450000	45
chr12	 92650000	 93400000	15
chr12	 94400000	 93550000	17
chr12	 94800000	 93500000	26
chr12	 95300000	 94250000	21
chr12	 95450000	 93900000	31
chr12	 96150000	 94950000	24
chr12	 99800000	 99100000	14
chr12	102200000	104350000	43
chr12	103950000	103050000	18
chr12	104850000	103400000	29
chr12	107450000	107450000	0
chr12	108750000	109550000	16
chr12	112650000	114000000	27
chr12	113150000	114600000	29
chr12	113450000	114100000	13
chr12	114650000	115150000	10
chr12	115000000	113700000	26
chr12	115150000	113750000	28
chr12	115250000	115600000	7
chr12	118000000	119950000	39
chr12	119000000	120100000	22
chr13	    50000	  1200000	23
chr13	  2850000	  1150000	34
chr13	  4550000	  4550000	0
chr13	  5050000	  3800000	25
chr13	  5550000	  6600000	21
chr13	  7200000	  4700000	50
chr13	  9150000	 10450000	26
chr13	  9650000	  7900000	35
chr13	 12050000	 11850000	4
chr13	 15200000	 14650000	11
chr13	 17100000	 18950000	37
chr13	 17900000	 17500000	8
chr13	 17900000	 17550000	7
chr13	 18550000	 19550000	20
chr13	 19050000	 19450000	8
chr13	 19300000	 15850000	69
chr13	 24050000	 24850000	16
chr13	 26650000	 28300000	33
chr13	 26800000	 27650000	17
chr13	 29700000	 29050000	13
chr13	 29950000	 27600000	47
chr13	 32150000	 33450000	26
chr13	 33100000	 34250000	23
chr13	 33850000	 33400000	9
chr13	 36000000	 37450000	29
chr13	 36550000	 37350000	16
chr13	 37850000	 36800000	21
chr13	 38800000	 40150000	27
chr13	 42450000	 43550000	22
chr13	 43450000	 45000000	31
chr13	 44600000	 43850000	15
chr13	 45050000	 44300000	15
chr13	 46500000	 48350000	37
chr13	 47000000	 50800000	76
chr13	 47500000	 48300000	16
chr13	 49050000	 47950000	22
chr13	 50300000	 48150000	43
chr13	 50650000	 49550000	22
chr13	 52550000	 53900000	27
chr13	 55600000	 54300000	26
chr13	 55800000	 54750000	21
chr13	 57200000	 58050000	17
chr13	 58400000	 59800000	28
chr13	 60050000	 60950000	18
chr13	 60550000	 60950000	8
chr13	 60700000	 61750000	21
chr13	 61300000	 63350000	41
chr13	 62000000	 62550000	11
chr13	 62100000	 61600000	10
chr13	 63400000	 64200000	16
chr13	 69800000	 68100000	34
chr13	 71800000	 71600000	4
chr13	 71950000	 70850000	22
chr13	 72850000	 73750000	18
chr13	 73150000	 74050000	18
chr13	 73400000	 72000000	28
chr13	 74950000	 75900000	19
chr13	 78850000	 79900000	21
chr13	 81300000	 81100000	4
chr13	 86350000	 86950000	12
chr13	 86700000	 87400000	14
chr13	 87000000	 87550000	11
chr13	 88500000	 89300000	16
chr13	 88550000	 87850000	14
chr13	 88850000	 89850000	20
chr13	 90000000	 90450000	9
chr13	 91050000	 92250000	24
chr13	 92450000	 92000000	9
chr13	 93150000	 93900000	15
chr13	 96000000	 95150000	17
chr13	 99150000	 98050000	22
chr13	101350000	102050000	14
chr13	101600000	102300000	14
chr13	102350000	100950000	28
chr13	102950000	104150000	24
chr13	103650000	104700000	21
chr13	104150000	103150000	20
chr13	104150000	104500000	7
chr13	105150000	107050000	38
chr13	106200000	108700000	50
chr13	106250000	102400000	77
chr13	110250000	109650000	12
chr13	111650000	113500000	37
chr13	113100000	112750000	7
chr13	114300000	113250000	21
chr13	114850000	116100000	25
chr13	117900000	118400000	10
chr14	   400000	  2300000	38
chr14	  1000000	        0	20
chr14	  1500000	   700000	16
chr14	  1900000	  3700000	36
chr14	  3400000	  2150000	25
chr14	  4150000	  3300000	17
chr14	  4600000	  5500000	18
chr14	  5600000	  4500000	22
chr14	  6950000	  7650000	14
chr14	  9200000	  8150000	21
chr14	 10800000	  9700000	22
chr14	 11250000	 11950000	14
chr14	 13500000	 14800000	26
chr14	 13750000	 11650000	42
chr14	 14000000	 15050000	21
chr14	 15300000	 14400000	18
chr14	 16950000	 17350000	8
chr14	 17100000	 16550000	11
chr14	 17650000	 19050000	28
chr14	 20350000	 21300000	19
chr14	 22800000	 22150000	13
chr14	 23400000	 25100000	34
chr14	 23500000	 25450000	39
chr14	 23600000	 24400000	16
chr14	 24150000	 24900000	15
chr14	 25150000	 26250000	22
chr14	 25350000	 25600000	5
chr14	 25850000	 25100000	15
chr14	 27050000	 28050000	20
chr14	 29100000	 31450000	47
chr14	 34850000	 36050000	24
chr14	 34950000	 32750000	44
chr14	 36350000	 34400000	39
chr14	 36600000	 35850000	15
chr14	 37200000	 38000000	16
chr14	 37200000	 38050000	17
chr14	 38400000	 37600000	16
chr14	 38550000	 37450000	22
chr14	 38600000	 39400000	16
chr14	 41100000	 40250000	17
chr14	 41600000	 40750000	17
chr14	 41650000	 39950000	34
chr14	 42100000	 44300000	44
chr14	 42100000	 44350000	45
chr14	 44150000	 43100000	21
chr14	 44600000	 42200000	48
chr14	 46350000	 45700000	13
chr14	 49050000	 49700000	13
chr14	 50300000	 49550000	15
chr14	 52750000	 53250000	10
chr14	 53450000	 54250000	16
chr14	 58200000	 60200000	40
chr14	 61050000	 62850000	36
chr14	 61750000	 64500000	55
chr14	 62200000	 61650000	11
chr14	 62400000	 63100000	14
chr14	 63500000	 62500000	20
chr14	 63700000	 58750000	99
chr14	 64850000	 66850000	40
chr14	 65650000	 66600000	19
chr14	 67750000	 66100000	33
chr14	 67900000	 67200000	14
chr14	 68300000	 67600000	14
chr14	 68300000	 67650000	13
chr14	 69050000	 71200000	43
chr14	 70150000	 71750000	32
chr14	 71500000	 72850000	27
chr14	 71900000	 76450000	91
chr14	 72750000	 74000000	25
chr14	 74900000	 72800000	42
chr14	 79350000	 79900000	11
chr14	 79800000	 79000000	16
chr14	 83150000	 84250000	22
chr14	 83500000	 82250000	25
chr14	 83700000	 82550000	23
chr14	 83700000	 84050000	7
chr14	 85450000	 87050000	32
chr14	 86350000	 87950000	32
chr14	 86450000	 85700000	15
chr14	 88050000	 88550000	10
chr14	 89200000	 89800000	12
chr14	 91100000	 91750000	13
chr14	 91150000	 89100000	41
chr14	 91950000	 92700000	15
chr14	 93000000	 92200000	16
chr14	 94400000	 93550000	17
chr14	 94450000	 95850000	28
chr14	 94500000	 95600000	22
chr14	 95350000	 94650000	14
chr14	 95600000	 96000000	8
chr14	 95800000	 97750000	39
chr14	 96350000	 95550000	16
chr14	102000000	102950000	19
chr14	103050000	103550000	10
chr14	104050000	104450000	8
chr14	104250000	105650000	28
chr14	104650000	105650000	20
chr14	105350000	106100000	15
chr14	105700000	103400000	46
chr14	106750000	105850000	18
chr14	106750000	108150000	28
chr14	112700000	114150000	29
chr14	112750000	110650000	42
chr14	114000000	115500000	30
chr14	114600000	114200000	8
chr14	115500000	117450000	39
chr14	116650000	115400000	25
chr14	116850000	117550000	14
chr14	120550000	121600000	21
chr14	122350000	123400000	21
chr14	123150000	124550000	28
chr15	  3700000	  5050000	27
chr15	  6450000	  7000000	11
chr15	 10200000	  9050000	23
chr15	 13700000	  7700000	120
chr15	 13700000	 11350000	47
chr15	 14750000	 16300000	31
chr15	 15750000	 16850000	22
chr15	 16000000	 14400000	32
chr15	 20800000	 21650000	17
chr15	 21850000	 22350000	10
chr15	 23700000	 21800000	38
chr15	 25100000	 23600000	30
chr15	 26700000	 25450000	25
chr15	 26850000	 28050000	24
chr15	 26900000	 27800000	18
chr15	 27150000	 28650000	30
chr15	 29800000	 29000000	16
chr15	 29850000	 31550000	34
chr15	 30700000	 32400000	34
chr15	 32800000	 31400000	28
chr15	 33600000	 34500000	18
chr15	 34500000	 32700000	36
chr15	 35600000	 33600000	40
chr15	 36400000	 36400000	0
chr15	 36900000	 37650000	15
chr15	 38500000	 37350000	23
chr15	 38500000	 38200000	6
chr15	 45000000	 45400000	8
chr15	 51000000	 50550000	9
chr15	 51050000	 51550000	10
chr15	 51850000	 52600000	15
chr15	 52700000	 52400000	6
chr15	 52850000	 52250000	12
chr15	 53800000	 52300000	30
chr15	 62350000	 64050000	34
chr15	 64000000	 64900000	18
chr15	 64200000	 63200000	20
chr15	 64500000	 66800000	46
chr15	 64600000	 65650000	21
chr15	 64950000	 63350000	32
chr15	 66300000	 67500000	24
chr15	 71050000	 71900000	17
chr15	 73050000	 71900000	23
chr15	 76350000	 75950000	8
chr15	 76750000	 76000000	15
chr15	 76800000	 78400000	32
chr15	 79900000	 77500000	48
chr15	 80150000	 80700000	11
chr15	 80700000	 80350000	7
chr15	 83900000	 83300000	12
chr15	 85650000	 86800000	23
chr15	 86550000	 87250000	14
chr15	 87600000	 86750000	17
chr15	 88050000	 86500000	31
chr15	 88300000	 90750000	49
chr15	 88650000	 90100000	29
chr15	 88750000	 88200000	11
chr15	 90200000	 91250000	21
chr15	 92700000	 91700000	20
chr15	 92750000	 93450000	14
chr15	 93050000	 92200000	17
chr15	 93350000	 92750000	12
chr15	 93450000	 93900000	9
chr15	 94450000	 95150000	14
chr15	 97400000	 98450000	21
chr15	 98250000	 99750000	30
chr15	 98500000	 99550000	21
chr15	102650000	101050000	32
chr16	  2200000	  1500000	14
chr16	  4650000	  5500000	17
chr16	  4850000	  5950000	22
chr16	  5000000	  3800000	24
chr16	  7550000	  5100000	49
chr16	  8600000	  8100000	10
chr16	  8650000	 10600000	39
chr16	 10200000	 11250000	21
chr16	 10250000	 11250000	20
chr16	 10750000	 11750000	20
chr16	 12550000	 12200000	7
chr16	 13450000	 12600000	17
chr16	 14750000	 15350000	12
chr16	 16700000	 17650000	19
chr16	 17900000	 18700000	16
chr16	 19200000	 18200000	20
chr16	 19500000	 17600000	38
chr16	 20150000	 19050000	22
chr16	 21900000	 23900000	40
chr16	 24500000	 24850000	7
chr16	 24600000	 24100000	10
chr16	 26150000	 25200000	19
chr16	 26700000	 25600000	22
chr16	 30800000	 28800000	40
chr16	 31600000	 34000000	48
chr16	 32050000	 31000000	21
chr16	 33700000	 32250000	29
chr16	 34350000	 33550000	16
chr16	 38350000	 39300000	19
chr16	 38900000	 39600000	14
chr16	 39700000	 38350000	27
chr16	 40450000	 41950000	30
chr16	 41600000	 44500000	58
chr16	 42050000	 38800000	65
chr16	 42400000	 39750000	53
chr16	 42500000	 42700000	4
chr16	 42850000	 43450000	12
chr16	 44200000	 43550000	13
chr16	 45950000	 44250000	34
chr16	 45950000	 44800000	23
chr16	 50650000	 49350000	26
chr16	 50800000	 48550000	45
chr16	 52550000	 53500000	19
chr16	 56450000	 55200000	25
chr16	 56450000	 56100000	7
chr16	 57900000	 58800000	18
chr16	 59600000	 60400000	16
chr16	 60100000	 61450000	27
chr16	 60400000	 59500000	18
chr16	 62750000	 64100000	27
chr16	 64950000	 65150000	4
chr16	 67950000	 71250000	66
chr16	 69450000	 67150000	46
chr16	 70550000	 68800000	35
chr16	 73450000	 75350000	38
chr16	 74400000	 73150000	25
chr16	 74550000	 73250000	26
chr16	 76550000	 77700000	23
chr16	 77200000	 79350000	43
chr16	 77700000	 77000000	14
chr16	 77750000	 79000000	25
chr16	 77850000	 77300000	11
chr16	 78400000	 77450000	19
chr16	 78550000	 81050000	50
chr16	 81350000	 86000000	93
chr16	 81800000	 84350000	51
chr16	 85250000	 86550000	26
chr16	 86500000	 85050000	29
chr16	 86650000	 86000000	13
chr16	 87000000	 87550000	11
chr16	 87050000	 86750000	6
chr16	 88850000	 89600000	15
chr16	 90200000	 86550000	73
chr16	 91500000	 90600000	18
chr16	 91650000	 92700000	21
chr16	 92750000	 91950000	16
chr16	 95150000	 94300000	17
chr16	 96450000	 95750000	14
chr16	 96850000	 96600000	5
chr17	  1050000	   250000	16
chr17	  1600000	  2050000	9
chr17	  1700000	        0	34
chr17	  1850000	  1100000	15
chr17	  2500000	  3350000	17
chr17	  5250000	  6300000	21
chr17	  6150000	  7600000	29
chr17	  9000000	 10300000	26
chr17	  9050000	  8700000	7
chr17	 10050000	 10850000	16
chr17	 11200000	 12800000	32
chr17	 12600000	 13400000	16
chr17	 13300000	 15300000	40
chr17	 17000000	 17650000	13
chr17	 17250000	 18200000	19
chr17	 17850000	 19100000	25
chr17	 18500000	 19600000	22
chr17	 20850000	 22200000	27
chr17	 20900000	 19900000	20
chr17	 21100000	 21450000	7
chr17	 21450000	 22050000	12
chr17	 22700000	 23100000	8
chr17	 23300000	 22650000	13
chr17	 24250000	 23550000	14
chr17	 26150000	 27250000	22
chr17	 27100000	 25700000	28
chr17	 32650000	 30650000	40
chr17	 34200000	 33650000	11
chr17	 34350000	 33950000	8
chr17	 35950000	 33550000	48
chr17	 38650000	 39000000	7
chr17	 38900000	 37900000	20
chr17	 40350000	 38900000	29
chr17	 41050000	 42500000	29
chr17	 41550000	 42100000	11
chr17	 44900000	 46450000	31
chr17	 45500000	 45050000	9
chr17	 46250000	 42700000	71
chr17	 46900000	 45000000	38
chr17	 47300000	 49150000	37
chr17	 47450000	 48600000	23
chr17	 47950000	 47050000	18
chr17	 51350000	 52750000	28
chr17	 52050000	 52600000	11
chr17	 52850000	 51500000	27
chr17	 59000000	 58250000	15
chr17	 62150000	 64050000	38
chr17	 63900000	 61000000	58
chr17	 63950000	 62300000	33
chr17	 67200000	 68500000	26
chr17	 67600000	 64750000	57
chr17	 69700000	 70750000	21
chr17	 69850000	 69450000	8
chr17	 70000000	 71400000	28
chr17	 70000000	 72950000	59
chr17	 71300000	 71750000	9
chr17	 73150000	 73700000	11
chr17	 73300000	 72250000	21
chr17	 74200000	 74500000	6
chr17	 74650000	 73850000	16
chr17	 76600000	 77800000	24
chr17	 76850000	 76450000	8
chr17	 77000000	 75900000	22
chr17	 78950000	 79900000	19
chr17	 81750000	 80650000	22
chr17	 82100000	 83800000	34
chr17	 82300000	 82550000	5
chr17	 83600000	 82400000	24
chr17	 84700000	 85750000	21
chr17	 85050000	 84550000	10
chr17	 86300000	 86600000	6
chr17	 86600000	 86200000	8
chr17	 87400000	 89600000	44
chr17	 88850000	 85650000	64
chr17	 89700000	 90150000	9
chr17	 91550000	 92500000	19
chr17	 92050000	 92050000	0
chr17	 92450000	 93250000	16
chr17	 92600000	 91750000	17
chr17	 92650000	 91150000	30
chr17	 92750000	 91650000	22
chr17	 94450000	 93250000	24
chr18	  1050000	  1550000	10
chr18	  1150000	  2350000	24
chr18	  2400000	  4100000	34
chr18	  2550000	  1900000	13
chr18	  3100000	  5700000	52
chr18	  6300000	  4900000	28
chr18	  6350000	  6750000	8
chr18	  7800000	  9500000	34
chr18	  9150000	  7950000	24
chr18	 12350000	 11600000	15
chr18	 13100000	 12200000	18
chr18	 13800000	 14850000	21
chr18	 14600000	 15200000	12
chr18	 15650000	 12550000	62
chr18	 15800000	 17050000	25
chr18	 17850000	 18450000	12
chr18	 18850000	 20100000	25
chr18	 19650000	 20250000	12
chr18	 20150000	 21500000	27
chr18	 21950000	 21100000	17
chr18	 22900000	 20800000	42
chr18	 23200000	 22550000	13
chr18	 24900000	 26550000	33
chr18	 25250000	 26850000	32
chr18	 25450000	 24850000	12
chr18	 26850000	 26400000	9
chr18	 28900000	 30450000	31
chr18	 29100000	 27800000	26
chr18	 30800000	 32000000	24
chr18	 30850000	 29700000	23
chr18	 31600000	 32300000	14
chr18	 32400000	 31200000	24
chr18	 32450000	 30350000	42
chr18	 32550000	 31800000	15
chr18	 34350000	 32750000	32
chr18	 34600000	 35400000	16
chr18	 35100000	 33300000	36
chr18	 35600000	 33600000	40
chr18	 36150000	 38750000	52
chr18	 36300000	 34650000	33
chr18	 37100000	 36450000	13
chr18	 38350000	 39600000	25
chr18	 39800000	 37800000	40
chr18	 40000000	 39650000	7
chr18	 42750000	 41750000	20
chr18	 43200000	 44250000	21
chr18	 45800000	 45250000	11
chr18	 47450000	 45850000	32
chr18	 49150000	 48050000	22
chr18	 50300000	 52300000	40
chr18	 52800000	 51450000	27
chr18	 54250000	 55600000	27
chr18	 58550000	 57250000	26
chr18	 59150000	 56050000	62
chr18	 62550000	 63550000	20
chr18	 63000000	 62450000	11
chr18	 64850000	 63850000	20
chr18	 70200000	 73200000	60
chr18	 71200000	 72750000	31
chr18	 74400000	 75400000	20
chr18	 76700000	 77300000	12
chr18	 76850000	 77550000	14
chr18	 79250000	 80150000	18
chr18	 84200000	 82900000	26
chr18	 85100000	 85900000	16
chr18	 86850000	 87250000	8
chr18	 87650000	 86300000	27
chr18	 88400000	 87750000	13
chr18	 88600000	 89700000	22
chr18	 89000000	 89650000	13
chr19	  3500000	  2300000	24
chr19	  4300000	  3900000	8
chr19	  9200000	  8750000	9
chr19	 10600000	  9600000	20
chr19	 18250000	 17450000	16
chr19	 19800000	 21500000	34
chr19	 24450000	 23850000	12
chr19	 24550000	 24850000	6
chr19	 25450000	 24200000	25
chr19	 25600000	 23650000	39
chr19	 29900000	 30450000	11
chr19	 30300000	 33000000	54
chr19	 33000000	 33300000	6
chr19	 34950000	 34300000	13
chr19	 35150000	 37000000	37
chr19	 35750000	 35150000	12
chr19	 37950000	 39650000	34
chr19	 38200000	 39650000	29
chr19	 41700000	 40500000	24
chr19	 43300000	 44300000	20
chr19	 43500000	 42700000	16
chr19	 43750000	 44150000	8
chr19	 44750000	 46500000	35
chr19	 45350000	 44800000	11
chr19	 45950000	 45250000	14
chr19	 47750000	 46600000	23
chr19	 49400000	 48100000	26
chr19	 51400000	 51000000	8
chr19	 52750000	 52600000	3
chr19	 53450000	 51400000	41
chr19	 53650000	 52650000	20
chr19	 54050000	 56700000	53
chr19	 54350000	 55000000	13
chr19	 54450000	 54100000	7
chr19	 55100000	 55350000	5
chr19	 55150000	 57450000	46
chr19	 55200000	 54250000	19
chr19	 56050000	 57000000	19
chr19	 56800000	 58300000	30
chr19	 58400000	 58700000	6
chr2	  5900000	  8750000	57
chr2	  7050000	  8000000	19
chr2	  8150000	  7050000	22
chr2	  8300000	  9850000	31
chr2	  9850000	  8900000	19
chr2	 10250000	 11350000	22
chr2	 10650000	 10350000	6
chr2	 11500000	 10600000	18
chr2	 11950000	 13100000	23
chr2	 12050000	 10450000	32
chr2	 12950000	 11950000	20
chr2	 13850000	 14700000	17
chr2	 15000000	 13250000	35
chr2	 17850000	 19050000	24
chr2	 18650000	 19900000	25
chr2	 18900000	 19700000	16
chr2	 20450000	 19200000	25
chr2	 20700000	 18450000	45
chr2	 21250000	 20700000	11
chr2	 24900000	 25500000	12
chr2	 27250000	 27600000	7
chr2	 27400000	 24250000	63
chr2	 28550000	 27100000	29
chr2	 28750000	 29250000	10
chr2	 29150000	 28200000	19
chr2	 29350000	 28700000	13
chr2	 29700000	 29200000	10
chr2	 31650000	 32300000	13
chr2	 32850000	 34000000	23
chr2	 33750000	 31050000	54
chr2	 33900000	 35500000	32
chr2	 37400000	 36150000	25
chr2	 38500000	 39400000	18
chr2	 38550000	 37550000	20
chr2	 38900000	 38400000	10
chr2	 39400000	 40500000	22
chr2	 39600000	 38650000	19
chr2	 41400000	 42650000	25
chr2	 42150000	 42800000	13
chr2	 42650000	 43550000	18
chr2	 42900000	 44200000	26
chr2	 44000000	 45600000	32
chr2	 44050000	 43000000	21
chr2	 46600000	 45750000	17
chr2	 47700000	 49450000	35
chr2	 48300000	 47150000	23
chr2	 49950000	 48950000	20
chr2	 50150000	 49250000	18
chr2	 51900000	 49100000	56
chr2	 53650000	 52450000	24
chr2	 53800000	 53150000	13
chr2	 53800000	 54050000	5
chr2	 55950000	 52850000	62
chr2	 58900000	 60000000	22
chr2	 61200000	 62750000	31
chr2	 62800000	 63700000	18
chr2	 64450000	 65400000	19
chr2	 65750000	 64750000	20
chr2	 67000000	 65200000	36
chr2	 67950000	 69750000	36
chr2	 69200000	 69650000	9
chr2	 69700000	 68250000	29
chr2	 69700000	 70750000	21
chr2	 70250000	 69750000	10
chr2	 70650000	 69300000	27
chr2	 71000000	 69150000	37
chr2	 71550000	 70550000	20
chr2	 73550000	 72550000	20
chr2	 74200000	 76550000	47
chr2	 74300000	 74900000	12
chr2	 75550000	 77300000	35
chr2	 76350000	 75950000	8
chr2	 77850000	 79250000	28
chr2	 78900000	 77600000	26
chr2	 79450000	 78150000	26
chr2	 80200000	 79000000	24
chr2	 83850000	 84250000	8
chr2	 84550000	 83800000	15
chr2	 84850000	 86150000	26
chr2	 88250000	 86150000	42
chr2	 88750000	 87350000	28
chr2	 93150000	 94350000	24
chr2	 93500000	 92250000	25
chr2	 97250000	 97850000	12
chr2	 98100000	 98450000	7
chr2	 98350000	 99200000	17
chr2	103500000	104350000	17
chr2	104500000	105750000	25
chr2	104700000	106250000	31
chr2	105250000	105650000	8
chr2	106200000	105750000	9
chr2	106550000	105550000	20
chr2	107500000	105400000	42
chr2	108000000	109450000	29
chr2	108500000	109400000	18
chr2	108850000	109650000	16
chr2	109650000	112000000	47
chr2	110450000	112900000	49
chr2	113700000	116950000	65
chr2	115800000	115150000	13
chr2	117300000	118300000	20
chr2	118650000	119900000	25
chr2	119450000	121000000	31
chr2	119750000	119250000	10
chr2	120300000	119850000	9
chr2	123100000	124450000	27
chr2	127850000	127750000	2
chr2	128000000	129150000	23
chr2	128450000	127400000	21
chr2	129250000	130100000	17
chr2	132050000	130300000	35
chr2	134300000	133600000	14
chr2	136350000	136600000	5
chr2	138250000	137350000	18
chr2	139300000	138150000	23
chr2	139900000	138050000	37
chr2	140000000	142600000	52
chr2	140150000	141650000	30
chr2	140550000	139850000	14
chr2	144350000	143250000	22
chr2	145250000	147050000	36
chr2	146950000	146350000	12
chr2	147350000	149450000	42
chr2	147700000	148000000	6
chr2	147950000	147350000	12
chr2	148450000	150100000	33
chr2	148600000	147850000	15
chr2	150550000	151250000	14
chr2	151300000	151050000	5
chr2	151550000	150550000	20
chr2	151850000	150250000	32
chr2	152800000	153800000	20
chr2	158300000	157400000	18
chr2	160800000	162350000	31
chr2	160850000	161150000	6
chr2	161000000	162100000	22
chr2	161900000	162450000	11
chr2	165450000	164450000	20
chr2	167400000	167600000	4
chr2	168100000	167600000	10
chr2	175550000	177300000	35
chr2	176550000	177050000	10
chr2	177950000	178750000	16
chr2	178750000	177300000	29
chr2	178900000	180100000	24
chr2	180900000	181900000	20
chr2	181550000	179750000	36
chr3	  3600000	  4000000	8
chr3	  4750000	  5500000	15
chr3	  5200000	  7200000	40
chr3	  5450000	  3700000	35
chr3	  5500000	  4600000	18
chr3	  6850000	  3600000	65
chr3	  8250000	  8700000	9
chr3	  9500000	  7850000	33
chr3	 11450000	 10850000	12
chr3	 12100000	 11000000	22
chr3	 13250000	 14350000	22
chr3	 13300000	 12150000	23
chr3	 13700000	 14200000	10
chr3	 14350000	 16250000	38
chr3	 14800000	 14800000	0
chr3	 15600000	 14550000	21
chr3	 17400000	 19250000	37
chr3	 22950000	 21850000	22
chr3	 23700000	 24500000	16
chr3	 25300000	 24500000	16
chr3	 26300000	 27600000	26
chr3	 26650000	 24550000	42
chr3	 28200000	 29850000	33
chr3	 28250000	 26900000	27
chr3	 28500000	 26650000	37
chr3	 33600000	 34750000	23
chr3	 33700000	 34950000	25
chr3	 34150000	 33600000	11
chr3	 35150000	 36200000	21
chr3	 36850000	 37300000	9
chr3	 41000000	 40350000	13
chr3	 48100000	 45900000	44
chr3	 48350000	 47300000	21
chr3	 49300000	 50000000	14
chr3	 50450000	 51200000	15
chr3	 52950000	 50800000	43
chr3	 54150000	 55900000	35
chr3	 54400000	 53750000	13
chr3	 55100000	 54450000	13
chr3	 57850000	 58850000	20
chr3	 58650000	 61400000	55
chr3	 60450000	 58550000	38
chr3	 60600000	 60250000	7
chr3	 62750000	 62000000	15
chr3	 65050000	 64100000	19
chr3	 65250000	 66500000	25
chr3	 66050000	 67100000	21
chr3	 67700000	 67100000	12
chr3	 69400000	 67750000	33
chr3	 72800000	 71800000	20
chr3	 73200000	 71950000	25
chr3	 73950000	 73300000	13
chr3	 74100000	 74600000	10
chr3	 74900000	 74200000	14
chr3	 75100000	 73600000	30
chr3	 75550000	 74450000	22
chr3	 77250000	 79300000	41
chr3	 77950000	 79800000	37
chr3	 82850000	 83850000	20
chr3	 84400000	 84000000	8
chr3	 87350000	 86700000	13
chr3	 89300000	 86750000	51
chr3	 91750000	 90300000	29
chr3	 91800000	 92150000	7
chr3	 92000000	 91400000	12
chr3	 92800000	 93450000	13
chr3	 92900000	 91900000	20
chr3	 98500000	 99000000	10
chr3	103600000	104100000	10
chr3	103700000	104850000	23
chr3	104450000	105300000	17
chr3	105750000	106650000	18
chr3	105950000	106850000	18
chr3	106400000	105450000	19
chr3	106450000	106100000	7
chr3	107200000	106850000	7
chr3	107550000	106750000	16
chr3	107600000	108950000	27
chr3	109800000	108900000	18
chr3	110050000	108900000	23
chr3	112000000	112700000	14
chr3	112900000	112000000	18
chr3	113150000	114150000	20
chr3	114000000	115300000	26
chr3	114150000	113650000	10
chr3	114250000	115800000	31
chr3	116800000	115400000	28
chr3	116950000	116300000	13
chr3	117900000	118500000	12
chr3	117950000	119250000	26
chr3	120050000	118850000	24
chr3	122450000	120800000	33
chr3	123800000	125300000	30
chr3	125250000	125500000	5
chr3	127250000	129200000	39
chr3	128100000	127850000	5
chr3	128150000	128950000	16
chr3	128900000	129750000	17
chr3	129100000	127750000	27
chr3	129550000	128850000	14
chr3	130050000	130850000	16
chr3	130450000	131200000	15
chr3	135250000	134400000	17
chr3	137100000	135800000	26
chr3	137750000	138450000	14
chr3	138250000	136750000	30
chr3	138500000	136350000	43
chr3	142000000	142550000	11
chr3	142800000	144400000	32
chr3	143800000	145850000	41
chr3	144750000	145700000	19
chr3	145300000	144450000	17
chr3	146450000	145400000	21
chr3	146500000	145500000	20
chr3	146700000	146000000	14
chr3	147300000	148150000	17
chr3	147400000	144650000	55
chr3	147900000	148850000	19
chr3	148200000	147900000	6
chr3	148550000	149400000	17
chr3	148800000	145450000	67
chr3	149700000	150450000	15
chr3	150100000	150400000	6
chr3	152000000	152850000	17
chr3	153750000	154350000	12
chr3	154500000	153200000	26
chr3	157200000	156000000	24
chr3	157650000	156750000	18
chr3	159050000	159450000	8
chr4	  1900000	  2600000	14
chr4	  3350000	  1850000	30
chr4	  3650000	  1600000	41
chr4	  4700000	  5550000	17
chr4	  5050000	  6500000	29
chr4	  5600000	  7500000	38
chr4	  6550000	  7700000	23
chr4	  7050000	  7600000	11
chr4	  7100000	  5350000	35
chr4	 10600000	  9750000	17
chr4	 10900000	 10050000	17
chr4	 12950000	 11600000	27
chr4	 13850000	 14800000	19
chr4	 14850000	 15450000	12
chr4	 17050000	 16250000	16
chr4	 17200000	 18600000	28
chr4	 17550000	 18250000	14
chr4	 18550000	 17500000	21
chr4	 19100000	 19650000	11
chr4	 19750000	 18750000	20
chr4	 21250000	 21700000	9
chr4	 21500000	 22200000	14
chr4	 25200000	 26300000	22
chr4	 26400000	 27350000	19
chr4	 27400000	 28250000	17
chr4	 28100000	 27650000	9
chr4	 28100000	 30200000	42
chr4	 31350000	 29400000	39
chr4	 33400000	 32600000	16
chr4	 33600000	 34300000	14
chr4	 37050000	 36350000	14
chr4	 37350000	 38000000	13
chr4	 37400000	 38350000	19
chr4	 37600000	 38400000	16
chr4	 37850000	 36900000	19
chr4	 38200000	 39600000	28
chr4	 38300000	 39350000	21
chr4	 38750000	 39250000	10
chr4	 39000000	 36050000	59
chr4	 41350000	 42800000	29
chr4	 49700000	 50450000	15
chr4	 50450000	 51000000	11
chr4	 51350000	 48900000	49
chr4	 52150000	 52750000	12
chr4	 53000000	 55600000	52
chr4	 54500000	 54150000	7
chr4	 55700000	 57550000	37
chr4	 57100000	 56650000	9
chr4	 57150000	 55450000	34
chr4	 58750000	 59400000	13
chr4	 61250000	 62200000	19
chr4	 61450000	 61000000	9
chr4	 65900000	 65350000	11
chr4	 68200000	 66750000	29
chr4	 68450000	 67100000	27
chr4	 70150000	 70700000	11
chr4	 70950000	 70250000	14
chr4	 72300000	 70250000	41
chr4	 73000000	 74250000	25
chr4	 73750000	 75500000	35
chr4	 74850000	 74600000	5
chr4	 75900000	 75700000	4
chr4	 77100000	 75600000	30
chr4	 77300000	 79000000	34
chr4	 79300000	 80300000	20
chr4	 80550000	 81400000	17
chr4	 80600000	 80200000	8
chr4	 81850000	 84050000	44
chr4	 83650000	 82600000	21
chr4	 84650000	 83450000	24
chr4	 86150000	 84700000	29
chr4	 86250000	 85700000	11
chr4	 88800000	 88350000	9
chr4	 89900000	 90600000	14
chr4	 89950000	 91650000	34
chr4	 90750000	 91900000	23
chr4	 91550000	 92850000	26
chr4	 93200000	 93950000	15
chr4	 96350000	 98300000	39
chr4	 96850000	 96300000	11
chr4	 97750000	 97950000	4
chr4	 97750000	 98350000	12
chr4	 98550000	 97050000	30
chr4	 99500000	 98750000	15
chr4	 99500000	 98850000	13
chr4	101000000	 99350000	33
chr4	103500000	104550000	21
chr4	105300000	104800000	10
chr4	105500000	105950000	9
chr4	108600000	109650000	21
chr4	109800000	111750000	39
chr4	110650000	110050000	12
chr4	112250000	111650000	12
chr4	112750000	111100000	33
chr4	112850000	114650000	36
chr4	113800000	114350000	11
chr4	114950000	113900000	21
chr4	118650000	119900000	25
chr4	120300000	121850000	31
chr4	121850000	122400000	11
chr4	123200000	122450000	15
chr4	125800000	124450000	27
chr4	126100000	125150000	19
chr4	127350000	126200000	23
chr4	127500000	126050000	29
chr4	128150000	128750000	12
chr4	129600000	131600000	40
chr4	130650000	131450000	16
chr4	132150000	131500000	13
chr4	132900000	134700000	36
chr4	135200000	136250000	21
chr4	136600000	134950000	33
chr4	136850000	135200000	33
chr4	138700000	139050000	7
chr4	139000000	138300000	14
chr4	142700000	142100000	12
chr4	143100000	144150000	21
chr4	143200000	141550000	33
chr4	144450000	143500000	19
chr4	145750000	147000000	25
chr4	149000000	150200000	24
chr4	149300000	148400000	18
chr4	149600000	148000000	32
chr4	149950000	147950000	40
chr4	150450000	150900000	9
chr4	151400000	150200000	24
chr4	153550000	155150000	32
chr5	   650000	  1100000	9
chr5	   750000	    50000	14
chr5	  2150000	   550000	32
chr5	  2450000	  1550000	18
chr5	  3700000	  2800000	18
chr5	  3750000	  5400000	33
chr5	  4250000	  4350000	2
chr5	  5650000	  6500000	17
chr5	  6100000	  6750000	13
chr5	  6450000	  9400000	59
chr5	  9600000	 10150000	11
chr5	 11650000	  9850000	36
chr5	 11850000	 12650000	16
chr5	 13100000	 14350000	25
chr5	 14300000	 14850000	11
chr5	 15850000	 14350000	30
chr5	 16000000	 15300000	14
chr5	 16650000	 15550000	22
chr5	 18300000	 19300000	20
chr5	 19400000	 20050000	13
chr5	 19900000	 22450000	51
chr5	 22350000	 21650000	14
chr5	 23550000	 23150000	8
chr5	 23800000	 23300000	10
chr5	 23950000	 25000000	21
chr5	 24350000	 25200000	17
chr5	 25900000	 26800000	18
chr5	 26200000	 28600000	48
chr5	 29850000	 28950000	18
chr5	 30250000	 31300000	21
chr5	 31100000	 31950000	17
chr5	 32500000	 35000000	50
chr5	 34650000	 35300000	13
chr5	 35100000	 33950000	23
chr5	 35450000	 34050000	28
chr5	 36100000	 37850000	35
chr5	 36200000	 37150000	19
chr5	 36600000	 37450000	17
chr5	 36800000	 37850000	21
chr5	 37400000	 36800000	12
chr5	 40250000	 40700000	9
chr5	 40950000	 40250000	14
chr5	 41150000	 43350000	44
chr5	 42350000	 41400000	19
chr5	 42450000	 43600000	23
chr5	 42550000	 44250000	34
chr5	 43000000	 42100000	18
chr5	 45600000	 46450000	17
chr5	 45650000	 45050000	12
chr5	 46200000	 47950000	35
chr5	 47200000	 47650000	9
chr5	 48450000	 47550000	18
chr5	 48950000	 49500000	11
chr5	 51250000	 52000000	15
chr5	 51700000	 52700000	20
chr5	 54400000	 55200000	16
chr5	 55450000	 54800000	13
chr5	 55800000	 55600000	4
chr5	 55900000	 53850000	41
chr5	 55900000	 57850000	39
chr5	 57950000	 59650000	34
chr5	 60150000	 60700000	11
chr5	 60350000	 61150000	16
chr5	 62200000	 62700000	10
chr5	 63450000	 63850000	8
chr5	 64150000	 63700000	9
chr5	 64200000	 65500000	26
chr5	 66150000	 68550000	48
chr5	 66550000	 65550000	20
chr5	 68750000	 66400000	47
chr5	 69600000	 69600000	0
chr5	 72500000	 73250000	15
chr5	 75250000	 74600000	13
chr5	 77000000	 78150000	23
chr5	 78000000	 77450000	11
chr5	 80900000	 78650000	45
chr5	 81000000	 80650000	7
chr5	 83300000	 82200000	22
chr5	 83900000	 83450000	9
chr5	 86250000	 85600000	13
chr5	 86650000	 85800000	17
chr5	 92700000	 91650000	21
chr5	 93550000	 94000000	9
chr5	 93700000	 95200000	30
chr5	 94100000	 93150000	19
chr5	 95700000	 94150000	31
chr5	 95850000	 94300000	31
chr5	 96250000	 97100000	17
chr5	 96900000	 97550000	13
chr5	 98700000	 99500000	16
chr5	 98800000	 99350000	11
chr5	102250000	101450000	16
chr5	102300000	100650000	33
chr5	102600000	103000000	8
chr5	103700000	105050000	27
chr5	107050000	105750000	26
chr5	108100000	106500000	32
chr5	108250000	107500000	15
chr5	109650000	108450000	24
chr5	111400000	112400000	20
chr5	113400000	114400000	20
chr5	113950000	114550000	12
chr5	115550000	114900000	13
chr5	115800000	114850000	19
chr5	118300000	118650000	7
chr5	118500000	117300000	24
chr5	119100000	120300000	24
chr5	119550000	118150000	28
chr5	122200000	123350000	23
chr5	123900000	122700000	24
chr5	124000000	125150000	23
chr5	126250000	124950000	26
chr5	126650000	125000000	33
chr5	127350000	124600000	55
chr5	130450000	129250000	24
chr5	137150000	135900000	25
chr5	138150000	136950000	24
chr5	139700000	140050000	7
chr5	140500000	141350000	17
chr5	140700000	139750000	19
chr5	142600000	141350000	25
chr5	143000000	141950000	21
chr5	145200000	144950000	5
chr5	145300000	147450000	43
chr5	147200000	145800000	28
chr5	147300000	147850000	11
chr5	149250000	150200000	19
chr5	149300000	148750000	11
chr6	    50000	  1400000	27
chr6	  1600000	  2900000	26
chr6	  4850000	  5650000	16
chr6	  6500000	  7150000	13
chr6	  8300000	  7350000	19
chr6	  8900000	  6450000	49
chr6	  9200000	 10000000	16
chr6	  9850000	  9200000	13
chr6	 10700000	  9000000	34
chr6	 11300000	 10000000	26
chr6	 13150000	 12750000	8
chr6	 13550000	 11800000	35
chr6	 16300000	 15650000	13
chr6	 18150000	 17150000	20
chr6	 18850000	 19800000	19
chr6	 20150000	 19800000	7
chr6	 20450000	 19850000	12
chr6	 20800000	 19300000	30
chr6	 21500000	 22050000	11
chr6	 22000000	 20550000	29
chr6	 23000000	 21550000	29
chr6	 23100000	 24400000	26
chr6	 24350000	 22650000	34
chr6	 26600000	 24850000	35
chr6	 29650000	 28650000	20
chr6	 32950000	 32400000	11
chr6	 35500000	 36900000	28
chr6	 35550000	 34400000	23
chr6	 36900000	 38050000	23
chr6	 37950000	 41000000	61
chr6	 40250000	 41000000	15
chr6	 40300000	 40800000	10
chr6	 40400000	 43400000	60
chr6	 40800000	 38950000	37
chr6	 41400000	 41100000	6
chr6	 42050000	 46900000	97
chr6	 42450000	 41450000	20
chr6	 43400000	 43600000	4
chr6	 43550000	 44150000	12
chr6	 44100000	 43550000	11
chr6	 44250000	 43950000	6
chr6	 45200000	 44600000	12
chr6	 45300000	 46700000	28
chr6	 46150000	 45500000	13
chr6	 46650000	 48150000	30
chr6	 47150000	 45950000	24
chr6	 47500000	 46200000	26
chr6	 47500000	 46450000	21
chr6	 47600000	 46600000	20
chr6	 49300000	 49850000	11
chr6	 53100000	 54800000	34
chr6	 53550000	 53150000	8
chr6	 53900000	 53050000	17
chr6	 56350000	 56900000	11
chr6	 56450000	 54900000	31
chr6	 58250000	 58750000	10
chr6	 58350000	 59050000	14
chr6	 59000000	 59900000	18
chr6	 60000000	 59300000	14
chr6	 61200000	 58650000	51
chr6	 62800000	 62400000	8
chr6	 63750000	 65200000	29
chr6	 64400000	 63950000	9
chr6	 65200000	 64300000	18
chr6	 73600000	 72750000	17
chr6	 76650000	 77400000	15
chr6	 77400000	 76700000	14
chr6	 80100000	 77500000	52
chr6	 81400000	 83600000	44
chr6	 82700000	 81750000	19
chr6	 83050000	 85150000	42
chr6	 83100000	 82200000	18
chr6	 84350000	 85150000	16
chr6	 85850000	 84600000	25
chr6	 87800000	 88450000	13
chr6	 88350000	 86100000	45
chr6	 88350000	 90050000	34
chr6	 89350000	 88550000	16
chr6	 90050000	 88800000	25
chr6	 91100000	 89750000	27
chr6	 93650000	 92600000	21
chr6	 94700000	 97600000	58
chr6	 95000000	 94100000	18
chr6	 95300000	 96300000	20
chr6	 95400000	 94500000	18
chr6	 95750000	 93900000	37
chr6	 97000000	 97500000	10
chr6	 98000000	 96950000	21
chr6	 98500000	 99650000	23
chr6	 99450000	100450000	20
chr6	101250000	 99950000	26
chr6	101350000	102950000	32
chr6	101850000	103900000	41
chr6	102100000	104000000	38
chr6	103500000	104800000	26
chr6	104800000	103650000	23
chr6	105650000	106300000	13
chr6	106650000	105000000	33
chr6	107000000	106100000	18
chr6	107300000	109000000	34
chr6	109350000	108400000	19
chr6	109900000	111450000	31
chr6	112350000	112750000	8
chr6	113350000	114000000	13
chr6	115900000	116800000	18
chr6	117100000	120450000	67
chr6	118850000	120050000	24
chr6	119000000	120050000	21
chr6	121850000	120050000	36
chr6	123850000	123100000	15
chr6	125200000	121300000	78
chr6	125300000	125900000	12
chr6	126300000	125350000	19
chr6	126300000	127350000	21
chr6	127950000	126950000	20
chr6	128600000	129300000	14
chr6	128900000	129400000	10
chr6	138600000	137900000	14
chr6	138950000	137700000	25
chr6	140250000	140850000	12
chr6	141750000	142550000	16
chr6	142550000	141250000	26
chr6	143300000	144000000	14
chr6	143750000	142900000	17
chr6	144050000	144700000	13
chr6	144100000	142600000	30
chr6	146050000	147850000	36
chr6	146250000	145050000	24
chr6	146600000	147500000	18
chr6	149550000	148300000	25
chr7	   850000	  3350000	50
chr7	  6750000	  5450000	26
chr7	  7750000	  9150000	28
chr7	 10950000	  9050000	38
chr7	 12100000	  9500000	52
chr7	 14800000	 15450000	13
chr7	 15000000	 16300000	26
chr7	 15650000	 13850000	36
chr7	 19050000	 16750000	46
chr7	 19650000	 21350000	34
chr7	 20150000	 19750000	8
chr7	 21350000	 21900000	11
chr7	 23550000	 21700000	37
chr7	 24100000	 24600000	10
chr7	 24600000	 23750000	17
chr7	 28350000	 27100000	25
chr7	 31750000	 30550000	24
chr7	 32350000	 33050000	14
chr7	 34250000	 35800000	31
chr7	 37350000	 38600000	25
chr7	 38500000	 37800000	14
chr7	 39800000	 38150000	33
chr7	 41350000	 42050000	14
chr7	 41600000	 41050000	11
chr7	 42300000	 43300000	20
chr7	 43050000	 42300000	15
chr7	 43800000	 45350000	31
chr7	 44200000	 43700000	10
chr7	 46250000	 48950000	54
chr7	 48750000	 49050000	6
chr7	 49700000	 50100000	8
chr7	 50550000	 49550000	20
chr7	 50900000	 49150000	35
chr7	 52150000	 53100000	19
chr7	 52650000	 54150000	30
chr7	 54400000	 55950000	31
chr7	 56800000	 55900000	18
chr7	 62050000	 61300000	15
chr7	 66450000	 70050000	72
chr7	 67350000	 66050000	26
chr7	 67400000	 67950000	11
chr7	 68800000	 67800000	20
chr7	 72600000	 71200000	28
chr7	 74450000	 73250000	24
chr7	 74700000	 74250000	9
chr7	 76300000	 74350000	39
chr7	 78500000	 76850000	33
chr7	 78850000	 77650000	24
chr7	 83600000	 81850000	35
chr7	 85100000	 83800000	26
chr7	 86200000	 86700000	10
chr7	 87600000	 88950000	27
chr7	 88350000	 87100000	25
chr7	 91400000	 91650000	5
chr7	 93000000	 94850000	37
chr7	 93450000	 94050000	12
chr7	 93900000	 95850000	39
chr7	 93950000	 93650000	6
chr7	 94400000	 95600000	24
chr7	 98150000	 96750000	28
chr7	 98400000	 99800000	28
chr7	 99050000	100600000	31
chr7	105250000	106000000	15
chr7	105250000	107300000	41
chr7	105700000	106350000	13
chr7	108000000	110900000	58
chr7	108750000	104150000	92
chr7	109300000	110800000	30
chr7	111350000	110200000	23
chr7	113750000	112750000	20
chr7	113950000	113200000	15
chr7	114500000	115650000	23
chr7	116600000	114200000	48
chr7	117900000	118250000	7
chr7	117900000	118900000	20
chr7	118650000	116900000	35
chr7	120850000	121600000	15
chr7	121050000	121900000	17
chr7	126200000	123650000	51
chr7	128300000	127000000	26
chr7	128500000	127300000	24
chr7	137650000	139150000	30
chr7	139500000	137750000	35
chr7	139650000	138950000	14
chr7	140200000	137000000	64
chr7	140200000	139050000	23
chr7	140450000	138350000	42
chr7	141150000	142000000	17
chr7	141900000	144100000	44
chr7	143450000	142700000	15
chr7	144050000	142800000	25
chr7	144950000	144450000	10
chr8	  1300000	  2400000	22
chr8	  2500000	  3300000	16
chr8	  2850000	  3500000	13
chr8	  3300000	  3750000	9
chr8	  4450000	  3500000	19
chr8	  4650000	  5150000	10
chr8	  5500000	  4700000	16
chr8	  6200000	  4800000	28
chr8	  8000000	  8250000	5
chr8	  8200000	  9300000	22
chr8	  8350000	 10750000	48
chr8	 10750000	 11250000	10
chr8	 12450000	 14400000	39
chr8	 13350000	 12200000	23
chr8	 15550000	 15050000	10
chr8	 16100000	 13250000	57
chr8	 17850000	 16700000	23
chr8	 18400000	 19050000	13
chr8	 18500000	 20150000	33
chr8	 18900000	 19600000	14
chr8	 18950000	 20200000	25
chr8	 19600000	 20150000	11
chr8	 19800000	 19000000	16
chr8	 22400000	 23200000	16
chr8	 22450000	 21600000	17
chr8	 23600000	 24050000	9
chr8	 24950000	 22600000	47
chr8	 26850000	 25850000	20
chr8	 27750000	 27000000	15
chr8	 28750000	 27800000	19
chr8	 30150000	 31250000	22
chr8	 30700000	 29900000	16
chr8	 32250000	 31600000	13
chr8	 33000000	 32400000	12
chr8	 35250000	 34300000	19
chr8	 39800000	 37800000	40
chr8	 39950000	 41550000	32
chr8	 46550000	 47400000	17
chr8	 46850000	 46250000	12
chr8	 47450000	 48500000	21
chr8	 51250000	 50450000	16
chr8	 51800000	 54250000	49
chr8	 53600000	 52700000	18
chr8	 54050000	 53300000	15
chr8	 54750000	 51750000	60
chr8	 56650000	 55450000	24
chr8	 58100000	 55950000	43
chr8	 58300000	 55650000	53
chr8	 58450000	 58150000	6
chr8	 58500000	 59650000	23
chr8	 58750000	 59250000	10
chr8	 60650000	 59900000	15
chr8	 60850000	 62000000	23
chr8	 62250000	 61100000	23
chr8	 62650000	 63050000	8
chr8	 63200000	 63000000	4
chr8	 64300000	 65200000	18
chr8	 64600000	 65300000	14
chr8	 65850000	 66700000	17
chr8	 67050000	 67050000	0
chr8	 68950000	 69950000	20
chr8	 69050000	 66600000	49
chr8	 70150000	 68450000	34
chr8	 70150000	 69100000	21
chr8	 71050000	 71400000	7
chr8	 71250000	 70650000	12
chr8	 72200000	 73700000	30
chr8	 75000000	 76550000	31
chr8	 75050000	 73450000	32
chr8	 75950000	 76350000	8
chr8	 76300000	 75350000	19
chr8	 76650000	 77450000	16
chr8	 78300000	 77600000	14
chr8	 79400000	 79650000	5
chr8	 79450000	 81500000	41
chr8	 80500000	 79650000	17
chr8	 81600000	 82900000	26
chr8	 82350000	 82850000	10
chr8	 89000000	 90400000	28
chr8	 90000000	 88650000	27
chr8	 90650000	 91150000	10
chr8	 91750000	 90600000	23
chr8	 91750000	 92550000	16
chr8	 99200000	 99800000	12
chr8	100600000	 98950000	33
chr8	100650000	101000000	7
chr8	101800000	102200000	8
chr8	101950000	104200000	45
chr8	103150000	104150000	20
chr8	104550000	105100000	11
chr8	105600000	104750000	17
chr8	105650000	106300000	13
chr8	106900000	106400000	10
chr8	107300000	108150000	17
chr8	108850000	107700000	23
chr8	109250000	110400000	23
chr8	110950000	112500000	31
chr8	111500000	110750000	15
chr8	112200000	109900000	46
chr8	113250000	114800000	31
chr8	116550000	117650000	22
chr8	117750000	118500000	15
chr8	117900000	117200000	14
chr8	120600000	121500000	18
chr8	120800000	120500000	6
chr8	121850000	120750000	22
chr8	124800000	123050000	35
chr8	125500000	126550000	21
chr8	127950000	129100000	23
chr8	128050000	128900000	17
chr9	  1050000	  1700000	13
chr9	  1050000	  2400000	27
chr9	  2550000	  1300000	25
chr9	  2600000	  3300000	14
chr9	  4100000	  5450000	27
chr9	  6850000	  6100000	15
chr9	  8900000	  8450000	9
chr9	  9350000	  9000000	7
chr9	  9350000	  9850000	10
chr9	 10700000	 11150000	9
chr9	 12400000	 11600000	16
chr9	 12550000	 11950000	12
chr9	 12650000	 11050000	32
chr9	 12800000	 12300000	10
chr9	 13400000	 14400000	20
chr9	 13650000	 13100000	11
chr9	 14400000	 15300000	18
chr9	 14800000	 12800000	40
chr9	 15500000	 14350000	23
chr9	 16700000	 17350000	13
chr9	 20650000	 21200000	11
chr9	 22450000	 22950000	10
chr9	 24950000	 23750000	24
chr9	 26600000	 27700000	22
chr9	 27500000	 27950000	9
chr9	 27550000	 26650000	18
chr9	 27900000	 29600000	34
chr9	 30100000	 28400000	34
chr9	 30350000	 30050000	6
chr9	 32200000	 33350000	23
chr9	 32400000	 30600000	36
chr9	 38350000	 40100000	35
chr9	 38750000	 42100000	67
chr9	 40200000	 41350000	23
chr9	 40350000	 39050000	26
chr9	 40450000	 41500000	21
chr9	 42400000	 43050000	13
chr9	 43600000	 42900000	14
chr9	 44650000	 45250000	12
chr9	 44700000	 43650000	21
chr9	 44800000	 45750000	19
chr9	 46100000	 45400000	14
chr9	 48700000	 49600000	18
chr9	 54350000	 56150000	36
chr9	 54850000	 55750000	18
chr9	 58150000	 57900000	5
chr9	 58200000	 58750000	11
chr9	 58650000	 59600000	19
chr9	 60800000	 62200000	28
chr9	 61450000	 60950000	10
chr9	 61950000	 61000000	19
chr9	 62150000	 64950000	56
chr9	 62500000	 63100000	12
chr9	 62950000	 60900000	41
chr9	 63100000	 64250000	23
chr9	 63350000	 64750000	28
chr9	 63850000	 62700000	23
chr9	 64300000	 65100000	16
chr9	 67400000	 68300000	18
chr9	 68800000	 70300000	30
chr9	 69600000	 70500000	18
chr9	 72750000	 73350000	12
chr9	 74600000	 74300000	6
chr9	 75150000	 77700000	51
chr9	 75900000	 76900000	20
chr9	 76450000	 75900000	11
chr9	 78450000	 76800000	33
chr9	 82450000	 84500000	41
chr9	 84000000	 84650000	13
chr9	 85050000	 84200000	17
chr9	 90650000	 89950000	14
chr9	 90700000	 91550000	17
chr9	 90800000	 90050000	15
chr9	 91400000	 90600000	16
chr9	 93900000	 94950000	21
chr9	 94950000	 96150000	24
chr9	 95050000	 93750000	26
chr9	 95950000	 97300000	27
chr9	103550000	103550000	0
chr9	103600000	102550000	21
chr9	104000000	104450000	9
chr9	106950000	106200000	15
chr9	106950000	107550000	12
chr9	107600000	108500000	18
chr9	110000000	108650000	27
chr9	111500000	112600000	22
chr9	113950000	112550000	28
chr9	113950000	114800000	17
chr9	114100000	115900000	36
chr9	114150000	115600000	29
chr9	114550000	116050000	30
chr9	114650000	113550000	22
chr9	115800000	116050000	5
chr9	116650000	117800000	23
chr9	118450000	117400000	21
chr9	119100000	120350000	25
chr9	119950000	120500000	11
chr9	120300000	120300000	0
chr9	122250000	123200000	19
chr9	122350000	123750000	28
chr9	122400000	123050000	13
chrX	  1050000	   350000	14
chrX	  4250000	  3750000	10
chrX	  5900000	  4300000	32
chrX	  6050000	  4300000	35
chrX	  7150000	  6400000	15
chrX	 11450000	 12550000	22
chrX	 12500000	 11300000	24
chrX	 15050000	 15850000	16
chrX	 15800000	 14900000	18
chrX	 16050000	 14750000	26
chrX	 17650000	 16200000	29
chrX	 18150000	 19100000	19
chrX	 18200000	 17350000	17
chrX	 23300000	 21900000	28
chrX	 23350000	 22250000	22
chrX	 25400000	 22650000	55
chrX	 28350000	 26200000	43
chrX	 30200000	 33950000	75
chrX	 30650000	 30150000	10
chrX	 32450000	 32850000	8
chrX	 33850000	 32850000	20
chrX	 35550000	 34800000	15
chrX	 36200000	 34400000	36
chrX	 37350000	 38800000	29
chrX	 37500000	 38050000	11
chrX	 37550000	 35700000	37
chrX	 39750000	 39250000	10
chrX	 40550000	 40000000	11
chrX	 40600000	 39650000	19
chrX	 40600000	 41350000	15
chrX	 42000000	 43950000	39
chrX	 43750000	 44550000	16
chrX	 44550000	 46450000	38
chrX	 44700000	 43950000	15
chrX	 47100000	 46350000	15
chrX	 48250000	 47900000	7
chrX	 49350000	 49600000	5
chrX	 55700000	 55000000	14
chrX	 56450000	 56850000	8
chrX	 57650000	 59450000	36
chrX	 60200000	 58450000	35
chrX	 60600000	 59200000	28
chrX	 60950000	 62100000	23
chrX	 62150000	 63650000	30
chrX	 63750000	 62550000	24
chrX	 66450000	 65800000	13
chrX	 66750000	 67850000	22
chrX	 68000000	 68000000	0
chrX	 68350000	 69600000	25
chrX	 69550000	 68100000	29
chrX	 74900000	 75350000	9
chrX	 75200000	 74900000	6
chrX	 75550000	 76200000	13
chrX	 77200000	 75850000	27
chrX	 79300000	 80850000	31
chrX	 79500000	 81550000	41
chrX	 84050000	 85350000	26
chrX	 86450000	 87550000	22
chrX	 87750000	 87100000	13
chrX	 89850000	 88500000	27
chrX	 91350000	 92150000	16
chrX	 93350000	 94850000	30
chrX	 93800000	 94800000	20
chrX	 95250000	 92400000	57
chrX	 97200000	 99250000	41
chrX	 99050000	 99900000	17
chrX	 99450000	100250000	16
chrX	100150000	101000000	17
chrX	102600000	103350000	15
chrX	104050000	105000000	19
chrX	107650000	107150000	10
chrX	110700000	108550000	43
chrX	111500000	112600000	22
chrX	112950000	110750000	44
chrX	113750000	114900000	23
chrX	114550000	115650000	22
chrX	114750000	113450000	26
chrX	114750000	115600000	17
chrX	115550000	116050000	10
chrX	116300000	115850000	9
chrX	117000000	115250000	35
chrX	118000000	119650000	33
chrX	120800000	120650000	3
chrX	121300000	122250000	19
chrX	123050000	123300000	5
chrX	123100000	121500000	32
chrX	123400000	123200000	4
chrX	124000000	124850000	17
chrX	124450000	124950000	10
chrX	129250000	129550000	6
chrX	130750000	131750000	20
chrX	131200000	131950000	15
chrX	134350000	132800000	31
chrX	134800000	136150000	27
chrX	135900000	136600000	14
chrX	137450000	138600000	23
chrX	140100000	136950000	63
chrX	140850000	138850000	40
chrX	141400000	142300000	18
chrX	142350000	142850000	10
chrX	143700000	142050000	33
chrX	144250000	143500000	15
chrX	144550000	143350000	24
chrX	145050000	146000000	19
chrX	148800000	150200000	28
chrX	148950000	147500000	29
chrX	149150000	151400000	45
chrX	149250000	148450000	16
chrX	154900000	154200000	14
chrX	155850000	158100000	45
chrX	157600000	156750000	17
chrX	157700000	159150000	29
chrX	161300000	161600000	6
chrX	162550000	163700000	23
chrX	166250000	165550000	14
chrX	166550000	167400000	17
chrX	169550000	169100000	9
chrY	  2400000	   550000	37
chrY	  4800000	  4200000	12
chrY	  7050000	  6450000	12
chrY	  7700000	  6650000	21
chrY	  8750000	  9850000	22
chrY	  8850000	  9900000	21
chrY	  9000000	  6900000	42
chrY	 13950000	 15000000	21
chrY	 16000000	 16400000	8
chrY	 18850000	 17750000	22
chrY	 19400000	 18950000	9
chrY	 20000000	 17500000	50
chrY	 20400000	 19350000	21
chrY	 22650000	 21650000	20
chrY	 24400000	 23600000	16
chrY	 24800000	 23150000	33
chrY	 25000000	 24350000	13
chrY	 25800000	 25200000	12
chrY	 27000000	 28500000	30
chrY	 27150000	 28250000	22
chrY	 27850000	 27250000	12
chrY	 30300000	 29450000	17
chrY	 30400000	 31550000	23
chrY	 32550000	 31800000	15
chrY	 33650000	 33150000	10
chrY	 34300000	 33400000	18
chrY	 34350000	 30650000	74
chrY	 35000000	 34250000	15
chrY	 35950000	 37450000	30
chrY	 38400000	 39250000	17
chrY	 38750000	 39700000	19
chrY	 42050000	 40650000	28
chrY	 42050000	 43150000	22
chrY	 44150000	 47200000	61
chrY	 44250000	 46900000	53
chrY	 45750000	 46900000	23
chrY	 47250000	 48150000	18
chrY	 47700000	 48050000	7
chrY	 48700000	 48700000	0
chrY	 49900000	 45950000	79
chrY	 50600000	 49150000	29
chrY	 52950000	 54350000	28
chrY	 54850000	 56000000	23
chrY	 55200000	 56600000	28
chrY	 57550000	 58350000	16
chrY	 58300000	 57150000	23
chrY	 58600000	 57300000	26
chrY	 59250000	 59800000	11
chrY	 60350000	 60900000	11
chrY	 61000000	 58950000	41
chrY	 62250000	 64150000	38
chrY	 64550000	 63050000	30
chrY	 65000000	 68550000	71
chrY	 65250000	 63550000	34
chrY	 65550000	 66750000	24
chrY	 67350000	 69650000	46
chrY	 69800000	 69150000	13
chrY	 71250000	 72750000	30
chrY	 71400000	 70250000	23
chrY	 71850000	 72350000	10
chrY	 73800000	 72000000	36
chrY	 74300000	 73400000	18
chrY	 74700000	 73800000	18
chrY	 75050000	 73800000	25
chrY	 75800000	 73200000	52
chrY	 76700000	 73750000	59
chrY	 77300000	 78200000	18
chrY	 78650000	 79500000	17
chrY	 80350000	 78350000	40
chrY	 81300000	 80850000	9
chrY	 81450000	 79700000	35
chrY	 83800000	 84400000	12
chrY	 85400000	 84750000	13
chrY	 85650000	 84350000	26
chrY	 87850000	 90150000	46
chrY	 88350000	 89050000	14
chrY	 88550000	 87750000	16
chrY	 90550000	 91100000	11
