chr1	  1900000	  2350000	9
chr1	  4450000	  3750000	14
chr1	  9850000	  9650000	4
chr1	 10250000	  9050000	24
chr1	 12900000	 13800000	18
chr1	 13600000	 13100000	10
chr1	 14350000	 13550000	16
chr1	 15150000	 15150000	0
chr1	 15450000	 14300000	23
chr1	 16350000	 17300000	19
chr1	 17350000	 18400000	21
chr1	 18850000	 18000000	17
chr1	 19250000	 20250000	20
chr1	 20000000	 18050000	39
chr1	 20400000	 20200000	4
chr1	 22150000	 23000000	17
chr1	 24650000	 23200000	29
chr1	 25800000	 26950000	23
chr1	 26050000	 27650000	32
chr1	 26250000	 26650000	8
chr1	 26750000	 25950000	16
chr1	 28250000	 26450000	36
chr1	 30350000	 29400000	19
chr1	 30900000	 32150000	25
chr1	 32250000	 32550000	6
chr1	 34300000	 35200000	18
chr1	 37500000	 36750000	15
chr1	 37600000	 36050000	31
chr1	 37750000	 39450000	34
chr1	 37900000	 38450000	11
chr1	 38000000	 36600000	28
chr1	 39850000	 38100000	35
chr1	 40750000	 41550000	16
chr1	 41100000	 39550000	31
chr1	 42100000	 41400000	14
chr1	 42250000	 41750000	10
chr1	 42450000	 39050000	68
chr1	 43850000	 45850000	40
chr1	 44800000	 46650000	37
chr1	 45100000	 44500000	12
chr1	 50900000	 50350000	11
chr1	 52000000	 54200000	44
chr1	 52950000	 51900000	21
chr1	 53050000	 53900000	17
chr1	 54150000	 54900000	15
chr1	 54550000	 56300000	35
chr1	 55900000	 57750000	37
chr1	 56600000	 57800000	24
chr1	 56950000	 57800000	17
chr1	 58350000	 59500000	23
chr1	 58400000	 59350000	19
chr1	 60050000	 60700000	13
chr1	 60400000	 62400000	40
chr1	 60700000	 62000000	26
chr1	 60900000	 60000000	18
chr1	 62500000	 63400000	18
chr1	 63800000	 61300000	50
chr1	 64300000	 67150000	57
chr1	 64450000	 61350000	62
chr1	 65800000	 67100000	26
chr1	 66100000	 66450000	7
chr1	 69700000	 69150000	11
chr1	 69850000	 71900000	41
chr1	 72300000	 70900000	28
chr1	 72300000	 72800000	10
chr1	 73950000	 74200000	5
chr1	 75600000	 77100000	30
chr1	 76850000	 77550000	14
chr1	 77050000	 77050000	0
chr1	 77550000	 76550000	20
chr1	 77650000	 76350000	26
chr1	 78850000	 80350000	30
chr1	 79650000	 79200000	9
chr1	 81900000	 82850000	19
chr1	 83050000	 83650000	12
chr1	 84550000	 83650000	18
chr1	 84700000	 85850000	23
chr1	 84950000	 82500000	49
chr1	 85050000	 86200000	23
chr1	 85500000	 84750000	15
chr1	 85550000	 86700000	23
chr1	 86050000	 85550000	10
chr1	 86550000	 84650000	38
chr1	 87250000	 86350000	18
chr1	 89200000	 87450000	35
chr1	 89600000	 91550000	39
chr1	 92050000	 91550000	10
chr1	 92150000	 91450000	14
chr1	 92650000	 94150000	30
chr1	 94050000	 94700000	13
chr1	 95550000	 96200000	13
chr1	 98950000	 97900000	21
chr1	 99850000	101300000	29
chr1	100800000	 99700000	22
chr1	101350000	100350000	20
chr1	103150000	102450000	14
chr1	103500000	104550000	21
chr1	106150000	107200000	21
chr1	106500000	105000000	30
chr1	106900000	105650000	25
chr1	107900000	108700000	16
chr1	115950000	117150000	24
chr1	116150000	116700000	11
chr1	116400000	117200000	16
chr1	116750000	117100000	7
chr1	117600000	116500000	22
chr1	117600000	121450000	77
chr1	120000000	119500000	10
chr1	124050000	123000000	21
chr1	124550000	124000000	11
chr1	124950000	126000000	21
chr1	125250000	123500000	35
chr1	125650000	123550000	42
chr1	126750000	127400000	13
chr1	126950000	126000000	19
chr1	129900000	129400000	10
chr1	131550000	133400000	37
chr1	133700000	132200000	30
chr1	134750000	134350000	8
chr1	135300000	135750000	9
chr1	135950000	136550000	12
chr1	139200000	138400000	16
chr1	139450000	138550000	18
chr1	139450000	138800000	13
chr1	140300000	144200000	78
chr1	141550000	143950000	48
chr1	141700000	139850000	37
chr1	142700000	143200000	10
chr1	142950000	144100000	23
chr1	143600000	144850000	25
chr1	145800000	146300000	10
chr1	146350000	145850000	10
chr1	147100000	147500000	8
chr1	152200000	151650000	11
chr1	152400000	152850000	9
chr1	153000000	151800000	24
chr1	155550000	154750000	16
chr1	155900000	156300000	8
chr1	157300000	158300000	20
chr1	157650000	156750000	18
chr1	158950000	158250000	14
chr1	159150000	159600000	9
chr1	159150000	162100000	59
chr1	160000000	159000000	20
chr1	160350000	161100000	15
chr1	165200000	164450000	15
chr1	165200000	167400000	44
chr1	165650000	166250000	12
chr1	166550000	166900000	7
chr1	167200000	169600000	48
chr1	168450000	169550000	22
chr1	169350000	168350000	20
chr1	169450000	171350000	38
chr1	170050000	169650000	8
chr1	170850000	171650000	16
chr1	171350000	172400000	21
chr1	174700000	173050000	33
chr1	175000000	173250000	35
chr1	177300000	175900000	28
chr1	178750000	179400000	13
chr1	181750000	182550000	16
chr1	183550000	184750000	24
chr1	184850000	185850000	20
chr1	186250000	187100000	17
chr1	191200000	192750000	31
chr1	191550000	189800000	35
chr1	192250000	191600000	13
chr1	193350000	195250000	38
chr1	193750000	191950000	36
chr1	194100000	194350000	5
chr10	  1150000	  1900000	15
chr10	  1550000	  2000000	9
chr10	  1700000	  2400000	14
chr10	  2800000	  3400000	12
chr10	  6250000	  4850000	28
chr10	  7250000	  9800000	51
chr10	  8200000	  6900000	26
chr10	  8750000	  9100000	7
chr10	 11550000	 10600000	19
chr10	 16650000	 18750000	42
chr10	 17300000	 17900000	12
chr10	 17950000	 17050000	18
chr10	 20700000	 20100000	12
chr10	 21550000	 20450000	22
chr10	 22100000	 23300000	24
chr10	 23200000	 25050000	37
chr10	 24400000	 25400000	20
chr10	 25150000	 23800000	27
chr10	 27200000	 27850000	13
chr10	 27900000	 29350000	29
chr10	 28750000	 30450000	34
chr10	 28900000	 27600000	26
chr10	 29700000	 31000000	26
chr10	 32050000	 29700000	47
chr10	 33100000	 32550000	11
chr10	 33700000	 34200000	10
chr10	 34350000	 33200000	23
chr10	 35600000	 34500000	22
chr10	 37550000	 36800000	15
chr10	 39050000	 38200000	17
chr10	 40600000	 41750000	23
chr10	 40900000	 39150000	35
chr10	 41200000	 39900000	26
chr10	 41750000	 40950000	16
chr10	 43950000	 43050000	18
chr10	 46350000	 46100000	5
chr10	 46750000	 46000000	15
chr10	 47750000	 47100000	13
chr10	 48400000	 46800000	32
chr10	 52250000	 53300000	21
chr10	 52600000	 51400000	24
chr10	 53400000	 54150000	15
chr10	 53950000	 54950000	20
chr10	 54800000	 55250000	9
chr10	 55600000	 56450000	17
chr10	 57700000	 59750000	41
chr10	 57950000	 58950000	20
chr10	 59700000	 60550000	17
chr10	 61050000	 61850000	16
chr10	 63250000	 62400000	17
chr10	 65700000	 64650000	21
chr10	 67550000	 68100000	11
chr10	 68000000	 66200000	36
chr10	 68700000	 68900000	4
chr10	 69650000	 68950000	14
chr10	 69700000	 67550000	43
chr10	 70100000	 70650000	11
chr10	 71050000	 72450000	28
chr10	 72100000	 73500000	28
chr10	 73050000	 74400000	27
chr10	 73150000	 70650000	50
chr10	 77700000	 75050000	53
chr10	 78000000	 79650000	33
chr10	 78200000	 77300000	18
chr10	 78500000	 77050000	29
chr10	 79150000	 80950000	36
chr10	 80850000	 82450000	32
chr10	 80900000	 79950000	19
chr10	 81700000	 82450000	15
chr10	 82900000	 81200000	34
chr10	 83900000	 82350000	31
chr10	 84900000	 84550000	7
chr10	 85550000	 86350000	16
chr10	 88350000	 87150000	24
chr10	 89150000	 88500000	13
chr10	 90200000	 90700000	10
chr10	 92600000	 90800000	36
chr10	 95900000	 96600000	14
chr10	 97350000	 98900000	31
chr10	 98500000	 99000000	10
chr10	 99250000	 99900000	13
chr10	100050000	101050000	20
chr10	101150000	102000000	17
chr10	101900000	101650000	5
chr10	105500000	104350000	23
chr10	106050000	104550000	30
chr10	106500000	108550000	41
chr10	107900000	108200000	6
chr10	108850000	109550000	14
chr10	109650000	110200000	11
chr10	110050000	110650000	12
chr10	110550000	108900000	33
chr10	111050000	109900000	23
chr10	112150000	113600000	29
chr10	112250000	112750000	10
chr10	112650000	112100000	11
chr10	113650000	113050000	12
chr10	114300000	115900000	32
chr10	116800000	115200000	32
chr10	118950000	119850000	18
chr10	121650000	120300000	27
chr10	122350000	120150000	44
chr10	124850000	123150000	34
chr10	125900000	123650000	45
chr10	126000000	124350000	33
chr10	126100000	124800000	26
chr10	126100000	124900000	24
chr10	126450000	125850000	12
chr10	127550000	126600000	19
chr10	127800000	128650000	17
chr10	127800000	129000000	24
chr11	   700000	        0	14
chr11	   950000	  1450000	10
chr11	  2850000	  1700000	23
chr11	  3000000	  1400000	32
chr11	  3100000	  2700000	8
chr11	  3650000	  4650000	20
chr11	  4350000	  5200000	17
chr11	  4500000	  6500000	40
chr11	  8150000	 10050000	38
chr11	 10850000	 12050000	24
chr11	 11500000	 10000000	30
chr11	 14150000	 17100000	59
chr11	 14450000	 15550000	22
chr11	 14900000	 13300000	32
chr11	 15200000	 14300000	18
chr11	 15350000	 17050000	34
chr11	 17600000	 18350000	15
chr11	 18050000	 16300000	35
chr11	 19500000	 18200000	26
chr11	 20100000	 19050000	21
chr11	 20600000	 19950000	13
chr11	 20650000	 21250000	12
chr11	 23100000	 23350000	5
chr11	 23400000	 24300000	18
chr11	 24250000	 25150000	18
chr11	 25300000	 24650000	13
chr11	 26400000	 25600000	16
chr11	 26550000	 27950000	28
chr11	 27050000	 26100000	19
chr11	 27950000	 26750000	24
chr11	 28200000	 27050000	23
chr11	 30650000	 29450000	24
chr11	 31000000	 30150000	17
chr11	 31500000	 28600000	58
chr11	 34550000	 35350000	16
chr11	 35750000	 33650000	42
chr11	 37500000	 38150000	13
chr11	 42450000	 41250000	24
chr11	 45900000	 50400000	90
chr11	 46050000	 43800000	45
chr11	 46850000	 48400000	31
chr11	 48150000	 47700000	9
chr11	 48650000	 47550000	22
chr11	 49500000	 49100000	8
chr11	 52000000	 51500000	10
chr11	 53200000	 54350000	23
chr11	 53400000	 52550000	17
chr11	 54800000	 56050000	25
chr11	 55650000	 57100000	29
chr11	 59250000	 60850000	32
chr11	 60050000	 61100000	21
chr11	 60600000	 61850000	25
chr11	 61850000	 63150000	26
chr11	 63000000	 61250000	35
chr11	 67500000	 66400000	22
chr11	 70400000	 69800000	12
chr11	 71500000	 70100000	28
chr11	 73700000	 74400000	14
chr11	 74850000	 75900000	21
chr11	 76050000	 78350000	46
chr11	 76800000	 75700000	22
chr11	 78750000	 78000000	15
chr11	 79650000	 80200000	11
chr11	 80600000	 81000000	8
chr11	 82250000	 83750000	30
chr11	 82600000	 80900000	34
chr11	 83100000	 85400000	46
chr11	 86050000	 86800000	15
chr11	 89850000	 89150000	14
chr11	 91050000	 91950000	18
chr11	 93950000	 95300000	27
chr11	 94900000	 93950000	19
chr11	 95800000	 95650000	3
chr11	 97250000	 96150000	22
chr11	 97300000	 97900000	12
chr11	 97500000	 98100000	12
chr11	 97750000	 98850000	22
chr11	 99750000	101500000	35
chr11	100350000	 99700000	13
chr11	100450000	102450000	40
chr11	101500000	100050000	29
chr11	101650000	101100000	11
chr11	105950000	105550000	8
chr11	106200000	106900000	14
chr11	106350000	107250000	18
chr11	108500000	106000000	50
chr11	110900000	110050000	17
chr11	111700000	110800000	18
chr11	111700000	111000000	14
chr11	114800000	114200000	12
chr11	115600000	116000000	8
chr11	116050000	116450000	8
chr11	117100000	115800000	26
chr12	  1850000	  4000000	43
chr12	  2550000	  1100000	29
chr12	  2750000	  3650000	18
chr12	  3700000	  4550000	17
chr12	  5600000	  4800000	16
chr12	  6750000	  7600000	17
chr12	  7450000	  6800000	13
chr12	  8550000	  7500000	21
chr12	  8550000	  7800000	15
chr12	  9450000	  8450000	20
chr12	 10200000	  9200000	20
chr12	 11450000	 12500000	21
chr12	 12200000	 11300000	18
chr12	 12450000	 11750000	14
chr12	 13300000	 13100000	4
chr12	 13300000	 13950000	13
chr12	 14250000	 13400000	17
chr12	 17850000	 18700000	17
chr12	 18900000	 18150000	15
chr12	 19550000	 22250000	54
chr12	 19900000	 17950000	39
chr12	 25500000	 27800000	46
chr12	 30450000	 29100000	27
chr12	 31600000	 32100000	10
chr12	 31750000	 29550000	44
chr12	 33550000	 33800000	5
chr12	 33650000	 32900000	15
chr12	 34000000	 31800000	44
chr12	 35100000	 33250000	37
chr12	 38550000	 39750000	24
chr12	 39350000	 38550000	16
chr12	 43950000	 44450000	10
chr12	 44450000	 45550000	22
chr12	 44950000	 44150000	16
chr12	 45600000	 44100000	30
chr12	 48150000	 48950000	16
chr12	 50500000	 53550000	61
chr12	 56800000	 57700000	18
chr12	 57050000	 55750000	26
chr12	 57050000	 56100000	19
chr12	 58050000	 58950000	18
chr12	 60300000	 60650000	7
chr12	 60900000	 60350000	11
chr12	 61400000	 61100000	6
chr12	 61650000	 63450000	36
chr12	 63350000	 63600000	5
chr12	 63350000	 65800000	49
chr12	 63700000	 63950000	5
chr12	 64500000	 65050000	11
chr12	 66800000	 67400000	12
chr12	 67550000	 66550000	20
chr12	 68050000	 67250000	16
chr12	 68550000	 69300000	15
chr12	 69200000	 67450000	35
chr12	 69250000	 69800000	11
chr12	 71800000	 72150000	7
chr12	 73100000	 72500000	12
chr12	 75500000	 75900000	8
chr12	 76150000	 75600000	11
chr12	 76250000	 76650000	8
chr12	 76700000	 76250000	9
chr12	 78450000	 77550000	18
chr12	 80150000	 81200000	21
chr12	 80300000	 78300000	40
chr12	 80950000	 80450000	10
chr12	 82850000	 82500000	7
chr12	 85400000	 84450000	19
chr12	 86000000	 86800000	16
chr12	 86450000	 88250000	36
chr12	 87850000	 86200000	33
chr12	 89550000	 88000000	31
chr12	 90400000	 91400000	20
chr12	 91850000	 91200000	13
chr12	 91850000	 92200000	7
chr12	 92800000	 93500000	14
chr12	 92900000	 91850000	21
chr12	 94550000	 93000000	31
chr12	 97750000	 96650000	22
chr12	 98750000	100600000	37
chr12	 99800000	 98900000	18
chr12	105150000	104550000	12
chr12	105650000	106400000	15
chr12	106550000	106050000	10
chr12	108650000	104850000	76
chr12	108650000	106800000	37
chr12	109350000	110150000	16
chr12	111950000	109300000	53
chr12	113250000	113650000	8
chr12	114200000	114000000	4
chr12	115000000	115750000	15
chr12	115250000	114200000	21
chr12	117150000	118550000	28
chr12	119750000	117850000	38
chr13	  5100000	  5950000	17
chr13	  5350000	  4550000	16
chr13	  6900000	  8250000	27
chr13	  7650000	  6850000	16
chr13	  7850000	  7600000	5
chr13	  8150000	  9550000	28
chr13	 11100000	 13450000	47
chr13	 11800000	 13150000	27
chr13	 12400000	 14050000	33
chr13	 12450000	 11300000	23
chr13	 13400000	 14550000	23
chr13	 13600000	 12650000	19
chr13	 14150000	 14800000	13
chr13	 14300000	 15350000	21
chr13	 19800000	 17550000	45
chr13	 20300000	 20900000	12
chr13	 20800000	 19700000	22
chr13	 22850000	 21700000	23
chr13	 24250000	 25200000	19
chr13	 24950000	 26450000	30
chr13	 27050000	 27700000	13
chr13	 27550000	 29650000	42
chr13	 27700000	 26950000	15
chr13	 29650000	 34200000	91
chr13	 29800000	 28050000	35
chr13	 30650000	 33650000	60
chr13	 30950000	 31650000	14
chr13	 36150000	 36900000	15
chr13	 36200000	 35350000	17
chr13	 40650000	 40000000	13
chr13	 40900000	 38700000	44
chr13	 44500000	 44500000	0
chr13	 44750000	 46050000	26
chr13	 45100000	 46250000	23
chr13	 46650000	 47500000	17
chr13	 47350000	 50700000	67
chr13	 49000000	 49500000	10
chr13	 51350000	 50500000	17
chr13	 51650000	 55350000	74
chr13	 51900000	 52950000	21
chr13	 52100000	 50850000	25
chr13	 53300000	 55000000	34
chr13	 60850000	 61500000	13
chr13	 61350000	 62700000	27
chr13	 61650000	 62000000	7
chr13	 61900000	 59950000	39
chr13	 62550000	 61800000	15
chr13	 62900000	 62650000	5
chr13	 63100000	 65400000	46
chr13	 64200000	 63200000	20
chr13	 66850000	 65750000	22
chr13	 66850000	 65800000	21
chr13	 68000000	 67750000	5
chr13	 68850000	 69900000	21
chr13	 69950000	 70400000	9
chr13	 70150000	 71000000	17
chr13	 71400000	 71900000	10
chr13	 72100000	 72900000	16
chr13	 75350000	 77150000	36
chr13	 76750000	 77550000	16
chr13	 78700000	 79050000	7
chr13	 79100000	 78700000	8
chr13	 85300000	 85550000	5
chr13	 85300000	 85900000	12
chr13	 85650000	 82750000	58
chr13	 87350000	 87050000	6
chr13	 87500000	 88450000	19
chr13	 87750000	 89750000	40
chr13	 88650000	 90000000	27
chr13	 89000000	 88200000	16
chr13	 89200000	 91750000	51
chr13	 91300000	 92350000	21
chr13	 97700000	 96450000	25
chr13	 99400000	 97850000	31
chr13	100900000	102500000	32
chr13	100950000	 99800000	23
chr13	101550000	101150000	8
chr13	103800000	103000000	16
chr13	105700000	104750000	19
chr13	106300000	105700000	12
chr13	108450000	109250000	16
chr13	110250000	108650000	32
chr13	111000000	109750000	25
chr13	112300000	111750000	11
chr13	114600000	115750000	23
chr13	115150000	113700000	29
chr13	115200000	114600000	12
chr13	116000000	118800000	56
chr13	116500000	117000000	10
chr13	117450000	118500000	21
chr13	117950000	116250000	34
chr14	  3600000	  1750000	37
chr14	  4900000	  5750000	17
chr14	  5000000	  5750000	15
chr14	  6600000	  5350000	25
chr14	 12150000	 13200000	21
chr14	 17000000	 17800000	16
chr14	 18350000	 18350000	0
chr14	 18450000	 17150000	26
chr14	 21950000	 20350000	32
chr14	 23850000	 23600000	5
chr14	 27750000	 28600000	17
chr14	 28700000	 29300000	12
chr14	 29450000	 28250000	24
chr14	 31300000	 30100000	24
chr14	 34450000	 33550000	18
chr14	 38100000	 37450000	13
chr14	 40000000	 40900000	18
chr14	 41200000	 42650000	29
chr14	 43100000	 43800000	14
chr14	 43950000	 43600000	7
chr14	 44900000	 45950000	21
chr14	 46450000	 47500000	21
chr14	 48150000	 49500000	27
chr14	 48450000	 46100000	47
chr14	 48450000	 47600000	17
chr14	 51450000	 50450000	20
chr14	 51900000	 52500000	12
chr14	 52300000	 53150000	17
chr14	 54250000	 53600000	13
chr14	 55500000	 56900000	28
chr14	 55800000	 56550000	15
chr14	 56650000	 55350000	26
chr14	 56750000	 56300000	9
chr14	 57500000	 60000000	50
chr14	 58750000	 57850000	18
chr14	 59150000	 59150000	0
chr14	 59200000	 58550000	13
chr14	 59550000	 58700000	17
chr14	 64550000	 65100000	11
chr14	 64700000	 63200000	30
chr14	 65100000	 61150000	79
chr14	 66800000	 65150000	33
chr14	 71050000	 70000000	21
chr14	 72350000	 71050000	26
chr14	 72650000	 73350000	14
chr14	 73450000	 72550000	18
chr14	 76850000	 77400000	11
chr14	 76850000	 77600000	15
chr14	 79950000	 81400000	29
chr14	 81100000	 79100000	40
chr14	 81700000	 80700000	20
chr14	 83750000	 81800000	39
chr14	 85350000	 86450000	22
chr14	 86450000	 85450000	20
chr14	 86650000	 86350000	6
chr14	 88450000	 89050000	12
chr14	 88800000	 88300000	10
chr14	 89650000	 90800000	23
chr14	 91250000	 91550000	6
chr14	 91700000	 91300000	8
chr14	 91850000	 90600000	25
chr14	 92450000	 91450000	20
chr14	 94500000	 93300000	24
chr14	 94500000	 93600000	18
chr14	 95600000	 94400000	24
chr14	 96050000	 94500000	31
chr14	 96450000	 98900000	49
chr14	 97300000	 95350000	39
chr14	100600000	 99550000	21
chr14	103200000	102150000	21
chr14	103800000	105000000	24
chr14	104050000	102100000	39
chr14	106900000	107300000	8
chr14	107050000	106250000	16
chr14	107350000	106300000	21
chr14	110350000	111850000	30
chr14	111300000	113600000	46
chr14	112500000	111950000	11
chr14	112550000	113800000	25
chr14	114100000	115450000	27
chr14	114600000	116300000	34
chr14	117250000	116550000	14
chr14	118500000	119350000	17
chr14	120000000	120950000	19
chr14	120600000	122600000	40
chr14	122200000	121200000	20
chr15	  1350000	  2400000	21
chr15	  1400000	  2900000	30
chr15	  1500000	  2200000	14
chr15	  3350000	  2950000	8
chr15	  4150000	  2750000	28
chr15	  4350000	  1500000	57
chr15	  4450000	  4800000	7
chr15	  4750000	  5850000	22
chr15	  5450000	  3650000	36
chr15	  6450000	  5400000	21
chr15	  6950000	  5200000	35
chr15	  7350000	  9400000	41
chr15	  8750000	  8150000	12
chr15	 11350000	 10800000	11
chr15	 11650000	 10950000	14
chr15	 12300000	 13850000	31
chr15	 14100000	 12850000	25
chr15	 15000000	 16200000	24
chr15	 15750000	 14150000	32
chr15	 16600000	 17550000	19
chr15	 17600000	 18200000	12
chr15	 18250000	 19450000	24
chr15	 19850000	 19550000	6
chr15	 20150000	 19400000	15
chr15	 22350000	 20550000	36
chr15	 22450000	 23950000	30
chr15	 26800000	 26250000	11
chr15	 28150000	 27450000	14
chr15	 33900000	 35500000	32
chr15	 34750000	 35350000	12
chr15	 36400000	 37200000	16
chr15	 37900000	 37350000	11
chr15	 39800000	 40650000	17
chr15	 41900000	 39700000	44
chr15	 43350000	 44200000	17
chr15	 43350000	 44700000	27
chr15	 47950000	 49700000	35
chr15	 50750000	 51300000	11
chr15	 51450000	 52950000	30
chr15	 51900000	 50600000	26
chr15	 51950000	 50500000	29
chr15	 52700000	 51650000	21
chr15	 52900000	 54150000	25
chr15	 53550000	 54850000	26
chr15	 55900000	 55100000	16
chr15	 56600000	 57450000	17
chr15	 56750000	 55750000	20
chr15	 58100000	 59300000	24
chr15	 62350000	 63150000	16
chr15	 65700000	 66650000	19
chr15	 68950000	 69300000	7
chr15	 70950000	 71750000	16
chr15	 71150000	 68400000	55
chr15	 71200000	 69600000	32
chr15	 71550000	 72600000	21
chr15	 71800000	 72700000	18
chr15	 74500000	 77600000	62
chr15	 74850000	 76300000	29
chr15	 75400000	 77450000	41
chr15	 78850000	 78000000	17
chr15	 80200000	 79300000	18
chr15	 83050000	 82500000	11
chr15	 83900000	 82800000	22
chr15	 86700000	 86250000	9
chr15	 87000000	 88550000	31
chr15	 87950000	 89050000	22
chr15	 88150000	 87700000	9
chr15	 91050000	 88950000	42
chr15	 93550000	 94700000	23
chr15	 96250000	 95300000	19
chr15	 97700000	 98650000	19
chr15	 97800000	 98500000	14
chr15	 97800000	 99500000	34
chr15	100250000	 99900000	7
chr15	100400000	100950000	11
chr15	101300000	102700000	28
chr15	101450000	102600000	23
chr16	   550000	  2450000	38
chr16	  3800000	  2650000	23
chr16	  5550000	  4700000	17
chr16	  6500000	  5800000	14
chr16	 12300000	 11400000	18
chr16	 21300000	 22100000	16
chr16	 22950000	 20200000	55
chr16	 24350000	 26400000	41
chr16	 24950000	 24950000	0
chr16	 25150000	 24150000	20
chr16	 25250000	 25600000	7
chr16	 25750000	 24750000	20
chr16	 26150000	 27400000	25
chr16	 26450000	 28400000	39
chr16	 32550000	 34300000	35
chr16	 33000000	 32050000	19
chr16	 34400000	 35050000	13
chr16	 36250000	 35600000	13
chr16	 39350000	 36850000	50
chr16	 39400000	 38600000	16
chr16	 42900000	 46150000	65
chr16	 45850000	 47300000	29
chr16	 46800000	 48800000	40
chr16	 47400000	 46400000	20
chr16	 50550000	 52250000	34
chr16	 54150000	 53650000	10
chr16	 56050000	 57200000	23
chr16	 57000000	 55800000	24
chr16	 57450000	 58600000	23
chr16	 57850000	 56150000	34
chr16	 59200000	 59950000	15
chr16	 60400000	 59300000	22
chr16	 62500000	 61500000	20
chr16	 63000000	 64400000	28
chr16	 64950000	 66700000	35
chr16	 65050000	 64700000	7
chr16	 65100000	 65600000	10
chr16	 65950000	 63350000	52
chr16	 66200000	 67450000	25
chr16	 67400000	 67800000	8
chr16	 69500000	 68300000	24
chr16	 69600000	 71450000	37
chr16	 71250000	 70100000	23
chr16	 71700000	 70450000	25
chr16	 73600000	 72050000	31
chr16	 75800000	 75000000	16
chr16	 76500000	 75850000	13
chr16	 76800000	 78150000	27
chr16	 77450000	 80050000	52
chr16	 79250000	 81600000	47
chr16	 81450000	 82050000	12
chr16	 81850000	 80900000	19
chr16	 83250000	 84000000	15
chr16	 84300000	 85500000	24
chr16	 85350000	 84650000	14
chr16	 85850000	 84850000	20
chr16	 87450000	 88300000	17
chr16	 88250000	 88950000	14
chr16	 88550000	 89400000	17
chr16	 89750000	 88800000	19
chr16	 92500000	 91350000	23
chr16	 94100000	 93550000	11
chr16	 95000000	 96000000	20
chr16	 96250000	 98150000	38
chr16	 97500000	 96600000	18
chr17	   650000	  1450000	16
chr17	  1800000	  3850000	41
chr17	  2200000	  1100000	22
chr17	  4500000	  3150000	27
chr17	  8350000	  9100000	15
chr17	  9500000	 10550000	21
chr17	 10400000	  9550000	17
chr17	 12800000	 13550000	15
chr17	 14000000	 13500000	10
chr17	 15450000	 16350000	18
chr17	 15450000	 17150000	34
chr17	 15500000	 14850000	13
chr17	 17700000	 18650000	19
chr17	 19550000	 20850000	26
chr17	 21650000	 22600000	19
chr17	 25100000	 24700000	8
chr17	 29050000	 28550000	10
chr17	 31150000	 32800000	33
chr17	 31650000	 31050000	12
chr17	 31900000	 32650000	15
chr17	 31950000	 34450000	50
chr17	 32850000	 33550000	14
chr17	 32950000	 33500000	11
chr17	 35700000	 34700000	20
chr17	 38250000	 39300000	21
chr17	 39550000	 38950000	12
chr17	 39650000	 39650000	0
chr17	 42700000	 41750000	19
chr17	 44000000	 45100000	22
chr17	 47250000	 46300000	19
chr17	 48600000	 47600000	20
chr17	 49650000	 49150000	10
chr17	 52000000	 50750000	25
chr17	 54700000	 55600000	18
chr17	 57350000	 57600000	5
chr17	 57400000	 55350000	41
chr17	 57750000	 58750000	20
chr17	 58600000	 59600000	20
chr17	 58750000	 57650000	22
chr17	 59900000	 61000000	22
chr17	 63400000	 63900000	10
chr17	 63700000	 61550000	43
chr17	 65900000	 66450000	11
chr17	 68050000	 69050000	20
chr17	 69400000	 67600000	36
chr17	 69400000	 68050000	27
chr17	 70250000	 69300000	19
chr17	 73650000	 72050000	32
chr17	 74200000	 74600000	8
chr17	 74650000	 75600000	19
chr17	 75400000	 76400000	20
chr17	 76550000	 76550000	0
chr17	 78500000	 77300000	24
chr17	 78900000	 72900000	120
chr17	 78900000	 77300000	32
chr17	 80600000	 79750000	17
chr17	 80650000	 79900000	15
chr17	 82100000	 80100000	40
chr17	 82300000	 81200000	22
chr17	 82900000	 80850000	41
chr17	 84700000	 85550000	17
chr17	 85750000	 86050000	6
chr17	 86050000	 89200000	63
chr17	 86800000	 84900000	38
chr17	 87150000	 86400000	15
chr17	 87850000	 87100000	15
chr17	 87950000	 89150000	24
chr17	 89000000	 90600000	32
chr17	 89900000	 91400000	30
chr17	 91800000	 93400000	32
chr17	 94300000	 93650000	13
chr18	  2250000	  1650000	12
chr18	  4100000	  4450000	7
chr18	  4750000	  6050000	26
chr18	  5600000	  6050000	9
chr18	  8550000	  7400000	23
chr18	 10150000	  9550000	12
chr18	 10250000	 11150000	18
chr18	 10600000	 10050000	11
chr18	 10900000	 10150000	15
chr18	 11500000	  8450000	61
chr18	 12650000	 11100000	31
chr18	 14000000	 14950000	19
chr18	 16050000	 18450000	48
chr18	 16200000	 16650000	9
chr18	 16550000	 15150000	28
chr18	 17450000	 16100000	27
chr18	 18600000	 19500000	18
chr18	 18800000	 19900000	22
chr18	 19000000	 20900000	38
chr18	 19300000	 17600000	34
chr18	 19800000	 18950000	17
chr18	 21050000	 22500000	29
chr18	 22500000	 23300000	16
chr18	 22850000	 21550000	26
chr18	 22950000	 21650000	26
chr18	 23450000	 25300000	37
chr18	 24450000	 21850000	52
chr18	 26650000	 28350000	34
chr18	 34150000	 35450000	26
chr18	 34750000	 35450000	14
chr18	 38200000	 39000000	16
chr18	 39250000	 38600000	13
chr18	 42100000	 41650000	9
chr18	 43950000	 43150000	16
chr18	 45100000	 46100000	20
chr18	 46450000	 44150000	46
chr18	 47000000	 44550000	49
chr18	 47150000	 48600000	29
chr18	 48150000	 48900000	15
chr18	 50450000	 51500000	21
chr18	 50850000	 49300000	31
chr18	 53750000	 53150000	12
chr18	 55500000	 56350000	17
chr18	 56450000	 57150000	14
chr18	 57150000	 57850000	14
chr18	 58500000	 59900000	28
chr18	 58650000	 57400000	25
chr18	 60250000	 61050000	16
chr18	 63950000	 63050000	18
chr18	 64550000	 66100000	31
chr18	 64600000	 63250000	27
chr18	 66850000	 67750000	18
chr18	 67600000	 69550000	39
chr18	 69000000	 69950000	19
chr18	 69000000	 72350000	67
chr18	 75200000	 74100000	22
chr18	 75350000	 73850000	30
chr18	 75750000	 74750000	20
chr18	 75900000	 76700000	16
chr18	 78650000	 79600000	19
chr18	 80800000	 80200000	12
chr18	 82800000	 84450000	33
chr18	 85400000	 85400000	0
chr18	 86650000	 87150000	10
chr18	 87650000	 89200000	31
chr18	 88150000	 89100000	19
chr18	 88700000	 87700000	20
chr19	  1800000	  1050000	15
chr19	  2250000	  1600000	13
chr19	  3750000	  3500000	5
chr19	  5300000	  4050000	25
chr19	  5550000	  4700000	17
chr19	  6850000	  5950000	18
chr19	  9750000	  8350000	28
chr19	 11450000	 13150000	34
chr19	 11500000	 12100000	12
chr19	 11550000	 10950000	12
chr19	 13550000	  9800000	75
chr19	 14550000	 16800000	45
chr19	 16800000	 15750000	21
chr19	 17200000	 18950000	35
chr19	 19500000	 17800000	34
chr19	 20400000	 19850000	11
chr19	 20550000	 21300000	15
chr19	 21150000	 20050000	22
chr19	 22250000	 23050000	16
chr19	 22700000	 22900000	4
chr19	 23400000	 23050000	7
chr19	 23600000	 24700000	22
chr19	 23750000	 22100000	33
chr19	 23750000	 27000000	65
chr19	 25050000	 24150000	18
chr19	 25300000	 23950000	27
chr19	 25950000	 27850000	38
chr19	 26550000	 24950000	32
chr19	 27950000	 26850000	22
chr19	 30800000	 31750000	19
chr19	 32150000	 31750000	8
chr19	 32500000	 31250000	25
chr19	 33350000	 32550000	16
chr19	 41350000	 42950000	32
chr19	 47950000	 46100000	37
chr19	 48850000	 50150000	26
chr19	 51100000	 52750000	33
chr19	 52800000	 50650000	43
chr19	 55600000	 56150000	11
chr19	 59500000	 60750000	25
chr19	 60750000	 61400000	13
chr2	   300000	  1400000	22
chr2	  1450000	  2650000	24
chr2	  2600000	  1600000	20
chr2	  3200000	  4500000	26
chr2	  4100000	  7450000	67
chr2	  4150000	  2100000	41
chr2	  5950000	  5950000	0
chr2	  6250000	  7000000	15
chr2	  7900000	  5450000	49
chr2	  8800000	  8200000	12
chr2	 11150000	  9750000	28
chr2	 13450000	 12500000	19
chr2	 14450000	 15250000	16
chr2	 16200000	 15450000	15
chr2	 21250000	 22450000	24
chr2	 21350000	 20650000	14
chr2	 24200000	 23100000	22
chr2	 27500000	 29000000	30
chr2	 27650000	 30800000	63
chr2	 29300000	 30550000	25
chr2	 29550000	 30900000	27
chr2	 29700000	 31600000	38
chr2	 32200000	 33500000	26
chr2	 34350000	 33550000	16
chr2	 34800000	 34150000	13
chr2	 36650000	 35150000	30
chr2	 38350000	 35400000	59
chr2	 40100000	 39750000	7
chr2	 41100000	 42650000	31
chr2	 42850000	 42350000	10
chr2	 43650000	 43200000	9
chr2	 43700000	 43200000	10
chr2	 44150000	 45500000	27
chr2	 47850000	 46750000	22
chr2	 48450000	 48050000	8
chr2	 49350000	 50100000	15
chr2	 50850000	 52150000	26
chr2	 55150000	 54150000	20
chr2	 55250000	 56450000	24
chr2	 55500000	 56200000	14
chr2	 56700000	 55550000	23
chr2	 57900000	 59000000	22
chr2	 58750000	 59950000	24
chr2	 58950000	 58150000	16
chr2	 58950000	 60400000	29
chr2	 59400000	 60250000	17
chr2	 60650000	 62000000	27
chr2	 61750000	 60950000	16
chr2	 62450000	 62250000	4
chr2	 64300000	 64750000	9
chr2	 64650000	 63700000	19
chr2	 65600000	 67000000	28
chr2	 68000000	 66750000	25
chr2	 69350000	 68800000	11
chr2	 69800000	 70800000	20
chr2	 70950000	 72000000	21
chr2	 71800000	 71300000	10
chr2	 72350000	 71900000	9
chr2	 72650000	 70400000	45
chr2	 72650000	 72900000	5
chr2	 75350000	 73700000	33
chr2	 75800000	 74800000	20
chr2	 76700000	 75550000	23
chr2	 77300000	 74750000	51
chr2	 77450000	 75950000	30
chr2	 77550000	 76850000	14
chr2	 79350000	 80050000	14
chr2	 80650000	 79350000	26
chr2	 82100000	 80400000	34
chr2	 82800000	 81250000	31
chr2	 84050000	 82650000	28
chr2	 89750000	 88750000	20
chr2	 93150000	 93750000	12
chr2	 94100000	 94650000	11
chr2	 94750000	 93600000	23
chr2	 95150000	 94300000	17
chr2	 96150000	 95150000	20
chr2	 96800000	 99500000	54
chr2	103550000	103000000	11
chr2	104150000	108750000	92
chr2	104600000	103650000	19
chr2	105200000	106550000	27
chr2	106500000	105800000	14
chr2	107500000	107100000	8
chr2	107600000	106950000	13
chr2	108800000	109600000	16
chr2	109450000	110300000	17
chr2	109550000	107300000	45
chr2	109700000	113200000	70
chr2	110250000	109800000	9
chr2	111150000	110450000	14
chr2	111350000	110350000	20
chr2	111650000	110500000	23
chr2	115900000	116900000	20
chr2	118100000	117150000	19
chr2	118800000	117800000	20
chr2	123400000	124550000	23
chr2	125100000	124200000	18
chr2	126750000	125950000	16
chr2	127350000	128100000	15
chr2	127450000	129550000	42
chr2	130100000	132050000	39
chr2	130400000	128600000	36
chr2	132550000	133150000	12
chr2	134300000	133800000	10
chr2	136450000	136850000	8
chr2	137800000	138300000	10
chr2	139200000	138600000	12
chr2	139600000	140550000	19
chr2	145800000	144400000	28
chr2	146750000	147400000	13
chr2	147100000	147950000	17
chr2	148050000	146350000	34
chr2	148350000	149400000	21
chr2	149850000	151050000	24
chr2	150550000	150350000	4
chr2	152450000	153100000	13
chr2	153450000	152350000	22
chr2	153800000	152550000	25
chr2	154100000	152550000	31
chr2	154800000	155550000	15
chr2	155150000	155750000	12
chr2	158600000	159200000	12
chr2	159200000	157850000	27
chr2	163150000	162900000	5
chr2	164050000	160950000	62
chr2	164550000	163300000	25
chr2	165850000	164200000	33
chr2	167100000	166450000	13
chr2	173000000	171950000	21
chr2	174100000	175200000	22
chr2	174700000	175600000	18
chr2	175150000	176800000	33
chr2	176500000	175200000	26
chr2	176900000	178150000	25
chr2	176950000	176350000	12
chr2	177250000	178600000	27
chr2	177300000	175750000	31
chr2	179750000	177950000	36
chr2	180350000	181200000	17
chr2	180700000	179350000	27
chr3	  1600000	   500000	22
chr3	  1700000	  2700000	20
chr3	  3000000	  3700000	14
chr3	  3050000	  2450000	12
chr3	  4400000	  3700000	14
chr3	  9750000	 10850000	22
chr3	  9950000	 10750000	16
chr3	 10500000	  8600000	38
chr3	 12000000	 11100000	18
chr3	 12300000	 13000000	14
chr3	 12600000	 13350000	15
chr3	 12750000	 11800000	19
chr3	 13150000	 13750000	12
chr3	 17000000	 17450000	9
chr3	 17100000	 17600000	10
chr3	 18400000	 21000000	52
chr3	 19900000	 21450000	31
chr3	 20350000	 23200000	57
chr3	 23000000	 22150000	17
chr3	 23150000	 22250000	18
chr3	 23400000	 23900000	10
chr3	 25300000	 26350000	21
chr3	 25850000	 28400000	51
chr3	 28050000	 29300000	25
chr3	 28200000	 27550000	13
chr3	 28550000	 30700000	43
chr3	 28650000	 29100000	9
chr3	 29850000	 29000000	17
chr3	 29900000	 31850000	39
chr3	 29950000	 30650000	14
chr3	 30500000	 29750000	15
chr3	 32000000	 30550000	29
chr3	 35200000	 33800000	28
chr3	 35850000	 36300000	9
chr3	 36700000	 34950000	35
chr3	 36700000	 35850000	17
chr3	 38350000	 37950000	8
chr3	 42200000	 41500000	14
chr3	 43200000	 41600000	32
chr3	 43250000	 44350000	22
chr3	 43450000	 42250000	24
chr3	 45750000	 44400000	27
chr3	 46750000	 45550000	24
chr3	 46850000	 45750000	22
chr3	 47950000	 47400000	11
chr3	 49150000	 50250000	22
chr3	 52150000	 50650000	30
chr3	 52400000	 53800000	28
chr3	 52650000	 49100000	71
chr3	 53000000	 53900000	18
chr3	 55300000	 54700000	12
chr3	 57950000	 58650000	14
chr3	 59450000	 62050000	52
chr3	 62400000	 62850000	9
chr3	 62550000	 64350000	36
chr3	 63050000	 64300000	25
chr3	 65300000	 66150000	17
chr3	 70550000	 71700000	23
chr3	 73550000	 73950000	8
chr3	 74450000	 72300000	43
chr3	 75250000	 76150000	18
chr3	 75850000	 75150000	14
chr3	 76100000	 75600000	10
chr3	 77300000	 78700000	28
chr3	 77850000	 78750000	18
chr3	 79900000	 78450000	29
chr3	 80450000	 80000000	9
chr3	 80850000	 81700000	17
chr3	 83550000	 84800000	25
chr3	 84300000	 83150000	23
chr3	 84900000	 85650000	15
chr3	 87150000	 89200000	41
chr3	 88050000	 87500000	11
chr3	 88550000	 89050000	10
chr3	 91200000	 89150000	41
chr3	 91550000	 94450000	58
chr3	 92400000	 93450000	21
chr3	 93250000	 90050000	64
chr3	 93350000	 96350000	60
chr3	 97600000	 96700000	18
chr3	101750000	101400000	7
chr3	103750000	101300000	49
chr3	105450000	104050000	28
chr3	106350000	109100000	55
chr3	106600000	107700000	22
chr3	108800000	109550000	15
chr3	109600000	109050000	11
chr3	111750000	112350000	12
chr3	112400000	113650000	25
chr3	113050000	114500000	29
chr3	117250000	120800000	71
chr3	118400000	117700000	14
chr3	122550000	121450000	22
chr3	123450000	122300000	23
chr3	123950000	123650000	6
chr3	126350000	127300000	19
chr3	127450000	127750000	6
chr3	128350000	128700000	7
chr3	129300000	130350000	21
chr3	131750000	133150000	28
chr3	133650000	134550000	18
chr3	133950000	134650000	14
chr3	134550000	133200000	27
chr3	134750000	135750000	20
chr3	139400000	139850000	9
chr3	141700000	140100000	32
chr3	141900000	140500000	28
chr3	147650000	148650000	20
chr3	148950000	148550000	8
chr3	149900000	148400000	30
chr3	150400000	149400000	20
chr3	150500000	149700000	16
chr3	151650000	153450000	36
chr3	151850000	152400000	11
chr3	151950000	151350000	12
chr3	153200000	153500000	6
chr3	153200000	154000000	16
chr3	153300000	156800000	70
chr3	154050000	152950000	22
chr3	154750000	153300000	29
chr3	155500000	156700000	24
chr3	155700000	153500000	44
chr3	156450000	155050000	28
chr3	156500000	158150000	33
chr3	156650000	157350000	14
chr3	157050000	155350000	34
chr4	  2550000	  1450000	22
chr4	  3900000	  2700000	24
chr4	  4850000	  6050000	24
chr4	  9050000	  8400000	13
chr4	  9250000	 10300000	21
chr4	 10500000	  8550000	39
chr4	 10700000	 12650000	39
chr4	 12600000	 13850000	25
chr4	 13100000	 12500000	12
chr4	 13200000	 13900000	14
chr4	 13350000	 10550000	56
chr4	 13700000	 14500000	16
chr4	 14350000	 16250000	38
chr4	 14850000	 14750000	2
chr4	 19400000	 17300000	42
chr4	 20450000	 18350000	42
chr4	 21150000	 20600000	11
chr4	 21800000	 24250000	49
chr4	 28500000	 26700000	36
chr4	 30100000	 31750000	33
chr4	 31350000	 30250000	22
chr4	 33300000	 31900000	28
chr4	 37500000	 36850000	13
chr4	 38000000	 38750000	15
chr4	 38200000	 36850000	27
chr4	 38300000	 37300000	20
chr4	 39050000	 40700000	33
chr4	 39250000	 38250000	20
chr4	 40450000	 41800000	27
chr4	 40500000	 38350000	43
chr4	 41100000	 42450000	27
chr4	 42450000	 40600000	37
chr4	 43600000	 42850000	15
chr4	 43700000	 42950000	15
chr4	 44000000	 43100000	18
chr4	 46500000	 47600000	22
chr4	 46600000	 47000000	8
chr4	 46850000	 46450000	8
chr4	 48000000	 49300000	26
chr4	 49400000	 50800000	28
chr4	 52600000	 53800000	24
chr4	 57400000	 56750000	13
chr4	 57400000	 58200000	16
chr4	 57950000	 58650000	14
chr4	 59500000	 60550000	21
chr4	 61400000	 64100000	54
chr4	 61500000	 61600000	2
chr4	 63250000	 64100000	17
chr4	 64300000	 65650000	27
chr4	 65000000	 63850000	23
chr4	 65000000	 65600000	12
chr4	 66750000	 63550000	64
chr4	 69050000	 67800000	25
chr4	 69500000	 68650000	17
chr4	 70400000	 69050000	27
chr4	 70950000	 70350000	12
chr4	 72050000	 71900000	3
chr4	 75850000	 76750000	18
chr4	 76550000	 77000000	9
chr4	 81000000	 82550000	31
chr4	 81450000	 81950000	10
chr4	 81550000	 81950000	8
chr4	 82800000	 81550000	25
chr4	 83200000	 83600000	8
chr4	 84000000	 85950000	39
chr4	 84050000	 86800000	55
chr4	 84850000	 83350000	30
chr4	 84850000	 85400000	11
chr4	 85150000	 86300000	23
chr4	 86650000	 88450000	36
chr4	 86850000	 87350000	10
chr4	 87950000	 87650000	6
chr4	 91250000	 90550000	14
chr4	 92750000	 93150000	8
chr4	 93550000	 93000000	11
chr4	 96700000	 95500000	24
chr4	 98550000	 98950000	8
chr4	 98850000	 99800000	19
chr4	 99300000	100050000	15
chr4	 99550000	100200000	13
chr4	 99900000	102300000	48
chr4	100150000	 99350000	16
chr4	100250000	 98700000	31
chr4	101750000	102750000	20
chr4	102350000	103400000	21
chr4	105550000	104500000	21
chr4	106350000	105700000	13
chr4	106700000	109400000	54
chr4	107250000	106750000	10
chr4	107700000	107500000	4
chr4	109350000	110600000	25
chr4	113000000	112100000	18
chr4	114900000	115650000	15
chr4	125000000	124550000	9
chr4	125350000	123750000	32
chr4	130750000	129200000	31
chr4	131700000	130300000	28
chr4	131900000	132350000	9
chr4	133250000	131800000	29
chr4	137200000	137800000	12
chr4	138550000	139550000	20
chr4	140250000	142000000	35
chr4	140550000	142350000	36
chr4	141600000	142150000	11
chr4	143800000	144350000	11
chr4	144450000	145550000	22
chr4	145700000	147850000	43
chr4	146400000	144000000	48
chr4	146500000	147700000	24
chr4	148400000	148900000	10
chr4	148850000	147800000	21
chr4	153500000	154650000	23
chr4	154350000	153000000	27
chr4	154700000	153700000	20
chr4	154950000	155400000	9
chr4	155450000	156150000	14
chr5	   750000	  1750000	20
chr5	   800000	  2100000	26
chr5	  1050000	  1950000	18
chr5	  2500000	  1200000	26
chr5	  3200000	  2200000	20
chr5	  4350000	  6150000	36
chr5	  4600000	  3550000	21
chr5	  5150000	  4750000	8
chr5	  8550000	  7550000	20
chr5	  8950000	  9450000	10
chr5	 10550000	 11200000	13
chr5	 12050000	 10250000	36
chr5	 14550000	 15600000	21
chr5	 14750000	 14050000	14
chr5	 15750000	 14100000	33
chr5	 16000000	 17850000	37
chr5	 17600000	 18700000	22
chr5	 23250000	 24450000	24
chr5	 23400000	 22000000	28
chr5	 24500000	 25650000	23
chr5	 24550000	 25100000	11
chr5	 24850000	 25850000	20
chr5	 26700000	 28200000	30
chr5	 27800000	 29050000	25
chr5	 29050000	 29450000	8
chr5	 31200000	 30300000	18
chr5	 31750000	 30950000	16
chr5	 33550000	 35150000	32
chr5	 34050000	 36400000	47
chr5	 36250000	 34700000	31
chr5	 38150000	 38900000	15
chr5	 39100000	 39750000	13
chr5	 40300000	 41400000	22
chr5	 41450000	 42250000	16
chr5	 42350000	 41750000	12
chr5	 48400000	 46600000	36
chr5	 53050000	 52500000	11
chr5	 53650000	 54400000	15
chr5	 55550000	 56650000	22
chr5	 58100000	 56750000	27
chr5	 60500000	 59650000	17
chr5	 63450000	 63150000	6
chr5	 64100000	 63350000	15
chr5	 65800000	 66900000	22
chr5	 66450000	 65300000	23
chr5	 67400000	 66800000	12
chr5	 70200000	 69150000	21
chr5	 71550000	 72950000	28
chr5	 72450000	 71150000	26
chr5	 72500000	 72800000	6
chr5	 74550000	 73350000	24
chr5	 74850000	 74150000	14
chr5	 75050000	 76500000	29
chr5	 76600000	 77450000	17
chr5	 77550000	 76800000	15
chr5	 83550000	 84600000	21
chr5	 83800000	 85850000	41
chr5	 84100000	 83500000	12
chr5	 84650000	 85450000	16
chr5	 84650000	 85500000	17
chr5	 84850000	 83700000	23
chr5	 87900000	 86150000	35
chr5	 87950000	 90000000	41
chr5	 89100000	 87950000	23
chr5	 90600000	 91650000	21
chr5	 91400000	 91400000	0
chr5	 91550000	 92300000	15
chr5	 92850000	 94150000	26
chr5	 93750000	 94250000	10
chr5	 93950000	 92200000	35
chr5	 95050000	 93300000	35
chr5	 95550000	 97200000	33
chr5	 97800000	 98450000	13
chr5	 98750000	 98400000	7
chr5	103350000	104600000	25
chr5	104400000	103450000	19
chr5	105700000	105200000	10
chr5	108750000	109400000	13
chr5	110550000	112250000	34
chr5	111500000	110550000	19
chr5	117050000	116750000	6
chr5	117250000	116850000	8
chr5	118800000	120300000	30
chr5	119750000	117400000	47
chr5	120300000	118500000	36
chr5	122000000	120550000	29
chr5	126150000	127200000	21
chr5	127400000	128900000	30
chr5	127550000	126400000	23
chr5	127950000	128550000	12
chr5	128850000	127950000	18
chr5	129600000	130050000	9
chr5	130600000	129700000	18
chr5	132900000	133200000	6
chr5	133700000	134450000	15
chr5	134300000	137750000	69
chr5	134450000	135750000	26
chr5	135500000	135100000	8
chr5	135600000	135150000	9
chr5	137150000	136250000	18
chr5	137400000	135450000	39
chr5	138050000	137600000	9
chr5	140600000	139900000	14
chr5	141400000	139300000	42
chr5	141700000	141950000	5
chr5	142000000	143800000	36
chr5	142300000	142900000	12
chr5	142450000	143600000	23
chr5	142750000	141850000	18
chr5	143650000	144450000	16
chr5	144200000	142150000	41
chr5	145400000	146100000	14
chr5	146150000	144700000	29
chr5	146600000	147450000	17
chr5	148050000	150050000	40
chr5	148400000	145700000	54
chr5	150300000	150650000	7
chr5	151300000	150750000	11
chr6	  1100000	  1400000	6
chr6	  1200000	  2850000	33
chr6	  2550000	  1250000	26
chr6	  3600000	  4150000	11
chr6	  7600000	  6900000	14
chr6	  7650000	  6000000	33
chr6	 12300000	 15700000	68
chr6	 12350000	 13800000	29
chr6	 12400000	 11850000	11
chr6	 13450000	 13100000	7
chr6	 14300000	 13150000	23
chr6	 16300000	 15650000	13
chr6	 16400000	 16750000	7
chr6	 16500000	 15300000	24
chr6	 16500000	 18100000	32
chr6	 17400000	 17950000	11
chr6	 19000000	 19650000	13
chr6	 19000000	 20500000	30
chr6	 20050000	 19100000	19
chr6	 21550000	 20050000	30
chr6	 22000000	 21000000	20
chr6	 27300000	 26600000	14
chr6	 28650000	 30850000	44
chr6	 29850000	 30850000	20
chr6	 30300000	 29100000	24
chr6	 31500000	 32400000	18
chr6	 31800000	 31450000	7
chr6	 32250000	 34100000	37
chr6	 32500000	 30650000	37
chr6	 34000000	 32450000	31
chr6	 35300000	 33550000	35
chr6	 38900000	 38450000	9
chr6	 38950000	 36950000	40
chr6	 39100000	 38000000	22
chr6	 40150000	 42650000	50
chr6	 40200000	 41100000	18
chr6	 42600000	 43300000	14
chr6	 43050000	 42400000	13
chr6	 43350000	 42800000	11
chr6	 44350000	 45050000	14
chr6	 46250000	 44750000	30
chr6	 46900000	 45800000	22
chr6	 47100000	 47800000	14
chr6	 47550000	 46800000	15
chr6	 47850000	 50800000	59
chr6	 48100000	 49100000	20
chr6	 51250000	 49600000	33
chr6	 51350000	 50750000	12
chr6	 52550000	 52850000	6
chr6	 55450000	 56200000	15
chr6	 55550000	 56700000	23
chr6	 55600000	 56650000	21
chr6	 58250000	 59700000	29
chr6	 60800000	 61750000	19
chr6	 61400000	 60550000	17
chr6	 62500000	 63550000	21
chr6	 62550000	 63600000	21
chr6	 63600000	 62800000	16
chr6	 63600000	 62850000	15
chr6	 66850000	 68550000	34
chr6	 68600000	 73550000	99
chr6	 69000000	 70050000	21
chr6	 70850000	 70150000	14
chr6	 71850000	 73500000	33
chr6	 71900000	 73100000	24
chr6	 73850000	 74400000	11
chr6	 75950000	 77350000	28
chr6	 77750000	 75100000	53
chr6	 78650000	 79500000	17
chr6	 78950000	 80100000	23
chr6	 79350000	 80000000	13
chr6	 80850000	 79750000	22
chr6	 85050000	 83850000	24
chr6	 85450000	 84400000	21
chr6	 86800000	 87600000	16
chr6	 88450000	 87600000	17
chr6	 88500000	 89450000	19
chr6	 88550000	 89400000	17
chr6	 91250000	 92000000	15
chr6	 92250000	 93200000	19
chr6	 92450000	 92100000	7
chr6	 92650000	 92650000	0
chr6	 93950000	 92450000	30
chr6	 95400000	 95850000	9
chr6	 96950000	 96550000	8
chr6	 97900000	 97100000	16
chr6	 99150000	 98200000	19
chr6	 99850000	100550000	14
chr6	100300000	 99300000	20
chr6	100700000	102000000	26
chr6	102500000	101550000	19
chr6	103050000	101850000	24
chr6	103300000	103950000	13
chr6	103600000	102550000	21
chr6	105050000	106250000	24
chr6	106350000	104550000	36
chr6	108800000	107850000	19
chr6	109300000	108550000	15
chr6	110950000	110500000	9
chr6	113000000	111450000	31
chr6	117000000	114700000	46
chr6	117550000	116600000	19
chr6	120400000	121650000	25
chr6	120550000	119700000	17
chr6	121900000	122400000	10
chr6	123550000	122500000	21
chr6	123950000	125400000	29
chr6	125900000	128650000	55
chr6	128150000	130350000	44
chr6	128950000	131000000	41
chr6	129400000	130700000	26
chr6	129700000	129200000	10
chr6	135350000	136050000	14
chr6	138650000	140250000	32
chr6	138800000	139950000	23
chr6	139450000	140500000	21
chr6	140400000	141750000	27
chr6	140650000	140200000	9
chr6	140800000	141500000	14
chr6	141600000	142300000	14
chr6	143400000	146650000	65
chr6	145150000	147750000	52
chr6	145450000	146700000	25
chr6	145650000	145000000	13
chr6	145850000	144650000	24
chr6	146400000	145850000	11
chr6	148300000	147600000	14
chr6	149600000	149400000	4
chr7	  5000000	  6100000	22
chr7	  6900000	  8250000	27
chr7	  9150000	  8800000	7
chr7	 10050000	  8400000	33
chr7	 11500000	 12450000	19
chr7	 11550000	 10250000	26
chr7	 14450000	 13250000	24
chr7	 14850000	 15250000	8
chr7	 15350000	 17200000	37
chr7	 18250000	 16300000	39
chr7	 18900000	 18050000	17
chr7	 19250000	 18250000	20
chr7	 21200000	 23050000	37
chr7	 22200000	 21850000	7
chr7	 22900000	 22200000	14
chr7	 25000000	 24200000	16
chr7	 26200000	 26500000	6
chr7	 26850000	 28250000	28
chr7	 27350000	 25950000	28
chr7	 29300000	 28400000	18
chr7	 30400000	 31450000	21
chr7	 30900000	 30400000	10
chr7	 31400000	 32550000	23
chr7	 32400000	 33150000	15
chr7	 32550000	 31250000	26
chr7	 33750000	 34350000	12
chr7	 35450000	 34100000	27
chr7	 35600000	 35100000	10
chr7	 36200000	 35500000	14
chr7	 37550000	 36950000	12
chr7	 37650000	 38800000	23
chr7	 38300000	 37400000	18
chr7	 38300000	 38850000	11
chr7	 38500000	 37850000	13
chr7	 41500000	 40400000	22
chr7	 41750000	 42400000	13
chr7	 42900000	 42150000	15
chr7	 44150000	 42850000	26
chr7	 44500000	 44150000	7
chr7	 46200000	 47100000	18
chr7	 48800000	 48200000	12
chr7	 49150000	 48550000	12
chr7	 51100000	 52350000	25
chr7	 52300000	 50300000	40
chr7	 53850000	 55000000	23
chr7	 57150000	 56150000	20
chr7	 57150000	 56700000	9
chr7	 57450000	 58700000	25
chr7	 57600000	 55750000	37
chr7	 59200000	 58050000	23
chr7	 59850000	 58900000	19
chr7	 61650000	 62750000	22
chr7	 62200000	 62650000	9
chr7	 62750000	 61550000	24
chr7	 62900000	 63550000	13
chr7	 64550000	 61650000	58
chr7	 70250000	 68100000	43
chr7	 70400000	 70900000	10
chr7	 72000000	 72850000	17
chr7	 72600000	 69000000	72
chr7	 72700000	 73000000	6
chr7	 73400000	 74700000	26
chr7	 75300000	 75950000	13
chr7	 78250000	 80450000	44
chr7	 78600000	 77450000	23
chr7	 80550000	 79900000	13
chr7	 82050000	 83950000	38
chr7	 85600000	 86050000	9
chr7	 87350000	 84950000	48
chr7	 89550000	 89000000	11
chr7	 90150000	 90700000	11
chr7	 90800000	 89400000	28
chr7	 91800000	 91050000	15
chr7	 92100000	 91300000	16
chr7	 92950000	 93750000	16
chr7	 93550000	 90950000	52
chr7	 93700000	 91750000	39
chr7	 94400000	 93850000	11
chr7	 96000000	 94100000	38
chr7	 98000000	 97550000	9
chr7	 98000000	 98550000	11
chr7	 98200000	 97200000	20
chr7	 99200000	 99450000	5
chr7	100200000	 99800000	8
chr7	100900000	102200000	26
chr7	103550000	104500000	19
chr7	103800000	102800000	20
chr7	108050000	106000000	41
chr7	110700000	111600000	18
chr7	110700000	113250000	51
chr7	110850000	111800000	19
chr7	111100000	110150000	19
chr7	111250000	111850000	12
chr7	112450000	116100000	73
chr7	114050000	114900000	17
chr7	114300000	112650000	33
chr7	116500000	115300000	24
chr7	117500000	116700000	16
chr7	117650000	118500000	17
chr7	118650000	119900000	25
chr7	119200000	120550000	27
chr7	120850000	125700000	97
chr7	121350000	122250000	18
chr7	121600000	122600000	20
chr7	122850000	121550000	26
chr7	123450000	122100000	27
chr7	126950000	125250000	34
chr7	127500000	128600000	22
chr7	127850000	128150000	6
chr7	127900000	127300000	12
chr7	129300000	127900000	28
chr7	130450000	128950000	30
chr7	132050000	133550000	30
chr7	132450000	132800000	7
chr7	133600000	135200000	32
chr7	134250000	133050000	24
chr7	139350000	138250000	22
chr7	139550000	140550000	20
chr7	140950000	139850000	22
chr8	  1700000	  3350000	33
chr8	  2150000	  1350000	16
chr8	  3700000	  4750000	21
chr8	  4050000	  4350000	6
chr8	  8450000	 10250000	36
chr8	 12300000	 11200000	22
chr8	 14950000	 14550000	8
chr8	 17500000	 17050000	9
chr8	 17500000	 18650000	23
chr8	 18900000	 20050000	23
chr8	 19500000	 19800000	6
chr8	 24900000	 23650000	25
chr8	 25800000	 24750000	21
chr8	 26000000	 26950000	19
chr8	 28750000	 29600000	17
chr8	 29250000	 30000000	15
chr8	 29500000	 28850000	13
chr8	 29750000	 30500000	15
chr8	 32200000	 30950000	25
chr8	 32750000	 31600000	23
chr8	 34000000	 32550000	29
chr8	 34500000	 35950000	29
chr8	 34500000	 36300000	36
chr8	 35700000	 36700000	20
chr8	 38050000	 36650000	28
chr8	 39350000	 38800000	11
chr8	 40350000	 40750000	8
chr8	 41600000	 42450000	17
chr8	 42750000	 44050000	26
chr8	 43150000	 43950000	16
chr8	 43200000	 43450000	5
chr8	 45850000	 46650000	16
chr8	 46350000	 47000000	13
chr8	 47000000	 49000000	40
chr8	 50100000	 48850000	25
chr8	 50650000	 48850000	36
chr8	 54100000	 54400000	6
chr8	 55050000	 54650000	8
chr8	 59250000	 60450000	24
chr8	 60700000	 63200000	50
chr8	 62700000	 63150000	9
chr8	 62750000	 61700000	21
chr8	 66450000	 67750000	26
chr8	 68100000	 67500000	12
chr8	 68100000	 67950000	3
chr8	 68100000	 68600000	10
chr8	 68800000	 66550000	45
chr8	 69100000	 70250000	23
chr8	 69900000	 68700000	24
chr8	 70600000	 72000000	28
chr8	 72350000	 73050000	14
chr8	 72800000	 73850000	21
chr8	 74250000	 75950000	34
chr8	 74750000	 73750000	20
chr8	 75500000	 74800000	14
chr8	 76100000	 72800000	66
chr8	 78550000	 77500000	21
chr8	 83050000	 84050000	20
chr8	 84200000	 86150000	39
chr8	 84250000	 85150000	18
chr8	 86750000	 88400000	33
chr8	 88100000	 89400000	26
chr8	 90000000	 90650000	13
chr8	 91250000	 90950000	6
chr8	 92700000	 91850000	17
chr8	 94200000	 93700000	10
chr8	 94300000	 95950000	33
chr8	 95050000	 95750000	14
chr8	 95650000	 94200000	29
chr8	 96700000	 94650000	41
chr8	 96700000	 98800000	42
chr8	 97000000	 97800000	16
chr8	 97650000	 98050000	8
chr8	 98150000	 96900000	25
chr8	100100000	101550000	29
chr8	101200000	102100000	18
chr8	103400000	102100000	26
chr8	104950000	103500000	29
chr8	105250000	105800000	11
chr8	105550000	107050000	30
chr8	108000000	108650000	13
chr8	110900000	109750000	23
chr8	115000000	115900000	18
chr8	115150000	114350000	16
chr8	118550000	120550000	40
chr8	120050000	121600000	31
chr8	120200000	120800000	12
chr8	121400000	119250000	43
chr8	126500000	125050000	29
chr8	127200000	125550000	33
chr8	128050000	126800000	25
chr9	  2350000	  3350000	20
chr9	  2950000	  2500000	9
chr9	  3000000	  4250000	25
chr9	  3250000	  2550000	14
chr9	  3500000	  5100000	32
chr9	  4100000	  4750000	13
chr9	  4350000	  6250000	38
chr9	  4700000	  3900000	16
chr9	  5650000	  4650000	20
chr9	  6100000	  5200000	18
chr9	  6450000	  5200000	25
chr9	  7200000	  7650000	9
chr9	  7550000	  9200000	33
chr9	  9800000	 12750000	59
chr9	 10450000	 11750000	26
chr9	 10900000	 12250000	27
chr9	 11100000	 10400000	14
chr9	 14400000	 15400000	20
chr9	 15100000	 16050000	19
chr9	 15700000	 17150000	29
chr9	 16850000	 13850000	60
chr9	 17650000	 18400000	15
chr9	 17900000	 18850000	19
chr9	 19400000	 19050000	7
chr9	 20450000	 23250000	56
chr9	 20750000	 22000000	25
chr9	 22150000	 21300000	17
chr9	 24150000	 22150000	40
chr9	 25100000	 25950000	17
chr9	 25600000	 26900000	26
chr9	 26550000	 27000000	9
chr9	 28800000	 30200000	28
chr9	 31000000	 28900000	42
chr9	 33700000	 35400000	34
chr9	 35400000	 35850000	9
chr9	 36500000	 35650000	17
chr9	 36500000	 36200000	6
chr9	 38150000	 39550000	28
chr9	 39500000	 40250000	15
chr9	 42850000	 43800000	19
chr9	 48850000	 50250000	28
chr9	 50250000	 50750000	10
chr9	 52150000	 50750000	28
chr9	 54250000	 52500000	35
chr9	 55600000	 57900000	46
chr9	 57450000	 59150000	34
chr9	 57700000	 58850000	23
chr9	 58050000	 57400000	13
chr9	 58200000	 59000000	16
chr9	 58500000	 60800000	46
chr9	 59800000	 58850000	19
chr9	 60000000	 59150000	17
chr9	 62250000	 62850000	12
chr9	 62450000	 62050000	8
chr9	 63000000	 65100000	42
chr9	 66950000	 66050000	18
chr9	 67100000	 68150000	21
chr9	 67750000	 67150000	12
chr9	 73550000	 74650000	22
chr9	 76750000	 79550000	56
chr9	 77450000	 76600000	17
chr9	 77850000	 78650000	16
chr9	 77950000	 76250000	34
chr9	 79400000	 81100000	34
chr9	 80600000	 81050000	9
chr9	 81650000	 81150000	10
chr9	 81800000	 80450000	27
chr9	 82000000	 84450000	49
chr9	 85950000	 86450000	10
chr9	 87750000	 88700000	19
chr9	 87850000	 86400000	29
chr9	 91700000	 93550000	37
chr9	 92150000	 92900000	15
chr9	 98550000	 97050000	30
chr9	 99050000	100100000	21
chr9	101000000	 99650000	27
chr9	101950000	102650000	14
chr9	103100000	102150000	19
chr9	105350000	105850000	10
chr9	105700000	106500000	16
chr9	109000000	110700000	34
chr9	109700000	109000000	14
chr9	113050000	112000000	21
chr9	117400000	119650000	45
chr9	118450000	119500000	21
chr9	118750000	118050000	14
chr9	119300000	120650000	27
chr9	119750000	118000000	35
chr9	120050000	121750000	34
chr9	124000000	124500000	10
chrX	        0	  1300000	26
chrX	  1150000	   100000	21
chrX	  3650000	  3000000	13
chrX	  5050000	  6350000	26
chrX	  8000000	  6700000	26
chrX	  8850000	  6600000	45
chrX	  9900000	 11100000	24
chrX	 10650000	  9550000	22
chrX	 10700000	 12100000	28
chrX	 11300000	 12550000	25
chrX	 11800000	 12600000	16
chrX	 13650000	 15050000	28
chrX	 13850000	 12300000	31
chrX	 15000000	 18600000	72
chrX	 15950000	 14850000	22
chrX	 16850000	 19500000	53
chrX	 18450000	 20200000	35
chrX	 19500000	 19200000	6
chrX	 19600000	 19300000	6
chrX	 22850000	 24600000	35
chrX	 24050000	 23350000	14
chrX	 25500000	 26850000	27
chrX	 25650000	 24900000	15
chrX	 25700000	 26200000	10
chrX	 29950000	 29000000	19
chrX	 29950000	 31250000	26
chrX	 30550000	 29600000	19
chrX	 31550000	 30650000	18
chrX	 31650000	 30750000	18
chrX	 33100000	 33950000	17
chrX	 34150000	 31900000	45
chrX	 34550000	 32450000	42
chrX	 35100000	 37100000	40
chrX	 36700000	 37500000	16
chrX	 36900000	 35200000	34
chrX	 39000000	 37950000	21
chrX	 40200000	 38100000	42
chrX	 40300000	 39350000	19
chrX	 40850000	 42500000	33
chrX	 41300000	 36650000	93
chrX	 42250000	 41600000	13
chrX	 42550000	 43500000	19
chrX	 43150000	 44050000	18
chrX	 44100000	 46300000	44
chrX	 44450000	 44750000	6
chrX	 47550000	 46900000	13
chrX	 47850000	 48750000	18
chrX	 48050000	 46300000	35
chrX	 48650000	 47250000	28
chrX	 49750000	 49000000	15
chrX	 53250000	 52550000	14
chrX	 54400000	 56100000	34
chrX	 57800000	 55400000	48
chrX	 57800000	 56550000	25
chrX	 58350000	 57000000	27
chrX	 58400000	 59950000	31
chrX	 59350000	 60250000	18
chrX	 59650000	 62200000	51
chrX	 61700000	 64100000	48
chrX	 63000000	 64200000	24
chrX	 65800000	 65000000	16
chrX	 66950000	 66250000	14
chrX	 67000000	 68400000	28
chrX	 67600000	 66300000	26
chrX	 68500000	 68500000	0
chrX	 69500000	 72350000	57
chrX	 69650000	 70200000	11
chrX	 71550000	 70550000	20
chrX	 75800000	 76650000	17
chrX	 75900000	 74800000	22
chrX	 78450000	 77900000	11
chrX	 79900000	 79200000	14
chrX	 79950000	 79250000	14
chrX	 81400000	 80150000	25
chrX	 82150000	 81250000	18
chrX	 82500000	 84900000	48
chrX	 87300000	 86200000	22
chrX	 87300000	 87800000	10
chrX	 87800000	 88250000	9
chrX	 88550000	 88250000	6
chrX	 93350000	 95100000	35
chrX	 95900000	 97150000	25
chrX	 97450000	 95850000	32
chrX	 98550000	 97100000	29
chrX	 98800000	 99350000	11
chrX	100650000	 99500000	23
chrX	102050000	100600000	29
chrX	102700000	103250000	11
chrX	103150000	102400000	15
chrX	104100000	104250000	3
chrX	105850000	104550000	26
chrX	106400000	107700000	26
chrX	106600000	104700000	38
chrX	108950000	110500000	31
chrX	111750000	109750000	40
chrX	111750000	112900000	23
chrX	112450000	111200000	25
chrX	113550000	114650000	22
chrX	114450000	114000000	9
chrX	115200000	114050000	23
chrX	116700000	116350000	7
chrX	119150000	117500000	33
chrX	119600000	117800000	36
chrX	119650000	121650000	40
chrX	121350000	121150000	4
chrX	121700000	121350000	7
chrX	122200000	122900000	14
chrX	122250000	121300000	19
chrX	122350000	122950000	12
chrX	126800000	126050000	15
chrX	127350000	128800000	29
chrX	128800000	129750000	19
chrX	129150000	127650000	30
chrX	129950000	130750000	16
chrX	132000000	130550000	29
chrX	138650000	136750000	38
chrX	140650000	139250000	28
chrX	142850000	144550000	34
chrX	143600000	142150000	29
chrX	146000000	145150000	17
chrX	147400000	148550000	23
chrX	148300000	148100000	4
chrX	150500000	151800000	26
chrX	152500000	151500000	20
chrX	154350000	153800000	11
chrX	154650000	156550000	38
chrX	156400000	155250000	23
chrX	157600000	156600000	20
chrX	158450000	157000000	29
chrX	159350000	160550000	24
chrX	162350000	163400000	21
chrX	163750000	164950000	24
chrX	163850000	162700000	23
chrX	164350000	165350000	20
chrX	165100000	164100000	20
chrX	165500000	164150000	27
chrX	165550000	166250000	14
chrX	166600000	168850000	45
chrX	167600000	168200000	12
chrX	167950000	170300000	47
chrY	  2350000	  1300000	21
chrY	  4200000	  5900000	34
chrY	  8550000	  7150000	28
chrY	  9250000	  9450000	4
chrY	 10200000	  9100000	22
chrY	 10300000	  9900000	8
chrY	 13800000	 12500000	26
chrY	 15350000	 17000000	33
chrY	 15500000	 15500000	0
chrY	 16500000	 18000000	30
chrY	 16550000	 15550000	20
chrY	 17650000	 16600000	21
chrY	 17700000	 18600000	18
chrY	 20450000	 20450000	0
chrY	 20650000	 20350000	6
chrY	 22650000	 24050000	28
chrY	 22750000	 22750000	0
chrY	 23050000	 22250000	16
chrY	 24100000	 23250000	17
chrY	 24600000	 25650000	21
chrY	 25700000	 24350000	27
chrY	 29250000	 28250000	20
chrY	 31200000	 32200000	20
chrY	 32150000	 32800000	13
chrY	 32200000	 33400000	24
chrY	 34600000	 35150000	11
chrY	 35750000	 34100000	33
chrY	 35750000	 36050000	6
chrY	 35850000	 37350000	30
chrY	 36750000	 35350000	28
chrY	 38550000	 38250000	6
chrY	 40000000	 41350000	27
chrY	 40250000	 39750000	10
chrY	 40550000	 41800000	25
chrY	 40600000	 43150000	51
chrY	 41450000	 39100000	47
chrY	 43100000	 44500000	28
chrY	 43350000	 42300000	21
chrY	 44800000	 42550000	45
chrY	 45050000	 45800000	15
chrY	 45700000	 43950000	35
chrY	 45850000	 47700000	37
chrY	 47200000	 45600000	32
chrY	 48850000	 49750000	18
chrY	 49150000	 50400000	25
chrY	 50550000	 53000000	49
chrY	 51500000	 50550000	19
chrY	 52400000	 51850000	11
chrY	 54150000	 53300000	17
chrY	 54250000	 56400000	43
chrY	 55400000	 56300000	18
chrY	 57150000	 56450000	14
chrY	 58600000	 59150000	11
chrY	 58800000	 59300000	10
chrY	 59050000	 57200000	37
chrY	 59100000	 60500000	28
chrY	 59400000	 60950000	31
chrY	 60150000	 61000000	17
chrY	 63100000	 63850000	15
chrY	 63550000	 64350000	16
chrY	 64150000	 64800000	13
chrY	 64250000	 64900000	13
chrY	 66150000	 68100000	39
chrY	 66900000	 67500000	12
chrY	 68300000	 69100000	16
chrY	 68550000	 69100000	11
chrY	 69050000	 70450000	28
chrY	 69900000	 69100000	16
chrY	 71200000	 69950000	25
chrY	 71200000	 72950000	35
chrY	 74650000	 73150000	30
chrY	 76650000	 75000000	33
chrY	 80100000	 80550000	9
chrY	 81800000	 80350000	29
chrY	 81900000	 83900000	40
chrY	 82450000	 81900000	11
chrY	 82450000	 83300000	17
chrY	 84350000	 86000000	33
chrY	 86850000	 87500000	13
chrY	 87200000	 87850000	13
chrY	 89350000	 90650000	26
chrY	 89500000	 90350000	17
chrY	 90800000	 90050000	15
