chr1	  1350000	  1850000	10
chr1	  1800000	   950000	17
chr1	  2400000	  1750000	13
chr1	  2850000	  2100000	15
chr1	  3800000	  3100000	14
chr1	  4050000	  5100000	21
chr1	  4600000	  4250000	7
chr1	  5250000	  3900000	27
chr1	  5950000	  6300000	7
chr1	  8500000	  6300000	44
chr1	 11000000	 11950000	19
chr1	 12400000	 13350000	19
chr1	 12600000	 12050000	11
chr1	 17100000	 19550000	49
chr1	 17200000	 18950000	35
chr1	 17400000	 16550000	17
chr1	 17400000	 18000000	12
chr1	 18150000	 18900000	15
chr1	 19100000	 20500000	28
chr1	 20000000	 21650000	33
chr1	 21400000	 20300000	22
chr1	 22800000	 23850000	21
chr1	 23400000	 22950000	9
chr1	 23700000	 22350000	27
chr1	 26500000	 27400000	18
chr1	 26550000	 27600000	21
chr1	 28150000	 27200000	19
chr1	 28500000	 26750000	35
chr1	 31650000	 33150000	30
chr1	 32650000	 34000000	27
chr1	 36200000	 35250000	19
chr1	 36700000	 37750000	21
chr1	 37800000	 36400000	28
chr1	 38450000	 38850000	8
chr1	 40600000	 41300000	14
chr1	 42750000	 41600000	23
chr1	 43200000	 42050000	23
chr1	 43350000	 44850000	30
chr1	 43400000	 44600000	24
chr1	 44350000	 45300000	19
chr1	 45400000	 46300000	18
chr1	 46250000	 45000000	25
chr1	 47100000	 48750000	33
chr1	 52350000	 53250000	18
chr1	 55050000	 56100000	21
chr1	 55600000	 54150000	29
chr1	 55650000	 55000000	13
chr1	 56100000	 57850000	35
chr1	 57050000	 55750000	26
chr1	 59550000	 56050000	70
chr1	 61900000	 63250000	27
chr1	 63450000	 64450000	20
chr1	 65150000	 63650000	30
chr1	 65800000	 67600000	36
chr1	 65900000	 66650000	15
chr1	 67200000	 66150000	21
chr1	 68200000	 67200000	20
chr1	 68550000	 69800000	25
chr1	 68750000	 69650000	18
chr1	 72800000	 73300000	10
chr1	 74250000	 73300000	19
chr1	 74350000	 75050000	14
chr1	 75650000	 74650000	20
chr1	 78150000	 76750000	28
chr1	 79650000	 80700000	21
chr1	 79850000	 79400000	9
chr1	 81450000	 80450000	20
chr1	 83400000	 83850000	9
chr1	 83950000	 85250000	26
chr1	 84750000	 85950000	24
chr1	 85200000	 87500000	46
chr1	 86150000	 86700000	11
chr1	 86250000	 87100000	17
chr1	 88350000	 87050000	26
chr1	 92850000	 93700000	17
chr1	 95000000	 94050000	19
chr1	 96550000	 97350000	16
chr1	 99400000	 98650000	15
chr1	100250000	101650000	28
chr1	100550000	 99550000	20
chr1	101600000	100900000	14
chr1	102450000	101850000	12
chr1	103600000	104200000	12
chr1	105500000	104450000	21
chr1	105750000	106950000	24
chr1	107650000	107150000	10
chr1	108250000	109950000	34
chr1	108650000	107100000	31
chr1	110400000	109150000	25
chr1	111100000	110200000	18
chr1	111600000	111000000	12
chr1	111900000	111300000	12
chr1	112000000	111300000	14
chr1	113250000	112350000	18
chr1	115500000	116450000	19
chr1	115600000	116550000	19
chr1	116600000	117400000	16
chr1	122300000	120550000	35
chr1	124200000	124900000	14
chr1	125100000	123650000	29
chr1	125550000	124200000	27
chr1	126150000	126850000	14
chr1	126550000	124900000	33
chr1	128050000	129900000	37
chr1	128250000	126450000	36
chr1	128900000	130000000	22
chr1	129750000	128800000	19
chr1	132850000	133550000	14
chr1	134300000	134950000	13
chr1	138900000	139550000	13
chr1	140950000	142000000	21
chr1	141700000	143150000	29
chr1	142800000	146000000	64
chr1	143050000	143450000	8
chr1	143050000	143500000	9
chr1	144400000	145550000	23
chr1	144900000	146450000	31
chr1	145450000	144500000	19
chr1	145700000	146600000	18
chr1	145900000	146550000	13
chr1	147950000	149850000	38
chr1	148600000	147500000	22
chr1	149050000	150150000	22
chr1	149350000	148600000	15
chr1	151900000	150550000	27
chr1	152500000	154250000	35
chr1	155500000	156550000	21
chr1	156150000	155950000	4
chr1	157600000	158900000	26
chr1	158850000	157100000	35
chr1	158850000	160950000	42
chr1	160150000	159150000	20
chr1	160800000	159000000	36
chr1	160900000	162450000	31
chr1	161650000	162200000	11
chr1	162600000	159900000	54
chr1	163350000	163550000	4
chr1	163850000	162200000	33
chr1	164650000	165400000	15
chr1	166050000	167000000	19
chr1	167350000	166550000	16
chr1	173000000	172000000	20
chr1	173350000	172350000	20
chr1	174450000	175500000	21
chr1	174600000	175650000	21
chr1	175550000	174950000	12
chr1	175550000	176500000	19
chr1	175700000	172100000	72
chr1	177250000	176450000	16
chr1	178550000	179150000	12
chr1	181650000	180800000	17
chr1	182100000	182500000	8
chr1	182950000	181850000	22
chr1	183350000	183150000	4
chr1	185800000	186450000	13
chr1	189700000	187850000	37
chr1	190350000	191900000	31
chr1	191650000	190400000	25
chr1	195400000	194650000	15
chr10	  2600000	  3150000	11
chr10	  2750000	  1750000	20
chr10	  8100000	  7050000	21
chr10	 17650000	 16700000	19
chr10	 18250000	 17900000	7
chr10	 18300000	 18850000	11
chr10	 21250000	 20400000	17
chr10	 21600000	 23100000	30
chr10	 22400000	 20900000	30
chr10	 22450000	 23750000	26
chr10	 23100000	 21150000	39
chr10	 24500000	 22850000	33
chr10	 25700000	 27650000	39
chr10	 26800000	 27500000	14
chr10	 28350000	 29750000	28
chr10	 29950000	 27500000	49
chr10	 30600000	 29050000	31
chr10	 33050000	 31950000	22
chr10	 33700000	 31550000	43
chr10	 35250000	 35550000	6
chr10	 35400000	 34450000	19
chr10	 38200000	 37900000	6
chr10	 38750000	 36800000	39
chr10	 39200000	 38300000	18
chr10	 41350000	 43050000	34
chr10	 41400000	 39650000	35
chr10	 41900000	 41450000	9
chr10	 46400000	 48100000	34
chr10	 46700000	 47750000	21
chr10	 46800000	 46050000	15
chr10	 48600000	 48900000	6
chr10	 48850000	 50600000	35
chr10	 49700000	 49200000	10
chr10	 50250000	 51350000	22
chr10	 50800000	 51900000	22
chr10	 52400000	 52950000	11
chr10	 52500000	 53450000	19
chr10	 52600000	 51300000	26
chr10	 52600000	 52050000	11
chr10	 53000000	 51300000	34
chr10	 53900000	 52300000	32
chr10	 54250000	 53650000	12
chr10	 58200000	 61200000	60
chr10	 61250000	 62350000	22
chr10	 61400000	 64650000	65
chr10	 62450000	 61050000	28
chr10	 63150000	 62050000	22
chr10	 64900000	 64050000	17
chr10	 65000000	 64300000	14
chr10	 66050000	 66700000	13
chr10	 66100000	 64850000	25
chr10	 70050000	 68550000	30
chr10	 71100000	 72250000	23
chr10	 71350000	 70200000	23
chr10	 73000000	 73500000	10
chr10	 74050000	 73600000	9
chr10	 74800000	 73600000	24
chr10	 75750000	 76750000	20
chr10	 78350000	 78900000	11
chr10	 79300000	 77700000	32
chr10	 79850000	 78750000	22
chr10	 81600000	 80900000	14
chr10	 85200000	 83700000	30
chr10	 85700000	 86600000	18
chr10	 86600000	 87100000	10
chr10	 88400000	 91200000	56
chr10	 89500000	 89050000	9
chr10	 93200000	 94500000	26
chr10	 93300000	 91950000	27
chr10	 94550000	 93900000	13
chr10	 96100000	 96650000	11
chr10	102150000	103150000	20
chr10	103900000	102600000	26
chr10	104300000	102550000	35
chr10	105450000	106300000	17
chr10	108700000	109700000	20
chr10	109000000	110450000	29
chr10	111500000	109750000	35
chr10	114250000	112700000	31
chr10	114500000	115250000	15
chr10	116600000	117950000	27
chr10	117400000	117900000	10
chr10	118000000	118600000	12
chr10	118350000	121150000	56
chr10	119200000	119850000	13
chr10	119750000	120150000	8
chr10	121650000	120700000	19
chr10	121900000	122600000	14
chr10	123750000	123000000	15
chr10	123800000	120000000	76
chr10	124600000	122750000	37
chr10	127850000	127200000	13
chr10	128100000	126850000	25
chr10	129400000	130250000	17
chr11	  4050000	  4600000	11
chr11	  4100000	  4500000	8
chr11	  4500000	  3500000	20
chr11	  4800000	  6150000	27
chr11	  8100000	  6800000	26
chr11	 11100000	 12850000	35
chr11	 11150000	 10200000	19
chr11	 11800000	 11100000	14
chr11	 17350000	 18450000	22
chr11	 17700000	 19100000	28
chr11	 19100000	 19700000	12
chr11	 19900000	 18950000	19
chr11	 22600000	 23150000	11
chr11	 23650000	 25050000	28
chr11	 25850000	 25100000	15
chr11	 27300000	 26200000	22
chr11	 28800000	 27650000	23
chr11	 28900000	 29700000	16
chr11	 29200000	 28600000	12
chr11	 30450000	 28000000	49
chr11	 32600000	 30550000	41
chr11	 32600000	 34500000	38
chr11	 33800000	 32300000	30
chr11	 34200000	 33600000	12
chr11	 36050000	 34550000	30
chr11	 36650000	 35800000	17
chr11	 39750000	 40600000	17
chr11	 40750000	 40450000	6
chr11	 40950000	 39150000	36
chr11	 41350000	 40250000	22
chr11	 41550000	 41850000	6
chr11	 41600000	 40650000	19
chr11	 42000000	 41750000	5
chr11	 42700000	 41800000	18
chr11	 43400000	 44400000	20
chr11	 43550000	 45400000	37
chr11	 44900000	 45050000	3
chr11	 46500000	 45850000	13
chr11	 47550000	 49800000	45
chr11	 47650000	 47000000	13
chr11	 50350000	 51350000	20
chr11	 52200000	 52000000	4
chr11	 52250000	 53100000	17
chr11	 57650000	 60450000	56
chr11	 60500000	 60800000	6
chr11	 61950000	 60750000	24
chr11	 62300000	 61700000	12
chr11	 62500000	 61650000	17
chr11	 62650000	 64150000	30
chr11	 64000000	 65200000	24
chr11	 64200000	 65600000	28
chr11	 65050000	 63650000	28
chr11	 67000000	 68000000	20
chr11	 68950000	 69400000	9
chr11	 69300000	 64800000	90
chr11	 71050000	 72600000	31
chr11	 71100000	 70250000	17
chr11	 71650000	 71000000	13
chr11	 72650000	 72050000	12
chr11	 74900000	 75500000	12
chr11	 75900000	 75000000	18
chr11	 76400000	 77200000	16
chr11	 76500000	 78000000	30
chr11	 77150000	 78450000	26
chr11	 77300000	 78300000	20
chr11	 77700000	 77350000	7
chr11	 80100000	 78500000	32
chr11	 81150000	 82100000	19
chr11	 81550000	 80450000	22
chr11	 83750000	 84950000	24
chr11	 83950000	 86650000	54
chr11	 86000000	 85400000	12
chr11	 87900000	 88800000	18
chr11	 90850000	 92350000	30
chr11	 94350000	 93100000	25
chr11	 97100000	 95300000	36
chr11	 97600000	 99150000	31
chr11	 97800000	 99400000	32
chr11	 99700000	 99250000	9
chr11	 99750000	101950000	44
chr11	100700000	101550000	17
chr11	102450000	103450000	20
chr11	102500000	103400000	18
chr11	103150000	102700000	9
chr11	104050000	104450000	8
chr11	104100000	102900000	24
chr11	105300000	105850000	11
chr11	105400000	104250000	23
chr11	105550000	107000000	29
chr11	106000000	107450000	29
chr11	107850000	108450000	12
chr11	109100000	108600000	10
chr11	112550000	111300000	25
chr11	113100000	112200000	18
chr11	114050000	113350000	14
chr11	117850000	116850000	20
chr11	118050000	117500000	11
chr11	118800000	120800000	40
chr12	  1750000	  2100000	7
chr12	  1850000	  2550000	14
chr12	  4500000	  6800000	46
chr12	  4750000	  6550000	36
chr12	  6350000	  5900000	9
chr12	  8550000	  7650000	18
chr12	 11200000	  8800000	48
chr12	 12550000	 10500000	41
chr12	 13350000	 12950000	8
chr12	 19500000	 20450000	19
chr12	 20350000	 19700000	13
chr12	 20600000	 20000000	12
chr12	 21000000	 19800000	24
chr12	 21100000	 21100000	0
chr12	 25500000	 26650000	23
chr12	 28700000	 27600000	22
chr12	 30600000	 31100000	10
chr12	 35600000	 34000000	32
chr12	 37450000	 38000000	11
chr12	 37500000	 37050000	9
chr12	 37850000	 38900000	21
chr12	 37900000	 38450000	11
chr12	 38100000	 36050000	41
chr12	 38550000	 36850000	34
chr12	 39100000	 40250000	23
chr12	 40000000	 39800000	4
chr12	 40000000	 40700000	14
chr12	 42200000	 42900000	14
chr12	 42500000	 41600000	18
chr12	 42700000	 43850000	23
chr12	 45650000	 45050000	12
chr12	 46250000	 45650000	12
chr12	 46250000	 46600000	7
chr12	 47600000	 49150000	31
chr12	 49600000	 51700000	42
chr12	 49900000	 49300000	12
chr12	 49950000	 49300000	13
chr12	 50250000	 50800000	11
chr12	 51850000	 50400000	29
chr12	 52550000	 53600000	21
chr12	 58700000	 61100000	48
chr12	 61450000	 60350000	22
chr12	 62150000	 63700000	31
chr12	 62800000	 61800000	20
chr12	 63400000	 62300000	22
chr12	 70200000	 70800000	12
chr12	 70300000	 71000000	14
chr12	 70550000	 71900000	27
chr12	 71400000	 72950000	31
chr12	 74150000	 73200000	19
chr12	 75550000	 77600000	41
chr12	 75700000	 76600000	18
chr12	 76400000	 75200000	24
chr12	 76400000	 75250000	23
chr12	 78550000	 79050000	10
chr12	 82250000	 81300000	19
chr12	 82400000	 82000000	8
chr12	 82450000	 81950000	10
chr12	 82800000	 81850000	19
chr12	 83650000	 84950000	26
chr12	 84650000	 85450000	16
chr12	 86150000	 87450000	26
chr12	 86650000	 85200000	29
chr12	 86700000	 85700000	20
chr12	 89150000	 89450000	6
chr12	 89200000	 88200000	20
chr12	 91550000	 92100000	11
chr12	 91950000	 95350000	68
chr12	 93550000	 92900000	13
chr12	 95700000	 98950000	65
chr12	 95800000	 96350000	11
chr12	 97500000	 96050000	29
chr12	 98650000	 99150000	10
chr12	101050000	101650000	12
chr12	102600000	103400000	16
chr12	104450000	105350000	18
chr12	104550000	105200000	13
chr12	106950000	108150000	24
chr12	107800000	107000000	16
chr12	108650000	109500000	17
chr12	109750000	108250000	30
chr12	113600000	115300000	34
chr12	115050000	114350000	14
chr12	116250000	115600000	13
chr12	116350000	115850000	10
chr12	119500000	118550000	19
chr13	  4800000	  6650000	37
chr13	  5850000	  8550000	54
chr13	  6050000	  6750000	14
chr13	  6700000	  7250000	11
chr13	  7000000	  7700000	14
chr13	  7450000	  9050000	32
chr13	  8900000	  7600000	26
chr13	 13500000	 12250000	25
chr13	 14800000	 16150000	27
chr13	 14900000	 13250000	33
chr13	 14900000	 13650000	25
chr13	 15600000	 15850000	5
chr13	 17600000	 18100000	10
chr13	 17800000	 19250000	29
chr13	 18950000	 19200000	5
chr13	 21050000	 23050000	40
chr13	 21350000	 19800000	31
chr13	 21350000	 21900000	11
chr13	 23850000	 25700000	37
chr13	 24500000	 25300000	16
chr13	 24600000	 24050000	11
chr13	 26600000	 27600000	20
chr13	 28650000	 27600000	21
chr13	 29250000	 28500000	15
chr13	 31150000	 30750000	8
chr13	 31700000	 30600000	22
chr13	 32050000	 33350000	26
chr13	 39050000	 38700000	7
chr13	 41300000	 39050000	45
chr13	 42900000	 44650000	35
chr13	 43100000	 41300000	36
chr13	 43250000	 43600000	7
chr13	 43350000	 45350000	40
chr13	 43750000	 44900000	23
chr13	 43850000	 44950000	22
chr13	 44250000	 44600000	7
chr13	 45450000	 44200000	25
chr13	 47350000	 45700000	33
chr13	 47850000	 47550000	6
chr13	 48700000	 50250000	31
chr13	 48750000	 47400000	27
chr13	 48950000	 48450000	10
chr13	 49050000	 48500000	11
chr13	 49300000	 51200000	38
chr13	 50200000	 49250000	19
chr13	 51750000	 55500000	75
chr13	 51950000	 50200000	35
chr13	 53850000	 53100000	15
chr13	 54050000	 54950000	18
chr13	 55150000	 56200000	21
chr13	 55200000	 55900000	14
chr13	 55950000	 57100000	23
chr13	 57650000	 55750000	38
chr13	 57650000	 56550000	22
chr13	 58050000	 58900000	17
chr13	 58850000	 57950000	18
chr13	 59350000	 59800000	9
chr13	 60300000	 59650000	13
chr13	 60800000	 62250000	29
chr13	 63400000	 62550000	17
chr13	 63750000	 64650000	18
chr13	 64750000	 64200000	11
chr13	 65900000	 65200000	14
chr13	 66650000	 66150000	10
chr13	 66800000	 67300000	10
chr13	 69150000	 69950000	16
chr13	 69200000	 70450000	25
chr13	 71800000	 71550000	5
chr13	 71950000	 71500000	9
chr13	 73900000	 74900000	20
chr13	 74100000	 72350000	35
chr13	 76850000	 76600000	5
chr13	 77600000	 78650000	21
chr13	 78250000	 76900000	27
chr13	 79150000	 78150000	20
chr13	 79500000	 80800000	26
chr13	 84900000	 84650000	5
chr13	 86400000	 86000000	8
chr13	 86550000	 88650000	42
chr13	 87450000	 86700000	15
chr13	 89300000	 90650000	27
chr13	 91650000	 92950000	26
chr13	 93900000	 93600000	6
chr13	 94250000	 95900000	33
chr13	 95950000	 96400000	9
chr13	 96000000	 94000000	40
chr13	 96650000	 95500000	23
chr13	 98150000	 96550000	32
chr13	 99100000	 97950000	23
chr13	 99600000	 98150000	29
chr13	100200000	101300000	22
chr13	100250000	101400000	23
chr13	102350000	103400000	21
chr13	103650000	102950000	14
chr13	106000000	108100000	42
chr13	107250000	106650000	12
chr13	107500000	108550000	21
chr13	109200000	107900000	26
chr13	110700000	109600000	22
chr13	111050000	110000000	21
chr13	111050000	111850000	16
chr13	111650000	109700000	39
chr13	112700000	113850000	23
chr13	113250000	114500000	25
chr13	113950000	115000000	21
chr13	116550000	117900000	27
chr13	118650000	117600000	21
chr13	118900000	118050000	17
chr13	119500000	118150000	27
chr13	119700000	118700000	20
chr14	   250000	  1300000	21
chr14	   350000	  1900000	31
chr14	  2350000	  4100000	35
chr14	  8000000	  8000000	0
chr14	  8400000	  7450000	19
chr14	  9100000	  8100000	20
chr14	  9150000	  9500000	7
chr14	  9250000	 10350000	22
chr14	  9500000	 10500000	20
chr14	 10550000	 11750000	24
chr14	 12900000	 13650000	15
chr14	 14800000	 16500000	34
chr14	 15200000	 14350000	17
chr14	 16000000	 14900000	22
chr14	 17200000	 16000000	24
chr14	 17350000	 16650000	14
chr14	 17550000	 16650000	18
chr14	 17750000	 19950000	44
chr14	 18150000	 16750000	28
chr14	 18150000	 16900000	25
chr14	 18900000	 17750000	23
chr14	 19500000	 20900000	28
chr14	 19650000	 18350000	26
chr14	 20700000	 19800000	18
chr14	 22250000	 25200000	59
chr14	 22450000	 23400000	19
chr14	 22900000	 23300000	8
chr14	 24800000	 26150000	27
chr14	 25250000	 25600000	7
chr14	 28250000	 27450000	16
chr14	 28900000	 30150000	25
chr14	 29000000	 27800000	24
chr14	 31750000	 30800000	19
chr14	 33900000	 35350000	29
chr14	 35050000	 34250000	16
chr14	 35100000	 36750000	33
chr14	 37750000	 39500000	35
chr14	 38150000	 39050000	18
chr14	 43650000	 46250000	52
chr14	 45650000	 46350000	14
chr14	 46650000	 44400000	45
chr14	 50600000	 51250000	13
chr14	 51450000	 53650000	44
chr14	 52500000	 51100000	28
chr14	 54950000	 53650000	26
chr14	 59600000	 58150000	29
chr14	 59700000	 61000000	26
chr14	 60100000	 60600000	10
chr14	 65450000	 66050000	12
chr14	 66600000	 67800000	24
chr14	 67150000	 67950000	16
chr14	 68100000	 67450000	13
chr14	 69000000	 67650000	27
chr14	 69200000	 70650000	29
chr14	 70250000	 70600000	7
chr14	 71350000	 69000000	47
chr14	 72100000	 73400000	26
chr14	 75550000	 76750000	24
chr14	 76700000	 77800000	22
chr14	 76850000	 75500000	27
chr14	 78100000	 76650000	29
chr14	 78450000	 79300000	17
chr14	 78550000	 80200000	33
chr14	 78900000	 78400000	10
chr14	 79250000	 80750000	30
chr14	 79350000	 78200000	23
chr14	 79500000	 79000000	10
chr14	 80250000	 78350000	38
chr14	 80650000	 78850000	36
chr14	 83500000	 82800000	14
chr14	 83600000	 82750000	17
chr14	 86250000	 85150000	22
chr14	 89000000	 88350000	13
chr14	 90450000	 88650000	36
chr14	 92500000	 91800000	14
chr14	 93500000	 92950000	11
chr14	 94150000	 91600000	51
chr14	 94450000	 96500000	41
chr14	 95100000	 94400000	14
chr14	 95950000	 96450000	10
chr14	 96300000	 95300000	20
chr14	 98000000	 98700000	14
chr14	 98100000	 97150000	19
chr14	 98400000	100300000	38
chr14	101050000	 98750000	46
chr14	101300000	102800000	30
chr14	101350000	102050000	14
chr14	104600000	105600000	20
chr14	105700000	104200000	30
chr14	107150000	106150000	20
chr14	108600000	107950000	13
chr14	110500000	110750000	5
chr14	112650000	112950000	6
chr14	112800000	113250000	9
chr14	114700000	115150000	9
chr14	114900000	113950000	19
chr14	116150000	115250000	18
chr14	121750000	120100000	33
chr14	121850000	121850000	0
chr14	124450000	124850000	8
chr14	124800000	124000000	16
chr15	  3250000	   700000	51
chr15	  7950000	  6950000	20
chr15	 10800000	 11900000	22
chr15	 13450000	 15900000	49
chr15	 13500000	 12300000	24
chr15	 13600000	 15150000	31
chr15	 14600000	 13800000	16
chr15	 15900000	 15200000	14
chr15	 18100000	 16050000	41
chr15	 18250000	 19000000	15
chr15	 22150000	 20450000	34
chr15	 23900000	 23350000	11
chr15	 24950000	 25750000	16
chr15	 25550000	 26300000	15
chr15	 25600000	 26200000	12
chr15	 27450000	 26550000	18
chr15	 29100000	 31850000	55
chr15	 30800000	 30100000	14
chr15	 34050000	 37750000	74
chr15	 36200000	 36400000	4
chr15	 39400000	 40450000	21
chr15	 40000000	 38800000	24
chr15	 41350000	 40500000	17
chr15	 43650000	 42100000	31
chr15	 46400000	 47200000	16
chr15	 46400000	 48500000	42
chr15	 46550000	 45850000	14
chr15	 48700000	 49650000	19
chr15	 48800000	 49400000	12
chr15	 50200000	 49400000	16
chr15	 52100000	 52850000	15
chr15	 56450000	 56800000	7
chr15	 56750000	 55450000	26
chr15	 57800000	 57250000	11
chr15	 57850000	 59350000	30
chr15	 57900000	 56600000	26
chr15	 61200000	 60550000	13
chr15	 61700000	 62950000	25
chr15	 65200000	 63950000	25
chr15	 68050000	 69000000	19
chr15	 68800000	 69850000	21
chr15	 68850000	 67450000	28
chr15	 69050000	 69900000	17
chr15	 69500000	 70700000	24
chr15	 70050000	 66450000	72
chr15	 70800000	 72150000	27
chr15	 72500000	 73700000	24
chr15	 74450000	 70950000	70
chr15	 74900000	 75550000	13
chr15	 80350000	 78950000	28
chr15	 80950000	 79550000	28
chr15	 81350000	 82450000	22
chr15	 84950000	 86000000	21
chr15	 85200000	 83400000	36
chr15	 85600000	 86350000	15
chr15	 88850000	 87750000	22
chr15	 89750000	 90800000	21
chr15	 91100000	 93600000	50
chr15	 93850000	 92650000	24
chr15	 94100000	 92950000	23
chr15	 94550000	 95000000	9
chr15	 94700000	 93850000	17
chr15	 96300000	 95550000	15
chr15	 96950000	 95300000	33
chr15	103550000	101650000	38
chr16	   700000	   100000	12
chr16	  1700000	   950000	15
chr16	  2650000	  3200000	11
chr16	  4450000	  5550000	22
chr16	  5200000	  6200000	20
chr16	  7250000	  6000000	25
chr16	  8000000	  6950000	21
chr16	 12300000	 13050000	15
chr16	 13550000	 12750000	16
chr16	 14350000	 12350000	40
chr16	 14900000	 13600000	26
chr16	 18900000	 18100000	16
chr16	 19150000	 18750000	8
chr16	 21200000	 20200000	20
chr16	 21550000	 20550000	20
chr16	 21550000	 23250000	34
chr16	 22550000	 23800000	25
chr16	 23500000	 24400000	18
chr16	 23850000	 23100000	15
chr16	 25550000	 24950000	12
chr16	 25900000	 25150000	15
chr16	 26800000	 24400000	48
chr16	 29750000	 28950000	16
chr16	 29850000	 30650000	16
chr16	 29850000	 31000000	23
chr16	 36200000	 35800000	8
chr16	 39300000	 40600000	26
chr16	 39350000	 40450000	22
chr16	 40400000	 41400000	20
chr16	 41600000	 42000000	8
chr16	 41700000	 42200000	10
chr16	 41850000	 40550000	26
chr16	 42450000	 43500000	21
chr16	 46100000	 47350000	25
chr16	 46250000	 43850000	48
chr16	 47300000	 46250000	21
chr16	 47500000	 48550000	21
chr16	 49200000	 50500000	26
chr16	 49750000	 49500000	5
chr16	 50100000	 49200000	18
chr16	 50150000	 51350000	24
chr16	 50300000	 49750000	11
chr16	 50750000	 51700000	19
chr16	 52000000	 53800000	36
chr16	 58550000	 57300000	25
chr16	 59800000	 59350000	9
chr16	 60300000	 58900000	28
chr16	 60400000	 59500000	18
chr16	 60650000	 59400000	25
chr16	 61200000	 60550000	13
chr16	 62050000	 62700000	13
chr16	 63350000	 65300000	39
chr16	 64350000	 61750000	52
chr16	 65250000	 64500000	15
chr16	 66350000	 67000000	13
chr16	 66500000	 64400000	42
chr16	 66550000	 67800000	25
chr16	 68850000	 67700000	23
chr16	 69300000	 69800000	10
chr16	 70100000	 69400000	14
chr16	 70800000	 69850000	19
chr16	 71200000	 69850000	27
chr16	 71450000	 68150000	66
chr16	 71950000	 72850000	18
chr16	 75650000	 77050000	28
chr16	 76500000	 76100000	8
chr16	 77000000	 75800000	24
chr16	 77900000	 77450000	9
chr16	 80050000	 80700000	13
chr16	 80300000	 80600000	6
chr16	 80300000	 80750000	9
chr16	 81200000	 80800000	8
chr16	 82400000	 83150000	15
chr16	 83650000	 85200000	31
chr16	 84350000	 83350000	20
chr16	 84700000	 85100000	8
chr16	 92400000	 89450000	59
chr16	 93700000	 90150000	71
chr16	 94500000	 95500000	20
chr16	 95500000	 94550000	19
chr16	 97500000	 96500000	20
chr16	 98050000	 97100000	19
chr17	  1500000	  2900000	28
chr17	 10300000	  8250000	41
chr17	 10700000	  9250000	29
chr17	 13000000	 12400000	12
chr17	 13750000	 15000000	25
chr17	 15850000	 14650000	24
chr17	 16950000	 16550000	8
chr17	 19900000	 17450000	49
chr17	 19950000	 18000000	39
chr17	 20400000	 21450000	21
chr17	 21300000	 23000000	34
chr17	 21550000	 22100000	11
chr17	 22850000	 23250000	8
chr17	 22950000	 23800000	17
chr17	 24800000	 23050000	35
chr17	 25900000	 25200000	14
chr17	 26800000	 25950000	17
chr17	 35500000	 36550000	21
chr17	 35900000	 36850000	19
chr17	 36150000	 35000000	23
chr17	 37900000	 31900000	120
chr17	 38100000	 38400000	6
chr17	 40200000	 39450000	15
chr17	 41050000	 38650000	48
chr17	 42400000	 41550000	17
chr17	 43050000	 43750000	14
chr17	 44250000	 43400000	17
chr17	 50100000	 51350000	25
chr17	 51200000	 50350000	17
chr17	 52550000	 53250000	14
chr17	 53200000	 52750000	9
chr17	 53400000	 55200000	36
chr17	 53500000	 54550000	21
chr17	 59050000	 58400000	13
chr17	 60050000	 60550000	10
chr17	 60500000	 59100000	28
chr17	 62800000	 61800000	20
chr17	 63100000	 62450000	13
chr17	 63750000	 63250000	10
chr17	 64050000	 62300000	35
chr17	 65300000	 65800000	10
chr17	 65600000	 67550000	39
chr17	 66150000	 67400000	25
chr17	 67250000	 66450000	16
chr17	 67500000	 66950000	11
chr17	 67750000	 66550000	24
chr17	 68000000	 68350000	7
chr17	 69750000	 69350000	8
chr17	 70750000	 71350000	12
chr17	 72100000	 73000000	18
chr17	 75150000	 76400000	25
chr17	 76650000	 73900000	55
chr17	 78400000	 77550000	17
chr17	 78450000	 80100000	33
chr17	 78900000	 80550000	33
chr17	 79000000	 81500000	50
chr17	 79650000	 79200000	9
chr17	 82150000	 80950000	24
chr17	 82300000	 82750000	9
chr17	 82700000	 80850000	37
chr17	 85100000	 82700000	48
chr17	 88600000	 90350000	35
chr17	 92900000	 93850000	19
chr17	 93400000	 90900000	50
chr17	 94000000	 93250000	15
chr18	  1000000	        0	20
chr18	  2000000	   450000	31
chr18	  2950000	  1550000	28
chr18	  3100000	  3450000	7
chr18	  5000000	  7350000	47
chr18	  5500000	  6200000	14
chr18	  6000000	  6600000	12
chr18	  7350000	  6100000	25
chr18	 12000000	 10600000	28
chr18	 12750000	 12150000	12
chr18	 13650000	 14400000	15
chr18	 14450000	 15300000	17
chr18	 14650000	 14150000	10
chr18	 14900000	 15800000	18
chr18	 15900000	 14750000	23
chr18	 17550000	 18500000	19
chr18	 17700000	 16750000	19
chr18	 20300000	 21650000	27
chr18	 21450000	 22150000	14
chr18	 22200000	 20700000	30
chr18	 23300000	 21400000	38
chr18	 24300000	 21150000	63
chr18	 25100000	 23050000	41
chr18	 25700000	 26350000	13
chr18	 26050000	 25400000	13
chr18	 26300000	 27300000	20
chr18	 30300000	 31200000	18
chr18	 30500000	 31400000	18
chr18	 30550000	 31000000	9
chr18	 31350000	 30850000	10
chr18	 32800000	 31350000	29
chr18	 32800000	 35450000	53
chr18	 33050000	 34950000	38
chr18	 36300000	 35500000	16
chr18	 37700000	 37150000	11
chr18	 37850000	 39100000	25
chr18	 42850000	 45450000	52
chr18	 43600000	 43950000	7
chr18	 43700000	 45100000	28
chr18	 44700000	 43800000	18
chr18	 45400000	 44300000	22
chr18	 45450000	 47450000	40
chr18	 46550000	 46200000	7
chr18	 47800000	 47050000	15
chr18	 48000000	 49700000	34
chr18	 48150000	 46700000	29
chr18	 48750000	 48400000	7
chr18	 49200000	 48400000	16
chr18	 50450000	 51450000	20
chr18	 52400000	 53700000	26
chr18	 52450000	 53400000	19
chr18	 53000000	 55300000	46
chr18	 53050000	 52300000	15
chr18	 53300000	 54150000	17
chr18	 56750000	 57350000	12
chr18	 63250000	 61900000	27
chr18	 63700000	 64850000	23
chr18	 64450000	 66300000	37
chr18	 64500000	 64200000	6
chr18	 65500000	 64650000	17
chr18	 65650000	 66700000	21
chr18	 67800000	 68750000	19
chr18	 67850000	 68450000	12
chr18	 69550000	 68800000	15
chr18	 70200000	 68600000	32
chr18	 70350000	 74250000	78
chr18	 71150000	 68600000	51
chr18	 72100000	 70750000	27
chr18	 73200000	 72150000	21
chr18	 73200000	 72700000	10
chr18	 74800000	 74500000	6
chr18	 74950000	 72950000	40
chr18	 75850000	 75250000	12
chr18	 77150000	 77950000	16
chr18	 83550000	 84150000	12
chr18	 86050000	 86900000	17
chr18	 87400000	 87000000	8
chr18	 88650000	 87550000	22
chr18	 89100000	 89650000	11
chr18	 90000000	 89200000	16
chr18	 90100000	 89250000	17
chr19	  2050000	   400000	33
chr19	  8000000	  6650000	27
chr19	  9200000	  8000000	24
chr19	  9350000	  8550000	16
chr19	  9950000	 10150000	4
chr19	 12650000	 11250000	28
chr19	 14400000	 16650000	45
chr19	 14700000	 15000000	6
chr19	 16250000	 14950000	26
chr19	 17450000	 18200000	15
chr19	 19250000	 20300000	21
chr19	 20350000	 21750000	28
chr19	 20500000	 21100000	12
chr19	 20700000	 22500000	36
chr19	 20750000	 19550000	24
chr19	 20800000	 21600000	16
chr19	 22750000	 21100000	33
chr19	 24700000	 25550000	17
chr19	 24900000	 23250000	33
chr19	 25600000	 26750000	23
chr19	 28950000	 30500000	31
chr19	 29900000	 30950000	21
chr19	 30950000	 30300000	13
chr19	 31850000	 32500000	13
chr19	 32900000	 31300000	32
chr19	 33500000	 28550000	99
chr19	 33550000	 32350000	24
chr19	 35050000	 33200000	37
chr19	 38000000	 36550000	29
chr19	 39650000	 38600000	21
chr19	 40150000	 41600000	29
chr19	 40400000	 42250000	37
chr19	 41000000	 41550000	11
chr19	 42150000	 43550000	28
chr19	 42900000	 42300000	12
chr19	 43400000	 41050000	47
chr19	 43500000	 44250000	15
chr19	 44850000	 45600000	15
chr19	 45200000	 45800000	12
chr19	 48200000	 47500000	14
chr19	 48350000	 48800000	9
chr19	 49100000	 48550000	11
chr19	 49450000	 48650000	16
chr19	 50300000	 48150000	43
chr19	 50950000	 52100000	23
chr19	 51600000	 54950000	67
chr19	 51750000	 52950000	24
chr19	 53900000	 54600000	14
chr19	 55500000	 54650000	17
chr19	 56200000	 57350000	23
chr19	 56300000	 55150000	23
chr2	  2000000	  1600000	8
chr2	  2250000	  3100000	17
chr2	  4300000	  3200000	22
chr2	  4850000	  6500000	33
chr2	  7400000	  6700000	14
chr2	  7900000	  8450000	11
chr2	  8250000	 11100000	57
chr2	  8350000	  9500000	23
chr2	 10150000	 11100000	19
chr2	 14650000	 15500000	17
chr2	 15250000	 14700000	11
chr2	 15850000	 16500000	13
chr2	 16100000	 15200000	18
chr2	 18850000	 20450000	32
chr2	 19950000	 21450000	30
chr2	 20200000	 19800000	8
chr2	 20450000	 21200000	15
chr2	 21150000	 22050000	18
chr2	 21350000	 22300000	19
chr2	 24400000	 26500000	42
chr2	 27300000	 26300000	20
chr2	 28850000	 29450000	12
chr2	 30500000	 31650000	23
chr2	 33300000	 32500000	16
chr2	 34200000	 35150000	19
chr2	 34700000	 33450000	25
chr2	 34800000	 34350000	9
chr2	 35350000	 35800000	9
chr2	 40000000	 39450000	11
chr2	 40200000	 39650000	11
chr2	 40500000	 41500000	20
chr2	 41100000	 42400000	26
chr2	 41800000	 40600000	24
chr2	 42000000	 40700000	26
chr2	 42450000	 43350000	18
chr2	 43600000	 44350000	15
chr2	 44050000	 45300000	25
chr2	 44700000	 45650000	19
chr2	 44950000	 44550000	8
chr2	 45500000	 44900000	12
chr2	 48150000	 45900000	45
chr2	 50100000	 52850000	55
chr2	 50750000	 50050000	14
chr2	 52450000	 52800000	7
chr2	 55300000	 57200000	38
chr2	 56450000	 57000000	11
chr2	 57050000	 56150000	18
chr2	 59600000	 58900000	14
chr2	 59700000	 60700000	20
chr2	 60000000	 60450000	9
chr2	 60600000	 61950000	27
chr2	 61750000	 62350000	12
chr2	 66250000	 66750000	10
chr2	 69000000	 68650000	7
chr2	 70250000	 67750000	50
chr2	 70450000	 69400000	21
chr2	 70550000	 70000000	11
chr2	 72750000	 71000000	35
chr2	 74850000	 76050000	24
chr2	 77800000	 78300000	10
chr2	 78200000	 77050000	23
chr2	 78800000	 79700000	18
chr2	 82750000	 84550000	36
chr2	 84300000	 85550000	25
chr2	 86750000	 87100000	7
chr2	 87900000	 89550000	33
chr2	 92150000	 93800000	33
chr2	 93200000	 92700000	10
chr2	 94150000	 94400000	5
chr2	 96250000	 97950000	34
chr2	 97000000	 96050000	19
chr2	 97200000	 98550000	27
chr2	 97350000	 98400000	21
chr2	100400000	 99500000	18
chr2	101450000	 99800000	33
chr2	101750000	101000000	15
chr2	102500000	103500000	20
chr2	103000000	103500000	10
chr2	105000000	104350000	13
chr2	107650000	108150000	10
chr2	107900000	109050000	23
chr2	110250000	109450000	16
chr2	110450000	111550000	22
chr2	113850000	113350000	10
chr2	116650000	117750000	22
chr2	117100000	117250000	3
chr2	120950000	121950000	20
chr2	123150000	123850000	14
chr2	123250000	122400000	17
chr2	123600000	124250000	13
chr2	125350000	125850000	10
chr2	126700000	128550000	37
chr2	128300000	128600000	6
chr2	130050000	128550000	30
chr2	134400000	133150000	25
chr2	134900000	135850000	19
chr2	137750000	135800000	39
chr2	138200000	136600000	32
chr2	142550000	142050000	10
chr2	142600000	143650000	21
chr2	143250000	144900000	33
chr2	143350000	141500000	37
chr2	144200000	145450000	25
chr2	145350000	146050000	14
chr2	147550000	148150000	12
chr2	148600000	148600000	0
chr2	153000000	154350000	27
chr2	153700000	151150000	51
chr2	154100000	151850000	45
chr2	155750000	155300000	9
chr2	160000000	158750000	25
chr2	160350000	161050000	14
chr2	161000000	158750000	45
chr2	161250000	160600000	13
chr2	161300000	163000000	34
chr2	162000000	159800000	44
chr2	163450000	164000000	11
chr2	165700000	166500000	16
chr2	167350000	165600000	35
chr2	168150000	167450000	14
chr2	171700000	171100000	12
chr2	172150000	171500000	13
chr2	172950000	173500000	11
chr2	174500000	176350000	37
chr2	175800000	174800000	20
chr2	176100000	175400000	14
chr2	177150000	176100000	21
chr3	  2200000	  3350000	23
chr3	  3100000	  2400000	14
chr3	  3250000	  1250000	40
chr3	 10450000	  9650000	16
chr3	 11150000	 12700000	31
chr3	 13850000	 12350000	30
chr3	 14550000	 13300000	25
chr3	 15600000	 16650000	21
chr3	 17750000	 15750000	40
chr3	 20750000	 22450000	34
chr3	 21100000	 20300000	16
chr3	 21550000	 22650000	22
chr3	 23550000	 21950000	32
chr3	 24100000	 23550000	11
chr3	 24500000	 27000000	50
chr3	 25400000	 26050000	13
chr3	 26600000	 26600000	0
chr3	 28950000	 26900000	41
chr3	 30900000	 33250000	47
chr3	 31250000	 32000000	15
chr3	 34000000	 36050000	41
chr3	 34500000	 33300000	24
chr3	 36200000	 35800000	8
chr3	 40600000	 39250000	27
chr3	 40750000	 41350000	12
chr3	 41100000	 43000000	38
chr3	 42150000	 42950000	16
chr3	 43650000	 42600000	21
chr3	 43700000	 44900000	24
chr3	 45850000	 47200000	27
chr3	 46300000	 45700000	12
chr3	 48600000	 49400000	16
chr3	 48850000	 47450000	28
chr3	 52300000	 51550000	15
chr3	 54850000	 54300000	11
chr3	 55200000	 55950000	15
chr3	 56100000	 52250000	77
chr3	 61150000	 59950000	24
chr3	 61350000	 62850000	30
chr3	 62350000	 63250000	18
chr3	 62500000	 64750000	45
chr3	 62900000	 63800000	18
chr3	 63350000	 65500000	43
chr3	 65550000	 68450000	58
chr3	 69600000	 71650000	41
chr3	 69650000	 68350000	26
chr3	 69750000	 70150000	8
chr3	 70300000	 71050000	15
chr3	 71550000	 72650000	22
chr3	 72950000	 71800000	23
chr3	 74000000	 74700000	14
chr3	 74050000	 74400000	7
chr3	 74750000	 76000000	25
chr3	 77000000	 77850000	17
chr3	 77300000	 78100000	16
chr3	 78350000	 76750000	32
chr3	 80450000	 80050000	8
chr3	 80450000	 81500000	21
chr3	 80500000	 79950000	11
chr3	 81150000	 82500000	27
chr3	 82850000	 83500000	13
chr3	 84450000	 85350000	18
chr3	 86050000	 86950000	18
chr3	 86800000	 87650000	17
chr3	 88800000	 92000000	64
chr3	 92150000	 90500000	33
chr3	 92950000	 92050000	18
chr3	 95700000	 96850000	23
chr3	102350000	103250000	18
chr3	102700000	103750000	21
chr3	102950000	104000000	21
chr3	103900000	104800000	18
chr3	105900000	105050000	17
chr3	106050000	106450000	8
chr3	107200000	106400000	16
chr3	109650000	110650000	20
chr3	113650000	116650000	60
chr3	114550000	116050000	30
chr3	115050000	116700000	33
chr3	118500000	115750000	55
chr3	118700000	119850000	23
chr3	119300000	119950000	13
chr3	120450000	119950000	10
chr3	122650000	123750000	22
chr3	124100000	126500000	48
chr3	126300000	124450000	37
chr3	127600000	125050000	51
chr3	127900000	128750000	17
chr3	128250000	128000000	5
chr3	128850000	129800000	19
chr3	130100000	130800000	14
chr3	130200000	130700000	10
chr3	133750000	135700000	39
chr3	134550000	133750000	16
chr3	134950000	132750000	44
chr3	135200000	136600000	28
chr3	137950000	138750000	16
chr3	138750000	139800000	21
chr3	139100000	138950000	3
chr3	139900000	138700000	24
chr3	141100000	143200000	42
chr3	141800000	139700000	42
chr3	142150000	140600000	31
chr3	143850000	142750000	22
chr3	144500000	145600000	22
chr3	144750000	145550000	16
chr3	145850000	147500000	33
chr3	154600000	156950000	47
chr4	  1200000	  3350000	43
chr4	  3200000	  2600000	12
chr4	  4550000	  4550000	0
chr4	  5100000	  4700000	8
chr4	  5450000	  5900000	9
chr4	  6150000	  7850000	34
chr4	  7700000	  7000000	14
chr4	  9150000	  8550000	12
chr4	 10650000	 12300000	33
chr4	 18250000	 19050000	16
chr4	 20250000	 21150000	18
chr4	 20300000	 19500000	16
chr4	 20850000	 19650000	24
chr4	 21350000	 20850000	10
chr4	 24450000	 23300000	23
chr4	 26550000	 27000000	9
chr4	 28200000	 27850000	7
chr4	 29000000	 29450000	9
chr4	 29100000	 32150000	61
chr4	 30950000	 30450000	10
chr4	 33800000	 32950000	17
chr4	 34950000	 33350000	32
chr4	 38600000	 37050000	31
chr4	 38700000	 37500000	24
chr4	 39750000	 39150000	12
chr4	 41250000	 40350000	18
chr4	 41800000	 42450000	13
chr4	 44500000	 43100000	28
chr4	 44950000	 45400000	9
chr4	 45350000	 44600000	15
chr4	 45350000	 47150000	36
chr4	 45750000	 44400000	27
chr4	 47800000	 46900000	18
chr4	 49900000	 49500000	8
chr4	 50400000	 49550000	17
chr4	 51200000	 52600000	28
chr4	 51400000	 51800000	8
chr4	 55500000	 57100000	32
chr4	 55700000	 54150000	31
chr4	 56850000	 56550000	6
chr4	 58300000	 56350000	39
chr4	 60300000	 59000000	26
chr4	 60500000	 58950000	31
chr4	 61850000	 60400000	29
chr4	 63750000	 61550000	44
chr4	 63750000	 62450000	26
chr4	 63950000	 64800000	17
chr4	 64300000	 63500000	16
chr4	 65700000	 66600000	18
chr4	 65900000	 62800000	62
chr4	 66250000	 67100000	17
chr4	 67150000	 70050000	58
chr4	 68350000	 69000000	13
chr4	 68550000	 68800000	5
chr4	 71750000	 71500000	5
chr4	 71850000	 71550000	6
chr4	 72400000	 71400000	20
chr4	 72450000	 70250000	44
chr4	 72600000	 76550000	79
chr4	 73150000	 72650000	10
chr4	 76850000	 78650000	36
chr4	 77600000	 80400000	56
chr4	 80200000	 78650000	31
chr4	 82800000	 81450000	27
chr4	 84800000	 85150000	7
chr4	 85400000	 85750000	7
chr4	 86250000	 86000000	5
chr4	 86850000	 85450000	28
chr4	 87450000	 86900000	11
chr4	 87650000	 86800000	17
chr4	 87750000	 89300000	31
chr4	 90000000	 88750000	25
chr4	 91850000	 90800000	21
chr4	 93150000	 93600000	9
chr4	 94800000	 95700000	18
chr4	 95850000	 96250000	8
chr4	 96050000	 97650000	32
chr4	 96450000	 98600000	43
chr4	 96500000	 96100000	8
chr4	 96750000	 96150000	12
chr4	 96950000	 95300000	33
chr4	 98400000	 99550000	23
chr4	 99200000	100850000	33
chr4	100050000	 99650000	8
chr4	100750000	101550000	16
chr4	101400000	101850000	9
chr4	102700000	104650000	39
chr4	103400000	103950000	11
chr4	105550000	107250000	34
chr4	105700000	106600000	18
chr4	106500000	107350000	17
chr4	107050000	107800000	15
chr4	107400000	106200000	24
chr4	108100000	109400000	26
chr4	109400000	108800000	12
chr4	109550000	109550000	0
chr4	110450000	108750000	34
chr4	110600000	109900000	14
chr4	111950000	112450000	10
chr4	112900000	113950000	21
chr4	121100000	122700000	32
chr4	121700000	124550000	57
chr4	122200000	124350000	43
chr4	124100000	124750000	13
chr4	125300000	123550000	35
chr4	126300000	125600000	14
chr4	133600000	133950000	7
chr4	134250000	132200000	41
chr4	134800000	134050000	15
chr4	135350000	134450000	18
chr4	135500000	135500000	0
chr4	136600000	135200000	28
chr4	137850000	139150000	26
chr4	139150000	139250000	2
chr4	139550000	140550000	20
chr4	140600000	141900000	26
chr4	140750000	141800000	21
chr4	140950000	141950000	20
chr4	144750000	147450000	54
chr4	147250000	148050000	16
chr4	147700000	147300000	8
chr4	148750000	147850000	18
chr4	149350000	148050000	26
chr4	150250000	149100000	23
chr4	151150000	151900000	15
chr4	151950000	151050000	18
chr4	152500000	151500000	20
chr4	152850000	154050000	24
chr4	155350000	154500000	17
chr5	  6150000	  4950000	24
chr5	  6700000	  6950000	5
chr5	  7250000	  8200000	19
chr5	  8250000	 10050000	36
chr5	  8700000	  8100000	12
chr5	  9400000	  7650000	35
chr5	 10550000	 11750000	24
chr5	 10950000	 10300000	13
chr5	 10950000	 10500000	9
chr5	 13700000	 15100000	28
chr5	 14650000	 15150000	10
chr5	 14750000	 16650000	38
chr5	 15300000	 14850000	9
chr5	 16050000	 16900000	17
chr5	 17850000	 18550000	14
chr5	 21350000	 20650000	14
chr5	 27000000	 28100000	22
chr5	 27850000	 28700000	17
chr5	 27900000	 28600000	14
chr5	 28550000	 27450000	22
chr5	 30000000	 28900000	22
chr5	 31450000	 32750000	26
chr5	 39900000	 37800000	42
chr5	 40000000	 39200000	16
chr5	 40050000	 41000000	19
chr5	 40200000	 41050000	17
chr5	 40350000	 38550000	36
chr5	 41800000	 42200000	8
chr5	 41800000	 42950000	23
chr5	 43500000	 45450000	39
chr5	 43750000	 41600000	43
chr5	 44350000	 43300000	21
chr5	 47150000	 44950000	44
chr5	 47550000	 48650000	22
chr5	 48750000	 46550000	44
chr5	 50450000	 49050000	28
chr5	 50750000	 52150000	28
chr5	 52900000	 50550000	47
chr5	 52900000	 53550000	13
chr5	 57150000	 55500000	33
chr5	 57250000	 58100000	17
chr5	 58300000	 59750000	29
chr5	 58850000	 59900000	21
chr5	 60900000	 63350000	49
chr5	 62150000	 61450000	14
chr5	 62400000	 63400000	20
chr5	 65000000	 63900000	22
chr5	 65100000	 66300000	24
chr5	 67000000	 67800000	16
chr5	 67900000	 66500000	28
chr5	 68100000	 69700000	32
chr5	 68850000	 70350000	30
chr5	 69850000	 70450000	12
chr5	 69900000	 71600000	34
chr5	 70950000	 69950000	20
chr5	 71550000	 72800000	25
chr5	 71850000	 72450000	12
chr5	 72000000	 72300000	6
chr5	 76650000	 79100000	49
chr5	 78750000	 79850000	22
chr5	 78850000	 79550000	14
chr5	 79650000	 80050000	8
chr5	 82000000	 81200000	16
chr5	 82300000	 82700000	8
chr5	 85000000	 85500000	10
chr5	 85900000	 87300000	28
chr5	 85950000	 85400000	11
chr5	 86800000	 86300000	10
chr5	 87000000	 85450000	31
chr5	 89500000	 91400000	38
chr5	 93700000	 94800000	22
chr5	 95800000	 94550000	25
chr5	 97400000	 98000000	12
chr5	 98400000	 96700000	34
chr5	 98450000	 99850000	28
chr5	100900000	 99700000	24
chr5	103050000	102350000	14
chr5	103350000	104600000	25
chr5	107150000	108700000	31
chr5	107300000	108850000	31
chr5	107600000	106750000	17
chr5	108300000	107550000	15
chr5	109000000	107550000	29
chr5	109550000	112250000	54
chr5	111300000	112450000	23
chr5	111900000	112700000	16
chr5	115200000	115800000	12
chr5	115550000	113800000	35
chr5	115850000	115300000	11
chr5	116250000	117350000	22
chr5	117700000	117600000	2
chr5	120700000	119750000	19
chr5	122950000	123350000	8
chr5	123250000	124550000	26
chr5	123450000	122000000	29
chr5	124400000	123800000	12
chr5	127550000	126800000	15
chr5	128300000	129500000	24
chr5	128350000	129500000	23
chr5	128600000	129650000	21
chr5	130800000	130550000	5
chr5	131800000	132550000	15
chr5	133200000	134850000	33
chr5	136150000	137450000	26
chr5	136250000	137500000	25
chr5	136350000	135300000	21
chr5	138450000	143300000	97
chr5	142150000	140050000	42
chr5	144000000	145350000	27
chr5	144700000	144000000	14
chr5	147250000	148150000	18
chr5	149150000	147700000	29
chr5	149850000	149050000	16
chr5	151750000	151150000	12
chr6	  3000000	  2100000	18
chr6	  5600000	  4700000	18
chr6	 12950000	 13700000	15
chr6	 14600000	 14600000	0
chr6	 15200000	 16550000	27
chr6	 18550000	 17600000	19
chr6	 20250000	 22050000	36
chr6	 20800000	 22250000	29
chr6	 20950000	 22000000	21
chr6	 21300000	 21700000	8
chr6	 22050000	 23200000	23
chr6	 22150000	 20150000	40
chr6	 22800000	 23250000	9
chr6	 25600000	 24650000	19
chr6	 25600000	 26600000	20
chr6	 26250000	 25350000	18
chr6	 26600000	 26050000	11
chr6	 27750000	 28500000	15
chr6	 28000000	 27450000	11
chr6	 32900000	 33900000	20
chr6	 33150000	 32650000	10
chr6	 34850000	 33800000	21
chr6	 35250000	 36750000	30
chr6	 35950000	 33900000	41
chr6	 37150000	 37150000	0
chr6	 40100000	 40850000	15
chr6	 40500000	 39450000	21
chr6	 40750000	 41550000	16
chr6	 41400000	 42000000	12
chr6	 45050000	 46000000	19
chr6	 45600000	 47650000	41
chr6	 46150000	 48250000	42
chr6	 47550000	 49300000	35
chr6	 48100000	 46900000	24
chr6	 48400000	 49500000	22
chr6	 49850000	 47750000	42
chr6	 49950000	 48800000	23
chr6	 51150000	 50750000	8
chr6	 52100000	 52800000	14
chr6	 52550000	 53250000	14
chr6	 55000000	 53650000	27
chr6	 55450000	 54300000	23
chr6	 56200000	 58000000	36
chr6	 60550000	 60250000	6
chr6	 60800000	 62950000	43
chr6	 62200000	 62950000	15
chr6	 62650000	 61600000	21
chr6	 63000000	 64000000	20
chr6	 64950000	 64200000	15
chr6	 66450000	 67750000	26
chr6	 66900000	 67900000	20
chr6	 69350000	 67850000	30
chr6	 70650000	 71300000	13
chr6	 70900000	 69050000	37
chr6	 71050000	 69200000	37
chr6	 71100000	 70500000	12
chr6	 71500000	 72700000	24
chr6	 71850000	 71050000	16
chr6	 72200000	 73000000	16
chr6	 72400000	 72900000	10
chr6	 73100000	 71650000	29
chr6	 75500000	 74550000	19
chr6	 75850000	 76200000	7
chr6	 76750000	 75450000	26
chr6	 76900000	 77750000	17
chr6	 77000000	 75650000	27
chr6	 79750000	 81500000	35
chr6	 81850000	 82150000	6
chr6	 82700000	 81250000	29
chr6	 82700000	 81850000	17
chr6	 83200000	 84100000	18
chr6	 84250000	 85950000	34
chr6	 85050000	 86450000	28
chr6	 87500000	 85900000	32
chr6	 87850000	 88550000	14
chr6	 90050000	 89000000	21
chr6	 90750000	 89200000	31
chr6	 90750000	 90000000	15
chr6	 91150000	 92500000	27
chr6	 92350000	 91200000	23
chr6	 95100000	 96850000	35
chr6	 95550000	 96300000	15
chr6	 97350000	 95950000	28
chr6	100800000	104150000	67
chr6	104200000	104650000	9
chr6	104500000	105500000	20
chr6	104800000	106600000	36
chr6	106800000	107050000	5
chr6	106950000	107900000	19
chr6	108000000	109100000	22
chr6	109100000	108200000	18
chr6	111800000	112600000	16
chr6	112650000	111300000	27
chr6	112750000	111050000	34
chr6	113400000	114150000	15
chr6	116300000	116600000	6
chr6	117250000	116050000	24
chr6	117700000	116300000	28
chr6	120600000	121400000	16
chr6	120700000	118750000	39
chr6	122100000	121350000	15
chr6	124550000	122100000	49
chr6	124900000	125550000	13
chr6	125050000	124500000	11
chr6	125350000	126900000	31
chr6	126600000	125850000	15
chr6	126800000	127050000	5
chr6	128200000	129500000	26
chr6	128650000	127850000	16
chr6	129550000	131250000	34
chr6	130400000	129450000	19
chr6	130400000	132400000	40
chr6	131050000	132650000	32
chr6	132600000	130400000	44
chr6	134200000	133350000	17
chr6	134200000	134700000	10
chr6	134250000	134050000	4
chr6	134800000	133550000	25
chr6	137050000	138250000	24
chr6	139100000	136550000	51
chr6	142600000	142400000	4
chr6	142900000	144550000	33
chr6	143450000	142700000	15
chr6	143900000	144700000	16
chr6	145050000	143850000	24
chr6	145150000	146000000	17
chr6	145200000	145700000	10
chr6	146800000	145950000	17
chr7	  2750000	  1850000	18
chr7	  5100000	  4450000	13
chr7	  6700000	  5850000	17
chr7	  7050000	  3800000	65
chr7	  7900000	  8550000	13
chr7	  8600000	 13150000	91
chr7	  8650000	  8000000	13
chr7	  8700000	  9750000	21
chr7	  9050000	 10050000	20
chr7	  9350000	  7100000	45
chr7	  9650000	  8450000	24
chr7	 10900000	 10150000	15
chr7	 13450000	 12750000	14
chr7	 14900000	 11900000	60
chr7	 16200000	 17050000	17
chr7	 16600000	 17250000	13
chr7	 19250000	 18400000	17
chr7	 22750000	 22250000	10
chr7	 25650000	 25350000	6
chr7	 27900000	 30500000	52
chr7	 28000000	 28800000	16
chr7	 28750000	 29550000	16
chr7	 29800000	 29000000	16
chr7	 30200000	 27250000	59
chr7	 30400000	 30900000	10
chr7	 31600000	 33300000	34
chr7	 35700000	 36250000	11
chr7	 36000000	 34550000	29
chr7	 37200000	 35600000	32
chr7	 40250000	 39650000	12
chr7	 42550000	 42000000	11
chr7	 43050000	 41450000	32
chr7	 43750000	 42600000	23
chr7	 44300000	 44000000	6
chr7	 45800000	 45100000	14
chr7	 54000000	 52700000	26
chr7	 58250000	 55850000	48
chr7	 59250000	 58100000	23
chr7	 59600000	 60100000	10
chr7	 62200000	 60500000	34
chr7	 65100000	 63450000	33
chr7	 65250000	 68350000	62
chr7	 66000000	 65200000	16
chr7	 66050000	 64600000	29
chr7	 68650000	 67850000	16
chr7	 68650000	 69450000	16
chr7	 69100000	 68400000	14
chr7	 71200000	 69800000	28
chr7	 71450000	 70700000	15
chr7	 71700000	 72650000	19
chr7	 72900000	 72650000	5
chr7	 72950000	 71500000	29
chr7	 76000000	 75150000	17
chr7	 76350000	 75800000	11
chr7	 78450000	 76950000	30
chr7	 79600000	 79200000	8
chr7	 80300000	 79000000	26
chr7	 81150000	 80700000	9
chr7	 83400000	 83950000	11
chr7	 83800000	 82950000	17
chr7	 84200000	 85100000	18
chr7	 84900000	 85800000	18
chr7	 86750000	 85800000	19
chr7	 87100000	 89100000	40
chr7	 90200000	 91300000	22
chr7	 90650000	 90950000	6
chr7	 91700000	 93100000	28
chr7	 92100000	 91150000	19
chr7	 92850000	 91850000	20
chr7	 93100000	 93600000	10
chr7	 94450000	 96750000	46
chr7	 95100000	 95650000	11
chr7	 95700000	 97200000	30
chr7	 97500000	 96450000	21
chr7	 97900000	 97350000	11
chr7	101200000	100100000	22
chr7	102050000	102300000	5
chr7	102300000	101300000	20
chr7	104050000	101300000	55
chr7	105450000	104300000	23
chr7	106750000	105150000	32
chr7	107300000	105350000	39
chr7	107450000	108550000	22
chr7	107750000	109150000	28
chr7	108100000	106750000	27
chr7	109050000	108150000	18
chr7	110400000	108250000	43
chr7	111500000	112400000	18
chr7	113100000	112500000	12
chr7	113500000	114850000	27
chr7	115900000	116900000	20
chr7	116150000	114900000	25
chr7	116950000	116750000	4
chr7	117200000	115050000	43
chr7	120700000	120050000	13
chr7	120800000	119950000	17
chr7	121200000	120500000	14
chr7	121900000	120500000	28
chr7	122300000	119650000	53
chr7	122650000	120950000	34
chr7	124050000	124550000	10
chr7	125700000	124300000	28
chr7	129250000	131300000	41
chr7	130150000	128700000	29
chr7	130500000	128850000	33
chr7	131500000	132950000	29
chr7	131600000	132500000	18
chr7	131700000	130250000	29
chr7	133750000	135100000	27
chr7	134000000	133200000	16
chr7	137300000	135400000	38
chr7	137900000	138400000	10
chr7	138450000	140350000	38
chr7	139500000	140500000	20
chr7	140650000	138650000	40
chr7	141100000	140750000	7
chr7	141600000	140700000	18
chr7	142650000	140850000	36
chr7	144200000	143050000	23
chr8	  1850000	   450000	28
chr8	  2700000	  3350000	13
chr8	  3000000	  1500000	30
chr8	  6000000	  6750000	15
chr8	  7250000	  6200000	21
chr8	 10050000	 12050000	40
chr8	 11450000	 11750000	6
chr8	 12300000	 12850000	11
chr8	 13250000	 13850000	12
chr8	 13550000	 16400000	57
chr8	 14450000	 15100000	13
chr8	 14800000	 15600000	16
chr8	 16150000	 14350000	36
chr8	 17350000	 17900000	11
chr8	 19400000	 22050000	53
chr8	 23100000	 22900000	4
chr8	 29250000	 28800000	9
chr8	 29500000	 30850000	27
chr8	 30500000	 32150000	33
chr8	 30750000	 31500000	15
chr8	 31300000	 32950000	33
chr8	 31750000	 33550000	36
chr8	 32200000	 31600000	12
chr8	 32750000	 33400000	13
chr8	 32850000	 31700000	23
chr8	 36200000	 36950000	15
chr8	 37300000	 36450000	17
chr8	 38400000	 38950000	11
chr8	 39850000	 41000000	23
chr8	 40550000	 43600000	61
chr8	 41200000	 43450000	45
chr8	 43350000	 42800000	11
chr8	 44250000	 44950000	14
chr8	 46150000	 43650000	50
chr8	 54700000	 51250000	69
chr8	 60300000	 61050000	15
chr8	 61250000	 62000000	15
chr8	 61450000	 62100000	13
chr8	 62350000	 60600000	35
chr8	 64900000	 66600000	34
chr8	 65300000	 64150000	23
chr8	 66550000	 65100000	29
chr8	 66900000	 67250000	7
chr8	 67200000	 66750000	9
chr8	 70300000	 69150000	23
chr8	 70500000	 68800000	34
chr8	 72150000	 72650000	10
chr8	 72900000	 73600000	14
chr8	 73250000	 74900000	33
chr8	 75350000	 74650000	14
chr8	 77100000	 79050000	39
chr8	 77150000	 77900000	15
chr8	 77750000	 77150000	12
chr8	 79150000	 81100000	39
chr8	 80300000	 80300000	0
chr8	 80700000	 81050000	7
chr8	 81050000	 80400000	13
chr8	 81200000	 80200000	20
chr8	 83500000	 84300000	16
chr8	 84400000	 85900000	30
chr8	 85600000	 88950000	67
chr8	 87600000	 86800000	16
chr8	 88000000	 89000000	20
chr8	 88450000	 87150000	26
chr8	 88600000	 89900000	26
chr8	 89550000	 90100000	11
chr8	 91400000	 90800000	12
chr8	 91550000	 91250000	6
chr8	 91650000	 90550000	22
chr8	 93400000	 93750000	7
chr8	 93600000	 94700000	22
chr8	 94100000	 95050000	19
chr8	 95000000	 96000000	20
chr8	 95700000	 96750000	21
chr8	 96050000	 95550000	10
chr8	103300000	105550000	45
chr8	106000000	107000000	20
chr8	107700000	106350000	27
chr8	109000000	107700000	26
chr8	109600000	107250000	47
chr8	109650000	112550000	58
chr8	109800000	108850000	19
chr8	109800000	109500000	6
chr8	112150000	111000000	23
chr8	112250000	113250000	20
chr8	114050000	115350000	26
chr8	115400000	113600000	36
chr8	115700000	114000000	34
chr8	115850000	116650000	16
chr8	117650000	116400000	25
chr8	118750000	119550000	16
chr8	120350000	122500000	43
chr8	121750000	123450000	34
chr8	123350000	124650000	26
chr8	123450000	125050000	32
chr8	123950000	122950000	20
chr8	125500000	126600000	22
chr8	128250000	127000000	25
chr9	  2100000	  1100000	20
chr9	  5200000	  4100000	22
chr9	  7650000	  8900000	25
chr9	  8800000	  8250000	11
chr9	  8950000	 10250000	26
chr9	 13600000	 14600000	20
chr9	 13900000	 12700000	24
chr9	 17350000	 16450000	18
chr9	 19050000	 21350000	46
chr9	 21550000	 22250000	14
chr9	 25150000	 23750000	28
chr9	 25900000	 26550000	13
chr9	 26050000	 23500000	51
chr9	 26150000	 25350000	16
chr9	 26850000	 27900000	21
chr9	 27200000	 27650000	9
chr9	 35800000	 35050000	15
chr9	 38000000	 40600000	52
chr9	 42050000	 40700000	27
chr9	 43150000	 45750000	52
chr9	 45350000	 46650000	26
chr9	 45450000	 44050000	28
chr9	 45850000	 44800000	21
chr9	 46550000	 47350000	16
chr9	 47400000	 48050000	13
chr9	 47550000	 48850000	26
chr9	 48500000	 49650000	23
chr9	 48750000	 48950000	4
chr9	 48850000	 47350000	30
chr9	 50500000	 49200000	26
chr9	 50650000	 51800000	23
chr9	 51100000	 50200000	18
chr9	 51700000	 50700000	20
chr9	 52300000	 53350000	21
chr9	 53150000	 52100000	21
chr9	 54800000	 56050000	25
chr9	 54850000	 54200000	13
chr9	 54850000	 54400000	9
chr9	 55000000	 53750000	25
chr9	 55850000	 57100000	25
chr9	 56450000	 57400000	19
chr9	 56450000	 58450000	40
chr9	 56850000	 57300000	9
chr9	 61700000	 63600000	38
chr9	 61750000	 60900000	17
chr9	 62250000	 63150000	18
chr9	 62250000	 63350000	22
chr9	 62500000	 63250000	15
chr9	 62750000	 61550000	24
chr9	 63400000	 61900000	30
chr9	 69850000	 70200000	7
chr9	 71050000	 69050000	40
chr9	 73000000	 71750000	25
chr9	 73000000	 72400000	12
chr9	 73650000	 72450000	24
chr9	 73900000	 73200000	14
chr9	 75200000	 73300000	38
chr9	 75650000	 74650000	20
chr9	 75700000	 76200000	10
chr9	 75900000	 74150000	35
chr9	 76100000	 75750000	7
chr9	 77250000	 80900000	73
chr9	 77550000	 80700000	63
chr9	 78200000	 76300000	38
chr9	 78450000	 77400000	21
chr9	 79100000	 80500000	28
chr9	 79300000	 81300000	40
chr9	 79500000	 78150000	27
chr9	 81100000	 82600000	30
chr9	 83650000	 84050000	8
chr9	 84850000	 84150000	14
chr9	 85250000	 83200000	41
chr9	 89100000	 90800000	34
chr9	 89300000	 88700000	12
chr9	 89550000	 89950000	8
chr9	 90150000	 87300000	57
chr9	 90200000	 90500000	6
chr9	 91100000	 92850000	35
chr9	 93500000	 94150000	13
chr9	 94200000	 93150000	21
chr9	 95450000	 93850000	32
chr9	 96650000	 95700000	19
chr9	 96750000	 97600000	17
chr9	 98000000	 98750000	15
chr9	 98200000	 97500000	14
chr9	 98400000	 97500000	18
chr9	 98500000	 96950000	31
chr9	103350000	101750000	32
chr9	103850000	103400000	9
chr9	104350000	102550000	36
chr9	104500000	103700000	16
chr9	107900000	109200000	26
chr9	108050000	109100000	21
chr9	110450000	110050000	8
chr9	113000000	113200000	4
chr9	115100000	111550000	71
chr9	115650000	113650000	40
chr9	118750000	119450000	14
chr9	119950000	121550000	32
chr9	121550000	123000000	29
chr9	124200000	123000000	24
chrX	   700000	  3650000	59
chrX	  3350000	  1900000	29
chrX	  4400000	  3400000	20
chrX	  4750000	  5800000	21
chrX	  6950000	  2350000	92
chrX	  7350000	  8400000	21
chrX	 10000000	 10700000	14
chrX	 10200000	  9100000	22
chrX	 10850000	 11550000	14
chrX	 12300000	 11050000	25
chrX	 16850000	 17700000	17
chrX	 20450000	 21750000	26
chrX	 20750000	 18650000	42
chrX	 20750000	 20250000	10
chrX	 22700000	 23400000	14
chrX	 23850000	 24700000	17
chrX	 25650000	 24050000	32
chrX	 26950000	 28550000	32
chrX	 28600000	 29150000	11
chrX	 29750000	 29100000	13
chrX	 30700000	 32950000	45
chrX	 31800000	 32700000	18
chrX	 32200000	 33450000	25
chrX	 32500000	 33350000	17
chrX	 32500000	 33400000	18
chrX	 34150000	 36000000	37
chrX	 34800000	 38200000	68
chrX	 35150000	 36850000	34
chrX	 35300000	 37250000	39
chrX	 35600000	 36700000	22
chrX	 36700000	 36400000	6
chrX	 37400000	 38550000	23
chrX	 38050000	 40350000	46
chrX	 38200000	 38200000	0
chrX	 38750000	 39050000	6
chrX	 43900000	 43050000	17
chrX	 44750000	 43900000	17
chrX	 46750000	 44750000	40
chrX	 48600000	 49100000	10
chrX	 48700000	 49300000	12
chrX	 49200000	 50050000	17
chrX	 50000000	 49250000	15
chrX	 51300000	 51850000	11
chrX	 53700000	 54900000	24
chrX	 54650000	 53750000	18
chrX	 55200000	 54750000	9
chrX	 57300000	 54650000	53
chrX	 60000000	 62200000	44
chrX	 61850000	 60600000	25
chrX	 63650000	 65700000	41
chrX	 63800000	 62700000	22
chrX	 65050000	 64350000	14
chrX	 66150000	 68000000	37
chrX	 66250000	 67350000	22
chrX	 67900000	 70250000	47
chrX	 70850000	 72150000	26
chrX	 71900000	 73050000	23
chrX	 74150000	 73350000	16
chrX	 74850000	 76100000	25
chrX	 79000000	 82100000	62
chrX	 79150000	 78150000	20
chrX	 79450000	 79450000	0
chrX	 79550000	 80750000	24
chrX	 79800000	 78800000	20
chrX	 83850000	 84200000	7
chrX	 83900000	 85050000	23
chrX	 85750000	 84900000	17
chrX	 86000000	 86650000	13
chrX	 87650000	 88300000	13
chrX	 88700000	 87700000	20
chrX	 89100000	 90150000	21
chrX	 91200000	 89350000	37
chrX	 92450000	 91600000	17
chrX	 94550000	 93500000	21
chrX	 95150000	 93700000	29
chrX	 95900000	 95650000	5
chrX	101550000	102650000	22
chrX	104450000	105300000	17
chrX	105150000	106000000	17
chrX	105450000	103600000	37
chrX	108450000	105950000	50
chrX	108550000	110300000	35
chrX	108950000	106950000	40
chrX	110350000	109250000	22
chrX	111500000	111500000	0
chrX	112000000	112000000	0
chrX	112950000	112450000	10
chrX	113650000	112050000	32
chrX	113700000	114650000	19
chrX	114500000	113850000	13
chrX	114950000	113900000	21
chrX	115550000	114050000	30
chrX	115850000	116650000	16
chrX	116100000	117500000	28
chrX	117150000	118300000	23
chrX	117550000	120500000	59
chrX	118400000	119550000	23
chrX	119850000	121050000	24
chrX	120450000	119550000	18
chrX	121350000	120100000	25
chrX	122550000	124500000	39
chrX	124650000	125200000	11
chrX	127100000	126450000	13
chrX	127950000	129150000	24
chrX	131150000	129300000	37
chrX	131250000	130950000	6
chrX	131450000	132500000	21
chrX	134150000	134750000	12
chrX	134350000	133600000	15
chrX	135600000	136850000	25
chrX	138350000	139400000	21
chrX	139350000	138500000	17
chrX	141050000	141800000	15
chrX	144200000	142750000	29
chrX	144850000	146150000	26
chrX	148250000	147150000	22
chrX	149400000	147000000	48
chrX	149700000	150250000	11
chrX	150650000	149200000	29
chrX	150650000	149850000	16
chrX	151300000	152000000	14
chrX	158050000	158050000	0
chrX	158150000	159100000	19
chrX	160150000	159700000	9
chrX	161200000	162600000	28
chrX	164500000	165300000	16
chrX	165150000	166950000	36
chrX	166950000	168400000	29
chrX	167200000	168200000	20
chrY	        0	   650000	13
chrY	  2650000	  3650000	20
chrY	  4000000	  2550000	29
chrY	  4050000	  5200000	23
chrY	  6250000	  8850000	52
chrY	  6700000	  7000000	6
chrY	  7950000	  9300000	27
chrY	 11450000	 12850000	28
chrY	 13600000	 14300000	14
chrY	 14150000	 15000000	17
chrY	 14600000	 16400000	36
chrY	 15100000	 16600000	30
chrY	 15650000	 15000000	13
chrY	 16600000	 17550000	19
chrY	 18300000	 16600000	34
chrY	 19050000	 17900000	23
chrY	 19650000	 20200000	11
chrY	 22650000	 22250000	8
chrY	 25650000	 25200000	9
chrY	 25850000	 27250000	28
chrY	 26700000	 31350000	93
chrY	 27550000	 27150000	8
chrY	 28050000	 28400000	7
chrY	 29200000	 30550000	27
chrY	 29250000	 30400000	23
chrY	 35100000	 33600000	30
chrY	 35950000	 36700000	15
chrY	 36250000	 38150000	38
chrY	 36450000	 35650000	16
chrY	 37850000	 39250000	28
chrY	 39800000	 40800000	20
chrY	 41500000	 39650000	37
chrY	 41850000	 40350000	30
chrY	 43850000	 46150000	46
chrY	 45050000	 44500000	11
chrY	 49050000	 50550000	30
chrY	 50400000	 51200000	16
chrY	 52200000	 53300000	22
chrY	 52650000	 53550000	18
chrY	 52900000	 54950000	41
chrY	 55000000	 54050000	19
chrY	 55000000	 55800000	16
chrY	 55650000	 54950000	14
chrY	 56100000	 56750000	13
chrY	 56200000	 58700000	50
chrY	 56450000	 55850000	12
chrY	 56450000	 55900000	11
chrY	 57100000	 56250000	17
chrY	 57300000	 59750000	49
chrY	 61000000	 60000000	20
chrY	 61350000	 60700000	13
chrY	 61750000	 60550000	24
chrY	 63250000	 62050000	24
chrY	 65050000	 66150000	22
chrY	 66700000	 67500000	16
chrY	 66900000	 67850000	19
chrY	 70100000	 71000000	18
chrY	 70600000	 71050000	9
chrY	 71050000	 72750000	34
chrY	 72150000	 72000000	3
chrY	 72800000	 72000000	16
chrY	 74450000	 72500000	39
chrY	 74550000	 75300000	15
chrY	 77500000	 74600000	58
chrY	 80750000	 79600000	23
chrY	 82150000	 84450000	46
chrY	 86900000	 85200000	34
chrY	 88150000	 86600000	31
chrY	 88650000	 87350000	26
chrY	 88800000	 88050000	15
chrY	 90050000	 90550000	10
chrY	 90650000	 89900000	15
