chr1	  2850000	  1850000	20
chr1	  4400000	  3750000	13
chr1	  4850000	  9500000	93
chr1	  6050000	  4050000	40
chr1	  7700000	  6700000	20
chr1	  8450000	  8950000	10
chr1	  8500000	  8950000	9
chr1	  9000000	  8600000	8
chr1	  9250000	  9700000	9
chr1	  9400000	 10350000	19
chr1	  9950000	 10900000	19
chr1	 10200000	  9100000	22
chr1	 10350000	 11200000	17
chr1	 10500000	 12450000	39
chr1	 11450000	 12700000	25
chr1	 12500000	 13650000	23
chr1	 13200000	 13200000	0
chr1	 15800000	 14000000	36
chr1	 16650000	 15300000	27
chr1	 17100000	 18350000	25
chr1	 19050000	 20750000	34
chr1	 19250000	 19800000	11
chr1	 19350000	 19050000	6
chr1	 19700000	 18200000	30
chr1	 22500000	 24050000	31
chr1	 23500000	 24450000	19
chr1	 24100000	 22450000	33
chr1	 24250000	 23050000	24
chr1	 24450000	 24000000	9
chr1	 25500000	 24650000	17
chr1	 26100000	 24800000	26
chr1	 26400000	 25450000	19
chr1	 27550000	 26050000	30
chr1	 28200000	 29600000	28
chr1	 28800000	 30950000	43
chr1	 29400000	 28400000	20
chr1	 30650000	 29550000	22
chr1	 33500000	 35050000	31
chr1	 33500000	 35750000	45
chr1	 34900000	 33900000	20
chr1	 38550000	 38050000	10
chr1	 44200000	 45050000	17
chr1	 44250000	 43550000	14
chr1	 44700000	 44400000	6
chr1	 45750000	 46500000	15
chr1	 47850000	 49100000	25
chr1	 53450000	 54050000	12
chr1	 53600000	 54650000	21
chr1	 54450000	 53850000	12
chr1	 54550000	 52750000	36
chr1	 56750000	 57800000	21
chr1	 58950000	 59650000	14
chr1	 60900000	 59500000	28
chr1	 61050000	 61250000	4
chr1	 61050000	 63000000	39
chr1	 61400000	 60200000	24
chr1	 61500000	 61000000	10
chr1	 61750000	 63050000	26
chr1	 63400000	 62850000	11
chr1	 63800000	 62450000	27
chr1	 68500000	 68150000	7
chr1	 68800000	 69800000	20
chr1	 69200000	 69900000	14
chr1	 69500000	 68950000	11
chr1	 74150000	 72650000	30
chr1	 74700000	 72900000	36
chr1	 76600000	 75200000	28
chr1	 80700000	 79600000	22
chr1	 81000000	 78250000	55
chr1	 81400000	 83750000	47
chr1	 82650000	 81400000	25
chr1	 84950000	 82450000	50
chr1	 86000000	 87700000	34
chr1	 89600000	 88350000	25
chr1	 90650000	 91800000	23
chr1	 94600000	 93550000	21
chr1	 95150000	 95750000	12
chr1	 95600000	 94450000	23
chr1	 96650000	 96200000	9
chr1	 96900000	 97550000	13
chr1	 98300000	 99650000	27
chr1	100350000	103850000	70
chr1	102000000	100700000	26
chr1	104050000	100900000	63
chr1	105600000	107100000	30
chr1	107800000	106950000	17
chr1	109000000	108300000	14
chr1	109450000	108300000	23
chr1	110400000	109500000	18
chr1	110800000	112650000	37
chr1	112300000	111950000	7
chr1	112450000	111400000	21
chr1	113250000	114300000	21
chr1	113950000	112200000	35
chr1	114950000	115650000	14
chr1	115000000	114550000	9
chr1	115800000	116600000	16
chr1	118250000	119300000	21
chr1	118500000	119400000	18
chr1	121000000	121350000	7
chr1	121400000	124000000	52
chr1	121450000	127450000	120
chr1	121600000	122850000	25
chr1	128750000	127400000	27
chr1	128900000	129950000	21
chr1	129450000	133050000	72
chr1	130900000	132350000	29
chr1	131550000	132050000	10
chr1	132750000	131950000	16
chr1	134200000	134950000	15
chr1	135250000	136050000	16
chr1	135300000	135600000	6
chr1	136600000	135700000	18
chr1	136950000	136100000	17
chr1	138200000	137050000	23
chr1	138300000	140550000	45
chr1	138400000	139350000	19
chr1	139200000	141400000	44
chr1	140150000	138550000	32
chr1	141350000	141900000	11
chr1	141800000	141250000	11
chr1	145650000	144950000	14
chr1	146400000	145100000	26
chr1	147700000	149700000	40
chr1	149900000	150350000	9
chr1	153750000	153750000	0
chr1	154400000	152600000	36
chr1	156200000	157250000	21
chr1	158750000	157800000	19
chr1	159150000	160150000	20
chr1	159650000	158700000	19
chr1	164700000	163200000	30
chr1	165450000	165900000	9
chr1	165500000	167350000	37
chr1	165700000	164850000	17
chr1	166500000	168000000	30
chr1	168250000	169550000	26
chr1	171450000	172200000	15
chr1	173250000	171600000	33
chr1	179450000	179200000	5
chr1	181600000	180350000	25
chr1	182300000	183900000	32
chr1	182650000	186350000	74
chr1	182700000	185100000	48
chr1	183100000	181700000	28
chr1	183450000	182350000	22
chr1	183650000	182650000	20
chr1	183850000	182750000	22
chr1	185000000	188650000	73
chr1	185850000	184900000	19
chr1	186500000	185200000	26
chr1	187800000	189350000	31
chr1	188850000	190750000	38
chr1	190750000	192000000	25
chr1	191350000	190500000	17
chr1	191400000	190250000	23
chr1	192050000	191550000	10
chr1	194800000	193100000	34
chr10	  2700000	  3700000	20
chr10	  4200000	  4750000	11
chr10	  7250000	  8600000	27
chr10	  7300000	  8400000	22
chr10	  7650000	  8550000	18
chr10	  9050000	  5850000	64
chr10	 11000000	 11950000	19
chr10	 11050000	 14350000	66
chr10	 11650000	 10900000	15
chr10	 11750000	 13250000	30
chr10	 12050000	 12400000	7
chr10	 12350000	 11350000	20
chr10	 12450000	 13350000	18
chr10	 13900000	 14200000	6
chr10	 14450000	 12800000	33
chr10	 15000000	 16250000	25
chr10	 16550000	 17950000	28
chr10	 16600000	 17300000	14
chr10	 18550000	 17700000	17
chr10	 20850000	 22200000	27
chr10	 22750000	 24050000	26
chr10	 22800000	 23500000	14
chr10	 23700000	 23250000	9
chr10	 26300000	 25950000	7
chr10	 29450000	 30950000	30
chr10	 31000000	 31700000	14
chr10	 32950000	 33450000	10
chr10	 35900000	 34250000	33
chr10	 37850000	 37500000	7
chr10	 41450000	 40650000	16
chr10	 41650000	 42550000	18
chr10	 41850000	 41100000	15
chr10	 42400000	 41350000	21
chr10	 43750000	 44400000	13
chr10	 44650000	 43650000	20
chr10	 47200000	 46550000	13
chr10	 49250000	 50150000	18
chr10	 49600000	 50550000	19
chr10	 50300000	 51400000	22
chr10	 50400000	 51400000	20
chr10	 50850000	 52100000	25
chr10	 51450000	 51900000	9
chr10	 52550000	 53850000	26
chr10	 54250000	 53950000	6
chr10	 56750000	 57300000	11
chr10	 57550000	 58700000	23
chr10	 58850000	 58050000	16
chr10	 59250000	 59800000	11
chr10	 59500000	 60650000	23
chr10	 61450000	 60700000	15
chr10	 63300000	 64800000	30
chr10	 65700000	 64550000	23
chr10	 66000000	 64950000	21
chr10	 66150000	 67200000	21
chr10	 68550000	 65850000	54
chr10	 69700000	 71650000	39
chr10	 70650000	 69700000	19
chr10	 74000000	 76750000	55
chr10	 74450000	 72450000	40
chr10	 75900000	 77550000	33
chr10	 78700000	 80200000	30
chr10	 82800000	 84900000	42
chr10	 83950000	 85400000	29
chr10	 85600000	 84000000	32
chr10	 86300000	 85400000	18
chr10	 87000000	 86100000	18
chr10	 87250000	 88600000	27
chr10	 87700000	 88400000	14
chr10	 88800000	 89850000	21
chr10	 90300000	 89750000	11
chr10	 90500000	 91150000	13
chr10	 90700000	 89900000	16
chr10	 91050000	 89650000	28
chr10	 96200000	 96100000	2
chr10	 98600000	 99800000	24
chr10	100100000	 98500000	32
chr10	100450000	101700000	25
chr10	102450000	101850000	12
chr10	102750000	104050000	26
chr10	108250000	106600000	33
chr10	110650000	111700000	21
chr10	110850000	110200000	13
chr10	113750000	110500000	65
chr10	113750000	112200000	31
chr10	115750000	114350000	28
chr10	116700000	117700000	20
chr10	118850000	119500000	13
chr10	119750000	119500000	5
chr10	119850000	120150000	6
chr10	122150000	123900000	35
chr10	124400000	122150000	45
chr10	124500000	125350000	17
chr10	124550000	125400000	17
chr10	125650000	124250000	28
chr10	125950000	127350000	28
chr10	126450000	127250000	16
chr10	126550000	127200000	13
chr11	   100000	   950000	17
chr11	  2000000	  1150000	17
chr11	  2600000	  4050000	29
chr11	  3900000	  4800000	18
chr11	  4850000	  4500000	7
chr11	  4950000	  6600000	33
chr11	  5700000	  3950000	35
chr11	  5700000	  4650000	21
chr11	  6450000	  7900000	29
chr11	  6700000	  3950000	55
chr11	  7500000	  8450000	19
chr11	  8900000	  9350000	9
chr11	  9100000	  9650000	11
chr11	  9350000	  8550000	16
chr11	  9650000	 11400000	35
chr11	  9950000	 12000000	41
chr11	 10500000	  8500000	40
chr11	 11050000	 10450000	12
chr11	 14000000	 14900000	18
chr11	 14050000	 14400000	7
chr11	 17400000	 19100000	34
chr11	 17800000	 16450000	27
chr11	 18550000	 17250000	26
chr11	 20000000	 20550000	11
chr11	 21450000	 22250000	16
chr11	 21950000	 22350000	8
chr11	 24000000	 25250000	25
chr11	 24900000	 26250000	27
chr11	 28000000	 28300000	6
chr11	 30400000	 31400000	20
chr11	 32400000	 32100000	6
chr11	 32750000	 34000000	25
chr11	 33650000	 32450000	24
chr11	 36950000	 33550000	68
chr11	 38350000	 36950000	28
chr11	 38450000	 37650000	16
chr11	 38800000	 39850000	21
chr11	 42250000	 41100000	23
chr11	 42450000	 43100000	13
chr11	 43450000	 44150000	14
chr11	 43900000	 42250000	33
chr11	 47300000	 47950000	13
chr11	 50100000	 47600000	50
chr11	 50700000	 47750000	59
chr11	 50950000	 50500000	9
chr11	 52900000	 52550000	7
chr11	 53150000	 51850000	26
chr11	 54800000	 56150000	27
chr11	 55000000	 53800000	24
chr11	 56000000	 55050000	19
chr11	 57350000	 58750000	28
chr11	 57450000	 56300000	23
chr11	 60050000	 58600000	29
chr11	 62750000	 64050000	26
chr11	 63400000	 62300000	22
chr11	 65750000	 67700000	39
chr11	 66150000	 67050000	18
chr11	 66200000	 65850000	7
chr11	 67500000	 68950000	29
chr11	 67750000	 68500000	15
chr11	 68200000	 68600000	8
chr11	 69250000	 67300000	39
chr11	 70750000	 70000000	15
chr11	 73550000	 71800000	35
chr11	 75700000	 76650000	19
chr11	 76400000	 77300000	18
chr11	 79200000	 77450000	35
chr11	 79850000	 80950000	22
chr11	 81250000	 81850000	12
chr11	 85050000	 86300000	25
chr11	 85850000	 83500000	47
chr11	 86250000	 85250000	20
chr11	 87650000	 86750000	18
chr11	 88500000	 90050000	31
chr11	 89750000	 88700000	21
chr11	 90900000	 90350000	11
chr11	 90950000	 92750000	36
chr11	 91250000	 92050000	16
chr11	 91500000	 92850000	27
chr11	 94500000	 93300000	24
chr11	 95550000	 97250000	34
chr11	 96150000	 95100000	21
chr11	 96250000	 98300000	41
chr11	 96550000	 95650000	18
chr11	 99600000	 98500000	22
chr11	100900000	101750000	17
chr11	103950000	103100000	17
chr11	104400000	103500000	18
chr11	104800000	106850000	41
chr11	104900000	104100000	16
chr11	106700000	105300000	28
chr11	107100000	107500000	8
chr11	107250000	109100000	37
chr11	107900000	107200000	14
chr11	108650000	106800000	37
chr11	109000000	108100000	18
chr11	109150000	108100000	21
chr11	109750000	110250000	10
chr11	110100000	109450000	13
chr11	110750000	111700000	19
chr11	111700000	110450000	25
chr11	113400000	113900000	10
chr11	114750000	113550000	24
chr11	115200000	114350000	17
chr11	115200000	116100000	18
chr11	116850000	115450000	28
chr11	118350000	119500000	23
chr11	119600000	118750000	17
chr11	120200000	118500000	34
chr12	  1500000	   550000	19
chr12	  2450000	  3350000	18
chr12	  2750000	  1700000	21
chr12	  4200000	  5100000	18
chr12	  4350000	  1700000	53
chr12	  4800000	  6400000	32
chr12	  5650000	  6650000	20
chr12	  5850000	  5100000	15
chr12	  7150000	  5850000	26
chr12	  8550000	  8050000	10
chr12	  8600000	  8000000	12
chr12	  9700000	 11500000	36
chr12	 11700000	  9100000	52
chr12	 14900000	 13550000	27
chr12	 17300000	 19450000	43
chr12	 17350000	 17100000	5
chr12	 17550000	 15500000	41
chr12	 19550000	 18750000	16
chr12	 21900000	 21150000	15
chr12	 22500000	 21550000	19
chr12	 22550000	 21750000	16
chr12	 24450000	 22350000	42
chr12	 24750000	 25700000	19
chr12	 25400000	 26950000	31
chr12	 25800000	 26500000	14
chr12	 27250000	 26600000	13
chr12	 27550000	 27000000	11
chr12	 27900000	 28500000	12
chr12	 28000000	 27150000	17
chr12	 30100000	 30900000	16
chr12	 30250000	 31050000	16
chr12	 30600000	 31500000	18
chr12	 33550000	 32900000	13
chr12	 34100000	 32150000	39
chr12	 34700000	 34150000	11
chr12	 36450000	 35200000	25
chr12	 38400000	 35500000	58
chr12	 39100000	 37900000	24
chr12	 39750000	 38000000	35
chr12	 39800000	 37850000	39
chr12	 42700000	 41600000	22
chr12	 45850000	 44150000	34
chr12	 46850000	 47700000	17
chr12	 47200000	 46400000	16
chr12	 47800000	 46800000	20
chr12	 48950000	 48100000	17
chr12	 49800000	 50600000	16
chr12	 50350000	 49250000	22
chr12	 50900000	 52400000	30
chr12	 51150000	 52100000	19
chr12	 51200000	 52450000	25
chr12	 51550000	 51050000	10
chr12	 51900000	 53650000	35
chr12	 52050000	 53200000	23
chr12	 52100000	 52900000	16
chr12	 53850000	 54100000	5
chr12	 56000000	 55650000	7
chr12	 56900000	 57700000	16
chr12	 57700000	 54450000	65
chr12	 59550000	 60700000	23
chr12	 62550000	 63850000	26
chr12	 62600000	 64250000	33
chr12	 63450000	 64700000	25
chr12	 66900000	 64700000	44
chr12	 67600000	 68500000	18
chr12	 67700000	 68550000	17
chr12	 68800000	 68050000	15
chr12	 69200000	 68400000	16
chr12	 71450000	 70450000	20
chr12	 71550000	 72700000	23
chr12	 71700000	 70600000	22
chr12	 71850000	 72950000	22
chr12	 74400000	 75600000	24
chr12	 75400000	 74450000	19
chr12	 76750000	 75900000	17
chr12	 78600000	 79350000	15
chr12	 80450000	 78900000	31
chr12	 81350000	 82250000	18
chr12	 82200000	 83300000	22
chr12	 82700000	 83250000	11
chr12	 86750000	 84550000	44
chr12	 86950000	 88650000	34
chr12	 89500000	 89900000	8
chr12	 90200000	 88250000	39
chr12	 90400000	 92050000	33
chr12	 90400000	 92400000	40
chr12	 90600000	 89100000	30
chr12	 91450000	 92100000	13
chr12	 93400000	 95850000	49
chr12	 93900000	 95250000	27
chr12	 95600000	 96600000	20
chr12	 97550000	 96050000	30
chr12	 97550000	 96350000	24
chr12	 98750000	 99800000	21
chr12	 99700000	 99900000	4
chr12	100500000	 98750000	35
chr12	103050000	102350000	14
chr12	105100000	104550000	11
chr12	105950000	104850000	22
chr12	106750000	104250000	50
chr12	107250000	106050000	24
chr12	108950000	110700000	35
chr12	109950000	108900000	21
chr12	111800000	110700000	22
chr12	112550000	113450000	18
chr12	113600000	113900000	6
chr12	116600000	115300000	26
chr12	117850000	117450000	8
chr12	117900000	117100000	16
chr12	119250000	120050000	16
chr13	   700000	  3800000	62
chr13	  2100000	   450000	33
chr13	  9600000	  8950000	13
chr13	  9600000	 10350000	15
chr13	 11700000	 13450000	35
chr13	 12600000	 12100000	10
chr13	 13400000	 14700000	26
chr13	 15150000	 17000000	37
chr13	 18750000	 17800000	19
chr13	 19750000	 18800000	19
chr13	 20150000	 19150000	20
chr13	 21100000	 20250000	17
chr13	 23000000	 22000000	20
chr13	 23300000	 24400000	22
chr13	 25300000	 26900000	32
chr13	 26150000	 27050000	18
chr13	 27950000	 28700000	15
chr13	 34500000	 33950000	11
chr13	 34750000	 36450000	34
chr13	 37550000	 36500000	21
chr13	 41800000	 40800000	20
chr13	 42200000	 42600000	8
chr13	 43500000	 44950000	29
chr13	 46150000	 44850000	26
chr13	 47300000	 48750000	29
chr13	 48200000	 49500000	26
chr13	 48500000	 47800000	14
chr13	 49300000	 47600000	34
chr13	 49700000	 50700000	20
chr13	 51400000	 53050000	33
chr13	 53050000	 53350000	6
chr13	 53500000	 54500000	20
chr13	 54400000	 55100000	14
chr13	 55700000	 56750000	21
chr13	 56300000	 55500000	16
chr13	 57000000	 58600000	32
chr13	 57150000	 56250000	18
chr13	 57800000	 60100000	46
chr13	 58350000	 58950000	12
chr13	 59150000	 58150000	20
chr13	 59250000	 60050000	16
chr13	 59350000	 60200000	17
chr13	 63700000	 64850000	23
chr13	 64400000	 64800000	8
chr13	 65500000	 64850000	13
chr13	 66400000	 67200000	16
chr13	 67500000	 68450000	19
chr13	 69500000	 68750000	15
chr13	 73850000	 72700000	23
chr13	 74300000	 71250000	61
chr13	 76650000	 76250000	8
chr13	 77850000	 77150000	14
chr13	 78100000	 78800000	14
chr13	 78600000	 77500000	22
chr13	 79850000	 80850000	20
chr13	 84550000	 81750000	56
chr13	 87500000	 88300000	16
chr13	 87550000	 88150000	12
chr13	 88900000	 91000000	42
chr13	 89900000	 88900000	20
chr13	 90650000	 91500000	17
chr13	 91100000	 89550000	31
chr13	 91750000	 92550000	16
chr13	 96900000	 95100000	36
chr13	 99400000	101050000	33
chr13	101050000	101450000	8
chr13	101200000	102100000	18
chr13	102050000	103600000	31
chr13	102900000	100400000	50
chr13	103300000	103950000	13
chr13	105800000	106850000	21
chr13	107750000	107000000	15
chr13	109950000	109150000	16
chr13	111000000	111500000	10
chr13	113900000	115400000	30
chr13	115650000	115250000	8
chr13	116600000	114600000	40
chr13	116800000	115950000	17
chr13	119050000	119600000	11
chr14	        0	  1050000	21
chr14	  1800000	  6400000	92
chr14	  4450000	  5250000	16
chr14	  4700000	  5650000	19
chr14	  5900000	  4700000	24
chr14	  6350000	  4750000	32
chr14	  6400000	  8300000	38
chr14	 10650000	 11550000	18
chr14	 10850000	  8850000	40
chr14	 11650000	 10850000	16
chr14	 12250000	 13400000	23
chr14	 12400000	 13650000	25
chr14	 14550000	 13400000	23
chr14	 16150000	 15400000	15
chr14	 18200000	 16600000	32
chr14	 19100000	 18350000	15
chr14	 20600000	 20100000	10
chr14	 21550000	 20250000	26
chr14	 21800000	 25400000	72
chr14	 26700000	 28600000	38
chr14	 28100000	 27300000	16
chr14	 28450000	 29450000	20
chr14	 29550000	 26600000	59
chr14	 30100000	 30900000	16
chr14	 30300000	 31300000	20
chr14	 31100000	 31550000	9
chr14	 31300000	 32700000	28
chr14	 31750000	 32950000	24
chr14	 33100000	 35300000	44
chr14	 35700000	 36950000	25
chr14	 37750000	 38700000	19
chr14	 40150000	 40700000	11
chr14	 40250000	 42800000	51
chr14	 40500000	 41600000	22
chr14	 42450000	 41500000	19
chr14	 44050000	 41250000	56
chr14	 45200000	 44400000	16
chr14	 47350000	 45850000	30
chr14	 48600000	 49250000	13
chr14	 51100000	 52100000	20
chr14	 52400000	 51350000	21
chr14	 53000000	 53450000	9
chr14	 53400000	 53800000	8
chr14	 54450000	 53350000	22
chr14	 59050000	 60950000	38
chr14	 59300000	 59900000	12
chr14	 60400000	 58650000	35
chr14	 60800000	 63500000	54
chr14	 61050000	 61650000	12
chr14	 61500000	 60350000	23
chr14	 62800000	 64200000	28
chr14	 63150000	 63400000	5
chr14	 65550000	 67250000	34
chr14	 68100000	 70000000	38
chr14	 68150000	 68650000	10
chr14	 68900000	 69900000	20
chr14	 71000000	 70550000	9
chr14	 72350000	 71300000	21
chr14	 72950000	 73400000	9
chr14	 73200000	 74650000	29
chr14	 73850000	 72450000	28
chr14	 76650000	 77750000	22
chr14	 76950000	 76750000	4
chr14	 78850000	 80000000	23
chr14	 81550000	 81900000	7
chr14	 82450000	 81750000	14
chr14	 84200000	 82900000	26
chr14	 89400000	 91200000	36
chr14	 90100000	 92650000	51
chr14	 90300000	 87800000	50
chr14	 91300000	 92150000	17
chr14	 91700000	 91050000	13
chr14	 91900000	 91300000	12
chr14	 93750000	 90400000	67
chr14	 96100000	 92950000	63
chr14	 96100000	 95350000	15
chr14	 99750000	 98650000	22
chr14	100300000	101550000	25
chr14	100850000	101450000	12
chr14	101100000	102500000	28
chr14	104450000	103950000	10
chr14	106700000	105750000	19
chr14	108550000	107350000	24
chr14	109050000	108350000	14
chr14	110550000	108250000	46
chr14	110950000	111200000	5
chr14	113500000	112300000	24
chr14	113800000	112800000	20
chr14	114050000	113100000	19
chr14	114200000	114350000	3
chr14	117600000	117200000	8
chr14	117750000	117350000	8
chr14	117750000	118900000	23
chr14	119450000	118750000	14
chr14	121350000	120100000	25
chr14	121650000	120400000	25
chr15	   150000	  1200000	21
chr15	  1150000	  2000000	17
chr15	  1400000	  1000000	8
chr15	  1400000	  1900000	10
chr15	  2050000	   950000	22
chr15	  2100000	  3850000	35
chr15	  5600000	  6350000	15
chr15	  5950000	  5050000	18
chr15	  6500000	  4400000	42
chr15	  7100000	  5650000	29
chr15	  7100000	  9150000	41
chr15	  7350000	  4800000	51
chr15	  7450000	  6750000	14
chr15	  8950000	  9750000	16
chr15	 11900000	 12650000	15
chr15	 12100000	 11000000	22
chr15	 15250000	 15000000	5
chr15	 15500000	 15100000	8
chr15	 17150000	 14850000	46
chr15	 19500000	 19500000	0
chr15	 19600000	 23150000	71
chr15	 22900000	 21850000	21
chr15	 23050000	 24100000	21
chr15	 23200000	 22950000	5
chr15	 23300000	 22600000	14
chr15	 27500000	 26650000	17
chr15	 27700000	 26900000	16
chr15	 28650000	 29250000	12
chr15	 31850000	 31450000	8
chr15	 36450000	 35150000	26
chr15	 36700000	 38650000	39
chr15	 37250000	 36700000	11
chr15	 38150000	 38600000	9
chr15	 39300000	 38050000	25
chr15	 40000000	 40850000	17
chr15	 40500000	 38800000	34
chr15	 44000000	 44450000	9
chr15	 46750000	 48450000	34
chr15	 49650000	 48200000	29
chr15	 51850000	 49550000	46
chr15	 52350000	 51250000	22
chr15	 53450000	 55250000	36
chr15	 55400000	 53600000	36
chr15	 58900000	 57650000	25
chr15	 62050000	 62500000	9
chr15	 64150000	 63600000	11
chr15	 65600000	 64400000	24
chr15	 68450000	 67100000	27
chr15	 68550000	 70100000	31
chr15	 70150000	 71500000	27
chr15	 70750000	 68950000	36
chr15	 72000000	 72800000	16
chr15	 72550000	 73550000	20
chr15	 73000000	 71850000	23
chr15	 74700000	 75500000	16
chr15	 74750000	 75850000	22
chr15	 75150000	 76300000	23
chr15	 75350000	 77150000	36
chr15	 75750000	 77900000	43
chr15	 77150000	 78450000	26
chr15	 77200000	 78150000	19
chr15	 78050000	 79200000	23
chr15	 78200000	 79200000	20
chr15	 79700000	 77750000	39
chr15	 80500000	 79500000	20
chr15	 81700000	 81250000	9
chr15	 81800000	 83800000	40
chr15	 83050000	 81050000	40
chr15	 83350000	 85150000	36
chr15	 84200000	 85100000	18
chr15	 86900000	 88100000	24
chr15	 87950000	 87400000	11
chr15	 89450000	 88650000	16
chr15	 91000000	 92000000	20
chr15	 92550000	 95350000	56
chr15	 94000000	 93050000	19
chr15	 95050000	 95900000	17
chr15	 95150000	 95550000	8
chr15	 97250000	 95950000	26
chr15	 97500000	 97900000	8
chr15	 98100000	 99400000	26
chr15	 98550000	 97250000	26
chr15	 98800000	101250000	49
chr15	 99550000	100100000	11
chr15	100050000	 98900000	23
chr15	100750000	102250000	30
chr15	101600000	103200000	32
chr15	102200000	102600000	8
chr15	102850000	102300000	11
chr16	  1750000	  1150000	12
chr16	  2350000	  3000000	13
chr16	  3900000	  3300000	12
chr16	  4250000	  5950000	34
chr16	  4700000	  3200000	30
chr16	  4850000	  6100000	25
chr16	  5300000	  3100000	44
chr16	  6200000	  6500000	6
chr16	 11150000	 11700000	11
chr16	 14750000	 15450000	14
chr16	 18000000	 19900000	38
chr16	 18900000	 18150000	15
chr16	 19700000	 18950000	15
chr16	 19750000	 20500000	15
chr16	 20050000	 18600000	29
chr16	 20350000	 18200000	43
chr16	 21750000	 22550000	16
chr16	 25100000	 24600000	10
chr16	 27000000	 24800000	44
chr16	 28150000	 27200000	19
chr16	 28350000	 27500000	17
chr16	 29200000	 30700000	30
chr16	 31900000	 30500000	28
chr16	 33600000	 33100000	10
chr16	 35300000	 34700000	12
chr16	 36550000	 37250000	14
chr16	 36900000	 37600000	14
chr16	 37300000	 37600000	6
chr16	 37700000	 36000000	34
chr16	 39300000	 35800000	70
chr16	 39900000	 38900000	20
chr16	 42500000	 44100000	32
chr16	 44150000	 44450000	6
chr16	 45900000	 45050000	17
chr16	 48300000	 49750000	29
chr16	 50000000	 49100000	18
chr16	 51450000	 53700000	45
chr16	 53200000	 53900000	14
chr16	 54850000	 53450000	28
chr16	 55200000	 54600000	12
chr16	 57300000	 58200000	18
chr16	 57700000	 54800000	58
chr16	 57750000	 58950000	24
chr16	 57900000	 59050000	23
chr16	 61400000	 62000000	12
chr16	 61700000	 61250000	9
chr16	 62350000	 63250000	18
chr16	 63000000	 65300000	46
chr16	 66000000	 65250000	15
chr16	 66700000	 67200000	10
chr16	 66900000	 65500000	28
chr16	 69150000	 68450000	14
chr16	 70550000	 68900000	33
chr16	 71900000	 72650000	15
chr16	 73450000	 74200000	15
chr16	 73750000	 73250000	10
chr16	 74000000	 74950000	19
chr16	 74850000	 73000000	37
chr16	 75050000	 74300000	15
chr16	 77700000	 72850000	97
chr16	 80550000	 81200000	13
chr16	 81100000	 79950000	23
chr16	 81300000	 80550000	15
chr16	 81700000	 80900000	16
chr16	 85750000	 86200000	9
chr16	 85950000	 84900000	21
chr16	 86250000	 84650000	32
chr16	 86350000	 87850000	30
chr16	 88650000	 89900000	25
chr16	 88950000	 87800000	23
chr16	 89050000	 90500000	29
chr16	 89700000	 89300000	8
chr16	 90500000	 89900000	12
chr16	 91850000	 89000000	57
chr16	 92300000	 91450000	17
chr16	 95650000	 94550000	22
chr16	 96400000	 95300000	22
chr16	 97000000	 98000000	20
chr17	  2850000	  3850000	20
chr17	  3750000	  4650000	18
chr17	  5250000	  5600000	7
chr17	  6050000	  6850000	16
chr17	  7050000	  4800000	45
chr17	 14550000	 15850000	26
chr17	 15550000	 16050000	10
chr17	 16400000	 14550000	37
chr17	 16750000	 17050000	6
chr17	 17550000	 16500000	21
chr17	 21700000	 22550000	17
chr17	 21950000	 21300000	13
chr17	 22500000	 21300000	24
chr17	 23600000	 22500000	22
chr17	 24200000	 23850000	7
chr17	 25150000	 27300000	43
chr17	 25250000	 26150000	18
chr17	 26300000	 27650000	27
chr17	 26700000	 26700000	0
chr17	 27350000	 26050000	26
chr17	 27800000	 27250000	11
chr17	 31950000	 33450000	30
chr17	 33150000	 32000000	23
chr17	 33300000	 33850000	11
chr17	 35250000	 36650000	28
chr17	 35400000	 34750000	13
chr17	 35900000	 35250000	13
chr17	 38350000	 37950000	8
chr17	 38400000	 39850000	29
chr17	 38500000	 37050000	29
chr17	 38550000	 39750000	24
chr17	 40100000	 39450000	13
chr17	 42950000	 40200000	55
chr17	 43150000	 42100000	21
chr17	 43400000	 44500000	22
chr17	 44650000	 45800000	23
chr17	 44700000	 45400000	14
chr17	 45800000	 46200000	8
chr17	 48400000	 48950000	11
chr17	 51850000	 53250000	28
chr17	 52450000	 52150000	6
chr17	 53200000	 52450000	15
chr17	 56000000	 56500000	10
chr17	 59750000	 61450000	34
chr17	 61050000	 62400000	27
chr17	 64050000	 65200000	23
chr17	 64950000	 64450000	10
chr17	 65800000	 64600000	24
chr17	 66100000	 65450000	13
chr17	 66250000	 66050000	4
chr17	 67500000	 66950000	11
chr17	 68950000	 68400000	11
chr17	 69700000	 70450000	15
chr17	 69950000	 71000000	21
chr17	 71300000	 70500000	16
chr17	 71600000	 72200000	12
chr17	 72200000	 73250000	21
chr17	 73200000	 74800000	32
chr17	 73550000	 72950000	12
chr17	 75200000	 75500000	6
chr17	 76700000	 74850000	37
chr17	 77500000	 76300000	24
chr17	 77650000	 76950000	14
chr17	 78450000	 77400000	21
chr17	 79900000	 81100000	24
chr17	 80650000	 82200000	31
chr17	 81700000	 80600000	22
chr17	 82800000	 84450000	33
chr17	 83500000	 80950000	51
chr17	 90100000	 92300000	44
chr17	 91700000	 92450000	15
chr17	 92400000	 91100000	26
chr17	 92800000	 93200000	8
chr18	   700000	  1100000	8
chr18	   900000	  1550000	13
chr18	  1650000	  2100000	9
chr18	  2300000	  1400000	18
chr18	  2300000	  3450000	23
chr18	  3300000	  4100000	16
chr18	  7750000	  9250000	30
chr18	  9350000	 10350000	20
chr18	 10150000	  9200000	19
chr18	 10550000	 11950000	28
chr18	 13900000	 15600000	34
chr18	 14350000	 13450000	18
chr18	 14400000	 13550000	17
chr18	 14550000	 15650000	22
chr18	 14550000	 15850000	26
chr18	 14700000	 15200000	10
chr18	 14850000	 15150000	6
chr18	 15150000	 16100000	19
chr18	 20850000	 19650000	24
chr18	 25900000	 26550000	13
chr18	 27500000	 28350000	17
chr18	 32300000	 31150000	23
chr18	 34950000	 32900000	41
chr18	 35300000	 33350000	39
chr18	 36750000	 35700000	21
chr18	 38050000	 37650000	8
chr18	 38700000	 37250000	29
chr18	 40750000	 40350000	8
chr18	 42950000	 44250000	26
chr18	 43200000	 42250000	19
chr18	 43600000	 42800000	16
chr18	 45100000	 43950000	23
chr18	 45300000	 46050000	15
chr18	 45350000	 43900000	29
chr18	 45450000	 46800000	27
chr18	 45650000	 46200000	11
chr18	 50000000	 49500000	10
chr18	 50700000	 49950000	15
chr18	 53850000	 53150000	14
chr18	 55350000	 56150000	16
chr18	 56000000	 57400000	28
chr18	 58300000	 56550000	35
chr18	 59250000	 58600000	13
chr18	 59650000	 57600000	41
chr18	 59900000	 57500000	48
chr18	 60300000	 61400000	22
chr18	 61400000	 60600000	16
chr18	 63050000	 63750000	14
chr18	 65450000	 64800000	13
chr18	 65950000	 67000000	21
chr18	 66750000	 67900000	23
chr18	 66900000	 65900000	20
chr18	 69250000	 67600000	33
chr18	 70400000	 69550000	17
chr18	 71350000	 70150000	24
chr18	 74300000	 75100000	16
chr18	 75350000	 74950000	8
chr18	 75400000	 74350000	21
chr18	 75550000	 74450000	22
chr18	 77500000	 75400000	42
chr18	 79600000	 78050000	31
chr18	 82850000	 84750000	38
chr18	 83200000	 84050000	17
chr18	 84250000	 85250000	20
chr18	 85200000	 83800000	28
chr18	 85650000	 84350000	26
chr18	 87000000	 86150000	17
chr18	 87250000	 87250000	0
chr18	 87850000	 87350000	10
chr18	 88500000	 87650000	17
chr19	  1650000	   700000	19
chr19	  2000000	  2400000	8
chr19	  6100000	  7000000	18
chr19	  6850000	  4450000	48
chr19	  7050000	  8150000	22
chr19	  7150000	  7900000	15
chr19	  7450000	  6450000	20
chr19	  7500000	  5200000	46
chr19	  7950000	  8600000	13
chr19	  8450000	  7200000	25
chr19	 11750000	 13200000	29
chr19	 12000000	  8650000	67
chr19	 12250000	 13150000	18
chr19	 16000000	 16600000	12
chr19	 16400000	 17700000	26
chr19	 17300000	 16450000	17
chr19	 19300000	 17100000	44
chr19	 20700000	 20050000	13
chr19	 21400000	 22700000	26
chr19	 22000000	 20750000	25
chr19	 22850000	 22100000	15
chr19	 24750000	 23300000	29
chr19	 27300000	 26550000	15
chr19	 30500000	 31550000	21
chr19	 31650000	 33900000	45
chr19	 33200000	 34050000	17
chr19	 34600000	 33850000	15
chr19	 37800000	 38800000	20
chr19	 44250000	 46600000	47
chr19	 50450000	 51050000	12
chr19	 50500000	 51350000	17
chr19	 50950000	 49800000	23
chr19	 51400000	 49600000	36
chr19	 51450000	 52700000	25
chr19	 51600000	 52650000	21
chr19	 52100000	 51400000	14
chr19	 53250000	 54700000	29
chr19	 53800000	 52000000	36
chr19	 55400000	 54700000	14
chr19	 57400000	 58150000	15
chr19	 60250000	 60900000	13
chr19	 61050000	 60000000	21
chr2	   450000	   450000	0
chr2	   600000	   300000	6
chr2	  1300000	  2350000	21
chr2	  1700000	  3100000	28
chr2	  6550000	  6900000	7
chr2	  7000000	  5600000	28
chr2	  7950000	  7050000	18
chr2	  9200000	  8500000	14
chr2	 13150000	 12700000	9
chr2	 13900000	 15050000	23
chr2	 15000000	 16700000	34
chr2	 15400000	 14650000	15
chr2	 18400000	 17050000	27
chr2	 18600000	 19450000	17
chr2	 19300000	 18000000	26
chr2	 20400000	 17400000	60
chr2	 20550000	 22100000	31
chr2	 20750000	 20050000	14
chr2	 21100000	 23350000	45
chr2	 21400000	 20450000	19
chr2	 23200000	 24550000	27
chr2	 23950000	 23550000	8
chr2	 25100000	 26050000	19
chr2	 25250000	 24600000	13
chr2	 28450000	 29350000	18
chr2	 28600000	 30050000	29
chr2	 31050000	 31650000	12
chr2	 31500000	 30550000	19
chr2	 32300000	 33850000	31
chr2	 33900000	 34650000	15
chr2	 36950000	 37500000	11
chr2	 38700000	 34750000	79
chr2	 43250000	 45050000	36
chr2	 43350000	 43700000	7
chr2	 44300000	 45350000	21
chr2	 45200000	 44050000	23
chr2	 46150000	 46600000	9
chr2	 49200000	 49000000	4
chr2	 50700000	 51550000	17
chr2	 53800000	 52050000	35
chr2	 54650000	 55300000	13
chr2	 58500000	 58100000	8
chr2	 60400000	 59800000	12
chr2	 60900000	 61900000	20
chr2	 63300000	 62550000	15
chr2	 63850000	 65200000	27
chr2	 63850000	 65250000	28
chr2	 64650000	 65850000	24
chr2	 67350000	 68050000	14
chr2	 67550000	 68000000	9
chr2	 68100000	 67650000	9
chr2	 68750000	 67250000	30
chr2	 69100000	 69850000	15
chr2	 69450000	 68800000	13
chr2	 69900000	 68800000	22
chr2	 70350000	 72200000	37
chr2	 74350000	 76450000	42
chr2	 76600000	 75750000	17
chr2	 77800000	 76850000	19
chr2	 78700000	 80500000	36
chr2	 78900000	 78150000	15
chr2	 79050000	 78100000	19
chr2	 80300000	 78150000	43
chr2	 82950000	 84000000	21
chr2	 83300000	 82900000	8
chr2	 86750000	 86150000	12
chr2	 87050000	 86050000	20
chr2	 89150000	 87950000	24
chr2	 90350000	 90100000	5
chr2	 91100000	 90500000	12
chr2	 93600000	 94300000	14
chr2	 93650000	 92650000	20
chr2	 96050000	 96450000	8
chr2	 96700000	 98000000	26
chr2	 97000000	 95850000	23
chr2	 97050000	 96400000	13
chr2	100800000	102000000	24
chr2	100800000	102100000	26
chr2	101450000	100400000	21
chr2	102350000	103150000	16
chr2	103200000	103750000	11
chr2	106200000	106700000	10
chr2	106200000	107250000	21
chr2	107350000	108500000	23
chr2	108150000	106150000	40
chr2	108700000	106700000	40
chr2	110750000	111650000	18
chr2	111500000	112150000	13
chr2	112650000	111050000	32
chr2	113700000	113000000	14
chr2	115000000	116050000	21
chr2	117300000	117500000	4
chr2	120000000	116900000	62
chr2	120000000	120000000	0
chr2	120800000	121250000	9
chr2	121550000	120750000	16
chr2	123350000	122700000	13
chr2	123650000	125300000	33
chr2	126800000	127200000	8
chr2	126800000	128650000	37
chr2	127500000	126350000	23
chr2	127550000	126500000	21
chr2	129850000	128650000	24
chr2	130600000	128850000	35
chr2	131300000	129700000	32
chr2	132700000	131200000	30
chr2	133150000	134150000	20
chr2	133350000	134900000	31
chr2	133550000	136400000	57
chr2	133600000	132900000	14
chr2	133800000	132150000	33
chr2	133850000	131400000	49
chr2	136450000	136950000	10
chr2	138850000	137550000	26
chr2	138850000	138850000	0
chr2	138950000	139550000	12
chr2	139100000	139600000	10
chr2	145000000	143200000	36
chr2	147550000	147000000	11
chr2	148850000	149500000	13
chr2	151050000	153000000	39
chr2	151250000	151050000	4
chr2	151600000	152550000	19
chr2	153600000	154750000	23
chr2	154150000	152500000	33
chr2	154250000	153850000	8
chr2	154350000	155100000	15
chr2	154650000	153850000	16
chr2	156000000	156500000	10
chr2	156550000	157200000	13
chr2	157300000	158850000	31
chr2	157750000	156750000	20
chr2	158200000	159000000	16
chr2	158300000	157250000	21
chr2	161400000	160550000	17
chr2	162100000	162600000	10
chr2	162950000	167450000	90
chr2	164200000	163300000	18
chr2	165600000	164950000	13
chr2	166950000	167750000	16
chr2	167250000	168200000	19
chr2	167350000	166950000	8
chr2	171650000	173150000	30
chr2	171950000	173250000	26
chr2	174550000	175400000	17
chr2	175900000	175150000	15
chr2	176900000	178900000	40
chr2	180100000	180600000	10
chr2	181100000	180300000	16
chr2	182050000	181400000	13
chr3	  4450000	  3100000	27
chr3	  4900000	  4250000	13
chr3	  7750000	  6300000	29
chr3	  8050000	  9200000	23
chr3	 11200000	 10200000	20
chr3	 11400000	 12300000	18
chr3	 13950000	 14900000	19
chr3	 16200000	 14500000	34
chr3	 20800000	 21350000	11
chr3	 21400000	 23250000	37
chr3	 23850000	 25100000	25
chr3	 23900000	 22500000	28
chr3	 23900000	 24150000	5
chr3	 25200000	 24850000	7
chr3	 26050000	 27450000	28
chr3	 30000000	 28450000	31
chr3	 30150000	 29250000	18
chr3	 30800000	 32300000	30
chr3	 32300000	 31800000	10
chr3	 35150000	 34150000	20
chr3	 35550000	 36150000	12
chr3	 37150000	 36700000	9
chr3	 37850000	 39450000	32
chr3	 41050000	 39200000	37
chr3	 42650000	 39850000	56
chr3	 44500000	 46750000	45
chr3	 44600000	 43700000	18
chr3	 45150000	 46850000	34
chr3	 46300000	 46850000	11
chr3	 47000000	 44900000	42
chr3	 48550000	 47350000	24
chr3	 51300000	 49850000	29
chr3	 53900000	 53250000	13
chr3	 55900000	 56400000	10
chr3	 56100000	 56450000	7
chr3	 56950000	 57750000	16
chr3	 60700000	 61700000	20
chr3	 60900000	 60100000	16
chr3	 61800000	 62450000	13
chr3	 62650000	 62150000	10
chr3	 68850000	 66450000	48
chr3	 69200000	 69950000	15
chr3	 70900000	 69250000	33
chr3	 72450000	 72250000	4
chr3	 72800000	 72050000	15
chr3	 74950000	 75950000	20
chr3	 80300000	 80950000	13
chr3	 81250000	 81850000	12
chr3	 81750000	 82350000	12
chr3	 82600000	 84150000	31
chr3	 82850000	 81250000	32
chr3	 85500000	 84450000	21
chr3	 85550000	 84150000	28
chr3	 85950000	 84450000	30
chr3	 86800000	 87350000	11
chr3	 87100000	 86400000	14
chr3	 87950000	 84950000	60
chr3	 88100000	 88550000	9
chr3	 89500000	 88550000	19
chr3	 92750000	 91550000	24
chr3	 93550000	 92850000	14
chr3	 94850000	 94550000	6
chr3	102750000	102200000	11
chr3	103550000	102150000	28
chr3	103600000	101600000	40
chr3	103650000	105200000	31
chr3	106200000	104900000	26
chr3	106200000	105200000	20
chr3	106400000	105800000	12
chr3	108000000	107050000	19
chr3	111100000	110700000	8
chr3	111850000	110650000	24
chr3	112900000	111900000	20
chr3	113900000	114600000	14
chr3	114650000	114200000	9
chr3	116900000	117850000	19
chr3	116950000	117600000	13
chr3	118350000	120250000	38
chr3	118500000	119150000	13
chr3	118550000	117400000	23
chr3	118900000	119900000	20
chr3	119150000	118500000	13
chr3	121800000	122850000	21
chr3	122800000	121900000	18
chr3	123150000	120550000	52
chr3	124050000	124550000	10
chr3	124600000	126650000	41
chr3	125100000	123650000	29
chr3	130200000	131100000	18
chr3	130450000	131300000	17
chr3	133850000	132300000	31
chr3	134250000	133350000	18
chr3	135400000	134050000	27
chr3	135800000	136600000	16
chr3	141700000	140800000	18
chr3	144350000	146400000	41
chr3	146250000	146900000	13
chr3	150000000	149300000	14
chr3	150450000	151200000	15
chr3	150900000	151600000	14
chr3	151350000	152050000	14
chr3	152550000	150900000	33
chr3	154700000	156150000	29
chr3	155150000	153550000	32
chr3	155450000	154050000	28
chr4	   100000	  2100000	40
chr4	  2050000	  3400000	27
chr4	  2100000	  1500000	12
chr4	  2300000	  2700000	8
chr4	  3200000	  3500000	6
chr4	  3550000	  7450000	78
chr4	  3700000	  2050000	33
chr4	  3900000	  2950000	19
chr4	  4500000	  5050000	11
chr4	  5050000	  4100000	19
chr4	  8300000	  7700000	12
chr4	  9550000	  8450000	22
chr4	  9850000	 11200000	27
chr4	 10150000	 10900000	15
chr4	 10300000	  8700000	32
chr4	 17150000	 17650000	10
chr4	 20950000	 21650000	14
chr4	 23350000	 23900000	11
chr4	 26550000	 25750000	16
chr4	 26750000	 27150000	8
chr4	 27350000	 26800000	11
chr4	 29000000	 28250000	15
chr4	 29550000	 30750000	24
chr4	 30600000	 31600000	20
chr4	 32450000	 31850000	12
chr4	 33600000	 34600000	20
chr4	 37750000	 38900000	23
chr4	 39250000	 37950000	26
chr4	 39350000	 39650000	6
chr4	 40250000	 41350000	22
chr4	 41650000	 42450000	16
chr4	 42750000	 42000000	15
chr4	 43250000	 46100000	57
chr4	 43400000	 43950000	11
chr4	 44950000	 44350000	12
chr4	 49150000	 49900000	15
chr4	 49200000	 48850000	7
chr4	 52200000	 53450000	25
chr4	 55350000	 53950000	28
chr4	 57200000	 55800000	28
chr4	 58650000	 59850000	24
chr4	 59500000	 61050000	31
chr4	 62350000	 64100000	35
chr4	 64400000	 64900000	10
chr4	 64550000	 63200000	27
chr4	 68150000	 67350000	16
chr4	 69200000	 68250000	19
chr4	 69350000	 67150000	44
chr4	 69350000	 68500000	17
chr4	 69550000	 70250000	14
chr4	 71850000	 70350000	30
chr4	 71850000	 73500000	33
chr4	 71900000	 73800000	38
chr4	 72300000	 70200000	42
chr4	 72300000	 73000000	14
chr4	 72950000	 70800000	43
chr4	 73750000	 74850000	22
chr4	 77650000	 79100000	29
chr4	 80650000	 81150000	10
chr4	 80700000	 80350000	7
chr4	 81000000	 79650000	27
chr4	 81200000	 82050000	17
chr4	 81800000	 81300000	10
chr4	 81900000	 83200000	26
chr4	 82950000	 82000000	19
chr4	 85800000	 85200000	12
chr4	 86100000	 86600000	10
chr4	 88650000	 89250000	12
chr4	 90350000	 88700000	33
chr4	 91650000	 92200000	11
chr4	 92000000	 93650000	33
chr4	 93200000	 96100000	58
chr4	 95050000	 93900000	23
chr4	 95750000	 94750000	20
chr4	 95750000	 96900000	23
chr4	 96150000	 94150000	40
chr4	 96600000	 98100000	30
chr4	 99050000	100000000	19
chr4	101850000	103200000	27
chr4	103950000	105200000	25
chr4	104100000	105450000	27
chr4	104750000	106450000	34
chr4	104850000	103850000	20
chr4	105750000	106300000	11
chr4	108000000	108950000	19
chr4	108000000	110400000	48
chr4	110550000	110800000	5
chr4	112550000	113900000	27
chr4	115150000	114450000	14
chr4	115850000	116800000	19
chr4	120650000	118900000	35
chr4	121400000	120400000	20
chr4	124950000	124450000	10
chr4	125250000	125250000	0
chr4	125800000	124000000	36
chr4	129950000	130250000	6
chr4	131550000	133350000	36
chr4	131900000	131250000	13
chr4	132450000	133850000	28
chr4	134700000	135700000	20
chr4	135700000	136750000	21
chr4	137000000	137750000	15
chr4	137300000	138500000	24
chr4	137400000	137950000	11
chr4	137750000	138800000	21
chr4	139700000	138850000	17
chr4	140000000	138750000	25
chr4	140100000	140800000	14
chr4	141250000	139500000	35
chr4	141950000	141200000	15
chr4	142250000	144200000	39
chr4	143150000	141850000	26
chr4	143950000	141950000	40
chr4	146650000	147350000	14
chr4	147150000	145450000	34
chr4	148600000	147650000	19
chr4	149400000	151000000	32
chr4	151250000	150150000	22
chr4	151650000	151050000	12
chr4	152150000	153400000	25
chr4	153100000	152500000	12
chr4	154800000	153900000	18
chr5	   250000	  1250000	20
chr5	  3350000	  1850000	30
chr5	  4150000	  1250000	58
chr5	  4150000	  4950000	16
chr5	  4300000	  6650000	47
chr5	  5250000	  6050000	16
chr5	  6250000	  7750000	30
chr5	  7600000	  6500000	22
chr5	  8850000	  9200000	7
chr5	 10800000	 11950000	23
chr5	 12500000	 13600000	22
chr5	 13150000	 11400000	35
chr5	 16050000	 16600000	11
chr5	 16600000	 15900000	14
chr5	 18350000	 17800000	11
chr5	 18500000	 18850000	7
chr5	 18850000	 19700000	17
chr5	 20700000	 21400000	14
chr5	 21950000	 23150000	24
chr5	 21950000	 25000000	61
chr5	 24950000	 23850000	22
chr5	 25300000	 27100000	36
chr5	 25650000	 24550000	22
chr5	 27900000	 29050000	23
chr5	 30650000	 31650000	20
chr5	 35350000	 36250000	18
chr5	 37150000	 36750000	8
chr5	 38100000	 40300000	44
chr5	 38150000	 38950000	16
chr5	 38350000	 39050000	14
chr5	 41450000	 42700000	25
chr5	 41550000	 40850000	14
chr5	 41700000	 39950000	35
chr5	 41850000	 40300000	31
chr5	 43000000	 42550000	9
chr5	 45200000	 44100000	22
chr5	 47650000	 48450000	16
chr5	 48000000	 49150000	23
chr5	 48950000	 48300000	13
chr5	 50650000	 51100000	9
chr5	 52000000	 48650000	67
chr5	 53200000	 51150000	41
chr5	 55650000	 54350000	26
chr5	 57400000	 58500000	22
chr5	 57650000	 59050000	28
chr5	 58350000	 57600000	15
chr5	 58900000	 61850000	59
chr5	 59300000	 60250000	19
chr5	 59450000	 58400000	21
chr5	 61400000	 58700000	54
chr5	 62400000	 62100000	6
chr5	 64200000	 66250000	41
chr5	 64950000	 65650000	14
chr5	 66200000	 65300000	18
chr5	 73200000	 74100000	18
chr5	 75650000	 76950000	26
chr5	 77350000	 78050000	14
chr5	 77600000	 75750000	37
chr5	 78450000	 77600000	17
chr5	 78600000	 79150000	11
chr5	 79800000	 80950000	23
chr5	 82350000	 83650000	26
chr5	 83050000	 83700000	13
chr5	 84500000	 85600000	22
chr5	 85250000	 86200000	19
chr5	 86200000	 87050000	17
chr5	 87300000	 88700000	28
chr5	 87850000	 87600000	5
chr5	 87850000	 89200000	27
chr5	 88800000	 89600000	16
chr5	 93600000	 93600000	0
chr5	 96650000	 97450000	16
chr5	 98150000	 99800000	33
chr5	 98800000	 97550000	25
chr5	 98950000	 99600000	13
chr5	100000000	101550000	31
chr5	101500000	102550000	21
chr5	101750000	100300000	29
chr5	103200000	100250000	59
chr5	103450000	106700000	65
chr5	104100000	105450000	27
chr5	115000000	115750000	15
chr5	115800000	116850000	21
chr5	116600000	117450000	17
chr5	118250000	116800000	29
chr5	121100000	119000000	42
chr5	121400000	119100000	46
chr5	121800000	119900000	38
chr5	122500000	121700000	16
chr5	122800000	120750000	41
chr5	126950000	127950000	20
chr5	127100000	126650000	9
chr5	127750000	129200000	29
chr5	129900000	130950000	21
chr5	130600000	131350000	15
chr5	134950000	135650000	14
chr5	135850000	137600000	35
chr5	136100000	135300000	16
chr5	136150000	137700000	31
chr5	139000000	137800000	24
chr5	139050000	140350000	26
chr5	139700000	140750000	21
chr5	141100000	141900000	16
chr5	142200000	143050000	17
chr5	142900000	143450000	11
chr5	144650000	143500000	23
chr5	146100000	144750000	27
chr5	146500000	145750000	15
chr5	146600000	145550000	21
chr5	147400000	148100000	14
chr5	148550000	146200000	47
chr5	148650000	146150000	50
chr5	151450000	151200000	5
chr6	  1400000	  4150000	55
chr6	  2200000	   600000	32
chr6	  3600000	  5250000	33
chr6	  4000000	  4600000	12
chr6	  4700000	  3800000	18
chr6	  4900000	  3850000	21
chr6	  6700000	  9200000	50
chr6	  7250000	  9700000	49
chr6	 11700000	 10250000	29
chr6	 11700000	 10500000	24
chr6	 12650000	 12050000	12
chr6	 15150000	 15600000	9
chr6	 16200000	 20050000	77
chr6	 16850000	 13900000	59
chr6	 18450000	 17600000	17
chr6	 18450000	 20100000	33
chr6	 22200000	 22900000	14
chr6	 22600000	 25050000	49
chr6	 24900000	 23650000	25
chr6	 26300000	 26700000	8
chr6	 27250000	 26700000	11
chr6	 29850000	 29850000	0
chr6	 36350000	 35300000	21
chr6	 37300000	 36400000	18
chr6	 37800000	 39050000	25
chr6	 38600000	 40050000	29
chr6	 38850000	 37850000	20
chr6	 40050000	 41150000	22
chr6	 41200000	 42500000	26
chr6	 41550000	 40700000	17
chr6	 41650000	 42900000	25
chr6	 41700000	 40400000	26
chr6	 41800000	 41000000	16
chr6	 42350000	 40950000	28
chr6	 43000000	 41900000	22
chr6	 43700000	 41550000	43
chr6	 44150000	 42250000	38
chr6	 44200000	 44700000	10
chr6	 46050000	 45500000	11
chr6	 46300000	 46800000	10
chr6	 46450000	 46700000	5
chr6	 47750000	 46500000	25
chr6	 48900000	 49800000	18
chr6	 49400000	 48550000	17
chr6	 49700000	 48900000	16
chr6	 50550000	 49850000	14
chr6	 51500000	 50250000	25
chr6	 52000000	 50150000	37
chr6	 53300000	 50900000	48
chr6	 54450000	 52700000	35
chr6	 54700000	 54000000	14
chr6	 54900000	 55800000	18
chr6	 54950000	 54100000	17
chr6	 59100000	 60100000	20
chr6	 59100000	 60850000	35
chr6	 59900000	 60400000	10
chr6	 60000000	 60400000	8
chr6	 61550000	 62250000	14
chr6	 62700000	 61600000	22
chr6	 63550000	 64350000	16
chr6	 64150000	 63400000	15
chr6	 67050000	 66800000	5
chr6	 67950000	 66050000	38
chr6	 69850000	 71250000	28
chr6	 70450000	 69150000	26
chr6	 70500000	 68450000	41
chr6	 72100000	 71050000	21
chr6	 73100000	 71900000	24
chr6	 76100000	 75500000	12
chr6	 79400000	 77400000	40
chr6	 81300000	 82250000	19
chr6	 82300000	 83250000	19
chr6	 82800000	 83250000	9
chr6	 83450000	 82950000	10
chr6	 88700000	 86950000	35
chr6	 89500000	 88600000	18
chr6	 90450000	 89950000	10
chr6	 91000000	 88750000	45
chr6	 91100000	 90550000	11
chr6	 91600000	 89800000	36
chr6	 91850000	 89900000	39
chr6	 93450000	 92700000	15
chr6	100650000	102700000	41
chr6	100950000	100250000	14
chr6	102850000	103500000	13
chr6	105750000	103950000	36
chr6	107750000	107750000	0
chr6	108500000	109550000	21
chr6	111550000	110950000	12
chr6	112400000	113650000	25
chr6	113250000	111700000	31
chr6	114550000	112850000	34
chr6	115750000	116900000	23
chr6	116350000	117150000	16
chr6	117350000	116750000	12
chr6	118150000	120050000	38
chr6	118500000	120550000	41
chr6	118900000	120400000	30
chr6	120100000	121600000	30
chr6	120500000	122150000	33
chr6	121000000	119300000	34
chr6	121200000	120550000	13
chr6	122550000	123050000	10
chr6	122700000	121800000	18
chr6	124400000	127050000	53
chr6	126650000	127750000	22
chr6	128900000	127500000	28
chr6	129300000	130450000	23
chr6	129900000	128250000	33
chr6	129950000	129050000	18
chr6	130150000	131250000	22
chr6	131700000	130900000	16
chr6	135150000	135950000	16
chr6	137350000	138450000	22
chr6	138150000	138600000	9
chr6	138700000	139900000	24
chr6	139150000	141750000	52
chr6	143700000	142100000	32
chr6	147200000	145450000	35
chr6	147300000	145950000	27
chr6	147850000	146600000	25
chr7	  2600000	  3200000	12
chr7	  3000000	  5700000	54
chr7	  5150000	  7050000	38
chr7	  6100000	  6800000	14
chr7	  6800000	  6350000	9
chr7	  9000000	 10300000	26
chr7	 10500000	 11750000	25
chr7	 13850000	 15600000	35
chr7	 17750000	 16800000	19
chr7	 19700000	 15950000	75
chr7	 23300000	 22600000	14
chr7	 25550000	 26300000	15
chr7	 26700000	 27850000	23
chr7	 26800000	 26700000	2
chr7	 27400000	 26050000	27
chr7	 29850000	 31050000	24
chr7	 30100000	 30900000	16
chr7	 31650000	 32350000	14
chr7	 33100000	 34350000	25
chr7	 34050000	 32900000	23
chr7	 35950000	 34700000	25
chr7	 36250000	 36700000	9
chr7	 36450000	 37050000	12
chr7	 36550000	 37950000	28
chr7	 37100000	 36050000	21
chr7	 37500000	 39000000	30
chr7	 39050000	 39300000	5
chr7	 42350000	 41150000	24
chr7	 43250000	 44200000	19
chr7	 45500000	 46500000	20
chr7	 51600000	 49800000	36
chr7	 54150000	 55700000	31
chr7	 54500000	 53400000	22
chr7	 55000000	 56200000	24
chr7	 57700000	 55100000	52
chr7	 58450000	 59200000	15
chr7	 58750000	 60100000	27
chr7	 60900000	 63100000	44
chr7	 61200000	 59850000	27
chr7	 61400000	 62450000	21
chr7	 61950000	 62600000	13
chr7	 62400000	 61500000	18
chr7	 64100000	 62600000	30
chr7	 65650000	 65200000	9
chr7	 66600000	 65950000	13
chr7	 70650000	 69600000	21
chr7	 71750000	 70900000	17
chr7	 72250000	 71000000	25
chr7	 74200000	 71850000	47
chr7	 75650000	 73900000	35
chr7	 75850000	 74400000	29
chr7	 77000000	 75900000	22
chr7	 79700000	 80350000	13
chr7	 80450000	 82350000	38
chr7	 81350000	 77550000	76
chr7	 87900000	 89000000	22
chr7	 89850000	 89450000	8
chr7	 91550000	 92550000	20
chr7	 93100000	 92200000	18
chr7	 94450000	 93250000	24
chr7	 95500000	 94700000	16
chr7	 97100000	 97450000	7
chr7	 98950000	 99800000	17
chr7	101200000	 98900000	46
chr7	103350000	101400000	39
chr7	103850000	103450000	8
chr7	104300000	103550000	15
chr7	105800000	107000000	24
chr7	106850000	105600000	25
chr7	107000000	108050000	21
chr7	107300000	106750000	11
chr7	108350000	109600000	25
chr7	109400000	107750000	33
chr7	110200000	109200000	20
chr7	110900000	110000000	18
chr7	111350000	113800000	49
chr7	112800000	113800000	20
chr7	113300000	110850000	49
chr7	113900000	112200000	34
chr7	116250000	115300000	19
chr7	117400000	116850000	11
chr7	117450000	117950000	10
chr7	118100000	118950000	17
chr7	118150000	118600000	9
chr7	118750000	117850000	18
chr7	122700000	121300000	28
chr7	122900000	125150000	45
chr7	123000000	123900000	18
chr7	123500000	123500000	0
chr7	124400000	122550000	37
chr7	130450000	130200000	5
chr7	135450000	134450000	20
chr7	137200000	137450000	5
chr7	137700000	138600000	18
chr7	141250000	140500000	15
chr7	144350000	143500000	17
chr8	   100000	  2250000	43
chr8	   450000	  1050000	12
chr8	  4200000	  3850000	7
chr8	  5700000	  7500000	36
chr8	  7850000	  6200000	33
chr8	  9450000	  9650000	4
chr8	 10400000	 11750000	27
chr8	 10900000	 10200000	14
chr8	 16850000	 17200000	7
chr8	 17300000	 14900000	48
chr8	 18650000	 18300000	7
chr8	 21250000	 20650000	12
chr8	 22850000	 24250000	28
chr8	 22900000	 23500000	12
chr8	 23700000	 24700000	20
chr8	 24250000	 23750000	10
chr8	 24350000	 25750000	28
chr8	 24850000	 23650000	24
chr8	 25250000	 26500000	25
chr8	 25900000	 24800000	22
chr8	 26350000	 24650000	34
chr8	 28350000	 28500000	3
chr8	 28600000	 27650000	19
chr8	 29800000	 29200000	12
chr8	 31250000	 34700000	69
chr8	 31750000	 32600000	17
chr8	 32100000	 32650000	11
chr8	 34250000	 35850000	32
chr8	 37350000	 38600000	25
chr8	 38050000	 38950000	18
chr8	 39050000	 38000000	21
chr8	 39250000	 40250000	20
chr8	 42200000	 40250000	39
chr8	 42450000	 41500000	19
chr8	 42550000	 43250000	14
chr8	 44800000	 44100000	14
chr8	 45650000	 46150000	10
chr8	 48750000	 47550000	24
chr8	 48850000	 49750000	18
chr8	 50850000	 51150000	6
chr8	 52500000	 52900000	8
chr8	 54500000	 53800000	14
chr8	 54750000	 53850000	18
chr8	 55500000	 56150000	13
chr8	 57750000	 55350000	48
chr8	 58000000	 58350000	7
chr8	 59000000	 57450000	31
chr8	 63550000	 62700000	17
chr8	 66250000	 65900000	7
chr8	 66450000	 67850000	28
chr8	 66650000	 67150000	10
chr8	 66650000	 68350000	34
chr8	 69250000	 68800000	9
chr8	 74000000	 73500000	10
chr8	 74350000	 74800000	9
chr8	 74900000	 73750000	23
chr8	 75100000	 73900000	24
chr8	 75700000	 73850000	37
chr8	 77300000	 77650000	7
chr8	 77800000	 76500000	26
chr8	 78150000	 79100000	19
chr8	 78200000	 78500000	6
chr8	 78250000	 77250000	20
chr8	 79300000	 79900000	12
chr8	 80700000	 81700000	20
chr8	 82300000	 84650000	47
chr8	 84450000	 83750000	14
chr8	 85100000	 84300000	16
chr8	 85350000	 85950000	12
chr8	 85450000	 83550000	38
chr8	 85600000	 84850000	15
chr8	 90150000	 89050000	22
chr8	 90400000	 92000000	32
chr8	 92450000	 91450000	20
chr8	 95550000	 96100000	11
chr8	 99850000	 99050000	16
chr8	101250000	 99700000	31
chr8	101700000	100900000	16
chr8	105150000	105350000	4
chr8	105650000	106500000	17
chr8	108450000	107350000	22
chr8	109000000	110200000	24
chr8	109750000	108900000	17
chr8	109800000	111750000	39
chr8	109850000	108800000	21
chr8	111100000	113700000	52
chr8	113700000	114050000	7
chr8	115700000	114550000	23
chr8	116050000	116300000	5
chr8	116050000	117650000	32
chr8	116150000	114950000	24
chr8	116950000	115900000	21
chr8	117050000	115300000	35
chr8	117850000	119850000	40
chr8	123650000	125100000	29
chr8	125450000	126000000	11
chr8	126850000	128350000	30
chr8	127750000	126550000	24
chr9	  2400000	  1750000	13
chr9	  3050000	  3350000	6
chr9	  4150000	  1500000	53
chr9	  5450000	  6000000	11
chr9	  5550000	  4000000	31
chr9	  6450000	  7500000	21
chr9	  6700000	  7500000	16
chr9	  8700000	  7250000	29
chr9	 10200000	  9000000	24
chr9	 11200000	 13050000	37
chr9	 13400000	 12550000	17
chr9	 14050000	 16550000	50
chr9	 14250000	 13150000	22
chr9	 14300000	 15750000	29
chr9	 14750000	 13450000	26
chr9	 19750000	 19000000	15
chr9	 23250000	 21600000	33
chr9	 25100000	 23300000	36
chr9	 25550000	 25000000	11
chr9	 27450000	 27100000	7
chr9	 29250000	 28150000	22
chr9	 29600000	 32000000	48
chr9	 32750000	 34450000	34
chr9	 33150000	 32600000	11
chr9	 33950000	 35100000	23
chr9	 34000000	 32650000	27
chr9	 34650000	 33900000	15
chr9	 35200000	 35650000	9
chr9	 36300000	 35550000	15
chr9	 38000000	 39200000	24
chr9	 38600000	 40050000	29
chr9	 38950000	 40100000	23
chr9	 42150000	 43200000	21
chr9	 43500000	 43650000	3
chr9	 44350000	 45350000	20
chr9	 44950000	 45600000	13
chr9	 45950000	 47250000	26
chr9	 48250000	 49150000	18
chr9	 48750000	 46850000	38
chr9	 50550000	 51700000	23
chr9	 54250000	 53550000	14
chr9	 55800000	 56250000	9
chr9	 57800000	 58850000	21
chr9	 58600000	 58000000	12
chr9	 59700000	 60350000	13
chr9	 61450000	 64550000	62
chr9	 62600000	 61750000	17
chr9	 62850000	 61950000	18
chr9	 64050000	 63400000	13
chr9	 64850000	 65500000	13
chr9	 65750000	 67050000	26
chr9	 66400000	 65800000	12
chr9	 66700000	 66100000	12
chr9	 67550000	 67550000	0
chr9	 67850000	 68700000	17
chr9	 68350000	 66750000	32
chr9	 69350000	 68850000	10
chr9	 69900000	 69600000	6
chr9	 71250000	 69550000	34
chr9	 71800000	 70650000	23
chr9	 72450000	 72300000	3
chr9	 74100000	 76200000	42
chr9	 76000000	 75400000	12
chr9	 76400000	 73950000	49
chr9	 77150000	 75800000	27
chr9	 77950000	 76450000	30
chr9	 78150000	 77050000	22
chr9	 78400000	 80650000	45
chr9	 78850000	 77650000	24
chr9	 80650000	 79150000	30
chr9	 82650000	 83150000	10
chr9	 83200000	 81350000	37
chr9	 83600000	 84850000	25
chr9	 85400000	 87550000	43
chr9	 85850000	 87300000	29
chr9	 88200000	 87650000	11
chr9	 89050000	 91050000	40
chr9	 89450000	 87850000	32
chr9	 91500000	 92450000	19
chr9	 91750000	 90700000	21
chr9	 92600000	 93600000	20
chr9	 93300000	 93750000	9
chr9	 95900000	 96250000	7
chr9	 96800000	 97850000	21
chr9	 97400000	 96550000	17
chr9	 97700000	 95500000	44
chr9	 99850000	 98700000	23
chr9	100750000	102150000	28
chr9	101800000	101300000	10
chr9	106400000	104650000	35
chr9	107550000	108050000	10
chr9	108000000	106650000	27
chr9	111750000	106800000	99
chr9	111850000	111200000	13
chr9	112100000	112700000	12
chr9	112450000	111550000	18
chr9	115650000	115050000	12
chr9	116450000	117300000	17
chr9	117100000	115200000	38
chr9	117400000	117400000	0
chr9	117550000	116700000	17
chr9	117600000	121150000	71
chr9	117700000	114700000	60
chr9	120350000	122950000	52
chr9	121200000	122350000	23
chr9	122200000	122800000	12
chr9	122900000	122550000	7
chr9	123500000	122800000	14
chr9	124000000	123100000	18
chrX	  2900000	  3700000	16
chrX	  2950000	  1700000	25
chrX	  3600000	  2850000	15
chrX	  4050000	  3000000	21
chrX	  5050000	  2950000	42
chrX	  5050000	  3600000	29
chrX	  5100000	  3750000	27
chrX	  5800000	  4900000	18
chrX	  8250000	  7600000	13
chrX	  9450000	 10000000	11
chrX	 13050000	 14900000	37
chrX	 13500000	 13100000	8
chrX	 13650000	 14550000	18
chrX	 15100000	 13500000	32
chrX	 17050000	 15950000	22
chrX	 18250000	 16900000	27
chrX	 19650000	 20600000	19
chrX	 21600000	 21900000	6
chrX	 24150000	 21850000	46
chrX	 24400000	 25950000	31
chrX	 25650000	 27050000	28
chrX	 26700000	 25700000	20
chrX	 28650000	 29600000	19
chrX	 30850000	 31600000	15
chrX	 32850000	 34500000	33
chrX	 34550000	 33250000	26
chrX	 35000000	 34550000	9
chrX	 36850000	 35400000	29
chrX	 37250000	 37700000	9
chrX	 37700000	 38300000	12
chrX	 37800000	 37450000	7
chrX	 44600000	 45350000	15
chrX	 47400000	 47650000	5
chrX	 49350000	 50800000	29
chrX	 52300000	 51650000	13
chrX	 52700000	 52000000	14
chrX	 54750000	 54100000	13
chrX	 56750000	 57850000	22
chrX	 58200000	 59400000	24
chrX	 58600000	 57900000	14
chrX	 60300000	 61300000	20
chrX	 61050000	 61050000	0
chrX	 61250000	 62350000	22
chrX	 61850000	 63350000	30
chrX	 62200000	 64300000	42
chrX	 64500000	 64300000	4
chrX	 69700000	 68850000	17
chrX	 71700000	 70050000	33
chrX	 71850000	 69800000	41
chrX	 72100000	 71450000	13
chrX	 73100000	 77650000	91
chrX	 74200000	 76000000	36
chrX	 74650000	 76550000	38
chrX	 75200000	 74700000	10
chrX	 78050000	 79050000	20
chrX	 79400000	 78550000	17
chrX	 79450000	 81900000	49
chrX	 81700000	 81900000	4
chrX	 82700000	 80650000	41
chrX	 84450000	 84650000	4
chrX	 86300000	 87350000	21
chrX	 87150000	 88850000	34
chrX	 87900000	 91100000	64
chrX	 88150000	 89250000	22
chrX	 88350000	 89750000	28
chrX	 89250000	 89700000	9
chrX	 89400000	 87550000	37
chrX	 89650000	 90150000	10
chrX	 90300000	 89200000	22
chrX	 90700000	 89500000	24
chrX	 92700000	 91400000	26
chrX	 92800000	 92250000	11
chrX	 93450000	 92900000	11
chrX	 93750000	 94350000	12
chrX	 97250000	 98250000	20
chrX	 98900000	 98050000	17
chrX	 99950000	 99650000	6
chrX	100850000	102600000	35
chrX	101750000	103200000	29
chrX	102450000	102000000	9
chrX	104850000	104050000	16
chrX	106400000	104850000	31
chrX	107050000	107950000	18
chrX	109750000	110300000	11
chrX	110150000	108900000	25
chrX	111550000	112900000	27
chrX	112200000	113350000	23
chrX	114300000	114850000	11
chrX	114600000	112500000	42
chrX	120000000	119400000	12
chrX	123400000	122650000	15
chrX	127150000	125950000	24
chrX	127750000	129000000	25
chrX	128500000	130450000	39
chrX	130850000	131400000	11
chrX	131900000	130550000	27
chrX	132350000	131400000	19
chrX	132950000	133250000	6
chrX	138450000	137900000	11
chrX	138550000	139150000	12
chrX	139800000	141500000	34
chrX	142300000	141300000	20
chrX	144200000	144950000	15
chrX	146550000	145750000	16
chrX	147350000	145950000	28
chrX	148900000	150250000	27
chrX	150850000	149550000	26
chrX	152450000	153250000	16
chrX	153500000	152150000	27
chrX	155150000	154300000	17
chrX	156150000	157150000	20
chrX	156400000	156800000	8
chrX	157350000	159500000	43
chrX	157950000	156550000	28
chrX	160000000	161850000	37
chrX	160100000	161250000	23
chrX	160550000	162550000	40
chrX	161300000	161950000	13
chrX	161850000	160800000	21
chrX	162800000	164200000	28
chrX	163150000	160900000	45
chrX	163300000	163600000	6
chrX	163750000	167150000	68
chrX	164900000	166950000	41
chrX	164950000	165650000	14
chrX	165250000	165950000	14
chrX	165850000	164950000	18
chrX	167450000	167100000	7
chrX	168550000	169900000	27
chrX	169450000	167850000	32
chrX	169650000	170500000	17
chrX	170350000	168550000	36
chrX	170850000	169550000	26
chrY	   350000	  1300000	19
chrY	  1950000	  3650000	34
chrY	  2450000	  5000000	51
chrY	  2600000	  1700000	18
chrY	  4000000	  5200000	24
chrY	  5450000	  4950000	10
chrY	  6250000	  7800000	31
chrY	  7800000	  8900000	22
chrY	 10600000	 12000000	28
chrY	 15350000	 13000000	47
chrY	 15500000	 17350000	37
chrY	 18300000	 19850000	31
chrY	 19050000	 19350000	6
chrY	 20800000	 21650000	17
chrY	 21000000	 20700000	6
chrY	 23400000	 23900000	10
chrY	 26200000	 25500000	14
chrY	 26800000	 25600000	24
chrY	 30400000	 29950000	9
chrY	 31850000	 29750000	42
chrY	 32650000	 33150000	10
chrY	 33200000	 35750000	51
chrY	 33350000	 32750000	12
chrY	 34200000	 34800000	12
chrY	 34900000	 33200000	34
chrY	 37600000	 34950000	53
chrY	 39200000	 39750000	11
chrY	 39300000	 40750000	29
chrY	 41400000	 42100000	14
chrY	 42150000	 41250000	18
chrY	 42500000	 43250000	15
chrY	 43350000	 43850000	10
chrY	 45250000	 46500000	25
chrY	 46600000	 48200000	32
chrY	 49600000	 48950000	13
chrY	 50500000	 51200000	14
chrY	 51100000	 49800000	26
chrY	 53150000	 56000000	57
chrY	 55550000	 53900000	33
chrY	 56600000	 56000000	12
chrY	 57500000	 58700000	24
chrY	 57700000	 58250000	11
chrY	 57850000	 58800000	19
chrY	 58150000	 57550000	12
chrY	 60450000	 62150000	34
chrY	 60800000	 61650000	17
chrY	 61600000	 61200000	8
chrY	 62100000	 62950000	17
chrY	 65650000	 64950000	14
chrY	 66700000	 66250000	9
chrY	 68200000	 65500000	54
chrY	 68650000	 69950000	26
chrY	 70150000	 69450000	14
chrY	 70500000	 71100000	12
chrY	 70600000	 69850000	15
chrY	 71250000	 68700000	51
chrY	 72550000	 71800000	15
chrY	 72850000	 70900000	39
chrY	 75550000	 76250000	14
chrY	 76450000	 77500000	21
chrY	 80100000	 79150000	19
chrY	 81650000	 82200000	11
chrY	 85550000	 86400000	17
chrY	 85650000	 84900000	15
chrY	 86450000	 85050000	28
chrY	 86450000	 85850000	12
chrY	 87150000	 85750000	28
chrY	 87650000	 86450000	24
chrY	 88900000	 89950000	21
