chr1	   750000	  2300000	31
chr1	  2300000	  3000000	14
chr1	  2300000	  3600000	26
chr1	  4500000	  4500000	0
chr1	  5050000	  4400000	13
chr1	  6850000	  5850000	20
chr1	  7000000	  9000000	40
chr1	  8700000	  7800000	18
chr1	  9300000	  7600000	34
chr1	 10400000	 11950000	31
chr1	 13050000	 12750000	6
chr1	 15550000	 13850000	34
chr1	 16850000	 17500000	13
chr1	 18350000	 19550000	24
chr1	 20000000	 18900000	22
chr1	 21200000	 18650000	51
chr1	 21450000	 20450000	20
chr1	 22750000	 22050000	14
chr1	 23800000	 22350000	29
chr1	 30550000	 31000000	9
chr1	 31750000	 32850000	22
chr1	 37650000	 35550000	42
chr1	 39500000	 38500000	20
chr1	 39800000	 40850000	21
chr1	 41700000	 40800000	18
chr1	 43800000	 42750000	21
chr1	 46050000	 44900000	23
chr1	 47000000	 45800000	24
chr1	 50300000	 49450000	17
chr1	 50550000	 50050000	10
chr1	 50600000	 50350000	5
chr1	 50800000	 51200000	8
chr1	 52600000	 52100000	10
chr1	 54450000	 55350000	18
chr1	 58050000	 57050000	20
chr1	 58800000	 61300000	50
chr1	 59250000	 58700000	11
chr1	 59400000	 59100000	6
chr1	 63000000	 65250000	45
chr1	 64200000	 61650000	51
chr1	 64250000	 65450000	24
chr1	 64400000	 66100000	34
chr1	 65000000	 64450000	11
chr1	 65800000	 66400000	12
chr1	 66250000	 67200000	19
chr1	 66800000	 67850000	21
chr1	 67650000	 67250000	8
chr1	 69150000	 70300000	23
chr1	 69400000	 70700000	26
chr1	 71600000	 72900000	26
chr1	 75550000	 74550000	20
chr1	 75600000	 74850000	15
chr1	 76300000	 75450000	17
chr1	 76350000	 78750000	48
chr1	 76550000	 81050000	90
chr1	 76900000	 77500000	12
chr1	 77150000	 76650000	10
chr1	 78900000	 78050000	17
chr1	 79250000	 80050000	16
chr1	 81150000	 82550000	28
chr1	 82800000	 82100000	14
chr1	 84750000	 84350000	8
chr1	 85950000	 86800000	17
chr1	 89000000	 87800000	24
chr1	 94850000	 95800000	19
chr1	 96600000	 96950000	7
chr1	 96650000	 98350000	34
chr1	 96750000	 94350000	48
chr1	 96900000	 96700000	4
chr1	 97900000	 98900000	20
chr1	 98050000	 99700000	33
chr1	104050000	104950000	18
chr1	104100000	105400000	26
chr1	105750000	104050000	34
chr1	106150000	107850000	34
chr1	109750000	108000000	35
chr1	112550000	114050000	30
chr1	112750000	114000000	25
chr1	114350000	113350000	20
chr1	115050000	114150000	18
chr1	115250000	114150000	22
chr1	115400000	115000000	8
chr1	115850000	116700000	17
chr1	117300000	118950000	33
chr1	117900000	119150000	25
chr1	118800000	120050000	25
chr1	120500000	124100000	72
chr1	121300000	124800000	70
chr1	122250000	120150000	42
chr1	122650000	124250000	32
chr1	122950000	123150000	4
chr1	123300000	123900000	12
chr1	125950000	124350000	32
chr1	127000000	127900000	18
chr1	129000000	130000000	20
chr1	129550000	130200000	13
chr1	129750000	130050000	6
chr1	129900000	130450000	11
chr1	131950000	134900000	59
chr1	132550000	132150000	8
chr1	134400000	133000000	28
chr1	135550000	135850000	6
chr1	137750000	139600000	37
chr1	138450000	136700000	35
chr1	139300000	141000000	34
chr1	139800000	138350000	29
chr1	140100000	139250000	17
chr1	140450000	140150000	6
chr1	141350000	140050000	26
chr1	144100000	147750000	73
chr1	145350000	144250000	22
chr1	146750000	145900000	17
chr1	149250000	147750000	30
chr1	149650000	148550000	22
chr1	150350000	149500000	17
chr1	151150000	149500000	33
chr1	152250000	153300000	21
chr1	152350000	152750000	8
chr1	152850000	151350000	30
chr1	153650000	152350000	26
chr1	153650000	152900000	15
chr1	154950000	152000000	59
chr1	156800000	158600000	36
chr1	157350000	158000000	13
chr1	158050000	159700000	33
chr1	158400000	158950000	11
chr1	160700000	161750000	21
chr1	160900000	161550000	13
chr1	161900000	163050000	23
chr1	162700000	163650000	19
chr1	165400000	164900000	10
chr1	165900000	166900000	20
chr1	166700000	166000000	14
chr1	167650000	168300000	13
chr1	167800000	166750000	21
chr1	168150000	166950000	24
chr1	170650000	169700000	19
chr1	170800000	173400000	52
chr1	170850000	169200000	33
chr1	171750000	170600000	23
chr1	172300000	171150000	23
chr1	173950000	174650000	14
chr1	174150000	173950000	4
chr1	174950000	176950000	40
chr1	175100000	177150000	41
chr1	176700000	176950000	5
chr1	178450000	177800000	13
chr1	179500000	181850000	47
chr1	180000000	178250000	35
chr1	180850000	179300000	31
chr1	180900000	180450000	9
chr1	182400000	181900000	10
chr1	185200000	184700000	10
chr1	186350000	185400000	19
chr1	186950000	185000000	39
chr1	187000000	187700000	14
chr1	188350000	189650000	26
chr1	190600000	189350000	25
chr10	  2000000	  2950000	19
chr10	  4500000	  3400000	22
chr10	  4800000	  4050000	15
chr10	  6650000	  5800000	17
chr10	  6850000	  5950000	18
chr10	 10800000	  8650000	43
chr10	 10950000	 11350000	8
chr10	 12100000	 11100000	20
chr10	 15550000	 16800000	25
chr10	 16750000	 18050000	26
chr10	 18000000	 16600000	28
chr10	 18100000	 16250000	37
chr10	 20050000	 19100000	19
chr10	 20750000	 20000000	15
chr10	 23200000	 24100000	18
chr10	 23850000	 22300000	31
chr10	 24400000	 23550000	17
chr10	 24450000	 27300000	57
chr10	 26800000	 27500000	14
chr10	 27100000	 25950000	23
chr10	 27100000	 29200000	42
chr10	 28200000	 26950000	25
chr10	 30200000	 30850000	13
chr10	 31200000	 30450000	15
chr10	 31800000	 32700000	18
chr10	 35650000	 35900000	5
chr10	 38500000	 40650000	43
chr10	 40250000	 41500000	25
chr10	 41450000	 41100000	7
chr10	 42100000	 42850000	15
chr10	 42200000	 43150000	19
chr10	 43350000	 44550000	24
chr10	 43650000	 41750000	38
chr10	 45300000	 44250000	21
chr10	 45300000	 46550000	25
chr10	 47650000	 46500000	23
chr10	 52900000	 51250000	33
chr10	 57350000	 60100000	55
chr10	 59000000	 58250000	15
chr10	 59400000	 59900000	10
chr10	 61650000	 60850000	16
chr10	 63450000	 63000000	9
chr10	 65900000	 65000000	18
chr10	 69900000	 69450000	9
chr10	 70600000	 69750000	17
chr10	 70700000	 69150000	31
chr10	 71000000	 71400000	8
chr10	 74950000	 73750000	24
chr10	 75500000	 75050000	9
chr10	 78850000	 82100000	65
chr10	 79800000	 80900000	22
chr10	 80500000	 81300000	16
chr10	 82100000	 81400000	14
chr10	 83050000	 82600000	9
chr10	 83350000	 81550000	36
chr10	 84650000	 85750000	22
chr10	 86900000	 84700000	44
chr10	 88350000	 87050000	26
chr10	 89200000	 88600000	12
chr10	 94450000	 95050000	12
chr10	 94650000	 94200000	9
chr10	 94700000	 93350000	27
chr10	 95650000	 96900000	25
chr10	 97950000	 99450000	30
chr10	 99250000	 98300000	19
chr10	 99250000	 98850000	8
chr10	102550000	103500000	19
chr10	102900000	101250000	33
chr10	103800000	105500000	34
chr10	105300000	106250000	19
chr10	105700000	105300000	8
chr10	109100000	104250000	97
chr10	110800000	111950000	23
chr10	114700000	113550000	23
chr10	117000000	116650000	7
chr10	117300000	115800000	30
chr10	117850000	119650000	36
chr10	121750000	123000000	25
chr10	123100000	122300000	16
chr10	123450000	122000000	29
chr10	123850000	124200000	7
chr10	124000000	125050000	21
chr10	125100000	126450000	27
chr10	126250000	125200000	21
chr10	129000000	128000000	20
chr10	130400000	129150000	25
chr11	  2700000	  3450000	15
chr11	  4150000	  5050000	18
chr11	  8250000	  7800000	9
chr11	 10550000	  9350000	24
chr11	 10900000	 10450000	9
chr11	 11200000	 10250000	19
chr11	 12350000	 11600000	15
chr11	 13100000	 12100000	20
chr11	 14100000	 15200000	22
chr11	 15550000	 14400000	23
chr11	 16150000	 18250000	42
chr11	 16600000	 17300000	14
chr11	 16950000	 17800000	17
chr11	 17250000	 16350000	18
chr11	 21450000	 22350000	18
chr11	 22950000	 21700000	25
chr11	 23200000	 23950000	15
chr11	 23850000	 25200000	27
chr11	 24850000	 24500000	7
chr11	 25000000	 26200000	24
chr11	 25950000	 26450000	10
chr11	 26500000	 25900000	12
chr11	 26500000	 27300000	16
chr11	 27600000	 28850000	25
chr11	 27700000	 26500000	24
chr11	 31950000	 33250000	26
chr11	 32100000	 33550000	29
chr11	 33200000	 31550000	33
chr11	 34200000	 35700000	30
chr11	 34300000	 35850000	31
chr11	 34500000	 33550000	19
chr11	 36150000	 37050000	18
chr11	 36350000	 37150000	16
chr11	 37250000	 36750000	10
chr11	 39650000	 41300000	33
chr11	 41000000	 40700000	6
chr11	 42000000	 40250000	35
chr11	 43100000	 44800000	34
chr11	 46650000	 46100000	11
chr11	 47650000	 46450000	24
chr11	 47750000	 49050000	26
chr11	 49650000	 50750000	22
chr11	 50550000	 51800000	25
chr11	 50800000	 51500000	14
chr11	 53350000	 52800000	11
chr11	 54550000	 56500000	39
chr11	 56650000	 58700000	41
chr11	 57300000	 57900000	12
chr11	 58050000	 59450000	28
chr11	 58250000	 56900000	27
chr11	 58350000	 57450000	18
chr11	 59500000	 60050000	11
chr11	 60100000	 61250000	23
chr11	 61350000	 60400000	19
chr11	 61600000	 58450000	63
chr11	 63350000	 63700000	7
chr11	 63750000	 65050000	26
chr11	 63950000	 62000000	39
chr11	 63950000	 63550000	8
chr11	 65050000	 64300000	15
chr11	 65800000	 63700000	42
chr11	 66200000	 66900000	14
chr11	 66800000	 67350000	11
chr11	 70250000	 69450000	16
chr11	 70300000	 71750000	29
chr11	 70700000	 71250000	11
chr11	 70950000	 70250000	14
chr11	 71150000	 69850000	26
chr11	 71300000	 72200000	18
chr11	 71550000	 72550000	20
chr11	 71800000	 72200000	8
chr11	 72650000	 71800000	17
chr11	 73100000	 72850000	5
chr11	 73500000	 71650000	37
chr11	 74150000	 75900000	35
chr11	 75750000	 74400000	27
chr11	 77150000	 76150000	20
chr11	 77200000	 78150000	19
chr11	 78900000	 76800000	42
chr11	 79900000	 78850000	21
chr11	 80850000	 79250000	32
chr11	 83050000	 82150000	18
chr11	 85950000	 87600000	33
chr11	 90100000	 89100000	20
chr11	 91300000	 92300000	20
chr11	 93650000	 94850000	24
chr11	 95050000	 94250000	16
chr11	 95400000	 94950000	9
chr11	 98500000	 97450000	21
chr11	101300000	102300000	20
chr11	101350000	102700000	27
chr11	101800000	102450000	13
chr11	103900000	105550000	33
chr11	104150000	104700000	11
chr11	104650000	103500000	23
chr11	105400000	105250000	3
chr11	105650000	106700000	21
chr11	106150000	104750000	28
chr11	106850000	107500000	13
chr11	106900000	107450000	11
chr11	107850000	104750000	62
chr11	109200000	110600000	28
chr11	111250000	111250000	0
chr11	112500000	113850000	27
chr11	113050000	111400000	33
chr11	115650000	116250000	12
chr11	119600000	120950000	27
chr11	119650000	118550000	22
chr11	121400000	121750000	7
chr12	  1550000	  2550000	20
chr12	  5000000	  7450000	49
chr12	  6400000	  4150000	45
chr12	  6500000	  7300000	16
chr12	  7600000	  6600000	20
chr12	  8650000	  7750000	18
chr12	  8650000	  7900000	15
chr12	  9100000	  7800000	26
chr12	  9250000	 11550000	46
chr12	 13650000	 14650000	20
chr12	 14750000	 15400000	13
chr12	 18100000	 21550000	69
chr12	 18800000	 18500000	6
chr12	 22650000	 23450000	16
chr12	 22800000	 20550000	45
chr12	 24700000	 24200000	10
chr12	 24750000	 24100000	13
chr12	 26150000	 25450000	14
chr12	 32200000	 31700000	10
chr12	 32200000	 32600000	8
chr12	 32250000	 31800000	9
chr12	 36000000	 34700000	26
chr12	 36250000	 35750000	10
chr12	 39750000	 41750000	40
chr12	 42000000	 41200000	16
chr12	 42600000	 41700000	18
chr12	 43800000	 43400000	8
chr12	 45450000	 46400000	19
chr12	 45650000	 45400000	5
chr12	 45850000	 47650000	36
chr12	 46400000	 46800000	8
chr12	 46800000	 48050000	25
chr12	 48350000	 50700000	47
chr12	 51600000	 51950000	7
chr12	 53900000	 55050000	23
chr12	 54850000	 55600000	15
chr12	 56200000	 57800000	32
chr12	 56500000	 57750000	25
chr12	 56550000	 57500000	19
chr12	 58200000	 58600000	8
chr12	 58850000	 57450000	28
chr12	 61300000	 60200000	22
chr12	 61450000	 60900000	11
chr12	 61800000	 62850000	21
chr12	 62600000	 61650000	19
chr12	 66000000	 67050000	21
chr12	 66200000	 67650000	29
chr12	 68300000	 69100000	16
chr12	 68500000	 69850000	27
chr12	 68600000	 67200000	28
chr12	 68650000	 69300000	13
chr12	 69050000	 69800000	15
chr12	 70200000	 68350000	37
chr12	 70200000	 68450000	35
chr12	 71450000	 70500000	19
chr12	 72850000	 71450000	28
chr12	 77250000	 78300000	21
chr12	 80150000	 79800000	7
chr12	 81450000	 83450000	40
chr12	 84350000	 85200000	17
chr12	 84550000	 86300000	35
chr12	 85050000	 86800000	35
chr12	 85550000	 86600000	21
chr12	 86150000	 88300000	43
chr12	 86700000	 89600000	58
chr12	 87700000	 88750000	21
chr12	 87850000	 87150000	14
chr12	 88400000	 89250000	17
chr12	 88750000	 89650000	18
chr12	 90300000	 93550000	65
chr12	 92500000	 91500000	20
chr12	 92600000	 91700000	18
chr12	 96400000	 94700000	34
chr12	 96850000	 96000000	17
chr12	 97000000	 98500000	30
chr12	 97450000	 99000000	31
chr12	 98100000	 96550000	31
chr12	 98550000	 97150000	28
chr12	 99100000	 98500000	12
chr12	 99100000	 99900000	16
chr12	 99950000	100950000	20
chr12	102250000	101150000	22
chr12	102550000	104600000	41
chr12	105550000	106300000	15
chr12	106300000	107750000	29
chr12	106550000	107450000	18
chr12	107000000	106150000	17
chr12	109100000	109850000	15
chr12	109250000	111050000	36
chr12	109600000	108600000	20
chr12	111350000	111900000	11
chr12	112550000	111700000	17
chr12	112650000	115250000	52
chr12	113600000	114650000	21
chr12	116450000	115600000	17
chr12	116800000	115950000	17
chr12	116850000	114750000	42
chr12	116850000	118650000	36
chr12	118100000	118450000	7
chr12	119450000	118800000	13
chr13	   500000	  1100000	12
chr13	  2700000	  1850000	17
chr13	  3250000	  3550000	6
chr13	  4500000	  3450000	21
chr13	  8500000	  9600000	22
chr13	  8700000	  8050000	13
chr13	  9850000	  9250000	12
chr13	 10200000	  9750000	9
chr13	 12200000	 11050000	23
chr13	 12500000	 13300000	16
chr13	 13950000	 15000000	21
chr13	 14000000	 13500000	10
chr13	 15700000	 13950000	35
chr13	 17000000	 15900000	22
chr13	 17650000	 17000000	13
chr13	 19200000	 18400000	16
chr13	 19400000	 18550000	17
chr13	 19450000	 20900000	29
chr13	 19500000	 17900000	32
chr13	 23250000	 24250000	20
chr13	 23900000	 21600000	46
chr13	 24100000	 23200000	18
chr13	 25100000	 26000000	18
chr13	 25150000	 26250000	22
chr13	 25650000	 26300000	13
chr13	 28050000	 28650000	12
chr13	 28100000	 27650000	9
chr13	 33150000	 31300000	37
chr13	 33350000	 32200000	23
chr13	 33400000	 34600000	24
chr13	 34600000	 36850000	45
chr13	 35350000	 36250000	18
chr13	 37300000	 40200000	58
chr13	 37950000	 36400000	31
chr13	 37950000	 37100000	17
chr13	 40100000	 40900000	16
chr13	 40600000	 41650000	21
chr13	 42250000	 44150000	38
chr13	 45700000	 47350000	33
chr13	 48300000	 50000000	34
chr13	 49000000	 49350000	7
chr13	 49550000	 47800000	35
chr13	 49600000	 50050000	9
chr13	 52250000	 51800000	9
chr13	 52450000	 52850000	8
chr13	 53350000	 52900000	9
chr13	 54600000	 55800000	24
chr13	 55900000	 57050000	23
chr13	 56450000	 55900000	11
chr13	 56650000	 57250000	12
chr13	 59600000	 59100000	10
chr13	 60250000	 61300000	21
chr13	 62650000	 62000000	13
chr13	 63400000	 60900000	50
chr13	 64050000	 63350000	14
chr13	 64150000	 62900000	25
chr13	 65000000	 67300000	46
chr13	 65550000	 66950000	28
chr13	 66450000	 67400000	19
chr13	 69050000	 69850000	16
chr13	 70450000	 69700000	15
chr13	 72300000	 71150000	23
chr13	 74800000	 72600000	44
chr13	 76950000	 77500000	11
chr13	 77000000	 78350000	27
chr13	 77550000	 76750000	16
chr13	 80850000	 80000000	17
chr13	 82250000	 81200000	21
chr13	 83550000	 84550000	20
chr13	 85600000	 85050000	11
chr13	 87100000	 86150000	19
chr13	 89400000	 88850000	11
chr13	 90850000	 91850000	20
chr13	 93600000	 94300000	14
chr13	 93750000	 92700000	21
chr13	 96050000	 96950000	18
chr13	 96450000	 97450000	20
chr13	 97450000	 95800000	33
chr13	 99250000	 97500000	35
chr13	105800000	105300000	10
chr13	105850000	104900000	19
chr13	107150000	106600000	11
chr13	107200000	106300000	18
chr13	107250000	105650000	32
chr13	107500000	111050000	71
chr13	107900000	109000000	22
chr13	108750000	106050000	54
chr13	111250000	112000000	15
chr13	111500000	110900000	12
chr13	112750000	112100000	13
chr13	114300000	113400000	18
chr13	115250000	115800000	11
chr13	119500000	118750000	15
chr14	  1700000	   850000	17
chr14	  1850000	  3300000	29
chr14	  2750000	  2200000	11
chr14	  3350000	  5600000	45
chr14	  4300000	  2950000	27
chr14	  6550000	  7350000	16
chr14	  7900000	  5750000	43
chr14	  8150000	  8700000	11
chr14	  8250000	  4650000	72
chr14	  8250000	  6800000	29
chr14	  8550000	  7700000	17
chr14	 12800000	 13300000	10
chr14	 14750000	 13550000	24
chr14	 18000000	 17300000	14
chr14	 20600000	 21900000	26
chr14	 22400000	 21650000	15
chr14	 22950000	 21000000	39
chr14	 24550000	 23700000	17
chr14	 25150000	 25700000	11
chr14	 26050000	 27100000	21
chr14	 27050000	 28550000	30
chr14	 28150000	 27750000	8
chr14	 31000000	 30400000	12
chr14	 31700000	 32550000	17
chr14	 32450000	 32050000	8
chr14	 32600000	 30550000	41
chr14	 35450000	 30850000	92
chr14	 35700000	 37000000	26
chr14	 36750000	 35850000	18
chr14	 36850000	 36300000	11
chr14	 37900000	 39650000	35
chr14	 38450000	 39000000	11
chr14	 39500000	 41250000	35
chr14	 39550000	 38950000	12
chr14	 44850000	 43250000	32
chr14	 46850000	 47800000	19
chr14	 47250000	 46600000	13
chr14	 47700000	 46850000	17
chr14	 48100000	 45900000	44
chr14	 49450000	 50050000	12
chr14	 51650000	 50200000	29
chr14	 53650000	 53950000	6
chr14	 53700000	 54500000	16
chr14	 54050000	 54700000	13
chr14	 54250000	 52250000	40
chr14	 56250000	 57400000	23
chr14	 58350000	 57200000	23
chr14	 58500000	 59650000	23
chr14	 59050000	 57150000	38
chr14	 60550000	 61650000	22
chr14	 62150000	 60950000	24
chr14	 62950000	 64100000	23
chr14	 63450000	 61650000	36
chr14	 63450000	 66150000	54
chr14	 66100000	 63150000	59
chr14	 66450000	 65300000	23
chr14	 68050000	 68750000	14
chr14	 70150000	 68700000	29
chr14	 70400000	 68550000	37
chr14	 71450000	 72150000	14
chr14	 71500000	 70150000	27
chr14	 73300000	 72550000	15
chr14	 73550000	 74300000	15
chr14	 76250000	 75900000	7
chr14	 76300000	 76800000	10
chr14	 76450000	 75300000	23
chr14	 77200000	 76850000	7
chr14	 79850000	 77900000	39
chr14	 80150000	 78700000	29
chr14	 82500000	 81700000	16
chr14	 82650000	 80250000	48
chr14	 84000000	 83050000	19
chr14	 87200000	 83450000	75
chr14	 88700000	 89900000	24
chr14	 88800000	 89650000	17
chr14	 89050000	 89600000	11
chr14	 89250000	 90650000	28
chr14	 91450000	 90300000	23
chr14	 94200000	 95000000	16
chr14	 95800000	 96900000	22
chr14	 97100000	 97750000	13
chr14	 98600000	 99100000	10
chr14	100650000	 99650000	20
chr14	100800000	102450000	33
chr14	101700000	103500000	36
chr14	103400000	104250000	17
chr14	105750000	106950000	24
chr14	106400000	105550000	17
chr14	107000000	106200000	16
chr14	108750000	105400000	67
chr14	109200000	108650000	11
chr14	110100000	111200000	22
chr14	110100000	111600000	30
chr14	110800000	109000000	36
chr14	112250000	110450000	36
chr14	112900000	111800000	22
chr14	115250000	117850000	52
chr14	115600000	114800000	16
chr14	115800000	116300000	10
chr14	116100000	115700000	8
chr14	116700000	118250000	31
chr14	117150000	116550000	12
chr14	118100000	119300000	24
chr14	119300000	120550000	25
chr15	    50000	  1450000	28
chr15	  2750000	  4550000	36
chr15	  5500000	  6850000	27
chr15	  6800000	  5750000	21
chr15	  6800000	  7600000	16
chr15	  7000000	  3700000	66
chr15	  8700000	  8100000	12
chr15	 11200000	 12100000	18
chr15	 11550000	 12150000	12
chr15	 11600000	 10450000	23
chr15	 11650000	 12450000	16
chr15	 12950000	 14200000	25
chr15	 13950000	 14750000	16
chr15	 14400000	 15000000	12
chr15	 15200000	 17700000	50
chr15	 16350000	 16950000	12
chr15	 18250000	 18850000	12
chr15	 20000000	 20250000	5
chr15	 20300000	 21050000	15
chr15	 20350000	 19000000	27
chr15	 20450000	 19900000	11
chr15	 20900000	 20100000	16
chr15	 21200000	 22100000	18
chr15	 21850000	 21850000	0
chr15	 23900000	 23600000	6
chr15	 24950000	 26650000	34
chr15	 26150000	 27200000	21
chr15	 30200000	 29150000	21
chr15	 32100000	 28200000	78
chr15	 35850000	 35100000	15
chr15	 36800000	 38200000	28
chr15	 37800000	 35350000	49
chr15	 38950000	 40700000	35
chr15	 42600000	 42000000	12
chr15	 42750000	 41000000	35
chr15	 43350000	 44050000	14
chr15	 44800000	 46600000	36
chr15	 46300000	 45250000	21
chr15	 46750000	 47800000	21
chr15	 48800000	 48450000	7
chr15	 49100000	 47600000	30
chr15	 49650000	 49550000	2
chr15	 52900000	 51900000	20
chr15	 54550000	 53850000	14
chr15	 55700000	 57850000	43
chr15	 56350000	 58000000	33
chr15	 57150000	 57950000	16
chr15	 57500000	 57050000	9
chr15	 58300000	 57150000	23
chr15	 60050000	 60550000	10
chr15	 60100000	 62100000	40
chr15	 60500000	 59250000	25
chr15	 61650000	 62250000	12
chr15	 63000000	 63900000	18
chr15	 63750000	 61900000	37
chr15	 64300000	 65050000	15
chr15	 65650000	 64850000	16
chr15	 66850000	 66100000	15
chr15	 69150000	 70300000	23
chr15	 69350000	 68750000	12
chr15	 70100000	 69050000	21
chr15	 70900000	 70500000	8
chr15	 71050000	 69950000	22
chr15	 73050000	 69950000	62
chr15	 74250000	 73400000	17
chr15	 76950000	 77800000	17
chr15	 77300000	 77300000	0
chr15	 79050000	 80400000	27
chr15	 79250000	 78550000	14
chr15	 79850000	 79150000	14
chr15	 80900000	 80050000	17
chr15	 85250000	 83350000	38
chr15	 85500000	 85900000	8
chr15	 91250000	 90150000	22
chr15	 92900000	 91650000	25
chr15	 94850000	 95500000	13
chr15	 96950000	 95550000	28
chr15	 97100000	 97800000	14
chr15	 97700000	 97050000	13
chr15	 98100000	 97400000	14
chr15	 98850000	 98400000	9
chr15	 99300000	 99800000	10
chr15	 99400000	100450000	21
chr15	 99450000	 93450000	120
chr15	103800000	101100000	54
chr16	  3950000	  4600000	13
chr16	  3950000	  4850000	18
chr16	  4250000	  2300000	39
chr16	  4900000	  3100000	36
chr16	  6050000	  3400000	53
chr16	 10850000	 11850000	20
chr16	 12150000	 13050000	18
chr16	 14800000	 15450000	13
chr16	 17200000	 15150000	41
chr16	 19200000	 18650000	11
chr16	 19750000	 17950000	36
chr16	 20450000	 19600000	17
chr16	 21850000	 23400000	31
chr16	 22350000	 20650000	34
chr16	 23400000	 22250000	23
chr16	 24400000	 26050000	33
chr16	 25550000	 24700000	17
chr16	 26500000	 27350000	17
chr16	 26800000	 27850000	21
chr16	 26850000	 25600000	25
chr16	 27000000	 28550000	31
chr16	 27750000	 27000000	15
chr16	 29750000	 30650000	18
chr16	 31100000	 30500000	12
chr16	 34750000	 35650000	18
chr16	 35550000	 34500000	21
chr16	 35800000	 35300000	10
chr16	 36500000	 38900000	48
chr16	 36600000	 39150000	51
chr16	 38150000	 40350000	44
chr16	 41000000	 42200000	24
chr16	 43100000	 41550000	31
chr16	 43150000	 45050000	38
chr16	 43950000	 44800000	17
chr16	 46800000	 48500000	34
chr16	 47250000	 46550000	14
chr16	 48450000	 48750000	6
chr16	 48800000	 48300000	10
chr16	 51800000	 52500000	14
chr16	 52250000	 54350000	42
chr16	 52400000	 52750000	7
chr16	 52500000	 50600000	38
chr16	 52550000	 52550000	0
chr16	 55000000	 52800000	44
chr16	 55650000	 53950000	34
chr16	 56800000	 57150000	7
chr16	 57500000	 55050000	49
chr16	 58550000	 58050000	10
chr16	 59050000	 58050000	20
chr16	 60350000	 61000000	13
chr16	 61000000	 61700000	14
chr16	 61400000	 62700000	26
chr16	 64350000	 62400000	39
chr16	 64350000	 63900000	9
chr16	 67100000	 69100000	40
chr16	 71850000	 73650000	36
chr16	 73100000	 71950000	23
chr16	 74200000	 73200000	20
chr16	 75100000	 74350000	15
chr16	 77450000	 74850000	52
chr16	 79100000	 80350000	25
chr16	 80000000	 78000000	40
chr16	 80350000	 80900000	11
chr16	 81350000	 82150000	16
chr16	 82700000	 82000000	14
chr16	 84000000	 84550000	11
chr16	 84800000	 85800000	20
chr16	 85600000	 89450000	77
chr16	 86300000	 88350000	41
chr16	 89400000	 88950000	9
chr16	 90250000	 88050000	44
chr16	 91250000	 88900000	47
chr16	 91750000	 88400000	67
chr16	 91800000	 92250000	9
chr16	 93800000	 94400000	12
chr16	 94100000	 93250000	17
chr16	 96000000	 97400000	28
chr16	 96450000	 95650000	16
chr17	   400000	  1050000	13
chr17	  1950000	  3150000	24
chr17	  3800000	  4250000	9
chr17	  5000000	  4250000	15
chr17	  6000000	  7600000	32
chr17	  6900000	  5850000	21
chr17	  9700000	  8650000	21
chr17	 10450000	  9200000	25
chr17	 10700000	 11600000	18
chr17	 12800000	 12000000	16
chr17	 13100000	 13550000	9
chr17	 14100000	 13850000	5
chr17	 14700000	 14000000	14
chr17	 15250000	 15250000	0
chr17	 15950000	 16650000	14
chr17	 17600000	 19300000	34
chr17	 18550000	 19550000	20
chr17	 19800000	 20800000	20
chr17	 21400000	 21100000	6
chr17	 22650000	 20800000	37
chr17	 23700000	 22700000	20
chr17	 24950000	 25500000	11
chr17	 25700000	 23800000	38
chr17	 34750000	 34300000	9
chr17	 36150000	 37700000	31
chr17	 37150000	 37750000	12
chr17	 38900000	 37600000	26
chr17	 40300000	 42000000	34
chr17	 41100000	 40050000	21
chr17	 42900000	 44100000	24
chr17	 44750000	 42400000	47
chr17	 45150000	 42500000	53
chr17	 45350000	 44150000	24
chr17	 46700000	 48950000	45
chr17	 47900000	 46350000	31
chr17	 48050000	 46950000	22
chr17	 48050000	 50300000	45
chr17	 49150000	 51550000	48
chr17	 49450000	 48150000	26
chr17	 49850000	 48750000	22
chr17	 52500000	 53850000	27
chr17	 53600000	 51750000	37
chr17	 54200000	 52600000	32
chr17	 56700000	 57600000	18
chr17	 56950000	 55200000	35
chr17	 58750000	 59300000	11
chr17	 64250000	 65950000	34
chr17	 65150000	 66550000	28
chr17	 65800000	 67900000	42
chr17	 66150000	 64750000	28
chr17	 67200000	 69250000	41
chr17	 67250000	 66500000	15
chr17	 68000000	 68550000	11
chr17	 68850000	 70550000	34
chr17	 69050000	 68000000	21
chr17	 70100000	 68800000	26
chr17	 70650000	 71750000	22
chr17	 71800000	 71100000	14
chr17	 75400000	 77000000	32
chr17	 75600000	 74250000	27
chr17	 76400000	 77800000	28
chr17	 76550000	 77650000	22
chr17	 76850000	 75450000	28
chr17	 77150000	 78000000	17
chr17	 79100000	 76750000	47
chr17	 79150000	 80350000	24
chr17	 79900000	 79050000	17
chr17	 81050000	 78700000	47
chr17	 82850000	 83600000	15
chr17	 82950000	 84100000	23
chr17	 84300000	 82000000	46
chr17	 84950000	 85800000	17
chr17	 85200000	 84550000	13
chr17	 90350000	 91200000	17
chr17	 91450000	 89850000	32
chr17	 92050000	 93100000	21
chr17	 92500000	 91600000	18
chr17	 92600000	 94350000	35
chr18	  1800000	   950000	17
chr18	  2850000	  2600000	5
chr18	  4000000	  2450000	31
chr18	  5300000	  6000000	14
chr18	  6400000	  7550000	23
chr18	  7550000	  8300000	15
chr18	  8900000	  8150000	15
chr18	 10300000	  9100000	24
chr18	 10750000	 11700000	19
chr18	 10950000	 10150000	16
chr18	 11250000	 10700000	11
chr18	 11650000	 10750000	18
chr18	 13350000	 12000000	27
chr18	 14450000	 12950000	30
chr18	 15250000	 16650000	28
chr18	 16950000	 15800000	23
chr18	 17400000	 18750000	27
chr18	 18100000	 18750000	13
chr18	 19350000	 19750000	8
chr18	 25700000	 26200000	10
chr18	 26550000	 27500000	19
chr18	 28350000	 27900000	9
chr18	 28400000	 26850000	31
chr18	 33450000	 34050000	12
chr18	 35200000	 34450000	15
chr18	 36250000	 35350000	18
chr18	 40750000	 38850000	38
chr18	 41100000	 40100000	20
chr18	 41500000	 41500000	0
chr18	 41950000	 40100000	37
chr18	 42200000	 37650000	91
chr18	 42550000	 39800000	55
chr18	 42750000	 43800000	21
chr18	 43200000	 44800000	32
chr18	 43250000	 41350000	38
chr18	 45600000	 48250000	53
chr18	 45650000	 46300000	13
chr18	 46700000	 46200000	10
chr18	 48650000	 47200000	29
chr18	 49200000	 51250000	41
chr18	 49400000	 50050000	13
chr18	 52450000	 54050000	32
chr18	 52550000	 50850000	34
chr18	 52800000	 52300000	10
chr18	 54600000	 55900000	26
chr18	 56050000	 54450000	32
chr18	 57650000	 58800000	23
chr18	 57800000	 56850000	19
chr18	 59200000	 60600000	28
chr18	 59850000	 58700000	23
chr18	 60550000	 61000000	9
chr18	 61400000	 61500000	2
chr18	 61400000	 62500000	22
chr18	 62650000	 61450000	24
chr18	 63550000	 64100000	11
chr18	 64000000	 63500000	10
chr18	 66550000	 66950000	8
chr18	 66900000	 67650000	15
chr18	 68050000	 66850000	24
chr18	 68600000	 69500000	18
chr18	 68850000	 67600000	25
chr18	 69000000	 69900000	18
chr18	 70950000	 74000000	61
chr18	 75200000	 76150000	19
chr18	 75850000	 75850000	0
chr18	 77250000	 75650000	32
chr18	 77950000	 78500000	11
chr18	 78200000	 77700000	10
chr18	 78800000	 77300000	30
chr18	 80350000	 79750000	12
chr18	 84850000	 83450000	28
chr18	 85750000	 86300000	11
chr18	 86450000	 85650000	16
chr18	 86500000	 87900000	28
chr18	 89100000	 90550000	29
chr18	 90300000	 89250000	21
chr19	  1050000	  2250000	24
chr19	  1100000	  2150000	21
chr19	  1650000	   400000	25
chr19	  2800000	  1550000	25
chr19	  4000000	  3500000	10
chr19	  4050000	  3450000	12
chr19	  4600000	  2950000	33
chr19	  4700000	  5050000	7
chr19	  5500000	  6100000	12
chr19	  5900000	  5300000	12
chr19	  6750000	  6300000	9
chr19	  8850000	  7850000	20
chr19	  9500000	 10350000	17
chr19	 15250000	 14050000	24
chr19	 18400000	 17750000	13
chr19	 18750000	 17700000	21
chr19	 21400000	 21900000	10
chr19	 21850000	 21450000	8
chr19	 21950000	 21250000	14
chr19	 23800000	 22600000	24
chr19	 24400000	 23050000	27
chr19	 27850000	 29100000	25
chr19	 30950000	 30400000	11
chr19	 32150000	 31500000	13
chr19	 33350000	 30500000	57
chr19	 33700000	 35050000	27
chr19	 34200000	 36250000	41
chr19	 36850000	 37900000	21
chr19	 37700000	 38900000	24
chr19	 38050000	 37100000	19
chr19	 38900000	 38100000	16
chr19	 39450000	 40150000	14
chr19	 40450000	 38850000	32
chr19	 43550000	 44900000	27
chr19	 44950000	 46100000	23
chr19	 45800000	 44700000	22
chr19	 46050000	 44400000	33
chr19	 46450000	 47850000	28
chr19	 46500000	 45350000	23
chr19	 46550000	 49100000	51
chr19	 47600000	 47150000	9
chr19	 48300000	 49000000	14
chr19	 51550000	 51350000	4
chr19	 54650000	 56700000	41
chr19	 54750000	 55500000	15
chr19	 55800000	 55250000	11
chr19	 56600000	 57000000	8
chr19	 57750000	 58500000	15
chr19	 58500000	 59850000	27
chr19	 59450000	 60100000	13
chr19	 59650000	 58350000	26
chr19	 60000000	 61000000	20
chr2	  1750000	  2550000	16
chr2	  2400000	  1900000	10
chr2	  2450000	  1850000	12
chr2	  3150000	  5050000	38
chr2	  3450000	  4200000	15
chr2	  4150000	  5450000	26
chr2	  9500000	 10900000	28
chr2	  9900000	  8500000	28
chr2	 11800000	 10600000	24
chr2	 12200000	 14200000	40
chr2	 14050000	 16300000	45
chr2	 15450000	 16300000	17
chr2	 16050000	 13450000	52
chr2	 17600000	 18300000	14
chr2	 17700000	 17950000	5
chr2	 20800000	 21350000	11
chr2	 23700000	 22950000	15
chr2	 24550000	 23350000	24
chr2	 25450000	 26450000	20
chr2	 27150000	 28600000	29
chr2	 27300000	 25150000	43
chr2	 27900000	 30050000	43
chr2	 28200000	 26700000	30
chr2	 28350000	 30750000	48
chr2	 28400000	 27900000	10
chr2	 29700000	 28900000	16
chr2	 30300000	 28000000	46
chr2	 30350000	 28200000	43
chr2	 30400000	 29450000	19
chr2	 31400000	 30650000	15
chr2	 32850000	 33300000	9
chr2	 32900000	 32200000	14
chr2	 34650000	 36950000	46
chr2	 35100000	 37300000	44
chr2	 36950000	 38200000	25
chr2	 37800000	 39300000	30
chr2	 38250000	 39150000	18
chr2	 38350000	 40200000	37
chr2	 38600000	 40000000	28
chr2	 38700000	 38350000	7
chr2	 39750000	 42550000	56
chr2	 40050000	 41350000	26
chr2	 42300000	 43400000	22
chr2	 42400000	 43000000	12
chr2	 44300000	 44700000	8
chr2	 46750000	 45000000	35
chr2	 47000000	 47900000	18
chr2	 47400000	 48100000	14
chr2	 47450000	 46000000	29
chr2	 50900000	 50300000	12
chr2	 52400000	 53450000	21
chr2	 53100000	 53400000	6
chr2	 53350000	 53650000	6
chr2	 54250000	 53100000	23
chr2	 55950000	 56850000	18
chr2	 56550000	 55650000	18
chr2	 58650000	 59500000	17
chr2	 60250000	 61150000	18
chr2	 60700000	 61500000	16
chr2	 60950000	 59450000	30
chr2	 61200000	 62300000	22
chr2	 62100000	 62400000	6
chr2	 64050000	 65300000	25
chr2	 65300000	 65300000	0
chr2	 65500000	 67150000	33
chr2	 66350000	 67900000	31
chr2	 66850000	 67550000	14
chr2	 66950000	 67900000	19
chr2	 67250000	 68650000	28
chr2	 68600000	 69850000	25
chr2	 71450000	 72450000	20
chr2	 75250000	 77700000	49
chr2	 76300000	 75300000	20
chr2	 78600000	 79350000	15
chr2	 79750000	 78250000	30
chr2	 79800000	 75150000	93
chr2	 81150000	 81850000	14
chr2	 81650000	 80800000	17
chr2	 81700000	 82350000	13
chr2	 82750000	 83200000	9
chr2	 82800000	 83650000	17
chr2	 84250000	 85650000	28
chr2	 87550000	 88350000	16
chr2	 87950000	 87100000	17
chr2	 88300000	 86350000	39
chr2	 89250000	 90700000	29
chr2	 89250000	 91150000	38
chr2	 90850000	 89500000	27
chr2	 91000000	 89750000	25
chr2	 93500000	 94400000	18
chr2	 93650000	 93050000	12
chr2	 95600000	 94050000	31
chr2	 96250000	 95650000	12
chr2	 96600000	 96150000	9
chr2	103450000	101900000	31
chr2	103650000	103400000	5
chr2	104150000	105100000	19
chr2	104950000	106550000	32
chr2	107050000	108350000	26
chr2	109650000	108100000	31
chr2	111300000	114150000	57
chr2	113300000	112500000	16
chr2	113450000	113150000	6
chr2	114450000	116000000	31
chr2	114550000	115900000	27
chr2	115500000	114550000	19
chr2	116050000	116900000	17
chr2	117150000	119200000	41
chr2	117750000	117200000	11
chr2	118000000	118800000	16
chr2	119350000	121000000	33
chr2	121900000	123050000	23
chr2	122300000	123950000	33
chr2	122600000	121100000	30
chr2	123050000	122050000	20
chr2	123200000	123650000	9
chr2	123300000	122500000	16
chr2	123450000	122750000	14
chr2	125300000	124000000	26
chr2	127150000	129200000	41
chr2	127550000	128850000	26
chr2	127850000	127350000	10
chr2	128100000	128450000	7
chr2	128800000	130300000	30
chr2	129650000	128950000	14
chr2	129700000	130500000	16
chr2	131000000	132450000	29
chr2	131200000	127950000	65
chr2	132000000	131200000	16
chr2	132500000	134000000	30
chr2	135800000	135150000	13
chr2	136300000	135950000	7
chr2	138750000	138050000	14
chr2	139600000	138400000	24
chr2	140200000	139100000	22
chr2	140800000	141350000	11
chr2	147200000	147750000	11
chr2	148700000	150950000	45
chr2	150050000	149500000	11
chr2	150200000	149650000	11
chr2	152600000	150150000	49
chr2	153300000	151900000	28
chr2	153650000	154600000	19
chr2	154050000	154550000	10
chr2	156700000	157200000	10
chr2	156750000	157500000	15
chr2	161650000	162550000	18
chr2	162800000	161950000	17
chr2	162800000	166750000	79
chr2	162850000	163900000	21
chr2	169200000	170850000	33
chr2	169700000	168550000	23
chr2	171000000	170250000	15
chr2	173550000	173550000	0
chr2	174450000	173650000	16
chr2	175600000	175000000	12
chr2	175950000	177100000	23
chr2	177800000	176750000	21
chr2	177950000	177600000	7
chr2	178400000	177600000	16
chr2	179400000	178700000	14
chr2	180900000	180150000	15
chr2	182100000	179150000	59
chr3	  1350000	  2200000	17
chr3	  4850000	  5800000	19
chr3	  4900000	  5850000	19
chr3	  5050000	  6450000	28
chr3	  5150000	  4650000	10
chr3	  5250000	  6650000	28
chr3	  8350000	  9350000	20
chr3	 10050000	  7850000	44
chr3	 10250000	 11150000	18
chr3	 10300000	  9100000	24
chr3	 10950000	  9800000	23
chr3	 10950000	 11300000	7
chr3	 13800000	 14350000	11
chr3	 14050000	 12550000	30
chr3	 14650000	 15750000	22
chr3	 19250000	 21150000	38
chr3	 21050000	 19000000	41
chr3	 21550000	 21300000	5
chr3	 23350000	 24600000	25
chr3	 24650000	 23650000	20
chr3	 27750000	 28250000	10
chr3	 28450000	 27750000	14
chr3	 31400000	 32550000	23
chr3	 31850000	 33800000	39
chr3	 32100000	 33600000	30
chr3	 32600000	 33600000	20
chr3	 34200000	 33800000	8
chr3	 36300000	 35850000	9
chr3	 36700000	 38050000	27
chr3	 37000000	 38300000	26
chr3	 39650000	 41700000	41
chr3	 40050000	 41950000	38
chr3	 42500000	 43300000	16
chr3	 43250000	 44850000	32
chr3	 43300000	 44050000	15
chr3	 44000000	 42950000	21
chr3	 44400000	 43250000	23
chr3	 48600000	 49700000	22
chr3	 49150000	 51150000	40
chr3	 49500000	 48850000	13
chr3	 49500000	 50200000	14
chr3	 49750000	 50750000	20
chr3	 54700000	 56200000	30
chr3	 56100000	 57250000	23
chr3	 56350000	 54050000	46
chr3	 56600000	 55250000	27
chr3	 57450000	 56100000	27
chr3	 59100000	 58250000	17
chr3	 60600000	 59150000	29
chr3	 61000000	 59250000	35
chr3	 62000000	 60550000	29
chr3	 62450000	 65250000	56
chr3	 63900000	 65150000	25
chr3	 63950000	 62650000	26
chr3	 64600000	 63300000	26
chr3	 67300000	 68550000	25
chr3	 70950000	 69650000	26
chr3	 73400000	 73250000	3
chr3	 74000000	 72100000	38
chr3	 75150000	 78050000	58
chr3	 75300000	 76600000	26
chr3	 75850000	 76250000	8
chr3	 77250000	 75350000	38
chr3	 78050000	 79400000	27
chr3	 79550000	 79950000	8
chr3	 79700000	 81100000	28
chr3	 82650000	 83600000	19
chr3	 82850000	 83700000	17
chr3	 85900000	 86350000	9
chr3	 85900000	 88000000	42
chr3	 87350000	 88550000	24
chr3	 91200000	 92550000	27
chr3	 93400000	 92650000	15
chr3	 95150000	 94400000	15
chr3	 97900000	 95350000	51
chr3	100150000	102000000	37
chr3	100750000	102700000	39
chr3	101950000	100750000	24
chr3	102350000	101200000	23
chr3	103950000	103050000	18
chr3	106850000	107600000	15
chr3	108350000	107200000	23
chr3	109100000	110950000	37
chr3	110400000	109800000	12
chr3	110650000	110350000	6
chr3	110850000	111150000	6
chr3	113650000	113000000	13
chr3	114550000	116550000	40
chr3	115700000	117300000	32
chr3	117500000	116250000	25
chr3	117550000	117050000	10
chr3	118600000	121800000	64
chr3	119050000	119950000	18
chr3	122450000	122100000	7
chr3	123600000	123000000	12
chr3	123900000	122950000	19
chr3	126200000	125500000	14
chr3	126400000	127950000	31
chr3	127250000	128900000	33
chr3	128800000	130050000	25
chr3	132800000	132150000	13
chr3	134100000	133100000	20
chr3	135000000	133700000	26
chr3	135550000	136150000	12
chr3	137000000	135900000	22
chr3	137800000	138200000	8
chr3	137950000	136900000	21
chr3	138100000	138300000	4
chr3	141100000	140800000	6
chr3	141300000	142500000	24
chr3	144550000	145050000	10
chr3	145050000	140100000	99
chr3	147700000	147200000	10
chr3	148300000	147750000	11
chr3	148350000	148750000	8
chr3	151500000	152350000	17
chr3	153550000	152300000	25
chr3	154650000	156950000	46
chr3	155600000	157000000	28
chr3	155800000	157800000	40
chr4	   700000	   100000	12
chr4	   900000	   500000	8
chr4	  1450000	  3400000	39
chr4	  1900000	  1250000	13
chr4	  2050000	  2700000	13
chr4	  3500000	  2200000	26
chr4	  3750000	  1650000	42
chr4	  3900000	  5950000	41
chr4	  4300000	  4700000	8
chr4	  6600000	  5100000	30
chr4	  6900000	  7800000	18
chr4	  7600000	  5350000	45
chr4	  8050000	  7450000	12
chr4	 11000000	  9250000	35
chr4	 12400000	 14350000	39
chr4	 13550000	 11900000	33
chr4	 13950000	 12850000	22
chr4	 15100000	 15600000	10
chr4	 15550000	 15200000	7
chr4	 19600000	 18600000	20
chr4	 21150000	 22350000	24
chr4	 21300000	 20900000	8
chr4	 22650000	 20550000	42
chr4	 23100000	 23750000	13
chr4	 24350000	 23450000	18
chr4	 24500000	 27450000	59
chr4	 24900000	 21700000	64
chr4	 25250000	 27700000	49
chr4	 27000000	 30500000	70
chr4	 28200000	 28950000	15
chr4	 31700000	 32400000	14
chr4	 32950000	 33450000	10
chr4	 34300000	 35750000	29
chr4	 35550000	 36000000	9
chr4	 40650000	 41400000	15
chr4	 40850000	 39600000	25
chr4	 42950000	 42500000	9
chr4	 45550000	 44250000	26
chr4	 47550000	 48300000	15
chr4	 48150000	 50900000	55
chr4	 49000000	 48500000	10
chr4	 52600000	 53550000	19
chr4	 52950000	 54050000	22
chr4	 55150000	 54450000	14
chr4	 55400000	 54350000	21
chr4	 56300000	 55600000	14
chr4	 58400000	 56600000	36
chr4	 58600000	 57900000	14
chr4	 60400000	 61550000	23
chr4	 62900000	 62100000	16
chr4	 64400000	 63700000	14
chr4	 65550000	 64950000	12
chr4	 65650000	 64450000	24
chr4	 67500000	 66900000	12
chr4	 70650000	 72050000	28
chr4	 71250000	 71500000	5
chr4	 71350000	 72200000	17
chr4	 71950000	 72650000	14
chr4	 72250000	 74150000	38
chr4	 72750000	 69050000	74
chr4	 73500000	 73500000	0
chr4	 74050000	 74950000	18
chr4	 75050000	 76150000	22
chr4	 78500000	 77500000	20
chr4	 78700000	 77750000	19
chr4	 84850000	 83400000	29
chr4	 86200000	 87650000	29
chr4	 86400000	 88000000	32
chr4	 86800000	 87600000	16
chr4	 90650000	 89350000	26
chr4	 90750000	 91300000	11
chr4	 93700000	 94550000	17
chr4	 96100000	 97700000	32
chr4	 99200000	100800000	32
chr4	100200000	100750000	11
chr4	101050000	101700000	13
chr4	101450000	102450000	20
chr4	102500000	102100000	8
chr4	104050000	103500000	11
chr4	104200000	103100000	22
chr4	105350000	106900000	31
chr4	106650000	107850000	24
chr4	107800000	108600000	16
chr4	111500000	112850000	27
chr4	112750000	110900000	37
chr4	112750000	111700000	21
chr4	115750000	115100000	13
chr4	117100000	116200000	18
chr4	117650000	116700000	19
chr4	117750000	118550000	16
chr4	119500000	119500000	0
chr4	121400000	119400000	40
chr4	122350000	119600000	55
chr4	123950000	122550000	28
chr4	124500000	127600000	62
chr4	124850000	123400000	29
chr4	125750000	124400000	27
chr4	125950000	124650000	26
chr4	127800000	129250000	29
chr4	132050000	132700000	13
chr4	136100000	134550000	31
chr4	137200000	137700000	10
chr4	137600000	136750000	17
chr4	137900000	138900000	20
chr4	140600000	141650000	21
chr4	141300000	140050000	25
chr4	142450000	142150000	6
chr4	146500000	147950000	29
chr4	149100000	148650000	9
chr4	150200000	151200000	20
chr4	150400000	151650000	25
chr4	151500000	149750000	35
chr4	152400000	152900000	10
chr4	153500000	152150000	27
chr4	154300000	153350000	19
chr4	154700000	153000000	34
chr5	   750000	  2750000	40
chr5	   950000	  1550000	12
chr5	  1100000	  1550000	9
chr5	  3350000	  2750000	12
chr5	  4550000	  5300000	15
chr5	  5300000	  5300000	0
chr5	  6900000	  6000000	18
chr5	  8050000	  7100000	19
chr5	  8150000	  9800000	33
chr5	  8600000	  6750000	37
chr5	  9000000	  8050000	19
chr5	  9300000	 10000000	14
chr5	 10250000	 10800000	11
chr5	 13750000	 14750000	20
chr5	 15800000	 15950000	3
chr5	 16550000	 16550000	0
chr5	 22100000	 23550000	29
chr5	 22200000	 22900000	14
chr5	 23450000	 22400000	21
chr5	 23800000	 22650000	23
chr5	 24300000	 20950000	67
chr5	 24300000	 25550000	25
chr5	 27150000	 28050000	18
chr5	 27900000	 26000000	38
chr5	 28000000	 26050000	39
chr5	 29650000	 30000000	7
chr5	 33400000	 32900000	10
chr5	 36100000	 36950000	17
chr5	 40150000	 39350000	16
chr5	 42700000	 41750000	19
chr5	 46300000	 44600000	34
chr5	 46550000	 48050000	30
chr5	 46800000	 46050000	15
chr5	 47350000	 49300000	39
chr5	 47650000	 48750000	22
chr5	 49350000	 48350000	20
chr5	 50250000	 50700000	9
chr5	 51100000	 50050000	21
chr5	 52900000	 52050000	17
chr5	 53550000	 52250000	26
chr5	 54450000	 52900000	31
chr5	 54650000	 55100000	9
chr5	 54900000	 56750000	37
chr5	 55350000	 56450000	22
chr5	 56250000	 55050000	24
chr5	 56650000	 55800000	17
chr5	 57150000	 56500000	13
chr5	 59750000	 60500000	15
chr5	 61400000	 60550000	17
chr5	 62150000	 61550000	12
chr5	 62600000	 61550000	21
chr5	 63600000	 64700000	22
chr5	 65850000	 66500000	13
chr5	 66100000	 65400000	14
chr5	 66250000	 65350000	18
chr5	 67700000	 68150000	9
chr5	 67750000	 69950000	44
chr5	 67850000	 68900000	21
chr5	 68150000	 68700000	11
chr5	 68150000	 69250000	22
chr5	 68650000	 69650000	20
chr5	 70550000	 69150000	28
chr5	 70700000	 70050000	13
chr5	 71600000	 72450000	17
chr5	 72600000	 72100000	10
chr5	 72850000	 73350000	10
chr5	 74200000	 73650000	11
chr5	 77800000	 80500000	54
chr5	 77900000	 76200000	34
chr5	 80600000	 80200000	8
chr5	 81850000	 83650000	36
chr5	 85100000	 83900000	24
chr5	 86100000	 87000000	18
chr5	 86150000	 86400000	5
chr5	 86800000	 87500000	14
chr5	 88450000	 86850000	32
chr5	 89150000	 90250000	22
chr5	 91600000	 90100000	30
chr5	 92300000	 92500000	4
chr5	 92500000	 91350000	23
chr5	 93000000	 95150000	43
chr5	 94550000	 95350000	16
chr5	 95150000	 93600000	31
chr5	 98850000	 98300000	11
chr5	 98850000	 99450000	12
chr5	 99600000	 98300000	26
chr5	100450000	101850000	28
chr5	101200000	 99700000	30
chr5	102650000	105150000	50
chr5	104250000	106250000	40
chr5	104600000	103650000	19
chr5	105600000	107050000	29
chr5	105950000	104650000	26
chr5	109950000	109050000	18
chr5	110050000	111050000	20
chr5	110450000	110850000	8
chr5	110800000	109100000	34
chr5	110900000	111600000	14
chr5	112800000	111650000	23
chr5	114350000	113650000	14
chr5	114500000	113600000	18
chr5	117300000	120050000	55
chr5	117700000	118300000	12
chr5	119550000	118900000	13
chr5	120350000	121600000	25
chr5	122050000	120600000	29
chr5	123750000	126250000	50
chr5	131050000	129850000	24
chr5	131050000	132200000	23
chr5	131100000	129400000	34
chr5	131250000	132350000	22
chr5	131300000	130350000	19
chr5	132700000	133250000	11
chr5	132750000	133750000	20
chr5	133300000	134800000	30
chr5	134400000	133250000	23
chr5	136850000	135200000	33
chr5	137350000	135850000	30
chr5	138800000	138000000	16
chr5	139850000	141050000	24
chr5	140300000	139000000	26
chr5	141500000	138500000	60
chr5	143200000	140400000	56
chr5	144200000	142100000	42
chr5	147250000	146750000	10
chr5	147650000	147100000	11
chr5	148950000	150050000	22
chr5	150550000	149500000	21
chr5	150650000	149750000	18
chr6	  2500000	  1750000	15
chr6	  2850000	  1050000	36
chr6	  3250000	  2450000	16
chr6	  3850000	  1700000	43
chr6	  6000000	  5250000	15
chr6	  6050000	  4600000	29
chr6	  7700000	  8050000	7
chr6	 12100000	 14450000	47
chr6	 12300000	 10850000	29
chr6	 12950000	 11800000	23
chr6	 13950000	 12650000	26
chr6	 15600000	 14350000	25
chr6	 17050000	 17850000	16
chr6	 19300000	 20400000	22
chr6	 23200000	 21650000	31
chr6	 25500000	 24750000	15
chr6	 27700000	 28700000	20
chr6	 28250000	 27950000	6
chr6	 28650000	 27700000	19
chr6	 30450000	 31550000	22
chr6	 36500000	 36100000	8
chr6	 36900000	 34700000	44
chr6	 37050000	 36150000	18
chr6	 37100000	 35650000	29
chr6	 38600000	 37950000	13
chr6	 38600000	 39900000	26
chr6	 42200000	 43550000	27
chr6	 43650000	 41900000	35
chr6	 44150000	 42950000	24
chr6	 47400000	 44000000	68
chr6	 48150000	 47300000	17
chr6	 50850000	 49450000	28
chr6	 52150000	 52800000	13
chr6	 52150000	 53600000	29
chr6	 53650000	 54450000	16
chr6	 53750000	 54250000	10
chr6	 53850000	 53200000	13
chr6	 55000000	 54100000	18
chr6	 57450000	 56700000	15
chr6	 58200000	 59300000	22
chr6	 58500000	 59050000	11
chr6	 59500000	 57550000	39
chr6	 63050000	 62150000	18
chr6	 66150000	 67350000	24
chr6	 66500000	 64950000	31
chr6	 66850000	 67800000	19
chr6	 67000000	 66500000	10
chr6	 67900000	 66850000	21
chr6	 68400000	 70050000	33
chr6	 69100000	 68250000	17
chr6	 69200000	 67900000	26
chr6	 72700000	 74550000	37
chr6	 73450000	 74750000	26
chr6	 75550000	 74950000	12
chr6	 75950000	 77350000	28
chr6	 78750000	 78450000	6
chr6	 79750000	 80500000	15
chr6	 85700000	 87250000	31
chr6	 85750000	 89550000	76
chr6	 90150000	 90900000	15
chr6	 92150000	 91500000	13
chr6	 94900000	 92900000	40
chr6	 98050000	 96450000	32
chr6	 99700000	 96650000	61
chr6	100000000	101950000	39
chr6	100800000	101800000	20
chr6	101950000	100800000	23
chr6	102650000	103900000	25
chr6	102750000	101800000	19
chr6	103450000	103000000	9
chr6	108550000	109600000	21
chr6	109650000	110950000	26
chr6	109750000	110650000	18
chr6	110900000	110200000	14
chr6	110950000	109900000	21
chr6	111100000	112250000	23
chr6	111550000	111750000	4
chr6	111600000	112600000	20
chr6	111850000	112350000	10
chr6	112450000	111800000	13
chr6	119400000	121050000	33
chr6	121850000	122900000	21
chr6	125000000	124150000	17
chr6	129350000	128200000	23
chr6	129950000	131000000	21
chr6	130500000	131400000	18
chr6	131600000	130700000	18
chr6	132550000	131550000	20
chr6	133850000	132700000	23
chr6	135050000	137050000	40
chr6	138700000	138050000	13
chr6	140300000	137500000	56
chr6	145000000	146400000	28
chr6	147150000	147800000	13
chr6	148100000	149200000	22
chr7	  1800000	   800000	20
chr7	  6200000	  6800000	12
chr7	  6750000	  6100000	13
chr7	  6750000	  6150000	12
chr7	  8550000	  9950000	28
chr7	  8700000	 10850000	43
chr7	  8950000	  9550000	12
chr7	 13350000	 14000000	13
chr7	 13850000	 13300000	11
chr7	 14000000	 12250000	35
chr7	 17800000	 18550000	15
chr7	 17950000	 16350000	32
chr7	 19000000	 19400000	8
chr7	 19100000	 20900000	36
chr7	 20100000	 22600000	50
chr7	 22950000	 22050000	18
chr7	 26900000	 27350000	9
chr7	 28550000	 28150000	8
chr7	 28850000	 29650000	16
chr7	 29400000	 29750000	7
chr7	 30050000	 31900000	37
chr7	 30300000	 31350000	21
chr7	 30350000	 31050000	14
chr7	 31300000	 32850000	31
chr7	 32950000	 31200000	35
chr7	 33650000	 34350000	14
chr7	 34800000	 33750000	21
chr7	 38050000	 38950000	18
chr7	 38250000	 39750000	30
chr7	 39400000	 40100000	14
chr7	 40100000	 40700000	12
chr7	 40700000	 39750000	19
chr7	 44150000	 45000000	17
chr7	 50250000	 51050000	16
chr7	 52450000	 50050000	48
chr7	 53250000	 53250000	0
chr7	 54250000	 55250000	20
chr7	 56450000	 57500000	21
chr7	 56700000	 58650000	39
chr7	 57000000	 56150000	17
chr7	 59300000	 58500000	16
chr7	 59450000	 61150000	34
chr7	 60250000	 61300000	21
chr7	 60600000	 61750000	23
chr7	 61350000	 63300000	39
chr7	 62700000	 63700000	20
chr7	 63700000	 63050000	13
chr7	 64550000	 65050000	10
chr7	 65000000	 66000000	20
chr7	 66800000	 65950000	17
chr7	 68350000	 67350000	20
chr7	 72700000	 74500000	36
chr7	 73150000	 72750000	8
chr7	 75050000	 74200000	17
chr7	 75350000	 76500000	23
chr7	 77200000	 78400000	24
chr7	 77450000	 74900000	51
chr7	 80350000	 81600000	25
chr7	 80950000	 81900000	19
chr7	 81350000	 82950000	32
chr7	 84200000	 84800000	12
chr7	 84750000	 83900000	17
chr7	 84800000	 83600000	24
chr7	 85650000	 87450000	36
chr7	 85750000	 84500000	25
chr7	 89650000	 87750000	38
chr7	 95850000	 95550000	6
chr7	 96650000	 97950000	26
chr7	101150000	100600000	11
chr7	101400000	100750000	13
chr7	102200000	103000000	16
chr7	102250000	101550000	14
chr7	102400000	103700000	26
chr7	104400000	105850000	29
chr7	105950000	106550000	12
chr7	111400000	112350000	19
chr7	111400000	112550000	23
chr7	111750000	110700000	21
chr7	116650000	117000000	7
chr7	117650000	117100000	11
chr7	119350000	118650000	14
chr7	120400000	118850000	31
chr7	120400000	121200000	16
chr7	120500000	121150000	13
chr7	120550000	122800000	45
chr7	120800000	119750000	21
chr7	123300000	122550000	15
chr7	124350000	125400000	21
chr7	125200000	122800000	48
chr7	126850000	126350000	10
chr7	126850000	127850000	20
chr7	127300000	126050000	25
chr7	129700000	129250000	9
chr7	132850000	132000000	17
chr7	136750000	136250000	10
chr7	137850000	138300000	9
chr7	138450000	138200000	5
chr7	139750000	140700000	19
chr7	140050000	140550000	10
chr7	141250000	140650000	12
chr7	141800000	140450000	27
chr7	142500000	140850000	33
chr7	143100000	143600000	10
chr8	    50000	  1250000	24
chr8	  5450000	  5700000	5
chr8	  6850000	  7800000	19
chr8	  7250000	  7850000	12
chr8	  7850000	  6050000	36
chr8	  8200000	  9150000	19
chr8	  8500000	  7700000	16
chr8	 10150000	  9100000	21
chr8	 15100000	 14150000	19
chr8	 16950000	 18650000	34
chr8	 18000000	 16600000	28
chr8	 18550000	 19300000	15
chr8	 20350000	 19350000	20
chr8	 20650000	 20950000	6
chr8	 20950000	 23400000	49
chr8	 21250000	 19200000	41
chr8	 22150000	 23100000	19
chr8	 23250000	 21950000	26
chr8	 23250000	 23850000	12
chr8	 24850000	 25600000	15
chr8	 25150000	 23950000	24
chr8	 26000000	 26700000	14
chr8	 26150000	 27150000	20
chr8	 26900000	 27550000	13
chr8	 27700000	 26000000	34
chr8	 29600000	 29000000	12
chr8	 30550000	 31000000	9
chr8	 31050000	 32250000	24
chr8	 31550000	 30600000	19
chr8	 31700000	 33200000	30
chr8	 32150000	 31900000	5
chr8	 33050000	 31850000	24
chr8	 33200000	 33750000	11
chr8	 35050000	 36150000	22
chr8	 35300000	 37150000	37
chr8	 36700000	 39000000	46
chr8	 38850000	 39650000	16
chr8	 39900000	 40300000	8
chr8	 42550000	 40050000	50
chr8	 50550000	 51200000	13
chr8	 50800000	 50100000	14
chr8	 51150000	 52400000	25
chr8	 54800000	 55000000	4
chr8	 60050000	 59550000	10
chr8	 61100000	 61850000	15
chr8	 61100000	 62550000	29
chr8	 63900000	 62800000	22
chr8	 67300000	 66800000	10
chr8	 69500000	 70200000	14
chr8	 69850000	 71000000	23
chr8	 70450000	 71250000	16
chr8	 73500000	 75500000	40
chr8	 75050000	 76500000	29
chr8	 75950000	 75400000	11
chr8	 77050000	 76450000	12
chr8	 82550000	 83250000	14
chr8	 84350000	 85300000	19
chr8	 85250000	 85950000	14
chr8	 86650000	 87250000	12
chr8	 86750000	 85900000	17
chr8	 88950000	 86100000	57
chr8	 89200000	 87450000	35
chr8	 91450000	 93300000	37
chr8	 92100000	 92800000	14
chr8	 92950000	 92250000	14
chr8	 94350000	 92950000	28
chr8	 94850000	 94650000	4
chr8	 95250000	 94950000	6
chr8	 97850000	 97150000	14
chr8	 99900000	 99200000	14
chr8	100000000	100800000	16
chr8	100150000	 99100000	21
chr8	100750000	102250000	30
chr8	101800000	100750000	21
chr8	102000000	101300000	14
chr8	102250000	103250000	20
chr8	102700000	100000000	54
chr8	103050000	102700000	7
chr8	103650000	102200000	29
chr8	104000000	101000000	60
chr8	106950000	104900000	41
chr8	107700000	106700000	20
chr8	108500000	107900000	12
chr8	109350000	108800000	11
chr8	110350000	109300000	21
chr8	111700000	112300000	12
chr8	112050000	112850000	16
chr8	113750000	112950000	16
chr8	114700000	113500000	24
chr8	115450000	113650000	36
chr8	116500000	117750000	25
chr8	119000000	118550000	9
chr8	119100000	117650000	29
chr8	120750000	123300000	51
chr8	121100000	122400000	26
chr8	121150000	122150000	20
chr8	128050000	129050000	20
chr9	  1700000	  3200000	30
chr9	  6350000	  6050000	6
chr9	  7250000	  8650000	28
chr9	 11400000	 12450000	21
chr9	 14500000	 13150000	27
chr9	 16150000	 17450000	26
chr9	 17450000	 16550000	18
chr9	 18700000	 19550000	17
chr9	 19050000	 19650000	12
chr9	 20300000	 19200000	22
chr9	 22650000	 23400000	15
chr9	 22900000	 21400000	30
chr9	 23050000	 23750000	14
chr9	 28350000	 29550000	24
chr9	 29350000	 30250000	18
chr9	 33100000	 33850000	15
chr9	 34700000	 35450000	15
chr9	 34850000	 33600000	25
chr9	 37900000	 38350000	9
chr9	 39150000	 39950000	16
chr9	 40050000	 38400000	33
chr9	 40750000	 41550000	16
chr9	 42100000	 43150000	21
chr9	 43600000	 43400000	4
chr9	 44900000	 46150000	25
chr9	 46950000	 44750000	44
chr9	 48300000	 49550000	25
chr9	 51300000	 51750000	9
chr9	 52200000	 53850000	33
chr9	 52300000	 53200000	18
chr9	 54500000	 53400000	22
chr9	 54950000	 53350000	32
chr9	 56800000	 55700000	22
chr9	 56850000	 55800000	21
chr9	 57050000	 55550000	30
chr9	 64400000	 65050000	13
chr9	 65400000	 66350000	19
chr9	 66300000	 64950000	27
chr9	 66950000	 69400000	49
chr9	 68250000	 69500000	25
chr9	 68800000	 69150000	7
chr9	 69550000	 70950000	28
chr9	 70350000	 73350000	60
chr9	 72800000	 73800000	20
chr9	 74000000	 71950000	41
chr9	 74200000	 73550000	13
chr9	 76000000	 77500000	30
chr9	 78000000	 77000000	20
chr9	 79750000	 80850000	22
chr9	 80350000	 79600000	15
chr9	 81900000	 80800000	22
chr9	 83300000	 82300000	20
chr9	 84600000	 83400000	24
chr9	 84700000	 83900000	16
chr9	 86750000	 87100000	7
chr9	 88550000	 88800000	5
chr9	 89400000	 89750000	7
chr9	 91800000	 89400000	48
chr9	 94900000	 96100000	24
chr9	 96500000	 97750000	25
chr9	 97450000	 96900000	11
chr9	 99400000	100150000	15
chr9	101350000	100550000	16
chr9	102650000	101850000	16
chr9	107250000	107700000	9
chr9	108350000	107350000	20
chr9	108450000	106000000	49
chr9	110150000	110150000	0
chr9	111400000	112450000	21
chr9	112350000	110900000	29
chr9	112450000	111400000	21
chr9	112950000	113850000	18
chr9	115900000	114650000	25
chr9	116800000	116200000	12
chr9	118050000	119150000	22
chr9	118200000	119350000	23
chr9	118900000	118200000	14
chr9	119150000	118350000	16
chr9	120400000	121500000	22
chr9	120950000	119450000	30
chr9	121800000	120850000	19
chr9	123350000	123100000	5
chrX	   200000	  1050000	17
chrX	  1300000	  2600000	26
chrX	  2050000	  3000000	19
chrX	  6000000	  5800000	4
chrX	  6100000	  4250000	37
chrX	  6100000	  4300000	36
chrX	  7100000	  6150000	19
chrX	  7900000	  6800000	22
chrX	  9150000	  9700000	11
chrX	 11150000	  7750000	68
chrX	 12050000	 11450000	12
chrX	 12650000	 10800000	37
chrX	 13250000	 13900000	13
chrX	 13300000	 11500000	36
chrX	 14250000	 16000000	35
chrX	 14450000	 11950000	50
chrX	 15050000	 16100000	21
chrX	 16200000	 13850000	47
chrX	 16500000	 18100000	32
chrX	 18350000	 17550000	16
chrX	 19800000	 18400000	28
chrX	 20700000	 21250000	11
chrX	 20950000	 19650000	26
chrX	 22700000	 23450000	15
chrX	 23250000	 22450000	16
chrX	 23400000	 22550000	17
chrX	 26050000	 26950000	18
chrX	 26200000	 24750000	29
chrX	 26350000	 27150000	16
chrX	 27400000	 28300000	18
chrX	 28950000	 29900000	19
chrX	 30200000	 31400000	24
chrX	 32350000	 31650000	14
chrX	 32800000	 33950000	23
chrX	 33250000	 34200000	19
chrX	 36550000	 37700000	23
chrX	 37200000	 35500000	34
chrX	 37450000	 35750000	34
chrX	 38500000	 38300000	4
chrX	 39700000	 40350000	13
chrX	 40100000	 42100000	40
chrX	 42350000	 40700000	33
chrX	 44400000	 41800000	52
chrX	 45150000	 44200000	19
chrX	 49050000	 50950000	38
chrX	 51200000	 49800000	28
chrX	 53250000	 52850000	8
chrX	 54850000	 55350000	10
chrX	 56500000	 57300000	16
chrX	 57450000	 57850000	8
chrX	 57700000	 59100000	28
chrX	 58050000	 57250000	16
chrX	 65600000	 64750000	17
chrX	 66200000	 65800000	8
chrX	 66850000	 68250000	28
chrX	 67050000	 65950000	22
chrX	 67350000	 68550000	24
chrX	 67900000	 69250000	27
chrX	 69450000	 68650000	16
chrX	 70300000	 71650000	27
chrX	 73000000	 73600000	12
chrX	 74150000	 72550000	32
chrX	 75700000	 74950000	15
chrX	 76300000	 77650000	27
chrX	 77050000	 77650000	12
chrX	 78700000	 79700000	20
chrX	 79300000	 77550000	35
chrX	 83450000	 83150000	6
chrX	 87200000	 86750000	9
chrX	 88500000	 89250000	15
chrX	 89000000	 92150000	63
chrX	 89050000	 90200000	23
chrX	 89850000	 89650000	4
chrX	 91300000	 89650000	33
chrX	 92750000	 92200000	11
chrX	 93100000	 92350000	15
chrX	 93650000	 95000000	27
chrX	 95500000	 96600000	22
chrX	 96000000	 95450000	11
chrX	 98900000	 98200000	14
chrX	100050000	101150000	22
chrX	101350000	102100000	15
chrX	101400000	100000000	28
chrX	101950000	100650000	26
chrX	106250000	104600000	33
chrX	107650000	108750000	22
chrX	109000000	110750000	35
chrX	109450000	111200000	35
chrX	109800000	109050000	15
chrX	111950000	112750000	16
chrX	114650000	116400000	35
chrX	115300000	116000000	14
chrX	115500000	117500000	40
chrX	116750000	117050000	6
chrX	116900000	118000000	22
chrX	117050000	117900000	17
chrX	119000000	117300000	34
chrX	120100000	120650000	11
chrX	121100000	124000000	58
chrX	124300000	126500000	44
chrX	124950000	126400000	29
chrX	126050000	125100000	19
chrX	126250000	124450000	36
chrX	126350000	124600000	35
chrX	127400000	129050000	33
chrX	129200000	129500000	6
chrX	131950000	130600000	27
chrX	133000000	134700000	34
chrX	134000000	132800000	24
chrX	134850000	133500000	27
chrX	136500000	133850000	53
chrX	137000000	134750000	45
chrX	137050000	135750000	26
chrX	137900000	139850000	39
chrX	139600000	141300000	34
chrX	139650000	140300000	13
chrX	139900000	138500000	28
chrX	142800000	141300000	30
chrX	143250000	142300000	19
chrX	144450000	145450000	20
chrX	144550000	145950000	28
chrX	145400000	144150000	25
chrX	145700000	144850000	17
chrX	147400000	146050000	27
chrX	149950000	149600000	7
chrX	150950000	150650000	6
chrX	154000000	153000000	20
chrX	154450000	155300000	17
chrX	154550000	152450000	42
chrX	155450000	154550000	18
chrX	156650000	155550000	22
chrX	157100000	158650000	31
chrX	157350000	157200000	3
chrX	157500000	156200000	26
chrX	157850000	158800000	19
chrX	160600000	161450000	17
chrX	160800000	161150000	7
chrX	161200000	160800000	8
chrX	162950000	162650000	6
chrX	164600000	166400000	36
chrX	165600000	164950000	13
chrX	165800000	165000000	16
chrX	166050000	167650000	32
chrX	166550000	167550000	20
chrY	  5450000	  6250000	16
chrY	  9100000	  7950000	23
chrY	 11400000	 12050000	13
chrY	 12800000	 14100000	26
chrY	 13400000	 12700000	14
chrY	 13550000	 14850000	26
chrY	 19050000	 20500000	29
chrY	 20100000	 16550000	71
chrY	 22600000	 23600000	20
chrY	 22850000	 23500000	13
chrY	 24400000	 23650000	15
chrY	 24500000	 24200000	6
chrY	 28050000	 30650000	52
chrY	 30300000	 31300000	20
chrY	 34600000	 33650000	19
chrY	 37350000	 39150000	36
chrY	 37400000	 36750000	13
chrY	 39500000	 40200000	14
chrY	 43150000	 42600000	11
chrY	 43200000	 44550000	27
chrY	 44250000	 44750000	10
chrY	 45600000	 44250000	27
chrY	 50400000	 48900000	30
chrY	 55750000	 54350000	28
chrY	 55900000	 57000000	22
chrY	 56200000	 55500000	14
chrY	 57100000	 56050000	21
chrY	 58450000	 59300000	17
chrY	 59050000	 59300000	5
chrY	 59750000	 59250000	10
chrY	 68650000	 69950000	26
chrY	 68750000	 69900000	23
chrY	 69950000	 69050000	18
chrY	 70750000	 69650000	22
chrY	 73400000	 72050000	27
chrY	 74800000	 75350000	11
chrY	 75100000	 74850000	5
chrY	 75850000	 74750000	22
chrY	 78950000	 80300000	27
chrY	 79900000	 79150000	15
chrY	 80500000	 80800000	6
chrY	 82650000	 81600000	21
chrY	 83550000	 81850000	34
chrY	 84000000	 84950000	19
chrY	 84800000	 85600000	16
chrY	 86950000	 87650000	14
chrY	 87150000	 87500000	7
chrY	 88050000	 88450000	8
chrY	 90200000	 91400000	24
