chr1	  1350000	   800000	11
chr1	  2250000	  3250000	20
chr1	  2700000	  3500000	16
chr1	  3200000	  5400000	44
chr1	  3300000	  2250000	21
chr1	  4300000	  3450000	17
chr1	  7550000	  8600000	21
chr1	  8050000	  9800000	35
chr1	  8350000	  7850000	10
chr1	  8900000	  9900000	20
chr1	 13300000	 13300000	0
chr1	 17000000	 20100000	62
chr1	 17200000	 17850000	13
chr1	 18150000	 18750000	12
chr1	 19100000	 20100000	20
chr1	 20150000	 19100000	21
chr1	 20800000	 22700000	38
chr1	 21950000	 20800000	23
chr1	 22900000	 21900000	20
chr1	 25600000	 26550000	19
chr1	 26000000	 25250000	15
chr1	 26250000	 30900000	93
chr1	 27000000	 27950000	19
chr1	 28650000	 29550000	18
chr1	 29100000	 28400000	14
chr1	 31000000	 30250000	15
chr1	 31400000	 30000000	28
chr1	 31700000	 30800000	18
chr1	 32750000	 31050000	34
chr1	 36400000	 35000000	28
chr1	 38950000	 39750000	16
chr1	 39550000	 40300000	15
chr1	 41200000	 42500000	26
chr1	 41450000	 42300000	17
chr1	 42850000	 45100000	45
chr1	 43850000	 44950000	22
chr1	 45850000	 45450000	8
chr1	 45950000	 46300000	7
chr1	 46300000	 47550000	25
chr1	 47250000	 48300000	21
chr1	 47550000	 48100000	11
chr1	 49900000	 49300000	12
chr1	 51550000	 50350000	24
chr1	 52250000	 53750000	30
chr1	 52300000	 51650000	13
chr1	 57400000	 56200000	24
chr1	 57850000	 58750000	18
chr1	 58650000	 57500000	23
chr1	 59150000	 58350000	16
chr1	 59800000	 59250000	11
chr1	 61050000	 62750000	34
chr1	 62200000	 63050000	17
chr1	 62300000	 63950000	33
chr1	 65400000	 65000000	8
chr1	 66050000	 68000000	39
chr1	 66100000	 67100000	20
chr1	 66300000	 65100000	24
chr1	 69400000	 70250000	17
chr1	 70150000	 72750000	52
chr1	 71450000	 72500000	21
chr1	 71750000	 73700000	39
chr1	 72200000	 72750000	11
chr1	 73750000	 74350000	12
chr1	 74150000	 74800000	13
chr1	 74700000	 76600000	38
chr1	 75100000	 73850000	25
chr1	 76500000	 77900000	28
chr1	 77100000	 79350000	45
chr1	 77750000	 76400000	27
chr1	 81050000	 81700000	13
chr1	 81650000	 83200000	31
chr1	 85100000	 87200000	42
chr1	 85250000	 87100000	37
chr1	 86550000	 85800000	15
chr1	 88850000	 87200000	33
chr1	 89400000	 88150000	25
chr1	 90050000	 89400000	13
chr1	 91150000	 91850000	14
chr1	 91350000	 92750000	28
chr1	 93450000	 92250000	24
chr1	 94200000	 95150000	19
chr1	 95000000	 96450000	29
chr1	 95600000	 94550000	21
chr1	 95950000	 95400000	11
chr1	 96150000	 96700000	11
chr1	 97850000	 94850000	60
chr1	 98100000	 99450000	27
chr1	100450000	 99750000	14
chr1	101400000	102550000	23
chr1	102450000	103050000	12
chr1	104800000	103050000	35
chr1	104850000	106200000	27
chr1	108850000	109600000	15
chr1	109100000	110450000	27
chr1	109850000	110900000	21
chr1	112750000	114700000	39
chr1	113300000	112900000	8
chr1	113650000	114250000	12
chr1	113650000	114900000	25
chr1	114000000	115550000	31
chr1	114200000	115200000	20
chr1	115700000	116450000	15
chr1	117250000	115550000	34
chr1	117350000	115100000	45
chr1	119100000	117650000	29
chr1	119600000	120950000	27
chr1	121700000	124250000	51
chr1	122400000	123100000	14
chr1	124400000	123700000	14
chr1	125050000	124800000	5
chr1	126950000	129300000	47
chr1	128050000	127200000	17
chr1	128300000	127400000	18
chr1	129100000	127600000	30
chr1	129550000	126900000	53
chr1	130300000	130950000	13
chr1	131000000	132600000	32
chr1	131250000	129650000	32
chr1	132850000	134150000	26
chr1	133150000	131750000	28
chr1	134550000	135350000	16
chr1	134800000	135400000	12
chr1	135150000	133050000	42
chr1	135350000	137750000	48
chr1	136750000	138450000	34
chr1	137650000	138800000	23
chr1	139050000	140950000	38
chr1	139750000	139200000	11
chr1	139800000	140700000	18
chr1	141150000	140400000	15
chr1	141250000	141800000	11
chr1	142700000	144000000	26
chr1	144550000	145550000	20
chr1	145650000	143000000	53
chr1	145900000	145400000	10
chr1	147600000	145650000	39
chr1	149800000	152250000	49
chr1	150950000	150750000	4
chr1	151200000	152500000	26
chr1	151950000	150800000	23
chr1	153300000	154700000	28
chr1	157550000	161100000	71
chr1	157800000	159050000	25
chr1	159700000	161600000	38
chr1	160800000	160000000	16
chr1	160900000	159850000	21
chr1	164400000	163000000	28
chr1	164650000	164950000	6
chr1	166050000	165350000	14
chr1	166650000	165050000	32
chr1	174800000	173650000	23
chr1	177550000	176300000	25
chr1	177850000	179100000	25
chr1	180700000	182000000	26
chr1	180800000	179800000	20
chr1	183500000	181800000	34
chr1	186500000	188700000	44
chr1	190100000	190600000	10
chr1	190350000	189700000	13
chr1	194100000	192450000	33
chr10	  2150000	  3600000	29
chr10	  4250000	  6850000	52
chr10	  7350000	  6700000	13
chr10	 14550000	 14050000	10
chr10	 15000000	 17900000	58
chr10	 15350000	 14500000	17
chr10	 16800000	 17600000	16
chr10	 17650000	 18750000	22
chr10	 18050000	 18900000	17
chr10	 19450000	 20400000	19
chr10	 22200000	 22850000	13
chr10	 22650000	 21400000	25
chr10	 23550000	 24150000	12
chr10	 24000000	 24700000	14
chr10	 25550000	 25050000	10
chr10	 26200000	 25200000	20
chr10	 26250000	 25500000	15
chr10	 27200000	 26050000	23
chr10	 27200000	 30450000	65
chr10	 27850000	 25700000	43
chr10	 28900000	 28450000	9
chr10	 29200000	 28750000	9
chr10	 30950000	 30050000	18
chr10	 30950000	 30400000	11
chr10	 32200000	 31250000	19
chr10	 33250000	 31600000	33
chr10	 33500000	 34200000	14
chr10	 34500000	 33200000	26
chr10	 40900000	 41300000	8
chr10	 41800000	 41150000	13
chr10	 42100000	 41150000	19
chr10	 46000000	 45150000	17
chr10	 46050000	 46750000	14
chr10	 46450000	 44450000	40
chr10	 47100000	 47800000	14
chr10	 50550000	 52000000	29
chr10	 51450000	 52250000	16
chr10	 51900000	 51150000	15
chr10	 52750000	 53050000	6
chr10	 54800000	 53700000	22
chr10	 54850000	 52800000	41
chr10	 56550000	 56000000	11
chr10	 58050000	 56400000	33
chr10	 60400000	 61050000	13
chr10	 60850000	 62500000	33
chr10	 63550000	 62900000	13
chr10	 65650000	 64750000	18
chr10	 66100000	 67100000	20
chr10	 67400000	 68350000	19
chr10	 67550000	 67200000	7
chr10	 67750000	 66200000	31
chr10	 68750000	 67000000	35
chr10	 69000000	 69350000	7
chr10	 70650000	 68700000	39
chr10	 71050000	 70050000	20
chr10	 71550000	 70650000	18
chr10	 73850000	 75250000	28
chr10	 75100000	 75100000	0
chr10	 75700000	 76900000	24
chr10	 76150000	 75100000	21
chr10	 76500000	 75350000	23
chr10	 77250000	 78350000	22
chr10	 77450000	 75750000	34
chr10	 80100000	 80450000	7
chr10	 82250000	 81500000	15
chr10	 83500000	 81750000	35
chr10	 86400000	 87050000	13
chr10	 87000000	 87900000	18
chr10	 88250000	 86900000	27
chr10	 89300000	 88550000	15
chr10	 90250000	 91050000	16
chr10	 90900000	 91100000	4
chr10	 92150000	 91000000	23
chr10	 95000000	 93850000	23
chr10	 95350000	 94800000	11
chr10	 96450000	 95500000	19
chr10	 96600000	 97150000	11
chr10	 96900000	 99700000	56
chr10	 96950000	 95700000	25
chr10	 97150000	 96600000	11
chr10	 97650000	 96950000	14
chr10	 97900000	 99300000	28
chr10	 98350000	 99050000	14
chr10	 99250000	 97500000	35
chr10	 99650000	 98650000	20
chr10	104500000	103300000	24
chr10	105200000	104350000	17
chr10	105800000	106900000	22
chr10	106900000	106350000	11
chr10	110800000	111150000	7
chr10	113100000	113600000	10
chr10	115200000	116350000	23
chr10	116800000	115250000	31
chr10	117200000	115950000	25
chr10	117700000	116600000	22
chr10	118350000	117050000	26
chr10	118550000	120100000	31
chr10	121350000	123350000	40
chr10	128600000	130200000	32
chr10	129950000	130300000	7
chr11	   250000	  1550000	26
chr11	  3650000	  3300000	7
chr11	  7500000	  5300000	44
chr11	  7600000	  6150000	29
chr11	  9600000	  7300000	46
chr11	 11200000	 12150000	19
chr11	 11750000	 11000000	15
chr11	 13650000	 14400000	15
chr11	 14500000	 13450000	21
chr11	 16050000	 15400000	13
chr11	 16250000	 17450000	24
chr11	 16400000	 15100000	26
chr11	 17750000	 16600000	23
chr11	 20350000	 22150000	36
chr11	 23400000	 24350000	19
chr11	 23500000	 26700000	64
chr11	 26500000	 27300000	16
chr11	 27300000	 28200000	18
chr11	 27350000	 28650000	26
chr11	 27600000	 26200000	28
chr11	 27900000	 26200000	34
chr11	 28750000	 29850000	22
chr11	 30100000	 28750000	27
chr11	 30600000	 29750000	17
chr11	 31550000	 33150000	32
chr11	 32450000	 32900000	9
chr11	 34700000	 34250000	9
chr11	 36450000	 34950000	30
chr11	 36600000	 35450000	23
chr11	 38000000	 38450000	9
chr11	 38650000	 39550000	18
chr11	 39350000	 39750000	8
chr11	 41450000	 41450000	0
chr11	 42550000	 43500000	19
chr11	 45000000	 45800000	16
chr11	 45350000	 43850000	30
chr11	 47450000	 45950000	30
chr11	 49050000	 49750000	14
chr11	 49300000	 49000000	6
chr11	 49500000	 51050000	31
chr11	 50800000	 52150000	27
chr11	 51550000	 53700000	43
chr11	 53700000	 52550000	23
chr11	 53850000	 54750000	18
chr11	 54750000	 55800000	21
chr11	 55300000	 59150000	77
chr11	 55550000	 55050000	10
chr11	 55600000	 53950000	33
chr11	 57150000	 55950000	24
chr11	 57200000	 58400000	24
chr11	 57750000	 57100000	13
chr11	 59150000	 58250000	18
chr11	 62500000	 63300000	16
chr11	 63550000	 62900000	13
chr11	 63900000	 64050000	3
chr11	 66450000	 65050000	28
chr11	 70750000	 69550000	24
chr11	 71600000	 70700000	18
chr11	 71650000	 72150000	10
chr11	 72200000	 73350000	23
chr11	 74600000	 68600000	120
chr11	 77800000	 81700000	78
chr11	 77850000	 79500000	33
chr11	 79550000	 80100000	11
chr11	 79900000	 79150000	15
chr11	 80150000	 79200000	19
chr11	 80550000	 81850000	26
chr11	 81150000	 79750000	28
chr11	 81350000	 80300000	21
chr11	 81500000	 79000000	50
chr11	 82150000	 82700000	11
chr11	 83950000	 83550000	8
chr11	 84350000	 86700000	47
chr11	 86600000	 85650000	19
chr11	 86600000	 87350000	15
chr11	 88000000	 87050000	19
chr11	 88550000	 87000000	31
chr11	 88700000	 90400000	34
chr11	 88750000	 90600000	37
chr11	 92250000	 90600000	33
chr11	 93350000	 92900000	9
chr11	 93950000	 91850000	42
chr11	 94200000	 93450000	15
chr11	 94950000	 94600000	7
chr11	 95250000	 95550000	6
chr11	 95650000	 94800000	17
chr11	 96050000	 94650000	28
chr11	 96600000	 95650000	19
chr11	 96700000	 95900000	16
chr11	 97550000	 97900000	7
chr11	 97900000	 97250000	13
chr11	 98550000	 99500000	19
chr11	101350000	101900000	11
chr11	101350000	102450000	22
chr11	101450000	100250000	24
chr11	102100000	102900000	16
chr11	103350000	104000000	13
chr11	104200000	102950000	25
chr11	104200000	104800000	12
chr11	105550000	107500000	39
chr11	107450000	106600000	17
chr11	108000000	108650000	13
chr11	109300000	111500000	44
chr11	110750000	112550000	36
chr11	112050000	112950000	18
chr11	114900000	114150000	15
chr11	115200000	117500000	46
chr11	115600000	117450000	37
chr11	116350000	117250000	18
chr11	119500000	117500000	40
chr11	120850000	120000000	17
chr11	121050000	120200000	17
chr11	121350000	119500000	37
chr12	   100000	   650000	11
chr12	  2400000	  1350000	21
chr12	  2900000	  4300000	28
chr12	  5300000	  6350000	21
chr12	  8950000	  7250000	34
chr12	 11150000	 10250000	18
chr12	 12200000	 12750000	11
chr12	 12350000	 10700000	33
chr12	 13850000	 15250000	28
chr12	 14500000	 13600000	18
chr12	 14800000	 15350000	11
chr12	 15550000	 15000000	11
chr12	 18600000	 17350000	25
chr12	 18800000	 17850000	19
chr12	 19300000	 20850000	31
chr12	 19750000	 21000000	25
chr12	 20400000	 21450000	21
chr12	 20450000	 23200000	55
chr12	 21700000	 22350000	13
chr12	 27700000	 25300000	48
chr12	 29600000	 31450000	37
chr12	 32200000	 31350000	17
chr12	 32450000	 33200000	15
chr12	 33350000	 33750000	8
chr12	 33550000	 34350000	16
chr12	 33800000	 33300000	10
chr12	 34300000	 35450000	23
chr12	 34700000	 33800000	18
chr12	 38300000	 40350000	41
chr12	 38400000	 38850000	9
chr12	 39300000	 40900000	32
chr12	 39550000	 40650000	22
chr12	 43300000	 44000000	14
chr12	 43450000	 46100000	53
chr12	 43650000	 42700000	19
chr12	 48950000	 47950000	20
chr12	 50200000	 51000000	16
chr12	 51000000	 50450000	11
chr12	 51100000	 48600000	50
chr12	 52300000	 53000000	14
chr12	 52350000	 53050000	14
chr12	 53500000	 52350000	23
chr12	 54550000	 53000000	31
chr12	 54800000	 53300000	30
chr12	 55900000	 56750000	17
chr12	 56900000	 55600000	26
chr12	 64350000	 63650000	14
chr12	 66000000	 64350000	33
chr12	 66700000	 65400000	26
chr12	 68350000	 69500000	23
chr12	 72700000	 73000000	6
chr12	 73250000	 73750000	10
chr12	 77050000	 74900000	43
chr12	 77750000	 81700000	79
chr12	 80750000	 80750000	0
chr12	 82300000	 83550000	25
chr12	 83250000	 82350000	18
chr12	 83900000	 85750000	37
chr12	 84050000	 84500000	9
chr12	 84550000	 86400000	37
chr12	 85250000	 84300000	19
chr12	 85500000	 84500000	20
chr12	 88250000	 85150000	62
chr12	 88550000	 87800000	15
chr12	 89500000	 88600000	18
chr12	 92750000	 91850000	18
chr12	 94400000	 94300000	2
chr12	 96450000	 99050000	52
chr12	 96950000	 96000000	19
chr12	 98850000	100600000	35
chr12	 99300000	 98700000	12
chr12	100450000	102050000	32
chr12	101900000	102700000	16
chr12	102150000	101250000	18
chr12	102250000	102600000	7
chr12	102650000	101300000	27
chr12	102800000	103950000	23
chr12	104850000	106900000	41
chr12	104900000	106200000	26
chr12	106100000	105250000	17
chr12	106650000	105050000	32
chr12	108550000	109500000	19
chr12	109700000	110400000	14
chr12	110250000	111550000	26
chr12	111500000	112050000	11
chr12	113050000	111000000	41
chr12	115450000	116950000	30
chr12	117150000	118250000	22
chr12	117750000	116450000	26
chr12	118050000	116350000	34
chr12	119200000	118350000	17
chr12	119200000	118600000	12
chr12	119750000	119500000	5
chr13	  1500000	  2500000	20
chr13	  5650000	  4050000	32
chr13	  6800000	  6000000	16
chr13	  7050000	  5800000	25
chr13	  7800000	  6100000	34
chr13	  8300000	  7850000	9
chr13	  9200000	  9750000	11
chr13	 10000000	 11200000	24
chr13	 13000000	 14550000	31
chr13	 13950000	 14700000	15
chr13	 18350000	 17550000	16
chr13	 18500000	 18750000	5
chr13	 18750000	 18300000	9
chr13	 18750000	 18750000	0
chr13	 23150000	 23850000	14
chr13	 24600000	 22350000	45
chr13	 24700000	 25350000	13
chr13	 24700000	 28400000	74
chr13	 27050000	 27650000	12
chr13	 27100000	 26900000	4
chr13	 28800000	 27650000	23
chr13	 29200000	 29200000	0
chr13	 30450000	 29450000	20
chr13	 30500000	 31400000	18
chr13	 33400000	 32500000	18
chr13	 34150000	 33300000	17
chr13	 34750000	 34000000	15
chr13	 35600000	 35300000	6
chr13	 36850000	 39150000	46
chr13	 38300000	 37700000	12
chr13	 40350000	 38950000	28
chr13	 40850000	 42250000	28
chr13	 42650000	 41400000	25
chr13	 43150000	 42200000	19
chr13	 45400000	 44750000	13
chr13	 48250000	 47000000	25
chr13	 48850000	 51100000	45
chr13	 49800000	 47000000	56
chr13	 49800000	 50500000	14
chr13	 50750000	 51250000	10
chr13	 51500000	 52950000	29
chr13	 51550000	 50650000	18
chr13	 53300000	 54150000	17
chr13	 54700000	 53650000	21
chr13	 56800000	 56000000	16
chr13	 57700000	 58200000	10
chr13	 61850000	 60450000	28
chr13	 62050000	 62600000	11
chr13	 62250000	 61350000	18
chr13	 62650000	 63100000	9
chr13	 63050000	 64650000	32
chr13	 64150000	 64450000	6
chr13	 64700000	 65500000	16
chr13	 64900000	 66250000	27
chr13	 66300000	 66950000	13
chr13	 66750000	 68200000	29
chr13	 68400000	 69450000	21
chr13	 68950000	 69400000	9
chr13	 70550000	 71250000	14
chr13	 70750000	 70350000	8
chr13	 71100000	 70100000	20
chr13	 73100000	 72100000	20
chr13	 73300000	 74200000	18
chr13	 75400000	 74700000	14
chr13	 80300000	 81450000	23
chr13	 80650000	 80650000	0
chr13	 84150000	 85350000	24
chr13	 84900000	 84050000	17
chr13	 85350000	 83400000	39
chr13	 86200000	 84600000	32
chr13	 86500000	 87500000	20
chr13	 88050000	 89400000	27
chr13	 89950000	 90450000	10
chr13	 90400000	 90900000	10
chr13	 90550000	 91250000	14
chr13	 93050000	 91300000	35
chr13	 93950000	 92900000	21
chr13	 94050000	 95150000	22
chr13	 94650000	 95000000	7
chr13	 95500000	 94550000	19
chr13	 96050000	 95450000	12
chr13	 97450000	 98400000	19
chr13	 98150000	 99200000	21
chr13	 98200000	 98600000	8
chr13	 98750000	 97950000	16
chr13	 99500000	 98300000	24
chr13	100150000	101850000	34
chr13	100850000	 99700000	23
chr13	101400000	100550000	17
chr13	110200000	109150000	21
chr13	111200000	110700000	10
chr13	111350000	110500000	17
chr13	111550000	110950000	12
chr13	112750000	112550000	4
chr13	112850000	112000000	17
chr13	113300000	113950000	13
chr13	114900000	115350000	9
chr13	115900000	114850000	21
chr13	117700000	117200000	10
chr13	119100000	117300000	36
chr13	120000000	119000000	20
chr14	  4150000	  2500000	33
chr14	  6350000	  5800000	11
chr14	  8650000	 10000000	27
chr14	 10300000	  8750000	31
chr14	 13000000	 14000000	20
chr14	 13350000	 14650000	26
chr14	 14000000	 14750000	15
chr14	 17650000	 16800000	17
chr14	 18300000	 20150000	37
chr14	 18400000	 18850000	9
chr14	 19200000	 18150000	21
chr14	 20100000	 21050000	19
chr14	 20500000	 19600000	18
chr14	 20950000	 21850000	18
chr14	 21100000	 22150000	21
chr14	 21550000	 20500000	21
chr14	 25350000	 24950000	8
chr14	 28000000	 28650000	13
chr14	 29550000	 28450000	22
chr14	 30250000	 29600000	13
chr14	 32100000	 33000000	18
chr14	 33300000	 36200000	58
chr14	 33800000	 34900000	22
chr14	 33850000	 34900000	21
chr14	 34100000	 34900000	16
chr14	 35050000	 36800000	35
chr14	 35100000	 36100000	20
chr14	 35400000	 35800000	8
chr14	 36700000	 35700000	20
chr14	 37200000	 33850000	67
chr14	 41100000	 41950000	17
chr14	 44000000	 45150000	23
chr14	 44500000	 45400000	18
chr14	 45050000	 44750000	6
chr14	 45750000	 45550000	4
chr14	 46350000	 44400000	39
chr14	 49150000	 48700000	9
chr14	 49700000	 48500000	24
chr14	 50250000	 51500000	25
chr14	 56700000	 56150000	11
chr14	 60250000	 61150000	18
chr14	 60350000	 59200000	23
chr14	 61150000	 59450000	34
chr14	 62800000	 64550000	35
chr14	 63200000	 61900000	26
chr14	 63550000	 63150000	8
chr14	 67250000	 68700000	29
chr14	 68400000	 66950000	29
chr14	 68600000	 68050000	11
chr14	 71350000	 69600000	35
chr14	 71750000	 71300000	9
chr14	 72100000	 71950000	3
chr14	 72250000	 71950000	6
chr14	 73600000	 75450000	37
chr14	 74500000	 73900000	12
chr14	 74700000	 75450000	15
chr14	 74850000	 73600000	25
chr14	 75600000	 74400000	24
chr14	 76050000	 76900000	17
chr14	 76350000	 77500000	23
chr14	 77500000	 76550000	19
chr14	 78450000	 77650000	16
chr14	 79250000	 79700000	9
chr14	 79350000	 77800000	31
chr14	 81600000	 80400000	24
chr14	 82150000	 81500000	13
chr14	 87250000	 86850000	8
chr14	 88000000	 85500000	50
chr14	 91300000	 89950000	27
chr14	 91600000	 92200000	12
chr14	 91900000	 92700000	16
chr14	 92350000	 91300000	21
chr14	 94200000	 95950000	35
chr14	 94300000	 93500000	16
chr14	 94700000	 95400000	14
chr14	 95400000	 93450000	39
chr14	 97250000	 98100000	17
chr14	 98550000	 99650000	22
chr14	102300000	101250000	21
chr14	104050000	104850000	16
chr14	104400000	103200000	24
chr14	104500000	105500000	20
chr14	106500000	106750000	5
chr14	107050000	107900000	17
chr14	107150000	108050000	18
chr14	110150000	109550000	12
chr14	111000000	111450000	9
chr14	111800000	110500000	26
chr14	112300000	111600000	14
chr14	113200000	111350000	37
chr14	114550000	115000000	9
chr14	114600000	116200000	32
chr14	114850000	113700000	23
chr14	115400000	114550000	17
chr14	115900000	117050000	23
chr14	116400000	116150000	5
chr14	116850000	115600000	25
chr14	118000000	119700000	34
chr14	120900000	121850000	19
chr14	121850000	121450000	8
chr14	124100000	123250000	17
chr14	124150000	124150000	0
chr15	  1000000	  1650000	13
chr15	  1900000	  4600000	54
chr15	  3100000	  5150000	41
chr15	  4750000	  4200000	11
chr15	  5300000	  4300000	20
chr15	  5700000	  6050000	7
chr15	  8100000	  7300000	16
chr15	 12250000	 13850000	32
chr15	 12850000	 14300000	29
chr15	 13650000	 12950000	14
chr15	 15900000	 16300000	8
chr15	 20800000	 22050000	25
chr15	 22300000	 21200000	22
chr15	 24800000	 24300000	10
chr15	 29050000	 28500000	11
chr15	 29950000	 28400000	31
chr15	 33900000	 36000000	42
chr15	 34200000	 33600000	12
chr15	 36850000	 34800000	41
chr15	 37800000	 36850000	19
chr15	 37850000	 39200000	27
chr15	 39850000	 38800000	21
chr15	 40100000	 41450000	27
chr15	 40950000	 39250000	34
chr15	 42000000	 43800000	36
chr15	 46600000	 47500000	18
chr15	 47700000	 48600000	18
chr15	 49500000	 47900000	32
chr15	 49650000	 49150000	10
chr15	 51400000	 52800000	28
chr15	 52650000	 53050000	8
chr15	 53150000	 52050000	22
chr15	 53350000	 54650000	26
chr15	 54650000	 52650000	40
chr15	 59150000	 59500000	7
chr15	 59300000	 58300000	20
chr15	 65650000	 64900000	15
chr15	 66700000	 68000000	26
chr15	 67150000	 66350000	16
chr15	 69300000	 70000000	14
chr15	 71300000	 72400000	22
chr15	 73300000	 75450000	43
chr15	 73450000	 74750000	26
chr15	 76450000	 76900000	9
chr15	 77600000	 76400000	24
chr15	 78200000	 76050000	43
chr15	 78950000	 78600000	7
chr15	 79150000	 80600000	29
chr15	 80050000	 79800000	5
chr15	 81450000	 81000000	9
chr15	 83450000	 83450000	0
chr15	 83600000	 85100000	30
chr15	 84850000	 85500000	13
chr15	 85200000	 84500000	14
chr15	 85550000	 86200000	13
chr15	 86350000	 87150000	16
chr15	 86900000	 88200000	26
chr15	 87100000	 88650000	31
chr15	 87700000	 88250000	11
chr15	 88000000	 86700000	26
chr15	 88100000	 88850000	15
chr15	 88700000	 89800000	22
chr15	 93400000	 95050000	33
chr15	 93550000	 97150000	72
chr15	 94850000	 94050000	16
chr15	 95950000	 95350000	12
chr15	 97600000	 98800000	24
chr15	 99700000	 99000000	14
chr15	103750000	102300000	29
chr16	   400000	   900000	10
chr16	  2450000	  2850000	8
chr16	  3600000	  4850000	25
chr16	  6000000	  5250000	15
chr16	  6750000	  8700000	39
chr16	  9250000	  7650000	32
chr16	  9450000	 11900000	49
chr16	 10350000	 11350000	20
chr16	 10600000	  9950000	13
chr16	 11300000	 11700000	8
chr16	 12050000	 11350000	14
chr16	 12900000	 10600000	46
chr16	 13750000	 16550000	56
chr16	 18700000	 17650000	21
chr16	 20950000	 20650000	6
chr16	 21750000	 20800000	19
chr16	 22450000	 24250000	36
chr16	 25600000	 24250000	27
chr16	 31700000	 32700000	20
chr16	 33150000	 31950000	24
chr16	 40250000	 41950000	34
chr16	 40700000	 41150000	9
chr16	 40850000	 41400000	11
chr16	 44650000	 44050000	12
chr16	 48900000	 50350000	29
chr16	 50300000	 49300000	20
chr16	 54400000	 55400000	20
chr16	 54600000	 53450000	23
chr16	 56750000	 55800000	19
chr16	 58450000	 58850000	8
chr16	 60500000	 62050000	31
chr16	 60750000	 61300000	11
chr16	 60850000	 62350000	30
chr16	 61900000	 63550000	33
chr16	 61950000	 60500000	29
chr16	 64450000	 66250000	36
chr16	 66700000	 67700000	20
chr16	 66750000	 68250000	30
chr16	 67600000	 66900000	14
chr16	 70150000	 68900000	25
chr16	 76100000	 74650000	29
chr16	 79200000	 79700000	10
chr16	 80950000	 83350000	48
chr16	 82550000	 83400000	17
chr16	 82650000	 83350000	14
chr16	 83100000	 82300000	16
chr16	 83200000	 84950000	35
chr16	 85000000	 85350000	7
chr16	 86750000	 85300000	29
chr16	 88400000	 88800000	8
chr16	 91050000	 90250000	16
chr16	 91600000	 92850000	25
chr16	 92400000	 93750000	27
chr16	 92900000	 91300000	32
chr16	 93450000	 92800000	13
chr16	 95250000	 94950000	6
chr16	 96300000	 95450000	17
chr16	 97100000	 96600000	10
chr16	 97150000	 98050000	18
chr16	 98200000	 96600000	32
chr17	   950000	  2950000	40
chr17	  1950000	  2850000	18
chr17	  5450000	  4450000	20
chr17	 10350000	 12150000	36
chr17	 12300000	 13150000	17
chr17	 13200000	 12400000	16
chr17	 14700000	 15350000	13
chr17	 15050000	 16750000	34
chr17	 16750000	 17900000	23
chr17	 18250000	 19100000	17
chr17	 18400000	 18150000	5
chr17	 18450000	 19050000	12
chr17	 18550000	 19500000	19
chr17	 21400000	 21900000	10
chr17	 23100000	 23550000	9
chr17	 23150000	 21350000	36
chr17	 23400000	 23400000	0
chr17	 24100000	 22850000	25
chr17	 24650000	 23000000	33
chr17	 27800000	 26950000	17
chr17	 27850000	 26750000	22
chr17	 27900000	 28400000	10
chr17	 28100000	 28700000	12
chr17	 29700000	 28900000	16
chr17	 31800000	 30100000	34
chr17	 33950000	 34950000	20
chr17	 35200000	 34250000	19
chr17	 35500000	 38450000	59
chr17	 35800000	 37200000	28
chr17	 35950000	 36700000	15
chr17	 38700000	 37900000	16
chr17	 39450000	 40050000	12
chr17	 41600000	 43100000	30
chr17	 41950000	 43450000	30
chr17	 44650000	 45600000	19
chr17	 46700000	 47750000	21
chr17	 47450000	 46800000	13
chr17	 47900000	 46750000	23
chr17	 50350000	 47650000	54
chr17	 52300000	 54750000	49
chr17	 53100000	 54700000	32
chr17	 53700000	 55750000	41
chr17	 55150000	 56250000	22
chr17	 56400000	 58250000	37
chr17	 58100000	 58600000	10
chr17	 61250000	 62300000	21
chr17	 62250000	 61650000	12
chr17	 63150000	 62750000	8
chr17	 64800000	 63250000	31
chr17	 65600000	 65000000	12
chr17	 68950000	 68000000	19
chr17	 69900000	 71100000	24
chr17	 72650000	 73050000	8
chr17	 72850000	 74850000	40
chr17	 73000000	 73600000	12
chr17	 77850000	 76800000	21
chr17	 80150000	 79450000	14
chr17	 80800000	 80150000	13
chr17	 82550000	 83100000	11
chr17	 83950000	 84650000	14
chr17	 85350000	 86050000	14
chr17	 85950000	 86850000	18
chr17	 86650000	 85900000	15
chr17	 86750000	 87850000	22
chr17	 92500000	 91400000	22
chr17	 93750000	 93000000	15
chr18	  2950000	  1300000	33
chr18	  4250000	  2700000	31
chr18	  6050000	  5450000	12
chr18	  7000000	  7650000	13
chr18	  7300000	  6650000	13
chr18	 11050000	  9650000	28
chr18	 11450000	 11000000	9
chr18	 12950000	 12000000	19
chr18	 13050000	 12300000	15
chr18	 16850000	 16100000	15
chr18	 17300000	 19050000	35
chr18	 19800000	 19150000	13
chr18	 20550000	 23000000	49
chr18	 24200000	 25050000	17
chr18	 27200000	 28350000	23
chr18	 34700000	 32650000	41
chr18	 35300000	 37300000	40
chr18	 37000000	 36400000	12
chr18	 37100000	 36500000	12
chr18	 39600000	 39800000	4
chr18	 40800000	 40000000	16
chr18	 41100000	 39400000	34
chr18	 41450000	 41900000	9
chr18	 42300000	 42800000	10
chr18	 42700000	 43900000	24
chr18	 44950000	 44250000	14
chr18	 46350000	 47650000	26
chr18	 48600000	 47500000	22
chr18	 48700000	 50350000	33
chr18	 52900000	 52200000	14
chr18	 53000000	 54350000	27
chr18	 56600000	 55550000	21
chr18	 61250000	 58500000	55
chr18	 63800000	 63150000	13
chr18	 64350000	 59750000	92
chr18	 64950000	 64400000	11
chr18	 65950000	 64200000	35
chr18	 66550000	 67950000	28
chr18	 66700000	 67900000	24
chr18	 66750000	 67900000	23
chr18	 66950000	 64850000	42
chr18	 69150000	 68800000	7
chr18	 69500000	 68550000	19
chr18	 69750000	 71550000	36
chr18	 71200000	 74150000	59
chr18	 71250000	 72900000	33
chr18	 72450000	 71750000	14
chr18	 73150000	 72350000	16
chr18	 77850000	 78800000	19
chr18	 78750000	 79150000	8
chr18	 81000000	 79950000	21
chr18	 81900000	 81100000	16
chr18	 82450000	 83650000	24
chr18	 83800000	 84850000	21
chr18	 85050000	 84250000	16
chr18	 85950000	 85050000	18
chr18	 86100000	 84600000	30
chr19	   700000	  2350000	33
chr19	  1950000	  3200000	25
chr19	  2800000	  4300000	30
chr19	  4150000	  3550000	12
chr19	  5200000	  3300000	38
chr19	  7300000	  8100000	16
chr19	  7950000	  6150000	36
chr19	  8650000	 10250000	32
chr19	  8700000	  9550000	17
chr19	 10650000	  9450000	24
chr19	 10900000	  8700000	44
chr19	 13500000	 13750000	5
chr19	 14350000	 12000000	47
chr19	 14500000	 12650000	37
chr19	 14550000	 13450000	22
chr19	 14600000	 13300000	26
chr19	 15750000	 14300000	29
chr19	 16550000	 16800000	5
chr19	 17600000	 19650000	41
chr19	 19250000	 20350000	22
chr19	 19700000	 18600000	22
chr19	 19750000	 21150000	28
chr19	 20400000	 21500000	22
chr19	 21750000	 19850000	38
chr19	 22200000	 22750000	11
chr19	 23800000	 25900000	42
chr19	 24450000	 24150000	6
chr19	 25350000	 26250000	18
chr19	 25600000	 23700000	38
chr19	 27000000	 25950000	21
chr19	 28000000	 29250000	25
chr19	 28600000	 27600000	20
chr19	 29200000	 28100000	22
chr19	 29350000	 30200000	17
chr19	 30100000	 29200000	18
chr19	 30550000	 31750000	24
chr19	 32650000	 31950000	14
chr19	 33650000	 32800000	17
chr19	 37200000	 37000000	4
chr19	 38650000	 40800000	43
chr19	 39050000	 39600000	11
chr19	 39650000	 38050000	32
chr19	 40100000	 39450000	13
chr19	 40600000	 40000000	12
chr19	 41200000	 40950000	5
chr19	 42250000	 42750000	10
chr19	 42850000	 41900000	19
chr19	 43350000	 42400000	19
chr19	 44150000	 45200000	21
chr19	 44300000	 46100000	36
chr19	 45100000	 43850000	25
chr19	 46250000	 47200000	19
chr19	 46350000	 47050000	14
chr19	 47300000	 45900000	28
chr19	 47350000	 48700000	27
chr19	 47400000	 45750000	33
chr19	 47800000	 50550000	55
chr19	 50700000	 48550000	43
chr19	 52400000	 51200000	24
chr19	 54450000	 53050000	28
chr19	 54750000	 53850000	18
chr19	 55950000	 55350000	12
chr19	 58000000	 58950000	19
chr19	 58500000	 56650000	37
chr19	 60700000	 61350000	13
chr2	   750000	  1600000	17
chr2	  2150000	  1550000	12
chr2	  3350000	  2850000	10
chr2	  3550000	  3550000	0
chr2	  4750000	  6200000	29
chr2	  6500000	  7550000	21
chr2	  7100000	  5250000	37
chr2	  8100000	  7300000	16
chr2	  9350000	  8500000	17
chr2	  9400000	 11200000	36
chr2	 10750000	 11400000	13
chr2	 14200000	 12200000	40
chr2	 14250000	 13800000	9
chr2	 14900000	 13600000	26
chr2	 15100000	 17000000	38
chr2	 16700000	 17100000	8
chr2	 18050000	 17350000	14
chr2	 19400000	 18000000	28
chr2	 20550000	 22350000	36
chr2	 23100000	 25550000	49
chr2	 23200000	 23900000	14
chr2	 23900000	 24400000	10
chr2	 24800000	 24050000	15
chr2	 27050000	 25750000	26
chr2	 27150000	 26450000	14
chr2	 28200000	 27650000	11
chr2	 29050000	 29750000	14
chr2	 30650000	 29300000	27
chr2	 31150000	 31650000	10
chr2	 37250000	 36750000	10
chr2	 37400000	 36650000	15
chr2	 40000000	 38800000	24
chr2	 40200000	 39100000	22
chr2	 42200000	 42650000	9
chr2	 50500000	 51300000	16
chr2	 50850000	 49150000	34
chr2	 51900000	 49700000	44
chr2	 52000000	 50200000	36
chr2	 53500000	 53250000	5
chr2	 54650000	 54650000	0
chr2	 55450000	 55100000	7
chr2	 56850000	 58300000	29
chr2	 57900000	 56650000	25
chr2	 58350000	 59950000	32
chr2	 63250000	 61500000	35
chr2	 64000000	 61950000	41
chr2	 65800000	 65150000	13
chr2	 70550000	 73150000	52
chr2	 74300000	 73650000	13
chr2	 74750000	 74400000	7
chr2	 74800000	 75250000	9
chr2	 75100000	 75550000	9
chr2	 77000000	 77650000	13
chr2	 77550000	 77900000	7
chr2	 78100000	 78850000	15
chr2	 79300000	 79600000	6
chr2	 80000000	 81150000	23
chr2	 80700000	 79300000	28
chr2	 81200000	 82000000	16
chr2	 81650000	 82050000	8
chr2	 86050000	 84150000	38
chr2	 86500000	 84700000	36
chr2	 87100000	 84050000	61
chr2	 88300000	 87150000	23
chr2	 89000000	 91900000	58
chr2	 89200000	 88900000	6
chr2	 91050000	 92050000	20
chr2	 91450000	 92650000	24
chr2	 92550000	 93750000	24
chr2	 92700000	 91950000	15
chr2	 93350000	 95250000	38
chr2	 95900000	 96800000	18
chr2	 95950000	 95300000	13
chr2	101350000	 99450000	38
chr2	102850000	103400000	11
chr2	102950000	101800000	23
chr2	105900000	105450000	9
chr2	106950000	105650000	26
chr2	107550000	107150000	8
chr2	112300000	111450000	17
chr2	112900000	111950000	19
chr2	114850000	115100000	5
chr2	116300000	117000000	14
chr2	118750000	118950000	4
chr2	118750000	119250000	10
chr2	123250000	124950000	34
chr2	125700000	125200000	10
chr2	126100000	124800000	26
chr2	126800000	127900000	22
chr2	127300000	126750000	11
chr2	127400000	128200000	16
chr2	130250000	131500000	25
chr2	130300000	129450000	17
chr2	131450000	133050000	32
chr2	132850000	133400000	11
chr2	133300000	134350000	21
chr2	133300000	135150000	37
chr2	134550000	136300000	35
chr2	135950000	134750000	24
chr2	137600000	137000000	12
chr2	139000000	141000000	40
chr2	140400000	141200000	16
chr2	140500000	139500000	20
chr2	140900000	138200000	54
chr2	144350000	145100000	15
chr2	146100000	147200000	22
chr2	147200000	146850000	7
chr2	149250000	152600000	67
chr2	149350000	147750000	32
chr2	149600000	149000000	12
chr2	151000000	152850000	37
chr2	152400000	153800000	28
chr2	152550000	153600000	21
chr2	153150000	153650000	10
chr2	154800000	152600000	44
chr2	155200000	154600000	12
chr2	155550000	156350000	16
chr2	157900000	159900000	40
chr2	158650000	157600000	21
chr2	163150000	162700000	9
chr2	164550000	163000000	31
chr2	165750000	167150000	28
chr2	166700000	166050000	13
chr2	166900000	166100000	16
chr2	168200000	170450000	45
chr2	172650000	173300000	13
chr2	175050000	176550000	30
chr2	178300000	179150000	17
chr2	179000000	178300000	14
chr2	180350000	179700000	13
chr2	180700000	181800000	22
chr2	181150000	181900000	15
chr2	181600000	180650000	19
chr3	  1800000	  5450000	73
chr3	  2200000	   800000	28
chr3	  3500000	  2650000	17
chr3	  5950000	  1400000	91
chr3	  8050000	  5700000	47
chr3	  8100000	  8850000	15
chr3	  9100000	 10800000	34
chr3	  9500000	 10900000	28
chr3	  9900000	 10700000	16
chr3	 11350000	 11950000	12
chr3	 12300000	 11300000	20
chr3	 12650000	 14400000	35
chr3	 12800000	  9950000	57
chr3	 14450000	 13950000	10
chr3	 14550000	 15600000	21
chr3	 14800000	 13850000	19
chr3	 15550000	 14650000	18
chr3	 16200000	 15050000	23
chr3	 16550000	 15300000	25
chr3	 16900000	 18050000	23
chr3	 17300000	 16750000	11
chr3	 18000000	 16150000	37
chr3	 19700000	 20300000	12
chr3	 19950000	 18500000	29
chr3	 20200000	 21700000	30
chr3	 20450000	 21450000	20
chr3	 23250000	 24450000	24
chr3	 24100000	 25000000	18
chr3	 29300000	 30950000	33
chr3	 35800000	 37850000	41
chr3	 35900000	 32950000	59
chr3	 39350000	 41350000	40
chr3	 39400000	 39750000	7
chr3	 39550000	 39050000	10
chr3	 42600000	 46200000	72
chr3	 44900000	 44300000	12
chr3	 47600000	 47300000	6
chr3	 48350000	 46250000	42
chr3	 48850000	 47300000	31
chr3	 49400000	 50700000	26
chr3	 50450000	 51100000	13
chr3	 50850000	 49400000	29
chr3	 53400000	 54450000	21
chr3	 55900000	 54850000	21
chr3	 59750000	 61250000	30
chr3	 60000000	 60750000	15
chr3	 60150000	 62550000	48
chr3	 60250000	 58600000	33
chr3	 60400000	 61750000	27
chr3	 60500000	 62550000	41
chr3	 60950000	 59550000	28
chr3	 61900000	 60750000	23
chr3	 62200000	 63600000	28
chr3	 64500000	 65550000	21
chr3	 65300000	 64550000	15
chr3	 65650000	 64100000	31
chr3	 70100000	 69400000	14
chr3	 70650000	 69550000	22
chr3	 72450000	 73800000	27
chr3	 72600000	 73600000	20
chr3	 73250000	 74600000	27
chr3	 73900000	 71800000	42
chr3	 74800000	 73800000	20
chr3	 74800000	 73950000	17
chr3	 76350000	 77550000	24
chr3	 77150000	 75800000	27
chr3	 78050000	 76750000	26
chr3	 81250000	 82450000	24
chr3	 85550000	 86800000	25
chr3	 86850000	 85800000	21
chr3	 87400000	 86800000	12
chr3	 89750000	 90750000	20
chr3	 93650000	 92950000	14
chr3	 94000000	 93200000	16
chr3	 94350000	 96250000	38
chr3	 94850000	 95400000	11
chr3	 98100000	 99200000	22
chr3	 99450000	100450000	20
chr3	100150000	 99350000	16
chr3	100650000	 99150000	30
chr3	100750000	101250000	10
chr3	102350000	103250000	18
chr3	103800000	103000000	16
chr3	104700000	105900000	24
chr3	104750000	103700000	21
chr3	107300000	106200000	22
chr3	109250000	108150000	22
chr3	109850000	110350000	10
chr3	110150000	111350000	24
chr3	116900000	118350000	29
chr3	117600000	118600000	20
chr3	120200000	120850000	13
chr3	121100000	124050000	59
chr3	122700000	121700000	20
chr3	123800000	125300000	30
chr3	126750000	124650000	42
chr3	127000000	128100000	22
chr3	128050000	126400000	33
chr3	128200000	127650000	11
chr3	130300000	131350000	21
chr3	131550000	131000000	11
chr3	131750000	130900000	17
chr3	134700000	135150000	9
chr3	136800000	136200000	12
chr3	138700000	137650000	21
chr3	139600000	140400000	16
chr3	141050000	143450000	48
chr3	143400000	142300000	22
chr3	146600000	143250000	67
chr3	147000000	145650000	27
chr3	150100000	147800000	46
chr3	151700000	150400000	26
chr3	153700000	152500000	24
chr3	156350000	155250000	22
chr3	157600000	158200000	12
chr3	159050000	158150000	18
chr4	  1800000	  4350000	51
chr4	  3900000	  3000000	18
chr4	  9200000	  8650000	11
chr4	 10950000	 12000000	21
chr4	 15800000	 14350000	29
chr4	 17650000	 18650000	20
chr4	 18900000	 19950000	21
chr4	 20000000	 18350000	33
chr4	 20750000	 19500000	25
chr4	 21050000	 22000000	19
chr4	 24100000	 22800000	26
chr4	 25750000	 26000000	5
chr4	 26100000	 27550000	29
chr4	 26550000	 28250000	34
chr4	 27250000	 26450000	16
chr4	 32350000	 33500000	23
chr4	 33500000	 34500000	20
chr4	 33550000	 34800000	25
chr4	 34750000	 35500000	15
chr4	 35000000	 34000000	20
chr4	 36150000	 38150000	40
chr4	 36400000	 37100000	14
chr4	 37650000	 36500000	23
chr4	 40200000	 41100000	18
chr4	 41400000	 41100000	6
chr4	 41500000	 40450000	21
chr4	 42100000	 40250000	37
chr4	 42500000	 43950000	29
chr4	 42600000	 41700000	18
chr4	 42950000	 45500000	51
chr4	 43900000	 46250000	47
chr4	 45500000	 43700000	36
chr4	 45550000	 46400000	17
chr4	 51850000	 53800000	39
chr4	 52000000	 52350000	7
chr4	 54750000	 55400000	13
chr4	 54900000	 54500000	8
chr4	 55400000	 54050000	27
chr4	 56650000	 57250000	12
chr4	 58350000	 57900000	9
chr4	 58900000	 57350000	31
chr4	 59100000	 57350000	35
chr4	 59400000	 58200000	24
chr4	 59900000	 58700000	24
chr4	 60000000	 59050000	19
chr4	 60500000	 61100000	12
chr4	 62150000	 63100000	19
chr4	 62950000	 64100000	23
chr4	 63700000	 65000000	26
chr4	 65000000	 67150000	43
chr4	 65750000	 67350000	32
chr4	 65800000	 67800000	40
chr4	 66050000	 66650000	12
chr4	 66350000	 67100000	15
chr4	 66850000	 66050000	16
chr4	 67050000	 66400000	13
chr4	 67550000	 66150000	28
chr4	 69450000	 68400000	21
chr4	 71200000	 68200000	60
chr4	 71450000	 72150000	14
chr4	 71800000	 72100000	6
chr4	 72300000	 74500000	44
chr4	 72400000	 73250000	17
chr4	 73700000	 75000000	26
chr4	 73900000	 77050000	63
chr4	 74350000	 73300000	21
chr4	 74500000	 72050000	49
chr4	 74700000	 72900000	36
chr4	 76950000	 74950000	40
chr4	 77100000	 77750000	13
chr4	 78100000	 77450000	13
chr4	 78800000	 80400000	32
chr4	 81150000	 84350000	64
chr4	 84450000	 84950000	10
chr4	 85300000	 82250000	61
chr4	 86450000	 85400000	21
chr4	 86550000	 85050000	30
chr4	 87000000	 86000000	20
chr4	 87450000	 86550000	18
chr4	 88900000	 87400000	30
chr4	 89450000	 88150000	26
chr4	 90450000	 91550000	22
chr4	 90900000	 91300000	8
chr4	 91500000	 92650000	23
chr4	 95350000	 93800000	31
chr4	 96050000	 95750000	6
chr4	 97400000	 96600000	16
chr4	 98350000	 99550000	24
chr4	100550000	101550000	20
chr4	101150000	102600000	29
chr4	103800000	102150000	33
chr4	104700000	103300000	28
chr4	105000000	107400000	48
chr4	106450000	104950000	30
chr4	110150000	111100000	19
chr4	111950000	112850000	18
chr4	113500000	112200000	26
chr4	115200000	118200000	60
chr4	116950000	115300000	33
chr4	117600000	118200000	12
chr4	118750000	119900000	23
chr4	120300000	120300000	0
chr4	121350000	123550000	44
chr4	121500000	120400000	22
chr4	121950000	121250000	14
chr4	124300000	122400000	38
chr4	124950000	124050000	18
chr4	124950000	124150000	16
chr4	125150000	123150000	40
chr4	125800000	125300000	10
chr4	126100000	127050000	19
chr4	126200000	125400000	16
chr4	129350000	127150000	44
chr4	132050000	134750000	54
chr4	133550000	132650000	18
chr4	134350000	133600000	15
chr4	136400000	134750000	33
chr4	136600000	136200000	8
chr4	137250000	138350000	22
chr4	138000000	139100000	22
chr4	139000000	138150000	17
chr4	139050000	137900000	23
chr4	139450000	137800000	33
chr4	140000000	140700000	14
chr4	140150000	140700000	11
chr4	140600000	141400000	16
chr4	140900000	141700000	16
chr4	142650000	141650000	20
chr4	144700000	143650000	21
chr4	146200000	143650000	51
chr4	146550000	146550000	0
chr4	147000000	148300000	26
chr4	147100000	148650000	31
chr4	150800000	150350000	9
chr4	154950000	154350000	12
chr5	  1400000	   950000	9
chr5	  3200000	  1950000	25
chr5	  6600000	  8100000	30
chr5	 12150000	 13950000	36
chr5	 13900000	 13550000	7
chr5	 14250000	 13400000	17
chr5	 16600000	 16250000	7
chr5	 17750000	 16900000	17
chr5	 20900000	 21200000	6
chr5	 21100000	 19850000	25
chr5	 23350000	 22200000	23
chr5	 25700000	 26650000	19
chr5	 29150000	 29850000	14
chr5	 31550000	 32350000	16
chr5	 31600000	 30500000	22
chr5	 32100000	 30750000	27
chr5	 32300000	 31100000	24
chr5	 34350000	 34200000	3
chr5	 37500000	 38700000	24
chr5	 37850000	 39600000	35
chr5	 38700000	 37900000	16
chr5	 39200000	 36550000	53
chr5	 39450000	 38250000	24
chr5	 39750000	 39050000	14
chr5	 40000000	 39450000	11
chr5	 42450000	 40050000	48
chr5	 43850000	 42850000	20
chr5	 44450000	 43100000	27
chr5	 44750000	 44000000	15
chr5	 45950000	 47100000	23
chr5	 47000000	 46150000	17
chr5	 47500000	 46050000	29
chr5	 47600000	 49850000	45
chr5	 48000000	 47250000	15
chr5	 50400000	 50000000	8
chr5	 53250000	 55200000	39
chr5	 53400000	 52950000	9
chr5	 53550000	 52650000	18
chr5	 53800000	 52300000	30
chr5	 56350000	 57750000	28
chr5	 56500000	 55750000	15
chr5	 57300000	 59100000	36
chr5	 58400000	 57850000	11
chr5	 58600000	 58000000	12
chr5	 59400000	 60500000	22
chr5	 63400000	 62400000	20
chr5	 64450000	 64800000	7
chr5	 65250000	 64450000	16
chr5	 66850000	 66100000	15
chr5	 67100000	 65700000	28
chr5	 67800000	 66800000	20
chr5	 67850000	 68900000	21
chr5	 69450000	 70750000	26
chr5	 69700000	 70800000	22
chr5	 69900000	 69200000	14
chr5	 69900000	 69650000	5
chr5	 74950000	 74200000	15
chr5	 79650000	 80750000	22
chr5	 81000000	 81450000	9
chr5	 81500000	 80750000	15
chr5	 87650000	 86500000	23
chr5	 87650000	 86900000	15
chr5	 93450000	 94050000	12
chr5	 96350000	 94850000	30
chr5	 96550000	 98250000	34
chr5	 96800000	 97300000	10
chr5	 97350000	 96950000	8
chr5	 97450000	 98450000	20
chr5	 98000000	 98650000	13
chr5	 98350000	 98700000	7
chr5	100700000	 99650000	21
chr5	101800000	100800000	20
chr5	103800000	104650000	17
chr5	104300000	103150000	23
chr5	108700000	109050000	7
chr5	110700000	109550000	23
chr5	111300000	111800000	10
chr5	113150000	112050000	22
chr5	115600000	116100000	10
chr5	115600000	116550000	19
chr5	118000000	116950000	21
chr5	118550000	119100000	11
chr5	119400000	118100000	26
chr5	119950000	118150000	36
chr5	120100000	123900000	76
chr5	120150000	121350000	24
chr5	122250000	121350000	18
chr5	129850000	130600000	15
chr5	130600000	131700000	22
chr5	135650000	137400000	35
chr5	138650000	136500000	43
chr5	138800000	139250000	9
chr5	138900000	139800000	18
chr5	141150000	141400000	5
chr5	141550000	140600000	19
chr5	144250000	145050000	16
chr5	144950000	145950000	20
chr5	146800000	145300000	30
chr5	147150000	147800000	13
chr5	148050000	149400000	27
chr5	148300000	148950000	13
chr5	149550000	150550000	20
chr5	150300000	150050000	5
chr6	  2250000	  3400000	23
chr6	  2300000	  1300000	20
chr6	  2500000	  3800000	26
chr6	  3100000	  5350000	45
chr6	  3300000	  3750000	9
chr6	  5750000	  4900000	17
chr6	  6550000	  8050000	30
chr6	  7500000	  8550000	21
chr6	  7850000	  6350000	30
chr6	  9150000	  8800000	7
chr6	  9300000	  8800000	10
chr6	  9500000	  8400000	22
chr6	 10450000	 11700000	25
chr6	 11600000	 11150000	9
chr6	 14250000	 14250000	0
chr6	 15950000	 16550000	12
chr6	 16300000	 15500000	16
chr6	 18650000	 18000000	13
chr6	 22300000	 20750000	31
chr6	 23050000	 21200000	37
chr6	 23050000	 22350000	14
chr6	 31300000	 31750000	9
chr6	 31800000	 33150000	27
chr6	 32150000	 30700000	29
chr6	 32300000	 33500000	24
chr6	 33050000	 32300000	15
chr6	 37200000	 39600000	48
chr6	 37800000	 39900000	42
chr6	 38000000	 39800000	36
chr6	 38450000	 36900000	31
chr6	 39800000	 38650000	23
chr6	 40900000	 41600000	14
chr6	 42450000	 42050000	8
chr6	 43700000	 42200000	30
chr6	 45450000	 44950000	10
chr6	 45450000	 45850000	8
chr6	 46500000	 47050000	11
chr6	 48250000	 47550000	14
chr6	 49450000	 49650000	4
chr6	 49850000	 49450000	8
chr6	 50150000	 51050000	18
chr6	 50200000	 49950000	5
chr6	 50900000	 52500000	32
chr6	 51250000	 53550000	46
chr6	 51750000	 53050000	26
chr6	 52150000	 50750000	28
chr6	 58250000	 58650000	8
chr6	 60050000	 58950000	22
chr6	 60300000	 59500000	16
chr6	 62100000	 63500000	28
chr6	 62650000	 63550000	18
chr6	 66550000	 65300000	25
chr6	 66600000	 65600000	20
chr6	 69200000	 68550000	13
chr6	 70600000	 71500000	18
chr6	 73550000	 73150000	8
chr6	 74350000	 74100000	5
chr6	 74500000	 76250000	35
chr6	 76800000	 75950000	17
chr6	 79000000	 80400000	28
chr6	 79850000	 80300000	9
chr6	 79900000	 78550000	27
chr6	 80450000	 82200000	35
chr6	 81600000	 80900000	14
chr6	 84100000	 86800000	54
chr6	 84600000	 82800000	36
chr6	 86150000	 87750000	32
chr6	 88200000	 89050000	17
chr6	 88350000	 89650000	26
chr6	 89500000	 88050000	29
chr6	 92700000	 93900000	24
chr6	 99350000	100350000	20
chr6	 99550000	100400000	17
chr6	101050000	 99900000	23
chr6	101350000	100600000	15
chr6	102950000	101900000	21
chr6	103000000	101800000	24
chr6	103450000	104000000	11
chr6	104850000	105950000	22
chr6	105950000	103850000	42
chr6	106000000	104750000	25
chr6	106950000	108450000	30
chr6	107600000	106550000	21
chr6	115150000	113600000	31
chr6	116200000	116700000	10
chr6	116350000	116650000	6
chr6	118050000	118350000	6
chr6	118750000	119750000	20
chr6	118800000	117400000	28
chr6	119650000	120750000	22
chr6	120150000	121300000	23
chr6	122000000	120800000	24
chr6	122950000	123250000	6
chr6	123700000	123200000	10
chr6	124850000	128100000	65
chr6	125300000	124400000	18
chr6	125650000	124200000	29
chr6	127900000	127050000	17
chr6	128050000	128850000	16
chr6	129100000	127600000	30
chr6	130900000	132200000	26
chr6	131400000	131900000	10
chr6	131950000	132850000	18
chr6	135100000	134350000	15
chr6	135250000	134350000	18
chr6	136350000	137350000	20
chr6	136800000	139050000	45
chr6	137450000	135900000	31
chr6	137800000	137000000	16
chr6	138450000	137250000	24
chr6	143000000	141400000	32
chr6	143550000	142950000	12
chr6	145400000	145800000	8
chr6	147500000	146600000	18
chr6	148550000	147550000	20
chr7	  1100000	  2500000	28
chr7	  3200000	  5750000	51
chr7	  4500000	  2000000	50
chr7	  5450000	  4350000	22
chr7	  6800000	  5850000	19
chr7	  7600000	  7100000	10
chr7	  9050000	 10800000	35
chr7	  9150000	  8250000	18
chr7	 10350000	  9850000	10
chr7	 10450000	 13700000	65
chr7	 11050000	 10050000	20
chr7	 12100000	 13850000	35
chr7	 12350000	 13400000	21
chr7	 12850000	 14200000	27
chr7	 13150000	 13500000	7
chr7	 14150000	 10850000	66
chr7	 14450000	 16400000	39
chr7	 15700000	 14600000	22
chr7	 17800000	 16700000	22
chr7	 19550000	 18200000	27
chr7	 19850000	 20250000	8
chr7	 23950000	 22250000	34
chr7	 24200000	 23150000	21
chr7	 25700000	 24950000	15
chr7	 29800000	 29250000	11
chr7	 30150000	 27050000	62
chr7	 30650000	 29950000	14
chr7	 32750000	 31250000	30
chr7	 36200000	 35900000	6
chr7	 37950000	 39200000	25
chr7	 38450000	 37650000	16
chr7	 38800000	 37250000	31
chr7	 39800000	 41600000	36
chr7	 42050000	 41350000	14
chr7	 42050000	 43400000	27
chr7	 43900000	 43200000	14
chr7	 44000000	 44500000	10
chr7	 45550000	 44050000	30
chr7	 46950000	 44100000	57
chr7	 49800000	 50000000	4
chr7	 50050000	 46500000	71
chr7	 50500000	 48450000	41
chr7	 51650000	 47900000	75
chr7	 54150000	 55400000	25
chr7	 59850000	 61150000	26
chr7	 61100000	 59650000	29
chr7	 61300000	 60000000	26
chr7	 62900000	 62400000	10
chr7	 65450000	 64700000	15
chr7	 66950000	 66400000	11
chr7	 67850000	 67150000	14
chr7	 70600000	 70350000	5
chr7	 72550000	 71500000	21
chr7	 73100000	 71650000	29
chr7	 77600000	 79600000	40
chr7	 78150000	 78350000	4
chr7	 80450000	 79300000	23
chr7	 82550000	 83400000	17
chr7	 84900000	 83900000	20
chr7	 85000000	 85650000	13
chr7	 85250000	 85500000	5
chr7	 87300000	 88200000	18
chr7	 88200000	 88700000	10
chr7	 89850000	 89000000	17
chr7	 91550000	 89550000	40
chr7	 94550000	 93200000	27
chr7	 94950000	 92000000	59
chr7	 95650000	 93050000	52
chr7	 95750000	 97800000	41
chr7	100200000	101950000	35
chr7	100400000	105250000	97
chr7	101400000	102100000	14
chr7	101800000	 98300000	70
chr7	102750000	101800000	19
chr7	102800000	103950000	23
chr7	103250000	103900000	13
chr7	105100000	104050000	21
chr7	105750000	105100000	13
chr7	107150000	106850000	6
chr7	107800000	107200000	12
chr7	108000000	108750000	15
chr7	108700000	109700000	20
chr7	109550000	107700000	37
chr7	109750000	112000000	45
chr7	117100000	117950000	17
chr7	117400000	114650000	55
chr7	119300000	120700000	28
chr7	128200000	128900000	14
chr7	133200000	131500000	34
chr7	134250000	133250000	20
chr7	134450000	135150000	14
chr7	135400000	134300000	22
chr7	135700000	134850000	17
chr7	135950000	136800000	17
chr7	139050000	139200000	3
chr7	140950000	139850000	22
chr7	141000000	139000000	40
chr7	141200000	140650000	11
chr7	141550000	142100000	11
chr7	141700000	141400000	6
chr7	143950000	144450000	10
chr7	145400000	144100000	26
chr8	  1500000	  2450000	19
chr8	  2250000	  3250000	20
chr8	  4950000	  4300000	13
chr8	  6050000	  2650000	68
chr8	  6100000	  5200000	18
chr8	  7100000	  6550000	11
chr8	  7350000	  6000000	27
chr8	  7500000	  7000000	10
chr8	  8250000	  9800000	31
chr8	 12200000	 11850000	7
chr8	 13900000	 13200000	14
chr8	 17100000	 16100000	20
chr8	 17900000	 16700000	24
chr8	 18250000	 16550000	34
chr8	 18950000	 19900000	19
chr8	 19250000	 18550000	14
chr8	 19750000	 19350000	8
chr8	 21600000	 21150000	9
chr8	 21750000	 21000000	15
chr8	 22350000	 23400000	21
chr8	 27400000	 28450000	21
chr8	 28200000	 28600000	8
chr8	 29650000	 30800000	23
chr8	 30350000	 31250000	18
chr8	 31100000	 32800000	34
chr8	 32050000	 31500000	11
chr8	 33050000	 32650000	8
chr8	 33450000	 34550000	22
chr8	 33750000	 34650000	18
chr8	 33800000	 34850000	21
chr8	 33900000	 30500000	68
chr8	 34500000	 33800000	14
chr8	 35250000	 36250000	20
chr8	 37800000	 38250000	9
chr8	 40700000	 42000000	26
chr8	 41150000	 41650000	10
chr8	 41700000	 42950000	25
chr8	 45900000	 47400000	30
chr8	 46350000	 45400000	19
chr8	 46800000	 47400000	12
chr8	 47550000	 48050000	10
chr8	 48050000	 47000000	21
chr8	 51100000	 51650000	11
chr8	 52100000	 51250000	17
chr8	 52450000	 54500000	41
chr8	 53000000	 52100000	18
chr8	 56050000	 54600000	29
chr8	 57050000	 58150000	22
chr8	 57350000	 56650000	14
chr8	 57350000	 58150000	16
chr8	 58750000	 59350000	12
chr8	 60650000	 59600000	21
chr8	 61150000	 63050000	38
chr8	 63700000	 62950000	15
chr8	 64050000	 62400000	33
chr8	 64400000	 65650000	25
chr8	 65250000	 66000000	15
chr8	 65400000	 66250000	17
chr8	 72000000	 70700000	26
chr8	 72350000	 71700000	13
chr8	 72400000	 73150000	15
chr8	 73600000	 71850000	35
chr8	 74050000	 74550000	10
chr8	 74200000	 73850000	7
chr8	 78800000	 80950000	43
chr8	 83450000	 85100000	33
chr8	 83800000	 82950000	17
chr8	 84150000	 82700000	29
chr8	 84250000	 85100000	17
chr8	 85950000	 85250000	14
chr8	 86600000	 85700000	18
chr8	 87850000	 88600000	15
chr8	 90600000	 91900000	26
chr8	 91450000	 90450000	20
chr8	 94200000	 93800000	8
chr8	 95250000	 97500000	45
chr8	 95600000	 94800000	16
chr8	 98650000	 99700000	21
chr8	 99200000	 98000000	24
chr8	 99800000	100950000	23
chr8	100200000	 99450000	15
chr8	109200000	108250000	19
chr8	111150000	110550000	12
chr8	112250000	113100000	17
chr8	113850000	112850000	20
chr8	113900000	114650000	15
chr8	115150000	116250000	22
chr8	115350000	114150000	24
chr8	115800000	116350000	11
chr8	116650000	115200000	29
chr8	119150000	118550000	12
chr8	121300000	122300000	20
chr8	122350000	123100000	15
chr8	123000000	122700000	6
chr8	123650000	123000000	13
chr8	123900000	125350000	29
chr8	125700000	125400000	6
chr8	127700000	129050000	27
chr8	127900000	128900000	20
chr8	128000000	128600000	12
chr8	128350000	128950000	12
chr8	129000000	127750000	25
chr9	   900000	    50000	17
chr9	  1150000	  2150000	20
chr9	  1350000	  1850000	10
chr9	  3150000	  2500000	13
chr9	  8550000	 10300000	35
chr9	  8600000	  7500000	22
chr9	  9700000	 10300000	12
chr9	  9750000	  8950000	16
chr9	  9850000	  9100000	15
chr9	 12350000	 11250000	22
chr9	 13600000	 12600000	20
chr9	 14750000	 17100000	47
chr9	 17700000	 18200000	10
chr9	 18550000	 17700000	17
chr9	 21000000	 19350000	33
chr9	 22050000	 22900000	17
chr9	 23500000	 22100000	28
chr9	 23950000	 21150000	56
chr9	 24200000	 25250000	21
chr9	 25200000	 26450000	25
chr9	 28750000	 30050000	26
chr9	 35200000	 33950000	25
chr9	 36300000	 35000000	26
chr9	 36750000	 37500000	15
chr9	 38900000	 40200000	26
chr9	 40250000	 39600000	13
chr9	 41000000	 42400000	28
chr9	 41250000	 40500000	15
chr9	 42200000	 41250000	19
chr9	 42800000	 43550000	15
chr9	 44350000	 44700000	7
chr9	 44350000	 46250000	38
chr9	 44500000	 45450000	19
chr9	 45450000	 46250000	16
chr9	 46250000	 46350000	2
chr9	 46350000	 47600000	25
chr9	 46700000	 49050000	47
chr9	 47650000	 44150000	70
chr9	 49050000	 51200000	43
chr9	 50300000	 49900000	8
chr9	 51900000	 52650000	15
chr9	 52250000	 55000000	55
chr9	 52900000	 55450000	51
chr9	 55300000	 56850000	31
chr9	 57000000	 55800000	24
chr9	 59800000	 58950000	17
chr9	 61750000	 59750000	40
chr9	 62850000	 61450000	28
chr9	 64000000	 62600000	28
chr9	 65600000	 64750000	17
chr9	 66300000	 67100000	16
chr9	 67550000	 66650000	18
chr9	 68300000	 68300000	0
chr9	 68750000	 70000000	25
chr9	 71150000	 72350000	24
chr9	 72200000	 73200000	20
chr9	 74350000	 74700000	7
chr9	 75000000	 76700000	34
chr9	 82250000	 81450000	16
chr9	 82550000	 83000000	9
chr9	 82750000	 80800000	39
chr9	 83000000	 84250000	25
chr9	 84750000	 83750000	20
chr9	 86050000	 81100000	99
chr9	 86450000	 86150000	6
chr9	 89450000	 90850000	28
chr9	 93550000	 95300000	35
chr9	 96500000	 97450000	19
chr9	 97100000	 96150000	19
chr9	 97850000	 99100000	25
chr9	 98650000	 97000000	33
chr9	 99900000	100950000	21
chr9	100850000	 98350000	50
chr9	100900000	 99000000	38
chr9	100900000	100350000	11
chr9	103100000	105050000	39
chr9	103550000	104150000	12
chr9	103750000	106900000	63
chr9	105500000	106700000	24
chr9	108050000	109700000	33
chr9	110450000	109450000	20
chr9	112350000	110950000	28
chr9	113050000	112100000	19
chr9	113600000	115650000	41
chr9	114450000	112500000	39
chr9	114450000	114000000	9
chr9	116250000	116950000	14
chr9	117150000	118950000	36
chr9	118350000	119550000	24
chr9	122200000	121150000	21
chr9	123100000	124250000	23
chr9	123800000	123100000	14
chr9	124400000	123650000	15
chrX	  1400000	  2200000	16
chrX	  3850000	  3350000	10
chrX	  4650000	  7550000	58
chrX	  5350000	  4300000	21
chrX	 10600000	 15100000	90
chrX	 12750000	 11450000	26
chrX	 15400000	 13100000	46
chrX	 15650000	 16350000	14
chrX	 16150000	 15200000	19
chrX	 17050000	 17750000	14
chrX	 17200000	 18250000	21
chrX	 18100000	 18950000	17
chrX	 18400000	 17800000	12
chrX	 20000000	 20550000	11
chrX	 24000000	 25350000	27
chrX	 27000000	 27800000	16
chrX	 27050000	 26150000	18
chrX	 28450000	 26550000	38
chrX	 29300000	 28150000	23
chrX	 29400000	 30250000	17
chrX	 30300000	 30000000	6
chrX	 34150000	 35500000	27
chrX	 35200000	 35600000	8
chrX	 36000000	 35250000	15
chrX	 36200000	 36950000	15
chrX	 38300000	 37600000	14
chrX	 38650000	 36650000	40
chrX	 40000000	 40950000	19
chrX	 41100000	 42650000	31
chrX	 42550000	 44400000	37
chrX	 43050000	 40850000	44
chrX	 43200000	 44550000	27
chrX	 43550000	 44450000	18
chrX	 43700000	 42550000	23
chrX	 44000000	 42900000	22
chrX	 44850000	 43400000	29
chrX	 45200000	 45550000	7
chrX	 45350000	 44350000	20
chrX	 49000000	 48150000	17
chrX	 52450000	 51200000	25
chrX	 53000000	 51900000	22
chrX	 56200000	 54800000	28
chrX	 57350000	 59250000	38
chrX	 59250000	 58700000	11
chrX	 59250000	 59850000	12
chrX	 60550000	 60950000	8
chrX	 60850000	 59550000	26
chrX	 61250000	 59750000	30
chrX	 61850000	 62150000	6
chrX	 65300000	 66700000	28
chrX	 65400000	 67600000	44
chrX	 65500000	 62950000	51
chrX	 65500000	 64750000	15
chrX	 66450000	 64500000	39
chrX	 67750000	 66500000	25
chrX	 68550000	 66050000	50
chrX	 69050000	 70800000	35
chrX	 69150000	 69900000	15
chrX	 70200000	 71600000	28
chrX	 70300000	 69000000	26
chrX	 70450000	 71400000	19
chrX	 72150000	 72750000	12
chrX	 75200000	 76200000	20
chrX	 76150000	 77000000	17
chrX	 81050000	 81950000	18
chrX	 81200000	 78600000	52
chrX	 85050000	 85550000	10
chrX	 85350000	 83650000	34
chrX	 85550000	 84700000	17
chrX	 85800000	 84150000	33
chrX	 86600000	 85150000	29
chrX	 87600000	 89100000	30
chrX	 88000000	 89450000	29
chrX	 90350000	 89950000	8
chrX	 91500000	 90100000	28
chrX	 92050000	 90400000	33
chrX	 92100000	 93000000	18
chrX	 92300000	 92600000	6
chrX	 92300000	 92900000	12
chrX	 92850000	 93800000	19
chrX	 93050000	 93850000	16
chrX	 94450000	 92850000	32
chrX	 95900000	 97100000	24
chrX	 97000000	 96150000	17
chrX	 97150000	 97600000	9
chrX	 99850000	101300000	29
chrX	101900000	101550000	7
chrX	104900000	102800000	42
chrX	105050000	105500000	9
chrX	105200000	107500000	46
chrX	107050000	106000000	21
chrX	107150000	107550000	8
chrX	107400000	105600000	36
chrX	108150000	108650000	10
chrX	109100000	108150000	19
chrX	109600000	111150000	31
chrX	111800000	112650000	17
chrX	112200000	108750000	69
chrX	112500000	113350000	17
chrX	114150000	115950000	36
chrX	114250000	114700000	9
chrX	114700000	115300000	12
chrX	115450000	116700000	25
chrX	117450000	116650000	16
chrX	118850000	120200000	27
chrX	119700000	119100000	12
chrX	121050000	121250000	4
chrX	121100000	123150000	41
chrX	121600000	120450000	23
chrX	123100000	124150000	21
chrX	123200000	124600000	28
chrX	123450000	122550000	18
chrX	124500000	123200000	26
chrX	125400000	124750000	13
chrX	125400000	126550000	23
chrX	128000000	125900000	42
chrX	131850000	132550000	14
chrX	133100000	134300000	24
chrX	133950000	133250000	14
chrX	136400000	137200000	16
chrX	136950000	138600000	33
chrX	138100000	139350000	25
chrX	139100000	137950000	23
chrX	139600000	137700000	38
chrX	141650000	139150000	50
chrX	142100000	143150000	21
chrX	142650000	142350000	6
chrX	142900000	142100000	16
chrX	143250000	142600000	13
chrX	144450000	145600000	23
chrX	144550000	143750000	16
chrX	144800000	143700000	22
chrX	145650000	146450000	16
chrX	145750000	146700000	19
chrX	145950000	146650000	14
chrX	146450000	149050000	52
chrX	147000000	147700000	14
chrX	151050000	152750000	34
chrX	151250000	150700000	11
chrX	158000000	159500000	30
chrX	158550000	157450000	22
chrX	158650000	156350000	46
chrX	159250000	158550000	14
chrX	159450000	160000000	11
chrX	160650000	158400000	45
chrX	160850000	161450000	12
chrX	161150000	162950000	36
chrX	162950000	161350000	32
chrX	164550000	164000000	11
chrX	166000000	165300000	14
chrX	170500000	170050000	9
chrY	  1300000	  2650000	27
chrY	  3200000	  1900000	26
chrY	  3300000	  4550000	25
chrY	  7400000	  8750000	27
chrY	  8650000	  9450000	16
chrY	 10050000	 11050000	20
chrY	 10850000	 11550000	14
chrY	 13950000	 14550000	12
chrY	 19150000	 17750000	28
chrY	 19700000	 17850000	37
chrY	 21950000	 20250000	34
chrY	 23650000	 26100000	49
chrY	 23800000	 21850000	39
chrY	 24200000	 23000000	24
chrY	 26550000	 27350000	16
chrY	 27100000	 26800000	6
chrY	 27950000	 28700000	15
chrY	 28050000	 27450000	12
chrY	 31500000	 30150000	27
chrY	 32500000	 31150000	27
chrY	 33500000	 32950000	11
chrY	 34150000	 35000000	17
chrY	 34150000	 35450000	26
chrY	 34300000	 35750000	29
chrY	 35900000	 35350000	11
chrY	 38400000	 39850000	29
chrY	 39400000	 39850000	9
chrY	 39400000	 40150000	15
chrY	 42900000	 41200000	34
chrY	 45300000	 43800000	30
chrY	 47200000	 48450000	25
chrY	 47750000	 48700000	19
chrY	 47850000	 48800000	19
chrY	 49700000	 48350000	27
chrY	 52200000	 52850000	13
chrY	 58150000	 57500000	13
chrY	 58450000	 58050000	8
chrY	 58500000	 57750000	15
chrY	 59250000	 58150000	22
chrY	 60050000	 57600000	49
chrY	 60100000	 60700000	12
chrY	 61150000	 60000000	23
chrY	 61250000	 62450000	24
chrY	 62450000	 64000000	31
chrY	 63200000	 63700000	10
chrY	 63950000	 65400000	29
chrY	 64000000	 62650000	27
chrY	 64650000	 67100000	49
chrY	 65050000	 66050000	20
chrY	 65300000	 64350000	19
chrY	 66800000	 64700000	42
chrY	 67250000	 66350000	18
chrY	 67550000	 65600000	39
chrY	 67700000	 65300000	48
chrY	 69200000	 70200000	20
chrY	 69550000	 66700000	57
chrY	 71050000	 72150000	22
chrY	 72850000	 72050000	16
chrY	 73100000	 71750000	27
chrY	 73100000	 74000000	18
chrY	 73250000	 73800000	11
chrY	 75500000	 77550000	41
chrY	 76600000	 75950000	13
chrY	 78200000	 77500000	14
chrY	 79200000	 80950000	35
chrY	 79500000	 77150000	47
chrY	 80450000	 82200000	35
chrY	 80900000	 83400000	50
chrY	 81650000	 78800000	57
chrY	 82300000	 83350000	21
chrY	 82600000	 81450000	23
chrY	 84100000	 83500000	12
chrY	 85250000	 85800000	11
chrY	 85450000	 86000000	11
chrY	 86350000	 86550000	4
chrY	 87850000	 86050000	36
chrY	 88300000	 87150000	23
chrY	 88500000	 87800000	14
chrY	 88600000	 88000000	12
chrY	 89850000	 91550000	34
chrY	 90200000	 88950000	25
