chr1	  3050000	  4300000	25
chr1	  9000000	 10200000	24
chr1	  9150000	 11750000	52
chr1	 12050000	 12700000	13
chr1	 12950000	 11750000	24
chr1	 13700000	 11100000	52
chr1	 14400000	 13650000	15
chr1	 14450000	 13550000	18
chr1	 16200000	 17200000	20
chr1	 17750000	 16750000	20
chr1	 18500000	 19950000	29
chr1	 19350000	 20850000	30
chr1	 19950000	 20950000	20
chr1	 21150000	 21600000	9
chr1	 22150000	 21150000	20
chr1	 22300000	 21700000	12
chr1	 25950000	 26250000	6
chr1	 26300000	 25550000	15
chr1	 29050000	 30500000	29
chr1	 34750000	 35700000	19
chr1	 36900000	 36400000	10
chr1	 37150000	 35150000	40
chr1	 38450000	 39500000	21
chr1	 40500000	 39950000	11
chr1	 41050000	 39400000	33
chr1	 41100000	 41800000	14
chr1	 42450000	 42950000	10
chr1	 45250000	 44100000	23
chr1	 48000000	 48650000	13
chr1	 48650000	 49400000	15
chr1	 49250000	 48200000	21
chr1	 50700000	 51400000	14
chr1	 57050000	 54900000	43
chr1	 58200000	 59250000	21
chr1	 59250000	 60750000	30
chr1	 60450000	 59950000	10
chr1	 60600000	 59650000	19
chr1	 63000000	 61950000	21
chr1	 63500000	 62700000	16
chr1	 64950000	 65700000	15
chr1	 67550000	 69250000	34
chr1	 69800000	 68500000	26
chr1	 71300000	 71850000	11
chr1	 72400000	 73250000	17
chr1	 76900000	 78100000	24
chr1	 80100000	 78900000	24
chr1	 81400000	 83350000	39
chr1	 82600000	 81150000	29
chr1	 83050000	 79950000	62
chr1	 83300000	 83900000	12
chr1	 83500000	 83150000	7
chr1	 84500000	 85600000	22
chr1	 84600000	 83900000	14
chr1	 84650000	 84900000	5
chr1	 86100000	 84950000	23
chr1	 87250000	 86200000	21
chr1	 88100000	 89000000	18
chr1	 88100000	 89950000	37
chr1	 90150000	 89400000	15
chr1	 91700000	 94800000	62
chr1	 93200000	 91500000	34
chr1	 98400000	 97900000	10
chr1	 98550000	 97700000	17
chr1	 99250000	100300000	21
chr1	 99300000	 98950000	7
chr1	102550000	104800000	45
chr1	103350000	103850000	10
chr1	104500000	107750000	65
chr1	104800000	104050000	15
chr1	104800000	105350000	11
chr1	105200000	105950000	15
chr1	105550000	104750000	16
chr1	107650000	108200000	11
chr1	109400000	107100000	46
chr1	112400000	111600000	16
chr1	114150000	113500000	13
chr1	116150000	117050000	18
chr1	118000000	118800000	16
chr1	118200000	116800000	28
chr1	118550000	121650000	62
chr1	120200000	121150000	19
chr1	121500000	123050000	31
chr1	121900000	122650000	15
chr1	124850000	125750000	18
chr1	125500000	126850000	27
chr1	125750000	126550000	16
chr1	126600000	127150000	11
chr1	126900000	127600000	14
chr1	128100000	126650000	29
chr1	128900000	128900000	0
chr1	130850000	128700000	43
chr1	132200000	132550000	7
chr1	133200000	132400000	16
chr1	134600000	135900000	26
chr1	137150000	135650000	30
chr1	137950000	133400000	91
chr1	140750000	141400000	13
chr1	142950000	144400000	29
chr1	144050000	145900000	37
chr1	146800000	145800000	20
chr1	147200000	146000000	24
chr1	147350000	148250000	18
chr1	148200000	148850000	13
chr1	148900000	145700000	64
chr1	152200000	150500000	34
chr1	154900000	155200000	6
chr1	155150000	156000000	17
chr1	155750000	155000000	15
chr1	155750000	157050000	26
chr1	155950000	155450000	10
chr1	156350000	154150000	44
chr1	158650000	157950000	14
chr1	160350000	159450000	18
chr1	161050000	159850000	24
chr1	167700000	168800000	22
chr1	168800000	169900000	22
chr1	171350000	169550000	36
chr1	173000000	173500000	10
chr1	176050000	180000000	79
chr1	177550000	178100000	11
chr1	180000000	180250000	5
chr1	180600000	179250000	27
chr1	180800000	179450000	27
chr1	184250000	185350000	22
chr1	188900000	189800000	18
chr1	189300000	188850000	9
chr1	191250000	192600000	27
chr1	191950000	189050000	58
chr1	193200000	194000000	16
chr10	   300000	  1150000	17
chr10	   300000	  2200000	38
chr10	   550000	  1750000	24
chr10	   850000	  1150000	6
chr10	  1500000	   500000	20
chr10	  2950000	  4500000	31
chr10	  4650000	  5350000	14
chr10	  6400000	  5600000	16
chr10	  9150000	  9550000	8
chr10	 10450000	  9450000	20
chr10	 10450000	 11150000	14
chr10	 12850000	 11650000	24
chr10	 13100000	 15600000	50
chr10	 13450000	 11500000	39
chr10	 14700000	 14700000	0
chr10	 15400000	 16400000	20
chr10	 15900000	 14800000	22
chr10	 16050000	 15650000	8
chr10	 17000000	 18700000	34
chr10	 17250000	 18400000	23
chr10	 17300000	 15850000	29
chr10	 18400000	 17300000	22
chr10	 20050000	 20900000	17
chr10	 22800000	 22600000	4
chr10	 23150000	 23150000	0
chr10	 23150000	 24950000	36
chr10	 26450000	 25650000	16
chr10	 28700000	 28150000	11
chr10	 28950000	 29450000	10
chr10	 29450000	 28050000	28
chr10	 30400000	 29950000	9
chr10	 30550000	 29850000	14
chr10	 30700000	 29550000	23
chr10	 32450000	 31700000	15
chr10	 33900000	 34600000	14
chr10	 35600000	 36200000	12
chr10	 39200000	 38550000	13
chr10	 40500000	 40950000	9
chr10	 42350000	 43350000	20
chr10	 47200000	 48200000	20
chr10	 48450000	 49550000	22
chr10	 49700000	 47000000	54
chr10	 50600000	 50150000	9
chr10	 51850000	 51500000	7
chr10	 52950000	 52050000	18
chr10	 55850000	 56850000	20
chr10	 56650000	 55450000	24
chr10	 56650000	 55700000	19
chr10	 58000000	 59250000	25
chr10	 58850000	 58450000	8
chr10	 60750000	 59250000	30
chr10	 60850000	 58550000	46
chr10	 60900000	 58250000	53
chr10	 64550000	 63800000	15
chr10	 64750000	 62750000	40
chr10	 64800000	 63600000	24
chr10	 65350000	 65850000	10
chr10	 65650000	 67100000	29
chr10	 71200000	 72950000	35
chr10	 72600000	 73900000	26
chr10	 72600000	 74400000	36
chr10	 72850000	 72500000	7
chr10	 73000000	 73450000	9
chr10	 75900000	 76500000	12
chr10	 79950000	 81150000	24
chr10	 80950000	 82000000	21
chr10	 81000000	 80300000	14
chr10	 81900000	 81050000	17
chr10	 82250000	 84200000	39
chr10	 82700000	 84000000	26
chr10	 83350000	 84700000	27
chr10	 85000000	 83000000	40
chr10	 89500000	 88750000	15
chr10	 89950000	 89300000	13
chr10	 94350000	 93250000	22
chr10	 97600000	 96750000	17
chr10	 99200000	 98750000	9
chr10	100050000	 99100000	19
chr10	101850000	102800000	19
chr10	102350000	101750000	12
chr10	104350000	102800000	31
chr10	105100000	103950000	23
chr10	107500000	106700000	16
chr10	109200000	108200000	20
chr10	109200000	108500000	14
chr10	111100000	113900000	56
chr10	111350000	110850000	10
chr10	113100000	116300000	64
chr10	113200000	114300000	22
chr10	113350000	115450000	42
chr10	114700000	112750000	39
chr10	114750000	116850000	42
chr10	120600000	122050000	29
chr10	121600000	119900000	34
chr10	122900000	120900000	40
chr10	123700000	124300000	12
chr10	123950000	122900000	21
chr10	126250000	127000000	15
chr10	129450000	128750000	14
chr10	130050000	128150000	38
chr11	   300000	  1100000	16
chr11	  1350000	  2400000	21
chr11	  1400000	  2350000	19
chr11	  1850000	  3750000	38
chr11	  2150000	   900000	25
chr11	  3850000	  2900000	19
chr11	  6250000	  8050000	36
chr11	  6950000	  6600000	7
chr11	  7650000	  8650000	20
chr11	  8150000	  8800000	13
chr11	  8700000	  7700000	20
chr11	  8700000	 10100000	28
chr11	 10100000	 10450000	7
chr11	 11450000	 12550000	22
chr11	 11900000	 13150000	25
chr11	 13400000	 17200000	76
chr11	 16400000	 16800000	8
chr11	 17650000	 14800000	57
chr11	 17800000	 18450000	13
chr11	 21700000	 22850000	23
chr11	 22450000	 23150000	14
chr11	 22500000	 20100000	48
chr11	 23000000	 24300000	26
chr11	 23450000	 22700000	15
chr11	 23900000	 22700000	24
chr11	 24750000	 23450000	26
chr11	 25800000	 25150000	13
chr11	 25850000	 25150000	14
chr11	 26250000	 27400000	23
chr11	 26300000	 25900000	8
chr11	 30500000	 32150000	33
chr11	 32900000	 34300000	28
chr11	 33250000	 31800000	29
chr11	 39600000	 40200000	12
chr11	 39750000	 40350000	12
chr11	 40550000	 42150000	32
chr11	 40750000	 41550000	16
chr11	 43050000	 41800000	25
chr11	 43150000	 43950000	16
chr11	 44500000	 46950000	49
chr11	 45950000	 44550000	28
chr11	 47800000	 46700000	22
chr11	 49000000	 48800000	4
chr11	 49200000	 47800000	28
chr11	 49550000	 48000000	31
chr11	 50800000	 49700000	22
chr11	 52850000	 52150000	14
chr11	 53750000	 52250000	30
chr11	 54250000	 53400000	17
chr11	 55400000	 53900000	30
chr11	 55450000	 57750000	46
chr11	 56800000	 55800000	20
chr11	 60500000	 61450000	19
chr11	 60950000	 60100000	17
chr11	 63250000	 62050000	24
chr11	 64550000	 65150000	12
chr11	 65100000	 66550000	29
chr11	 66850000	 68100000	25
chr11	 68100000	 67400000	14
chr11	 69000000	 67450000	31
chr11	 69050000	 69600000	11
chr11	 69300000	 67950000	27
chr11	 69600000	 70550000	19
chr11	 70650000	 69600000	21
chr11	 71700000	 70500000	24
chr11	 74450000	 75650000	24
chr11	 74700000	 77650000	59
chr11	 77000000	 76300000	14
chr11	 77700000	 77400000	6
chr11	 78050000	 77400000	13
chr11	 78350000	 77700000	13
chr11	 78350000	 80350000	40
chr11	 79450000	 78100000	27
chr11	 81500000	 80650000	17
chr11	 81900000	 83000000	22
chr11	 82350000	 81500000	17
chr11	 83050000	 81650000	28
chr11	 83200000	 84450000	25
chr11	 83550000	 85050000	30
chr11	 84050000	 84550000	10
chr11	 84150000	 85400000	25
chr11	 85950000	 86500000	11
chr11	 88200000	 87050000	23
chr11	 88550000	 90300000	35
chr11	 90550000	 89300000	25
chr11	 91050000	 91850000	16
chr11	 93150000	 91850000	26
chr11	 94200000	 95200000	20
chr11	 97550000	 96700000	17
chr11	 99200000	100200000	20
chr11	100600000	102000000	28
chr11	101400000	 99750000	33
chr11	102750000	104800000	41
chr11	106000000	107400000	28
chr11	108000000	106150000	37
chr11	108250000	109500000	25
chr11	109050000	106250000	56
chr11	109850000	109100000	15
chr11	110850000	111800000	19
chr11	111450000	110700000	15
chr11	113900000	115400000	30
chr11	114200000	115450000	25
chr11	114550000	116350000	36
chr11	114950000	115650000	14
chr11	116150000	115500000	13
chr11	116550000	115750000	16
chr11	116950000	114550000	48
chr11	118250000	119600000	27
chr11	119050000	120850000	36
chr11	119350000	119700000	7
chr11	119800000	120100000	6
chr11	122050000	121600000	9
chr12	   600000	  2200000	32
chr12	  1800000	  3000000	24
chr12	  1950000	  1250000	14
chr12	  3400000	  2500000	18
chr12	  4450000	  2450000	40
chr12	  6550000	  7700000	23
chr12	  7300000	  6800000	10
chr12	  8450000	  7350000	22
chr12	  9550000	  6100000	69
chr12	 12150000	 11100000	21
chr12	 15950000	 17250000	26
chr12	 16050000	 15550000	10
chr12	 16150000	 17000000	17
chr12	 18450000	 17400000	21
chr12	 19500000	 21450000	39
chr12	 21400000	 20000000	28
chr12	 21550000	 22400000	17
chr12	 24500000	 25150000	13
chr12	 27100000	 26300000	16
chr12	 30000000	 29450000	11
chr12	 30650000	 30050000	12
chr12	 31500000	 32350000	17
chr12	 31850000	 31400000	9
chr12	 32600000	 31150000	29
chr12	 33800000	 33100000	14
chr12	 33850000	 35100000	25
chr12	 35450000	 35900000	9
chr12	 36050000	 34450000	32
chr12	 36500000	 35200000	26
chr12	 36650000	 37550000	18
chr12	 39250000	 37950000	26
chr12	 41250000	 39500000	35
chr12	 42200000	 42900000	14
chr12	 42800000	 41500000	26
chr12	 43900000	 46050000	43
chr12	 45450000	 44900000	11
chr12	 48650000	 50850000	44
chr12	 49150000	 47750000	28
chr12	 49200000	 48050000	23
chr12	 49800000	 50900000	22
chr12	 49850000	 51500000	33
chr12	 50900000	 49850000	21
chr12	 51000000	 51950000	19
chr12	 53550000	 52650000	18
chr12	 54000000	 54800000	16
chr12	 56950000	 55450000	30
chr12	 58800000	 59600000	16
chr12	 59250000	 60800000	31
chr12	 59850000	 60550000	14
chr12	 60750000	 56850000	78
chr12	 60800000	 61700000	18
chr12	 61000000	 62500000	30
chr12	 65250000	 65250000	0
chr12	 68200000	 65950000	45
chr12	 69900000	 68500000	28
chr12	 70200000	 70850000	13
chr12	 71150000	 71550000	8
chr12	 73300000	 71900000	28
chr12	 75000000	 73650000	27
chr12	 75850000	 76550000	14
chr12	 80600000	 81800000	24
chr12	 82700000	 84350000	33
chr12	 84850000	 85350000	10
chr12	 85600000	 84900000	14
chr12	 85700000	 87350000	33
chr12	 86800000	 85400000	28
chr12	 88350000	 89000000	13
chr12	 89750000	 89350000	8
chr12	 89900000	 87450000	49
chr12	 91450000	 88750000	54
chr12	 93650000	 95250000	32
chr12	 93900000	 96000000	42
chr12	 94300000	 95350000	21
chr12	 94450000	 95700000	25
chr12	 95750000	 96350000	12
chr12	 97050000	 96000000	21
chr12	 97650000	 98050000	8
chr12	 97900000	 96600000	26
chr12	 98100000	 97250000	17
chr12	 98200000	 98800000	12
chr12	 99300000	101050000	35
chr12	 99450000	101100000	33
chr12	100550000	101600000	21
chr12	102100000	103800000	34
chr12	102350000	101200000	23
chr12	103550000	104350000	16
chr12	104200000	104200000	0
chr12	104800000	106300000	30
chr12	107150000	104700000	49
chr12	107750000	107150000	12
chr12	110200000	111000000	16
chr12	110950000	110200000	15
chr12	111300000	114700000	68
chr12	113800000	114350000	11
chr12	114300000	113600000	14
chr12	117350000	116600000	15
chr12	119950000	118900000	21
chr13	  2300000	  4000000	34
chr13	  2600000	  2100000	10
chr13	  2700000	  3200000	10
chr13	  4500000	  6000000	30
chr13	  5000000	  3550000	29
chr13	  5000000	  8650000	73
chr13	  5800000	  4900000	18
chr13	  6850000	  7450000	12
chr13	  7250000	  6500000	15
chr13	  7450000	  8500000	21
chr13	  9050000	  7900000	23
chr13	  9900000	 10400000	10
chr13	 10450000	 11400000	19
chr13	 10550000	  8950000	32
chr13	 10700000	 12100000	28
chr13	 13550000	 14450000	18
chr13	 13900000	 14200000	6
chr13	 13950000	 13750000	4
chr13	 15700000	 17350000	33
chr13	 16300000	 15600000	14
chr13	 17400000	 15350000	41
chr13	 18400000	 19850000	29
chr13	 18850000	 19350000	10
chr13	 19250000	 18200000	21
chr13	 19400000	 20150000	15
chr13	 20350000	 19300000	21
chr13	 21100000	 19350000	35
chr13	 21150000	 22050000	18
chr13	 21600000	 20300000	26
chr13	 25250000	 26800000	31
chr13	 25600000	 26500000	18
chr13	 28600000	 30400000	36
chr13	 28750000	 27650000	22
chr13	 29250000	 27950000	26
chr13	 30100000	 28750000	27
chr13	 32600000	 31750000	17
chr13	 33700000	 35000000	26
chr13	 33750000	 33100000	13
chr13	 33800000	 34350000	11
chr13	 37550000	 39250000	34
chr13	 37600000	 36550000	21
chr13	 39850000	 39200000	13
chr13	 40650000	 39800000	17
chr13	 41050000	 40600000	9
chr13	 42200000	 41600000	12
chr13	 42700000	 44500000	36
chr13	 42750000	 43200000	9
chr13	 45900000	 45750000	3
chr13	 48750000	 49950000	24
chr13	 52650000	 51450000	24
chr13	 54200000	 55650000	29
chr13	 54750000	 53400000	27
chr13	 55650000	 54450000	24
chr13	 55950000	 58050000	42
chr13	 56450000	 54950000	30
chr13	 58750000	 59850000	22
chr13	 61100000	 61400000	6
chr13	 61450000	 62700000	25
chr13	 61750000	 62550000	16
chr13	 63650000	 65450000	36
chr13	 65900000	 65500000	8
chr13	 68500000	 67850000	13
chr13	 68900000	 68450000	9
chr13	 73600000	 76050000	49
chr13	 74650000	 74450000	4
chr13	 75600000	 74300000	26
chr13	 76300000	 75150000	23
chr13	 78800000	 78250000	11
chr13	 79300000	 80300000	20
chr13	 83150000	 79600000	71
chr13	 83550000	 85250000	34
chr13	 84450000	 85500000	21
chr13	 84700000	 83350000	27
chr13	 86950000	 88250000	26
chr13	 87650000	 88200000	11
chr13	 89700000	 90650000	19
chr13	 91500000	 93900000	48
chr13	 96100000	 98350000	45
chr13	 97450000	 96200000	25
chr13	 98400000	 97650000	15
chr13	101400000	100150000	25
chr13	102850000	101150000	34
chr13	103500000	106350000	57
chr13	103950000	101400000	51
chr13	108350000	109650000	26
chr13	108500000	107750000	15
chr13	109200000	110300000	22
chr13	111200000	110800000	8
chr13	111550000	109750000	36
chr13	114550000	113950000	12
chr13	114800000	114000000	16
chr13	115100000	114400000	14
chr13	115850000	116550000	14
chr13	116950000	115700000	25
chr13	117500000	117200000	6
chr13	118100000	119600000	30
chr14	   200000	  1200000	20
chr14	   250000	  1050000	16
chr14	  1800000	  1050000	15
chr14	  3300000	  2100000	24
chr14	  4100000	  3500000	12
chr14	  5550000	  4650000	18
chr14	  5850000	  5150000	14
chr14	  7050000	  7750000	14
chr14	 10300000	  8650000	33
chr14	 10500000	 11150000	13
chr14	 10600000	 13100000	50
chr14	 10950000	  9150000	36
chr14	 11150000	 10700000	9
chr14	 11200000	 12500000	26
chr14	 11450000	 12350000	18
chr14	 11550000	 10900000	13
chr14	 14450000	 15350000	18
chr14	 15350000	 16500000	23
chr14	 16600000	 17300000	14
chr14	 17950000	 16950000	20
chr14	 19900000	 20450000	11
chr14	 20400000	 18050000	47
chr14	 20750000	 20300000	9
chr14	 21150000	 22850000	34
chr14	 23700000	 24400000	14
chr14	 24500000	 25450000	19
chr14	 25200000	 27000000	36
chr14	 26500000	 27900000	28
chr14	 27600000	 26350000	25
chr14	 29200000	 28050000	23
chr14	 29400000	 28200000	24
chr14	 32050000	 30950000	22
chr14	 32100000	 33250000	23
chr14	 32250000	 30900000	27
chr14	 33200000	 30450000	55
chr14	 35000000	 37050000	41
chr14	 43100000	 42700000	8
chr14	 43350000	 42300000	21
chr14	 46800000	 46100000	14
chr14	 47850000	 49050000	24
chr14	 48450000	 47850000	12
chr14	 48500000	 46900000	32
chr14	 51550000	 54900000	67
chr14	 53750000	 52800000	19
chr14	 53800000	 55550000	35
chr14	 58650000	 57400000	25
chr14	 60150000	 60500000	7
chr14	 60250000	 61000000	15
chr14	 60450000	 60300000	3
chr14	 61750000	 60950000	16
chr14	 63200000	 61950000	25
chr14	 63550000	 62700000	17
chr14	 65450000	 66450000	20
chr14	 66500000	 65750000	15
chr14	 68300000	 66650000	33
chr14	 69700000	 71050000	27
chr14	 69850000	 73450000	72
chr14	 73150000	 72600000	11
chr14	 75150000	 75650000	10
chr14	 75500000	 74250000	25
chr14	 79950000	 80800000	17
chr14	 80700000	 82650000	39
chr14	 82400000	 81850000	11
chr14	 82500000	 81600000	18
chr14	 82650000	 83700000	21
chr14	 82950000	 80900000	41
chr14	 83050000	 84250000	24
chr14	 83350000	 82300000	21
chr14	 84800000	 84000000	16
chr14	 85750000	 84050000	34
chr14	 87650000	 87050000	12
chr14	 87750000	 86700000	21
chr14	 90450000	 89500000	19
chr14	 90800000	 92900000	42
chr14	 92500000	 91000000	30
chr14	 93750000	 92950000	16
chr14	 95300000	 95700000	8
chr14	 95400000	 97000000	32
chr14	 97100000	 97700000	12
chr14	 99200000	 93200000	120
chr14	100450000	 99250000	24
chr14	100750000	 99700000	21
chr14	101300000	100100000	24
chr14	101450000	100400000	21
chr14	101450000	101900000	9
chr14	101950000	100950000	20
chr14	101950000	101200000	15
chr14	102050000	104100000	41
chr14	102100000	101150000	19
chr14	104500000	104250000	5
chr14	105000000	103900000	22
chr14	105250000	107350000	42
chr14	109700000	108300000	28
chr14	114000000	113550000	9
chr14	114350000	116050000	34
chr14	115050000	114050000	20
chr14	117100000	118300000	24
chr14	117800000	119800000	40
chr14	119450000	118950000	10
chr14	122950000	118000000	99
chr14	123850000	122750000	22
chr15	  1050000	  2000000	19
chr15	  1200000	  1700000	10
chr15	  3150000	  2500000	13
chr15	  3650000	  2250000	28
chr15	  8500000	  6950000	31
chr15	  9050000	  8800000	5
chr15	 11250000	 11550000	6
chr15	 12550000	 13250000	14
chr15	 13050000	 11550000	30
chr15	 14550000	 13500000	21
chr15	 17400000	 18000000	12
chr15	 18650000	 19650000	20
chr15	 20600000	 21650000	21
chr15	 22600000	 21650000	19
chr15	 23450000	 22750000	14
chr15	 27800000	 26400000	28
chr15	 29400000	 28050000	27
chr15	 29750000	 29000000	15
chr15	 30800000	 31850000	21
chr15	 33050000	 31950000	22
chr15	 41050000	 41700000	13
chr15	 42300000	 40450000	37
chr15	 42400000	 42900000	10
chr15	 45350000	 44350000	20
chr15	 45650000	 44800000	17
chr15	 47450000	 47650000	4
chr15	 48650000	 47900000	15
chr15	 50100000	 47550000	51
chr15	 53400000	 51700000	34
chr15	 55150000	 56500000	27
chr15	 55200000	 56100000	18
chr15	 56000000	 54900000	22
chr15	 57550000	 56550000	20
chr15	 60350000	 61350000	20
chr15	 60450000	 59500000	19
chr15	 60600000	 58900000	34
chr15	 60700000	 62650000	39
chr15	 62750000	 61750000	20
chr15	 63450000	 64250000	16
chr15	 63600000	 62450000	23
chr15	 64500000	 65400000	18
chr15	 65550000	 66450000	18
chr15	 66200000	 67600000	28
chr15	 66450000	 66850000	8
chr15	 67550000	 69300000	35
chr15	 67550000	 69500000	39
chr15	 67750000	 66550000	24
chr15	 68250000	 69550000	26
chr15	 68600000	 68250000	7
chr15	 69000000	 69900000	18
chr15	 69050000	 69950000	18
chr15	 71750000	 72450000	14
chr15	 74150000	 75000000	17
chr15	 77050000	 77750000	14
chr15	 79350000	 78650000	14
chr15	 80650000	 81300000	13
chr15	 81000000	 80550000	9
chr15	 81400000	 80800000	12
chr15	 82300000	 83400000	22
chr15	 84000000	 82600000	28
chr15	 84400000	 83150000	25
chr15	 85250000	 86250000	20
chr15	 85550000	 84550000	20
chr15	 86500000	 85250000	25
chr15	 89000000	 86500000	50
chr15	 89200000	 87750000	29
chr15	 89650000	 88900000	15
chr15	 90400000	 89350000	21
chr15	 91200000	 91750000	11
chr15	 92200000	 93550000	27
chr15	 97100000	 95200000	38
chr15	100750000	102600000	37
chr15	101700000	100650000	21
chr15	101750000	101050000	14
chr15	103200000	102800000	8
chr16	  2150000	  1600000	11
chr16	  4500000	  7500000	60
chr16	  6050000	  4450000	32
chr16	  8900000	 10200000	26
chr16	  9550000	 10400000	17
chr16	  9900000	  8500000	28
chr16	 10000000	  9750000	5
chr16	 11200000	 12800000	32
chr16	 11800000	 14100000	46
chr16	 13800000	 14600000	16
chr16	 14450000	 13450000	20
chr16	 14650000	 15800000	23
chr16	 14700000	 12300000	48
chr16	 16350000	 17500000	23
chr16	 17550000	 18650000	22
chr16	 19350000	 18000000	27
chr16	 19400000	 18950000	9
chr16	 19650000	 18600000	21
chr16	 19750000	 17400000	47
chr16	 20650000	 20350000	6
chr16	 22800000	 24100000	26
chr16	 24500000	 23950000	11
chr16	 27200000	 26000000	24
chr16	 28250000	 29600000	27
chr16	 29500000	 30050000	11
chr16	 30000000	 31150000	23
chr16	 32150000	 31000000	23
chr16	 33450000	 32150000	26
chr16	 34750000	 35350000	12
chr16	 34800000	 34300000	10
chr16	 34850000	 33850000	20
chr16	 35800000	 33350000	49
chr16	 37600000	 36200000	28
chr16	 38300000	 40100000	36
chr16	 41150000	 40400000	15
chr16	 43550000	 45500000	39
chr16	 51000000	 51700000	14
chr16	 52000000	 51250000	15
chr16	 53400000	 52350000	21
chr16	 53400000	 53950000	11
chr16	 54250000	 52200000	41
chr16	 57900000	 56550000	27
chr16	 60850000	 60450000	8
chr16	 61650000	 63350000	34
chr16	 61850000	 60700000	23
chr16	 61950000	 62650000	14
chr16	 64150000	 64800000	13
chr16	 65300000	 64000000	26
chr16	 66050000	 65950000	2
chr16	 66550000	 64550000	40
chr16	 68550000	 66850000	34
chr16	 71000000	 72650000	33
chr16	 71750000	 71350000	8
chr16	 72000000	 71500000	10
chr16	 75350000	 77400000	41
chr16	 76450000	 77100000	13
chr16	 77050000	 76000000	21
chr16	 79350000	 80550000	24
chr16	 79450000	 78900000	11
chr16	 80150000	 80150000	0
chr16	 84950000	 85600000	13
chr16	 85250000	 86750000	30
chr16	 85750000	 86450000	14
chr16	 85850000	 84050000	36
chr16	 86550000	 87550000	20
chr16	 86600000	 85100000	30
chr16	 87350000	 88650000	26
chr16	 88550000	 90100000	31
chr16	 89200000	 88150000	21
chr16	 91250000	 93050000	36
chr16	 92400000	 93250000	17
chr16	 96100000	 97350000	25
chr16	 96300000	 97750000	29
chr16	 96400000	 97050000	13
chr16	 97050000	 97400000	7
chr17	    50000	  2200000	43
chr17	   650000	  3400000	55
chr17	  1850000	  2850000	20
chr17	  2400000	   550000	37
chr17	  2700000	  1500000	24
chr17	  6150000	  7200000	21
chr17	  7050000	  5750000	26
chr17	  8950000	  8700000	5
chr17	  9000000	  9750000	15
chr17	  9550000	  9150000	8
chr17	  9650000	 10000000	7
chr17	 11950000	 10300000	33
chr17	 12200000	 11300000	18
chr17	 12250000	 12700000	9
chr17	 13300000	 15200000	38
chr17	 14050000	 13750000	6
chr17	 14900000	 15800000	18
chr17	 15300000	 15850000	11
chr17	 15350000	 16250000	18
chr17	 18000000	 19250000	25
chr17	 23750000	 22650000	22
chr17	 25050000	 24500000	11
chr17	 25150000	 23100000	41
chr17	 30950000	 30200000	15
chr17	 32850000	 33150000	6
chr17	 34000000	 31750000	45
chr17	 35100000	 36400000	26
chr17	 36050000	 34900000	23
chr17	 37500000	 39750000	45
chr17	 37600000	 35050000	51
chr17	 40500000	 39100000	28
chr17	 40500000	 39600000	18
chr17	 41150000	 40300000	17
chr17	 42050000	 41650000	8
chr17	 42450000	 43200000	15
chr17	 43100000	 44050000	19
chr17	 44050000	 43550000	10
chr17	 47500000	 46550000	19
chr17	 49350000	 48350000	20
chr17	 51450000	 52050000	12
chr17	 51600000	 51100000	10
chr17	 53050000	 51750000	26
chr17	 53200000	 54200000	20
chr17	 53250000	 54350000	22
chr17	 53800000	 52050000	35
chr17	 55500000	 54750000	15
chr17	 57100000	 58000000	18
chr17	 57800000	 58800000	20
chr17	 60550000	 62100000	31
chr17	 64250000	 65250000	20
chr17	 65100000	 64200000	18
chr17	 67950000	 68200000	5
chr17	 71400000	 73100000	34
chr17	 72700000	 73950000	25
chr17	 73450000	 75500000	41
chr17	 75850000	 75250000	12
chr17	 78000000	 77100000	18
chr17	 78550000	 79550000	20
chr17	 81300000	 82500000	24
chr17	 84500000	 84900000	8
chr17	 85000000	 84000000	20
chr17	 90550000	 92450000	38
chr17	 90900000	 91900000	20
chr17	 92100000	 92600000	10
chr17	 92100000	 94700000	52
chr17	 92650000	 92250000	8
chr18	   300000	  1200000	18
chr18	  3550000	  2400000	23
chr18	  5450000	  6000000	11
chr18	  6850000	  3800000	61
chr18	  7250000	  9600000	47
chr18	  9850000	  9050000	16
chr18	 10250000	  8450000	36
chr18	 10750000	  9350000	28
chr18	 10750000	 11900000	23
chr18	 11250000	 12100000	17
chr18	 13550000	 13050000	10
chr18	 14050000	 14950000	18
chr18	 14650000	 15250000	12
chr18	 15400000	 16100000	14
chr18	 18900000	 20950000	41
chr18	 19650000	 18300000	27
chr18	 21700000	 22550000	17
chr18	 21900000	 23350000	29
chr18	 21950000	 22800000	17
chr18	 23800000	 21300000	50
chr18	 25450000	 22100000	67
chr18	 26300000	 24050000	45
chr18	 28050000	 29200000	23
chr18	 30600000	 32250000	33
chr18	 31950000	 32450000	10
chr18	 32550000	 32200000	7
chr18	 33100000	 33100000	0
chr18	 33650000	 34500000	17
chr18	 34750000	 34200000	11
chr18	 35100000	 36050000	19
chr18	 35150000	 33600000	31
chr18	 37150000	 36050000	22
chr18	 38600000	 39150000	11
chr18	 40750000	 41400000	13
chr18	 43900000	 44800000	18
chr18	 44500000	 44750000	5
chr18	 44600000	 43450000	23
chr18	 45600000	 47100000	30
chr18	 46650000	 47150000	10
chr18	 48700000	 48200000	10
chr18	 48700000	 49100000	8
chr18	 51500000	 52600000	22
chr18	 54600000	 56200000	32
chr18	 58750000	 57900000	17
chr18	 60450000	 58850000	32
chr18	 60550000	 61300000	15
chr18	 61400000	 60450000	19
chr18	 64000000	 63600000	8
chr18	 66550000	 65950000	12
chr18	 67650000	 68900000	25
chr18	 67750000	 68750000	20
chr18	 68500000	 67950000	11
chr18	 70550000	 72050000	30
chr18	 70800000	 71200000	8
chr18	 71000000	 71500000	10
chr18	 71850000	 72400000	11
chr18	 72800000	 71750000	21
chr18	 73350000	 71750000	32
chr18	 74000000	 72450000	31
chr18	 75600000	 75100000	10
chr18	 76350000	 75500000	17
chr18	 77750000	 76600000	23
chr18	 79600000	 78500000	22
chr18	 80650000	 81500000	17
chr18	 81400000	 80250000	23
chr18	 82250000	 84100000	37
chr18	 83750000	 81600000	43
chr18	 83850000	 82950000	18
chr18	 84900000	 84000000	18
chr18	 85050000	 83300000	35
chr18	 87850000	 86000000	37
chr18	 88250000	 89800000	31
chr18	 88850000	 89600000	15
chr19	  1050000	  2750000	34
chr19	  3350000	  3800000	9
chr19	  4200000	  3650000	11
chr19	  4550000	  5300000	15
chr19	  8050000	  6950000	22
chr19	  8300000	  9750000	29
chr19	  9250000	  8400000	17
chr19	  9850000	  9000000	17
chr19	  9900000	 10900000	20
chr19	 15150000	 17650000	50
chr19	 15600000	 16750000	23
chr19	 20650000	 21950000	26
chr19	 20850000	 20200000	13
chr19	 21750000	 23800000	41
chr19	 21900000	 22500000	12
chr19	 22750000	 20350000	48
chr19	 24650000	 25450000	16
chr19	 27150000	 25850000	26
chr19	 27800000	 28800000	20
chr19	 27950000	 29050000	22
chr19	 28000000	 26850000	23
chr19	 30350000	 31300000	19
chr19	 31250000	 31900000	13
chr19	 31700000	 33950000	45
chr19	 32750000	 30050000	54
chr19	 34100000	 37100000	60
chr19	 35750000	 33650000	42
chr19	 37600000	 37950000	7
chr19	 37850000	 39850000	40
chr19	 38050000	 34650000	68
chr19	 39850000	 40850000	20
chr19	 40600000	 42000000	28
chr19	 41400000	 41850000	9
chr19	 46950000	 47650000	14
chr19	 49850000	 50600000	15
chr19	 50950000	 48850000	42
chr19	 51050000	 52150000	22
chr19	 53450000	 55650000	44
chr19	 53500000	 55050000	31
chr19	 54300000	 53800000	10
chr19	 54900000	 55900000	20
chr19	 55050000	 56800000	35
chr19	 56800000	 56400000	8
chr19	 57150000	 56150000	20
chr19	 59250000	 57900000	27
chr19	 59250000	 58800000	9
chr19	 59350000	 60450000	22
chr19	 59600000	 59050000	11
chr2	    50000	  1600000	31
chr2	  2400000	  1800000	12
chr2	  2500000	  3350000	17
chr2	  2850000	  1350000	30
chr2	  4000000	  3050000	19
chr2	  4850000	  5400000	11
chr2	  5200000	  3650000	31
chr2	  5350000	  4450000	18
chr2	  5750000	  4800000	19
chr2	  6000000	  6450000	9
chr2	  6750000	  9200000	49
chr2	  7750000	  6300000	29
chr2	  9350000	 10100000	15
chr2	 10100000	  8650000	29
chr2	 11950000	 12800000	17
chr2	 12550000	 13550000	20
chr2	 12900000	 12000000	18
chr2	 14050000	 13300000	15
chr2	 14200000	 15000000	16
chr2	 15350000	 16150000	16
chr2	 15450000	 13800000	33
chr2	 17700000	 19450000	35
chr2	 18700000	 16800000	38
chr2	 19500000	 20850000	27
chr2	 20550000	 22600000	41
chr2	 21900000	 21050000	17
chr2	 24700000	 24150000	11
chr2	 26200000	 24400000	36
chr2	 26600000	 28050000	29
chr2	 27850000	 27100000	15
chr2	 29000000	 29800000	16
chr2	 29100000	 27550000	31
chr2	 30000000	 29050000	19
chr2	 30900000	 32850000	39
chr2	 30950000	 29800000	23
chr2	 31050000	 32200000	23
chr2	 31100000	 30100000	20
chr2	 31500000	 33250000	35
chr2	 32100000	 30900000	24
chr2	 32800000	 32250000	11
chr2	 32850000	 31750000	22
chr2	 34450000	 33000000	29
chr2	 34750000	 33650000	22
chr2	 35950000	 40550000	92
chr2	 36300000	 37400000	22
chr2	 36550000	 36900000	7
chr2	 39950000	 41050000	22
chr2	 40650000	 39400000	25
chr2	 40850000	 40450000	8
chr2	 42200000	 43900000	34
chr2	 44800000	 44150000	13
chr2	 45650000	 45000000	13
chr2	 50200000	 50600000	8
chr2	 51000000	 51600000	12
chr2	 55350000	 54700000	13
chr2	 56300000	 59600000	66
chr2	 57750000	 56550000	24
chr2	 57900000	 58600000	14
chr2	 58000000	 57500000	10
chr2	 58050000	 59300000	25
chr2	 58100000	 56650000	29
chr2	 58200000	 59700000	30
chr2	 58250000	 56100000	43
chr2	 58300000	 58050000	5
chr2	 59400000	 58550000	17
chr2	 59900000	 58250000	33
chr2	 60800000	 59350000	29
chr2	 64900000	 64200000	14
chr2	 65050000	 65850000	16
chr2	 65400000	 60750000	93
chr2	 65400000	 64750000	13
chr2	 65750000	 66650000	18
chr2	 69500000	 67900000	32
chr2	 69750000	 69350000	8
chr2	 69800000	 71000000	24
chr2	 70100000	 70700000	12
chr2	 71650000	 74050000	48
chr2	 72550000	 74200000	33
chr2	 72750000	 73750000	20
chr2	 73400000	 74450000	21
chr2	 73550000	 74350000	16
chr2	 73950000	 71500000	49
chr2	 74050000	 74850000	16
chr2	 75500000	 76150000	13
chr2	 79900000	 78250000	33
chr2	 80850000	 81350000	10
chr2	 80900000	 80900000	0
chr2	 81150000	 79750000	28
chr2	 82650000	 82900000	5
chr2	 83250000	 84900000	33
chr2	 83350000	 81700000	33
chr2	 84050000	 85450000	28
chr2	 88150000	 89400000	25
chr2	 88350000	 90000000	33
chr2	 88700000	 86400000	46
chr2	 89000000	 87850000	23
chr2	 92650000	 91300000	27
chr2	 92750000	 91300000	29
chr2	 92750000	 91450000	26
chr2	 92950000	 93700000	15
chr2	 94150000	 93100000	21
chr2	 94400000	 92650000	35
chr2	 96700000	 97400000	14
chr2	 98150000	 98800000	13
chr2	 98150000	102650000	90
chr2	 99100000	 99550000	9
chr2	100500000	102250000	35
chr2	105000000	106550000	31
chr2	105200000	106150000	19
chr2	105650000	106000000	7
chr2	107500000	108950000	29
chr2	108050000	107450000	12
chr2	108600000	106400000	44
chr2	117550000	116500000	21
chr2	118600000	117900000	14
chr2	119900000	119000000	18
chr2	122200000	123100000	18
chr2	124300000	123500000	16
chr2	125100000	126300000	24
chr2	125750000	128250000	50
chr2	126950000	127400000	9
chr2	127450000	126950000	10
chr2	130300000	132350000	41
chr2	132400000	133200000	16
chr2	132850000	131250000	32
chr2	134450000	135000000	11
chr2	134700000	135550000	17
chr2	137050000	138700000	33
chr2	139050000	140800000	35
chr2	139900000	138300000	32
chr2	140200000	139100000	22
chr2	140950000	141650000	14
chr2	141650000	140650000	20
chr2	142500000	142200000	6
chr2	143400000	142350000	21
chr2	144450000	145600000	23
chr2	146900000	145500000	28
chr2	149700000	151850000	43
chr2	151750000	152600000	17
chr2	151850000	152150000	6
chr2	153250000	154250000	20
chr2	154800000	153450000	27
chr2	154850000	157050000	44
chr2	156800000	158000000	24
chr2	157700000	157700000	0
chr2	159300000	160550000	25
chr2	159700000	158050000	33
chr2	160100000	160500000	8
chr2	161200000	159650000	31
chr2	167550000	168200000	13
chr2	168750000	170750000	40
chr2	172250000	171550000	14
chr2	173050000	173650000	12
chr2	174200000	172450000	35
chr2	175600000	177450000	37
chr2	179600000	178600000	20
chr3	  1350000	   600000	15
chr3	  4300000	  3800000	10
chr3	  5900000	  4800000	22
chr3	  6150000	  5350000	16
chr3	  7000000	  8750000	35
chr3	  7050000	  9000000	39
chr3	  7200000	  6350000	17
chr3	  7300000	  9950000	53
chr3	  7350000	  7750000	8
chr3	  8850000	  9450000	12
chr3	  9650000	  7350000	46
chr3	 10850000	 10350000	10
chr3	 12400000	 11600000	16
chr3	 12750000	 12050000	14
chr3	 12950000	 14550000	32
chr3	 14400000	 14800000	8
chr3	 18950000	 16350000	52
chr3	 20600000	 20000000	12
chr3	 22400000	 23750000	27
chr3	 22700000	 24450000	35
chr3	 22900000	 20100000	56
chr3	 23000000	 24000000	20
chr3	 25350000	 25900000	11
chr3	 26300000	 24300000	40
chr3	 27400000	 28500000	22
chr3	 28700000	 28050000	13
chr3	 29250000	 28150000	22
chr3	 29550000	 30400000	17
chr3	 30550000	 31400000	17
chr3	 31900000	 30750000	23
chr3	 32050000	 31200000	17
chr3	 33200000	 32700000	10
chr3	 33250000	 36100000	57
chr3	 37650000	 35450000	44
chr3	 37750000	 36200000	31
chr3	 38300000	 40050000	35
chr3	 40000000	 40450000	9
chr3	 41200000	 39550000	33
chr3	 41200000	 42150000	19
chr3	 42350000	 41350000	20
chr3	 47350000	 47650000	6
chr3	 48250000	 46550000	34
chr3	 48250000	 47650000	12
chr3	 52700000	 51950000	15
chr3	 52800000	 51650000	23
chr3	 52950000	 52050000	18
chr3	 55350000	 57450000	42
chr3	 57300000	 56800000	10
chr3	 58250000	 58850000	12
chr3	 58500000	 57700000	16
chr3	 59950000	 60600000	13
chr3	 60350000	 61350000	20
chr3	 67600000	 66650000	19
chr3	 68650000	 69750000	22
chr3	 70450000	 71000000	11
chr3	 75450000	 73900000	31
chr3	 79300000	 78400000	18
chr3	 80250000	 80450000	4
chr3	 82650000	 83350000	14
chr3	 84400000	 84150000	5
chr3	 86750000	 85350000	28
chr3	 86950000	 88400000	29
chr3	 88000000	 86600000	28
chr3	 89500000	 91350000	37
chr3	 91250000	 92250000	20
chr3	 92600000	 93700000	22
chr3	 93650000	 93100000	11
chr3	 94200000	 93250000	19
chr3	 94250000	 97950000	74
chr3	 96500000	 97800000	26
chr3	 99900000	101150000	25
chr3	100800000	102200000	28
chr3	102250000	104800000	51
chr3	103050000	103950000	18
chr3	105300000	106100000	16
chr3	106300000	107350000	21
chr3	108100000	109700000	32
chr3	109200000	108450000	15
chr3	110350000	109750000	12
chr3	112350000	110150000	44
chr3	113350000	114450000	22
chr3	113750000	115450000	34
chr3	113800000	114750000	19
chr3	114750000	113500000	25
chr3	116600000	114700000	38
chr3	117050000	117400000	7
chr3	117150000	116400000	15
chr3	117950000	117000000	19
chr3	117950000	117050000	18
chr3	118100000	116250000	37
chr3	118750000	116950000	36
chr3	121800000	123050000	25
chr3	123300000	124800000	30
chr3	129350000	128600000	15
chr3	129550000	128900000	13
chr3	130900000	132300000	28
chr3	131350000	132300000	19
chr3	132750000	131900000	17
chr3	133700000	131700000	40
chr3	134550000	136100000	31
chr3	134700000	136150000	29
chr3	138550000	139450000	18
chr3	139150000	138250000	18
chr3	140800000	139900000	18
chr3	141100000	140200000	18
chr3	141150000	140400000	15
chr3	142200000	143250000	21
chr3	142550000	141750000	16
chr3	146250000	147400000	23
chr3	148650000	150400000	35
chr3	149100000	149600000	10
chr3	149900000	148300000	32
chr3	150800000	151750000	19
chr3	153550000	154200000	13
chr3	154250000	156500000	45
chr3	154300000	155100000	16
chr3	155100000	154450000	13
chr3	157350000	159750000	48
chr3	157450000	158500000	21
chr4	  1400000	  1050000	7
chr4	  3350000	  1850000	30
chr4	  3400000	  3400000	0
chr4	  3400000	  4150000	15
chr4	  4000000	  3050000	19
chr4	  5650000	  4300000	27
chr4	 12200000	 10750000	29
chr4	 13500000	 12250000	25
chr4	 14400000	 13700000	14
chr4	 16200000	 17150000	19
chr4	 16600000	 15450000	23
chr4	 22250000	 22700000	9
chr4	 22950000	 23750000	16
chr4	 24950000	 24500000	9
chr4	 26150000	 25350000	16
chr4	 28300000	 29150000	17
chr4	 31850000	 32400000	11
chr4	 35450000	 36100000	13
chr4	 36750000	 37050000	6
chr4	 37200000	 36150000	21
chr4	 37700000	 36550000	23
chr4	 39150000	 41750000	52
chr4	 39350000	 38150000	24
chr4	 39400000	 40950000	31
chr4	 42150000	 39600000	51
chr4	 42400000	 41850000	11
chr4	 45300000	 46900000	32
chr4	 46450000	 45550000	18
chr4	 46750000	 47400000	13
chr4	 47700000	 45750000	39
chr4	 48350000	 46700000	33
chr4	 54350000	 53150000	24
chr4	 54900000	 54400000	10
chr4	 55000000	 53350000	33
chr4	 56200000	 54650000	31
chr4	 57350000	 58600000	25
chr4	 57850000	 59500000	33
chr4	 61450000	 62600000	23
chr4	 61750000	 60450000	26
chr4	 64500000	 66250000	35
chr4	 66450000	 65600000	17
chr4	 68400000	 67300000	22
chr4	 69550000	 68750000	16
chr4	 69800000	 70500000	14
chr4	 70850000	 71200000	7
chr4	 72400000	 71600000	16
chr4	 72900000	 74250000	27
chr4	 78050000	 74900000	63
chr4	 78250000	 79350000	22
chr4	 78850000	 77850000	20
chr4	 79600000	 78750000	17
chr4	 83500000	 85100000	32
chr4	 84600000	 84200000	8
chr4	 85400000	 84300000	22
chr4	 86700000	 87600000	18
chr4	 89250000	 85500000	75
chr4	 89450000	 93300000	77
chr4	 94750000	 94300000	9
chr4	 95400000	 93600000	36
chr4	 96350000	 94350000	40
chr4	 98300000	 98700000	8
chr4	 99100000	 98600000	10
chr4	 99350000	 99050000	6
chr4	102800000	101300000	30
chr4	103700000	102200000	30
chr4	103750000	104700000	19
chr4	103850000	104400000	11
chr4	106750000	107500000	15
chr4	106900000	106000000	18
chr4	109600000	108650000	19
chr4	110950000	112100000	23
chr4	111350000	110450000	18
chr4	112700000	110500000	44
chr4	114500000	112650000	37
chr4	114900000	115300000	8
chr4	115550000	112600000	59
chr4	116650000	117500000	17
chr4	117400000	118300000	18
chr4	118400000	118400000	0
chr4	120350000	119450000	18
chr4	120700000	121400000	14
chr4	121150000	121650000	10
chr4	121150000	122750000	32
chr4	121950000	122850000	18
chr4	124500000	122250000	45
chr4	126100000	126600000	10
chr4	126450000	128500000	41
chr4	128550000	131200000	53
chr4	129100000	128300000	16
chr4	130250000	129350000	18
chr4	130950000	129500000	29
chr4	131100000	132300000	24
chr4	133050000	134850000	36
chr4	133150000	134300000	23
chr4	134300000	135250000	19
chr4	134450000	133450000	20
chr4	139350000	138250000	22
chr4	139950000	139950000	0
chr4	140450000	139800000	13
chr4	141650000	138600000	61
chr4	142500000	141100000	28
chr4	143050000	144450000	28
chr4	143550000	144800000	25
chr4	144150000	142550000	32
chr4	146650000	145200000	29
chr4	146850000	146100000	15
chr4	147150000	144400000	55
chr4	147300000	146100000	24
chr4	147650000	148400000	15
chr4	150850000	151650000	16
chr4	153050000	154600000	31
chr4	154100000	155750000	33
chr4	154250000	156100000	37
chr5	   550000	  1900000	27
chr5	  2450000	  3450000	20
chr5	  2600000	  1350000	25
chr5	  3100000	  2650000	9
chr5	  3700000	  5500000	36
chr5	  5050000	  5650000	12
chr5	  5350000	  4450000	18
chr5	  6400000	  7000000	12
chr5	  7150000	  7150000	0
chr5	  9300000	  7800000	30
chr5	 10550000	 10950000	8
chr5	 11500000	 11150000	7
chr5	 11600000	 11950000	7
chr5	 12850000	 13900000	21
chr5	 14050000	 13300000	15
chr5	 14250000	 13200000	21
chr5	 15700000	 16550000	17
chr5	 19000000	 17650000	27
chr5	 20100000	 22000000	38
chr5	 20150000	 23400000	65
chr5	 20400000	 19800000	12
chr5	 23150000	 21350000	36
chr5	 23550000	 23900000	7
chr5	 24000000	 24700000	14
chr5	 25150000	 25450000	6
chr5	 25400000	 24350000	21
chr5	 26050000	 27450000	28
chr5	 27300000	 26850000	9
chr5	 30100000	 29150000	19
chr5	 30950000	 32500000	31
chr5	 31200000	 29200000	40
chr5	 32450000	 33250000	16
chr5	 33200000	 35150000	39
chr5	 36500000	 35350000	23
chr5	 37550000	 36500000	21
chr5	 37850000	 39100000	25
chr5	 38950000	 41200000	45
chr5	 40700000	 39400000	26
chr5	 41250000	 41950000	14
chr5	 42250000	 40900000	27
chr5	 43850000	 45550000	34
chr5	 44250000	 43650000	12
chr5	 44600000	 43850000	15
chr5	 45000000	 45700000	14
chr5	 45450000	 45250000	4
chr5	 47850000	 48900000	21
chr5	 50600000	 51450000	17
chr5	 52900000	 50800000	42
chr5	 53350000	 52750000	12
chr5	 54550000	 54000000	11
chr5	 57300000	 56000000	26
chr5	 59250000	 59750000	10
chr5	 61850000	 62350000	10
chr5	 63050000	 62800000	5
chr5	 65350000	 67200000	37
chr5	 66900000	 69650000	55
chr5	 72100000	 69750000	47
chr5	 72900000	 72450000	9
chr5	 80900000	 81950000	21
chr5	 82450000	 84000000	31
chr5	 85700000	 85700000	0
chr5	 88650000	 88050000	12
chr5	 90600000	 89600000	20
chr5	 92500000	 93550000	21
chr5	 93200000	 94150000	19
chr5	 97750000	 99000000	25
chr5	 99300000	100800000	30
chr5	 99950000	 97250000	54
chr5	101700000	102650000	19
chr5	102350000	100950000	28
chr5	107350000	104500000	57
chr5	107600000	106850000	15
chr5	107850000	106900000	19
chr5	108050000	110300000	45
chr5	108650000	109500000	17
chr5	109150000	107750000	28
chr5	110250000	112100000	37
chr5	112500000	114400000	38
chr5	112800000	112000000	16
chr5	113000000	112050000	19
chr5	114450000	112350000	42
chr5	115000000	117600000	52
chr5	115300000	116050000	15
chr5	116050000	117100000	21
chr5	116900000	116150000	15
chr5	118900000	118200000	14
chr5	119950000	119350000	12
chr5	120100000	121300000	24
chr5	121800000	119600000	44
chr5	121900000	121600000	6
chr5	124100000	125100000	20
chr5	126850000	126550000	6
chr5	127350000	128700000	27
chr5	127850000	128350000	10
chr5	128600000	127350000	25
chr5	129000000	127600000	28
chr5	130050000	129250000	16
chr5	131050000	131900000	17
chr5	131200000	130100000	22
chr5	132250000	133600000	27
chr5	132700000	131550000	23
chr5	134850000	134450000	8
chr5	135500000	137400000	38
chr5	136200000	136400000	4
chr5	139500000	138050000	29
chr5	140650000	141150000	10
chr5	140700000	139400000	26
chr5	143100000	144600000	30
chr5	143500000	143800000	6
chr5	143950000	142850000	22
chr5	144150000	144450000	6
chr5	144300000	146000000	34
chr5	145550000	146150000	12
chr5	146450000	147150000	14
chr5	148900000	148000000	18
chr6	   550000	  2500000	39
chr6	  1100000	  3250000	43
chr6	  1200000	  3400000	44
chr6	  1400000	  1050000	7
chr6	  2100000	  2700000	12
chr6	  2150000	  1700000	9
chr6	  2350000	  3850000	30
chr6	  2950000	  2050000	18
chr6	  3150000	  4000000	17
chr6	  4250000	  3750000	10
chr6	  4300000	  3000000	26
chr6	  4350000	  3400000	19
chr6	  5000000	  4250000	15
chr6	  5850000	  4950000	18
chr6	  7500000	  6800000	14
chr6	  7800000	  6750000	21
chr6	  8600000	  6200000	48
chr6	  8750000	  7350000	28
chr6	  9600000	  8900000	14
chr6	 13450000	 14500000	21
chr6	 16850000	 15050000	36
chr6	 18000000	 18700000	14
chr6	 19950000	 21150000	24
chr6	 20500000	 21050000	11
chr6	 21250000	 19350000	38
chr6	 22700000	 24600000	38
chr6	 24100000	 24400000	6
chr6	 24500000	 25250000	15
chr6	 24550000	 23150000	28
chr6	 24550000	 25350000	16
chr6	 25350000	 24100000	25
chr6	 26000000	 25250000	15
chr6	 28250000	 28900000	13
chr6	 28400000	 27300000	22
chr6	 28900000	 30150000	25
chr6	 29650000	 28900000	15
chr6	 34700000	 33850000	17
chr6	 35000000	 33600000	28
chr6	 35550000	 34650000	18
chr6	 36400000	 35000000	28
chr6	 36950000	 38850000	38
chr6	 37100000	 36450000	13
chr6	 37400000	 37850000	9
chr6	 37450000	 38300000	17
chr6	 37600000	 37200000	8
chr6	 39250000	 38600000	13
chr6	 39750000	 40950000	24
chr6	 42600000	 44050000	29
chr6	 45650000	 46400000	15
chr6	 46050000	 43800000	45
chr6	 46200000	 45150000	21
chr6	 46500000	 47100000	12
chr6	 47100000	 45650000	29
chr6	 52350000	 50200000	43
chr6	 53100000	 52600000	10
chr6	 53450000	 55100000	33
chr6	 53650000	 54600000	19
chr6	 55250000	 55700000	9
chr6	 57150000	 55850000	26
chr6	 58050000	 57000000	21
chr6	 59250000	 60050000	16
chr6	 60550000	 60000000	11
chr6	 62800000	 65400000	52
chr6	 63600000	 64450000	17
chr6	 63900000	 61350000	51
chr6	 64300000	 63250000	21
chr6	 66250000	 66950000	14
chr6	 69550000	 67200000	47
chr6	 70000000	 70950000	19
chr6	 73200000	 71950000	25
chr6	 73250000	 70700000	51
chr6	 74750000	 73950000	16
chr6	 76950000	 76500000	9
chr6	 77350000	 77000000	7
chr6	 79150000	 77800000	27
chr6	 80700000	 81750000	21
chr6	 81250000	 82300000	21
chr6	 84250000	 83400000	17
chr6	 85600000	 87950000	47
chr6	 87950000	 87150000	16
chr6	 88450000	 85550000	58
chr6	 88650000	 87800000	17
chr6	 90100000	 88950000	23
chr6	 90700000	 91150000	9
chr6	 97100000	 96300000	16
chr6	 97100000	 97650000	11
chr6	 97700000	 97250000	9
chr6	 99600000	 96100000	70
chr6	100550000	101500000	19
chr6	101350000	 99850000	30
chr6	102600000	102050000	11
chr6	104600000	103150000	29
chr6	104650000	103900000	15
chr6	105550000	106350000	16
chr6	108350000	107250000	22
chr6	113100000	111150000	39
chr6	115950000	115300000	13
chr6	116400000	117700000	26
chr6	116750000	115050000	34
chr6	118000000	118850000	17
chr6	119250000	118100000	23
chr6	122150000	122950000	16
chr6	123700000	124850000	23
chr6	126750000	127700000	19
chr6	127500000	128400000	18
chr6	129600000	132250000	53
chr6	130050000	130800000	15
chr6	131300000	131500000	4
chr6	138450000	137150000	26
chr6	138950000	138050000	18
chr6	140850000	138850000	40
chr6	143550000	144150000	12
chr6	143650000	144750000	22
chr6	144350000	143700000	13
chr6	145850000	144450000	28
chr6	147550000	146550000	20
chr6	148600000	147050000	31
chr6	149000000	146950000	41
chr7	   100000	  3000000	58
chr7	  3250000	  4100000	17
chr7	  5350000	  7250000	38
chr7	  6600000	  5050000	31
chr7	 10300000	  9650000	13
chr7	 12100000	 11550000	11
chr7	 14050000	 14900000	17
chr7	 16700000	 17650000	19
chr7	 17400000	 17950000	11
chr7	 18300000	 17300000	20
chr7	 19850000	 19200000	13
chr7	 20250000	 16700000	71
chr7	 21900000	 22300000	8
chr7	 22900000	 21500000	28
chr7	 24100000	 24900000	16
chr7	 24300000	 23500000	16
chr7	 25000000	 26350000	27
chr7	 26100000	 25000000	22
chr7	 27400000	 28300000	18
chr7	 28500000	 26400000	42
chr7	 30900000	 30200000	14
chr7	 32800000	 32200000	12
chr7	 34550000	 35250000	14
chr7	 35400000	 39000000	72
chr7	 35550000	 34900000	13
chr7	 37350000	 38200000	17
chr7	 39450000	 41650000	44
chr7	 39900000	 40500000	12
chr7	 41750000	 41050000	14
chr7	 44750000	 43600000	23
chr7	 45000000	 43100000	38
chr7	 46750000	 45800000	19
chr7	 46750000	 46150000	12
chr7	 48600000	 49550000	19
chr7	 48650000	 49200000	11
chr7	 49800000	 50550000	15
chr7	 52100000	 50750000	27
chr7	 57350000	 58400000	21
chr7	 59650000	 59100000	11
chr7	 59800000	 60300000	10
chr7	 60050000	 61050000	20
chr7	 60100000	 61150000	21
chr7	 61250000	 62350000	22
chr7	 64700000	 66450000	35
chr7	 64800000	 66000000	24
chr7	 65200000	 64250000	19
chr7	 65650000	 64500000	23
chr7	 65750000	 65000000	15
chr7	 66600000	 65600000	20
chr7	 67300000	 65300000	40
chr7	 69950000	 69350000	12
chr7	 71550000	 72600000	21
chr7	 73350000	 73950000	12
chr7	 76400000	 78900000	50
chr7	 78100000	 78200000	2
chr7	 78200000	 76750000	29
chr7	 78200000	 77450000	15
chr7	 79150000	 78000000	23
chr7	 79250000	 80050000	16
chr7	 80750000	 81950000	24
chr7	 81400000	 80350000	21
chr7	 83650000	 84250000	12
chr7	 86550000	 87750000	24
chr7	 89950000	 90500000	11
chr7	 90150000	 87950000	44
chr7	 90150000	 92500000	47
chr7	 90550000	 92350000	36
chr7	 92150000	 93700000	31
chr7	 92750000	 93650000	18
chr7	 94850000	 93350000	30
chr7	 96250000	 95000000	25
chr7	 97600000	 97400000	4
chr7	 98000000	 97750000	5
chr7	 98050000	 98900000	17
chr7	 98900000	 98200000	14
chr7	 99850000	 98350000	30
chr7	101400000	103100000	34
chr7	102350000	103250000	18
chr7	102700000	101650000	21
chr7	102800000	102250000	11
chr7	105200000	107200000	40
chr7	108000000	107200000	16
chr7	108600000	109800000	24
chr7	109050000	109750000	14
chr7	109150000	108350000	16
chr7	109450000	107950000	30
chr7	109600000	108400000	24
chr7	110350000	109250000	22
chr7	113950000	114800000	17
chr7	114950000	115650000	14
chr7	115300000	113700000	32
chr7	115400000	117250000	37
chr7	115750000	116100000	7
chr7	115750000	116150000	8
chr7	119850000	121000000	23
chr7	120200000	118200000	40
chr7	120500000	121850000	27
chr7	121700000	120100000	32
chr7	121950000	121250000	14
chr7	124850000	124250000	12
chr7	130350000	127850000	50
chr7	130350000	129000000	27
chr7	130800000	130000000	16
chr7	131000000	129700000	26
chr7	131850000	133700000	37
chr7	133700000	135000000	26
chr7	136150000	134850000	26
chr7	136350000	135850000	10
chr7	136450000	135950000	10
chr7	139150000	138500000	13
chr7	140000000	141000000	20
chr7	141850000	142600000	15
chr7	142300000	143700000	28
chr7	142550000	143650000	22
chr7	142850000	143650000	16
chr7	145000000	144700000	6
chr8	  1300000	  1050000	5
chr8	  3600000	  4400000	16
chr8	  5550000	  6100000	11
chr8	  6400000	  5950000	9
chr8	  6550000	  7900000	27
chr8	  6650000	  7200000	11
chr8	  9800000	  8700000	22
chr8	  9950000	 11250000	26
chr8	 10200000	  9050000	23
chr8	 10850000	 10200000	13
chr8	 10950000	 11900000	19
chr8	 12100000	  9150000	59
chr8	 12450000	 13600000	23
chr8	 13950000	 12300000	33
chr8	 16450000	 16000000	9
chr8	 16700000	 16050000	13
chr8	 17500000	 16750000	15
chr8	 18050000	 18500000	9
chr8	 20550000	 19950000	12
chr8	 21750000	 20000000	35
chr8	 21900000	 20650000	25
chr8	 25600000	 27000000	28
chr8	 26850000	 27200000	7
chr8	 28550000	 26900000	33
chr8	 28600000	 29400000	16
chr8	 28900000	 30100000	24
chr8	 29050000	 31500000	49
chr8	 29350000	 28250000	22
chr8	 30050000	 28800000	25
chr8	 30850000	 29950000	18
chr8	 33900000	 33200000	14
chr8	 34000000	 35850000	37
chr8	 34750000	 36600000	37
chr8	 35300000	 34350000	19
chr8	 36300000	 37050000	15
chr8	 37750000	 38850000	22
chr8	 39900000	 38800000	22
chr8	 41750000	 41200000	11
chr8	 43200000	 44000000	16
chr8	 44750000	 46200000	29
chr8	 45800000	 45200000	12
chr8	 46850000	 45600000	25
chr8	 47100000	 48300000	24
chr8	 47450000	 45400000	41
chr8	 47750000	 46900000	17
chr8	 47950000	 49400000	29
chr8	 48350000	 47150000	24
chr8	 48350000	 47500000	17
chr8	 48750000	 50500000	35
chr8	 48900000	 47200000	34
chr8	 56550000	 58450000	38
chr8	 59200000	 54350000	97
chr8	 61400000	 60300000	22
chr8	 63750000	 63050000	14
chr8	 68050000	 69350000	26
chr8	 70950000	 71350000	8
chr8	 71050000	 70200000	17
chr8	 73250000	 71500000	35
chr8	 76700000	 77650000	19
chr8	 80450000	 80900000	9
chr8	 80800000	 79900000	18
chr8	 81100000	 79800000	26
chr8	 83450000	 84800000	27
chr8	 83900000	 86250000	47
chr8	 86000000	 88150000	43
chr8	 89250000	 86300000	59
chr8	 89700000	 88000000	34
chr8	 89850000	 91000000	23
chr8	 90350000	 90050000	6
chr8	 91300000	 89550000	35
chr8	 92650000	 93000000	7
chr8	 92950000	 93750000	16
chr8	 94950000	 96550000	32
chr8	 96350000	 94600000	35
chr8	 96500000	 97350000	17
chr8	 98500000	 99450000	19
chr8	 99400000	 99850000	9
chr8	 99700000	100650000	19
chr8	100050000	100600000	11
chr8	100950000	100750000	4
chr8	104750000	103450000	26
chr8	110950000	110050000	18
chr8	111550000	110250000	26
chr8	112150000	113750000	32
chr8	112200000	113100000	18
chr8	113550000	115350000	36
chr8	113950000	113550000	8
chr8	115200000	115800000	12
chr8	116300000	118600000	46
chr8	119850000	119200000	13
chr8	121100000	120500000	12
chr8	123050000	121800000	25
chr8	128750000	129000000	5
chr9	  2450000	  3750000	26
chr9	  2600000	  3150000	11
chr9	  3050000	  4150000	22
chr9	  5350000	  6800000	29
chr9	  5600000	  5600000	0
chr9	  6800000	  5300000	30
chr9	  7250000	  7000000	5
chr9	 12200000	 11850000	7
chr9	 17150000	 16650000	10
chr9	 17400000	 15600000	36
chr9	 18550000	 19550000	20
chr9	 23750000	 22750000	20
chr9	 25900000	 25750000	3
chr9	 25900000	 27300000	28
chr9	 26100000	 27050000	19
chr9	 26700000	 28500000	36
chr9	 28800000	 28550000	5
chr9	 31250000	 30850000	8
chr9	 32900000	 31650000	25
chr9	 35400000	 35100000	6
chr9	 36400000	 35350000	21
chr9	 36500000	 35800000	14
chr9	 37700000	 38250000	11
chr9	 38100000	 36000000	42
chr9	 40600000	 42000000	28
chr9	 41450000	 41850000	8
chr9	 42750000	 43900000	23
chr9	 42950000	 41950000	20
chr9	 43600000	 42800000	16
chr9	 43850000	 44550000	14
chr9	 46300000	 44950000	27
chr9	 48650000	 49800000	23
chr9	 51250000	 50550000	14
chr9	 51500000	 52800000	26
chr9	 52550000	 52150000	8
chr9	 52900000	 54000000	22
chr9	 54050000	 54600000	11
chr9	 57700000	 58450000	15
chr9	 61900000	 63100000	24
chr9	 62900000	 62100000	16
chr9	 63200000	 62550000	13
chr9	 63550000	 63250000	6
chr9	 66100000	 66950000	17
chr9	 67000000	 66700000	6
chr9	 67350000	 70100000	55
chr9	 68950000	 68050000	18
chr9	 69050000	 70600000	31
chr9	 71550000	 72000000	9
chr9	 71950000	 73450000	30
chr9	 75200000	 76000000	16
chr9	 76050000	 75050000	20
chr9	 76400000	 75550000	17
chr9	 77100000	 74200000	58
chr9	 78350000	 79200000	17
chr9	 78400000	 79050000	13
chr9	 80250000	 78650000	32
chr9	 80600000	 80050000	11
chr9	 81200000	 80100000	22
chr9	 85600000	 86550000	19
chr9	 87050000	 86550000	10
chr9	 88400000	 89450000	21
chr9	 90200000	 91900000	34
chr9	 90200000	 92150000	39
chr9	 90600000	 89950000	13
chr9	 90800000	 89750000	21
chr9	 91750000	 91400000	7
chr9	 91900000	 91350000	11
chr9	 92600000	 91750000	17
chr9	 96350000	 97500000	23
chr9	 96500000	 97550000	21
chr9	 97600000	 96100000	30
chr9	 98700000	 99200000	10
chr9	 98950000	 99900000	19
chr9	 99600000	 98750000	17
chr9	101600000	101100000	10
chr9	103000000	102500000	10
chr9	103450000	102150000	26
chr9	103550000	104400000	17
chr9	104050000	105100000	21
chr9	104900000	104300000	12
chr9	105000000	108000000	60
chr9	106000000	107450000	29
chr9	107150000	108200000	21
chr9	107650000	109350000	34
chr9	111350000	108000000	67
chr9	112050000	112300000	5
chr9	112100000	111350000	15
chr9	112550000	113550000	20
chr9	113750000	112450000	26
chr9	117050000	115650000	28
chr9	117100000	115200000	38
chr9	118000000	117000000	20
chr9	118400000	118100000	6
chr9	120000000	118050000	39
chr9	120300000	119100000	24
chr9	120500000	119950000	11
chr9	121250000	123250000	40
chrX	  2150000	   850000	26
chrX	  2650000	  2200000	9
chrX	  3200000	  2050000	23
chrX	  5900000	  4350000	31
chrX	  6500000	  5850000	13
chrX	  7700000	  8300000	12
chrX	  8450000	  9250000	16
chrX	  8750000	  7950000	16
chrX	  9350000	 10150000	16
chrX	 10150000	 10400000	5
chrX	 10350000	 12000000	33
chrX	 13050000	 15350000	46
chrX	 13150000	 12150000	20
chrX	 18150000	 20850000	54
chrX	 18600000	 19950000	27
chrX	 19100000	 20100000	20
chrX	 21850000	 21050000	16
chrX	 22350000	 23200000	17
chrX	 22650000	 24600000	39
chrX	 23700000	 26650000	59
chrX	 24800000	 23950000	17
chrX	 24800000	 24400000	8
chrX	 27800000	 28900000	22
chrX	 28200000	 29550000	27
chrX	 28250000	 29850000	32
chrX	 28400000	 27250000	23
chrX	 29850000	 28500000	27
chrX	 31850000	 33500000	33
chrX	 32900000	 31950000	19
chrX	 33150000	 31800000	27
chrX	 33500000	 34350000	17
chrX	 33900000	 30650000	65
chrX	 34100000	 34450000	7
chrX	 40250000	 41200000	19
chrX	 42050000	 40150000	38
chrX	 42050000	 41200000	17
chrX	 42850000	 42150000	14
chrX	 43250000	 42650000	12
chrX	 43850000	 42850000	20
chrX	 45750000	 49250000	70
chrX	 47550000	 48150000	12
chrX	 49100000	 50300000	24
chrX	 49400000	 49950000	11
chrX	 52350000	 51300000	21
chrX	 52400000	 52750000	7
chrX	 54450000	 55200000	15
chrX	 54650000	 53600000	21
chrX	 55000000	 53000000	40
chrX	 55250000	 55250000	0
chrX	 55600000	 57200000	32
chrX	 57900000	 59050000	23
chrX	 59700000	 60200000	10
chrX	 62150000	 62850000	14
chrX	 62400000	 63600000	24
chrX	 62950000	 61600000	27
chrX	 63800000	 64250000	9
chrX	 64550000	 64750000	4
chrX	 65050000	 63850000	24
chrX	 67200000	 70000000	56
chrX	 68150000	 67100000	21
chrX	 70350000	 71350000	20
chrX	 70650000	 70000000	13
chrX	 72150000	 70750000	28
chrX	 73550000	 74100000	11
chrX	 73650000	 73050000	12
chrX	 74100000	 74600000	10
chrX	 75300000	 73550000	35
chrX	 75700000	 73850000	37
chrX	 78150000	 77000000	23
chrX	 79400000	 77450000	39
chrX	 79900000	 81650000	35
chrX	 81950000	 81300000	13
chrX	 82500000	 83900000	28
chrX	 85550000	 86900000	27
chrX	 85750000	 87900000	43
chrX	 86950000	 88150000	24
chrX	 87650000	 89450000	36
chrX	 88550000	 89750000	24
chrX	 88850000	 88050000	16
chrX	 89050000	 88550000	10
chrX	 89600000	 90850000	25
chrX	 89850000	 88150000	34
chrX	 92650000	 91350000	26
chrX	 93650000	 93250000	8
chrX	 93700000	 94700000	20
chrX	 93950000	 91500000	49
chrX	 94900000	 96650000	35
chrX	 95750000	 96100000	7
chrX	 98650000	 99200000	11
chrX	 98800000	 96500000	46
chrX	101250000	101700000	9
chrX	101600000	100650000	19
chrX	102200000	101400000	16
chrX	103050000	101550000	30
chrX	104150000	103000000	23
chrX	105700000	104900000	16
chrX	105700000	106600000	18
chrX	106850000	108150000	26
chrX	109100000	108050000	21
chrX	109900000	109250000	13
chrX	110550000	111150000	12
chrX	111150000	110750000	8
chrX	112450000	113700000	25
chrX	114000000	113150000	17
chrX	114800000	115250000	9
chrX	115750000	114950000	16
chrX	120900000	121600000	14
chrX	121650000	123100000	29
chrX	123150000	124450000	26
chrX	124950000	123800000	23
chrX	124950000	126650000	34
chrX	126150000	128000000	37
chrX	126550000	125800000	15
chrX	126600000	125850000	15
chrX	127500000	127300000	4
chrX	129700000	129000000	14
chrX	131900000	132850000	19
chrX	132700000	133400000	14
chrX	133650000	134500000	17
chrX	134650000	135100000	9
chrX	134800000	135700000	18
chrX	136100000	135200000	18
chrX	136200000	135450000	15
chrX	137750000	138100000	7
chrX	138950000	137700000	25
chrX	141700000	142900000	24
chrX	143400000	142150000	25
chrX	144650000	145300000	13
chrX	148750000	149100000	7
chrX	151700000	153300000	32
chrX	152350000	153050000	14
chrX	152400000	153700000	26
chrX	154800000	155200000	8
chrX	155500000	156150000	13
chrX	158000000	159750000	35
chrX	158250000	157600000	13
chrX	159200000	160150000	19
chrX	160100000	158950000	23
chrX	160100000	159200000	18
chrX	160450000	160000000	9
chrX	161050000	160750000	6
chrX	161350000	162400000	21
chrX	161650000	160250000	28
chrX	162300000	162900000	12
chrX	166500000	167750000	25
chrX	166600000	165600000	20
chrX	166900000	167450000	11
chrX	169450000	170700000	25
chrX	169550000	170600000	21
chrX	169600000	170750000	23
chrY	  2150000	  2450000	6
chrY	  3050000	  2650000	8
chrY	  3150000	  1050000	42
chrY	  5700000	  7750000	41
chrY	  7300000	  6450000	17
chrY	  8850000	  8200000	13
chrY	 10350000	  7200000	63
chrY	 11300000	 12200000	18
chrY	 11950000	 12500000	11
chrY	 12550000	 11150000	28
chrY	 13750000	 12800000	19
chrY	 14900000	 15150000	5
chrY	 15150000	 16200000	21
chrY	 15600000	 14600000	20
chrY	 16250000	 15600000	13
chrY	 17950000	 16600000	27
chrY	 20050000	 20650000	12
chrY	 21050000	 20100000	19
chrY	 22500000	 21600000	18
chrY	 22800000	 24450000	33
chrY	 24000000	 24650000	13
chrY	 24550000	 24250000	6
chrY	 25650000	 24650000	20
chrY	 26800000	 25350000	29
chrY	 29450000	 29300000	3
chrY	 29500000	 28900000	12
chrY	 30600000	 29900000	14
chrY	 30800000	 31100000	6
chrY	 36900000	 36100000	16
chrY	 37750000	 38550000	16
chrY	 38600000	 36950000	33
chrY	 38750000	 38100000	13
chrY	 39600000	 41000000	28
chrY	 39700000	 40450000	15
chrY	 45900000	 44200000	34
chrY	 48250000	 46950000	26
chrY	 48750000	 48400000	7
chrY	 49150000	 47600000	31
chrY	 49600000	 48800000	16
chrY	 51650000	 50450000	24
chrY	 55350000	 53300000	41
chrY	 55650000	 56200000	11
chrY	 56000000	 55350000	13
chrY	 56900000	 55250000	33
chrY	 62300000	 63300000	20
chrY	 62850000	 61200000	33
chrY	 64100000	 63400000	14
chrY	 64150000	 65400000	25
chrY	 64250000	 63650000	12
chrY	 64700000	 64100000	12
chrY	 66200000	 65350000	17
chrY	 66500000	 67350000	17
chrY	 67800000	 70200000	48
chrY	 67900000	 66200000	34
chrY	 68250000	 67700000	11
chrY	 68550000	 69850000	26
chrY	 68600000	 69750000	23
chrY	 70100000	 69100000	20
chrY	 72000000	 71400000	12
chrY	 77750000	 79600000	37
chrY	 79100000	 78100000	20
chrY	 79450000	 80900000	29
chrY	 79500000	 80400000	18
chrY	 79700000	 79000000	14
chrY	 80800000	 81850000	21
chrY	 85150000	 84200000	19
chrY	 88700000	 89800000	22
chrY	 89100000	 88000000	22
