chr1	  1950000	  2350000	8
chr1	 11600000	 12250000	13
chr1	 12700000	 13800000	22
chr1	 14050000	 12600000	29
chr1	 14750000	 13750000	20
chr1	 15700000	 17550000	37
chr1	 16250000	 15050000	24
chr1	 17250000	 22200000	99
chr1	 18500000	 19550000	21
chr1	 18950000	 19300000	7
chr1	 19100000	 20650000	31
chr1	 20400000	 20950000	11
chr1	 23200000	 21350000	37
chr1	 23300000	 22350000	19
chr1	 23500000	 22800000	14
chr1	 26150000	 29650000	70
chr1	 28100000	 27750000	7
chr1	 28100000	 28700000	12
chr1	 29800000	 30800000	20
chr1	 30150000	 32000000	37
chr1	 30750000	 30550000	4
chr1	 33600000	 35850000	45
chr1	 34750000	 33900000	17
chr1	 35100000	 36100000	20
chr1	 35300000	 36600000	26
chr1	 37000000	 37650000	13
chr1	 37200000	 36350000	17
chr1	 38550000	 40100000	31
chr1	 39050000	 38750000	6
chr1	 39100000	 38350000	15
chr1	 39550000	 36900000	53
chr1	 40750000	 40000000	15
chr1	 40850000	 41750000	18
chr1	 41850000	 42350000	10
chr1	 42050000	 41550000	10
chr1	 42350000	 43250000	18
chr1	 43000000	 43000000	0
chr1	 43350000	 45100000	35
chr1	 44000000	 45000000	20
chr1	 46200000	 45250000	19
chr1	 47700000	 47000000	14
chr1	 48000000	 51750000	75
chr1	 48950000	 49750000	16
chr1	 49150000	 49750000	12
chr1	 50100000	 50350000	5
chr1	 50550000	 53050000	50
chr1	 53600000	 54050000	9
chr1	 58850000	 58000000	17
chr1	 59000000	 58650000	7
chr1	 60650000	 61400000	15
chr1	 60950000	 62000000	21
chr1	 61050000	 60550000	10
chr1	 61200000	 59150000	41
chr1	 62900000	 61950000	19
chr1	 64100000	 65150000	21
chr1	 64850000	 65800000	19
chr1	 66450000	 68700000	45
chr1	 66500000	 65450000	21
chr1	 66650000	 66150000	10
chr1	 67400000	 68000000	12
chr1	 68700000	 67500000	24
chr1	 68900000	 69050000	3
chr1	 70950000	 70650000	6
chr1	 72600000	 72100000	10
chr1	 73650000	 74900000	25
chr1	 76300000	 77200000	18
chr1	 77250000	 76900000	7
chr1	 77250000	 78650000	28
chr1	 78300000	 77250000	21
chr1	 78300000	 77400000	18
chr1	 78600000	 79350000	15
chr1	 79600000	 78500000	22
chr1	 79700000	 78900000	16
chr1	 84550000	 85300000	15
chr1	 84850000	 84200000	13
chr1	 85000000	 83950000	21
chr1	 87950000	 86100000	37
chr1	 88550000	 89450000	18
chr1	 88650000	 89150000	10
chr1	 90750000	 92850000	42
chr1	 92500000	 92150000	7
chr1	 94450000	 95200000	15
chr1	 94950000	 95950000	20
chr1	 95500000	 94200000	26
chr1	 99950000	 98750000	24
chr1	103050000	102050000	20
chr1	104450000	103950000	10
chr1	104600000	103750000	17
chr1	105200000	103100000	42
chr1	105650000	104950000	14
chr1	106450000	106000000	9
chr1	107800000	108750000	19
chr1	110300000	110000000	6
chr1	111250000	111650000	8
chr1	113450000	115600000	43
chr1	113850000	112800000	21
chr1	116450000	118400000	39
chr1	117400000	116850000	11
chr1	118150000	117100000	21
chr1	118150000	117350000	16
chr1	118750000	120900000	43
chr1	118850000	118450000	8
chr1	119700000	119500000	4
chr1	120600000	118950000	33
chr1	121300000	119900000	28
chr1	121500000	122250000	15
chr1	121800000	122350000	11
chr1	123300000	123950000	13
chr1	123600000	121900000	34
chr1	124650000	125950000	26
chr1	125600000	126550000	19
chr1	126950000	129750000	56
chr1	129200000	128400000	16
chr1	129700000	128600000	22
chr1	130850000	131850000	20
chr1	131250000	132000000	15
chr1	133050000	133900000	17
chr1	134500000	133150000	27
chr1	135250000	136000000	15
chr1	135300000	136200000	18
chr1	137800000	137150000	13
chr1	137950000	139350000	28
chr1	138950000	137550000	28
chr1	138950000	139600000	13
chr1	139200000	139850000	13
chr1	141400000	142200000	16
chr1	143400000	144400000	20
chr1	146350000	148800000	49
chr1	146900000	147200000	6
chr1	148000000	147350000	13
chr1	150650000	152000000	27
chr1	153250000	153600000	7
chr1	153600000	155100000	30
chr1	153650000	155500000	37
chr1	154700000	154100000	12
chr1	154700000	155200000	10
chr1	156350000	158000000	33
chr1	157700000	158000000	6
chr1	158050000	158900000	17
chr1	159100000	161300000	44
chr1	160500000	159950000	11
chr1	161100000	162100000	20
chr1	162350000	161050000	26
chr1	165300000	167200000	38
chr1	168050000	169350000	26
chr1	171500000	171200000	6
chr1	172850000	171600000	25
chr1	173750000	174900000	23
chr1	173850000	174500000	13
chr1	174200000	174900000	14
chr1	177400000	178200000	16
chr1	178250000	177650000	12
chr1	178850000	177000000	37
chr1	179850000	180300000	9
chr1	180950000	183250000	46
chr1	182200000	181800000	8
chr1	182750000	182050000	14
chr1	183550000	185900000	47
chr1	184350000	182750000	32
chr1	185000000	186200000	24
chr1	185550000	184950000	12
chr1	186250000	187300000	21
chr1	188800000	190000000	24
chr1	189100000	189650000	11
chr1	189150000	189550000	8
chr1	191000000	191900000	18
chr1	191100000	189750000	27
chr1	192250000	191350000	18
chr10	  1750000	   750000	20
chr10	  2700000	  4100000	28
chr10	  4500000	  5850000	27
chr10	  6500000	  5550000	19
chr10	  8300000	  7800000	10
chr10	  9100000	 11750000	53
chr10	  9250000	 10900000	33
chr10	 11300000	 11550000	5
chr10	 11400000	 12950000	31
chr10	 12300000	 13950000	33
chr10	 12700000	 13650000	19
chr10	 14700000	 13050000	33
chr10	 15650000	 14050000	32
chr10	 20850000	 22000000	23
chr10	 20950000	 20550000	8
chr10	 21100000	 19950000	23
chr10	 21350000	 21100000	5
chr10	 21550000	 20050000	30
chr10	 23000000	 23800000	16
chr10	 24150000	 23250000	18
chr10	 24800000	 24000000	16
chr10	 24800000	 25300000	10
chr10	 24800000	 25800000	20
chr10	 25150000	 24750000	8
chr10	 25500000	 27900000	48
chr10	 26400000	 27900000	30
chr10	 26600000	 27500000	18
chr10	 27000000	 25800000	24
chr10	 30650000	 30250000	8
chr10	 34000000	 35800000	36
chr10	 35850000	 37500000	33
chr10	 36350000	 37000000	13
chr10	 37650000	 35300000	47
chr10	 37900000	 38350000	9
chr10	 38250000	 36350000	38
chr10	 39050000	 38250000	16
chr10	 39750000	 39750000	0
chr10	 40000000	 40850000	17
chr10	 41150000	 42000000	17
chr10	 41500000	 40050000	29
chr10	 44050000	 44700000	13
chr10	 45350000	 42250000	62
chr10	 45400000	 45650000	5
chr10	 46700000	 48700000	40
chr10	 48600000	 47350000	25
chr10	 49250000	 49750000	10
chr10	 53000000	 51700000	26
chr10	 54000000	 52300000	34
chr10	 58750000	 58050000	14
chr10	 59350000	 60250000	18
chr10	 59350000	 60850000	30
chr10	 62350000	 63100000	15
chr10	 63150000	 63800000	13
chr10	 68000000	 65550000	49
chr10	 69700000	 67750000	39
chr10	 73800000	 74200000	8
chr10	 74000000	 75000000	20
chr10	 74900000	 73500000	28
chr10	 76950000	 75850000	22
chr10	 77450000	 77950000	10
chr10	 78750000	 79550000	16
chr10	 80450000	 81600000	23
chr10	 80700000	 81850000	23
chr10	 83150000	 83700000	11
chr10	 85000000	 83700000	26
chr10	 85550000	 84150000	28
chr10	 86450000	 85750000	14
chr10	 86650000	 86500000	3
chr10	 87050000	 86100000	19
chr10	 88400000	 89000000	12
chr10	 90750000	 89550000	24
chr10	 91050000	 90600000	9
chr10	 91100000	 89400000	34
chr10	 92800000	 90850000	39
chr10	 99100000	 99600000	10
chr10	 99350000	 97850000	30
chr10	 99350000	101100000	35
chr10	100100000	 99600000	10
chr10	100600000	101350000	15
chr10	102750000	104200000	29
chr10	103000000	101650000	27
chr10	103650000	102850000	16
chr10	103700000	103000000	14
chr10	105800000	104200000	32
chr10	109450000	107750000	34
chr10	112050000	113150000	22
chr10	117000000	117350000	7
chr10	117350000	118300000	19
chr10	118700000	117100000	32
chr10	118950000	116850000	42
chr10	118950000	117700000	25
chr10	120050000	119650000	8
chr10	121950000	120800000	23
chr10	123150000	124300000	23
chr10	125550000	124950000	12
chr10	125700000	125100000	12
chr10	126950000	125350000	32
chr11	  2250000	  1700000	11
chr11	  2500000	  3600000	22
chr11	  3400000	  4400000	20
chr11	  3550000	  4450000	18
chr11	  5350000	  4000000	27
chr11	  5450000	  5050000	8
chr11	  6150000	  4450000	34
chr11	  6950000	  8150000	24
chr11	  9700000	 11350000	33
chr11	  9900000	  8800000	22
chr11	 15450000	 16700000	25
chr11	 15950000	 18600000	53
chr11	 17000000	 16500000	10
chr11	 19700000	 18200000	30
chr11	 23100000	 22050000	21
chr11	 23600000	 23200000	8
chr11	 25550000	 26550000	20
chr11	 25600000	 26100000	10
chr11	 27450000	 33450000	120
chr11	 27850000	 26950000	18
chr11	 28350000	 28600000	5
chr11	 30450000	 33800000	67
chr11	 30800000	 29700000	22
chr11	 33350000	 32350000	20
chr11	 33700000	 32350000	27
chr11	 34650000	 35750000	22
chr11	 34850000	 36000000	23
chr11	 37800000	 39900000	42
chr11	 38850000	 39700000	17
chr11	 39850000	 38950000	18
chr11	 39900000	 37600000	46
chr11	 43350000	 44350000	20
chr11	 44400000	 45700000	26
chr11	 45750000	 44550000	24
chr11	 46150000	 46950000	16
chr11	 48250000	 47050000	24
chr11	 48350000	 49050000	14
chr11	 50300000	 51400000	22
chr11	 51250000	 52950000	34
chr11	 51650000	 50500000	23
chr11	 52650000	 51850000	16
chr11	 53850000	 52600000	25
chr11	 54000000	 54700000	14
chr11	 57050000	 56650000	8
chr11	 57400000	 58300000	18
chr11	 58850000	 60050000	24
chr11	 59250000	 57900000	27
chr11	 60100000	 61400000	26
chr11	 60600000	 59150000	29
chr11	 63650000	 64650000	20
chr11	 68000000	 67650000	7
chr11	 69350000	 68150000	24
chr11	 69650000	 70450000	16
chr11	 70750000	 69800000	19
chr11	 71100000	 72700000	32
chr11	 74350000	 74700000	7
chr11	 76900000	 78000000	22
chr11	 77050000	 78150000	22
chr11	 78950000	 77200000	35
chr11	 80100000	 79500000	12
chr11	 84500000	 85300000	16
chr11	 84900000	 86050000	23
chr11	 86350000	 85700000	13
chr11	 87250000	 86100000	23
chr11	 87300000	 86500000	16
chr11	 88850000	 90450000	32
chr11	 90200000	 89450000	15
chr11	 92450000	 91700000	15
chr11	 93650000	 92450000	24
chr11	 96600000	 97350000	15
chr11	 97200000	 99050000	37
chr11	 97850000	 96400000	29
chr11	100900000	100050000	17
chr11	101150000	102900000	35
chr11	101900000	103550000	33
chr11	103800000	102300000	30
chr11	104050000	105400000	27
chr11	106750000	105750000	20
chr11	106900000	105600000	26
chr11	107500000	106350000	23
chr11	109300000	108600000	14
chr11	112000000	113600000	32
chr11	112700000	113700000	20
chr11	118750000	120000000	25
chr11	118950000	118800000	3
chr11	119700000	119150000	11
chr11	119950000	120850000	18
chr12	   150000	  1700000	31
chr12	  5000000	  5450000	9
chr12	  5800000	  7100000	26
chr12	  6050000	  4950000	22
chr12	  7850000	  7550000	6
chr12	  8850000	  7200000	33
chr12	 11450000	 12250000	16
chr12	 12250000	 11350000	18
chr12	 12400000	 11300000	22
chr12	 13600000	 14350000	15
chr12	 13600000	 15750000	43
chr12	 14550000	 14100000	9
chr12	 18350000	 19700000	27
chr12	 19600000	 20800000	24
chr12	 19800000	 20750000	19
chr12	 21600000	 20200000	28
chr12	 24650000	 25600000	19
chr12	 26650000	 27500000	17
chr12	 26700000	 25850000	17
chr12	 30900000	 31600000	14
chr12	 32600000	 33600000	20
chr12	 32850000	 32550000	6
chr12	 33900000	 32550000	27
chr12	 34000000	 32650000	27
chr12	 35050000	 36000000	19
chr12	 35100000	 36850000	35
chr12	 41100000	 40650000	9
chr12	 41850000	 40400000	29
chr12	 42650000	 41950000	14
chr12	 43350000	 43800000	9
chr12	 43450000	 42300000	23
chr12	 43550000	 43000000	11
chr12	 43950000	 44400000	9
chr12	 46500000	 45800000	14
chr12	 48800000	 47500000	26
chr12	 49200000	 50200000	20
chr12	 53750000	 54000000	5
chr12	 53850000	 56050000	44
chr12	 54600000	 52800000	36
chr12	 56400000	 56000000	8
chr12	 58100000	 58100000	0
chr12	 60450000	 59800000	13
chr12	 60450000	 62600000	43
chr12	 60650000	 61250000	12
chr12	 60800000	 59750000	21
chr12	 62200000	 62900000	14
chr12	 62300000	 63100000	16
chr12	 64500000	 63800000	14
chr12	 66850000	 68100000	25
chr12	 67800000	 69500000	34
chr12	 73100000	 73400000	6
chr12	 73300000	 74650000	27
chr12	 74150000	 75000000	17
chr12	 74200000	 75400000	24
chr12	 74700000	 75950000	25
chr12	 75750000	 73950000	36
chr12	 78100000	 80150000	41
chr12	 78750000	 77550000	24
chr12	 79100000	 77850000	25
chr12	 80800000	 82050000	25
chr12	 83250000	 84400000	23
chr12	 83850000	 84850000	20
chr12	 85200000	 86700000	30
chr12	 85250000	 86200000	19
chr12	 85400000	 83850000	31
chr12	 85750000	 84450000	26
chr12	 86450000	 88100000	33
chr12	 86900000	 87800000	18
chr12	 87800000	 86950000	17
chr12	 90250000	 90750000	10
chr12	 91400000	 90350000	21
chr12	 92800000	 90750000	41
chr12	 93800000	 94250000	9
chr12	 94550000	 96550000	40
chr12	 95150000	 94150000	20
chr12	 96400000	 96400000	0
chr12	 97000000	 97800000	16
chr12	 97100000	 97800000	14
chr12	 97950000	 97600000	7
chr12	 98000000	 98800000	16
chr12	100400000	101550000	23
chr12	102500000	100750000	35
chr12	103050000	102000000	21
chr12	107950000	107300000	13
chr12	108500000	109950000	29
chr12	109450000	108050000	28
chr12	109550000	108850000	14
chr12	109600000	105750000	77
chr12	110650000	111950000	26
chr12	110950000	111450000	10
chr12	111500000	113350000	37
chr12	112550000	113900000	27
chr12	112600000	111850000	15
chr12	114000000	114800000	16
chr12	115550000	114550000	20
chr12	115950000	117350000	28
chr12	116300000	114550000	35
chr13	   950000	   100000	17
chr13	  2000000	  1450000	11
chr13	 10500000	 11950000	29
chr13	 10700000	  9150000	31
chr13	 13150000	 13900000	15
chr13	 13700000	 12400000	26
chr13	 13700000	 13050000	13
chr13	 13850000	 13350000	10
chr13	 15500000	 16550000	21
chr13	 18900000	 18650000	5
chr13	 19150000	 21350000	44
chr13	 20750000	 20000000	15
chr13	 20800000	 21500000	14
chr13	 21850000	 20650000	24
chr13	 23500000	 22250000	25
chr13	 24250000	 25000000	15
chr13	 26450000	 25300000	23
chr13	 27050000	 25700000	27
chr13	 28750000	 27000000	35
chr13	 29400000	 28750000	13
chr13	 30600000	 31150000	11
chr13	 31050000	 30350000	14
chr13	 32800000	 31700000	22
chr13	 33650000	 33200000	9
chr13	 34550000	 33200000	27
chr13	 37250000	 36950000	6
chr13	 37900000	 37050000	17
chr13	 38450000	 39850000	28
chr13	 38950000	 40900000	39
chr13	 40850000	 42850000	40
chr13	 41550000	 40250000	26
chr13	 41600000	 42850000	25
chr13	 42200000	 41650000	11
chr13	 43000000	 43700000	14
chr13	 43600000	 44450000	17
chr13	 45150000	 41900000	65
chr13	 50800000	 50450000	7
chr13	 51900000	 51500000	8
chr13	 54500000	 55200000	14
chr13	 54550000	 51850000	54
chr13	 54650000	 53550000	22
chr13	 55100000	 53800000	26
chr13	 55400000	 54650000	15
chr13	 56250000	 57200000	19
chr13	 56850000	 56450000	8
chr13	 57500000	 56250000	25
chr13	 58400000	 57900000	10
chr13	 58850000	 60250000	28
chr13	 61050000	 59950000	22
chr13	 61450000	 62350000	18
chr13	 61800000	 61150000	13
chr13	 64800000	 63750000	21
chr13	 65050000	 65600000	11
chr13	 65650000	 66750000	22
chr13	 66150000	 65500000	13
chr13	 67000000	 66400000	12
chr13	 68900000	 70200000	26
chr13	 69450000	 70550000	22
chr13	 71450000	 71050000	8
chr13	 72400000	 73100000	14
chr13	 73000000	 74200000	24
chr13	 73650000	 72650000	20
chr13	 73650000	 72800000	17
chr13	 75050000	 74000000	21
chr13	 80400000	 81100000	14
chr13	 83050000	 81700000	27
chr13	 84800000	 84800000	0
chr13	 85600000	 86100000	10
chr13	 87550000	 88600000	21
chr13	 89300000	 88000000	26
chr13	 89600000	 88500000	22
chr13	 90550000	 91100000	11
chr13	 92100000	 91100000	20
chr13	 95950000	 95700000	5
chr13	 97400000	 97950000	11
chr13	 97950000	 99200000	25
chr13	 98000000	 97400000	12
chr13	 98500000	 99800000	26
chr13	 99550000	100750000	24
chr13	100000000	100550000	11
chr13	100950000	 99200000	35
chr13	101150000	100600000	11
chr13	101450000	101850000	8
chr13	102100000	101400000	14
chr13	102600000	103400000	16
chr13	103550000	102500000	21
chr13	104150000	104800000	13
chr13	106500000	104900000	32
chr13	107900000	109700000	36
chr13	108200000	106800000	28
chr13	111750000	110050000	34
chr13	112600000	113650000	21
chr13	112800000	114000000	24
chr13	113850000	114750000	18
chr13	114450000	113600000	17
chr13	115350000	113750000	32
chr13	115900000	115050000	17
chr13	117550000	118100000	11
chr13	118100000	117000000	22
chr13	118900000	117600000	26
chr14	   500000	  1300000	16
chr14	  1400000	   350000	21
chr14	  2300000	  2750000	9
chr14	  3350000	  2600000	15
chr14	  4750000	  5750000	20
chr14	  7400000	  8400000	20
chr14	  7900000	  8950000	21
chr14	 10300000	 11000000	14
chr14	 10750000	  9250000	30
chr14	 11050000	 12250000	24
chr14	 11750000	 11100000	13
chr14	 12950000	 15200000	45
chr14	 13550000	 14050000	10
chr14	 14850000	 15450000	12
chr14	 18400000	 19250000	17
chr14	 20100000	 19350000	15
chr14	 21150000	 22550000	28
chr14	 22050000	 22850000	16
chr14	 25300000	 28050000	55
chr14	 29100000	 29950000	17
chr14	 30200000	 32400000	44
chr14	 31650000	 29450000	44
chr14	 31850000	 30650000	24
chr14	 34000000	 32950000	21
chr14	 34850000	 35150000	6
chr14	 34950000	 35550000	12
chr14	 35150000	 33750000	28
chr14	 35500000	 33900000	32
chr14	 35700000	 34550000	23
chr14	 36550000	 35300000	25
chr14	 37650000	 40600000	59
chr14	 38150000	 36750000	28
chr14	 38950000	 38350000	12
chr14	 41950000	 43500000	31
chr14	 42950000	 41850000	22
chr14	 43100000	 42650000	9
chr14	 44200000	 44700000	10
chr14	 47000000	 45850000	23
chr14	 49600000	 50750000	23
chr14	 56000000	 54000000	40
chr14	 56550000	 58200000	33
chr14	 58300000	 59050000	15
chr14	 59500000	 58850000	13
chr14	 59500000	 60250000	15
chr14	 59650000	 59650000	0
chr14	 60650000	 61500000	17
chr14	 61050000	 61400000	7
chr14	 61850000	 63300000	29
chr14	 63300000	 61750000	31
chr14	 63700000	 65750000	41
chr14	 65100000	 63900000	24
chr14	 65250000	 64350000	18
chr14	 66800000	 71450000	93
chr14	 67150000	 66350000	16
chr14	 69400000	 68800000	12
chr14	 69800000	 69450000	7
chr14	 70400000	 69600000	16
chr14	 72600000	 73150000	11
chr14	 72650000	 74200000	31
chr14	 73050000	 73650000	12
chr14	 73050000	 75650000	52
chr14	 73350000	 72900000	9
chr14	 76250000	 75650000	12
chr14	 76450000	 75100000	27
chr14	 76550000	 77600000	21
chr14	 79000000	 80100000	22
chr14	 80000000	 80700000	14
chr14	 81250000	 80550000	14
chr14	 82500000	 82750000	5
chr14	 83400000	 84200000	16
chr14	 84600000	 83850000	15
chr14	 86950000	 85700000	25
chr14	 87500000	 88800000	26
chr14	 89450000	 90000000	11
chr14	 91650000	 90000000	33
chr14	 92950000	 95250000	46
chr14	 93050000	 94100000	21
chr14	 94550000	 92600000	39
chr14	 95450000	 96100000	13
chr14	 96800000	 93900000	58
chr14	 99650000	100150000	10
chr14	101050000	101550000	10
chr14	105650000	106650000	20
chr14	106050000	106700000	13
chr14	106200000	107950000	35
chr14	109450000	110000000	11
chr14	109950000	113300000	67
chr14	113400000	111950000	29
chr14	114150000	114950000	16
chr14	114450000	115300000	17
chr14	114800000	113550000	25
chr14	114850000	116200000	27
chr14	116050000	117650000	32
chr14	116550000	117650000	22
chr14	116650000	118450000	36
chr14	123250000	124450000	24
chr15	  1800000	    50000	35
chr15	  4400000	  3150000	25
chr15	  6300000	  5000000	26
chr15	  9700000	 11000000	26
chr15	 11750000	 11300000	9
chr15	 12050000	 11500000	11
chr15	 12100000	 10700000	28
chr15	 12300000	  9450000	57
chr15	 15900000	 14900000	20
chr15	 18200000	 18850000	13
chr15	 19050000	 18150000	18
chr15	 19550000	 21300000	35
chr15	 21650000	 22650000	20
chr15	 21700000	 24300000	52
chr15	 23300000	 23600000	6
chr15	 24200000	 24900000	14
chr15	 24250000	 23500000	15
chr15	 27350000	 26950000	8
chr15	 27550000	 26950000	12
chr15	 27900000	 26100000	36
chr15	 28800000	 27950000	17
chr15	 30450000	 31500000	21
chr15	 31500000	 32300000	16
chr15	 34450000	 33700000	15
chr15	 36200000	 34400000	36
chr15	 38100000	 36700000	28
chr15	 38350000	 35850000	50
chr15	 38500000	 36300000	44
chr15	 40900000	 38800000	42
chr15	 42050000	 43750000	34
chr15	 42200000	 42950000	15
chr15	 42400000	 43700000	26
chr15	 45950000	 44800000	23
chr15	 45950000	 45400000	11
chr15	 46500000	 47050000	11
chr15	 46900000	 48100000	24
chr15	 47200000	 48350000	23
chr15	 48700000	 50400000	34
chr15	 50300000	 50950000	13
chr15	 50950000	 49000000	39
chr15	 51250000	 52150000	18
chr15	 52000000	 50000000	40
chr15	 52350000	 52000000	7
chr15	 54750000	 53500000	25
chr15	 57700000	 59150000	29
chr15	 57850000	 58650000	16
chr15	 58150000	 56800000	27
chr15	 61650000	 60700000	19
chr15	 62050000	 63100000	21
chr15	 64000000	 64200000	4
chr15	 64250000	 66250000	40
chr15	 67050000	 68500000	29
chr15	 68900000	 69550000	13
chr15	 69400000	 70150000	15
chr15	 70100000	 69250000	17
chr15	 73100000	 74500000	28
chr15	 73500000	 74100000	12
chr15	 73800000	 74500000	14
chr15	 73900000	 70900000	60
chr15	 75550000	 76650000	22
chr15	 76200000	 73700000	50
chr15	 76650000	 77500000	17
chr15	 78500000	 77050000	29
chr15	 80350000	 78550000	36
chr15	 80800000	 79600000	24
chr15	 81100000	 78850000	45
chr15	 81150000	 82450000	26
chr15	 84050000	 85000000	19
chr15	 84850000	 82450000	48
chr15	 86150000	 87050000	18
chr15	 86400000	 85750000	13
chr15	 90550000	 88950000	32
chr15	 90850000	 88950000	38
chr15	 91650000	 94400000	55
chr15	 93100000	 92050000	21
chr15	 97350000	 98300000	19
chr15	 97600000	 99250000	33
chr15	 99300000	 97900000	28
chr15	 99300000	101400000	42
chr15	 99400000	 98150000	25
chr15	 99450000	 98200000	25
chr15	 99500000	 98450000	21
chr15	 99750000	 99200000	11
chr15	100400000	 99100000	26
chr15	100750000	102150000	28
chr15	101050000	100000000	21
chr15	101750000	102850000	22
chr16	  2800000	  4700000	38
chr16	  4450000	  5150000	14
chr16	  4600000	  9450000	97
chr16	  5150000	  6850000	34
chr16	  5700000	  4200000	30
chr16	  6000000	  4150000	37
chr16	  6650000	  8250000	32
chr16	  6850000	  7500000	13
chr16	  9100000	  8400000	14
chr16	 10050000	  8550000	30
chr16	 10200000	  8500000	34
chr16	 10750000	 11150000	8
chr16	 10850000	 12150000	26
chr16	 11300000	  9450000	37
chr16	 12600000	 13600000	20
chr16	 13150000	 11600000	31
chr16	 15650000	 14650000	20
chr16	 19350000	 18900000	9
chr16	 20100000	 19300000	16
chr16	 21500000	 20950000	11
chr16	 21650000	 23800000	43
chr16	 22300000	 20000000	46
chr16	 24150000	 26100000	39
chr16	 27100000	 28000000	18
chr16	 28450000	 29900000	29
chr16	 30200000	 30900000	14
chr16	 30350000	 30900000	11
chr16	 30350000	 32850000	50
chr16	 31450000	 29750000	34
chr16	 32300000	 33450000	23
chr16	 34100000	 33500000	12
chr16	 34600000	 36850000	45
chr16	 38500000	 39900000	28
chr16	 40100000	 39050000	21
chr16	 42500000	 40400000	42
chr16	 42650000	 44250000	32
chr16	 47000000	 49000000	40
chr16	 48150000	 49800000	33
chr16	 48750000	 47700000	21
chr16	 51200000	 53600000	48
chr16	 54350000	 55900000	31
chr16	 55600000	 54700000	18
chr16	 58950000	 60150000	24
chr16	 61900000	 59050000	57
chr16	 61950000	 63750000	36
chr16	 63850000	 63200000	13
chr16	 65050000	 66600000	31
chr16	 66250000	 65400000	17
chr16	 67700000	 70400000	54
chr16	 67850000	 66150000	34
chr16	 69350000	 69800000	9
chr16	 69550000	 68400000	23
chr16	 70800000	 72900000	42
chr16	 70950000	 69400000	31
chr16	 71300000	 70800000	10
chr16	 73450000	 75000000	31
chr16	 74650000	 75750000	22
chr16	 75000000	 76600000	32
chr16	 75400000	 74850000	11
chr16	 75950000	 76800000	17
chr16	 76150000	 74350000	36
chr16	 76150000	 76500000	7
chr16	 76200000	 75350000	17
chr16	 78850000	 79650000	16
chr16	 80800000	 81800000	20
chr16	 81600000	 82250000	13
chr16	 81850000	 82850000	20
chr16	 83150000	 82250000	18
chr16	 86700000	 85550000	23
chr16	 87100000	 88050000	19
chr16	 90200000	 91450000	25
chr16	 94600000	 92950000	33
chr16	 97550000	 96100000	29
chr17	  2500000	  3650000	23
chr17	  2800000	  4200000	28
chr17	  3950000	  6050000	42
chr17	  7400000	  7100000	6
chr17	  8050000	  7150000	18
chr17	 11200000	 11850000	13
chr17	 11750000	 13050000	26
chr17	 13550000	 15800000	45
chr17	 17850000	 19750000	38
chr17	 18700000	 19700000	20
chr17	 19200000	 18000000	24
chr17	 20100000	 19300000	16
chr17	 20300000	 22600000	46
chr17	 20900000	 19500000	28
chr17	 22400000	 23850000	29
chr17	 23250000	 20950000	46
chr17	 23950000	 24600000	13
chr17	 24650000	 25100000	9
chr17	 25550000	 26450000	18
chr17	 25950000	 26700000	15
chr17	 26000000	 25450000	11
chr17	 27000000	 26150000	17
chr17	 35350000	 34650000	14
chr17	 38350000	 37500000	17
chr17	 40650000	 39350000	26
chr17	 42050000	 40000000	41
chr17	 43000000	 45600000	52
chr17	 43400000	 44200000	16
chr17	 46400000	 46400000	0
chr17	 47350000	 46150000	24
chr17	 48150000	 49900000	35
chr17	 52250000	 53200000	19
chr17	 53050000	 52350000	14
chr17	 53750000	 54100000	7
chr17	 54500000	 54900000	8
chr17	 56050000	 56900000	17
chr17	 59500000	 60300000	16
chr17	 61900000	 59850000	41
chr17	 62450000	 63100000	13
chr17	 65250000	 63950000	26
chr17	 65800000	 64400000	28
chr17	 69550000	 67500000	41
chr17	 69550000	 70350000	16
chr17	 69550000	 70700000	23
chr17	 71050000	 70550000	10
chr17	 72500000	 73500000	20
chr17	 72700000	 72000000	14
chr17	 77350000	 77600000	5
chr17	 77500000	 78750000	25
chr17	 78050000	 79100000	21
chr17	 81900000	 83700000	36
chr17	 82150000	 82800000	13
chr17	 82300000	 81600000	14
chr17	 85200000	 86150000	19
chr17	 87100000	 87800000	14
chr17	 87150000	 88750000	32
chr17	 88950000	 89800000	17
chr17	 90100000	 89400000	14
chr17	 91100000	 91800000	14
chr17	 91500000	 90450000	21
chr17	 92650000	 93250000	12
chr18	  3150000	  2100000	21
chr18	  3400000	  4700000	26
chr18	  3400000	  4800000	28
chr18	  4650000	  3600000	21
chr18	  6250000	  6800000	11
chr18	  6550000	  5350000	24
chr18	  7400000	  7700000	6
chr18	 10850000	 13200000	47
chr18	 11350000	 11750000	8
chr18	 13800000	 13100000	14
chr18	 15200000	 14750000	9
chr18	 16750000	 13050000	74
chr18	 17650000	 16750000	18
chr18	 21750000	 22200000	9
chr18	 23100000	 22550000	11
chr18	 23600000	 24000000	8
chr18	 25150000	 24250000	18
chr18	 25700000	 24350000	27
chr18	 25950000	 23900000	41
chr18	 27250000	 24250000	60
chr18	 30850000	 30100000	15
chr18	 30950000	 29150000	36
chr18	 33150000	 33450000	6
chr18	 34050000	 32500000	31
chr18	 34600000	 34200000	8
chr18	 35900000	 34650000	25
chr18	 37000000	 35750000	25
chr18	 37550000	 36900000	13
chr18	 40300000	 42200000	38
chr18	 45850000	 47200000	27
chr18	 46150000	 47850000	34
chr18	 47800000	 46500000	26
chr18	 50800000	 50500000	6
chr18	 51800000	 50450000	27
chr18	 51900000	 51250000	13
chr18	 56500000	 57750000	25
chr18	 58600000	 59700000	22
chr18	 58850000	 56950000	38
chr18	 59950000	 59050000	18
chr18	 60550000	 61550000	20
chr18	 60750000	 62850000	42
chr18	 61650000	 64400000	55
chr18	 62750000	 63700000	19
chr18	 64650000	 66250000	32
chr18	 64750000	 65950000	24
chr18	 65100000	 63850000	25
chr18	 65250000	 64400000	17
chr18	 65650000	 65650000	0
chr18	 67800000	 67000000	16
chr18	 68600000	 67850000	15
chr18	 69700000	 69250000	9
chr18	 72450000	 73500000	21
chr18	 78050000	 77450000	12
chr18	 78950000	 78950000	0
chr18	 79000000	 78450000	11
chr18	 80900000	 81400000	10
chr18	 81150000	 79700000	29
chr18	 84000000	 82800000	24
chr18	 84800000	 85550000	15
chr18	 85550000	 86400000	17
chr18	 86650000	 85150000	30
chr18	 87300000	 89050000	35
chr18	 89750000	 90550000	16
chr19	  1700000	   750000	19
chr19	  7100000	 10700000	72
chr19	  7150000	  6600000	11
chr19	  7950000	  7400000	11
chr19	  8200000	  8800000	12
chr19	 12450000	 11800000	13
chr19	 12500000	 10850000	33
chr19	 13950000	 14600000	13
chr19	 15250000	 14650000	12
chr19	 15300000	 13300000	40
chr19	 16000000	 16650000	13
chr19	 21200000	 22000000	16
chr19	 21450000	 22350000	18
chr19	 25300000	 22900000	48
chr19	 26150000	 24000000	43
chr19	 26150000	 25600000	11
chr19	 26900000	 25750000	23
chr19	 26900000	 26450000	9
chr19	 27850000	 26500000	27
chr19	 28650000	 28850000	4
chr19	 28800000	 26550000	45
chr19	 29100000	 30250000	23
chr19	 32150000	 33450000	26
chr19	 33050000	 32450000	12
chr19	 33800000	 32000000	36
chr19	 34200000	 30800000	68
chr19	 36350000	 35150000	24
chr19	 36750000	 34700000	41
chr19	 38000000	 38350000	7
chr19	 38600000	 38200000	8
chr19	 39450000	 38500000	19
chr19	 46850000	 45750000	22
chr19	 46850000	 45800000	21
chr19	 48250000	 50250000	40
chr19	 49600000	 51450000	37
chr19	 53100000	 51900000	24
chr19	 53950000	 52850000	22
chr19	 54400000	 53350000	21
chr19	 54450000	 53650000	16
chr19	 55900000	 56650000	15
chr19	 60650000	 61400000	15
chr19	 60750000	 61350000	12
chr2	   700000	  1650000	19
chr2	  3500000	  2650000	17
chr2	  3700000	  4700000	20
chr2	  4950000	  3700000	25
chr2	  5150000	  6900000	35
chr2	  5500000	  6650000	23
chr2	  9600000	  8150000	29
chr2	 11650000	 10550000	22
chr2	 17350000	 19000000	33
chr2	 19000000	 17400000	32
chr2	 19300000	 21750000	49
chr2	 19850000	 19600000	5
chr2	 20150000	 18900000	25
chr2	 24050000	 24650000	12
chr2	 24700000	 27800000	62
chr2	 25200000	 26050000	17
chr2	 26150000	 26650000	10
chr2	 28450000	 28800000	7
chr2	 30100000	 32600000	50
chr2	 32600000	 33050000	9
chr2	 35500000	 36900000	28
chr2	 35750000	 34900000	17
chr2	 35850000	 34750000	22
chr2	 36450000	 37900000	29
chr2	 37400000	 40200000	56
chr2	 43550000	 42950000	12
chr2	 44100000	 44400000	6
chr2	 44900000	 45950000	21
chr2	 46200000	 47150000	19
chr2	 47350000	 48450000	22
chr2	 51850000	 50950000	18
chr2	 52150000	 51300000	17
chr2	 52550000	 51850000	14
chr2	 55200000	 54150000	21
chr2	 56700000	 58350000	33
chr2	 58150000	 61350000	64
chr2	 60100000	 59250000	17
chr2	 60350000	 60900000	11
chr2	 60700000	 62050000	27
chr2	 63750000	 63000000	15
chr2	 67100000	 68100000	20
chr2	 68450000	 67350000	22
chr2	 68700000	 68150000	11
chr2	 72400000	 73550000	23
chr2	 72950000	 72200000	15
chr2	 73650000	 72700000	19
chr2	 73950000	 75200000	25
chr2	 74100000	 75150000	21
chr2	 74300000	 74750000	9
chr2	 81350000	 81150000	4
chr2	 83650000	 85000000	27
chr2	 84950000	 84550000	8
chr2	 85500000	 84600000	18
chr2	 85600000	 84250000	27
chr2	 87600000	 85050000	51
chr2	 87800000	 86900000	18
chr2	 88750000	 90250000	30
chr2	 90450000	 91500000	21
chr2	 90750000	 89200000	31
chr2	 92500000	 92950000	9
chr2	 92550000	 91300000	25
chr2	 92550000	 93400000	17
chr2	 93350000	 93900000	11
chr2	 94200000	 95450000	25
chr2	 94900000	 96100000	24
chr2	 95450000	 93600000	37
chr2	 95550000	 94700000	17
chr2	 96100000	 95600000	10
chr2	 97900000	 96300000	32
chr2	 98200000	 97150000	21
chr2	100550000	101600000	21
chr2	101850000	102950000	22
chr2	105400000	103000000	48
chr2	106100000	105500000	12
chr2	109400000	107400000	40
chr2	111000000	114250000	65
chr2	112250000	111700000	11
chr2	112500000	111200000	26
chr2	115050000	113500000	31
chr2	117450000	116650000	16
chr2	118000000	119800000	36
chr2	119500000	118450000	21
chr2	122650000	124100000	29
chr2	124850000	123850000	20
chr2	125350000	124700000	13
chr2	126150000	125550000	12
chr2	129650000	130150000	10
chr2	130800000	132300000	30
chr2	135200000	132900000	46
chr2	135400000	133850000	31
chr2	135600000	136600000	20
chr2	135700000	136000000	6
chr2	137850000	136800000	21
chr2	141050000	136500000	91
chr2	141800000	144850000	61
chr2	141900000	143200000	26
chr2	143400000	144600000	24
chr2	143850000	146450000	52
chr2	144150000	144300000	3
chr2	144200000	143500000	14
chr2	144250000	144850000	12
chr2	146900000	145850000	21
chr2	147250000	148050000	16
chr2	148000000	148850000	17
chr2	149350000	148450000	18
chr2	151400000	150450000	19
chr2	151600000	153150000	31
chr2	152150000	150950000	24
chr2	153000000	154750000	35
chr2	154000000	155150000	23
chr2	154500000	153650000	17
chr2	155350000	156050000	14
chr2	156700000	157300000	12
chr2	159250000	160600000	27
chr2	160950000	160000000	19
chr2	166750000	164700000	41
chr2	167150000	167900000	15
chr2	170300000	169650000	13
chr2	171100000	170300000	16
chr2	171850000	173000000	23
chr2	172400000	173750000	27
chr2	176200000	177300000	22
chr2	177700000	180200000	50
chr2	178000000	178350000	7
chr2	179800000	179250000	11
chr2	180500000	181300000	16
chr2	180600000	181700000	22
chr3	  3350000	  1100000	45
chr3	  3350000	  1500000	37
chr3	  7650000	  5800000	37
chr3	  9150000	 11050000	38
chr3	  9200000	  7700000	30
chr3	  9500000	  7350000	43
chr3	 11200000	 10450000	15
chr3	 12050000	 13800000	35
chr3	 13200000	 11900000	26
chr3	 13450000	 12700000	15
chr3	 13650000	 14600000	19
chr3	 20600000	 21300000	14
chr3	 20900000	 18200000	54
chr3	 21850000	 20300000	31
chr3	 25900000	 26850000	19
chr3	 28750000	 27700000	21
chr3	 30700000	 30200000	10
chr3	 32050000	 32850000	16
chr3	 32800000	 33200000	8
chr3	 35200000	 33250000	39
chr3	 35550000	 34050000	30
chr3	 36450000	 34500000	39
chr3	 37900000	 39700000	36
chr3	 38700000	 39450000	15
chr3	 40000000	 38900000	22
chr3	 40450000	 39800000	13
chr3	 40800000	 41250000	9
chr3	 42750000	 43600000	17
chr3	 45600000	 45150000	9
chr3	 49300000	 50100000	16
chr3	 52550000	 56050000	70
chr3	 55900000	 56400000	10
chr3	 56250000	 54950000	26
chr3	 58250000	 57100000	23
chr3	 58850000	 57000000	37
chr3	 59150000	 59800000	13
chr3	 59300000	 58550000	15
chr3	 59300000	 60600000	26
chr3	 63250000	 63700000	9
chr3	 63350000	 64050000	14
chr3	 63700000	 63150000	11
chr3	 68300000	 68900000	12
chr3	 69200000	 68200000	20
chr3	 69500000	 68900000	12
chr3	 74300000	 73450000	17
chr3	 75400000	 74050000	27
chr3	 76300000	 75700000	12
chr3	 77450000	 79600000	43
chr3	 79450000	 80050000	12
chr3	 83300000	 84950000	33
chr3	 84750000	 83550000	24
chr3	 84850000	 86250000	28
chr3	 85750000	 85000000	15
chr3	 87550000	 87150000	8
chr3	 88850000	 87400000	29
chr3	 89250000	 88200000	21
chr3	 89700000	 90450000	15
chr3	 90650000	 93100000	49
chr3	 91050000	 90200000	17
chr3	 91800000	 89850000	39
chr3	 91900000	 92850000	19
chr3	 93150000	 92750000	8
chr3	 96150000	 96450000	6
chr3	 96750000	 98150000	28
chr3	 98400000	 99000000	12
chr3	 98750000	100000000	25
chr3	105100000	104300000	16
chr3	105550000	107150000	32
chr3	108500000	109950000	29
chr3	111200000	112100000	18
chr3	111300000	109600000	34
chr3	111600000	113400000	36
chr3	112200000	114150000	39
chr3	112750000	114250000	30
chr3	113400000	115250000	37
chr3	113750000	114250000	10
chr3	114950000	114250000	14
chr3	115450000	114500000	19
chr3	115500000	114200000	26
chr3	117850000	120100000	45
chr3	119450000	119850000	8
chr3	119550000	120900000	27
chr3	119650000	118650000	20
chr3	119850000	118350000	30
chr3	121550000	121300000	5
chr3	122850000	121950000	18
chr3	124100000	122850000	25
chr3	125250000	124250000	20
chr3	126800000	128250000	29
chr3	128350000	129050000	14
chr3	129300000	130000000	14
chr3	132950000	133750000	16
chr3	134400000	136150000	35
chr3	135150000	134400000	15
chr3	135300000	133600000	34
chr3	136000000	139650000	73
chr3	136100000	135550000	11
chr3	136250000	137100000	17
chr3	137250000	138400000	23
chr3	137700000	136250000	29
chr3	138100000	137150000	19
chr3	138500000	139550000	21
chr3	139250000	139900000	13
chr3	139400000	139950000	11
chr3	139650000	140250000	12
chr3	140150000	139150000	20
chr3	140450000	140950000	10
chr3	141250000	140100000	23
chr3	143900000	144750000	17
chr3	144000000	142850000	23
chr3	144600000	146000000	28
chr3	146700000	147450000	15
chr3	147550000	146300000	25
chr3	149100000	150800000	34
chr3	150200000	148500000	34
chr3	152300000	153150000	17
chr3	152700000	149550000	63
chr3	155800000	155200000	12
chr3	157550000	156650000	18
chr3	157900000	157200000	14
chr4	   850000	   450000	8
chr4	  4100000	  3150000	19
chr4	  6600000	  4150000	49
chr4	  7950000	  6050000	38
chr4	  8150000	  8850000	14
chr4	  8600000	 10050000	29
chr4	  9200000	  9300000	2
chr4	 10350000	 10150000	4
chr4	 11350000	 14250000	58
chr4	 11400000	 13250000	37
chr4	 13150000	 14050000	18
chr4	 13250000	 14700000	29
chr4	 14750000	 13600000	23
chr4	 14800000	 14150000	13
chr4	 16200000	 15350000	17
chr4	 17200000	 16000000	24
chr4	 17600000	 17800000	4
chr4	 17950000	 17000000	19
chr4	 18750000	 17950000	16
chr4	 19200000	 18250000	19
chr4	 19300000	 20150000	17
chr4	 21450000	 18650000	56
chr4	 22400000	 23000000	12
chr4	 25650000	 24850000	16
chr4	 26900000	 28050000	23
chr4	 28850000	 30600000	35
chr4	 30550000	 29700000	17
chr4	 30650000	 32650000	40
chr4	 32100000	 32900000	16
chr4	 32100000	 34450000	47
chr4	 33400000	 32600000	16
chr4	 34050000	 33100000	19
chr4	 35550000	 35000000	11
chr4	 35600000	 36650000	21
chr4	 36000000	 38600000	52
chr4	 38700000	 39800000	22
chr4	 40700000	 39700000	20
chr4	 47850000	 49900000	41
chr4	 49200000	 48100000	22
chr4	 49400000	 50550000	23
chr4	 49850000	 48350000	30
chr4	 50800000	 49050000	35
chr4	 51300000	 52550000	25
chr4	 52100000	 53250000	23
chr4	 52250000	 52850000	12
chr4	 54400000	 52950000	29
chr4	 57050000	 56050000	20
chr4	 60050000	 59000000	21
chr4	 64600000	 65250000	13
chr4	 66250000	 67400000	23
chr4	 70200000	 71150000	19
chr4	 70600000	 72600000	40
chr4	 71100000	 73750000	53
chr4	 71950000	 70650000	26
chr4	 72750000	 73800000	21
chr4	 73100000	 74000000	18
chr4	 75150000	 74650000	10
chr4	 76150000	 77850000	34
chr4	 76200000	 77450000	25
chr4	 77700000	 77150000	11
chr4	 78600000	 77700000	18
chr4	 78650000	 77650000	20
chr4	 78850000	 77800000	21
chr4	 78900000	 78050000	17
chr4	 79150000	 78650000	10
chr4	 80500000	 79700000	16
chr4	 81050000	 82850000	36
chr4	 81150000	 82000000	17
chr4	 82750000	 82050000	14
chr4	 82850000	 83250000	8
chr4	 85150000	 84600000	11
chr4	 85300000	 84050000	25
chr4	 87600000	 88250000	13
chr4	 92300000	 91550000	15
chr4	 92650000	 91850000	16
chr4	 93100000	 92250000	17
chr4	 93750000	 93650000	2
chr4	 94350000	 95000000	13
chr4	 96550000	 96050000	10
chr4	 96600000	 95500000	22
chr4	 98700000	100500000	36
chr4	 98850000	 98200000	13
chr4	100450000	 98950000	30
chr4	100450000	101350000	18
chr4	102600000	103650000	21
chr4	102750000	103650000	18
chr4	108150000	107250000	18
chr4	113100000	112500000	12
chr4	113750000	112600000	23
chr4	114200000	113650000	11
chr4	115950000	115100000	17
chr4	117200000	115250000	39
chr4	118150000	118950000	16
chr4	118450000	117600000	17
chr4	118500000	116750000	35
chr4	119100000	116400000	54
chr4	121300000	120050000	25
chr4	123350000	125500000	43
chr4	126750000	127250000	10
chr4	127650000	126000000	33
chr4	128450000	128150000	6
chr4	128750000	129850000	22
chr4	129350000	128600000	15
chr4	129700000	130150000	9
chr4	133450000	133050000	8
chr4	133950000	130350000	72
chr4	134150000	131450000	54
chr4	135100000	134350000	15
chr4	136150000	134950000	24
chr4	136550000	137500000	19
chr4	137300000	138300000	20
chr4	138150000	138950000	16
chr4	140200000	141100000	18
chr4	140700000	141500000	16
chr4	143300000	143000000	6
chr4	143550000	144450000	18
chr4	145200000	143900000	26
chr4	145600000	146350000	15
chr4	146700000	145750000	19
chr4	148950000	147150000	36
chr4	150800000	152050000	25
chr4	151050000	151400000	7
chr4	151150000	151900000	15
chr4	152400000	151900000	10
chr4	153450000	151600000	37
chr4	153600000	156450000	57
chr4	153650000	152150000	30
chr4	155850000	156300000	9
chr5	   500000	  1900000	28
chr5	  3400000	  2650000	15
chr5	  4600000	  5300000	14
chr5	  6250000	  6950000	14
chr5	  9100000	 10000000	18
chr5	  9450000	 10400000	19
chr5	 14600000	 13900000	14
chr5	 15400000	 14200000	24
chr5	 18800000	 20450000	33
chr5	 20000000	 18950000	21
chr5	 21850000	 21050000	16
chr5	 22800000	 24750000	39
chr5	 22950000	 22050000	18
chr5	 24050000	 22750000	26
chr5	 24350000	 22800000	31
chr5	 24600000	 25200000	12
chr5	 25200000	 25850000	13
chr5	 27400000	 26850000	11
chr5	 29300000	 30150000	17
chr5	 29650000	 28900000	15
chr5	 29750000	 26400000	67
chr5	 29850000	 30700000	17
chr5	 30300000	 30700000	8
chr5	 30550000	 29750000	16
chr5	 31000000	 30550000	9
chr5	 31350000	 33050000	34
chr5	 31500000	 33050000	31
chr5	 32650000	 31250000	28
chr5	 34050000	 34850000	16
chr5	 38100000	 37250000	17
chr5	 39500000	 42050000	51
chr5	 40800000	 38900000	38
chr5	 42250000	 42000000	5
chr5	 44150000	 44700000	11
chr5	 47650000	 46250000	28
chr5	 49650000	 48350000	26
chr5	 49700000	 48300000	28
chr5	 52100000	 53050000	19
chr5	 53600000	 55350000	35
chr5	 55350000	 56450000	22
chr5	 56050000	 57700000	33
chr5	 57200000	 58950000	35
chr5	 57850000	 58400000	11
chr5	 58550000	 56700000	37
chr5	 59950000	 61100000	23
chr5	 62800000	 64250000	29
chr5	 63450000	 64800000	27
chr5	 63800000	 63100000	14
chr5	 64150000	 63200000	19
chr5	 64400000	 64900000	10
chr5	 64700000	 62700000	40
chr5	 65000000	 62900000	42
chr5	 77250000	 75750000	30
chr5	 77950000	 77450000	10
chr5	 80200000	 81900000	34
chr5	 80350000	 79350000	20
chr5	 81700000	 82750000	21
chr5	 82100000	 81000000	22
chr5	 83900000	 83100000	16
chr5	 85200000	 83550000	33
chr5	 85400000	 85400000	0
chr5	 85700000	 87050000	27
chr5	 86650000	 85150000	30
chr5	 86900000	 85000000	38
chr5	 86900000	 85100000	36
chr5	 87900000	 88150000	5
chr5	 89600000	 91100000	30
chr5	 90050000	 91800000	35
chr5	 90350000	 90950000	12
chr5	 91600000	 91900000	6
chr5	 92300000	 94300000	40
chr5	 92850000	 91700000	23
chr5	 94200000	 95150000	19
chr5	 94400000	 91950000	49
chr5	 96750000	 97850000	22
chr5	 96950000	 96000000	19
chr5	 98000000	 97350000	13
chr5	 98000000	 98650000	13
chr5	 98100000	 97650000	9
chr5	100750000	100200000	11
chr5	101450000	 99750000	34
chr5	102050000	101100000	19
chr5	102400000	101600000	16
chr5	104850000	106150000	26
chr5	105450000	103900000	31
chr5	105450000	104750000	14
chr5	107050000	106550000	10
chr5	109000000	109500000	10
chr5	109050000	108400000	13
chr5	110450000	111300000	17
chr5	111800000	111100000	14
chr5	112350000	111450000	18
chr5	112950000	112350000	12
chr5	114500000	116000000	30
chr5	115150000	116100000	19
chr5	117250000	115750000	30
chr5	118400000	119950000	31
chr5	119200000	118500000	14
chr5	120900000	122350000	29
chr5	121550000	119900000	33
chr5	121550000	120050000	30
chr5	121900000	123350000	29
chr5	126900000	127300000	8
chr5	128600000	127050000	31
chr5	130600000	130600000	0
chr5	130800000	128850000	39
chr5	130950000	129850000	22
chr5	131450000	130950000	10
chr5	131700000	131300000	8
chr5	131950000	131200000	15
chr5	132550000	134050000	30
chr5	133850000	132850000	20
chr5	139300000	139850000	11
chr5	140050000	142050000	40
chr5	140700000	142200000	30
chr5	147250000	148050000	16
chr5	147900000	149150000	25
chr5	148150000	149400000	25
chr5	148250000	148850000	12
chr5	148600000	149550000	19
chr5	149200000	148700000	10
chr5	149800000	149300000	10
chr5	150400000	151750000	27
chr5	151050000	150350000	14
chr6	  3250000	  1850000	28
chr6	  3650000	  4600000	19
chr6	  4250000	  6150000	38
chr6	  5150000	  6250000	22
chr6	  5400000	  4200000	24
chr6	  7350000	  8000000	13
chr6	  7450000	  8600000	23
chr6	 10150000	 11350000	24
chr6	 13450000	 14000000	11
chr6	 14950000	 14600000	7
chr6	 15100000	 13950000	23
chr6	 16050000	 17950000	38
chr6	 17500000	 16050000	29
chr6	 17800000	 16200000	32
chr6	 19050000	 20500000	29
chr6	 20000000	 18400000	32
chr6	 21100000	 22050000	19
chr6	 21950000	 20300000	33
chr6	 22600000	 21700000	18
chr6	 24250000	 21650000	52
chr6	 25150000	 26800000	33
chr6	 26850000	 24750000	42
chr6	 29750000	 30650000	18
chr6	 30000000	 29550000	9
chr6	 30550000	 32100000	31
chr6	 30900000	 28850000	41
chr6	 34450000	 32600000	37
chr6	 35550000	 35250000	6
chr6	 35750000	 34350000	28
chr6	 36850000	 35200000	33
chr6	 37100000	 39450000	47
chr6	 41200000	 39850000	27
chr6	 41450000	 42600000	23
chr6	 43650000	 42950000	14
chr6	 43950000	 46700000	55
chr6	 49400000	 48550000	17
chr6	 51100000	 52850000	35
chr6	 52950000	 53750000	16
chr6	 53950000	 54850000	18
chr6	 54850000	 55350000	10
chr6	 55750000	 56400000	13
chr6	 55900000	 54550000	27
chr6	 58100000	 57250000	17
chr6	 58150000	 58550000	8
chr6	 58650000	 59550000	18
chr6	 60450000	 61350000	18
chr6	 64800000	 63150000	33
chr6	 65500000	 64350000	23
chr6	 65650000	 64000000	33
chr6	 67400000	 69350000	39
chr6	 67750000	 68800000	21
chr6	 68250000	 69000000	15
chr6	 68400000	 69250000	17
chr6	 69150000	 65600000	71
chr6	 70800000	 70450000	7
chr6	 70950000	 70500000	9
chr6	 73100000	 72300000	16
chr6	 73750000	 72650000	22
chr6	 73950000	 73350000	12
chr6	 75600000	 76750000	23
chr6	 75950000	 77000000	21
chr6	 77150000	 78300000	23
chr6	 79050000	 78750000	6
chr6	 83550000	 85450000	38
chr6	 85100000	 85950000	17
chr6	 85250000	 86550000	26
chr6	 87300000	 86900000	8
chr6	 87850000	 88950000	22
chr6	 88400000	 87050000	27
chr6	 88700000	 87950000	15
chr6	 89100000	 90600000	30
chr6	 90300000	 88900000	28
chr6	 91600000	 90900000	14
chr6	 92100000	 91050000	21
chr6	 93150000	 93900000	15
chr6	 94550000	 93950000	12
chr6	 95750000	 95400000	7
chr6	 97350000	 95800000	31
chr6	 97850000	 95650000	44
chr6	101050000	100250000	16
chr6	101300000	102550000	25
chr6	102400000	103250000	17
chr6	104150000	103200000	19
chr6	105050000	106200000	23
chr6	105950000	106950000	20
chr6	106150000	107000000	17
chr6	106200000	107000000	16
chr6	107250000	106350000	18
chr6	107450000	106900000	11
chr6	111100000	110500000	12
chr6	112800000	112250000	11
chr6	114650000	115600000	19
chr6	115100000	114250000	17
chr6	115550000	118700000	63
chr6	118950000	117100000	37
chr6	120300000	122850000	51
chr6	122700000	121850000	17
chr6	123450000	122550000	18
chr6	126600000	126950000	7
chr6	128500000	129400000	18
chr6	129350000	130400000	21
chr6	130850000	129800000	21
chr6	132900000	135150000	45
chr6	132950000	133250000	6
chr6	134800000	134350000	9
chr6	137500000	136050000	29
chr6	139150000	137950000	24
chr6	139250000	137550000	34
chr6	139350000	137300000	41
chr6	140100000	141200000	22
chr6	141350000	144550000	64
chr6	141800000	141100000	14
chr6	143100000	142100000	20
chr6	144700000	146600000	38
chr6	145200000	142950000	45
chr6	145300000	146350000	21
chr6	145750000	146450000	14
chr6	146350000	147250000	18
chr6	146900000	148850000	39
chr6	147050000	145650000	28
chr7	   700000	  1850000	23
chr7	  3950000	  2150000	36
chr7	  6000000	  4550000	29
chr7	  9900000	  8150000	35
chr7	 11200000	 12250000	21
chr7	 15700000	 16600000	18
chr7	 18000000	 19500000	30
chr7	 19200000	 20150000	19
chr7	 19600000	 20550000	19
chr7	 20500000	 21000000	10
chr7	 21700000	 21300000	8
chr7	 23200000	 22350000	17
chr7	 25250000	 26600000	27
chr7	 33000000	 32400000	12
chr7	 35050000	 33550000	30
chr7	 35150000	 33950000	24
chr7	 36600000	 38600000	40
chr7	 38850000	 40050000	24
chr7	 40950000	 40400000	11
chr7	 43650000	 42600000	21
chr7	 43850000	 45550000	34
chr7	 44100000	 43500000	12
chr7	 44750000	 45300000	11
chr7	 47700000	 46450000	25
chr7	 52200000	 53350000	23
chr7	 52250000	 54250000	40
chr7	 52500000	 51100000	28
chr7	 52950000	 53300000	7
chr7	 54200000	 53100000	22
chr7	 54450000	 52150000	46
chr7	 55000000	 54400000	12
chr7	 55200000	 54650000	11
chr7	 56600000	 57850000	25
chr7	 60400000	 59700000	14
chr7	 61900000	 64750000	57
chr7	 62150000	 61300000	17
chr7	 62200000	 60700000	30
chr7	 62750000	 63650000	18
chr7	 64150000	 65150000	20
chr7	 64750000	 63300000	29
chr7	 65700000	 64900000	16
chr7	 65800000	 66900000	22
chr7	 68250000	 70550000	46
chr7	 69000000	 68300000	14
chr7	 70050000	 70750000	14
chr7	 70750000	 69650000	22
chr7	 75050000	 76250000	24
chr7	 75250000	 74750000	10
chr7	 76500000	 77300000	16
chr7	 76800000	 77900000	22
chr7	 77900000	 78650000	15
chr7	 79050000	 77500000	31
chr7	 84750000	 83900000	17
chr7	 85950000	 86750000	16
chr7	 86650000	 85350000	26
chr7	 87650000	 87650000	0
chr7	 87900000	 89150000	25
chr7	 88250000	 86200000	41
chr7	 88650000	 89250000	12
chr7	 95000000	 95500000	10
chr7	 95200000	 95650000	9
chr7	 95800000	 95400000	8
chr7	 95950000	 96450000	10
chr7	 97550000	 98150000	12
chr7	 98500000	 97350000	23
chr7	 98650000	 98350000	6
chr7	 99450000	 97100000	47
chr7	100300000	100950000	13
chr7	100400000	100850000	9
chr7	100650000	101700000	21
chr7	101650000	102300000	13
chr7	102300000	102850000	11
chr7	103350000	102750000	12
chr7	103650000	101950000	34
chr7	105450000	104200000	25
chr7	106850000	105850000	20
chr7	108200000	106850000	27
chr7	109500000	108700000	16
chr7	109900000	107750000	43
chr7	111750000	110700000	21
chr7	112500000	113150000	13
chr7	112900000	111750000	23
chr7	113200000	114050000	17
chr7	113600000	116900000	66
chr7	115100000	116250000	23
chr7	117950000	118250000	6
chr7	118300000	119700000	28
chr7	118650000	120100000	29
chr7	119150000	119700000	11
chr7	120550000	121650000	22
chr7	120900000	120350000	11
chr7	122850000	120800000	41
chr7	123500000	121000000	50
chr7	123750000	123000000	15
chr7	126550000	127550000	20
chr7	126600000	127550000	19
chr7	127000000	129550000	51
chr7	127150000	126350000	16
chr7	127850000	127150000	14
chr7	132150000	134350000	44
chr7	133850000	133250000	12
chr7	134800000	134300000	10
chr7	135200000	136850000	33
chr7	136700000	136100000	12
chr7	139100000	137100000	40
chr7	141450000	139550000	38
chr7	143300000	142850000	9
chr7	144100000	145300000	24
chr7	144150000	145250000	22
chr7	144200000	142300000	38
chr7	145400000	144600000	16
chr8	  1500000	        0	30
chr8	  1800000	  2350000	11
chr8	  3850000	  2200000	33
chr8	  3950000	  4950000	20
chr8	  6100000	  7550000	29
chr8	  6250000	  5750000	10
chr8	  8800000	  9600000	16
chr8	 10100000	 11150000	21
chr8	 10100000	 11300000	24
chr8	 14450000	 15900000	29
chr8	 15050000	 14050000	20
chr8	 15450000	 13250000	44
chr8	 16200000	 15650000	11
chr8	 17400000	 16300000	22
chr8	 17400000	 18050000	13
chr8	 19900000	 20600000	14
chr8	 20200000	 21050000	17
chr8	 20800000	 20600000	4
chr8	 21900000	 22800000	18
chr8	 24300000	 23200000	22
chr8	 24600000	 23950000	13
chr8	 25700000	 23750000	39
chr8	 26350000	 24850000	30
chr8	 33900000	 34500000	12
chr8	 35150000	 34900000	5
chr8	 35150000	 35850000	14
chr8	 35850000	 34650000	24
chr8	 38150000	 39900000	35
chr8	 39800000	 40550000	15
chr8	 40700000	 40200000	10
chr8	 41150000	 39750000	28
chr8	 41350000	 40700000	13
chr8	 41500000	 42350000	17
chr8	 43700000	 44200000	10
chr8	 44400000	 45400000	20
chr8	 45000000	 45400000	8
chr8	 47500000	 46100000	28
chr8	 48500000	 44550000	79
chr8	 48550000	 51350000	56
chr8	 52050000	 51250000	16
chr8	 54000000	 52850000	23
chr8	 54550000	 52200000	47
chr8	 54900000	 54150000	15
chr8	 55750000	 59000000	65
chr8	 55850000	 54700000	23
chr8	 57200000	 57900000	14
chr8	 59750000	 59150000	12
chr8	 62700000	 62450000	5
chr8	 64550000	 62650000	38
chr8	 64600000	 65700000	22
chr8	 64900000	 65900000	20
chr8	 64950000	 63950000	20
chr8	 65000000	 66600000	32
chr8	 65100000	 65450000	7
chr8	 66250000	 67400000	23
chr8	 66650000	 64850000	36
chr8	 67400000	 68600000	24
chr8	 69050000	 70100000	21
chr8	 69250000	 67600000	33
chr8	 69300000	 70650000	27
chr8	 70000000	 71150000	23
chr8	 70700000	 71050000	7
chr8	 73750000	 73050000	14
chr8	 74400000	 75100000	14
chr8	 77050000	 76300000	15
chr8	 78250000	 81350000	62
chr8	 78400000	 77050000	27
chr8	 82200000	 80150000	41
chr8	 83050000	 82550000	10
chr8	 83450000	 80450000	60
chr8	 83450000	 85450000	40
chr8	 84200000	 82950000	25
chr8	 85150000	 86550000	28
chr8	 88550000	 89950000	28
chr8	 92550000	 93350000	16
chr8	 93200000	 93750000	11
chr8	 94700000	 94350000	7
chr8	 95550000	 96750000	24
chr8	 96650000	 98000000	27
chr8	 96850000	 95450000	28
chr8	 98250000	 96650000	32
chr8	 98300000	 98750000	9
chr8	 99350000	 97300000	41
chr8	 99800000	 98900000	18
chr8	 99950000	102500000	51
chr8	100650000	 99800000	17
chr8	104650000	102250000	48
chr8	107100000	106900000	4
chr8	107350000	107900000	11
chr8	108350000	109350000	20
chr8	109050000	108350000	14
chr8	109600000	110000000	8
chr8	109650000	109050000	12
chr8	110700000	110350000	7
chr8	113150000	113650000	10
chr8	115200000	114500000	14
chr8	115800000	116500000	14
chr8	117900000	118500000	12
chr8	118200000	119100000	18
chr8	119050000	117500000	31
chr8	119150000	118400000	15
chr8	119800000	121000000	24
chr8	120050000	119000000	21
chr8	120600000	122750000	43
chr8	120950000	119650000	26
chr8	121900000	120900000	20
chr8	123600000	123850000	5
chr8	123700000	122400000	26
chr8	124700000	124000000	14
chr8	125150000	126250000	22
chr8	127300000	125550000	35
chr8	128200000	128500000	6
chr8	129100000	128750000	7
chr9	  4200000	  6300000	42
chr9	  6100000	  6800000	14
chr9	  6500000	  5600000	18
chr9	  8050000	 10650000	52
chr9	  8200000	  8000000	4
chr9	  8750000	  9250000	10
chr9	 10950000	 12100000	23
chr9	 11400000	  9800000	32
chr9	 13050000	 12200000	17
chr9	 17650000	 16650000	20
chr9	 18300000	 17200000	22
chr9	 20850000	 22250000	28
chr9	 20950000	 21600000	13
chr9	 22600000	 22800000	4
chr9	 23900000	 24650000	15
chr9	 25400000	 24400000	20
chr9	 26150000	 27200000	21
chr9	 26300000	 25250000	21
chr9	 27450000	 25650000	36
chr9	 28750000	 30500000	35
chr9	 29450000	 31100000	33
chr9	 30300000	 31450000	23
chr9	 31250000	 32250000	20
chr9	 34400000	 33550000	17
chr9	 35600000	 37800000	44
chr9	 41200000	 39150000	41
chr9	 41500000	 42400000	18
chr9	 42550000	 41850000	14
chr9	 43150000	 44450000	26
chr9	 45250000	 46000000	15
chr9	 45850000	 47150000	26
chr9	 45900000	 44900000	20
chr9	 46300000	 45000000	26
chr9	 47600000	 48950000	27
chr9	 49250000	 48300000	19
chr9	 50850000	 49550000	26
chr9	 52550000	 51600000	19
chr9	 52650000	 51300000	27
chr9	 53000000	 54950000	39
chr9	 53700000	 52900000	16
chr9	 54250000	 53800000	9
chr9	 55500000	 54500000	20
chr9	 55850000	 55550000	6
chr9	 56700000	 56000000	14
chr9	 57500000	 58250000	15
chr9	 58600000	 57450000	23
chr9	 59600000	 61500000	38
chr9	 64300000	 66000000	34
chr9	 65200000	 66700000	30
chr9	 65600000	 66900000	26
chr9	 67450000	 66750000	14
chr9	 68500000	 70950000	49
chr9	 69350000	 68400000	19
chr9	 69650000	 70600000	19
chr9	 70550000	 71000000	9
chr9	 70550000	 71650000	22
chr9	 70700000	 70050000	13
chr9	 71950000	 73750000	36
chr9	 72100000	 73100000	20
chr9	 75500000	 76750000	25
chr9	 76500000	 73450000	61
chr9	 78550000	 79400000	17
chr9	 79000000	 77800000	24
chr9	 80500000	 81900000	28
chr9	 81750000	 81500000	5
chr9	 81800000	 82850000	21
chr9	 82000000	 81200000	16
chr9	 82850000	 83800000	19
chr9	 83350000	 81800000	31
chr9	 83750000	 85450000	34
chr9	 84550000	 87050000	50
chr9	 89150000	 89500000	7
chr9	 89850000	 89850000	0
chr9	 91200000	 92600000	28
chr9	 91800000	 92900000	22
chr9	 91850000	 92800000	19
chr9	 92950000	 91500000	29
chr9	 97100000	 97500000	8
chr9	 97650000	 99850000	44
chr9	 98850000	 99700000	17
chr9	 99450000	100050000	12
chr9	 99750000	101200000	29
chr9	101050000	 99250000	36
chr9	101250000	 99900000	27
chr9	101300000	100700000	12
chr9	103750000	104200000	9
chr9	105850000	105200000	13
chr9	106000000	105050000	19
chr9	106000000	106600000	12
chr9	106400000	109350000	59
chr9	110450000	109050000	28
chr9	110450000	109450000	20
chr9	111450000	109750000	34
chr9	113400000	112900000	10
chr9	113900000	113900000	0
chr9	113950000	112650000	26
chr9	119800000	117050000	55
chr9	120350000	121450000	22
chr9	122450000	121450000	20
chr9	123250000	119350000	78
chr9	124000000	122550000	29
chrX	   300000	  1900000	32
chrX	   950000	        0	19
chrX	  1150000	   800000	7
chrX	  1500000	  2200000	14
chrX	  3250000	  3850000	12
chrX	  3450000	  4000000	11
chrX	  5450000	  5150000	6
chrX	  7350000	  6750000	12
chrX	  8250000	  6600000	33
chrX	  9350000	  8650000	14
chrX	  9700000	  8950000	15
chrX	 10650000	  9750000	18
chrX	 11500000	 12250000	15
chrX	 11800000	 11250000	11
chrX	 14700000	 13650000	21
chrX	 14950000	 15850000	18
chrX	 15900000	 16650000	15
chrX	 17600000	 17150000	9
chrX	 18000000	 17600000	8
chrX	 18050000	 15500000	51
chrX	 18550000	 17350000	24
chrX	 18850000	 19750000	18
chrX	 19100000	 20250000	23
chrX	 20050000	 23600000	71
chrX	 20550000	 21350000	16
chrX	 21950000	 24500000	51
chrX	 22600000	 20800000	36
chrX	 23250000	 23550000	6
chrX	 24150000	 24750000	12
chrX	 27900000	 29900000	40
chrX	 27950000	 29700000	35
chrX	 28450000	 27900000	11
chrX	 28850000	 30100000	25
chrX	 30250000	 29600000	13
chrX	 30300000	 32750000	49
chrX	 35500000	 38400000	58
chrX	 35750000	 36150000	8
chrX	 37650000	 38600000	19
chrX	 38550000	 38050000	10
chrX	 39100000	 37300000	36
chrX	 39550000	 40750000	24
chrX	 39600000	 35100000	90
chrX	 39600000	 38950000	13
chrX	 40250000	 40700000	9
chrX	 40300000	 38650000	33
chrX	 41200000	 40150000	21
chrX	 41700000	 40800000	18
chrX	 42350000	 42900000	11
chrX	 43100000	 42100000	20
chrX	 43300000	 41900000	28
chrX	 45550000	 46900000	27
chrX	 51250000	 51700000	9
chrX	 51700000	 49300000	48
chrX	 53050000	 54600000	31
chrX	 53400000	 54500000	22
chrX	 53450000	 52950000	10
chrX	 56050000	 54750000	26
chrX	 56150000	 56150000	0
chrX	 56350000	 55400000	19
chrX	 58750000	 55350000	68
chrX	 59600000	 58950000	13
chrX	 60200000	 64000000	76
chrX	 62600000	 64300000	34
chrX	 63750000	 63100000	13
chrX	 64400000	 65150000	15
chrX	 64850000	 65100000	5
chrX	 68350000	 69100000	15
chrX	 68900000	 68150000	15
chrX	 69000000	 64400000	92
chrX	 69300000	 71500000	44
chrX	 72950000	 73850000	18
chrX	 76650000	 78350000	34
chrX	 77400000	 78750000	27
chrX	 78750000	 77650000	22
chrX	 79800000	 79050000	15
chrX	 80250000	 79000000	25
chrX	 80350000	 82800000	49
chrX	 80800000	 80000000	16
chrX	 83500000	 81950000	31
chrX	 83700000	 85300000	32
chrX	 86100000	 87400000	26
chrX	 87200000	 89050000	37
chrX	 90300000	 91900000	32
chrX	 91900000	 92950000	21
chrX	 94450000	 95650000	24
chrX	 96450000	 99350000	58
chrX	100400000	 99950000	9
chrX	102350000	 99400000	59
chrX	102700000	103650000	19
chrX	102750000	102750000	0
chrX	104450000	103400000	21
chrX	105850000	104850000	20
chrX	108950000	108300000	13
chrX	110400000	110650000	5
chrX	110500000	109850000	13
chrX	110850000	109950000	18
chrX	113250000	111750000	30
chrX	113450000	112900000	11
chrX	113850000	114600000	15
chrX	114000000	113000000	20
chrX	114500000	115900000	28
chrX	116250000	116750000	10
chrX	116700000	119100000	48
chrX	118550000	119950000	28
chrX	118750000	119350000	12
chrX	119650000	119450000	4
chrX	120500000	119700000	16
chrX	122850000	123200000	7
chrX	123000000	120600000	48
chrX	123000000	121950000	21
chrX	123350000	123700000	7
chrX	124050000	122950000	22
chrX	126000000	127200000	24
chrX	126350000	125100000	25
chrX	126600000	126150000	9
chrX	126900000	126500000	8
chrX	126950000	127300000	7
chrX	127650000	128850000	24
chrX	128550000	130650000	42
chrX	128600000	130850000	45
chrX	129600000	128700000	18
chrX	131200000	129500000	34
chrX	135200000	134300000	18
chrX	136500000	135100000	28
chrX	139300000	138000000	26
chrX	139450000	140550000	22
chrX	139900000	140700000	16
chrX	142200000	143950000	35
chrX	142600000	144300000	34
chrX	144500000	145650000	23
chrX	144550000	145550000	20
chrX	145700000	145250000	9
chrX	145900000	146650000	15
chrX	146550000	147350000	16
chrX	147000000	148000000	20
chrX	147800000	146800000	20
chrX	149600000	149150000	9
chrX	152100000	151200000	18
chrX	154200000	154800000	12
chrX	156100000	157050000	19
chrX	156850000	157150000	6
chrX	157300000	156650000	13
chrX	158850000	157650000	24
chrX	161300000	160900000	8
chrX	162750000	161850000	18
chrX	162800000	161900000	18
chrX	164500000	165800000	26
chrX	165700000	164450000	25
chrX	167200000	170150000	59
chrY	  2350000	  3200000	17
chrY	  4050000	  4350000	6
chrY	  5000000	  6400000	28
chrY	  5700000	  4350000	27
chrY	  8300000	  6750000	31
chrY	 10700000	 11950000	25
chrY	 11250000	 12850000	32
chrY	 12500000	 11700000	16
chrY	 16050000	 16250000	4
chrY	 16950000	 17950000	20
chrY	 20650000	 22600000	39
chrY	 20750000	 20000000	15
chrY	 23200000	 22000000	24
chrY	 24300000	 23600000	14
chrY	 26350000	 25350000	20
chrY	 29950000	 30500000	11
chrY	 32650000	 31650000	20
chrY	 34750000	 31800000	59
chrY	 35800000	 37200000	28
chrY	 36450000	 35300000	23
chrY	 39550000	 40400000	17
chrY	 39800000	 39100000	14
chrY	 40800000	 39850000	19
chrY	 42350000	 40900000	29
chrY	 42700000	 43800000	22
chrY	 42750000	 43550000	16
chrY	 46350000	 48050000	34
chrY	 48500000	 47450000	21
chrY	 51450000	 52100000	13
chrY	 51650000	 50600000	21
chrY	 55850000	 54400000	29
chrY	 57600000	 57150000	9
chrY	 58450000	 56800000	33
chrY	 60850000	 60450000	8
chrY	 64500000	 63550000	19
chrY	 64900000	 63900000	20
chrY	 65650000	 66900000	25
chrY	 68850000	 69850000	20
chrY	 71200000	 70600000	12
chrY	 72300000	 71550000	15
chrY	 75250000	 74350000	18
chrY	 76050000	 75100000	19
chrY	 77050000	 80500000	69
chrY	 77800000	 79100000	26
chrY	 78250000	 79150000	18
chrY	 78800000	 76450000	47
chrY	 80900000	 79850000	21
chrY	 82650000	 81650000	20
chrY	 83750000	 82600000	23
chrY	 84050000	 83300000	15
chrY	 85050000	 86300000	25
chrY	 89300000	 87500000	36
chrY	 89900000	 88400000	30
