chr1	  4900000	  4000000	18
chr1	  6100000	  7550000	29
chr1	 11450000	  9550000	38
chr1	 11450000	 10900000	11
chr1	 11900000	  9400000	50
chr1	 14850000	 15300000	9
chr1	 19900000	 18100000	36
chr1	 20300000	 21500000	24
chr1	 20350000	 18950000	28
chr1	 20850000	 21450000	12
chr1	 23300000	 24550000	25
chr1	 28100000	 26850000	25
chr1	 28900000	 27500000	28
chr1	 29250000	 28000000	25
chr1	 33350000	 29800000	71
chr1	 34750000	 33850000	18
chr1	 34900000	 34350000	11
chr1	 36200000	 36750000	11
chr1	 36500000	 37850000	27
chr1	 38750000	 38100000	13
chr1	 39400000	 38650000	15
chr1	 40000000	 41500000	30
chr1	 41050000	 41900000	17
chr1	 42150000	 43400000	25
chr1	 43050000	 44050000	20
chr1	 46250000	 47100000	17
chr1	 46300000	 47350000	21
chr1	 46600000	 47800000	24
chr1	 50100000	 49100000	20
chr1	 50350000	 49000000	27
chr1	 51300000	 50250000	21
chr1	 51900000	 54150000	45
chr1	 52050000	 52950000	18
chr1	 52200000	 50750000	29
chr1	 52250000	 51700000	11
chr1	 54500000	 56250000	35
chr1	 54750000	 55100000	7
chr1	 55050000	 56850000	36
chr1	 55500000	 56550000	21
chr1	 57250000	 58700000	29
chr1	 60000000	 60000000	0
chr1	 60000000	 60750000	15
chr1	 60700000	 61400000	14
chr1	 61550000	 60850000	14
chr1	 61750000	 60800000	19
chr1	 63250000	 62550000	14
chr1	 63400000	 64250000	17
chr1	 65900000	 64900000	20
chr1	 66150000	 67100000	19
chr1	 67350000	 67050000	6
chr1	 67700000	 68800000	22
chr1	 67800000	 68350000	11
chr1	 68500000	 68850000	7
chr1	 69150000	 70050000	18
chr1	 71050000	 70400000	13
chr1	 72100000	 71350000	15
chr1	 74100000	 73600000	10
chr1	 75350000	 74700000	13
chr1	 75450000	 74400000	21
chr1	 76000000	 79200000	64
chr1	 76700000	 76950000	5
chr1	 77000000	 78350000	27
chr1	 78000000	 76300000	34
chr1	 81300000	 82300000	20
chr1	 81950000	 80100000	37
chr1	 82400000	 82150000	5
chr1	 86500000	 85750000	15
chr1	 86500000	 86200000	6
chr1	 87450000	 86250000	24
chr1	 87500000	 88300000	16
chr1	 89300000	 90750000	29
chr1	 91100000	 92400000	26
chr1	 92900000	 88950000	79
chr1	 94000000	 92850000	23
chr1	 98800000	 97750000	21
chr1	100350000	 99350000	20
chr1	101950000	103250000	26
chr1	104950000	105850000	18
chr1	105150000	103550000	32
chr1	105700000	104700000	20
chr1	106050000	105450000	12
chr1	106650000	108250000	32
chr1	107600000	108200000	12
chr1	109250000	108750000	10
chr1	111250000	110400000	17
chr1	112300000	110950000	27
chr1	112650000	114600000	39
chr1	116500000	117500000	20
chr1	116800000	116550000	5
chr1	118100000	120250000	43
chr1	118300000	117750000	11
chr1	121600000	119900000	34
chr1	123900000	125350000	29
chr1	124750000	126400000	33
chr1	126350000	125750000	12
chr1	128850000	127350000	30
chr1	133000000	133800000	16
chr1	133150000	134800000	33
chr1	133400000	132550000	17
chr1	134050000	135200000	23
chr1	137050000	136650000	8
chr1	137650000	138950000	26
chr1	140300000	139250000	21
chr1	140950000	141350000	8
chr1	142650000	141600000	21
chr1	143200000	142500000	14
chr1	144300000	142400000	38
chr1	146700000	145000000	34
chr1	146900000	145250000	33
chr1	147250000	146700000	11
chr1	147400000	146750000	13
chr1	149400000	151600000	44
chr1	149650000	148500000	23
chr1	150950000	150100000	17
chr1	152800000	153650000	17
chr1	152900000	154750000	37
chr1	152950000	151550000	28
chr1	154300000	154550000	5
chr1	154400000	153900000	10
chr1	154750000	155600000	17
chr1	156050000	157200000	23
chr1	156250000	157650000	28
chr1	157750000	159400000	33
chr1	160600000	161350000	15
chr1	161350000	163150000	36
chr1	161900000	163350000	29
chr1	162400000	161650000	15
chr1	162800000	161300000	30
chr1	163250000	164800000	31
chr1	164650000	165550000	18
chr1	166100000	165350000	15
chr1	167950000	166350000	32
chr1	169550000	167300000	45
chr1	169750000	170800000	21
chr1	171300000	170250000	21
chr1	171300000	172600000	26
chr1	171350000	172400000	21
chr1	172600000	171350000	25
chr1	172700000	172300000	8
chr1	172850000	173400000	11
chr1	173900000	175750000	37
chr1	175150000	174000000	23
chr1	175400000	173800000	32
chr1	177100000	178200000	22
chr1	177350000	175700000	33
chr1	187650000	187300000	7
chr1	187800000	189050000	25
chr1	188150000	189100000	19
chr1	188900000	190800000	38
chr1	189800000	188500000	26
chr1	191650000	190250000	28
chr1	191800000	190350000	29
chr1	192600000	193600000	20
chr1	193250000	194150000	18
chr1	194300000	195350000	21
chr1	195150000	194750000	8
chr10	  3350000	  4300000	19
chr10	  6950000	  8000000	21
chr10	  9050000	  9300000	5
chr10	 11150000	 12050000	18
chr10	 11250000	 10050000	24
chr10	 11650000	 12750000	22
chr10	 12800000	 11050000	35
chr10	 16200000	 17200000	20
chr10	 16900000	 14250000	53
chr10	 18150000	 20050000	38
chr10	 26400000	 27800000	28
chr10	 27950000	 27800000	3
chr10	 29700000	 31150000	29
chr10	 29950000	 28700000	25
chr10	 31100000	 30050000	21
chr10	 31500000	 29000000	50
chr10	 32300000	 34150000	37
chr10	 32700000	 34100000	28
chr10	 34850000	 33350000	30
chr10	 38900000	 38300000	12
chr10	 39000000	 37850000	23
chr10	 40850000	 41850000	20
chr10	 40950000	 41700000	15
chr10	 41850000	 42450000	12
chr10	 43400000	 44050000	13
chr10	 45700000	 46200000	10
chr10	 46400000	 47400000	20
chr10	 46700000	 44700000	40
chr10	 47000000	 47800000	16
chr10	 48000000	 47500000	10
chr10	 49550000	 48650000	18
chr10	 49600000	 48750000	17
chr10	 49600000	 49000000	12
chr10	 50900000	 51950000	21
chr10	 51950000	 51400000	11
chr10	 52850000	 49900000	59
chr10	 54650000	 54000000	13
chr10	 55650000	 56900000	25
chr10	 55950000	 55750000	4
chr10	 57550000	 57800000	5
chr10	 57600000	 58000000	8
chr10	 59700000	 58050000	33
chr10	 59900000	 58350000	31
chr10	 61000000	 61800000	16
chr10	 63100000	 61850000	25
chr10	 63250000	 64400000	23
chr10	 64800000	 65700000	18
chr10	 66350000	 67050000	14
chr10	 66650000	 66100000	11
chr10	 67200000	 66050000	23
chr10	 68500000	 69350000	17
chr10	 70000000	 69750000	5
chr10	 71550000	 72050000	10
chr10	 73150000	 75350000	44
chr10	 75100000	 73050000	41
chr10	 75600000	 73600000	40
chr10	 76250000	 73700000	51
chr10	 76450000	 76000000	9
chr10	 78450000	 78050000	8
chr10	 79800000	 80200000	8
chr10	 81200000	 79550000	33
chr10	 87100000	 89550000	49
chr10	 87800000	 90000000	44
chr10	 90800000	 89550000	25
chr10	 92300000	 90200000	42
chr10	 92900000	 91750000	23
chr10	 93300000	 92600000	14
chr10	 93400000	 93850000	9
chr10	 95600000	 94750000	17
chr10	 96850000	 95250000	32
chr10	 99500000	 98200000	26
chr10	101650000	100500000	23
chr10	101750000	 98950000	56
chr10	103100000	103800000	14
chr10	103400000	102250000	23
chr10	103700000	101600000	42
chr10	105050000	106150000	22
chr10	105800000	104050000	35
chr10	108150000	110100000	39
chr10	109200000	110650000	29
chr10	110900000	109050000	37
chr10	111000000	112100000	22
chr10	111300000	113000000	34
chr10	113050000	114100000	21
chr10	113400000	114250000	17
chr10	114100000	115000000	18
chr10	115650000	116650000	20
chr10	115700000	116550000	17
chr10	116650000	115200000	29
chr10	118050000	117450000	12
chr10	118400000	118850000	9
chr10	118800000	118050000	15
chr10	121850000	120450000	28
chr10	123000000	124550000	31
chr10	123650000	122150000	30
chr10	125200000	128150000	59
chr10	125400000	127250000	37
chr10	125900000	126600000	14
chr10	126000000	125550000	9
chr10	126550000	126150000	8
chr10	129550000	130000000	9
chr11	  2850000	  1950000	18
chr11	  5000000	  3450000	31
chr11	  5600000	  6700000	22
chr11	  6850000	  8100000	25
chr11	  7750000	  7250000	10
chr11	  8100000	  7050000	21
chr11	  9600000	 10500000	18
chr11	 11800000	 11600000	4
chr11	 15400000	 12150000	65
chr11	 20150000	 21750000	32
chr11	 22650000	 21850000	16
chr11	 23500000	 22200000	26
chr11	 26650000	 27650000	20
chr11	 28350000	 26550000	36
chr11	 31100000	 30000000	22
chr11	 31150000	 33950000	56
chr11	 33650000	 32600000	21
chr11	 34100000	 33050000	21
chr11	 34250000	 33250000	20
chr11	 34300000	 33250000	21
chr11	 36700000	 35000000	34
chr11	 40400000	 42400000	40
chr11	 40550000	 41750000	24
chr11	 42000000	 43650000	33
chr11	 43500000	 44450000	19
chr11	 43950000	 40900000	61
chr11	 45000000	 44000000	20
chr11	 45500000	 44950000	11
chr11	 45650000	 46100000	9
chr11	 46750000	 48650000	38
chr11	 46900000	 48250000	27
chr11	 47150000	 46200000	19
chr11	 47650000	 46950000	14
chr11	 48750000	 49800000	21
chr11	 49850000	 50650000	16
chr11	 50650000	 49950000	14
chr11	 52000000	 53700000	34
chr11	 54850000	 54150000	14
chr11	 56300000	 56750000	9
chr11	 58100000	 58800000	14
chr11	 59950000	 59600000	7
chr11	 60300000	 62200000	38
chr11	 60550000	 62200000	33
chr11	 60700000	 59950000	15
chr11	 61600000	 60200000	28
chr11	 62100000	 63150000	21
chr11	 63500000	 62600000	18
chr11	 63650000	 63300000	7
chr11	 63700000	 61550000	43
chr11	 64950000	 62900000	41
chr11	 67250000	 65150000	42
chr11	 67450000	 66750000	14
chr11	 68800000	 70500000	34
chr11	 71550000	 68650000	58
chr11	 72750000	 73800000	21
chr11	 72950000	 71100000	37
chr11	 74250000	 73550000	14
chr11	 75950000	 73400000	51
chr11	 76850000	 79150000	46
chr11	 78200000	 77650000	11
chr11	 80350000	 79500000	17
chr11	 80900000	 80050000	17
chr11	 81600000	 82400000	16
chr11	 82250000	 83700000	29
chr11	 82350000	 81550000	16
chr11	 82450000	 83150000	14
chr11	 84150000	 83200000	19
chr11	 84150000	 83600000	11
chr11	 86350000	 87200000	17
chr11	 87700000	 89950000	45
chr11	 88050000	 87700000	7
chr11	 89800000	 90500000	14
chr11	 89850000	 90850000	20
chr11	 90800000	 92950000	43
chr11	 91600000	 92950000	27
chr11	 92000000	 93550000	31
chr11	 94750000	 96100000	27
chr11	 95450000	 93050000	48
chr11	 97100000	 96650000	9
chr11	 97500000	 94800000	54
chr11	 97750000	 96600000	23
chr11	 99100000	 96900000	44
chr11	 99250000	 98350000	18
chr11	100800000	 97900000	58
chr11	101500000	100200000	26
chr11	102050000	100350000	34
chr11	102200000	103850000	33
chr11	104850000	105900000	21
chr11	105300000	105850000	11
chr11	106600000	104950000	33
chr11	108050000	109150000	22
chr11	109350000	111400000	41
chr11	113600000	111500000	42
chr11	114850000	116000000	23
chr11	115700000	116350000	13
chr11	117000000	118700000	34
chr11	119750000	120500000	15
chr12	  3800000	  2900000	18
chr12	 15200000	 14400000	16
chr12	 15600000	 16900000	26
chr12	 17850000	 18700000	17
chr12	 18500000	 19400000	18
chr12	 19750000	 18300000	29
chr12	 21050000	 21800000	15
chr12	 22650000	 21300000	27
chr12	 26250000	 27950000	34
chr12	 26550000	 25450000	22
chr12	 29500000	 28550000	19
chr12	 30350000	 27000000	67
chr12	 30900000	 29600000	26
chr12	 33400000	 34950000	31
chr12	 36850000	 38500000	33
chr12	 38050000	 38800000	15
chr12	 38250000	 37650000	12
chr12	 39250000	 40050000	16
chr12	 39450000	 40150000	14
chr12	 41200000	 40000000	24
chr12	 42750000	 40350000	48
chr12	 42850000	 43750000	18
chr12	 43100000	 43900000	16
chr12	 43600000	 40750000	57
chr12	 43600000	 44950000	27
chr12	 44400000	 45650000	25
chr12	 46100000	 44050000	41
chr12	 46600000	 47550000	19
chr12	 48000000	 45850000	43
chr12	 48500000	 47300000	24
chr12	 48700000	 49700000	20
chr12	 50150000	 51400000	25
chr12	 51850000	 51450000	8
chr12	 51950000	 53050000	22
chr12	 52250000	 51550000	14
chr12	 52400000	 51550000	17
chr12	 52900000	 54850000	39
chr12	 53500000	 51750000	35
chr12	 54750000	 56150000	28
chr12	 56300000	 57400000	22
chr12	 56550000	 57650000	22
chr12	 57550000	 56650000	18
chr12	 58450000	 59400000	19
chr12	 58550000	 57850000	14
chr12	 58650000	 56950000	34
chr12	 59200000	 60150000	19
chr12	 59750000	 58300000	29
chr12	 62000000	 62900000	18
chr12	 62900000	 61050000	37
chr12	 65150000	 66300000	23
chr12	 65700000	 64450000	25
chr12	 68250000	 69500000	25
chr12	 69200000	 71050000	37
chr12	 69950000	 73200000	65
chr12	 70400000	 69750000	13
chr12	 71700000	 72350000	13
chr12	 72400000	 73000000	12
chr12	 73350000	 75400000	41
chr12	 73750000	 74400000	13
chr12	 82200000	 83750000	31
chr12	 82450000	 83250000	16
chr12	 82500000	 82250000	5
chr12	 83950000	 84850000	18
chr12	 86650000	 84500000	43
chr12	 86700000	 85600000	22
chr12	 87300000	 86550000	15
chr12	 88900000	 87800000	22
chr12	 89550000	 88550000	20
chr12	 93350000	 92800000	11
chr12	 94050000	 92900000	23
chr12	 94750000	 96300000	31
chr12	 95250000	 96250000	20
chr12	 95550000	 94850000	14
chr12	 96300000	 99050000	55
chr12	 96750000	 95300000	29
chr12	 96750000	 97500000	15
chr12	 97500000	 98350000	17
chr12	 97700000	101500000	76
chr12	100350000	101450000	22
chr12	100500000	 98000000	50
chr12	103400000	102250000	23
chr12	106300000	107000000	14
chr12	107350000	106700000	13
chr12	108450000	109950000	30
chr12	110750000	110100000	13
chr12	110850000	108300000	51
chr12	113800000	113200000	12
chr12	115050000	115700000	13
chr12	117350000	118750000	28
chr12	118200000	116300000	38
chr13	   650000	  1200000	11
chr13	  1100000	  1850000	15
chr13	  2050000	  3450000	28
chr13	  2500000	  4300000	36
chr13	  5950000	  4350000	32
chr13	  8700000	 10500000	36
chr13	  9950000	 11850000	38
chr13	 10650000	 11500000	17
chr13	 11500000	 10650000	17
chr13	 12150000	 12400000	5
chr13	 12550000	 13250000	14
chr13	 12800000	 11850000	19
chr13	 13800000	  9900000	78
chr13	 14050000	 14350000	6
chr13	 14450000	 13800000	13
chr13	 16000000	 14900000	22
chr13	 16050000	 15350000	14
chr13	 16150000	 16700000	11
chr13	 18250000	 17750000	10
chr13	 18850000	 17100000	35
chr13	 18900000	 20100000	24
chr13	 20200000	 19800000	8
chr13	 25400000	 23650000	35
chr13	 26300000	 27350000	21
chr13	 26900000	 28150000	25
chr13	 29150000	 28050000	22
chr13	 29800000	 31150000	27
chr13	 31600000	 30650000	19
chr13	 32300000	 33000000	14
chr13	 35200000	 34600000	12
chr13	 37550000	 37200000	7
chr13	 38200000	 36550000	33
chr13	 39100000	 40250000	23
chr13	 39600000	 38250000	27
chr13	 40450000	 41200000	15
chr13	 41300000	 41000000	6
chr13	 41750000	 39650000	42
chr13	 43400000	 44500000	22
chr13	 44200000	 43850000	7
chr13	 46200000	 45850000	7
chr13	 46800000	 48000000	24
chr13	 48500000	 46700000	36
chr13	 48650000	 47300000	27
chr13	 48650000	 48200000	9
chr13	 51250000	 53600000	47
chr13	 52200000	 53100000	18
chr13	 57900000	 57200000	14
chr13	 58600000	 59600000	20
chr13	 59400000	 58500000	18
chr13	 60100000	 61400000	26
chr13	 61150000	 60700000	9
chr13	 61500000	 60600000	18
chr13	 62450000	 63400000	19
chr13	 62550000	 63950000	28
chr13	 62900000	 62150000	15
chr13	 66150000	 64850000	26
chr13	 68400000	 68950000	11
chr13	 68800000	 69650000	17
chr13	 71150000	 70300000	17
chr13	 73300000	 72500000	16
chr13	 80250000	 79750000	10
chr13	 80600000	 79300000	26
chr13	 81000000	 80200000	16
chr13	 81850000	 79400000	49
chr13	 84100000	 85550000	29
chr13	 84550000	 83050000	30
chr13	 88600000	 90100000	30
chr13	 88750000	 89550000	16
chr13	 89750000	 90350000	12
chr13	 91050000	 92000000	19
chr13	 92150000	 91350000	16
chr13	 96750000	 97850000	22
chr13	 97200000	 99200000	40
chr13	 97400000	 97750000	7
chr13	 97600000	 97450000	3
chr13	 97850000	 98100000	5
chr13	 98650000	100050000	28
chr13	 98900000	 98050000	17
chr13	 99500000	 98450000	21
chr13	 99600000	 98900000	14
chr13	100150000	 98900000	25
chr13	101750000	101150000	12
chr13	103850000	103450000	8
chr13	104200000	102200000	40
chr13	106550000	106050000	10
chr13	109000000	109550000	11
chr13	109450000	109450000	0
chr13	109450000	109850000	8
chr13	111000000	110600000	8
chr13	111750000	112500000	15
chr13	112450000	113650000	24
chr13	113150000	114900000	35
chr13	113650000	114650000	20
chr13	113850000	115150000	26
chr13	114100000	113650000	9
chr13	114350000	115650000	26
chr13	118350000	115600000	55
chr13	119050000	118800000	5
chr13	119150000	119900000	15
chr13	119650000	118950000	14
chr14	  1200000	  3000000	36
chr14	  2200000	  3000000	16
chr14	  2300000	  1450000	17
chr14	  3250000	  4150000	18
chr14	  7750000	  6750000	20
chr14	  7800000	  8350000	11
chr14	  8750000	 10450000	34
chr14	  9800000	 11150000	27
chr14	 11250000	 10800000	9
chr14	 11750000	 11500000	5
chr14	 12250000	 11050000	24
chr14	 12600000	 12050000	11
chr14	 12750000	 14000000	25
chr14	 13200000	 14700000	30
chr14	 13600000	 16300000	54
chr14	 15050000	 15300000	5
chr14	 16000000	 14400000	32
chr14	 16000000	 16300000	6
chr14	 18900000	 18000000	18
chr14	 19450000	 18650000	16
chr14	 19600000	 17850000	35
chr14	 19950000	 21250000	26
chr14	 20050000	 19000000	21
chr14	 20500000	 21000000	10
chr14	 20750000	 21350000	12
chr14	 22000000	 23150000	23
chr14	 22650000	 23200000	11
chr14	 23450000	 22700000	15
chr14	 25050000	 24450000	12
chr14	 25600000	 26300000	14
chr14	 25650000	 26750000	22
chr14	 26450000	 26150000	6
chr14	 27000000	 26500000	10
chr14	 29300000	 28900000	8
chr14	 31650000	 30450000	24
chr14	 36100000	 39800000	74
chr14	 36550000	 37550000	20
chr14	 39550000	 40350000	16
chr14	 40150000	 40950000	16
chr14	 40300000	 41250000	19
chr14	 40750000	 42250000	30
chr14	 43500000	 42600000	18
chr14	 43600000	 43250000	7
chr14	 43800000	 42450000	27
chr14	 44100000	 43650000	9
chr14	 45900000	 45350000	11
chr14	 46000000	 46800000	16
chr14	 46850000	 45800000	21
chr14	 48500000	 47800000	14
chr14	 48500000	 49550000	21
chr14	 49700000	 47250000	49
chr14	 52450000	 53500000	21
chr14	 52950000	 53950000	20
chr14	 53750000	 54450000	14
chr14	 54850000	 56650000	36
chr14	 55400000	 55900000	10
chr14	 57500000	 60150000	53
chr14	 60050000	 60750000	14
chr14	 60100000	 60750000	13
chr14	 62500000	 63400000	18
chr14	 64550000	 66800000	45
chr14	 64650000	 63000000	33
chr14	 66800000	 64450000	47
chr14	 67550000	 68750000	24
chr14	 67600000	 68650000	21
chr14	 68100000	 68750000	13
chr14	 68300000	 69400000	22
chr14	 69000000	 68400000	12
chr14	 69050000	 69550000	10
chr14	 70400000	 69850000	11
chr14	 71600000	 70850000	15
chr14	 71850000	 73200000	27
chr14	 73750000	 73200000	11
chr14	 74100000	 77250000	63
chr14	 74250000	 76050000	36
chr14	 75650000	 74600000	21
chr14	 80300000	 79150000	23
chr14	 80850000	 79900000	19
chr14	 84550000	 85400000	17
chr14	 87350000	 86950000	8
chr14	 89100000	 92600000	70
chr14	 92050000	 90550000	30
chr14	 92200000	 94000000	36
chr14	 92850000	 96000000	63
chr14	 93600000	 94850000	25
chr14	 95850000	 92750000	62
chr14	 99500000	 98400000	22
chr14	 99650000	100700000	21
chr14	100950000	 99850000	22
chr14	102400000	104900000	50
chr14	102550000	101700000	17
chr14	103750000	104450000	14
chr14	106050000	105100000	19
chr14	107500000	108050000	11
chr14	108950000	108500000	9
chr14	111150000	110450000	14
chr14	112250000	111550000	14
chr14	113000000	115950000	59
chr14	113550000	112000000	31
chr14	115150000	114200000	19
chr14	116400000	115350000	21
chr14	121700000	121350000	7
chr14	121850000	120500000	27
chr14	122400000	124400000	40
chr15	  2300000	  3850000	31
chr15	  3100000	  2450000	13
chr15	  3150000	  2350000	16
chr15	  4900000	  6550000	33
chr15	  7750000	  6850000	18
chr15	  8050000	  8450000	8
chr15	  8800000	  9800000	20
chr15	  9450000	 12550000	62
chr15	 10950000	 11950000	20
chr15	 11550000	 10500000	21
chr15	 12400000	 13400000	20
chr15	 12800000	 11900000	18
chr15	 13300000	 14350000	21
chr15	 13600000	 14300000	14
chr15	 13800000	 12450000	27
chr15	 15100000	 16100000	20
chr15	 15750000	 15150000	12
chr15	 16400000	 17700000	26
chr15	 17450000	 18550000	22
chr15	 18950000	 20550000	32
chr15	 19100000	 20300000	24
chr15	 20050000	 20400000	7
chr15	 21850000	 22100000	5
chr15	 23100000	 24650000	31
chr15	 25800000	 24550000	25
chr15	 26650000	 28150000	30
chr15	 27150000	 26450000	14
chr15	 29100000	 27850000	25
chr15	 29400000	 31450000	41
chr15	 31000000	 34750000	75
chr15	 31800000	 31100000	14
chr15	 32150000	 29750000	48
chr15	 32500000	 30900000	32
chr15	 34850000	 35950000	22
chr15	 35150000	 35650000	10
chr15	 37350000	 38450000	22
chr15	 40100000	 39050000	21
chr15	 40900000	 41250000	7
chr15	 43150000	 42200000	19
chr15	 43450000	 44200000	15
chr15	 44050000	 41700000	47
chr15	 47000000	 49000000	40
chr15	 48150000	 48950000	16
chr15	 49000000	 48500000	10
chr15	 49150000	 50450000	26
chr15	 56950000	 59000000	41
chr15	 59900000	 61700000	36
chr15	 62900000	 62100000	16
chr15	 63300000	 63950000	13
chr15	 63350000	 64850000	30
chr15	 63650000	 63150000	10
chr15	 64800000	 65350000	11
chr15	 65250000	 66200000	19
chr15	 65850000	 65200000	13
chr15	 65950000	 64850000	22
chr15	 69000000	 69750000	15
chr15	 71500000	 74450000	59
chr15	 77100000	 76250000	17
chr15	 78300000	 79050000	15
chr15	 79850000	 81200000	27
chr15	 80300000	 80700000	8
chr15	 80450000	 82100000	33
chr15	 81800000	 80950000	17
chr15	 85250000	 84050000	24
chr15	 85550000	 86050000	10
chr15	 86400000	 84500000	38
chr15	 86400000	 88550000	43
chr15	 86600000	 85700000	18
chr15	 87050000	 87800000	15
chr15	 87350000	 86550000	16
chr15	 87850000	 88850000	20
chr15	 89850000	 90300000	9
chr15	 92550000	 93550000	20
chr15	 92900000	 91900000	20
chr15	 93650000	 92850000	16
chr15	 93700000	 93000000	14
chr15	 95200000	 96000000	16
chr15	 95300000	 94150000	23
chr15	 95850000	 97600000	35
chr15	 96100000	 94150000	39
chr15	 97450000	 96800000	13
chr15	 98300000	 99500000	24
chr15	 99400000	 98650000	15
chr15	 99600000	 98300000	26
chr16	   300000	  1200000	18
chr16	  1550000	  1100000	9
chr16	  5200000	  6450000	25
chr16	  5900000	  5450000	9
chr16	  7450000	  6650000	16
chr16	  7900000	  8900000	20
chr16	 14100000	 15500000	28
chr16	 14250000	 12350000	38
chr16	 17500000	 19150000	33
chr16	 18100000	 17550000	11
chr16	 22700000	 21700000	20
chr16	 24550000	 26050000	30
chr16	 29350000	 30700000	27
chr16	 30350000	 31050000	14
chr16	 31650000	 31000000	13
chr16	 31950000	 30400000	31
chr16	 32300000	 33700000	28
chr16	 32600000	 34250000	33
chr16	 33250000	 34650000	28
chr16	 33600000	 35450000	37
chr16	 36700000	 34250000	49
chr16	 36750000	 40000000	65
chr16	 38600000	 37600000	20
chr16	 39050000	 40050000	20
chr16	 39750000	 39050000	14
chr16	 42350000	 42550000	4
chr16	 43000000	 45150000	43
chr16	 43050000	 44000000	19
chr16	 45200000	 44000000	24
chr16	 45800000	 44550000	25
chr16	 46500000	 44950000	31
chr16	 46500000	 46000000	10
chr16	 47650000	 46900000	15
chr16	 48200000	 49100000	18
chr16	 48800000	 47400000	28
chr16	 51400000	 52150000	15
chr16	 51450000	 50450000	20
chr16	 56200000	 55400000	16
chr16	 56200000	 57350000	23
chr16	 57650000	 58950000	26
chr16	 59650000	 58600000	21
chr16	 64250000	 65600000	27
chr16	 65200000	 64750000	9
chr16	 67400000	 68050000	13
chr16	 70100000	 68600000	30
chr16	 70700000	 69900000	16
chr16	 71400000	 70350000	21
chr16	 72400000	 73800000	28
chr16	 73450000	 72100000	27
chr16	 75450000	 75000000	9
chr16	 76700000	 75650000	21
chr16	 76750000	 77300000	11
chr16	 76950000	 75950000	20
chr16	 78850000	 78400000	9
chr16	 80800000	 81600000	16
chr16	 81650000	 82800000	23
chr16	 81750000	 81150000	12
chr16	 81850000	 82450000	12
chr16	 83850000	 83000000	17
chr16	 84950000	 84500000	9
chr16	 86700000	 85450000	25
chr16	 87850000	 88450000	12
chr16	 88750000	 89850000	22
chr16	 90000000	 90550000	11
chr16	 90450000	 92100000	33
chr16	 91350000	 92500000	23
chr16	 91500000	 93800000	46
chr16	 91750000	 92850000	22
chr16	 92800000	 93100000	6
chr16	 98100000	 97150000	19
chr17	  1500000	  2650000	23
chr17	  2250000	  3400000	23
chr17	  9400000	  9000000	8
chr17	 10750000	  9650000	22
chr17	 12350000	 13250000	18
chr17	 14550000	 15750000	24
chr17	 16250000	 16700000	9
chr17	 18500000	 17400000	22
chr17	 18850000	 18200000	13
chr17	 19100000	 21100000	40
chr17	 19200000	 20050000	17
chr17	 21750000	 20050000	34
chr17	 23100000	 24050000	19
chr17	 23400000	 25150000	35
chr17	 26700000	 26150000	11
chr17	 26850000	 25200000	33
chr17	 27350000	 27350000	0
chr17	 27400000	 26400000	20
chr17	 27650000	 26800000	17
chr17	 28300000	 29400000	22
chr17	 30650000	 30650000	0
chr17	 30800000	 31400000	12
chr17	 31450000	 32400000	19
chr17	 32050000	 33250000	24
chr17	 33650000	 33200000	9
chr17	 34300000	 34200000	2
chr17	 34600000	 33900000	14
chr17	 35100000	 37100000	40
chr17	 35150000	 36250000	22
chr17	 36300000	 37450000	23
chr17	 36950000	 37550000	12
chr17	 40850000	 40850000	0
chr17	 41500000	 42200000	14
chr17	 41850000	 42450000	12
chr17	 43150000	 42250000	18
chr17	 44200000	 42800000	28
chr17	 49850000	 47650000	44
chr17	 49850000	 49400000	9
chr17	 50950000	 51600000	13
chr17	 51200000	 52200000	20
chr17	 51750000	 49350000	48
chr17	 52050000	 53900000	37
chr17	 53800000	 54800000	20
chr17	 54050000	 54550000	10
chr17	 54400000	 55500000	22
chr17	 54650000	 55100000	9
chr17	 55000000	 55500000	10
chr17	 58100000	 57250000	17
chr17	 58250000	 58100000	3
chr17	 61350000	 63450000	42
chr17	 61750000	 60250000	30
chr17	 64300000	 63400000	18
chr17	 64600000	 64150000	9
chr17	 64950000	 65350000	8
chr17	 67450000	 68150000	14
chr17	 67700000	 66950000	15
chr17	 69050000	 70300000	25
chr17	 69100000	 70200000	22
chr17	 71750000	 72200000	9
chr17	 73000000	 72050000	19
chr17	 75250000	 75700000	9
chr17	 76150000	 77750000	32
chr17	 80300000	 81200000	18
chr17	 80600000	 82050000	29
chr17	 82550000	 83100000	11
chr17	 82650000	 83400000	15
chr17	 83450000	 83100000	7
chr17	 84500000	 83100000	28
chr17	 84500000	 84800000	6
chr17	 84750000	 84150000	12
chr17	 85850000	 86500000	13
chr17	 87100000	 86750000	7
chr17	 87100000	 89150000	41
chr17	 93700000	 93700000	0
chr17	 94700000	 93100000	32
chr18	  1950000	  4650000	54
chr18	  2150000	   700000	29
chr18	  6850000	  8250000	28
chr18	  8150000	  7700000	9
chr18	  9600000	  8200000	28
chr18	  9650000	 11000000	27
chr18	 11400000	 10000000	28
chr18	 16750000	 16450000	6
chr18	 18500000	 17950000	11
chr18	 20050000	 20400000	7
chr18	 20800000	 19150000	33
chr18	 25950000	 24950000	20
chr18	 26500000	 27300000	16
chr18	 27300000	 26500000	16
chr18	 27350000	 26550000	16
chr18	 31300000	 33250000	39
chr18	 31850000	 33000000	23
chr18	 31900000	 30500000	28
chr18	 34650000	 31750000	58
chr18	 35750000	 34900000	17
chr18	 36250000	 37950000	34
chr18	 36950000	 34850000	42
chr18	 37150000	 38950000	36
chr18	 37300000	 36500000	16
chr18	 37700000	 38800000	22
chr18	 38150000	 37200000	19
chr18	 38500000	 39250000	15
chr18	 38550000	 37650000	18
chr18	 39300000	 40150000	17
chr18	 39350000	 38350000	20
chr18	 40150000	 38850000	26
chr18	 41250000	 42450000	24
chr18	 41300000	 43350000	41
chr18	 41850000	 41300000	11
chr18	 42150000	 42600000	9
chr18	 42500000	 41150000	27
chr18	 45150000	 51150000	120
chr18	 45550000	 43900000	33
chr18	 46200000	 46850000	13
chr18	 47400000	 45900000	30
chr18	 49500000	 50550000	21
chr18	 49600000	 50300000	14
chr18	 51950000	 52750000	16
chr18	 52600000	 52050000	11
chr18	 53650000	 55350000	34
chr18	 54850000	 55800000	19
chr18	 56750000	 55250000	30
chr18	 57500000	 55100000	48
chr18	 57950000	 58300000	7
chr18	 59200000	 59750000	11
chr18	 60650000	 61350000	14
chr18	 62300000	 60500000	36
chr18	 62500000	 62000000	10
chr18	 63300000	 64100000	16
chr18	 63350000	 62650000	14
chr18	 64950000	 66150000	24
chr18	 65200000	 64350000	17
chr18	 65400000	 66250000	17
chr18	 65650000	 65200000	9
chr18	 66150000	 64950000	24
chr18	 69000000	 67300000	34
chr18	 69850000	 68800000	21
chr18	 69950000	 70350000	8
chr18	 72650000	 71400000	25
chr18	 75350000	 76950000	32
chr18	 75700000	 76050000	7
chr18	 75900000	 75150000	15
chr18	 78450000	 78850000	8
chr18	 79650000	 80750000	22
chr18	 80250000	 78600000	33
chr18	 81100000	 80150000	19
chr18	 81150000	 80650000	10
chr18	 81700000	 83150000	29
chr18	 81900000	 84350000	49
chr18	 82800000	 81650000	23
chr18	 83700000	 84750000	21
chr18	 87650000	 87000000	13
chr19	  1400000	  2500000	22
chr19	  3000000	  3650000	13
chr19	  4700000	  3600000	22
chr19	  5350000	  4650000	14
chr19	  6000000	  5150000	17
chr19	  6700000	  6200000	10
chr19	  7700000	  6800000	18
chr19	  8650000	  9600000	19
chr19	 10600000	 11350000	15
chr19	 13850000	 14200000	7
chr19	 16300000	 15050000	25
chr19	 18650000	 19950000	26
chr19	 19150000	 20400000	25
chr19	 19650000	 17850000	36
chr19	 20950000	 19900000	21
chr19	 21100000	 22450000	27
chr19	 21450000	 22000000	11
chr19	 21900000	 21200000	14
chr19	 22300000	 20750000	31
chr19	 22450000	 22100000	7
chr19	 24400000	 26400000	40
chr19	 24750000	 24950000	4
chr19	 25100000	 24450000	13
chr19	 26500000	 25300000	24
chr19	 29350000	 28250000	22
chr19	 29600000	 30950000	27
chr19	 35100000	 33950000	23
chr19	 35150000	 36550000	28
chr19	 35950000	 35150000	16
chr19	 38050000	 39100000	21
chr19	 39050000	 37800000	25
chr19	 43550000	 44050000	10
chr19	 43850000	 41400000	49
chr19	 44250000	 43050000	24
chr19	 47750000	 48950000	24
chr19	 50750000	 49400000	27
chr19	 52100000	 53250000	23
chr19	 53000000	 51900000	22
chr19	 60150000	 58400000	35
chr2	  6300000	  6900000	12
chr2	 10600000	 11600000	20
chr2	 10700000	 12450000	35
chr2	 12500000	 11300000	24
chr2	 13400000	 15600000	44
chr2	 19150000	 20600000	29
chr2	 19450000	 19950000	10
chr2	 21900000	 20950000	19
chr2	 22400000	 23500000	22
chr2	 24000000	 24600000	12
chr2	 24950000	 25900000	19
chr2	 25500000	 24200000	26
chr2	 26250000	 24850000	28
chr2	 28750000	 29850000	22
chr2	 29850000	 29300000	11
chr2	 30450000	 29400000	21
chr2	 30600000	 30100000	10
chr2	 31600000	 32750000	23
chr2	 31750000	 33550000	36
chr2	 34600000	 33350000	25
chr2	 35800000	 37250000	29
chr2	 37850000	 36200000	33
chr2	 39500000	 37450000	41
chr2	 39900000	 38600000	26
chr2	 40650000	 40250000	8
chr2	 41150000	 41850000	14
chr2	 41200000	 39450000	35
chr2	 42650000	 43650000	20
chr2	 43000000	 42250000	15
chr2	 45750000	 46650000	18
chr2	 50900000	 50900000	0
chr2	 51650000	 52250000	12
chr2	 52350000	 51250000	22
chr2	 52600000	 52200000	8
chr2	 54400000	 53750000	13
chr2	 58800000	 59350000	11
chr2	 60850000	 61750000	18
chr2	 61000000	 61200000	4
chr2	 61150000	 59950000	24
chr2	 61850000	 62600000	15
chr2	 63750000	 64100000	7
chr2	 64350000	 65300000	19
chr2	 65600000	 66500000	18
chr2	 67950000	 68950000	20
chr2	 68850000	 68000000	17
chr2	 70950000	 68850000	42
chr2	 71900000	 73400000	30
chr2	 73450000	 72650000	16
chr2	 74200000	 73250000	19
chr2	 74900000	 76400000	30
chr2	 75300000	 77600000	46
chr2	 76800000	 76350000	9
chr2	 78450000	 79500000	21
chr2	 79300000	 79000000	6
chr2	 81400000	 79700000	34
chr2	 83450000	 84400000	19
chr2	 86650000	 85800000	17
chr2	 86800000	 88350000	31
chr2	 87100000	 88500000	28
chr2	 89250000	 86950000	46
chr2	 89350000	 87750000	32
chr2	 90150000	 91150000	20
chr2	 91700000	 93450000	35
chr2	 94800000	 95600000	16
chr2	 96150000	 97150000	20
chr2	 99500000	100800000	26
chr2	101000000	101800000	16
chr2	102350000	104600000	45
chr2	102850000	104100000	25
chr2	107400000	106200000	24
chr2	108550000	108050000	10
chr2	109000000	108100000	18
chr2	110150000	111450000	26
chr2	110400000	111600000	24
chr2	110900000	109050000	37
chr2	112750000	111750000	20
chr2	113450000	114250000	16
chr2	114700000	115600000	18
chr2	117150000	118550000	28
chr2	119850000	120700000	17
chr2	120300000	118850000	29
chr2	121100000	119100000	40
chr2	121400000	118400000	60
chr2	121950000	120250000	34
chr2	124300000	121900000	48
chr2	126250000	124700000	31
chr2	127350000	128000000	13
chr2	127400000	126800000	12
chr2	129000000	129800000	16
chr2	130300000	129450000	17
chr2	131050000	131950000	18
chr2	132300000	132900000	12
chr2	132800000	131100000	34
chr2	133300000	134800000	30
chr2	133650000	132700000	19
chr2	139950000	136750000	64
chr2	141400000	142100000	14
chr2	141450000	142900000	29
chr2	142750000	143600000	17
chr2	142850000	141500000	27
chr2	145300000	144800000	10
chr2	148200000	147150000	21
chr2	149000000	148300000	14
chr2	149150000	150150000	20
chr2	149400000	149050000	7
chr2	149800000	150200000	8
chr2	150800000	149600000	24
chr2	153550000	152600000	19
chr2	154550000	156350000	36
chr2	154750000	153350000	28
chr2	157850000	156100000	35
chr2	160100000	156500000	72
chr2	161350000	160000000	27
chr2	165150000	165950000	16
chr2	165500000	167200000	34
chr2	168000000	167200000	16
chr2	169450000	170900000	29
chr2	170100000	170750000	13
chr2	170550000	169650000	18
chr2	172400000	171000000	28
chr2	172550000	173100000	11
chr2	176500000	175900000	12
chr2	179400000	180900000	30
chr3	   500000	  2650000	43
chr3	   950000	   450000	10
chr3	  1150000	   100000	21
chr3	  2050000	  5700000	73
chr3	  2450000	  1700000	15
chr3	  7850000	  8450000	12
chr3	  9650000	  9950000	6
chr3	 10000000	  9400000	12
chr3	 10050000	 13050000	60
chr3	 12200000	 12800000	12
chr3	 13650000	 13000000	13
chr3	 13750000	 14500000	15
chr3	 15450000	 16200000	15
chr3	 17550000	 16900000	13
chr3	 17800000	 18300000	10
chr3	 17950000	 18250000	6
chr3	 18350000	 18100000	5
chr3	 19450000	 20800000	27
chr3	 20550000	 21900000	27
chr3	 20900000	 20050000	17
chr3	 21600000	 22450000	17
chr3	 21700000	 22350000	13
chr3	 22950000	 20000000	59
chr3	 22950000	 22750000	4
chr3	 23250000	 25000000	35
chr3	 23300000	 22450000	17
chr3	 23500000	 22800000	14
chr3	 24700000	 24000000	14
chr3	 24950000	 24050000	18
chr3	 26700000	 27250000	11
chr3	 28500000	 30100000	32
chr3	 29050000	 29800000	15
chr3	 29200000	 27500000	34
chr3	 30550000	 33550000	60
chr3	 32050000	 30600000	29
chr3	 32450000	 34850000	48
chr3	 38650000	 39900000	25
chr3	 40300000	 39350000	19
chr3	 41000000	 40450000	11
chr3	 41750000	 43650000	38
chr3	 42700000	 41300000	28
chr3	 45000000	 43750000	25
chr3	 47450000	 46500000	19
chr3	 49550000	 48850000	14
chr3	 50200000	 50850000	13
chr3	 56800000	 57600000	16
chr3	 57050000	 58450000	28
chr3	 57550000	 55600000	39
chr3	 59350000	 60250000	18
chr3	 59600000	 60800000	24
chr3	 60150000	 58950000	24
chr3	 64700000	 65550000	17
chr3	 65000000	 66250000	25
chr3	 68850000	 68050000	16
chr3	 70000000	 68500000	30
chr3	 71300000	 67900000	68
chr3	 72250000	 71600000	13
chr3	 72500000	 70850000	33
chr3	 73800000	 73300000	10
chr3	 74550000	 72500000	41
chr3	 75650000	 76250000	12
chr3	 78500000	 79250000	15
chr3	 79550000	 77250000	46
chr3	 81250000	 83550000	46
chr3	 81450000	 82200000	15
chr3	 81700000	 80350000	27
chr3	 81900000	 80850000	21
chr3	 82450000	 81600000	17
chr3	 82500000	 80300000	44
chr3	 82550000	 83950000	28
chr3	 83700000	 85000000	26
chr3	 87000000	 86700000	6
chr3	 89800000	 90800000	20
chr3	 91950000	 89950000	40
chr3	 93300000	 94300000	20
chr3	 93350000	 94000000	13
chr3	 93850000	 94950000	22
chr3	 96100000	 94450000	33
chr3	 96450000	 95300000	23
chr3	 97500000	 97200000	6
chr3	 97950000	 98700000	15
chr3	100050000	 98700000	27
chr3	101950000	100750000	24
chr3	102450000	101550000	18
chr3	106400000	106950000	11
chr3	106600000	107400000	16
chr3	106950000	107850000	18
chr3	107850000	109500000	33
chr3	108150000	105550000	52
chr3	110000000	112050000	41
chr3	110350000	108900000	29
chr3	112000000	111550000	9
chr3	113650000	114850000	24
chr3	114400000	113000000	28
chr3	115200000	114950000	5
chr3	116600000	115250000	27
chr3	117600000	115550000	41
chr3	118700000	118000000	14
chr3	120850000	119200000	33
chr3	121050000	123100000	41
chr3	122150000	121250000	18
chr3	122250000	123600000	27
chr3	125950000	125100000	17
chr3	126000000	126300000	6
chr3	127900000	127250000	13
chr3	128600000	127400000	24
chr3	129000000	128450000	11
chr3	132400000	130850000	31
chr3	136850000	137300000	9
chr3	136950000	137300000	7
chr3	138300000	136500000	36
chr3	138450000	140650000	44
chr3	138550000	141300000	55
chr3	140700000	140500000	4
chr3	141000000	140600000	8
chr3	142250000	142950000	14
chr3	143200000	143650000	9
chr3	144250000	145500000	25
chr3	144800000	141250000	71
chr3	146300000	145500000	16
chr3	147550000	147900000	7
chr3	147850000	148500000	13
chr3	147950000	149400000	29
chr3	148350000	147550000	16
chr3	149750000	149200000	11
chr3	150200000	149050000	23
chr3	152250000	150750000	30
chr3	154200000	156050000	37
chr3	156050000	155400000	13
chr3	157150000	158550000	28
chr3	157450000	152900000	91
chr3	158250000	158800000	11
chr3	158500000	159450000	19
chr4	   150000	  1550000	28
chr4	  2100000	  3300000	24
chr4	  4700000	  3900000	16
chr4	  8450000	  7150000	26
chr4	  8650000	 10650000	40
chr4	 12650000	 11900000	15
chr4	 15200000	 12850000	47
chr4	 17200000	 17800000	12
chr4	 17750000	 19350000	32
chr4	 18000000	 17150000	17
chr4	 18200000	 18900000	14
chr4	 18850000	 17250000	32
chr4	 22950000	 22150000	16
chr4	 23000000	 22100000	18
chr4	 23700000	 22900000	16
chr4	 26000000	 27600000	32
chr4	 27150000	 28100000	19
chr4	 27700000	 27050000	13
chr4	 28400000	 26950000	29
chr4	 29100000	 27500000	32
chr4	 32050000	 32700000	13
chr4	 33850000	 35000000	23
chr4	 35500000	 36700000	24
chr4	 38400000	 37300000	22
chr4	 40100000	 39450000	13
chr4	 40700000	 42150000	29
chr4	 41700000	 41200000	10
chr4	 42950000	 43600000	13
chr4	 44600000	 45250000	13
chr4	 46200000	 48550000	47
chr4	 46300000	 47050000	15
chr4	 46400000	 46950000	11
chr4	 46550000	 46200000	7
chr4	 46750000	 47950000	24
chr4	 47000000	 48150000	23
chr4	 47350000	 46550000	16
chr4	 49050000	 47850000	24
chr4	 52200000	 53000000	16
chr4	 52200000	 53950000	35
chr4	 53550000	 54200000	13
chr4	 56200000	 56750000	11
chr4	 56700000	 57000000	6
chr4	 56950000	 54700000	45
chr4	 59700000	 60150000	9
chr4	 60600000	 60800000	4
chr4	 61050000	 62200000	23
chr4	 61550000	 63750000	44
chr4	 62900000	 63750000	17
chr4	 64850000	 66050000	24
chr4	 65100000	 64300000	16
chr4	 65300000	 66300000	20
chr4	 65350000	 66800000	29
chr4	 65500000	 66100000	12
chr4	 69700000	 69150000	11
chr4	 70650000	 69250000	28
chr4	 71150000	 71750000	12
chr4	 71700000	 70650000	21
chr4	 72050000	 71600000	9
chr4	 72450000	 72250000	4
chr4	 72500000	 71650000	17
chr4	 72750000	 71500000	25
chr4	 72800000	 72350000	9
chr4	 72800000	 74100000	26
chr4	 74800000	 73850000	19
chr4	 77550000	 77550000	0
chr4	 78150000	 79100000	19
chr4	 78400000	 79050000	13
chr4	 80200000	 79550000	13
chr4	 81850000	 80100000	35
chr4	 83400000	 82100000	26
chr4	 83950000	 85000000	21
chr4	 84450000	 83900000	11
chr4	 85550000	 84700000	17
chr4	 85550000	 87000000	29
chr4	 86000000	 87300000	26
chr4	 86250000	 87300000	21
chr4	 86750000	 87800000	21
chr4	 88000000	 88850000	17
chr4	 88400000	 87100000	26
chr4	 89450000	 90550000	22
chr4	 89500000	 90200000	14
chr4	 92800000	 93700000	18
chr4	 93400000	 94150000	15
chr4	 97550000	 98500000	19
chr4	 99000000	 98400000	12
chr4	 99050000	 97400000	33
chr4	100400000	 99850000	11
chr4	100500000	101250000	15
chr4	101650000	101000000	13
chr4	102750000	105800000	61
chr4	103550000	104500000	19
chr4	104150000	106100000	39
chr4	104500000	105200000	14
chr4	104600000	105150000	11
chr4	105150000	104650000	10
chr4	109250000	109750000	10
chr4	109850000	108450000	28
chr4	112100000	111150000	19
chr4	114500000	112550000	39
chr4	115350000	116600000	25
chr4	118800000	119850000	21
chr4	119550000	118900000	13
chr4	119600000	119000000	12
chr4	119850000	120650000	16
chr4	120650000	120000000	13
chr4	123550000	123550000	0
chr4	124700000	127300000	52
chr4	124850000	124050000	16
chr4	125950000	126800000	17
chr4	127400000	128400000	20
chr4	131200000	131850000	13
chr4	131850000	132750000	18
chr4	132700000	134800000	42
chr4	134100000	132650000	29
chr4	134400000	134000000	8
chr4	134500000	133800000	14
chr4	137950000	136350000	32
chr4	138550000	139100000	11
chr4	141150000	140850000	6
chr4	144450000	143500000	19
chr4	145300000	146750000	29
chr4	145750000	146650000	18
chr4	145800000	147050000	25
chr4	146050000	147300000	25
chr4	148600000	149950000	27
chr4	148850000	149400000	11
chr4	151300000	153950000	53
chr4	152500000	154450000	39
chr4	153700000	154800000	22
chr4	154900000	154300000	12
chr4	156300000	154900000	28
chr5	  5100000	  3400000	34
chr5	  6100000	  6850000	15
chr5	  9600000	 10700000	22
chr5	 10500000	 11100000	12
chr5	 11650000	 11150000	10
chr5	 14250000	 16050000	36
chr5	 15000000	 15900000	18
chr5	 16250000	 15250000	20
chr5	 16450000	 17700000	25
chr5	 16950000	 17900000	19
chr5	 17250000	 16450000	16
chr5	 17350000	 18150000	16
chr5	 18150000	 19700000	31
chr5	 20500000	 20800000	6
chr5	 21400000	 19850000	31
chr5	 22100000	 23700000	32
chr5	 22950000	 21050000	38
chr5	 23650000	 25350000	34
chr5	 25350000	 24750000	12
chr5	 27500000	 28000000	10
chr5	 28150000	 28600000	9
chr5	 28200000	 27800000	8
chr5	 29200000	 28500000	14
chr5	 29800000	 30900000	22
chr5	 29950000	 30750000	16
chr5	 30300000	 27450000	57
chr5	 30550000	 29650000	18
chr5	 30700000	 29750000	19
chr5	 31250000	 33600000	47
chr5	 32300000	 33850000	31
chr5	 35150000	 36500000	27
chr5	 36550000	 35200000	27
chr5	 36900000	 35750000	23
chr5	 38950000	 38450000	10
chr5	 40300000	 41000000	14
chr5	 42450000	 43200000	15
chr5	 42550000	 42000000	11
chr5	 42650000	 44350000	34
chr5	 42750000	 40450000	46
chr5	 43250000	 42550000	14
chr5	 45800000	 48000000	44
chr5	 46300000	 47100000	16
chr5	 46650000	 47550000	18
chr5	 47800000	 48450000	13
chr5	 48150000	 49100000	19
chr5	 48200000	 51550000	67
chr5	 49550000	 48550000	20
chr5	 50850000	 50450000	8
chr5	 54000000	 53150000	17
chr5	 55500000	 55000000	10
chr5	 56050000	 57600000	31
chr5	 56550000	 55650000	18
chr5	 56950000	 55300000	33
chr5	 57650000	 56650000	20
chr5	 61400000	 62150000	15
chr5	 63700000	 63100000	12
chr5	 64200000	 64900000	14
chr5	 64200000	 65500000	26
chr5	 65300000	 65300000	0
chr5	 66550000	 67400000	17
chr5	 67050000	 66450000	12
chr5	 67550000	 66500000	21
chr5	 69550000	 71350000	36
chr5	 70950000	 70300000	13
chr5	 71300000	 73800000	50
chr5	 71900000	 71100000	16
chr5	 75200000	 73450000	35
chr5	 77800000	 78600000	16
chr5	 77800000	 78700000	18
chr5	 82650000	 81550000	22
chr5	 88050000	 89900000	37
chr5	 89300000	 91300000	40
chr5	 91100000	 90050000	21
chr5	 92000000	 93000000	20
chr5	 92050000	 92550000	10
chr5	 93750000	 98400000	93
chr5	 95000000	 96300000	26
chr5	 95800000	 94850000	19
chr5	 96500000	 95300000	24
chr5	 96700000	 98200000	30
chr5	103950000	102450000	30
chr5	105700000	107100000	28
chr5	105900000	106950000	21
chr5	107450000	106300000	23
chr5	107550000	107350000	4
chr5	114650000	114250000	8
chr5	115600000	114100000	30
chr5	115650000	116850000	24
chr5	116700000	117750000	21
chr5	116750000	115650000	22
chr5	117450000	116200000	25
chr5	117650000	119400000	35
chr5	118300000	119200000	18
chr5	118350000	119250000	18
chr5	119500000	120200000	14
chr5	119700000	118300000	28
chr5	120550000	119150000	28
chr5	121500000	122550000	21
chr5	123950000	122400000	31
chr5	124800000	122200000	52
chr5	125800000	126250000	9
chr5	128800000	131300000	50
chr5	130050000	129500000	11
chr5	130200000	132300000	42
chr5	132600000	133250000	13
chr5	133250000	134050000	16
chr5	134600000	136850000	45
chr5	135300000	136200000	18
chr5	135850000	138300000	49
chr5	136400000	137550000	23
chr5	136950000	138200000	25
chr5	138100000	138500000	8
chr5	139150000	136500000	53
chr5	139400000	137400000	40
chr5	139850000	141550000	34
chr5	142050000	141350000	14
chr5	144000000	143000000	20
chr5	144150000	143600000	11
chr5	145150000	144300000	17
chr5	145600000	146450000	17
chr5	148950000	149300000	7
chr5	150150000	149350000	16
chr5	150750000	149250000	30
chr6	   200000	  1900000	34
chr6	  1050000	  2950000	38
chr6	  1400000	  2350000	19
chr6	  1700000	  2900000	24
chr6	  1750000	   600000	23
chr6	  2700000	   750000	39
chr6	 11050000	 11850000	16
chr6	 14600000	 14850000	5
chr6	 15500000	 14450000	21
chr6	 17400000	 18100000	14
chr6	 17650000	 16350000	26
chr6	 18550000	 20500000	39
chr6	 20050000	 19200000	17
chr6	 20550000	 19050000	30
chr6	 20700000	 19550000	23
chr6	 24200000	 24850000	13
chr6	 24200000	 25800000	32
chr6	 28050000	 27450000	12
chr6	 28300000	 27700000	12
chr6	 28650000	 29500000	17
chr6	 28650000	 30050000	28
chr6	 31000000	 31300000	6
chr6	 34450000	 37300000	57
chr6	 35500000	 34500000	20
chr6	 39250000	 39850000	12
chr6	 41050000	 42800000	35
chr6	 43650000	 44100000	9
chr6	 47300000	 48450000	23
chr6	 49500000	 47950000	31
chr6	 51000000	 50650000	7
chr6	 51700000	 50650000	21
chr6	 51850000	 51300000	11
chr6	 52550000	 51250000	26
chr6	 55300000	 54400000	18
chr6	 55500000	 50900000	92
chr6	 56250000	 54400000	37
chr6	 56700000	 58000000	26
chr6	 58800000	 60150000	27
chr6	 61750000	 62250000	10
chr6	 64200000	 65250000	21
chr6	 64250000	 64700000	9
chr6	 65000000	 63350000	33
chr6	 65450000	 63650000	36
chr6	 66500000	 65350000	23
chr6	 66600000	 67450000	17
chr6	 66700000	 67200000	10
chr6	 66850000	 65750000	22
chr6	 69050000	 69750000	14
chr6	 70750000	 69500000	25
chr6	 76950000	 76650000	6
chr6	 77700000	 78650000	19
chr6	 78600000	 79350000	15
chr6	 79200000	 79750000	11
chr6	 81000000	 83050000	41
chr6	 81550000	 82200000	13
chr6	 83700000	 85400000	34
chr6	 84950000	 85250000	6
chr6	 86200000	 87450000	25
chr6	 88400000	 85700000	54
chr6	 89050000	 87950000	22
chr6	 91800000	 92450000	13
chr6	 91900000	 91050000	17
chr6	 92100000	 92800000	14
chr6	 93550000	 94950000	28
chr6	 95000000	 93250000	35
chr6	 98250000	 97450000	16
chr6	 98400000	 98900000	10
chr6	 98500000	 99800000	26
chr6	 99150000	 97650000	30
chr6	104450000	103900000	11
chr6	104750000	101300000	69
chr6	106850000	107600000	15
chr6	107600000	105950000	33
chr6	107650000	109000000	27
chr6	113100000	113900000	16
chr6	114700000	115750000	21
chr6	114900000	115250000	7
chr6	115150000	113200000	39
chr6	115200000	113750000	29
chr6	116050000	114750000	26
chr6	118900000	116950000	39
chr6	119150000	121350000	44
chr6	121900000	122100000	4
chr6	122100000	120150000	39
chr6	122350000	123300000	19
chr6	123250000	124750000	30
chr6	126350000	125500000	17
chr6	127000000	128250000	25
chr6	128450000	129750000	26
chr6	133300000	131900000	28
chr6	139400000	138750000	13
chr6	140700000	139900000	16
chr6	140850000	139950000	18
chr6	143650000	144250000	12
chr6	146250000	145250000	20
chr7	  2400000	  1100000	26
chr7	  3850000	  6400000	51
chr7	  5900000	  8250000	47
chr7	  9100000	 10100000	20
chr7	  9650000	 11600000	39
chr7	 11350000	 13150000	36
chr7	 11450000	 12150000	14
chr7	 12300000	 12300000	0
chr7	 15400000	 15900000	10
chr7	 16050000	 14950000	22
chr7	 16200000	 15550000	13
chr7	 16450000	 14400000	41
chr7	 17450000	 17450000	0
chr7	 19300000	 22100000	56
chr7	 19650000	 19250000	8
chr7	 22950000	 21900000	21
chr7	 23300000	 25100000	36
chr7	 25000000	 26900000	38
chr7	 25400000	 26000000	12
chr7	 25800000	 26800000	20
chr7	 28550000	 30250000	34
chr7	 30950000	 30400000	11
chr7	 34400000	 32300000	42
chr7	 34500000	 33100000	28
chr7	 36200000	 36950000	15
chr7	 38300000	 39450000	23
chr7	 38900000	 39500000	12
chr7	 40100000	 39350000	15
chr7	 40350000	 41450000	22
chr7	 42600000	 42900000	6
chr7	 43500000	 44100000	12
chr7	 45250000	 46000000	15
chr7	 45950000	 45650000	6
chr7	 48250000	 47550000	14
chr7	 51850000	 52200000	7
chr7	 52900000	 53700000	16
chr7	 52950000	 51400000	31
chr7	 53000000	 54050000	21
chr7	 53800000	 56400000	52
chr7	 53900000	 52150000	35
chr7	 56350000	 54700000	33
chr7	 56400000	 55950000	9
chr7	 57900000	 61000000	62
chr7	 58050000	 55550000	50
chr7	 61500000	 60500000	20
chr7	 61550000	 60700000	17
chr7	 63350000	 64650000	26
chr7	 64700000	 65250000	11
chr7	 64900000	 64900000	0
chr7	 66200000	 66600000	8
chr7	 66750000	 67850000	22
chr7	 67300000	 68400000	22
chr7	 67450000	 66400000	21
chr7	 69550000	 70550000	20
chr7	 69600000	 67600000	40
chr7	 69900000	 71100000	24
chr7	 70050000	 71200000	23
chr7	 70900000	 72650000	35
chr7	 71550000	 70150000	28
chr7	 74200000	 73000000	24
chr7	 74650000	 76100000	29
chr7	 75800000	 76200000	8
chr7	 76150000	 77350000	24
chr7	 76400000	 77200000	16
chr7	 76800000	 78250000	29
chr7	 77100000	 79050000	39
chr7	 77350000	 76550000	16
chr7	 77900000	 77300000	12
chr7	 78350000	 77950000	8
chr7	 79200000	 78450000	15
chr7	 80050000	 78900000	23
chr7	 82750000	 82300000	9
chr7	 83150000	 83350000	4
chr7	 83900000	 85200000	26
chr7	 85550000	 86450000	18
chr7	 87150000	 86800000	7
chr7	 87550000	 88700000	23
chr7	 88150000	 89550000	28
chr7	 88700000	 91200000	50
chr7	 89050000	 90200000	23
chr7	 90050000	 89100000	19
chr7	 90050000	 90450000	8
chr7	 92450000	 94300000	37
chr7	 92950000	 94000000	21
chr7	 93950000	 94950000	20
chr7	 95550000	 96800000	25
chr7	 96300000	 95100000	24
chr7	 98100000	 99450000	27
chr7	 98300000	 96300000	40
chr7	 98750000	 98150000	12
chr7	 99500000	 98100000	28
chr7	101300000	102400000	22
chr7	101350000	100450000	18
chr7	102650000	103500000	17
chr7	103150000	103450000	6
chr7	103800000	104600000	16
chr7	103800000	104800000	20
chr7	104650000	104950000	6
chr7	106000000	105400000	12
chr7	108550000	109200000	13
chr7	109600000	110600000	20
chr7	110600000	111650000	21
chr7	111950000	112450000	10
chr7	113300000	114100000	16
chr7	115200000	117450000	45
chr7	116450000	117550000	22
chr7	117650000	117950000	6
chr7	117650000	118500000	17
chr7	118300000	120150000	37
chr7	118550000	117650000	18
chr7	120000000	122000000	40
chr7	121000000	120600000	8
chr7	121500000	120750000	15
chr7	122750000	123650000	18
chr7	123550000	124150000	12
chr7	124150000	123550000	12
chr7	124350000	122950000	28
chr7	124350000	125500000	23
chr7	128500000	127300000	24
chr7	129050000	128100000	19
chr7	129100000	130250000	23
chr7	131100000	130050000	21
chr7	131450000	130450000	20
chr7	133350000	131650000	34
chr7	135100000	134600000	10
chr7	135600000	134250000	27
chr7	135800000	135400000	8
chr7	137600000	138500000	18
chr7	137800000	135900000	38
chr7	140150000	139000000	23
chr7	140350000	139400000	19
chr7	144050000	142200000	37
chr7	144350000	145300000	19
chr8	   450000	  1150000	14
chr8	   850000	  1350000	10
chr8	  2550000	  3200000	13
chr8	  3100000	  2050000	21
chr8	  3150000	  1850000	26
chr8	  3150000	  5100000	39
chr8	  3300000	  3400000	2
chr8	  8150000	  7200000	19
chr8	  8550000	  7300000	25
chr8	 12800000	 11350000	29
chr8	 14600000	 15900000	26
chr8	 15050000	 15350000	6
chr8	 17250000	 18550000	26
chr8	 17300000	 18750000	29
chr8	 18050000	 17300000	15
chr8	 18500000	 20100000	32
chr8	 19400000	 17350000	41
chr8	 22750000	 21800000	19
chr8	 23950000	 25950000	40
chr8	 25050000	 25050000	0
chr8	 25650000	 26150000	10
chr8	 26700000	 24800000	38
chr8	 31000000	 32550000	31
chr8	 32150000	 29550000	52
chr8	 32350000	 33150000	16
chr8	 33550000	 35350000	36
chr8	 33700000	 34850000	23
chr8	 35950000	 34250000	34
chr8	 36050000	 34850000	24
chr8	 37700000	 38200000	10
chr8	 37700000	 38300000	12
chr8	 37750000	 35000000	55
chr8	 39200000	 43050000	77
chr8	 39500000	 40100000	12
chr8	 45900000	 47900000	40
chr8	 46450000	 45750000	14
chr8	 50450000	 51400000	19
chr8	 52200000	 52500000	6
chr8	 53600000	 54150000	11
chr8	 53650000	 55100000	29
chr8	 55600000	 55600000	0
chr8	 59300000	 60150000	17
chr8	 62550000	 61700000	17
chr8	 63050000	 63600000	11
chr8	 63300000	 64900000	32
chr8	 63300000	 65700000	48
chr8	 64000000	 63500000	10
chr8	 64500000	 63000000	30
chr8	 65100000	 66100000	20
chr8	 65200000	 67350000	43
chr8	 65250000	 66850000	32
chr8	 67550000	 66650000	18
chr8	 69050000	 70150000	22
chr8	 73750000	 73350000	8
chr8	 74300000	 75150000	17
chr8	 75750000	 74900000	17
chr8	 78850000	 78300000	11
chr8	 79150000	 78150000	20
chr8	 82200000	 83050000	17
chr8	 82600000	 81850000	15
chr8	 82850000	 81300000	31
chr8	 85400000	 86250000	17
chr8	 86100000	 87300000	24
chr8	 86800000	 87750000	19
chr8	 86900000	 87250000	7
chr8	 92450000	 93200000	15
chr8	 94050000	 92750000	26
chr8	 94250000	 92150000	42
chr8	 95150000	 93400000	35
chr8	 95200000	 96400000	24
chr8	 96100000	 93400000	54
chr8	 96550000	 97250000	14
chr8	 96600000	 98200000	32
chr8	 96850000	 97850000	20
chr8	 97800000	 98400000	12
chr8	 99250000	 98250000	20
chr8	100200000	101100000	18
chr8	103550000	102950000	12
chr8	103600000	103950000	7
chr8	104600000	103700000	18
chr8	105600000	104500000	22
chr8	108200000	105900000	46
chr8	110600000	111400000	16
chr8	110700000	109750000	19
chr8	112750000	113750000	20
chr8	114450000	113750000	14
chr8	118350000	116550000	36
chr8	121200000	122400000	24
chr8	123050000	123500000	9
chr8	123250000	123000000	5
chr8	123450000	121900000	31
chr8	126750000	128250000	30
chr9	   650000	  1650000	20
chr9	  4300000	  4300000	0
chr9	  5850000	  6900000	21
chr9	  7250000	  7950000	14
chr9	  7750000	  6250000	30
chr9	  8350000	 10600000	45
chr9	 10450000	 10150000	6
chr9	 13950000	 12700000	25
chr9	 13950000	 15200000	25
chr9	 14100000	 14850000	15
chr9	 15450000	 14850000	12
chr9	 15550000	 11050000	90
chr9	 17800000	 19600000	36
chr9	 22800000	 22050000	15
chr9	 23650000	 23950000	6
chr9	 24600000	 25850000	25
chr9	 26050000	 23800000	45
chr9	 26550000	 25300000	25
chr9	 26700000	 23900000	56
chr9	 26800000	 27950000	23
chr9	 28000000	 28500000	10
chr9	 28300000	 28750000	9
chr9	 29400000	 31150000	35
chr9	 29450000	 28950000	10
chr9	 31450000	 33400000	39
chr9	 32150000	 29700000	49
chr9	 33400000	 34450000	21
chr9	 35200000	 33600000	32
chr9	 41200000	 40650000	11
chr9	 42850000	 43550000	14
chr9	 43050000	 41900000	23
chr9	 44800000	 44350000	9
chr9	 45150000	 45850000	14
chr9	 46000000	 46500000	10
chr9	 48350000	 49950000	32
chr9	 52100000	 50900000	24
chr9	 52200000	 51450000	15
chr9	 54600000	 53800000	16
chr9	 55550000	 57000000	29
chr9	 58100000	 59700000	32
chr9	 58200000	 57600000	12
chr9	 58650000	 58050000	12
chr9	 59300000	 58800000	10
chr9	 61300000	 63900000	52
chr9	 62100000	 62600000	10
chr9	 63050000	 63900000	17
chr9	 65400000	 67250000	37
chr9	 65750000	 65050000	14
chr9	 66950000	 65600000	27
chr9	 69300000	 67850000	29
chr9	 72150000	 71750000	8
chr9	 72150000	 73900000	35
chr9	 73250000	 74100000	17
chr9	 74600000	 73850000	15
chr9	 75800000	 74650000	23
chr9	 76600000	 79450000	57
chr9	 79400000	 79650000	5
chr9	 80900000	 79250000	33
chr9	 81600000	 81100000	10
chr9	 82150000	 81200000	19
chr9	 82700000	 83250000	11
chr9	 83800000	 83650000	3
chr9	 84000000	 82300000	34
chr9	 84850000	 86050000	24
chr9	 86400000	 87500000	22
chr9	 90900000	 90100000	16
chr9	 92200000	 92700000	10
chr9	 95600000	 96500000	18
chr9	 96550000	 97650000	22
chr9	 97600000	 98600000	20
chr9	 99000000	 97850000	23
chr9	100850000	102000000	23
chr9	101700000	103150000	29
chr9	101950000	102700000	15
chr9	102350000	101700000	13
chr9	103200000	103600000	8
chr9	105550000	105050000	10
chr9	106700000	108000000	26
chr9	107700000	106400000	26
chr9	109000000	106850000	43
chr9	110300000	109650000	13
chr9	111900000	112450000	11
chr9	112150000	112900000	15
chr9	112850000	113600000	15
chr9	117200000	117850000	13
chr9	118000000	118750000	15
chr9	118650000	119500000	17
chr9	119000000	117850000	23
chr9	120850000	119250000	32
chr9	121300000	120600000	14
chr9	121900000	120550000	27
chr9	122600000	123900000	26
chrX	   500000	   100000	8
chrX	  2950000	  2400000	11
chrX	  4150000	  3100000	21
chrX	  6650000	  8200000	31
chrX	  8100000	  6950000	23
chrX	  8100000	  7450000	13
chrX	  8200000	  6900000	26
chrX	  9800000	 10300000	10
chrX	 10600000	 11400000	16
chrX	 11850000	 10900000	19
chrX	 11950000	 10400000	31
chrX	 12200000	 10450000	35
chrX	 12700000	 13900000	24
chrX	 12850000	 10300000	51
chrX	 14350000	 15500000	23
chrX	 15000000	 12700000	46
chrX	 16000000	 15250000	15
chrX	 19950000	 18950000	20
chrX	 21850000	 22600000	15
chrX	 23100000	 24600000	30
chrX	 26650000	 27300000	13
chrX	 27250000	 25000000	45
chrX	 28600000	 29900000	26
chrX	 31100000	 31700000	12
chrX	 35050000	 36200000	23
chrX	 35550000	 34400000	23
chrX	 37900000	 39250000	27
chrX	 40550000	 42100000	31
chrX	 41100000	 39750000	27
chrX	 41250000	 40400000	17
chrX	 41600000	 42850000	25
chrX	 42950000	 42500000	9
chrX	 43450000	 45000000	31
chrX	 45150000	 45900000	15
chrX	 47150000	 46000000	23
chrX	 49450000	 48100000	27
chrX	 49800000	 48700000	22
chrX	 50100000	 51150000	21
chrX	 50400000	 51150000	15
chrX	 52200000	 51200000	20
chrX	 53700000	 55600000	38
chrX	 54050000	 55900000	37
chrX	 54850000	 55250000	8
chrX	 55050000	 54350000	14
chrX	 56300000	 55000000	26
chrX	 57600000	 60000000	48
chrX	 58800000	 59550000	15
chrX	 63150000	 62650000	10
chrX	 65500000	 66450000	19
chrX	 65900000	 66800000	18
chrX	 66150000	 63900000	45
chrX	 66850000	 68150000	26
chrX	 67000000	 64900000	42
chrX	 67400000	 67000000	8
chrX	 67750000	 66950000	16
chrX	 67850000	 66150000	34
chrX	 71100000	 69700000	28
chrX	 73400000	 70050000	67
chrX	 73500000	 70100000	68
chrX	 73950000	 72200000	35
chrX	 74000000	 73400000	12
chrX	 74700000	 75600000	18
chrX	 75250000	 76250000	20
chrX	 77200000	 78600000	28
chrX	 77550000	 80100000	51
chrX	 80900000	 80100000	16
chrX	 81400000	 80550000	17
chrX	 82100000	 83350000	25
chrX	 82900000	 83900000	20
chrX	 83600000	 83300000	6
chrX	 84050000	 84700000	13
chrX	 84200000	 84850000	13
chrX	 85200000	 84550000	13
chrX	 85250000	 86650000	28
chrX	 87900000	 88450000	11
chrX	 89250000	 90400000	23
chrX	 89700000	 89300000	8
chrX	 89800000	 90300000	10
chrX	 90000000	 89250000	15
chrX	 91200000	 93250000	41
chrX	 91300000	 91050000	5
chrX	 91850000	 90400000	29
chrX	 92650000	 93600000	19
chrX	 93400000	 91650000	35
chrX	 94100000	 93150000	19
chrX	 94300000	 95950000	33
chrX	 95700000	 95050000	13
chrX	 96750000	 97450000	14
chrX	 98050000	 97150000	18
chrX	 98700000	 98050000	13
chrX	 99900000	 96400000	70
chrX	100750000	 98000000	55
chrX	103000000	101750000	25
chrX	103100000	103550000	9
chrX	105700000	107000000	26
chrX	106850000	107150000	6
chrX	107150000	108150000	20
chrX	107700000	108950000	25
chrX	110650000	111350000	14
chrX	111400000	110800000	12
chrX	111850000	113700000	37
chrX	116500000	117550000	21
chrX	117800000	116850000	19
chrX	117850000	119050000	24
chrX	118500000	118200000	6
chrX	121200000	121950000	15
chrX	123900000	125200000	26
chrX	124850000	125450000	12
chrX	125200000	124000000	24
chrX	125600000	123050000	51
chrX	126150000	127100000	19
chrX	126650000	128050000	28
chrX	127300000	126450000	17
chrX	129200000	128800000	8
chrX	130450000	129400000	21
chrX	131350000	129800000	31
chrX	134350000	135850000	30
chrX	135450000	134650000	16
chrX	137950000	136950000	20
chrX	138150000	136950000	24
chrX	139000000	137900000	22
chrX	143150000	144000000	17
chrX	143950000	141350000	52
chrX	147000000	148000000	20
chrX	147800000	152650000	97
chrX	148000000	146750000	25
chrX	148150000	147000000	23
chrX	151750000	152300000	11
chrX	153400000	152350000	21
chrX	153450000	152500000	19
chrX	156250000	159150000	58
chrX	157150000	162100000	99
chrX	157200000	156300000	18
chrX	157500000	157150000	7
chrX	162750000	161700000	21
chrX	162800000	164600000	36
chrX	162850000	163250000	8
chrX	163450000	162500000	19
chrX	166100000	167450000	27
chrX	168300000	169200000	18
chrX	168650000	170800000	43
chrY	  1600000	  2700000	22
chrY	  2750000	  2050000	14
chrY	  4500000	  6150000	33
chrY	  5100000	  4250000	17
chrY	  6000000	  6750000	15
chrY	  8000000	  9050000	21
chrY	  8250000	  7400000	17
chrY	  8300000	  9200000	18
chrY	  9400000	  8900000	10
chrY	 11500000	 12800000	26
chrY	 13250000	 14300000	21
chrY	 15100000	 16400000	26
chrY	 17950000	 18700000	15
chrY	 18400000	 20100000	34
chrY	 18800000	 17600000	24
chrY	 18900000	 21100000	44
chrY	 21100000	 21550000	9
chrY	 23450000	 25200000	35
chrY	 25050000	 23950000	22
chrY	 25600000	 25200000	8
chrY	 26600000	 28700000	42
chrY	 26650000	 27250000	12
chrY	 28750000	 29750000	20
chrY	 30250000	 32200000	39
chrY	 30550000	 31150000	12
chrY	 32400000	 32600000	4
chrY	 35700000	 34350000	27
chrY	 36000000	 37200000	24
chrY	 37450000	 36150000	26
chrY	 38500000	 37750000	15
chrY	 39450000	 39050000	8
chrY	 41000000	 40300000	14
chrY	 43650000	 44900000	25
chrY	 44050000	 45250000	24
chrY	 45800000	 46300000	10
chrY	 48600000	 48000000	12
chrY	 51400000	 54700000	66
chrY	 51650000	 50350000	26
chrY	 51800000	 51200000	12
chrY	 53300000	 51400000	38
chrY	 58050000	 55600000	49
chrY	 58800000	 57650000	23
chrY	 58900000	 58050000	17
chrY	 61950000	 63400000	29
chrY	 64000000	 65800000	36
chrY	 64100000	 66000000	38
chrY	 65600000	 66400000	16
chrY	 66800000	 69150000	47
chrY	 69550000	 68550000	20
chrY	 72000000	 70850000	23
chrY	 73950000	 72450000	30
chrY	 74900000	 74050000	17
chrY	 75950000	 74850000	22
chrY	 76900000	 77950000	21
chrY	 79800000	 81300000	30
chrY	 80350000	 79550000	16
chrY	 84400000	 82550000	37
chrY	 87150000	 83550000	72
chrY	 88650000	 89000000	7
chrY	 88750000	 87050000	34
chrY	 91150000	 89600000	31
