chr1	        0	  1150000	23
chr1	   400000	  1900000	30
chr1	  1700000	   850000	17
chr1	  2500000	   500000	40
chr1	  2550000	  6500000	79
chr1	  4300000	  3600000	14
chr1	  4400000	  2300000	42
chr1	  4550000	  5500000	19
chr1	  4700000	  5800000	22
chr1	  7000000	  8350000	27
chr1	  8650000	 10600000	39
chr1	 13750000	 14950000	24
chr1	 14300000	 13000000	26
chr1	 14300000	 15050000	15
chr1	 14650000	 15000000	7
chr1	 14750000	 13250000	30
chr1	 15300000	 14650000	13
chr1	 15950000	 15400000	11
chr1	 17000000	 17000000	0
chr1	 17050000	 16050000	20
chr1	 20400000	 21650000	25
chr1	 20850000	 20400000	9
chr1	 24000000	 24700000	14
chr1	 24150000	 23900000	5
chr1	 25600000	 24550000	21
chr1	 26600000	 24150000	49
chr1	 28700000	 27000000	34
chr1	 29200000	 29750000	11
chr1	 32650000	 31850000	16
chr1	 35100000	 36500000	28
chr1	 35650000	 34750000	18
chr1	 38600000	 38250000	7
chr1	 39400000	 37750000	33
chr1	 39500000	 38450000	21
chr1	 40100000	 41750000	33
chr1	 41100000	 42500000	28
chr1	 41250000	 40400000	17
chr1	 42800000	 43500000	14
chr1	 44800000	 44150000	13
chr1	 46200000	 46900000	14
chr1	 46800000	 46000000	16
chr1	 47600000	 46950000	13
chr1	 51950000	 52800000	17
chr1	 52500000	 51600000	18
chr1	 52750000	 56150000	68
chr1	 54200000	 53000000	24
chr1	 54300000	 55200000	18
chr1	 54500000	 55350000	17
chr1	 56400000	 55000000	28
chr1	 56450000	 55250000	24
chr1	 58450000	 58800000	7
chr1	 58950000	 57900000	21
chr1	 61600000	 62350000	15
chr1	 63900000	 66300000	48
chr1	 64600000	 65550000	19
chr1	 64750000	 65200000	9
chr1	 64800000	 63600000	24
chr1	 64950000	 64150000	16
chr1	 65950000	 68600000	53
chr1	 66550000	 64650000	38
chr1	 67250000	 67700000	9
chr1	 67300000	 67850000	11
chr1	 67900000	 65550000	47
chr1	 69600000	 70300000	14
chr1	 71150000	 71900000	15
chr1	 73100000	 73500000	8
chr1	 77750000	 78300000	11
chr1	 81050000	 81700000	13
chr1	 81750000	 83350000	32
chr1	 82600000	 83650000	21
chr1	 82700000	 82400000	6
chr1	 85000000	 84600000	8
chr1	 94050000	 92650000	28
chr1	 94550000	 93350000	24
chr1	 98150000	 97800000	7
chr1	 99950000	 99450000	10
chr1	101550000	 99450000	42
chr1	101750000	100450000	26
chr1	102400000	102000000	8
chr1	102850000	103650000	16
chr1	104250000	105500000	25
chr1	106800000	108200000	28
chr1	112050000	109900000	43
chr1	112300000	111650000	13
chr1	113350000	112900000	9
chr1	113750000	115550000	36
chr1	114600000	113950000	13
chr1	116050000	115550000	10
chr1	116650000	117450000	16
chr1	117950000	115600000	47
chr1	123000000	123400000	8
chr1	123350000	123800000	9
chr1	124700000	124100000	12
chr1	124750000	123800000	19
chr1	125500000	124450000	21
chr1	126150000	127300000	23
chr1	127650000	129500000	37
chr1	128050000	128750000	14
chr1	128700000	128950000	5
chr1	129450000	128800000	13
chr1	130050000	131150000	22
chr1	132450000	130950000	30
chr1	142400000	141500000	18
chr1	144150000	143550000	12
chr1	144200000	145250000	21
chr1	144250000	142700000	31
chr1	145550000	144900000	13
chr1	149100000	152050000	59
chr1	150900000	152050000	23
chr1	151100000	149150000	39
chr1	154400000	153500000	18
chr1	155600000	156000000	8
chr1	156050000	154100000	39
chr1	158400000	158900000	10
chr1	159300000	161600000	46
chr1	162800000	163700000	18
chr1	165050000	165450000	8
chr1	165450000	166600000	23
chr1	166550000	167800000	25
chr1	167700000	166950000	15
chr1	169500000	169150000	7
chr1	169500000	170900000	28
chr1	170800000	169750000	21
chr1	171550000	169450000	42
chr1	172450000	174300000	37
chr1	172550000	171300000	25
chr1	172700000	171500000	24
chr1	175650000	176850000	24
chr1	175900000	177050000	23
chr1	180100000	181150000	21
chr1	180250000	181350000	22
chr1	181800000	182500000	14
chr1	182150000	182700000	11
chr1	182550000	183050000	10
chr1	183300000	184200000	18
chr1	184550000	184250000	6
chr1	184900000	185300000	8
chr1	185200000	183850000	27
chr1	185300000	183650000	33
chr1	185500000	184800000	14
chr1	185750000	186650000	18
chr1	189600000	188150000	29
chr10	  2100000	  2550000	9
chr10	  2350000	   150000	44
chr10	  2350000	  2050000	6
chr10	  4000000	  5300000	26
chr10	  4400000	  3750000	13
chr10	  5100000	  4550000	11
chr10	  7550000	  8500000	19
chr10	  7950000	  8750000	16
chr10	 12050000	 12050000	0
chr10	 13500000	 15500000	40
chr10	 14050000	 13500000	11
chr10	 14800000	 13350000	29
chr10	 19700000	 18600000	22
chr10	 20450000	 24050000	72
chr10	 20800000	 22600000	36
chr10	 21450000	 23300000	37
chr10	 21900000	 21200000	14
chr10	 22850000	 23650000	16
chr10	 25300000	 26550000	25
chr10	 25750000	 26400000	13
chr10	 26550000	 25800000	15
chr10	 27900000	 28850000	19
chr10	 28500000	 27850000	13
chr10	 30750000	 29700000	21
chr10	 31850000	 30700000	23
chr10	 33400000	 34150000	15
chr10	 36300000	 35650000	13
chr10	 40400000	 39650000	15
chr10	 40550000	 41400000	17
chr10	 46950000	 48800000	37
chr10	 48050000	 44950000	62
chr10	 48350000	 47900000	9
chr10	 48450000	 47350000	22
chr10	 50550000	 49150000	28
chr10	 50550000	 50900000	7
chr10	 50550000	 51150000	12
chr10	 51500000	 50800000	14
chr10	 55450000	 54550000	18
chr10	 56200000	 53050000	63
chr10	 58650000	 57350000	26
chr10	 58900000	 58250000	13
chr10	 59100000	 60600000	30
chr10	 61950000	 60950000	20
chr10	 63000000	 64100000	22
chr10	 63600000	 64900000	26
chr10	 64600000	 65150000	11
chr10	 66850000	 67400000	11
chr10	 67150000	 67550000	8
chr10	 68100000	 66550000	31
chr10	 69250000	 68450000	16
chr10	 70000000	 71250000	25
chr10	 74800000	 75400000	12
chr10	 74800000	 75900000	22
chr10	 78800000	 78000000	16
chr10	 81600000	 87600000	120
chr10	 82500000	 81250000	25
chr10	 85050000	 86050000	20
chr10	 85500000	 82700000	56
chr10	 87750000	 89450000	34
chr10	 88150000	 88950000	16
chr10	 89900000	 89450000	9
chr10	 94450000	 95000000	11
chr10	 94600000	 93950000	13
chr10	 99800000	 98800000	20
chr10	102200000	103000000	16
chr10	103600000	106550000	59
chr10	105650000	105100000	11
chr10	107950000	109550000	32
chr10	108550000	108050000	10
chr10	109550000	110100000	11
chr10	110300000	112700000	48
chr10	110350000	109650000	14
chr10	111850000	110950000	18
chr10	112900000	112550000	7
chr10	113450000	112300000	23
chr10	113950000	115200000	25
chr10	114750000	113150000	32
chr10	118250000	120550000	46
chr10	118700000	120200000	30
chr10	119050000	117050000	40
chr10	119050000	117500000	31
chr10	119500000	121400000	38
chr10	120500000	121600000	22
chr10	120600000	121500000	18
chr10	121450000	120500000	19
chr10	122400000	121850000	11
chr10	122750000	121650000	22
chr10	124000000	125000000	20
chr10	124700000	125650000	19
chr10	125050000	123050000	40
chr10	126600000	127400000	16
chr10	127300000	127900000	12
chr10	128100000	127000000	22
chr11	  3350000	  4200000	17
chr11	  6250000	  4100000	43
chr11	  8300000	 10650000	47
chr11	  8350000	  9950000	32
chr11	  8850000	  9750000	18
chr11	 10700000	  9100000	32
chr11	 11050000	 11850000	16
chr11	 14950000	 13800000	23
chr11	 15100000	 15750000	13
chr11	 15650000	 16750000	22
chr11	 19900000	 20600000	14
chr11	 20700000	 19450000	25
chr11	 20750000	 21800000	21
chr11	 21600000	 21100000	10
chr11	 24350000	 23700000	13
chr11	 24700000	 24000000	14
chr11	 25100000	 24500000	12
chr11	 27450000	 28200000	15
chr11	 28800000	 27600000	24
chr11	 29650000	 30950000	26
chr11	 32750000	 33950000	24
chr11	 33750000	 33100000	13
chr11	 34550000	 35100000	11
chr11	 35250000	 32550000	54
chr11	 36250000	 36850000	12
chr11	 37800000	 35800000	40
chr11	 38950000	 40350000	28
chr11	 39350000	 41200000	37
chr11	 40300000	 42600000	46
chr11	 40750000	 39900000	17
chr11	 40950000	 40500000	9
chr11	 46250000	 47650000	28
chr11	 46700000	 45000000	34
chr11	 46950000	 45950000	20
chr11	 51950000	 53300000	27
chr11	 52300000	 50050000	45
chr11	 52300000	 50950000	27
chr11	 54150000	 53600000	11
chr11	 55150000	 55750000	12
chr11	 55600000	 55150000	9
chr11	 55850000	 57500000	33
chr11	 56400000	 55850000	11
chr11	 58050000	 57400000	13
chr11	 61950000	 60400000	31
chr11	 62500000	 63150000	13
chr11	 68000000	 67650000	7
chr11	 68100000	 69400000	26
chr11	 69000000	 68550000	9
chr11	 69100000	 69450000	7
chr11	 70250000	 70950000	14
chr11	 71700000	 72300000	12
chr11	 74500000	 76050000	31
chr11	 74850000	 73900000	19
chr11	 77200000	 77900000	14
chr11	 77950000	 77450000	10
chr11	 79800000	 82300000	50
chr11	 81800000	 82750000	19
chr11	 82000000	 81000000	20
chr11	 83000000	 84000000	20
chr11	 84800000	 85500000	14
chr11	 86200000	 87800000	32
chr11	 86500000	 85450000	21
chr11	 88950000	 88400000	11
chr11	 89600000	 87550000	41
chr11	 92300000	 92850000	11
chr11	 93200000	 94600000	28
chr11	 97450000	 98900000	29
chr11	 97800000	 95750000	41
chr11	 98350000	 96250000	42
chr11	 98750000	 97650000	22
chr11	 98950000	 98400000	11
chr11	 99500000	101350000	37
chr11	100900000	101900000	20
chr11	102350000	103100000	15
chr11	104150000	105200000	21
chr11	104700000	103300000	28
chr11	104900000	105400000	10
chr11	106400000	106000000	8
chr11	106900000	107800000	18
chr11	107150000	107900000	15
chr11	107350000	105350000	40
chr11	108050000	106250000	36
chr11	108950000	109450000	10
chr11	108950000	109800000	17
chr11	110700000	112350000	33
chr11	111200000	112050000	17
chr11	112750000	113550000	16
chr11	114300000	114700000	8
chr11	119400000	118700000	14
chr11	120300000	121750000	29
chr12	  1250000	  1750000	10
chr12	  2050000	   200000	37
chr12	  7750000	  8900000	23
chr12	 11150000	  9350000	36
chr12	 13350000	 13950000	12
chr12	 16550000	 15250000	26
chr12	 19500000	 17450000	41
chr12	 21150000	 21550000	8
chr12	 21550000	 24600000	61
chr12	 23750000	 25100000	27
chr12	 31050000	 30800000	5
chr12	 31400000	 30100000	26
chr12	 32700000	 34000000	26
chr12	 33150000	 32250000	18
chr12	 33200000	 30300000	58
chr12	 33700000	 32600000	22
chr12	 34750000	 33100000	33
chr12	 35000000	 36200000	24
chr12	 35250000	 33800000	29
chr12	 41050000	 39400000	33
chr12	 42850000	 44300000	29
chr12	 43500000	 44700000	24
chr12	 43650000	 42800000	17
chr12	 45500000	 44100000	28
chr12	 46400000	 49200000	56
chr12	 46950000	 49500000	51
chr12	 47100000	 48200000	22
chr12	 47350000	 46550000	16
chr12	 47450000	 45100000	47
chr12	 48700000	 49400000	14
chr12	 52300000	 51350000	19
chr12	 52350000	 51300000	21
chr12	 54700000	 56100000	28
chr12	 56050000	 54150000	38
chr12	 56800000	 56300000	10
chr12	 57100000	 55850000	25
chr12	 58000000	 57250000	15
chr12	 58050000	 58850000	16
chr12	 59150000	 57700000	29
chr12	 60250000	 62500000	45
chr12	 60350000	 59700000	13
chr12	 61150000	 62450000	26
chr12	 66050000	 65000000	21
chr12	 67500000	 67650000	3
chr12	 71800000	 74200000	48
chr12	 73300000	 74550000	25
chr12	 73950000	 74600000	13
chr12	 74150000	 73500000	13
chr12	 76200000	 77350000	23
chr12	 77300000	 78500000	24
chr12	 78650000	 76300000	47
chr12	 79000000	 81100000	42
chr12	 79350000	 78300000	21
chr12	 81600000	 81050000	11
chr12	 83650000	 85100000	29
chr12	 83850000	 84850000	20
chr12	 84550000	 85200000	13
chr12	 84900000	 84300000	12
chr12	 85000000	 84500000	10
chr12	 85650000	 87600000	39
chr12	 86300000	 87350000	21
chr12	 87600000	 89650000	41
chr12	 90350000	 90700000	7
chr12	 93600000	 93900000	6
chr12	 96950000	 95450000	30
chr12	 97850000	 96000000	37
chr12	 97850000	 98450000	12
chr12	101000000	100050000	19
chr12	101650000	103100000	29
chr12	106050000	104850000	24
chr12	106050000	107200000	23
chr12	106150000	106950000	16
chr12	106350000	105600000	15
chr12	106650000	108100000	29
chr12	107850000	107400000	9
chr12	112650000	113900000	25
chr12	113300000	112800000	10
chr12	114350000	113850000	10
chr12	114650000	113950000	14
chr12	115800000	115100000	14
chr12	116150000	116950000	16
chr12	118200000	119350000	23
chr12	118650000	117650000	20
chr12	119500000	117700000	36
chr12	119750000	118050000	34
chr13	  2550000	  1550000	20
chr13	  4600000	  4400000	4
chr13	  6800000	  6200000	12
chr13	  7300000	  5850000	29
chr13	  8000000	  7000000	20
chr13	  8000000	  7650000	7
chr13	  8250000	  6850000	28
chr13	 10550000	  9100000	29
chr13	 10600000	  9100000	30
chr13	 10650000	 11550000	18
chr13	 11300000	 11050000	5
chr13	 11350000	 12900000	31
chr13	 12550000	 13950000	28
chr13	 14600000	 14000000	12
chr13	 15800000	 14950000	17
chr13	 19800000	 19000000	16
chr13	 19900000	 20200000	6
chr13	 20300000	 19700000	12
chr13	 20550000	 18700000	37
chr13	 22600000	 21450000	23
chr13	 24550000	 25550000	20
chr13	 28350000	 27750000	12
chr13	 31000000	 30400000	12
chr13	 35000000	 37200000	44
chr13	 35800000	 34950000	17
chr13	 37200000	 37950000	15
chr13	 40000000	 40450000	9
chr13	 40950000	 41800000	17
chr13	 41050000	 38300000	55
chr13	 41350000	 39550000	36
chr13	 41450000	 40950000	10
chr13	 44000000	 42900000	22
chr13	 44850000	 43700000	23
chr13	 46850000	 48050000	24
chr13	 50400000	 48650000	35
chr13	 51550000	 53500000	39
chr13	 53200000	 52350000	17
chr13	 53850000	 52250000	32
chr13	 55350000	 56450000	22
chr13	 57400000	 59050000	33
chr13	 58750000	 58500000	5
chr13	 59000000	 57900000	22
chr13	 62000000	 60450000	31
chr13	 66050000	 64950000	22
chr13	 66250000	 64300000	39
chr13	 68900000	 69550000	13
chr13	 72300000	 73450000	23
chr13	 72600000	 70450000	43
chr13	 75850000	 77250000	28
chr13	 80500000	 82750000	45
chr13	 82850000	 82000000	17
chr13	 83400000	 83750000	7
chr13	 84250000	 83100000	23
chr13	 84800000	 86750000	39
chr13	 84900000	 86250000	27
chr13	 85200000	 83600000	32
chr13	 86200000	 84300000	38
chr13	 86300000	 87150000	17
chr13	 86500000	 86800000	6
chr13	 86500000	 87550000	21
chr13	 87900000	 89200000	26
chr13	 87950000	 89750000	36
chr13	 88200000	 88800000	12
chr13	 89550000	 87700000	37
chr13	 90050000	 91250000	24
chr13	 90950000	 89700000	25
chr13	 93950000	 94800000	17
chr13	 94950000	 97150000	44
chr13	 95350000	 97300000	39
chr13	 95550000	 96250000	14
chr13	 96450000	 97500000	21
chr13	 96850000	 97850000	20
chr13	100200000	 98700000	30
chr13	100500000	101500000	20
chr13	102200000	101700000	10
chr13	105450000	104700000	15
chr13	107400000	108050000	13
chr13	110950000	113250000	46
chr13	111450000	112300000	17
chr13	112650000	110850000	36
chr13	114400000	115850000	29
chr13	118350000	117400000	19
chr13	118550000	119250000	14
chr13	118700000	117150000	31
chr13	118850000	117900000	19
chr13	120100000	119200000	18
chr14	   100000	  1500000	28
chr14	  2300000	  2850000	11
chr14	  4150000	  5850000	34
chr14	  4950000	  4550000	8
chr14	  6600000	  6000000	12
chr14	  6800000	  5850000	19
chr14	  6850000	  5550000	26
chr14	  8300000	  7400000	18
chr14	  8750000	  7900000	17
chr14	  9150000	  8600000	11
chr14	  9550000	  7050000	50
chr14	 10350000	 10950000	12
chr14	 12550000	 10950000	32
chr14	 13100000	 11000000	42
chr14	 13400000	 14900000	30
chr14	 15150000	 12650000	50
chr14	 17550000	 17000000	11
chr14	 17600000	 19350000	35
chr14	 18000000	 19000000	20
chr14	 18900000	 19950000	21
chr14	 20600000	 20050000	11
chr14	 20900000	 19850000	21
chr14	 21150000	 24250000	62
chr14	 21200000	 23200000	40
chr14	 23650000	 24050000	8
chr14	 24500000	 22800000	34
chr14	 24800000	 24150000	13
chr14	 27000000	 27750000	15
chr14	 28050000	 28600000	11
chr14	 29400000	 28700000	14
chr14	 33900000	 30450000	69
chr14	 39400000	 40400000	20
chr14	 39750000	 40400000	13
chr14	 41000000	 42800000	36
chr14	 41300000	 40300000	20
chr14	 41500000	 41200000	6
chr14	 42450000	 41650000	16
chr14	 47150000	 44800000	47
chr14	 47500000	 46600000	18
chr14	 50300000	 47100000	64
chr14	 50800000	 53050000	45
chr14	 51050000	 51950000	18
chr14	 52450000	 50850000	32
chr14	 54400000	 55000000	12
chr14	 55450000	 56150000	14
chr14	 56000000	 54650000	27
chr14	 57150000	 55950000	24
chr14	 58350000	 56800000	31
chr14	 59700000	 60550000	17
chr14	 59800000	 59100000	14
chr14	 60800000	 59950000	17
chr14	 61300000	 61850000	11
chr14	 61750000	 60350000	28
chr14	 62800000	 61950000	17
chr14	 63050000	 61850000	24
chr14	 63550000	 63250000	6
chr14	 63600000	 61750000	37
chr14	 64100000	 63450000	13
chr14	 67300000	 66500000	16
chr14	 67600000	 67100000	10
chr14	 69050000	 69750000	14
chr14	 70450000	 68650000	36
chr14	 71350000	 72300000	19
chr14	 72450000	 71000000	29
chr14	 74750000	 75800000	21
chr14	 75350000	 76200000	17
chr14	 79800000	 77850000	39
chr14	 81250000	 80050000	24
chr14	 81400000	 82850000	29
chr14	 84050000	 84800000	15
chr14	 85000000	 84150000	17
chr14	 85700000	 84550000	23
chr14	 87000000	 88400000	28
chr14	 87450000	 89100000	33
chr14	 88100000	 87350000	15
chr14	 88550000	 88250000	6
chr14	 93050000	 92250000	16
chr14	 94700000	 96100000	28
chr14	 94950000	 93900000	21
chr14	 95100000	 94350000	15
chr14	 96300000	 94900000	28
chr14	 97400000	 98350000	19
chr14	 97450000	 98650000	24
chr14	 97750000	 98500000	15
chr14	 97850000	 96350000	30
chr14	 99600000	100650000	21
chr14	101700000	100950000	15
chr14	103250000	102450000	16
chr14	103350000	101200000	43
chr14	103800000	106100000	46
chr14	103900000	104550000	13
chr14	104150000	103750000	8
chr14	109000000	110500000	30
chr14	109500000	109050000	9
chr14	109550000	111000000	29
chr14	109600000	107050000	51
chr14	109950000	112200000	45
chr14	110400000	108150000	45
chr14	110700000	111850000	23
chr14	111100000	109500000	32
chr14	111500000	112000000	10
chr14	112850000	113550000	14
chr14	114350000	113150000	24
chr14	116700000	117450000	15
chr14	118350000	119750000	28
chr14	118550000	119100000	11
chr14	120000000	120500000	10
chr14	123400000	122100000	26
chr14	123750000	123050000	14
chr14	124350000	123250000	22
chr15	  2200000	   200000	40
chr15	  2900000	  4850000	39
chr15	  4900000	  6300000	28
chr15	  5000000	  3300000	34
chr15	  5850000	  5400000	9
chr15	  5900000	  7450000	31
chr15	  7700000	  8550000	17
chr15	  8250000	  7750000	10
chr15	  9400000	 10600000	24
chr15	  9750000	  7000000	55
chr15	 10550000	 13400000	57
chr15	 11900000	 13600000	34
chr15	 12000000	  8600000	68
chr15	 12450000	 11000000	29
chr15	 12650000	 13700000	21
chr15	 12750000	 12150000	12
chr15	 14500000	 16950000	49
chr15	 15450000	 13750000	34
chr15	 16450000	 15950000	10
chr15	 19550000	 21350000	36
chr15	 21800000	 20450000	27
chr15	 23950000	 24950000	20
chr15	 24950000	 24150000	16
chr15	 25500000	 27300000	36
chr15	 27400000	 26600000	16
chr15	 27550000	 28350000	16
chr15	 28400000	 27800000	12
chr15	 29000000	 27150000	37
chr15	 29750000	 27750000	40
chr15	 32300000	 31450000	17
chr15	 33350000	 35200000	37
chr15	 35400000	 34700000	14
chr15	 36550000	 37950000	28
chr15	 36600000	 35900000	14
chr15	 36600000	 37700000	22
chr15	 38300000	 36950000	27
chr15	 38900000	 40150000	25
chr15	 39700000	 39000000	14
chr15	 40250000	 40850000	12
chr15	 41250000	 42950000	34
chr15	 41350000	 42450000	22
chr15	 42300000	 43300000	20
chr15	 42350000	 42500000	3
chr15	 42750000	 42200000	11
chr15	 42950000	 43450000	10
chr15	 43750000	 44350000	12
chr15	 47150000	 48150000	20
chr15	 49650000	 50950000	26
chr15	 51000000	 50100000	18
chr15	 51700000	 51000000	14
chr15	 51800000	 49100000	54
chr15	 52400000	 52900000	10
chr15	 53600000	 55350000	35
chr15	 53950000	 52000000	39
chr15	 55400000	 56350000	19
chr15	 60450000	 61350000	18
chr15	 61050000	 62200000	23
chr15	 61550000	 60350000	24
chr15	 63200000	 62600000	12
chr15	 63450000	 63950000	10
chr15	 65350000	 66600000	25
chr15	 66100000	 64500000	32
chr15	 67950000	 66500000	29
chr15	 67950000	 67300000	13
chr15	 69400000	 68000000	28
chr15	 70450000	 71200000	15
chr15	 72200000	 73450000	25
chr15	 72650000	 71750000	18
chr15	 75100000	 76000000	18
chr15	 76550000	 75250000	26
chr15	 76600000	 75550000	21
chr15	 77050000	 75750000	26
chr15	 78500000	 78250000	5
chr15	 78700000	 79600000	18
chr15	 79100000	 78200000	18
chr15	 80600000	 79150000	29
chr15	 80650000	 81400000	15
chr15	 83550000	 85000000	29
chr15	 84700000	 87700000	60
chr15	 87300000	 86850000	9
chr15	 88350000	 89850000	30
chr15	 88650000	 87350000	26
chr15	 89050000	 90800000	35
chr15	 90700000	 89700000	20
chr15	 92150000	 91550000	12
chr15	 92750000	 93850000	22
chr15	 96150000	 96950000	16
chr15	 97550000	 97550000	0
chr15	 98750000	 97000000	35
chr15	 98950000	 98100000	17
chr15	100700000	102100000	28
chr15	100750000	100200000	11
chr15	101800000	102550000	15
chr16	  1000000	  1350000	7
chr16	  1250000	   200000	21
chr16	  2050000	  3450000	28
chr16	  3200000	  2150000	21
chr16	  5850000	  6350000	10
chr16	  6700000	  5800000	18
chr16	  7300000	  8350000	21
chr16	  9450000	  8500000	19
chr16	 10650000	 12400000	35
chr16	 15750000	 16800000	21
chr16	 17300000	 16650000	13
chr16	 18200000	 17000000	24
chr16	 20500000	 19600000	18
chr16	 20800000	 21750000	19
chr16	 21250000	 20550000	14
chr16	 23800000	 24850000	21
chr16	 24700000	 27950000	65
chr16	 27850000	 27300000	11
chr16	 27900000	 27150000	15
chr16	 29200000	 28700000	10
chr16	 29500000	 30300000	16
chr16	 33100000	 34450000	27
chr16	 33200000	 34300000	22
chr16	 35850000	 32300000	71
chr16	 39050000	 39750000	14
chr16	 39200000	 39750000	11
chr16	 39850000	 41200000	27
chr16	 41050000	 40200000	17
chr16	 41900000	 42800000	18
chr16	 42000000	 42500000	10
chr16	 46750000	 48500000	35
chr16	 47050000	 47750000	14
chr16	 47600000	 46850000	15
chr16	 48350000	 49850000	30
chr16	 49300000	 50550000	25
chr16	 52400000	 52950000	11
chr16	 52450000	 54200000	35
chr16	 53050000	 53700000	13
chr16	 53800000	 55600000	36
chr16	 59200000	 60950000	35
chr16	 59750000	 58650000	22
chr16	 60650000	 61150000	10
chr16	 62050000	 61350000	14
chr16	 62100000	 63250000	23
chr16	 62900000	 62000000	18
chr16	 67100000	 68000000	18
chr16	 68100000	 68400000	6
chr16	 69300000	 67600000	34
chr16	 70000000	 69300000	14
chr16	 72600000	 73150000	11
chr16	 72900000	 72450000	9
chr16	 73000000	 72250000	15
chr16	 74700000	 76300000	32
chr16	 76700000	 74250000	49
chr16	 76750000	 77200000	9
chr16	 76800000	 77800000	20
chr16	 78400000	 77000000	28
chr16	 79300000	 78050000	25
chr16	 79600000	 79100000	10
chr16	 80050000	 79550000	10
chr16	 81000000	 78950000	41
chr16	 82050000	 82850000	16
chr16	 82900000	 83650000	15
chr16	 87700000	 89700000	40
chr16	 88150000	 87400000	15
chr16	 89900000	 91600000	34
chr16	 90650000	 91350000	14
chr16	 92700000	 92200000	10
chr16	 94250000	 93350000	18
chr16	 94400000	 94000000	8
chr16	 95400000	 96650000	25
chr17	  2250000	  2950000	14
chr17	  3200000	   450000	55
chr17	  4900000	  5900000	20
chr17	  7900000	  6850000	21
chr17	  9200000	  7700000	30
chr17	  9300000	  8650000	13
chr17	 10550000	  9450000	22
chr17	 10950000	  8750000	44
chr17	 11700000	 12300000	12
chr17	 12550000	 11500000	21
chr17	 12850000	 14450000	32
chr17	 17300000	 16150000	23
chr17	 17800000	 18450000	13
chr17	 19450000	 18450000	20
chr17	 20650000	 21550000	18
chr17	 21300000	 22450000	23
chr17	 28100000	 28600000	10
chr17	 30600000	 29900000	14
chr17	 32000000	 31500000	10
chr17	 32850000	 33950000	22
chr17	 33350000	 34050000	14
chr17	 35800000	 36650000	17
chr17	 36300000	 37150000	17
chr17	 38800000	 39550000	15
chr17	 39450000	 39950000	10
chr17	 39750000	 39100000	13
chr17	 41400000	 42250000	17
chr17	 41700000	 42850000	23
chr17	 41850000	 39550000	46
chr17	 43150000	 42550000	12
chr17	 43550000	 43100000	9
chr17	 45250000	 46450000	24
chr17	 46800000	 45750000	21
chr17	 47900000	 45600000	46
chr17	 48800000	 48200000	12
chr17	 49350000	 49800000	9
chr17	 50100000	 48300000	36
chr17	 57700000	 59250000	31
chr17	 58100000	 56750000	27
chr17	 58800000	 59700000	18
chr17	 59950000	 61350000	28
chr17	 60700000	 62000000	26
chr17	 61400000	 62900000	30
chr17	 62550000	 60850000	34
chr17	 63600000	 65100000	30
chr17	 64200000	 64850000	13
chr17	 64300000	 65400000	22
chr17	 67250000	 68650000	28
chr17	 67400000	 67400000	0
chr17	 69650000	 69050000	12
chr17	 70300000	 69900000	8
chr17	 70450000	 70800000	7
chr17	 70950000	 72250000	26
chr17	 71200000	 72850000	33
chr17	 71600000	 70200000	28
chr17	 71850000	 72650000	16
chr17	 74600000	 72750000	37
chr17	 74900000	 74200000	14
chr17	 76150000	 77650000	30
chr17	 77000000	 75900000	22
chr17	 77550000	 76900000	13
chr17	 80650000	 81450000	16
chr17	 81000000	 79800000	24
chr17	 84150000	 83550000	12
chr17	 84800000	 85200000	8
chr17	 86100000	 85200000	18
chr17	 88250000	 86750000	30
chr17	 89600000	 88250000	27
chr17	 90950000	 90300000	13
chr17	 91050000	 91550000	10
chr17	 91350000	 91900000	11
chr17	 92900000	 91900000	20
chr17	 94100000	 92450000	33
chr18	 10800000	 11500000	14
chr18	 11650000	  8000000	73
chr18	 12300000	 11750000	11
chr18	 13600000	 15600000	40
chr18	 15700000	 14650000	21
chr18	 16100000	 11250000	97
chr18	 17500000	 18050000	11
chr18	 20200000	 20800000	12
chr18	 22550000	 23450000	18
chr18	 23350000	 24700000	27
chr18	 23900000	 23400000	10
chr18	 24100000	 24400000	6
chr18	 24800000	 21500000	66
chr18	 26250000	 27650000	28
chr18	 26400000	 27400000	20
chr18	 26650000	 27950000	26
chr18	 28700000	 30550000	37
chr18	 29300000	 30600000	26
chr18	 29650000	 30650000	20
chr18	 30100000	 30000000	2
chr18	 30600000	 32450000	37
chr18	 31100000	 32550000	29
chr18	 34450000	 33750000	14
chr18	 36200000	 36600000	8
chr18	 36350000	 36800000	9
chr18	 39550000	 37500000	41
chr18	 41600000	 42900000	26
chr18	 42350000	 43100000	15
chr18	 43150000	 42400000	15
chr18	 44050000	 42000000	41
chr18	 46050000	 46700000	13
chr18	 46150000	 47800000	33
chr18	 47100000	 48800000	34
chr18	 47350000	 46050000	26
chr18	 48200000	 46950000	25
chr18	 53400000	 52000000	28
chr18	 55000000	 54100000	18
chr18	 57250000	 56450000	16
chr18	 58700000	 59000000	6
chr18	 59650000	 61250000	32
chr18	 61200000	 59050000	43
chr18	 62450000	 64850000	48
chr18	 62750000	 64500000	35
chr18	 64750000	 65900000	23
chr18	 67350000	 66700000	13
chr18	 68500000	 66800000	34
chr18	 70000000	 69250000	15
chr18	 72750000	 73800000	21
chr18	 74400000	 73150000	25
chr18	 78350000	 79150000	16
chr18	 79000000	 78200000	16
chr18	 79350000	 81400000	41
chr18	 79950000	 78650000	26
chr18	 81150000	 84050000	58
chr18	 82250000	 83250000	20
chr18	 82400000	 81550000	17
chr18	 84300000	 85850000	31
chr18	 85450000	 87200000	35
chr18	 87400000	 86450000	19
chr18	 87500000	 85900000	32
chr18	 88450000	 86900000	31
chr18	 89550000	 90700000	23
chr18	 89650000	 89000000	13
chr19	  1400000	  2500000	22
chr19	  1450000	  2250000	16
chr19	  1650000	   500000	23
chr19	  2150000	  3050000	18
chr19	  2250000	  1950000	6
chr19	  4450000	  1250000	64
chr19	  6400000	  5650000	15
chr19	  7550000	  8050000	10
chr19	  9800000	 11200000	28
chr19	 12500000	 11450000	21
chr19	 13800000	 12900000	18
chr19	 15850000	 14850000	20
chr19	 17200000	 16250000	19
chr19	 18200000	 18550000	7
chr19	 18350000	 23300000	99
chr19	 19450000	 20400000	19
chr19	 19450000	 21100000	33
chr19	 23100000	 24000000	18
chr19	 23350000	 25400000	41
chr19	 24500000	 25700000	24
chr19	 24800000	 22200000	52
chr19	 26150000	 26700000	11
chr19	 28100000	 28550000	9
chr19	 28900000	 29600000	14
chr19	 33100000	 34100000	20
chr19	 35100000	 34900000	4
chr19	 36050000	 36850000	16
chr19	 36550000	 35700000	17
chr19	 38100000	 38900000	16
chr19	 39300000	 40950000	33
chr19	 39650000	 37950000	34
chr19	 39950000	 40700000	15
chr19	 40250000	 39750000	10
chr19	 45750000	 44900000	17
chr19	 47550000	 48350000	16
chr19	 48200000	 49050000	17
chr19	 48700000	 47100000	32
chr19	 49350000	 51000000	33
chr19	 50450000	 51250000	16
chr19	 50500000	 48850000	33
chr19	 52350000	 51950000	8
chr19	 54900000	 56100000	24
chr19	 58450000	 59900000	29
chr19	 60450000	 59450000	20
chr2	   450000	  2350000	38
chr2	  2400000	   450000	39
chr2	  3100000	  2000000	22
chr2	  3250000	  2100000	23
chr2	  7850000	  7250000	12
chr2	  8250000	  9000000	15
chr2	 11150000	  9950000	24
chr2	 11750000	 12700000	19
chr2	 12400000	 13750000	27
chr2	 12700000	 11300000	28
chr2	 13700000	 12000000	34
chr2	 14150000	 15350000	24
chr2	 14250000	 15050000	16
chr2	 14350000	 15900000	31
chr2	 14500000	 15100000	12
chr2	 17700000	 15250000	49
chr2	 17850000	 17250000	12
chr2	 19050000	 21650000	52
chr2	 20200000	 23550000	67
chr2	 20500000	 17400000	62
chr2	 20700000	 22000000	26
chr2	 20900000	 19550000	27
chr2	 22150000	 22850000	14
chr2	 22800000	 21600000	24
chr2	 24300000	 22550000	35
chr2	 25150000	 27750000	52
chr2	 26800000	 27150000	7
chr2	 27000000	 25800000	24
chr2	 28000000	 28650000	13
chr2	 31000000	 31950000	19
chr2	 32500000	 34550000	41
chr2	 33850000	 34400000	11
chr2	 35750000	 36850000	22
chr2	 35900000	 37250000	27
chr2	 36350000	 37050000	14
chr2	 36450000	 37200000	15
chr2	 38800000	 41250000	49
chr2	 41200000	 42600000	28
chr2	 44250000	 43350000	18
chr2	 45800000	 46900000	22
chr2	 47050000	 46200000	17
chr2	 49250000	 50150000	18
chr2	 50500000	 49750000	15
chr2	 51950000	 53750000	36
chr2	 52150000	 52700000	11
chr2	 52850000	 53000000	3
chr2	 53950000	 52500000	29
chr2	 54100000	 52700000	28
chr2	 55500000	 55150000	7
chr2	 56150000	 54300000	37
chr2	 57100000	 56100000	20
chr2	 57500000	 56350000	23
chr2	 58400000	 57300000	22
chr2	 60500000	 62400000	38
chr2	 60850000	 65500000	93
chr2	 62400000	 60700000	34
chr2	 63300000	 62650000	13
chr2	 66500000	 67550000	21
chr2	 69150000	 68150000	20
chr2	 69700000	 68800000	18
chr2	 71350000	 71950000	12
chr2	 71600000	 73800000	44
chr2	 72500000	 70800000	34
chr2	 72800000	 73800000	20
chr2	 72850000	 74800000	39
chr2	 73700000	 72450000	25
chr2	 74550000	 73550000	20
chr2	 75350000	 74650000	14
chr2	 75800000	 77450000	33
chr2	 76000000	 74950000	21
chr2	 76350000	 71750000	92
chr2	 76850000	 79750000	58
chr2	 77000000	 75500000	30
chr2	 78700000	 79800000	22
chr2	 79200000	 80350000	23
chr2	 79600000	 80150000	11
chr2	 81000000	 78050000	59
chr2	 82300000	 80550000	35
chr2	 82450000	 83350000	18
chr2	 84050000	 83200000	17
chr2	 84750000	 84500000	5
chr2	 85050000	 83500000	31
chr2	 89700000	 90350000	13
chr2	 91700000	 92850000	23
chr2	 92750000	 91150000	32
chr2	 93000000	 94750000	35
chr2	 94500000	 95300000	16
chr2	 97250000	 97950000	14
chr2	 97300000	 99400000	42
chr2	 98450000	 97200000	25
chr2	 99900000	 98000000	38
chr2	101250000	102100000	17
chr2	103700000	105350000	33
chr2	104050000	103500000	11
chr2	104700000	103900000	16
chr2	104900000	105850000	19
chr2	106000000	106800000	16
chr2	108550000	107200000	27
chr2	109050000	111800000	55
chr2	109550000	110300000	15
chr2	111350000	110750000	12
chr2	111550000	112450000	18
chr2	112050000	111400000	13
chr2	112100000	111350000	15
chr2	112350000	114100000	35
chr2	116850000	117850000	20
chr2	117150000	118200000	21
chr2	117950000	119250000	26
chr2	118400000	118850000	9
chr2	118500000	119650000	23
chr2	121150000	119500000	33
chr2	122650000	121850000	16
chr2	123300000	123600000	6
chr2	123650000	125300000	33
chr2	125950000	125650000	6
chr2	128100000	129100000	20
chr2	128150000	126600000	31
chr2	128450000	125500000	59
chr2	128750000	128400000	7
chr2	130800000	129950000	17
chr2	131200000	130150000	21
chr2	131250000	129900000	27
chr2	131300000	132450000	23
chr2	132700000	133600000	18
chr2	132950000	133950000	20
chr2	133450000	134450000	20
chr2	133650000	134900000	25
chr2	133850000	134900000	21
chr2	135750000	136000000	5
chr2	136250000	137500000	25
chr2	136300000	136800000	10
chr2	136350000	137250000	18
chr2	137200000	137600000	8
chr2	138800000	139550000	15
chr2	139100000	137950000	23
chr2	139100000	138800000	6
chr2	140400000	139150000	25
chr2	143100000	142550000	11
chr2	143550000	144650000	22
chr2	143650000	144650000	20
chr2	143900000	145400000	30
chr2	144350000	145050000	14
chr2	144350000	145800000	29
chr2	144500000	143800000	14
chr2	146000000	142500000	70
chr2	146250000	146950000	14
chr2	147850000	147250000	12
chr2	150000000	150300000	6
chr2	153600000	154050000	9
chr2	153900000	153450000	9
chr2	154050000	155600000	31
chr2	155950000	157450000	30
chr2	156500000	159000000	50
chr2	157400000	158450000	21
chr2	160350000	159500000	17
chr2	162950000	164450000	30
chr2	164400000	165750000	27
chr2	167650000	168600000	19
chr2	167900000	166500000	28
chr2	169350000	168550000	16
chr2	170450000	171900000	29
chr2	170800000	171800000	20
chr2	171150000	172600000	29
chr2	171500000	172750000	25
chr2	171850000	173100000	25
chr2	171900000	173350000	29
chr2	173450000	174700000	25
chr2	175750000	176500000	15
chr2	177150000	179400000	45
chr2	178450000	177700000	15
chr2	179550000	178650000	18
chr2	179900000	176050000	77
chr3	  2950000	  5150000	44
chr3	  4350000	  5400000	21
chr3	  5900000	  6900000	20
chr3	  6100000	  2600000	70
chr3	  8100000	  7250000	17
chr3	  8200000	  6200000	40
chr3	  8650000	  7850000	16
chr3	  9650000	 10650000	20
chr3	 10950000	  9200000	35
chr3	 12950000	 14850000	38
chr3	 14250000	 13650000	12
chr3	 14700000	 14000000	14
chr3	 15050000	 15650000	12
chr3	 15400000	 16650000	25
chr3	 17000000	 18300000	26
chr3	 17300000	 16700000	12
chr3	 20750000	 21100000	7
chr3	 21350000	 20300000	21
chr3	 23300000	 21600000	34
chr3	 25050000	 24150000	18
chr3	 25400000	 27150000	35
chr3	 26100000	 26700000	12
chr3	 27400000	 28300000	18
chr3	 28000000	 26700000	26
chr3	 28050000	 29200000	23
chr3	 28350000	 28750000	8
chr3	 28650000	 26600000	41
chr3	 29550000	 28150000	28
chr3	 30050000	 31350000	26
chr3	 31150000	 30100000	21
chr3	 33300000	 34250000	19
chr3	 33950000	 32700000	25
chr3	 36800000	 35900000	18
chr3	 37700000	 38550000	17
chr3	 38150000	 38650000	10
chr3	 41300000	 41800000	10
chr3	 41750000	 41550000	4
chr3	 42700000	 43850000	23
chr3	 42850000	 41300000	31
chr3	 45600000	 44650000	19
chr3	 46500000	 43800000	54
chr3	 48250000	 50200000	39
chr3	 50250000	 51100000	17
chr3	 51150000	 50300000	17
chr3	 51450000	 51750000	6
chr3	 52350000	 53150000	16
chr3	 54600000	 56600000	40
chr3	 55350000	 54950000	8
chr3	 55950000	 54800000	23
chr3	 57500000	 58050000	11
chr3	 57800000	 56700000	22
chr3	 57850000	 55650000	44
chr3	 58300000	 57650000	13
chr3	 60200000	 56600000	72
chr3	 61600000	 63400000	36
chr3	 66950000	 67850000	18
chr3	 70800000	 70350000	9
chr3	 70800000	 72400000	32
chr3	 71450000	 73300000	37
chr3	 71700000	 69300000	48
chr3	 72600000	 72200000	8
chr3	 74550000	 75850000	26
chr3	 77650000	 77650000	0
chr3	 79000000	 80100000	22
chr3	 79200000	 80350000	23
chr3	 79950000	 79350000	12
chr3	 80350000	 79500000	17
chr3	 82050000	 80900000	23
chr3	 85600000	 85250000	7
chr3	 87450000	 88400000	19
chr3	 89400000	 90550000	23
chr3	 91250000	 89450000	36
chr3	 92800000	 94700000	38
chr3	 93700000	 92600000	22
chr3	 94050000	 95100000	21
chr3	 95500000	 98050000	51
chr3	 98450000	100450000	40
chr3	 99250000	 98200000	21
chr3	100050000	102500000	49
chr3	101550000	103450000	38
chr3	104200000	103550000	13
chr3	107150000	106050000	22
chr3	107800000	112350000	91
chr3	108800000	108350000	9
chr3	110550000	113150000	52
chr3	114150000	113150000	20
chr3	114800000	115400000	12
chr3	115550000	115850000	6
chr3	115950000	116350000	8
chr3	116000000	114550000	29
chr3	117700000	118900000	24
chr3	120200000	121150000	19
chr3	120800000	119400000	28
chr3	121200000	121900000	14
chr3	122150000	123250000	22
chr3	125600000	124650000	19
chr3	126450000	128200000	35
chr3	126600000	125850000	15
chr3	126900000	125550000	27
chr3	128100000	127600000	10
chr3	128600000	129750000	23
chr3	128900000	129700000	16
chr3	129300000	129900000	12
chr3	129900000	130450000	11
chr3	129950000	128750000	24
chr3	131250000	131900000	13
chr3	131450000	131850000	8
chr3	133900000	133050000	17
chr3	134950000	135400000	9
chr3	135650000	135750000	2
chr3	137600000	137900000	6
chr3	143600000	144950000	27
chr3	145650000	144750000	18
chr3	147300000	147850000	11
chr3	147550000	148600000	21
chr3	150950000	150000000	19
chr3	151800000	152550000	15
chr3	153650000	152900000	15
chr3	154900000	156950000	41
chr3	156450000	154950000	30
chr3	156500000	155450000	21
chr3	157450000	158100000	13
chr4	   250000	  2000000	35
chr4	   750000	  1850000	22
chr4	   800000	  1250000	9
chr4	  1750000	  1300000	9
chr4	  2050000	   850000	24
chr4	  3200000	  3900000	14
chr4	  3450000	  2600000	17
chr4	  5150000	  6650000	30
chr4	  6500000	  6800000	6
chr4	  8750000	  6400000	47
chr4	  9550000	 10900000	27
chr4	 10300000	 10700000	8
chr4	 10650000	  9600000	21
chr4	 10650000	 11500000	17
chr4	 15050000	 13750000	26
chr4	 15300000	 14900000	8
chr4	 17250000	 16750000	10
chr4	 18050000	 17200000	17
chr4	 19000000	 18750000	5
chr4	 21100000	 20750000	7
chr4	 27700000	 28350000	13
chr4	 28000000	 29150000	23
chr4	 30850000	 29750000	22
chr4	 32100000	 27600000	90
chr4	 32150000	 31500000	13
chr4	 32700000	 34500000	36
chr4	 33050000	 32500000	11
chr4	 33950000	 34350000	8
chr4	 36800000	 38450000	33
chr4	 39300000	 39750000	9
chr4	 40200000	 38950000	25
chr4	 40450000	 39250000	24
chr4	 42050000	 41150000	18
chr4	 42700000	 43700000	20
chr4	 43650000	 42300000	27
chr4	 44200000	 45250000	21
chr4	 44500000	 46050000	31
chr4	 48000000	 48600000	12
chr4	 48550000	 47750000	16
chr4	 48750000	 50250000	30
chr4	 48800000	 49950000	23
chr4	 51450000	 51250000	4
chr4	 55900000	 54100000	36
chr4	 58800000	 61300000	50
chr4	 58900000	 60250000	27
chr4	 59050000	 56650000	48
chr4	 59800000	 61050000	25
chr4	 61200000	 61700000	10
chr4	 61900000	 61000000	18
chr4	 61950000	 63300000	27
chr4	 62500000	 63850000	27
chr4	 63800000	 65250000	29
chr4	 64250000	 62350000	38
chr4	 64400000	 64900000	10
chr4	 64800000	 65600000	16
chr4	 64850000	 65800000	19
chr4	 65550000	 66500000	19
chr4	 66600000	 66600000	0
chr4	 67750000	 66800000	19
chr4	 68100000	 67900000	4
chr4	 68300000	 69100000	16
chr4	 69200000	 70700000	30
chr4	 70600000	 70600000	0
chr4	 70700000	 70700000	0
chr4	 70950000	 72100000	23
chr4	 74650000	 72000000	53
chr4	 74750000	 73050000	34
chr4	 75750000	 76500000	15
chr4	 76450000	 78000000	31
chr4	 79100000	 80100000	20
chr4	 79150000	 78750000	8
chr4	 81550000	 79850000	34
chr4	 83400000	 81250000	43
chr4	 83400000	 82500000	18
chr4	 84500000	 84300000	4
chr4	 86400000	 87300000	18
chr4	 87050000	 85000000	41
chr4	 88400000	 89050000	13
chr4	 89600000	 88900000	14
chr4	 90000000	 89150000	17
chr4	 91100000	 91650000	11
chr4	 92050000	 90250000	36
chr4	 92800000	 93350000	11
chr4	 93800000	 92850000	19
chr4	 94500000	 98300000	76
chr4	 95550000	 92700000	57
chr4	 96350000	 97950000	32
chr4	 99350000	100050000	14
chr4	 99550000	100700000	23
chr4	102100000	101900000	4
chr4	106450000	105150000	26
chr4	106850000	108250000	28
chr4	106900000	105650000	25
chr4	107600000	109350000	35
chr4	107800000	106550000	25
chr4	109450000	108450000	20
chr4	110000000	110950000	19
chr4	111500000	112450000	19
chr4	111600000	115300000	74
chr4	112200000	114100000	38
chr4	117550000	116300000	25
chr4	118900000	116750000	43
chr4	121650000	119850000	36
chr4	122000000	122800000	16
chr4	123650000	122100000	31
chr4	123850000	124200000	7
chr4	124300000	125800000	30
chr4	127850000	129250000	28
chr4	129250000	126400000	57
chr4	133900000	130150000	75
chr4	134750000	133350000	28
chr4	137100000	136700000	8
chr4	137700000	137000000	14
chr4	138300000	140400000	42
chr4	138450000	135850000	52
chr4	140900000	138800000	42
chr4	142450000	142050000	8
chr4	143800000	146000000	44
chr4	145150000	146800000	33
chr4	145500000	144500000	20
chr4	148050000	148850000	16
chr4	148750000	147400000	27
chr4	151250000	150650000	12
chr4	152150000	153350000	24
chr5	  3500000	  3050000	9
chr5	  5100000	  4050000	21
chr5	  8700000	  7650000	21
chr5	 10100000	  8500000	32
chr5	 11450000	 14450000	60
chr5	 18450000	 19500000	21
chr5	 20900000	 19950000	19
chr5	 20900000	 21950000	21
chr5	 21600000	 21850000	5
chr5	 21650000	 20200000	29
chr5	 21750000	 21000000	15
chr5	 22800000	 20750000	41
chr5	 23200000	 24250000	21
chr5	 24900000	 24150000	15
chr5	 27250000	 28200000	19
chr5	 29050000	 30300000	25
chr5	 29850000	 30400000	11
chr5	 32350000	 33300000	19
chr5	 34400000	 37300000	58
chr5	 36150000	 37250000	22
chr5	 37850000	 39500000	33
chr5	 38650000	 37800000	17
chr5	 40400000	 42400000	40
chr5	 42500000	 39700000	56
chr5	 43150000	 42700000	9
chr5	 44500000	 46150000	33
chr5	 45900000	 48300000	48
chr5	 50800000	 51550000	15
chr5	 51300000	 51000000	6
chr5	 51500000	 49300000	44
chr5	 54200000	 53800000	8
chr5	 57950000	 56650000	26
chr5	 58500000	 57200000	26
chr5	 61400000	 60550000	17
chr5	 62850000	 62450000	8
chr5	 63850000	 63200000	13
chr5	 66450000	 65500000	19
chr5	 69150000	 68150000	20
chr5	 69250000	 69850000	12
chr5	 71550000	 72650000	22
chr5	 73350000	 72600000	15
chr5	 75450000	 76600000	23
chr5	 77650000	 77400000	5
chr5	 78300000	 77100000	24
chr5	 78800000	 80150000	27
chr5	 79100000	 78550000	11
chr5	 79450000	 77900000	31
chr5	 79600000	 78750000	17
chr5	 80050000	 80500000	9
chr5	 83550000	 82250000	26
chr5	 83950000	 85650000	34
chr5	 86650000	 89100000	49
chr5	 87750000	 85950000	36
chr5	 88200000	 89000000	16
chr5	 88950000	 88000000	19
chr5	 90300000	 89500000	16
chr5	 90950000	 92350000	28
chr5	 92950000	 90850000	42
chr5	 93300000	 92350000	19
chr5	 93400000	 93600000	4
chr5	 93650000	 94250000	12
chr5	 94250000	 91250000	60
chr5	 94250000	 95700000	29
chr5	 94300000	 95850000	31
chr5	 95150000	 95800000	13
chr5	 96350000	 97950000	32
chr5	 96850000	 97600000	15
chr5	 99250000	100650000	28
chr5	 99600000	 98050000	31
chr5	100950000	 98700000	45
chr5	102600000	101000000	32
chr5	103050000	102500000	11
chr5	103600000	104950000	27
chr5	104650000	104950000	6
chr5	105200000	107000000	36
chr5	105300000	103100000	44
chr5	108450000	107650000	16
chr5	109150000	110150000	20
chr5	109700000	108400000	26
chr5	109750000	108300000	29
chr5	111400000	110800000	12
chr5	112550000	111700000	17
chr5	117600000	116750000	17
chr5	117600000	119200000	32
chr5	117950000	117350000	12
chr5	119100000	119800000	14
chr5	121350000	118950000	48
chr5	123300000	124200000	18
chr5	124400000	126350000	39
chr5	125950000	125300000	13
chr5	126150000	126850000	14
chr5	128300000	129650000	27
chr5	129050000	130150000	22
chr5	131800000	130350000	29
chr5	131950000	132450000	10
chr5	132550000	130900000	33
chr5	132700000	131950000	15
chr5	132900000	133600000	14
chr5	134600000	133800000	16
chr5	136350000	134700000	33
chr5	138850000	137900000	19
chr5	143050000	142100000	19
chr5	143450000	144150000	14
chr5	143850000	142250000	32
chr5	145700000	146750000	21
chr5	146800000	144900000	38
chr5	148650000	147550000	22
chr5	149500000	149500000	0
chr6	  4250000	  3400000	17
chr6	  4450000	  5900000	29
chr6	  4900000	  6000000	22
chr6	  5400000	  6450000	21
chr6	  6150000	  6700000	11
chr6	  6350000	  6000000	7
chr6	  6700000	  6150000	11
chr6	  7700000	  6950000	15
chr6	  7750000	  8400000	13
chr6	 11400000	 10550000	17
chr6	 11750000	 11050000	14
chr6	 12900000	 12450000	9
chr6	 15050000	 13600000	29
chr6	 15650000	 15050000	12
chr6	 18550000	 18150000	8
chr6	 19250000	 18950000	6
chr6	 19850000	 20400000	11
chr6	 20800000	 19750000	21
chr6	 21350000	 21350000	0
chr6	 26150000	 27250000	22
chr6	 27800000	 26400000	28
chr6	 28800000	 28250000	11
chr6	 29150000	 27650000	30
chr6	 29350000	 29800000	9
chr6	 29500000	 31450000	39
chr6	 32800000	 32250000	11
chr6	 34500000	 33400000	22
chr6	 38050000	 38500000	9
chr6	 38600000	 37650000	19
chr6	 39250000	 39500000	5
chr6	 42750000	 42750000	0
chr6	 45450000	 46050000	12
chr6	 46150000	 45600000	11
chr6	 47150000	 47750000	12
chr6	 48350000	 50500000	43
chr6	 52000000	 52650000	13
chr6	 55200000	 53200000	40
chr6	 55800000	 56450000	13
chr6	 58000000	 57100000	18
chr6	 58400000	 57600000	16
chr6	 58550000	 59700000	23
chr6	 59750000	 58900000	17
chr6	 61550000	 62750000	24
chr6	 61800000	 60600000	24
chr6	 63000000	 64500000	30
chr6	 63500000	 62500000	20
chr6	 63550000	 65250000	34
chr6	 64800000	 62250000	51
chr6	 66550000	 66900000	7
chr6	 69650000	 68800000	17
chr6	 70450000	 71200000	15
chr6	 70600000	 71150000	11
chr6	 72200000	 73950000	35
chr6	 73300000	 72550000	15
chr6	 73350000	 74950000	32
chr6	 76950000	 77550000	12
chr6	 78150000	 77250000	18
chr6	 80700000	 81400000	14
chr6	 84000000	 83000000	20
chr6	 86100000	 85300000	16
chr6	 86650000	 86100000	11
chr6	 87100000	 87700000	12
chr6	 87450000	 88500000	21
chr6	 89350000	 90050000	14
chr6	 90700000	 91100000	8
chr6	 91150000	 93550000	48
chr6	 92400000	 91600000	16
chr6	 94700000	 95450000	15
chr6	 95500000	 96450000	19
chr6	 97750000	100200000	49
chr6	 98550000	 98050000	10
chr6	101650000	102750000	22
chr6	107500000	107500000	0
chr6	110400000	109900000	10
chr6	111900000	113900000	40
chr6	112150000	111700000	9
chr6	113500000	112200000	26
chr6	114200000	113300000	18
chr6	115550000	113400000	43
chr6	116800000	117150000	7
chr6	116900000	116050000	17
chr6	118800000	118800000	0
chr6	119250000	120050000	16
chr6	122850000	121150000	34
chr6	122900000	122650000	5
chr6	126950000	127450000	10
chr6	127600000	128600000	20
chr6	129600000	130850000	25
chr6	131200000	130100000	22
chr6	131450000	130350000	22
chr6	133800000	134400000	12
chr6	134650000	136400000	35
chr6	137400000	138700000	26
chr6	138250000	139400000	23
chr6	140550000	141550000	20
chr6	142700000	139650000	61
chr6	144850000	143800000	21
chr6	147650000	146450000	24
chr7	   150000	  1800000	33
chr7	  2200000	  1050000	23
chr7	  2750000	  2250000	10
chr7	  5950000	  5200000	15
chr7	  6150000	  7450000	26
chr7	  6200000	  4900000	26
chr7	  6600000	  5450000	23
chr7	  6700000	  7650000	19
chr7	 11000000	 10050000	19
chr7	 11550000	 10550000	20
chr7	 12200000	  9700000	50
chr7	 12250000	 12750000	10
chr7	 12300000	 14300000	40
chr7	 12650000	  9950000	54
chr7	 13300000	 14150000	17
chr7	 13900000	 12400000	30
chr7	 14750000	 13400000	27
chr7	 15350000	 16800000	29
chr7	 16350000	 13550000	56
chr7	 17400000	 16700000	14
chr7	 17400000	 18300000	18
chr7	 17600000	 19250000	33
chr7	 17900000	 17700000	4
chr7	 18100000	 19500000	28
chr7	 19100000	 18750000	7
chr7	 19200000	 18350000	17
chr7	 22450000	 24150000	34
chr7	 22550000	 23400000	17
chr7	 24350000	 23300000	21
chr7	 25150000	 25900000	15
chr7	 27900000	 27400000	10
chr7	 28000000	 26550000	29
chr7	 29900000	 28000000	38
chr7	 32050000	 33300000	25
chr7	 34200000	 36650000	49
chr7	 34550000	 33600000	19
chr7	 36400000	 37350000	19
chr7	 38200000	 38500000	6
chr7	 42450000	 45000000	51
chr7	 43600000	 44800000	24
chr7	 44750000	 43600000	23
chr7	 47500000	 49000000	30
chr7	 47750000	 47300000	9
chr7	 52000000	 52850000	17
chr7	 52800000	 53400000	12
chr7	 56150000	 57700000	31
chr7	 56600000	 56900000	6
chr7	 57150000	 55250000	38
chr7	 59600000	 58800000	16
chr7	 59650000	 61300000	33
chr7	 59850000	 58100000	35
chr7	 59950000	 58600000	27
chr7	 62500000	 63100000	12
chr7	 62650000	 61850000	16
chr7	 67050000	 68000000	19
chr7	 68650000	 67900000	15
chr7	 71900000	 72600000	14
chr7	 72100000	 70900000	24
chr7	 73050000	 72100000	19
chr7	 74600000	 71750000	57
chr7	 77100000	 76450000	13
chr7	 77900000	 76150000	35
chr7	 78700000	 77650000	21
chr7	 78900000	 78050000	17
chr7	 80100000	 79300000	16
chr7	 80550000	 80250000	6
chr7	 82350000	 83900000	31
chr7	 86500000	 84350000	43
chr7	 86700000	 87450000	15
chr7	 90950000	 92000000	21
chr7	 91300000	 90650000	13
chr7	 91650000	 93750000	42
chr7	 93250000	 93500000	5
chr7	 96600000	 94800000	36
chr7	 98150000	 96050000	42
chr7	 98150000	 99200000	21
chr7	 99550000	 98150000	28
chr7	 99900000	101700000	36
chr7	100150000	 99800000	7
chr7	102300000	103450000	23
chr7	103200000	102350000	17
chr7	103350000	101700000	33
chr7	106450000	106950000	10
chr7	107850000	106550000	26
chr7	108500000	107700000	16
chr7	108600000	109800000	24
chr7	113400000	114300000	18
chr7	115750000	116600000	17
chr7	118100000	119000000	18
chr7	118150000	116650000	30
chr7	118950000	120800000	37
chr7	120700000	123000000	46
chr7	121900000	121100000	16
chr7	123350000	123550000	4
chr7	123800000	124300000	10
chr7	124550000	123850000	14
chr7	125200000	124150000	21
chr7	127200000	126100000	22
chr7	130750000	131800000	21
chr7	130900000	131800000	18
chr7	132550000	133250000	14
chr7	134700000	133250000	29
chr7	135300000	133050000	45
chr7	135300000	137150000	37
chr7	135350000	136350000	20
chr7	135850000	136650000	16
chr7	137050000	136750000	6
chr7	137850000	136500000	27
chr7	138150000	139650000	30
chr7	139650000	138550000	22
chr7	140100000	141450000	27
chr7	140250000	141250000	20
chr7	141500000	140500000	20
chr7	141700000	141300000	8
chr7	141700000	142300000	12
chr7	141950000	141400000	11
chr7	142500000	141900000	12
chr8	  1000000	   300000	14
chr8	  1950000	  2150000	4
chr8	  2150000	   950000	24
chr8	  2500000	  3300000	16
chr8	  2700000	  3550000	17
chr8	  3450000	  5250000	36
chr8	  4300000	  5300000	20
chr8	  5000000	  6300000	26
chr8	  6800000	  7500000	14
chr8	  8600000	  9350000	15
chr8	  9800000	  9050000	15
chr8	 10100000	 10600000	10
chr8	 10800000	  9450000	27
chr8	 13750000	 14850000	22
chr8	 14500000	 13250000	25
chr8	 15400000	 14100000	26
chr8	 16150000	 16600000	9
chr8	 17200000	 16400000	16
chr8	 18700000	 18050000	13
chr8	 19000000	 18150000	17
chr8	 21150000	 21550000	8
chr8	 21250000	 22150000	18
chr8	 22650000	 21300000	27
chr8	 23000000	 24050000	21
chr8	 27050000	 28050000	20
chr8	 32650000	 33850000	24
chr8	 35600000	 37500000	38
chr8	 36000000	 37150000	23
chr8	 36600000	 35850000	15
chr8	 37050000	 37050000	0
chr8	 38100000	 36550000	31
chr8	 39100000	 35850000	65
chr8	 39600000	 38950000	13
chr8	 39700000	 40300000	12
chr8	 40100000	 37850000	45
chr8	 40450000	 39150000	26
chr8	 41500000	 40900000	12
chr8	 42500000	 43750000	25
chr8	 44400000	 45500000	22
chr8	 44400000	 46400000	40
chr8	 45600000	 46550000	19
chr8	 48500000	 47200000	26
chr8	 50800000	 53000000	44
chr8	 52200000	 52700000	10
chr8	 52700000	 50200000	50
chr8	 53300000	 53000000	6
chr8	 53550000	 54350000	16
chr8	 54550000	 54250000	6
chr8	 54950000	 56500000	31
chr8	 58450000	 59650000	24
chr8	 58500000	 62400000	78
chr8	 62650000	 60700000	39
chr8	 62750000	 61250000	30
chr8	 69450000	 70450000	20
chr8	 69850000	 69550000	6
chr8	 71300000	 70050000	25
chr8	 76500000	 74550000	39
chr8	 76700000	 75500000	24
chr8	 77450000	 76350000	22
chr8	 77650000	 76550000	22
chr8	 77650000	 78450000	16
chr8	 79000000	 79600000	12
chr8	 81550000	 83300000	35
chr8	 81800000	 82000000	4
chr8	 82650000	 83950000	26
chr8	 85600000	 83500000	42
chr8	 86050000	 85100000	19
chr8	 86050000	 86600000	11
chr8	 88000000	 88900000	18
chr8	 88200000	 87500000	14
chr8	 88350000	 87650000	14
chr8	 89650000	 86300000	67
chr8	 89900000	 90300000	8
chr8	 90850000	 91850000	20
chr8	 91050000	 92450000	28
chr8	 92050000	 93300000	25
chr8	 92650000	 90900000	35
chr8	 92850000	 94650000	36
chr8	 94650000	 95000000	7
chr8	 94800000	 93850000	19
chr8	 95850000	 97000000	23
chr8	 96500000	 97150000	13
chr8	 98300000	 97450000	17
chr8	 98900000	 98150000	15
chr8	100500000	101300000	16
chr8	100850000	101900000	21
chr8	102450000	101700000	15
chr8	102500000	102850000	7
chr8	103950000	104300000	7
chr8	104200000	105050000	17
chr8	106300000	105400000	18
chr8	106650000	107600000	19
chr8	107250000	106750000	10
chr8	107650000	106900000	15
chr8	107750000	106750000	20
chr8	107800000	108750000	19
chr8	109950000	111450000	30
chr8	111950000	112950000	20
chr8	114000000	113100000	18
chr8	117350000	116650000	14
chr8	122100000	121400000	14
chr8	122150000	120800000	27
chr8	122650000	123000000	7
chr8	122900000	123450000	11
chr8	123350000	124550000	24
chr8	124400000	123550000	17
chr8	126550000	127100000	11
chr8	127000000	127150000	3
chr8	127200000	126300000	18
chr8	128200000	126600000	32
chr8	129200000	128900000	6
chr9	  5200000	  4850000	7
chr9	  7250000	  8200000	19
chr9	  7650000	  6600000	21
chr9	  8150000	  7150000	20
chr9	  8600000	  9700000	22
chr9	  8650000	  7100000	31
chr9	  9100000	  7600000	30
chr9	  9900000	 11150000	25
chr9	 10850000	  9850000	20
chr9	 12850000	 13250000	8
chr9	 14000000	 15150000	23
chr9	 14650000	 16000000	27
chr9	 14800000	 15450000	13
chr9	 16100000	 14950000	23
chr9	 17500000	 15850000	33
chr9	 18450000	 17550000	18
chr9	 19650000	 19200000	9
chr9	 21450000	 22250000	16
chr9	 22650000	 23600000	19
chr9	 23200000	 23800000	12
chr9	 24200000	 23150000	21
chr9	 26950000	 27400000	9
chr9	 27250000	 25350000	38
chr9	 29250000	 28600000	13
chr9	 29500000	 30150000	13
chr9	 31100000	 32200000	22
chr9	 32300000	 33900000	32
chr9	 32500000	 31350000	23
chr9	 32850000	 31400000	29
chr9	 33800000	 34750000	19
chr9	 34400000	 33100000	26
chr9	 35600000	 37050000	29
chr9	 37400000	 39700000	46
chr9	 38250000	 40000000	35
chr9	 40800000	 39750000	21
chr9	 42750000	 43350000	12
chr9	 45350000	 46500000	23
chr9	 45500000	 44350000	23
chr9	 47000000	 44250000	55
chr9	 47200000	 46700000	10
chr9	 47300000	 48650000	27
chr9	 47550000	 46300000	25
chr9	 47550000	 48750000	24
chr9	 52250000	 53200000	19
chr9	 52700000	 53000000	6
chr9	 53650000	 54800000	23
chr9	 53800000	 51550000	45
chr9	 54300000	 53600000	14
chr9	 55350000	 56050000	14
chr9	 56400000	 59350000	59
chr9	 57400000	 56100000	26
chr9	 58100000	 56300000	36
chr9	 60700000	 61700000	20
chr9	 60750000	 61550000	16
chr9	 61100000	 62450000	27
chr9	 64150000	 62800000	27
chr9	 68100000	 66500000	32
chr9	 68750000	 68350000	8
chr9	 70200000	 69200000	20
chr9	 72000000	 72250000	5
chr9	 72850000	 72400000	9
chr9	 72900000	 73550000	13
chr9	 73250000	 72650000	12
chr9	 73700000	 72850000	17
chr9	 76150000	 75750000	8
chr9	 79150000	 78250000	18
chr9	 79400000	 77350000	41
chr9	 79550000	 78550000	20
chr9	 81800000	 82900000	22
chr9	 82500000	 83500000	20
chr9	 82800000	 82000000	16
chr9	 84850000	 84250000	12
chr9	 88000000	 86900000	22
chr9	 88650000	 89300000	13
chr9	 89200000	 90250000	21
chr9	 89500000	 88850000	13
chr9	 90550000	 87900000	53
chr9	 93350000	 91950000	28
chr9	 93950000	 91800000	43
chr9	 94000000	 91950000	41
chr9	 97300000	 98150000	17
chr9	 99400000	100250000	17
chr9	101900000	100150000	35
chr9	102200000	101250000	19
chr9	105450000	104650000	16
chr9	109050000	107900000	23
chr9	109750000	108850000	18
chr9	110850000	109850000	20
chr9	112350000	113650000	26
chr9	112550000	113000000	9
chr9	113200000	113550000	7
chr9	115650000	116900000	25
chr9	116350000	117350000	20
chr9	116450000	117050000	12
chr9	118050000	117050000	20
chr9	118100000	116800000	26
chr9	119200000	118050000	23
chr9	119350000	120200000	17
chr9	120300000	119200000	22
chr9	120450000	119450000	20
chr9	120450000	120050000	8
chr9	120650000	121450000	16
chr9	123800000	122650000	23
chr9	124400000	123700000	14
chrX	   750000	  1550000	16
chrX	  2450000	  3250000	16
chrX	  4750000	  5200000	9
chrX	  5200000	  3650000	31
chrX	  5800000	  7100000	26
chrX	  5900000	  6150000	5
chrX	  7950000	  9000000	21
chrX	  9600000	 10750000	23
chrX	 10650000	 10100000	11
chrX	 12550000	 13500000	19
chrX	 14850000	 14150000	14
chrX	 15100000	 16250000	23
chrX	 15250000	 16900000	33
chrX	 20500000	 19250000	25
chrX	 22950000	 21250000	34
chrX	 23350000	 22800000	11
chrX	 24050000	 22650000	28
chrX	 26550000	 25250000	26
chrX	 28550000	 29250000	14
chrX	 32200000	 30900000	26
chrX	 33850000	 35100000	25
chrX	 36100000	 34250000	37
chrX	 36800000	 35750000	21
chrX	 37100000	 37900000	16
chrX	 37550000	 38150000	12
chrX	 40350000	 38650000	34
chrX	 42450000	 39950000	50
chrX	 43050000	 42100000	19
chrX	 43450000	 42450000	20
chrX	 44000000	 41900000	42
chrX	 46300000	 45250000	21
chrX	 46400000	 46050000	7
chrX	 48200000	 46600000	32
chrX	 48250000	 47450000	16
chrX	 48800000	 49900000	22
chrX	 49800000	 48950000	17
chrX	 50450000	 50850000	8
chrX	 50950000	 50050000	18
chrX	 51000000	 50750000	5
chrX	 51450000	 52550000	22
chrX	 51600000	 50700000	18
chrX	 53300000	 52200000	22
chrX	 55900000	 58600000	54
chrX	 56000000	 56400000	8
chrX	 61550000	 59900000	33
chrX	 62100000	 60050000	41
chrX	 62600000	 66150000	71
chrX	 65050000	 66250000	24
chrX	 68350000	 70550000	44
chrX	 70450000	 70000000	9
chrX	 73000000	 74250000	25
chrX	 74150000	 75100000	19
chrX	 75150000	 74200000	19
chrX	 75500000	 74000000	30
chrX	 75900000	 74600000	26
chrX	 76050000	 75500000	11
chrX	 77150000	 76000000	23
chrX	 78650000	 79500000	17
chrX	 79750000	 82300000	51
chrX	 79950000	 79050000	18
chrX	 80800000	 79750000	21
chrX	 81800000	 82300000	10
chrX	 83450000	 84550000	22
chrX	 85800000	 87000000	24
chrX	 85950000	 86600000	13
chrX	 86150000	 87850000	34
chrX	 88500000	 87600000	18
chrX	 88700000	 85450000	65
chrX	 91700000	 90950000	15
chrX	 92300000	 93950000	33
chrX	 92650000	 93100000	9
chrX	 92650000	 93500000	17
chrX	 92750000	 91750000	20
chrX	 94000000	 92300000	34
chrX	 96350000	 95450000	18
chrX	 96550000	 95300000	25
chrX	 97500000	 98500000	20
chrX	 98000000	 95750000	45
chrX	 98800000	100200000	28
chrX	100900000	100250000	13
chrX	104400000	103750000	13
chrX	104700000	105200000	10
chrX	104850000	106250000	28
chrX	105650000	104800000	17
chrX	107450000	105450000	40
chrX	107450000	108150000	14
chrX	108450000	109650000	24
chrX	108500000	108100000	8
chrX	111650000	110450000	24
chrX	112650000	113650000	20
chrX	113450000	115200000	35
chrX	115550000	115000000	11
chrX	116850000	118100000	25
chrX	117600000	115750000	37
chrX	118900000	119450000	11
chrX	119950000	120700000	15
chrX	122500000	121800000	14
chrX	123000000	121450000	31
chrX	124900000	124650000	5
chrX	125450000	125000000	9
chrX	128250000	126950000	26
chrX	129750000	130950000	24
chrX	130050000	130650000	12
chrX	135400000	134200000	24
chrX	136400000	138350000	39
chrX	138400000	139600000	24
chrX	140000000	141200000	24
chrX	140100000	139200000	18
chrX	141200000	139550000	33
chrX	141550000	140500000	21
chrX	144050000	142400000	33
chrX	145900000	144200000	34
chrX	147850000	147050000	16
chrX	148100000	147450000	13
chrX	148600000	149800000	24
chrX	148600000	150150000	31
chrX	148750000	149150000	8
chrX	149250000	147550000	34
chrX	149900000	149100000	16
chrX	150550000	151850000	26
chrX	152000000	152700000	14
chrX	154150000	153150000	20
chrX	154950000	157300000	47
chrX	155600000	154150000	29
chrX	156250000	157550000	26
chrX	157550000	158800000	25
chrX	158050000	158550000	10
chrX	158250000	157500000	15
chrX	158750000	158000000	15
chrX	158750000	159500000	15
chrX	159050000	160300000	25
chrX	165450000	164750000	14
chrX	166350000	167600000	25
chrX	166800000	167350000	11
chrX	168700000	169250000	11
chrX	169050000	167000000	41
chrX	169750000	169000000	15
chrX	170450000	169600000	17
chrY	  1900000	  1400000	10
chrY	  2800000	  2600000	4
chrY	  3400000	   800000	52
chrY	  4200000	  3800000	8
chrY	  4550000	  3300000	25
chrY	  6950000	  6200000	15
chrY	  9650000	 11000000	27
chrY	 10600000	  9650000	19
chrY	 12500000	 11250000	25
chrY	 13300000	 14350000	21
chrY	 13700000	 14700000	20
chrY	 15450000	 14550000	18
chrY	 15700000	 16250000	11
chrY	 17200000	 18200000	20
chrY	 18950000	 20850000	38
chrY	 20000000	 21150000	23
chrY	 20450000	 18750000	34
chrY	 22500000	 21750000	15
chrY	 23900000	 23500000	8
chrY	 27800000	 29000000	24
chrY	 28450000	 29550000	22
chrY	 29300000	 30000000	14
chrY	 30600000	 29850000	15
chrY	 31450000	 33000000	31
chrY	 31500000	 33200000	34
chrY	 32400000	 32850000	9
chrY	 32750000	 32250000	10
chrY	 34000000	 33650000	7
chrY	 36300000	 38950000	53
chrY	 37400000	 37150000	5
chrY	 38100000	 36750000	27
chrY	 41550000	 42000000	9
chrY	 45100000	 43200000	38
chrY	 45400000	 46200000	16
chrY	 45500000	 42350000	63
chrY	 48250000	 49450000	24
chrY	 49100000	 49100000	0
chrY	 50150000	 47550000	52
chrY	 54450000	 52950000	30
chrY	 55350000	 56400000	21
chrY	 56150000	 54850000	26
chrY	 56750000	 58100000	27
chrY	 58000000	 58850000	17
chrY	 59350000	 57600000	35
chrY	 62050000	 62850000	16
chrY	 64150000	 63100000	21
chrY	 64350000	 65350000	20
chrY	 65100000	 65550000	9
chrY	 67250000	 68100000	17
chrY	 68250000	 69200000	19
chrY	 69100000	 70550000	29
chrY	 69600000	 70550000	19
chrY	 69700000	 71100000	28
chrY	 70950000	 70000000	19
chrY	 72000000	 70850000	23
chrY	 73400000	 71950000	29
chrY	 74000000	 74750000	15
chrY	 74600000	 75850000	25
chrY	 74750000	 73450000	26
chrY	 75400000	 72050000	67
chrY	 76050000	 73500000	51
chrY	 79250000	 77900000	27
chrY	 79550000	 80750000	24
chrY	 80650000	 79300000	27
chrY	 81250000	 81000000	5
chrY	 81950000	 82700000	15
chrY	 82250000	 83650000	28
chrY	 83300000	 82450000	17
chrY	 85750000	 87100000	27
chrY	 86100000	 86100000	0
chrY	 87450000	 88350000	18
chrY	 88150000	 86400000	35
chrY	 88600000	 89700000	22
