chr1	   800000	   950000	3
chr1	  1300000	  2750000	29
chr1	  2050000	  1750000	6
chr1	  2650000	  3500000	17
chr1	  3350000	  2100000	25
chr1	  3500000	  2300000	24
chr1	  4450000	  5350000	18
chr1	  6650000	  7600000	19
chr1	  7650000	  6850000	16
chr1	  8250000	  9400000	23
chr1	  8550000	  9700000	23
chr1	  9750000	 10650000	18
chr1	 11400000	 12800000	28
chr1	 11550000	  9850000	34
chr1	 13050000	 13650000	12
chr1	 13700000	 12950000	15
chr1	 13900000	 15750000	37
chr1	 15500000	 16550000	21
chr1	 19750000	 17700000	41
chr1	 21800000	 21250000	11
chr1	 22550000	 22550000	0
chr1	 22750000	 24000000	25
chr1	 25800000	 24750000	21
chr1	 25850000	 27100000	25
chr1	 26950000	 24900000	41
chr1	 27650000	 29200000	31
chr1	 27750000	 27000000	15
chr1	 28050000	 28050000	0
chr1	 29100000	 29850000	15
chr1	 33300000	 32550000	15
chr1	 35300000	 34600000	14
chr1	 35300000	 36400000	22
chr1	 35550000	 34400000	23
chr1	 36150000	 37700000	31
chr1	 36400000	 34550000	37
chr1	 36700000	 37100000	8
chr1	 38150000	 37200000	19
chr1	 38400000	 37900000	10
chr1	 39250000	 36650000	52
chr1	 40150000	 42150000	40
chr1	 41650000	 39200000	49
chr1	 43100000	 43900000	16
chr1	 43550000	 44150000	12
chr1	 45300000	 44800000	10
chr1	 46000000	 46550000	11
chr1	 48400000	 49050000	13
chr1	 49850000	 48800000	21
chr1	 50700000	 51500000	16
chr1	 51100000	 49800000	26
chr1	 51500000	 52750000	25
chr1	 53100000	 52250000	17
chr1	 56500000	 57850000	27
chr1	 57450000	 55850000	32
chr1	 57800000	 56100000	34
chr1	 65600000	 66050000	9
chr1	 67200000	 65750000	29
chr1	 67350000	 66750000	12
chr1	 68250000	 67400000	17
chr1	 68750000	 70750000	40
chr1	 69600000	 70050000	9
chr1	 70000000	 70900000	18
chr1	 71100000	 72350000	25
chr1	 71100000	 72750000	33
chr1	 72200000	 73650000	29
chr1	 72550000	 71800000	15
chr1	 73350000	 72450000	18
chr1	 76800000	 76050000	15
chr1	 78950000	 77700000	25
chr1	 81050000	 80000000	21
chr1	 81700000	 81950000	5
chr1	 84850000	 84400000	9
chr1	 85050000	 84300000	15
chr1	 85250000	 83700000	31
chr1	 86100000	 85550000	11
chr1	 86800000	 88200000	28
chr1	 89750000	 91200000	29
chr1	 90300000	 89750000	11
chr1	 95250000	 95750000	10
chr1	 99250000	101800000	51
chr1	101100000	 99050000	41
chr1	103100000	103700000	12
chr1	104600000	105950000	27
chr1	107150000	107900000	15
chr1	108650000	107450000	24
chr1	108950000	109350000	8
chr1	110600000	109300000	26
chr1	114450000	112400000	41
chr1	115200000	115600000	8
chr1	118250000	119250000	20
chr1	120700000	119650000	21
chr1	121950000	123750000	36
chr1	122050000	121450000	12
chr1	125700000	127650000	39
chr1	126200000	124700000	30
chr1	127000000	125750000	25
chr1	127100000	124350000	55
chr1	127600000	126900000	14
chr1	127650000	126050000	32
chr1	129100000	128100000	20
chr1	130000000	128800000	24
chr1	134150000	132650000	30
chr1	135400000	136550000	23
chr1	135550000	136550000	20
chr1	137700000	138500000	16
chr1	139150000	140900000	35
chr1	140400000	139300000	22
chr1	140900000	140300000	12
chr1	143450000	141700000	35
chr1	144650000	145400000	15
chr1	145600000	146450000	17
chr1	145750000	144900000	17
chr1	146950000	146550000	8
chr1	148500000	149150000	13
chr1	148800000	149500000	14
chr1	148950000	153450000	90
chr1	152350000	151400000	19
chr1	153050000	153950000	18
chr1	153550000	152150000	28
chr1	155450000	154550000	18
chr1	155600000	156100000	10
chr1	155850000	156550000	14
chr1	155850000	156700000	17
chr1	157200000	158150000	19
chr1	158800000	160400000	32
chr1	162750000	162000000	15
chr1	166350000	164850000	30
chr1	168650000	169050000	8
chr1	170050000	170800000	15
chr1	170100000	168350000	35
chr1	170800000	169850000	19
chr1	170950000	170050000	18
chr1	173200000	173550000	7
chr1	173400000	176200000	56
chr1	173600000	174750000	23
chr1	173900000	172400000	30
chr1	180100000	181050000	19
chr1	180900000	180650000	5
chr1	183500000	182250000	25
chr1	183500000	183050000	9
chr1	183700000	183150000	11
chr1	184150000	183750000	8
chr1	185000000	186350000	27
chr1	185900000	186850000	19
chr1	186100000	186900000	16
chr1	187350000	184650000	54
chr1	187350000	186550000	16
chr1	190100000	188950000	23
chr1	193050000	192200000	17
chr10	  3100000	  1750000	27
chr10	  4300000	  2850000	29
chr10	  4450000	  4900000	9
chr10	  4750000	  6650000	38
chr10	  7400000	  6750000	13
chr10	  7550000	  7550000	0
chr10	  7650000	  7250000	8
chr10	 10800000	  9500000	26
chr10	 12650000	 11950000	14
chr10	 14600000	 15750000	23
chr10	 14800000	 14450000	7
chr10	 15300000	 17250000	39
chr10	 15500000	 14800000	14
chr10	 15600000	 16650000	21
chr10	 15900000	 18300000	48
chr10	 16550000	 18350000	36
chr10	 17500000	 16650000	17
chr10	 17800000	 16950000	17
chr10	 18300000	 19900000	32
chr10	 19500000	 21450000	39
chr10	 21200000	 22050000	17
chr10	 21600000	 23450000	37
chr10	 23400000	 25100000	34
chr10	 23950000	 23400000	11
chr10	 24000000	 27350000	67
chr10	 25350000	 24400000	19
chr10	 25500000	 26850000	27
chr10	 26050000	 25800000	5
chr10	 26400000	 25400000	20
chr10	 26650000	 29050000	48
chr10	 28550000	 30950000	48
chr10	 29000000	 30000000	20
chr10	 29350000	 28700000	13
chr10	 30150000	 29650000	10
chr10	 30450000	 29500000	19
chr10	 30950000	 29350000	32
chr10	 31550000	 32150000	12
chr10	 31650000	 33550000	38
chr10	 33850000	 32050000	36
chr10	 36600000	 37500000	18
chr10	 38850000	 36450000	48
chr10	 39000000	 37300000	34
chr10	 40150000	 38600000	31
chr10	 40650000	 41200000	11
chr10	 41500000	 40700000	16
chr10	 42050000	 43550000	30
chr10	 42200000	 40750000	29
chr10	 44550000	 43600000	19
chr10	 46450000	 45250000	24
chr10	 48450000	 49800000	27
chr10	 50400000	 51800000	28
chr10	 51000000	 51650000	13
chr10	 51500000	 53350000	37
chr10	 52650000	 53700000	21
chr10	 53500000	 52800000	14
chr10	 53900000	 54450000	11
chr10	 54700000	 54000000	14
chr10	 55300000	 52650000	53
chr10	 55550000	 57000000	29
chr10	 56450000	 54750000	34
chr10	 57500000	 58300000	16
chr10	 58200000	 58850000	13
chr10	 58300000	 56950000	27
chr10	 58550000	 59050000	10
chr10	 62000000	 63200000	24
chr10	 66150000	 64850000	26
chr10	 68900000	 69850000	19
chr10	 69700000	 71500000	36
chr10	 70000000	 68100000	38
chr10	 71100000	 72400000	26
chr10	 72400000	 73050000	13
chr10	 72800000	 71800000	20
chr10	 73350000	 76300000	59
chr10	 73550000	 72600000	19
chr10	 74750000	 75900000	23
chr10	 78900000	 76200000	54
chr10	 80700000	 81400000	14
chr10	 82150000	 83800000	33
chr10	 84150000	 83500000	13
chr10	 84950000	 83750000	24
chr10	 84950000	 84150000	16
chr10	 84950000	 85900000	19
chr10	 85900000	 87050000	23
chr10	 86550000	 87650000	22
chr10	 87650000	 86900000	15
chr10	 88850000	 87900000	19
chr10	 90000000	 88250000	35
chr10	 90700000	 91650000	19
chr10	 95600000	 97050000	29
chr10	 95750000	 95150000	12
chr10	 96150000	 97350000	24
chr10	 97200000	 98950000	35
chr10	 98950000	 98400000	11
chr10	 99450000	101350000	38
chr10	100400000	 99300000	22
chr10	101200000	100100000	22
chr10	101400000	101700000	6
chr10	101450000	 99100000	47
chr10	101800000	102000000	4
chr10	105550000	106000000	9
chr10	105550000	106250000	14
chr10	106200000	106900000	14
chr10	106250000	104350000	38
chr10	106600000	107300000	14
chr10	107750000	106200000	31
chr10	110750000	109950000	16
chr10	110800000	110050000	15
chr10	112150000	111200000	19
chr10	112900000	113550000	13
chr10	114050000	113450000	12
chr10	115500000	114700000	16
chr10	116150000	116800000	13
chr10	117200000	118600000	28
chr10	117450000	118050000	12
chr10	117700000	119550000	37
chr10	118500000	118200000	6
chr10	120250000	118050000	44
chr10	121750000	121100000	13
chr10	121800000	120400000	28
chr10	122050000	121200000	17
chr10	123550000	124750000	24
chr10	128350000	129900000	31
chr10	129000000	129850000	17
chr10	130650000	127700000	59
chr11	  4150000	  3600000	11
chr11	  4350000	  4650000	6
chr11	  4950000	  5600000	13
chr11	  5350000	  3150000	44
chr11	  6200000	  4450000	35
chr11	 10050000	  8750000	26
chr11	 12200000	 11150000	21
chr11	 12950000	 13350000	8
chr11	 13100000	 12250000	17
chr11	 13200000	 13850000	13
chr11	 13350000	 14050000	14
chr11	 14150000	 12850000	26
chr11	 14300000	 14200000	2
chr11	 15300000	 13150000	43
chr11	 16200000	 15050000	23
chr11	 16750000	 18100000	27
chr11	 17350000	 16700000	13
chr11	 17500000	 15950000	31
chr11	 19050000	 20150000	22
chr11	 20800000	 21500000	14
chr11	 25300000	 24600000	14
chr11	 29650000	 30750000	22
chr11	 29700000	 33150000	69
chr11	 33950000	 32050000	38
chr11	 34000000	 34750000	15
chr11	 34500000	 33250000	25
chr11	 36350000	 37350000	20
chr11	 39950000	 41600000	33
chr11	 40000000	 38450000	31
chr11	 40750000	 39650000	22
chr11	 43800000	 42850000	19
chr11	 44100000	 45100000	20
chr11	 44200000	 45050000	17
chr11	 45450000	 44800000	13
chr11	 46900000	 48900000	40
chr11	 47700000	 49900000	44
chr11	 49200000	 49650000	9
chr11	 50050000	 51400000	27
chr11	 50800000	 55650000	97
chr11	 52500000	 51700000	16
chr11	 52600000	 53550000	19
chr11	 53700000	 54550000	17
chr11	 53800000	 56300000	50
chr11	 55950000	 55250000	14
chr11	 57700000	 57150000	11
chr11	 57900000	 56100000	36
chr11	 58500000	 60100000	32
chr11	 58650000	 57950000	14
chr11	 59250000	 60600000	27
chr11	 59500000	 57950000	31
chr11	 60850000	 61500000	13
chr11	 61750000	 60150000	32
chr11	 63500000	 62800000	14
chr11	 64250000	 65300000	21
chr11	 67700000	 68400000	14
chr11	 68200000	 66800000	28
chr11	 68650000	 69100000	9
chr11	 70100000	 71650000	31
chr11	 74400000	 73450000	19
chr11	 76850000	 77400000	11
chr11	 77800000	 79300000	30
chr11	 78500000	 77550000	19
chr11	 79000000	 76100000	58
chr11	 79350000	 80650000	26
chr11	 80400000	 81000000	12
chr11	 81150000	 82050000	18
chr11	 82800000	 81450000	27
chr11	 83400000	 82250000	23
chr11	 84250000	 84900000	13
chr11	 88250000	 89000000	15
chr11	 91500000	 90650000	17
chr11	 91650000	 89150000	50
chr11	 91650000	 90250000	28
chr11	 91950000	 95150000	64
chr11	 92200000	 89750000	49
chr11	 92900000	 92300000	12
chr11	 93750000	 96450000	54
chr11	 94450000	 93950000	10
chr11	 95100000	 95650000	11
chr11	 95150000	 96900000	35
chr11	 96300000	 96600000	6
chr11	 99200000	 99550000	7
chr11	102100000	103550000	29
chr11	102150000	103200000	21
chr11	105350000	106100000	15
chr11	107100000	105800000	26
chr11	109700000	111950000	45
chr11	110350000	109550000	16
chr11	115750000	116600000	17
chr11	115800000	115150000	13
chr11	115800000	117450000	33
chr11	116150000	115500000	13
chr11	117150000	120650000	70
chr11	117550000	118950000	28
chr11	117750000	118600000	17
chr11	119100000	120200000	22
chr11	119200000	118400000	16
chr11	119250000	118600000	13
chr11	119500000	117500000	40
chr11	119650000	120150000	10
chr11	120050000	118800000	25
chr12	        0	  1700000	34
chr12	  5200000	  3900000	26
chr12	  6300000	  5050000	25
chr12	 10200000	  7400000	56
chr12	 13300000	 11700000	32
chr12	 13500000	 14400000	18
chr12	 14550000	 13150000	28
chr12	 14850000	 16450000	32
chr12	 15700000	 16450000	15
chr12	 16500000	 15200000	26
chr12	 16600000	 15500000	22
chr12	 18050000	 21650000	72
chr12	 18400000	 17750000	13
chr12	 18950000	 18600000	7
chr12	 22250000	 21800000	9
chr12	 25350000	 24200000	23
chr12	 27050000	 30450000	68
chr12	 29500000	 26350000	63
chr12	 29750000	 30100000	7
chr12	 31850000	 32750000	18
chr12	 32350000	 30850000	30
chr12	 33250000	 32250000	20
chr12	 34850000	 32300000	51
chr12	 36300000	 37550000	25
chr12	 37900000	 38750000	17
chr12	 38700000	 37200000	30
chr12	 42800000	 42600000	4
chr12	 43400000	 45100000	34
chr12	 44850000	 43400000	29
chr12	 45450000	 43450000	40
chr12	 45450000	 46750000	26
chr12	 46600000	 44700000	38
chr12	 49250000	 48700000	11
chr12	 50100000	 51200000	22
chr12	 50100000	 51800000	34
chr12	 53350000	 54650000	26
chr12	 53500000	 52650000	17
chr12	 56600000	 56000000	12
chr12	 56750000	 56300000	9
chr12	 57650000	 55700000	39
chr12	 59300000	 59050000	5
chr12	 62000000	 62750000	15
chr12	 63400000	 64850000	29
chr12	 63800000	 63500000	6
chr12	 64250000	 62600000	33
chr12	 66200000	 64000000	44
chr12	 66550000	 68000000	29
chr12	 66700000	 67300000	12
chr12	 67400000	 68400000	20
chr12	 68000000	 69600000	32
chr12	 68200000	 70250000	41
chr12	 69150000	 67800000	27
chr12	 70700000	 71900000	24
chr12	 71600000	 72000000	8
chr12	 73200000	 72200000	20
chr12	 75000000	 76100000	22
chr12	 75200000	 74600000	12
chr12	 75500000	 74350000	23
chr12	 77700000	 78350000	13
chr12	 77850000	 76350000	30
chr12	 79100000	 78900000	4
chr12	 82450000	 83150000	14
chr12	 82900000	 84650000	35
chr12	 83650000	 84350000	14
chr12	 85950000	 86700000	15
chr12	 86550000	 84700000	37
chr12	 88050000	 89700000	33
chr12	 88650000	 88150000	10
chr12	 89350000	 88350000	20
chr12	 91200000	 90150000	21
chr12	 92900000	 92250000	13
chr12	 93650000	 96450000	56
chr12	 95550000	 94400000	23
chr12	 97450000	 96100000	27
chr12	 97450000	 98250000	16
chr12	100700000	101600000	18
chr12	101450000	100600000	17
chr12	102400000	 98450000	79
chr12	103150000	104100000	19
chr12	103650000	102350000	26
chr12	103900000	105150000	25
chr12	103950000	105850000	38
chr12	104350000	105450000	22
chr12	105950000	104450000	30
chr12	107600000	105950000	33
chr12	108850000	107850000	20
chr12	108900000	108300000	12
chr12	112750000	113950000	24
chr12	114050000	113350000	14
chr12	119450000	118600000	17
chr12	119750000	117500000	45
chr12	120100000	119000000	22
chr13	  1900000	  2150000	5
chr13	  2200000	  3050000	17
chr13	  3350000	  1750000	32
chr13	  3350000	  5050000	34
chr13	  5850000	  6700000	17
chr13	  6200000	  9700000	70
chr13	  7350000	  9100000	35
chr13	  9350000	  9700000	7
chr13	  9900000	 11600000	34
chr13	 11250000	  9400000	37
chr13	 13950000	 12350000	32
chr13	 14300000	 13950000	7
chr13	 14550000	 15700000	23
chr13	 14950000	 14400000	11
chr13	 18450000	 18850000	8
chr13	 19950000	 20600000	13
chr13	 21750000	 25500000	75
chr13	 22150000	 23350000	24
chr13	 22250000	 21350000	18
chr13	 23750000	 24350000	12
chr13	 24900000	 26750000	37
chr13	 27400000	 28000000	12
chr13	 28600000	 29450000	17
chr13	 30200000	 31350000	23
chr13	 30500000	 29450000	21
chr13	 31400000	 30800000	12
chr13	 31400000	 32350000	19
chr13	 32100000	 35200000	62
chr13	 34500000	 33950000	11
chr13	 35150000	 35900000	15
chr13	 36600000	 37450000	17
chr13	 40900000	 40200000	14
chr13	 42550000	 44900000	47
chr13	 43500000	 42900000	12
chr13	 43700000	 42800000	18
chr13	 47100000	 45800000	26
chr13	 49250000	 50050000	16
chr13	 49500000	 48600000	18
chr13	 49700000	 51100000	28
chr13	 49750000	 50750000	20
chr13	 49900000	 50350000	9
chr13	 50650000	 51700000	21
chr13	 51600000	 52250000	13
chr13	 51850000	 50700000	23
chr13	 53300000	 52600000	14
chr13	 56300000	 55300000	20
chr13	 59050000	 61800000	55
chr13	 61200000	 61550000	7
chr13	 61600000	 60350000	25
chr13	 63800000	 64400000	12
chr13	 64900000	 66300000	28
chr13	 65500000	 67000000	30
chr13	 65550000	 64750000	16
chr13	 66850000	 66150000	14
chr13	 71750000	 69700000	41
chr13	 72900000	 70800000	42
chr13	 74100000	 74800000	14
chr13	 75550000	 75950000	8
chr13	 76450000	 73950000	50
chr13	 76450000	 74300000	43
chr13	 76550000	 78200000	33
chr13	 76700000	 76300000	8
chr13	 77350000	 78100000	15
chr13	 77450000	 75250000	44
chr13	 78250000	 77400000	17
chr13	 79500000	 80050000	11
chr13	 85000000	 84200000	16
chr13	 87000000	 86100000	18
chr13	 88600000	 90600000	40
chr13	 89950000	 87300000	53
chr13	 90100000	 88450000	33
chr13	 91000000	 90250000	15
chr13	 92500000	 91150000	27
chr13	 92550000	 90400000	43
chr13	 94350000	 93750000	12
chr13	 95050000	 93900000	23
chr13	 95100000	 94500000	12
chr13	 97400000	 99400000	40
chr13	 98650000	 99200000	11
chr13	100250000	 99900000	7
chr13	101250000	102500000	25
chr13	102200000	103350000	23
chr13	105900000	106850000	19
chr13	107450000	108750000	26
chr13	108550000	110350000	36
chr13	109450000	110850000	28
chr13	110500000	110200000	6
chr13	110950000	110100000	17
chr13	112350000	113600000	25
chr13	112350000	114100000	35
chr13	112650000	114100000	29
chr13	112900000	112750000	3
chr13	115850000	116100000	5
chr13	116750000	117450000	14
chr13	117300000	119150000	37
chr13	117350000	118200000	17
chr13	117500000	116950000	11
chr13	117550000	115450000	42
chr13	117800000	118200000	8
chr13	119950000	119300000	13
chr13	120350000	119100000	25
chr14	   950000	   450000	10
chr14	  2600000	  3150000	11
chr14	  3150000	  4850000	34
chr14	  4000000	  2950000	21
chr14	  7500000	  7750000	5
chr14	  7600000	  6050000	31
chr14	  8800000	  8600000	4
chr14	 10250000	  9800000	9
chr14	 10550000	  9550000	20
chr14	 12700000	 15450000	55
chr14	 14050000	 15700000	33
chr14	 15300000	 14550000	15
chr14	 17100000	 16400000	14
chr14	 18550000	 17550000	20
chr14	 18750000	 20150000	28
chr14	 18950000	 20200000	25
chr14	 20750000	 21250000	10
chr14	 20800000	 21700000	18
chr14	 21300000	 20050000	25
chr14	 21750000	 20750000	20
chr14	 22100000	 23100000	20
chr14	 22100000	 23500000	28
chr14	 23950000	 22950000	20
chr14	 26600000	 25400000	24
chr14	 30900000	 31550000	13
chr14	 32350000	 33550000	24
chr14	 32500000	 33500000	20
chr14	 33600000	 32550000	21
chr14	 33850000	 33000000	17
chr14	 35100000	 34500000	12
chr14	 35900000	 36600000	14
chr14	 37750000	 38750000	20
chr14	 37800000	 39850000	41
chr14	 38450000	 38000000	9
chr14	 39700000	 40450000	15
chr14	 42350000	 43400000	21
chr14	 43150000	 43950000	16
chr14	 43150000	 45200000	41
chr14	 45200000	 45550000	7
chr14	 45700000	 44650000	21
chr14	 47700000	 48450000	15
chr14	 47900000	 47350000	11
chr14	 51100000	 51650000	11
chr14	 52550000	 53250000	14
chr14	 55650000	 56450000	16
chr14	 59700000	 58550000	23
chr14	 60600000	 59050000	31
chr14	 65400000	 64100000	26
chr14	 65750000	 65750000	0
chr14	 68550000	 69900000	27
chr14	 70050000	 70600000	11
chr14	 70250000	 71650000	28
chr14	 73800000	 74700000	18
chr14	 74400000	 73800000	12
chr14	 74850000	 76750000	38
chr14	 75950000	 74650000	26
chr14	 76300000	 76800000	10
chr14	 78850000	 79450000	12
chr14	 79600000	 80800000	24
chr14	 82450000	 83400000	19
chr14	 82950000	 83250000	6
chr14	 84100000	 84650000	11
chr14	 85250000	 84800000	9
chr14	 85950000	 85200000	15
chr14	 87250000	 87850000	12
chr14	 88050000	 84950000	62
chr14	 88900000	 88300000	12
chr14	 89750000	 89850000	2
chr14	 89850000	 90850000	20
chr14	 94700000	 93250000	29
chr14	 95600000	 96200000	12
chr14	 97650000	 97000000	13
chr14	 98550000	 98950000	8
chr14	 98600000	 97950000	13
chr14	100750000	102000000	25
chr14	101050000	100400000	13
chr14	106100000	104700000	28
chr14	106200000	107100000	18
chr14	109700000	110250000	11
chr14	112850000	111950000	18
chr14	121650000	116700000	99
chr14	122000000	120800000	24
chr14	123450000	124800000	27
chr15	  1550000	   800000	15
chr15	  1700000	   750000	19
chr15	  2750000	  3500000	15
chr15	  3150000	  2600000	11
chr15	  4050000	  4800000	15
chr15	  5000000	  3800000	24
chr15	  5450000	  4650000	16
chr15	  8700000	  8100000	12
chr15	 10300000	 12050000	35
chr15	 10350000	 11200000	17
chr15	 11400000	 12350000	19
chr15	 12000000	 12700000	14
chr15	 12550000	 13900000	27
chr15	 13200000	 12350000	17
chr15	 13700000	 12550000	23
chr15	 14450000	 14050000	8
chr15	 14900000	 14550000	7
chr15	 15050000	 16450000	28
chr15	 16400000	 15650000	15
chr15	 17400000	 16700000	14
chr15	 19000000	 18700000	6
chr15	 19500000	 18850000	13
chr15	 19950000	 18450000	30
chr15	 20900000	 22050000	23
chr15	 23650000	 22450000	24
chr15	 26750000	 25950000	16
chr15	 26950000	 28350000	28
chr15	 27300000	 29100000	36
chr15	 30400000	 28450000	39
chr15	 32550000	 32050000	10
chr15	 33000000	 32250000	15
chr15	 33550000	 33100000	9
chr15	 33950000	 33950000	0
chr15	 35950000	 35100000	17
chr15	 36350000	 35900000	9
chr15	 37450000	 36800000	13
chr15	 37700000	 36750000	19
chr15	 37900000	 39300000	28
chr15	 39100000	 40000000	18
chr15	 39550000	 37900000	33
chr15	 39800000	 37500000	46
chr15	 40700000	 39300000	28
chr15	 41200000	 42500000	26
chr15	 44100000	 42700000	28
chr15	 44850000	 44050000	16
chr15	 45250000	 45900000	13
chr15	 48050000	 46800000	25
chr15	 48350000	 45400000	59
chr15	 49150000	 49750000	12
chr15	 49650000	 48750000	18
chr15	 52650000	 51600000	21
chr15	 53250000	 52800000	9
chr15	 54450000	 53750000	14
chr15	 55350000	 54400000	19
chr15	 57150000	 56500000	13
chr15	 60750000	 61150000	8
chr15	 61600000	 62650000	21
chr15	 64500000	 65750000	25
chr15	 65850000	 66850000	20
chr15	 67100000	 69300000	44
chr15	 67750000	 67550000	4
chr15	 69750000	 69050000	14
chr15	 72150000	 72550000	8
chr15	 73350000	 74500000	23
chr15	 73450000	 72550000	18
chr15	 75150000	 73650000	30
chr15	 76750000	 77850000	22
chr15	 78100000	 77400000	14
chr15	 79050000	 80650000	32
chr15	 79450000	 81000000	31
chr15	 81250000	 82100000	17
chr15	 82600000	 81800000	16
chr15	 83600000	 84750000	23
chr15	 84650000	 83250000	28
chr15	 85950000	 86850000	18
chr15	 87350000	 88450000	22
chr15	 89600000	 88700000	18
chr15	 91150000	 90450000	14
chr15	 94750000	 93100000	33
chr15	 95100000	 96550000	29
chr15	 95750000	 96850000	22
chr15	 96800000	 96200000	12
chr15	 97200000	 98000000	16
chr15	103500000	102100000	28
chr16	   150000	   900000	15
chr16	   650000	   150000	10
chr16	   900000	  1550000	13
chr16	  1500000	   450000	21
chr16	  4100000	  7000000	58
chr16	  4350000	  3000000	27
chr16	  8750000	  7950000	16
chr16	  8950000	  8500000	9
chr16	 14000000	 13550000	9
chr16	 16500000	 16500000	0
chr16	 17100000	 17100000	0
chr16	 19850000	 20700000	17
chr16	 20300000	 19050000	25
chr16	 20700000	 19850000	17
chr16	 20750000	 18850000	38
chr16	 20800000	 21650000	17
chr16	 21450000	 22150000	14
chr16	 22100000	 21500000	12
chr16	 23300000	 22600000	14
chr16	 25800000	 25350000	9
chr16	 26250000	 25350000	18
chr16	 26250000	 27000000	15
chr16	 27900000	 27000000	18
chr16	 28700000	 27800000	18
chr16	 29450000	 28450000	20
chr16	 32100000	 33350000	25
chr16	 32150000	 33600000	29
chr16	 33150000	 33900000	15
chr16	 34300000	 35150000	17
chr16	 34650000	 33800000	17
chr16	 34750000	 36150000	28
chr16	 36900000	 36200000	14
chr16	 37900000	 37100000	16
chr16	 42350000	 41050000	26
chr16	 42700000	 41700000	20
chr16	 42750000	 42450000	6
chr16	 43750000	 44850000	22
chr16	 45900000	 45300000	12
chr16	 46250000	 45650000	12
chr16	 46950000	 47650000	14
chr16	 49750000	 50350000	12
chr16	 50150000	 51050000	18
chr16	 53450000	 55150000	34
chr16	 54950000	 53750000	24
chr16	 55700000	 55250000	9
chr16	 57350000	 56300000	21
chr16	 57400000	 57000000	8
chr16	 60100000	 59550000	11
chr16	 60400000	 61150000	15
chr16	 60950000	 60300000	13
chr16	 61950000	 61100000	17
chr16	 62600000	 63200000	12
chr16	 65100000	 66500000	28
chr16	 67150000	 67400000	5
chr16	 68800000	 69850000	21
chr16	 69550000	 69050000	10
chr16	 70650000	 70200000	9
chr16	 71300000	 74100000	56
chr16	 73000000	 72250000	15
chr16	 74050000	 75000000	19
chr16	 75300000	 76050000	15
chr16	 77100000	 76000000	22
chr16	 78000000	 80300000	46
chr16	 78600000	 77800000	16
chr16	 83100000	 84200000	22
chr16	 84700000	 83550000	23
chr16	 85800000	 86050000	5
chr16	 86300000	 85400000	18
chr16	 87400000	 88900000	30
chr16	 89250000	 88800000	9
chr16	 89800000	 90500000	14
chr17	   150000	   850000	14
chr17	  1000000	  1500000	10
chr17	  1650000	  1150000	10
chr17	  1800000	  2950000	23
chr17	  2750000	  3800000	21
chr17	  4250000	  6000000	35
chr17	  4350000	  5450000	22
chr17	  5300000	  6150000	17
chr17	  5650000	  6600000	19
chr17	  6300000	  7700000	28
chr17	  7850000	  8850000	20
chr17	  9700000	 10050000	7
chr17	  9800000	 11350000	31
chr17	 14300000	 12650000	33
chr17	 14750000	 14550000	4
chr17	 14900000	 16550000	33
chr17	 15400000	 16850000	29
chr17	 16800000	 14800000	40
chr17	 19750000	 18600000	23
chr17	 20150000	 19150000	20
chr17	 20650000	 20050000	12
chr17	 21100000	 21750000	13
chr17	 21300000	 21800000	10
chr17	 22200000	 22950000	15
chr17	 22300000	 24100000	36
chr17	 23750000	 22700000	21
chr17	 26400000	 25300000	22
chr17	 27950000	 29800000	37
chr17	 28150000	 28700000	11
chr17	 32300000	 31300000	20
chr17	 36650000	 38200000	31
chr17	 38750000	 37950000	16
chr17	 39400000	 40100000	14
chr17	 39600000	 40850000	25
chr17	 40400000	 41100000	14
chr17	 41300000	 42050000	15
chr17	 41450000	 40700000	15
chr17	 43400000	 41450000	39
chr17	 44200000	 42800000	28
chr17	 44500000	 43750000	15
chr17	 44800000	 43150000	33
chr17	 45050000	 46200000	23
chr17	 45500000	 46350000	17
chr17	 45850000	 46400000	11
chr17	 46550000	 44350000	44
chr17	 47850000	 46150000	34
chr17	 48100000	 49950000	37
chr17	 48650000	 50800000	43
chr17	 51550000	 53100000	31
chr17	 52400000	 53800000	28
chr17	 53300000	 54100000	16
chr17	 54300000	 53450000	17
chr17	 54350000	 53700000	13
chr17	 56250000	 54700000	31
chr17	 57600000	 57600000	0
chr17	 58250000	 57350000	18
chr17	 58600000	 57250000	27
chr17	 59350000	 59950000	12
chr17	 60800000	 61750000	19
chr17	 61250000	 59900000	27
chr17	 61600000	 62050000	9
chr17	 63400000	 62600000	16
chr17	 63950000	 65050000	22
chr17	 64850000	 65950000	22
chr17	 66450000	 64700000	35
chr17	 66600000	 68050000	29
chr17	 67050000	 67900000	17
chr17	 70200000	 69900000	6
chr17	 71200000	 71950000	15
chr17	 72550000	 73100000	11
chr17	 73350000	 72200000	23
chr17	 73600000	 72150000	29
chr17	 73650000	 76200000	51
chr17	 74250000	 75300000	21
chr17	 75150000	 74150000	20
chr17	 75250000	 74700000	11
chr17	 77150000	 76150000	20
chr17	 77400000	 76650000	15
chr17	 77800000	 76550000	25
chr17	 83250000	 82350000	18
chr17	 84200000	 83400000	16
chr17	 84250000	 85050000	16
chr17	 86100000	 87200000	22
chr17	 86150000	 88250000	42
chr17	 87050000	 86850000	4
chr17	 89150000	 86500000	53
chr17	 93800000	 92800000	20
chr18	   650000	  1750000	22
chr18	  1150000	   400000	15
chr18	  1450000	  3550000	42
chr18	  3200000	  6100000	58
chr18	  4000000	  6500000	50
chr18	  8850000	  7350000	30
chr18	  9250000	  8700000	11
chr18	  9400000	  9600000	4
chr18	 11550000	  8150000	68
chr18	 12750000	 14500000	35
chr18	 13400000	 11500000	38
chr18	 13850000	 15600000	35
chr18	 14500000	 14950000	9
chr18	 15700000	 15250000	9
chr18	 17150000	 18200000	21
chr18	 20900000	 22300000	28
chr18	 24750000	 25300000	11
chr18	 27550000	 29350000	36
chr18	 27600000	 30850000	65
chr18	 28900000	 29200000	6
chr18	 29900000	 30650000	15
chr18	 30600000	 29750000	17
chr18	 33150000	 31850000	26
chr18	 35550000	 33550000	40
chr18	 36450000	 35250000	24
chr18	 36850000	 33750000	62
chr18	 38250000	 38900000	13
chr18	 39850000	 39500000	7
chr18	 41400000	 43450000	41
chr18	 42000000	 41350000	13
chr18	 44250000	 43050000	24
chr18	 44650000	 43800000	17
chr18	 45550000	 46450000	18
chr18	 46600000	 46150000	9
chr18	 46850000	 47400000	11
chr18	 47300000	 48050000	15
chr18	 48150000	 45150000	60
chr18	 48250000	 49200000	19
chr18	 49700000	 49200000	10
chr18	 50950000	 49600000	27
chr18	 54650000	 56700000	41
chr18	 55200000	 56150000	19
chr18	 61000000	 60500000	10
chr18	 61850000	 64400000	51
chr18	 62900000	 64850000	39
chr18	 63800000	 62100000	34
chr18	 67050000	 65100000	39
chr18	 67350000	 67100000	5
chr18	 67750000	 66850000	18
chr18	 69400000	 70100000	14
chr18	 70450000	 72850000	48
chr18	 72400000	 70950000	29
chr18	 75650000	 74350000	26
chr18	 77350000	 78000000	13
chr18	 77600000	 76750000	17
chr18	 77650000	 75050000	52
chr18	 77800000	 77050000	15
chr18	 77850000	 75150000	54
chr18	 78050000	 75550000	50
chr18	 82250000	 80400000	37
chr18	 85450000	 85850000	8
chr18	 86300000	 85600000	14
chr18	 86450000	 86700000	5
chr18	 86700000	 84850000	37
chr18	 86700000	 88150000	29
chr18	 89000000	 89450000	9
chr18	 89200000	 90350000	23
chr18	 90550000	 89600000	19
chr19	  1900000	  2600000	14
chr19	  3750000	  3100000	13
chr19	  5850000	  7850000	40
chr19	  6300000	  8750000	49
chr19	 11100000	 11900000	16
chr19	 11500000	 10350000	23
chr19	 12250000	 12950000	14
chr19	 13650000	 12700000	19
chr19	 14250000	 16700000	49
chr19	 14950000	 13750000	24
chr19	 15400000	 16350000	19
chr19	 16400000	 15550000	17
chr19	 16650000	 17000000	7
chr19	 17450000	 17800000	7
chr19	 17550000	 17950000	8
chr19	 17700000	 18150000	9
chr19	 18400000	 16650000	35
chr19	 19000000	 19500000	10
chr19	 21050000	 18650000	48
chr19	 22850000	 23450000	12
chr19	 23200000	 22900000	6
chr19	 24600000	 23250000	27
chr19	 24900000	 25750000	17
chr19	 25000000	 22450000	51
chr19	 27650000	 26350000	26
chr19	 28400000	 27150000	25
chr19	 28650000	 27800000	17
chr19	 28950000	 27900000	21
chr19	 29450000	 29750000	6
chr19	 31150000	 29250000	38
chr19	 33200000	 31850000	27
chr19	 33200000	 34150000	19
chr19	 40250000	 41900000	33
chr19	 43200000	 42100000	22
chr19	 44950000	 45850000	18
chr19	 45950000	 44650000	26
chr19	 46200000	 44300000	38
chr19	 47550000	 46550000	20
chr19	 48150000	 50150000	40
chr19	 49850000	 50500000	13
chr19	 50950000	 50050000	18
chr19	 52850000	 54100000	25
chr19	 53050000	 54100000	21
chr19	 53500000	 54750000	25
chr19	 54950000	 53950000	20
chr19	 55750000	 58350000	52
chr19	 58250000	 57300000	19
chr19	 60550000	 59150000	28
chr19	 60550000	 59250000	26
chr19	 60600000	 61350000	15
chr2	  1500000	   300000	24
chr2	  1950000	  2450000	10
chr2	  4600000	  3650000	19
chr2	  5250000	  4150000	22
chr2	  8650000	  7050000	32
chr2	  9450000	  8000000	29
chr2	  9800000	 10800000	20
chr2	 11550000	 10200000	27
chr2	 12550000	 12550000	0
chr2	 14050000	 10700000	67
chr2	 14100000	 12750000	27
chr2	 16050000	 13950000	42
chr2	 16100000	 15450000	13
chr2	 16550000	 15750000	16
chr2	 17000000	 18200000	24
chr2	 17600000	 18400000	16
chr2	 17850000	 19200000	27
chr2	 18750000	 16900000	37
chr2	 19700000	 20700000	20
chr2	 20700000	 19300000	28
chr2	 22100000	 23700000	32
chr2	 23200000	 22700000	10
chr2	 25000000	 26200000	24
chr2	 26200000	 25100000	22
chr2	 28000000	 27000000	20
chr2	 28100000	 27700000	8
chr2	 28450000	 29400000	19
chr2	 29600000	 30800000	24
chr2	 30400000	 28850000	31
chr2	 30950000	 32100000	23
chr2	 31150000	 30400000	15
chr2	 31400000	 32550000	23
chr2	 34950000	 37400000	49
chr2	 35450000	 37600000	43
chr2	 36900000	 37900000	20
chr2	 39400000	 38750000	13
chr2	 41250000	 40150000	22
chr2	 42850000	 42150000	14
chr2	 44050000	 45750000	34
chr2	 45600000	 47800000	44
chr2	 45750000	 46900000	23
chr2	 47750000	 47150000	12
chr2	 51200000	 52200000	20
chr2	 52000000	 51500000	10
chr2	 52050000	 52650000	12
chr2	 52850000	 51900000	19
chr2	 60500000	 61500000	20
chr2	 60600000	 60000000	12
chr2	 61200000	 59400000	36
chr2	 61250000	 61700000	9
chr2	 61950000	 61000000	19
chr2	 63400000	 64450000	21
chr2	 64500000	 63650000	17
chr2	 66750000	 64750000	40
chr2	 67850000	 68300000	9
chr2	 68100000	 68850000	15
chr2	 68350000	 69500000	23
chr2	 71050000	 72300000	25
chr2	 73700000	 75650000	39
chr2	 74250000	 72950000	26
chr2	 77150000	 76750000	8
chr2	 77400000	 75600000	36
chr2	 78900000	 80100000	24
chr2	 83150000	 84400000	25
chr2	 83650000	 82150000	30
chr2	 83750000	 84950000	24
chr2	 84000000	 83600000	8
chr2	 84700000	 85150000	9
chr2	 84900000	 85650000	15
chr2	 87150000	 84800000	47
chr2	 89050000	 87300000	35
chr2	 91100000	 88700000	48
chr2	 94100000	 94950000	17
chr2	 94500000	 95150000	13
chr2	 94600000	 93300000	26
chr2	 97350000	 98650000	26
chr2	 97900000	 99150000	25
chr2	100150000	100850000	14
chr2	100300000	 99000000	26
chr2	103450000	104200000	15
chr2	105750000	107400000	33
chr2	105950000	104400000	31
chr2	106000000	107200000	24
chr2	108150000	111000000	57
chr2	108900000	108550000	7
chr2	108950000	108100000	17
chr2	110250000	109600000	13
chr2	111500000	110650000	17
chr2	114350000	116600000	45
chr2	114750000	114000000	15
chr2	115100000	113800000	26
chr2	115350000	116200000	17
chr2	115400000	115100000	6
chr2	116800000	118300000	30
chr2	117750000	117750000	0
chr2	118450000	117450000	20
chr2	118600000	119300000	14
chr2	119000000	118450000	11
chr2	119350000	120450000	22
chr2	122850000	121800000	21
chr2	126700000	128800000	42
chr2	128000000	126850000	23
chr2	128650000	126950000	34
chr2	131400000	129750000	33
chr2	131400000	132250000	17
chr2	132250000	130400000	37
chr2	133400000	135400000	40
chr2	134150000	135350000	24
chr2	134200000	133650000	11
chr2	135650000	136050000	8
chr2	135750000	136700000	19
chr2	139800000	140850000	21
chr2	140650000	141200000	11
chr2	141850000	143150000	26
chr2	141950000	140300000	33
chr2	144250000	144550000	6
chr2	146800000	148450000	33
chr2	147950000	146450000	30
chr2	149200000	148400000	16
chr2	150100000	149100000	20
chr2	150550000	151750000	24
chr2	151150000	152650000	30
chr2	151350000	152700000	27
chr2	153850000	152250000	32
chr2	154050000	155000000	19
chr2	154350000	155250000	18
chr2	156800000	155950000	17
chr2	158200000	159100000	18
chr2	159100000	157750000	27
chr2	159550000	157450000	42
chr2	160150000	161200000	21
chr2	160650000	162450000	36
chr2	161000000	161650000	13
chr2	161500000	163200000	34
chr2	162250000	161800000	9
chr2	162500000	163300000	16
chr2	165650000	164250000	28
chr2	166150000	167700000	31
chr2	166900000	165800000	22
chr2	167750000	165900000	37
chr2	168100000	167300000	16
chr2	169950000	168400000	31
chr2	172950000	173950000	20
chr2	176500000	175600000	18
chr2	177100000	176100000	20
chr2	180150000	181450000	26
chr3	   900000	  1700000	16
chr3	  1000000	  1400000	8
chr3	  2850000	  4250000	28
chr3	  3150000	  2200000	19
chr3	  3550000	  4500000	19
chr3	  3750000	  6600000	57
chr3	  4300000	  1400000	58
chr3	  4400000	  5500000	22
chr3	  5500000	  5900000	8
chr3	  6500000	  4850000	33
chr3	  6800000	  5800000	20
chr3	  7000000	  7450000	9
chr3	  7400000	  7900000	10
chr3	  8150000	  7550000	12
chr3	  8650000	  9350000	14
chr3	  9800000	  8850000	19
chr3	 11800000	 11100000	14
chr3	 12400000	 13250000	17
chr3	 14550000	 15400000	17
chr3	 15700000	 14550000	23
chr3	 15700000	 15150000	11
chr3	 16300000	 15400000	18
chr3	 18900000	 18100000	16
chr3	 18900000	 20550000	33
chr3	 20700000	 17700000	60
chr3	 20950000	 20450000	10
chr3	 22600000	 24050000	29
chr3	 26300000	 26800000	10
chr3	 26400000	 25250000	23
chr3	 27000000	 25250000	35
chr3	 27050000	 27750000	14
chr3	 27700000	 27200000	10
chr3	 31250000	 32300000	21
chr3	 32650000	 30900000	35
chr3	 33000000	 33950000	19
chr3	 35200000	 34200000	20
chr3	 38000000	 39150000	23
chr3	 38350000	 38700000	7
chr3	 40050000	 40650000	12
chr3	 40600000	 41150000	11
chr3	 41100000	 39500000	32
chr3	 42300000	 41600000	14
chr3	 42600000	 42100000	10
chr3	 43100000	 44050000	19
chr3	 50300000	 49050000	25
chr3	 51100000	 52800000	34
chr3	 51700000	 51150000	11
chr3	 52750000	 54050000	26
chr3	 54750000	 53950000	16
chr3	 55150000	 56200000	21
chr3	 55950000	 56850000	18
chr3	 55950000	 57800000	37
chr3	 58300000	 57300000	20
chr3	 58400000	 57050000	27
chr3	 59650000	 60950000	26
chr3	 61050000	 60550000	10
chr3	 61350000	 60650000	14
chr3	 61600000	 60100000	30
chr3	 62000000	 62300000	6
chr3	 62700000	 63050000	7
chr3	 63650000	 67500000	77
chr3	 64550000	 63100000	29
chr3	 69550000	 69050000	10
chr3	 70250000	 72000000	35
chr3	 71250000	 70050000	24
chr3	 73200000	 74400000	24
chr3	 73300000	 73600000	6
chr3	 73400000	 72700000	14
chr3	 74600000	 76700000	42
chr3	 74700000	 73900000	16
chr3	 74800000	 75400000	12
chr3	 76750000	 78400000	33
chr3	 76950000	 78700000	35
chr3	 78250000	 77450000	16
chr3	 78650000	 78900000	5
chr3	 79150000	 82100000	59
chr3	 80000000	 79500000	10
chr3	 82200000	 84200000	40
chr3	 82850000	 81150000	34
chr3	 84400000	 81750000	53
chr3	 84400000	 85200000	16
chr3	 86750000	 85400000	27
chr3	 89900000	 90350000	9
chr3	 91700000	 90550000	23
chr3	 93500000	 93850000	7
chr3	 95550000	 96000000	9
chr3	 96750000	 97850000	22
chr3	 98700000	 99250000	11
chr3	 99300000	 98350000	19
chr3	100400000	100950000	11
chr3	100800000	101350000	11
chr3	101250000	101950000	14
chr3	102150000	104700000	51
chr3	103350000	101650000	34
chr3	106750000	107100000	7
chr3	107150000	107450000	6
chr3	109850000	108550000	26
chr3	111000000	111700000	14
chr3	111350000	111800000	9
chr3	114000000	112650000	27
chr3	117350000	118250000	18
chr3	117400000	118200000	16
chr3	118200000	120700000	50
chr3	120600000	120100000	10
chr3	120600000	121800000	24
chr3	121850000	120050000	36
chr3	123400000	122450000	19
chr3	123550000	123550000	0
chr3	125150000	126700000	31
chr3	127350000	128700000	27
chr3	129350000	128300000	21
chr3	134950000	132750000	44
chr3	135050000	134650000	8
chr3	135900000	134900000	20
chr3	135900000	134950000	19
chr3	136700000	137700000	20
chr3	138700000	139650000	19
chr3	138800000	139850000	21
chr3	141450000	143050000	32
chr3	143600000	142650000	19
chr3	145000000	143550000	29
chr3	146150000	144100000	41
chr3	146150000	147150000	20
chr3	148250000	150200000	39
chr3	150000000	150500000	10
chr3	151550000	152950000	28
chr3	152700000	150600000	42
chr3	153600000	154350000	15
chr3	156950000	156400000	11
chr3	157000000	155700000	26
chr3	157300000	156800000	10
chr3	158450000	157650000	16
chr4	   300000	  1000000	14
chr4	  1200000	   650000	11
chr4	  1500000	   100000	28
chr4	  4000000	  4400000	8
chr4	  4100000	  3050000	21
chr4	  4150000	  5000000	17
chr4	  4950000	  4050000	18
chr4	  5700000	  4400000	26
chr4	  9550000	  9100000	9
chr4	  9750000	 10850000	22
chr4	 10650000	 12900000	45
chr4	 14000000	 13050000	19
chr4	 14500000	 14100000	8
chr4	 14550000	 13700000	17
chr4	 15450000	 13050000	48
chr4	 15950000	 17450000	30
chr4	 17250000	 16600000	13
chr4	 18800000	 17750000	21
chr4	 19000000	 18600000	8
chr4	 21600000	 20500000	22
chr4	 23750000	 23100000	13
chr4	 24050000	 24700000	13
chr4	 25200000	 24300000	18
chr4	 26500000	 26800000	6
chr4	 32700000	 31550000	23
chr4	 33050000	 31650000	28
chr4	 34200000	 31850000	47
chr4	 34250000	 31950000	46
chr4	 40250000	 41100000	17
chr4	 41000000	 43050000	41
chr4	 41200000	 42650000	29
chr4	 41500000	 42400000	18
chr4	 41550000	 41950000	8
chr4	 41700000	 40650000	21
chr4	 42250000	 37650000	92
chr4	 44200000	 42350000	37
chr4	 44700000	 45950000	25
chr4	 45000000	 45300000	6
chr4	 45950000	 46750000	16
chr4	 47250000	 46250000	20
chr4	 47750000	 45700000	41
chr4	 49750000	 51350000	32
chr4	 50600000	 51200000	12
chr4	 51100000	 51450000	7
chr4	 52850000	 52250000	12
chr4	 54100000	 53050000	21
chr4	 57650000	 58700000	21
chr4	 58500000	 56500000	40
chr4	 59450000	 59450000	0
chr4	 61050000	 60100000	19
chr4	 61950000	 61150000	16
chr4	 69250000	 68050000	24
chr4	 70800000	 71350000	11
chr4	 71050000	 72300000	25
chr4	 71100000	 72250000	23
chr4	 75700000	 75200000	10
chr4	 78200000	 77650000	11
chr4	 79350000	 78500000	17
chr4	 80350000	 79900000	9
chr4	 82700000	 81900000	16
chr4	 84300000	 83100000	24
chr4	 85900000	 85350000	11
chr4	 86850000	 86200000	13
chr4	 87750000	 88500000	15
chr4	 87900000	 89900000	40
chr4	 89450000	 90550000	22
chr4	 89600000	 88950000	13
chr4	 89900000	 88800000	22
chr4	 91400000	 90150000	25
chr4	 91500000	 90350000	23
chr4	 91650000	 91350000	6
chr4	 96000000	 94900000	22
chr4	 97650000	 97400000	5
chr4	 97750000	 96050000	34
chr4	 98250000	 99150000	18
chr4	 98750000	 97700000	21
chr4	 98900000	 97600000	26
chr4	100300000	 99900000	8
chr4	100400000	 99250000	23
chr4	102400000	100250000	43
chr4	103150000	101550000	32
chr4	105150000	104200000	19
chr4	106000000	106400000	8
chr4	112300000	111150000	23
chr4	113500000	114450000	19
chr4	119650000	120050000	8
chr4	120350000	120500000	3
chr4	123700000	121450000	45
chr4	124050000	123250000	16
chr4	124100000	122550000	31
chr4	125450000	126350000	18
chr4	125550000	127950000	48
chr4	127300000	126350000	19
chr4	131750000	130950000	16
chr4	136150000	135150000	20
chr4	136250000	135500000	15
chr4	137000000	135950000	21
chr4	137200000	137000000	4
chr4	141050000	139150000	38
chr4	142150000	143300000	23
chr4	144850000	145900000	21
chr4	146550000	145650000	18
chr4	146950000	148350000	28
chr4	147000000	146100000	18
chr4	147300000	145350000	39
chr4	150450000	151550000	22
chr4	153300000	152800000	10
chr5	   450000	  1350000	18
chr5	  2350000	   550000	36
chr5	  2350000	   700000	33
chr5	  3650000	  5300000	33
chr5	  5300000	  4150000	23
chr5	  7600000	  8500000	18
chr5	  7700000	 10950000	65
chr5	  9700000	 10400000	14
chr5	 10400000	 11300000	18
chr5	 14200000	 13250000	19
chr5	 15600000	 14550000	21
chr5	 18650000	 17300000	27
chr5	 19200000	 20250000	21
chr5	 20100000	 21650000	31
chr5	 20700000	 19950000	15
chr5	 21000000	 22300000	26
chr5	 21550000	 22800000	25
chr5	 22350000	 20600000	35
chr5	 26350000	 24800000	31
chr5	 27650000	 26600000	21
chr5	 28950000	 29850000	18
chr5	 31400000	 30150000	25
chr5	 31450000	 31700000	5
chr5	 32550000	 31800000	15
chr5	 33850000	 33150000	14
chr5	 34500000	 36300000	36
chr5	 36850000	 36150000	14
chr5	 39350000	 38150000	24
chr5	 40600000	 42250000	33
chr5	 40800000	 41350000	11
chr5	 43700000	 42700000	20
chr5	 44650000	 46450000	36
chr5	 46450000	 49200000	55
chr5	 49200000	 48300000	18
chr5	 56650000	 53000000	73
chr5	 57850000	 58450000	12
chr5	 58700000	 58200000	10
chr5	 59900000	 59150000	15
chr5	 60550000	 62200000	33
chr5	 60900000	 61300000	8
chr5	 63550000	 62350000	24
chr5	 65100000	 65300000	4
chr5	 65400000	 65000000	8
chr5	 67150000	 68350000	24
chr5	 67850000	 66700000	23
chr5	 68000000	 65750000	45
chr5	 68150000	 66450000	34
chr5	 69100000	 67600000	30
chr5	 72450000	 71000000	29
chr5	 74250000	 73550000	14
chr5	 74500000	 73600000	18
chr5	 76550000	 77050000	10
chr5	 77450000	 78300000	17
chr5	 77650000	 76650000	20
chr5	 77950000	 79000000	21
chr5	 78950000	 78050000	18
chr5	 79100000	 80600000	30
chr5	 80200000	 81450000	25
chr5	 80750000	 81750000	20
chr5	 83900000	 80000000	78
chr5	 84350000	 85850000	30
chr5	 85250000	 82800000	49
chr5	 87500000	 91200000	74
chr5	 88900000	 90300000	28
chr5	 90950000	 93200000	45
chr5	 91800000	 89900000	38
chr5	 92550000	 91250000	26
chr5	 92650000	 93650000	20
chr5	 94700000	 93500000	24
chr5	 97700000	 95400000	46
chr5	 97700000	 96500000	24
chr5	 97750000	 96950000	16
chr5	 99150000	100200000	21
chr5	 99600000	100900000	26
chr5	101500000	100400000	22
chr5	102450000	101800000	13
chr5	112500000	113400000	18
chr5	113150000	113900000	15
chr5	115800000	117050000	25
chr5	115950000	117200000	25
chr5	117650000	118200000	11
chr5	118450000	119450000	20
chr5	119300000	118100000	24
chr5	120050000	118500000	31
chr5	120650000	121650000	20
chr5	124500000	123550000	19
chr5	125450000	124200000	25
chr5	126050000	125100000	19
chr5	126900000	127800000	18
chr5	127300000	127550000	5
chr5	128900000	128000000	18
chr5	129550000	131350000	36
chr5	131250000	133050000	36
chr5	132250000	131200000	21
chr5	133000000	131850000	23
chr5	133250000	135050000	36
chr5	133600000	133900000	6
chr5	133700000	134950000	25
chr5	135050000	136600000	31
chr5	135200000	134650000	11
chr5	137200000	139500000	46
chr5	137300000	135250000	41
chr5	137450000	135350000	42
chr5	137900000	136200000	34
chr5	142150000	141350000	16
chr5	144050000	143500000	11
chr5	144050000	145500000	29
chr5	145650000	145900000	5
chr5	146900000	146100000	16
chr5	147850000	150000000	43
chr5	148050000	147000000	21
chr5	148600000	149850000	25
chr5	149450000	147850000	32
chr6	  1000000	   400000	12
chr6	  1400000	  3100000	34
chr6	  1500000	  2850000	27
chr6	  3300000	  1100000	44
chr6	  3800000	  2750000	21
chr6	  3950000	  3400000	11
chr6	  5550000	  7150000	32
chr6	  6650000	  5150000	30
chr6	  9550000	  7400000	43
chr6	 12300000	 13900000	32
chr6	 12350000	 13250000	18
chr6	 13000000	 14200000	24
chr6	 13650000	 14350000	14
chr6	 14200000	 15850000	33
chr6	 15000000	 14350000	13
chr6	 16850000	 15650000	24
chr6	 17500000	 19100000	32
chr6	 17750000	 19100000	27
chr6	 19350000	 18800000	11
chr6	 20800000	 18850000	39
chr6	 21450000	 22400000	19
chr6	 27750000	 27250000	10
chr6	 28150000	 27650000	10
chr6	 28850000	 30400000	31
chr6	 29600000	 30850000	25
chr6	 30550000	 29050000	30
chr6	 31500000	 32600000	22
chr6	 32350000	 33550000	24
chr6	 36950000	 35500000	29
chr6	 37350000	 36350000	20
chr6	 41700000	 40600000	22
chr6	 46450000	 47600000	23
chr6	 47350000	 45850000	30
chr6	 48800000	 48050000	15
chr6	 49150000	 50450000	26
chr6	 51750000	 52800000	21
chr6	 52300000	 54900000	52
chr6	 52800000	 51550000	25
chr6	 54350000	 53800000	11
chr6	 55050000	 58600000	71
chr6	 55650000	 56000000	7
chr6	 56300000	 55400000	18
chr6	 56750000	 58450000	34
chr6	 59300000	 63100000	76
chr6	 59350000	 58150000	24
chr6	 59900000	 61100000	24
chr6	 60400000	 58400000	40
chr6	 61550000	 62600000	21
chr6	 61900000	 62750000	17
chr6	 62650000	 64350000	34
chr6	 67450000	 68150000	14
chr6	 68950000	 68350000	12
chr6	 74700000	 73950000	15
chr6	 74750000	 76600000	37
chr6	 76800000	 78350000	31
chr6	 76900000	 77900000	20
chr6	 77600000	 78700000	22
chr6	 77900000	 79300000	28
chr6	 78250000	 79500000	25
chr6	 79200000	 78500000	14
chr6	 79300000	 78350000	19
chr6	 80850000	 80300000	11
chr6	 81250000	 79750000	30
chr6	 83250000	 83600000	7
chr6	 84700000	 83300000	28
chr6	 85700000	 86450000	15
chr6	 86700000	 84750000	39
chr6	 87150000	 84650000	50
chr6	 87650000	 87400000	5
chr6	 87800000	 86800000	20
chr6	 89000000	 89350000	7
chr6	 89000000	 90400000	28
chr6	 89700000	 90200000	10
chr6	 90250000	 91550000	26
chr6	 91000000	 89550000	29
chr6	 92850000	 93600000	15
chr6	 92900000	 94150000	25
chr6	 93000000	 96000000	60
chr6	 93600000	 94650000	21
chr6	 93650000	 93400000	5
chr6	 94050000	 90750000	66
chr6	 94800000	 93900000	18
chr6	 95150000	 95700000	11
chr6	 98500000	 99100000	12
chr6	 99050000	 98400000	13
chr6	 99100000	 99950000	17
chr6	 99900000	100600000	14
chr6	101950000	101150000	16
chr6	102750000	103250000	10
chr6	103100000	100900000	44
chr6	103400000	103850000	9
chr6	104050000	102750000	26
chr6	106050000	104900000	23
chr6	106900000	108150000	25
chr6	108900000	109250000	7
chr6	108950000	110750000	36
chr6	111900000	112650000	15
chr6	113450000	112500000	19
chr6	114800000	113500000	26
chr6	116300000	117450000	23
chr6	120050000	117350000	54
chr6	123450000	122550000	18
chr6	126150000	125500000	13
chr6	126250000	128000000	35
chr6	126600000	125050000	31
chr6	127150000	128150000	20
chr6	128000000	129500000	30
chr6	128950000	127850000	22
chr6	131400000	131900000	10
chr6	132950000	132450000	10
chr6	137200000	136050000	23
chr6	138350000	139650000	26
chr6	139850000	138550000	26
chr6	139950000	141350000	28
chr6	145150000	144550000	12
chr6	146500000	147300000	16
chr6	147550000	148700000	23
chr6	147900000	147300000	12
chr6	147950000	148300000	7
chr7	  1050000	  2300000	25
chr7	  1100000	  1700000	12
chr7	  1200000	  2000000	16
chr7	  1950000	  3150000	24
chr7	  5350000	  6100000	15
chr7	  5550000	  6650000	22
chr7	  8800000	  7700000	22
chr7	 10150000	 10650000	10
chr7	 10250000	  8650000	32
chr7	 11100000	 10450000	13
chr7	 12850000	 13100000	5
chr7	 12950000	 11450000	30
chr7	 17200000	 16300000	18
chr7	 18900000	 15350000	71
chr7	 22500000	 25550000	61
chr7	 22600000	 24400000	36
chr7	 24000000	 24900000	18
chr7	 25500000	 28750000	65
chr7	 26350000	 26950000	12
chr7	 29050000	 28300000	15
chr7	 29950000	 30800000	17
chr7	 30350000	 31500000	23
chr7	 30550000	 29500000	21
chr7	 32100000	 30800000	26
chr7	 33750000	 32700000	21
chr7	 35550000	 36900000	27
chr7	 36100000	 34250000	37
chr7	 36200000	 37300000	22
chr7	 38450000	 37600000	17
chr7	 39450000	 40800000	27
chr7	 40600000	 41950000	27
chr7	 43000000	 43850000	17
chr7	 44500000	 44000000	10
chr7	 49450000	 51100000	33
chr7	 52300000	 51850000	9
chr7	 55300000	 56750000	29
chr7	 55650000	 56700000	21
chr7	 57550000	 56500000	21
chr7	 58900000	 59200000	6
chr7	 59200000	 58200000	20
chr7	 65400000	 64600000	16
chr7	 66350000	 66800000	9
chr7	 66950000	 68050000	22
chr7	 67750000	 67150000	12
chr7	 68450000	 67550000	18
chr7	 71450000	 70550000	18
chr7	 72550000	 72950000	8
chr7	 73500000	 74100000	12
chr7	 74300000	 74850000	11
chr7	 76950000	 77250000	6
chr7	 77550000	 79400000	37
chr7	 77900000	 78700000	16
chr7	 79650000	 82250000	52
chr7	 80000000	 78900000	22
chr7	 80350000	 79700000	13
chr7	 80850000	 79500000	27
chr7	 82800000	 85100000	46
chr7	 83250000	 82300000	19
chr7	 84150000	 84950000	16
chr7	 84300000	 85750000	29
chr7	 88550000	 90850000	46
chr7	 89050000	 90650000	32
chr7	 89900000	 90950000	21
chr7	 91450000	 92000000	11
chr7	 92650000	 97200000	91
chr7	 96550000	 95200000	27
chr7	 97050000	 97600000	11
chr7	 97400000	 98200000	16
chr7	 98100000	 96400000	34
chr7	 98600000	 95550000	61
chr7	 98650000	 97750000	18
chr7	 99000000	 99000000	0
chr7	 99350000	 98750000	12
chr7	100650000	101250000	12
chr7	101200000	100350000	17
chr7	106100000	107000000	18
chr7	107150000	107550000	8
chr7	108000000	109300000	26
chr7	112150000	110550000	32
chr7	112500000	111300000	24
chr7	113600000	112550000	21
chr7	114500000	116200000	34
chr7	116200000	114750000	29
chr7	116250000	114950000	26
chr7	116300000	117600000	26
chr7	116650000	118600000	39
chr7	118200000	119250000	21
chr7	119050000	119850000	16
chr7	127200000	128750000	31
chr7	128600000	130600000	40
chr7	128900000	128500000	8
chr7	131550000	132200000	13
chr7	132900000	132900000	0
chr7	132900000	133500000	12
chr7	134100000	136550000	49
chr7	136050000	135000000	21
chr7	136350000	135350000	20
chr7	137350000	137650000	6
chr7	137450000	135950000	30
chr7	138000000	139150000	23
chr7	138200000	137200000	20
chr7	138250000	139150000	18
chr7	138800000	142000000	64
chr7	139000000	137200000	36
chr7	139600000	140750000	23
chr7	139750000	139750000	0
chr7	139750000	140750000	20
chr7	142100000	141350000	15
chr7	142350000	142950000	12
chr7	142500000	143800000	26
chr7	144100000	144800000	14
chr8	  1250000	  1850000	12
chr8	  2550000	  4500000	39
chr8	  3550000	  2450000	22
chr8	  4700000	  3950000	15
chr8	  5550000	  7600000	41
chr8	  5950000	  5650000	6
chr8	  6600000	  5850000	15
chr8	 10750000	 13600000	57
chr8	 12550000	 14450000	38
chr8	 12900000	 13900000	20
chr8	 14100000	 14750000	13
chr8	 16550000	 14300000	45
chr8	 18800000	 18100000	14
chr8	 19500000	 21850000	47
chr8	 21550000	 20000000	31
chr8	 22400000	 23850000	29
chr8	 22750000	 23500000	15
chr8	 24400000	 22900000	30
chr8	 24450000	 23550000	18
chr8	 24750000	 22800000	39
chr8	 25100000	 25900000	16
chr8	 30200000	 31050000	17
chr8	 35100000	 37850000	55
chr8	 35350000	 34500000	17
chr8	 36750000	 34600000	43
chr8	 36750000	 35550000	24
chr8	 40300000	 39300000	20
chr8	 41400000	 43500000	42
chr8	 43150000	 43450000	6
chr8	 43400000	 44500000	22
chr8	 45700000	 46900000	24
chr8	 47100000	 47400000	6
chr8	 47350000	 46600000	15
chr8	 52100000	 50850000	25
chr8	 52650000	 51650000	20
chr8	 56100000	 55000000	22
chr8	 57000000	 56600000	8
chr8	 58850000	 58150000	14
chr8	 59250000	 60250000	20
chr8	 59800000	 58750000	21
chr8	 60800000	 62450000	33
chr8	 66450000	 65700000	15
chr8	 68300000	 68950000	13
chr8	 68550000	 67900000	13
chr8	 72950000	 74900000	39
chr8	 73700000	 72200000	30
chr8	 75700000	 75100000	12
chr8	 80750000	 82100000	27
chr8	 81400000	 79800000	32
chr8	 81800000	 81100000	14
chr8	 82050000	 80650000	28
chr8	 82300000	 83350000	21
chr8	 83850000	 84700000	17
chr8	 84350000	 83850000	10
chr8	 84450000	 82750000	34
chr8	 88300000	 86550000	35
chr8	 90200000	 91500000	26
chr8	 96550000	 98300000	35
chr8	103650000	104950000	26
chr8	104750000	101800000	59
chr8	105150000	103800000	27
chr8	105850000	106400000	11
chr8	106100000	107500000	28
chr8	108950000	106500000	49
chr8	114900000	115400000	10
chr8	115150000	113000000	43
chr8	115250000	116300000	21
chr8	115400000	116750000	27
chr8	116050000	116500000	9
chr8	116550000	118150000	32
chr8	122800000	122100000	14
chr8	123700000	122700000	20
chr8	123950000	125650000	34
chr8	124500000	125500000	20
chr8	124850000	127100000	45
chr8	125850000	122500000	67
chr8	126750000	127750000	20
chr8	128000000	127650000	7
chr8	128200000	128650000	9
chr8	128300000	127250000	21
chr8	128350000	127350000	20
chr9	  1050000	  2400000	27
chr9	  3100000	  2400000	14
chr9	  3500000	  4950000	29
chr9	  5150000	  4200000	19
chr9	  7200000	  9000000	36
chr9	  8300000	  6150000	43
chr9	  9800000	 11900000	42
chr9	 10150000	 10800000	13
chr9	 10750000	  9850000	18
chr9	 12850000	 12350000	10
chr9	 13600000	 13250000	7
chr9	 14050000	 13250000	16
chr9	 17600000	 16250000	27
chr9	 19050000	 18200000	17
chr9	 19950000	 20450000	10
chr9	 21650000	 22500000	17
chr9	 22600000	 22900000	6
chr9	 24200000	 23600000	12
chr9	 24300000	 23400000	18
chr9	 24550000	 26500000	39
chr9	 26650000	 27800000	23
chr9	 29350000	 29050000	6
chr9	 29950000	 29050000	18
chr9	 32550000	 35150000	52
chr9	 34000000	 31900000	42
chr9	 34050000	 33600000	9
chr9	 35100000	 36200000	22
chr9	 41500000	 42100000	12
chr9	 43050000	 40750000	46
chr9	 43150000	 42100000	21
chr9	 43950000	 44250000	6
chr9	 44950000	 47550000	52
chr9	 46900000	 45700000	24
chr9	 48900000	 50000000	22
chr9	 49000000	 49900000	18
chr9	 50200000	 49400000	16
chr9	 51450000	 53350000	38
chr9	 51850000	 49850000	40
chr9	 52600000	 52050000	11
chr9	 55800000	 55400000	8
chr9	 59450000	 58200000	25
chr9	 60000000	 58700000	26
chr9	 60500000	 60700000	4
chr9	 61350000	 61900000	11
chr9	 64900000	 63700000	24
chr9	 67650000	 67200000	9
chr9	 68250000	 68950000	14
chr9	 69850000	 69400000	9
chr9	 70000000	 68550000	29
chr9	 70550000	 69500000	21
chr9	 72500000	 72000000	10
chr9	 75400000	 74200000	24
chr9	 75500000	 76700000	24
chr9	 79700000	 80750000	21
chr9	 80450000	 79950000	10
chr9	 80500000	 81250000	15
chr9	 81950000	 83300000	27
chr9	 82400000	 81550000	17
chr9	 83100000	 83450000	7
chr9	 83450000	 81700000	35
chr9	 83700000	 82900000	16
chr9	 84150000	 84750000	12
chr9	 85450000	 79450000	120
chr9	 86300000	 84550000	35
chr9	 88850000	 88300000	11
chr9	 90050000	 87850000	44
chr9	 91350000	 90650000	14
chr9	 91500000	 89800000	34
chr9	 91600000	 93050000	29
chr9	 93850000	 94850000	20
chr9	 94150000	 92050000	42
chr9	 97900000	 97500000	8
chr9	 97950000	 96750000	24
chr9	 98150000	 95900000	45
chr9	 99800000	 98800000	20
chr9	 99900000	101200000	26
chr9	100300000	 99100000	24
chr9	102650000	 99050000	72
chr9	103000000	103450000	9
chr9	103150000	102150000	20
chr9	103800000	105600000	36
chr9	104550000	105550000	20
chr9	106150000	105400000	15
chr9	106250000	105300000	19
chr9	106450000	105350000	22
chr9	106650000	105250000	28
chr9	106850000	105950000	18
chr9	107200000	106100000	22
chr9	107500000	112150000	93
chr9	107550000	107000000	11
chr9	111800000	112200000	8
chr9	112650000	110200000	49
chr9	113250000	112300000	19
chr9	113350000	112750000	12
chr9	114150000	114950000	16
chr9	114700000	113250000	29
chr9	116350000	118050000	34
chr9	116900000	116250000	13
chr9	117350000	115800000	31
chr9	117450000	118500000	21
chr9	118050000	117450000	12
chr9	118100000	117100000	20
chr9	120200000	121600000	28
chr9	121450000	120050000	28
chr9	121550000	120650000	18
chr9	122000000	121200000	16
chr9	123950000	122850000	22
chrX	   300000	   900000	12
chrX	  2100000	   900000	24
chrX	  4050000	  4800000	15
chrX	  4600000	  3800000	16
chrX	  6900000	  8050000	23
chrX	  9350000	  8200000	23
chrX	  9600000	  8800000	16
chrX	 11000000	 11400000	8
chrX	 11550000	 10500000	21
chrX	 12150000	 12600000	9
chrX	 12600000	 14250000	33
chrX	 14500000	 13050000	29
chrX	 15150000	 17200000	41
chrX	 16550000	 18000000	29
chrX	 16700000	 17200000	10
chrX	 17250000	 18050000	16
chrX	 17750000	 19000000	25
chrX	 18950000	 19900000	19
chrX	 19300000	 19050000	5
chrX	 21200000	 21000000	4
chrX	 22650000	 21850000	16
chrX	 23550000	 22650000	18
chrX	 23600000	 21950000	33
chrX	 23750000	 24500000	15
chrX	 27050000	 28300000	25
chrX	 27600000	 27950000	7
chrX	 28650000	 27300000	27
chrX	 29800000	 31000000	24
chrX	 32300000	 34050000	35
chrX	 34250000	 34050000	4
chrX	 34950000	 34250000	14
chrX	 35400000	 34000000	28
chrX	 35400000	 34450000	19
chrX	 36050000	 36550000	10
chrX	 36400000	 37600000	24
chrX	 36850000	 36350000	10
chrX	 37900000	 36100000	36
chrX	 41300000	 40200000	22
chrX	 41300000	 40250000	21
chrX	 43550000	 42700000	17
chrX	 45850000	 46550000	14
chrX	 47950000	 45900000	41
chrX	 48500000	 46250000	45
chrX	 48750000	 49850000	22
chrX	 48850000	 47550000	26
chrX	 49000000	 50050000	21
chrX	 49600000	 50750000	23
chrX	 53150000	 51350000	36
chrX	 54950000	 56450000	30
chrX	 56550000	 56150000	8
chrX	 57650000	 58800000	23
chrX	 67700000	 68800000	22
chrX	 70550000	 71950000	28
chrX	 70950000	 70300000	13
chrX	 71000000	 70300000	14
chrX	 71950000	 73200000	25
chrX	 72350000	 74300000	39
chrX	 72950000	 71150000	36
chrX	 76250000	 77750000	30
chrX	 76550000	 77100000	11
chrX	 78600000	 80000000	28
chrX	 80000000	 79150000	17
chrX	 80500000	 79700000	16
chrX	 80700000	 82450000	35
chrX	 84050000	 84700000	13
chrX	 84100000	 83600000	10
chrX	 84300000	 85700000	28
chrX	 86400000	 85350000	21
chrX	 86750000	 87600000	17
chrX	 90300000	 88850000	29
chrX	 93850000	 92200000	33
chrX	 94600000	 95150000	11
chrX	 95300000	 93300000	40
chrX	 95300000	 96400000	22
chrX	 96400000	 97550000	23
chrX	101150000	100350000	16
chrX	101350000	 98200000	63
chrX	101900000	100750000	23
chrX	104150000	102750000	28
chrX	104800000	103300000	30
chrX	109150000	107750000	28
chrX	115900000	115250000	13
chrX	117350000	117850000	10
chrX	119650000	118400000	25
chrX	120400000	121450000	21
chrX	122150000	121650000	10
chrX	124500000	123100000	28
chrX	125700000	124600000	22
chrX	127850000	126350000	30
chrX	129400000	131050000	33
chrX	130350000	131400000	21
chrX	137700000	136700000	20
chrX	139350000	140350000	20
chrX	140500000	138800000	34
chrX	141300000	140200000	22
chrX	143200000	144850000	33
chrX	145100000	144250000	17
chrX	147500000	149750000	45
chrX	148150000	147100000	21
chrX	148200000	147500000	14
chrX	149850000	150000000	3
chrX	150550000	151100000	11
chrX	151600000	150900000	14
chrX	152200000	152850000	13
chrX	152650000	151700000	19
chrX	154350000	155350000	20
chrX	155400000	154600000	16
chrX	158400000	156100000	46
chrX	159750000	158950000	16
chrX	160350000	161800000	29
chrX	160450000	161250000	16
chrX	160700000	159850000	17
chrX	162450000	162000000	9
chrX	162950000	165500000	51
chrX	163100000	164400000	26
chrX	163600000	161950000	33
chrX	168100000	170450000	47
chrX	168650000	169950000	26
chrX	169050000	168250000	16
chrX	169300000	168950000	7
chrX	169700000	170750000	21
chrX	170350000	169850000	10
chrX	170650000	170300000	7
chrY	   950000	   150000	16
chrY	  3200000	  4650000	29
chrY	  4400000	  3300000	22
chrY	  9650000	  8950000	14
chrY	 10100000	  9200000	18
chrY	 11700000	 10350000	27
chrY	 11750000	  9850000	38
chrY	 13800000	 12700000	22
chrY	 14450000	 15250000	16
chrY	 14600000	 16350000	35
chrY	 16250000	 15700000	11
chrY	 16600000	 18450000	37
chrY	 17650000	 16900000	15
chrY	 18150000	 19300000	23
chrY	 18600000	 17950000	13
chrY	 19450000	 18950000	10
chrY	 19950000	 22300000	47
chrY	 20700000	 21250000	11
chrY	 21850000	 22450000	12
chrY	 24700000	 25000000	6
chrY	 24850000	 24000000	17
chrY	 26250000	 27100000	17
chrY	 26600000	 25950000	13
chrY	 28850000	 29350000	10
chrY	 30450000	 29900000	11
chrY	 32600000	 33300000	14
chrY	 32650000	 30300000	47
chrY	 34250000	 32200000	41
chrY	 34400000	 33150000	25
chrY	 37800000	 39700000	38
chrY	 38350000	 36650000	34
chrY	 38650000	 38150000	10
chrY	 40650000	 39500000	23
chrY	 40950000	 41350000	8
chrY	 41800000	 41000000	16
chrY	 43250000	 44350000	22
chrY	 46150000	 47900000	35
chrY	 46450000	 45650000	16
chrY	 49650000	 50250000	12
chrY	 49800000	 49350000	9
chrY	 53850000	 51000000	57
chrY	 57450000	 56800000	13
chrY	 58300000	 59200000	18
chrY	 60600000	 59550000	21
chrY	 61700000	 62400000	14
chrY	 63600000	 64800000	24
chrY	 63900000	 63550000	7
chrY	 64300000	 65600000	26
chrY	 64750000	 66250000	30
chrY	 65850000	 64800000	21
chrY	 66050000	 67150000	22
chrY	 66150000	 65800000	7
chrY	 68200000	 70700000	50
chrY	 69100000	 70250000	23
chrY	 69250000	 68250000	20
chrY	 70550000	 68750000	36
chrY	 71150000	 71950000	16
chrY	 74750000	 75750000	20
chrY	 75050000	 75050000	0
chrY	 76700000	 75500000	24
chrY	 77250000	 76850000	8
chrY	 77800000	 76700000	22
chrY	 79700000	 80050000	7
chrY	 82600000	 81000000	32
chrY	 86500000	 87300000	16
chrY	 86650000	 85950000	14
chrY	 87600000	 86750000	17
chrY	 89200000	 88550000	13
chrY	 89500000	 89900000	8
