chr1	   600000	   900000	6
chr1	  3150000	  3800000	13
chr1	  5900000	  7400000	30
chr1	  6100000	  5100000	20
chr1	  7450000	  5750000	34
chr1	  7700000	  8100000	8
chr1	  9100000	  7250000	37
chr1	 16650000	 16850000	4
chr1	 16900000	 18000000	22
chr1	 18000000	 19100000	22
chr1	 19450000	 20100000	13
chr1	 23000000	 21850000	23
chr1	 23300000	 22550000	15
chr1	 24600000	 27750000	63
chr1	 24900000	 23800000	22
chr1	 25100000	 24550000	11
chr1	 25600000	 24800000	16
chr1	 25750000	 26350000	12
chr1	 26900000	 28150000	25
chr1	 27800000	 29100000	26
chr1	 28650000	 30200000	31
chr1	 32600000	 31550000	21
chr1	 35000000	 36400000	28
chr1	 37250000	 36600000	13
chr1	 38650000	 40000000	27
chr1	 39500000	 40250000	15
chr1	 39600000	 39050000	11
chr1	 39750000	 41100000	27
chr1	 41000000	 38700000	46
chr1	 42000000	 41550000	9
chr1	 44350000	 42650000	34
chr1	 45900000	 47350000	29
chr1	 46550000	 47700000	23
chr1	 49200000	 47800000	28
chr1	 50350000	 51050000	14
chr1	 51550000	 49700000	37
chr1	 52250000	 53300000	21
chr1	 54050000	 54850000	16
chr1	 56250000	 58050000	36
chr1	 57800000	 55750000	41
chr1	 58750000	 59800000	21
chr1	 62800000	 63100000	6
chr1	 63200000	 62500000	14
chr1	 63950000	 65150000	24
chr1	 64200000	 60950000	65
chr1	 64950000	 62550000	48
chr1	 65850000	 65000000	17
chr1	 68900000	 69250000	7
chr1	 69500000	 70050000	11
chr1	 70150000	 69850000	6
chr1	 70250000	 69200000	21
chr1	 73450000	 70750000	54
chr1	 74850000	 74350000	10
chr1	 77200000	 77850000	13
chr1	 78100000	 72100000	120
chr1	 78850000	 79950000	22
chr1	 79000000	 80000000	20
chr1	 79250000	 78550000	14
chr1	 79500000	 79500000	0
chr1	 79950000	 81600000	33
chr1	 81400000	 80350000	21
chr1	 81750000	 80900000	17
chr1	 81900000	 79700000	44
chr1	 82700000	 83950000	25
chr1	 82750000	 81850000	18
chr1	 82750000	 84200000	29
chr1	 86550000	 85250000	26
chr1	 90350000	 91950000	32
chr1	 90900000	 90200000	14
chr1	 91200000	 90150000	21
chr1	 91200000	 90550000	13
chr1	 92100000	 93500000	28
chr1	 92200000	 91450000	15
chr1	 92350000	 90000000	47
chr1	 92750000	 92100000	13
chr1	 94250000	 94550000	6
chr1	 94850000	 92900000	39
chr1	 94950000	 93650000	26
chr1	 95750000	 94350000	28
chr1	 95850000	 97000000	23
chr1	 96600000	 95000000	32
chr1	 99300000	101800000	50
chr1	100150000	 99050000	22
chr1	100750000	101600000	17
chr1	100850000	101100000	5
chr1	102000000	102600000	12
chr1	103450000	101850000	32
chr1	104400000	105200000	16
chr1	105250000	104050000	24
chr1	105750000	106600000	17
chr1	106200000	104950000	25
chr1	107650000	106100000	31
chr1	109800000	110900000	22
chr1	110300000	111500000	24
chr1	111150000	111600000	9
chr1	112350000	116900000	91
chr1	114150000	115800000	33
chr1	116400000	117250000	17
chr1	118450000	118050000	8
chr1	118600000	117200000	28
chr1	119100000	117950000	23
chr1	119700000	120950000	25
chr1	120200000	120900000	14
chr1	120500000	121850000	27
chr1	121000000	121450000	9
chr1	125200000	125800000	12
chr1	125800000	126350000	11
chr1	127900000	129600000	34
chr1	131200000	131850000	13
chr1	132800000	131100000	34
chr1	134150000	133350000	16
chr1	134850000	136050000	24
chr1	135600000	133600000	40
chr1	136300000	136800000	10
chr1	136400000	137800000	28
chr1	136700000	138750000	41
chr1	138050000	140050000	40
chr1	138100000	136850000	25
chr1	139050000	138600000	9
chr1	139550000	138950000	12
chr1	139850000	140350000	10
chr1	140950000	143450000	50
chr1	141500000	140600000	18
chr1	142050000	143650000	32
chr1	144900000	143100000	36
chr1	145400000	144900000	10
chr1	146750000	146200000	11
chr1	148350000	147550000	16
chr1	150200000	150700000	10
chr1	150500000	148900000	32
chr1	151900000	152800000	18
chr1	152350000	152650000	6
chr1	153300000	151750000	31
chr1	153300000	154450000	23
chr1	154050000	154550000	10
chr1	154100000	152950000	23
chr1	154250000	154800000	11
chr1	158200000	157400000	16
chr1	158550000	157500000	21
chr1	160200000	160600000	8
chr1	161000000	159550000	29
chr1	161050000	163050000	40
chr1	162950000	162300000	13
chr1	165550000	164900000	13
chr1	167050000	166350000	14
chr1	168600000	167300000	26
chr1	169150000	168350000	16
chr1	171800000	170950000	17
chr1	171900000	173100000	24
chr1	172100000	168750000	67
chr1	175450000	174400000	21
chr1	176400000	175900000	10
chr1	176400000	177350000	19
chr1	177550000	178300000	15
chr1	181550000	180150000	28
chr1	183350000	183600000	5
chr1	185450000	186650000	24
chr1	186150000	185100000	21
chr1	186550000	183900000	53
chr1	190400000	190950000	11
chr1	193150000	192450000	14
chr1	193150000	194900000	35
chr10	  3600000	  1800000	36
chr10	  4100000	  4700000	12
chr10	  4400000	  6600000	44
chr10	  7500000	  8900000	28
chr10	  9050000	 10400000	27
chr10	 12300000	  9950000	47
chr10	 13350000	 15900000	51
chr10	 17850000	 18350000	10
chr10	 19000000	 18500000	10
chr10	 19150000	 15600000	71
chr10	 19700000	 19050000	13
chr10	 20350000	 19050000	26
chr10	 21150000	 20350000	16
chr10	 26850000	 25100000	35
chr10	 27100000	 29000000	38
chr10	 27600000	 28800000	24
chr10	 29350000	 30150000	16
chr10	 29850000	 32000000	43
chr10	 31250000	 30350000	18
chr10	 31650000	 32550000	18
chr10	 32800000	 31800000	20
chr10	 33450000	 30300000	63
chr10	 33900000	 34750000	17
chr10	 34250000	 32550000	34
chr10	 35000000	 33900000	22
chr10	 35500000	 33800000	34
chr10	 35950000	 35200000	15
chr10	 39500000	 38750000	15
chr10	 41450000	 42200000	15
chr10	 44050000	 46400000	47
chr10	 46150000	 48050000	38
chr10	 49400000	 48450000	19
chr10	 49650000	 48700000	19
chr10	 51650000	 50350000	26
chr10	 52350000	 53250000	18
chr10	 57400000	 53900000	70
chr10	 57700000	 57100000	12
chr10	 57950000	 56800000	23
chr10	 61400000	 61700000	6
chr10	 65150000	 65800000	13
chr10	 65950000	 65450000	10
chr10	 67700000	 66150000	31
chr10	 68450000	 69550000	22
chr10	 69000000	 66550000	49
chr10	 69800000	 71100000	26
chr10	 69850000	 70750000	18
chr10	 70800000	 69950000	17
chr10	 71250000	 72150000	18
chr10	 71900000	 73350000	29
chr10	 73250000	 73850000	12
chr10	 73950000	 73350000	12
chr10	 78050000	 76150000	38
chr10	 78700000	 77900000	16
chr10	 79400000	 80900000	30
chr10	 80200000	 79150000	21
chr10	 80400000	 79950000	9
chr10	 80500000	 79550000	19
chr10	 80800000	 80100000	14
chr10	 82650000	 83750000	22
chr10	 83600000	 84850000	25
chr10	 85050000	 84300000	15
chr10	 85450000	 84600000	17
chr10	 85550000	 86850000	26
chr10	 86400000	 87100000	14
chr10	 87200000	 89000000	36
chr10	 87550000	 88100000	11
chr10	 88850000	 88000000	17
chr10	 89700000	 88450000	25
chr10	 94400000	 93900000	10
chr10	 94950000	 93250000	34
chr10	 95450000	 96350000	18
chr10	 97200000	 98350000	23
chr10	 97650000	 96850000	16
chr10	 98850000	100250000	28
chr10	 99650000	 98450000	24
chr10	 99700000	 98700000	20
chr10	100850000	101400000	11
chr10	101700000	102850000	23
chr10	103200000	102950000	5
chr10	109550000	110600000	21
chr10	111500000	110500000	20
chr10	116000000	114050000	39
chr10	116900000	117400000	10
chr10	118100000	117350000	15
chr10	118300000	117200000	22
chr10	120300000	120050000	5
chr10	121800000	122650000	17
chr10	122100000	121750000	7
chr10	123500000	119850000	73
chr10	128300000	127700000	12
chr10	128650000	128150000	10
chr10	129500000	128250000	25
chr11	   100000	  2150000	41
chr11	  1400000	  2700000	26
chr11	  2550000	  2350000	4
chr11	  3600000	  2800000	16
chr11	  4300000	  3700000	12
chr11	  5500000	  6600000	22
chr11	  5550000	  5000000	11
chr11	  8200000	  6550000	33
chr11	  8350000	  6800000	31
chr11	 10400000	 11250000	17
chr11	 11450000	 13850000	48
chr11	 16300000	 17250000	19
chr11	 17750000	 18750000	20
chr11	 19150000	 16650000	50
chr11	 19450000	 21250000	36
chr11	 20050000	 17850000	44
chr11	 20950000	 20050000	18
chr11	 22850000	 22350000	10
chr11	 23800000	 24400000	12
chr11	 25750000	 26900000	23
chr11	 26400000	 25700000	14
chr11	 27650000	 26050000	32
chr11	 30700000	 29350000	27
chr11	 31550000	 31800000	5
chr11	 31650000	 32550000	18
chr11	 31750000	 33550000	36
chr11	 32400000	 32800000	8
chr11	 34300000	 39250000	99
chr11	 35850000	 33850000	40
chr11	 36900000	 40500000	72
chr11	 38850000	 38100000	15
chr11	 39400000	 40300000	18
chr11	 40750000	 39950000	16
chr11	 42350000	 43800000	29
chr11	 42750000	 41850000	18
chr11	 43950000	 44700000	15
chr11	 44950000	 43100000	37
chr11	 47000000	 48300000	26
chr11	 47950000	 49350000	28
chr11	 48800000	 49800000	20
chr11	 50500000	 52250000	35
chr11	 52250000	 50400000	37
chr11	 53800000	 54850000	21
chr11	 54400000	 55450000	21
chr11	 54800000	 57600000	56
chr11	 56900000	 57600000	14
chr11	 59550000	 59350000	4
chr11	 60150000	 59500000	13
chr11	 60200000	 57800000	48
chr11	 60450000	 60950000	10
chr11	 62150000	 63800000	33
chr11	 62350000	 60950000	28
chr11	 66000000	 65700000	6
chr11	 67000000	 67400000	8
chr11	 67650000	 69000000	27
chr11	 69750000	 70300000	11
chr11	 77550000	 78550000	20
chr11	 77950000	 77500000	9
chr11	 78350000	 77650000	14
chr11	 79450000	 79150000	6
chr11	 80250000	 83200000	59
chr11	 81350000	 81900000	11
chr11	 81650000	 82700000	21
chr11	 82350000	 81900000	9
chr11	 82800000	 83250000	9
chr11	 84150000	 83250000	18
chr11	 84200000	 83200000	20
chr11	 84600000	 85000000	8
chr11	 89450000	 89050000	8
chr11	 90050000	 89500000	11
chr11	 90650000	 92050000	28
chr11	 91000000	 91500000	10
chr11	 91650000	 93350000	34
chr11	 91900000	 90950000	19
chr11	 91950000	 92450000	10
chr11	 92750000	 91350000	28
chr11	 94700000	 95700000	20
chr11	 94750000	 96600000	37
chr11	 95450000	 96250000	16
chr11	 95500000	 94650000	17
chr11	 96900000	 98100000	24
chr11	 97600000	 97600000	0
chr11	100950000	102250000	26
chr11	100950000	102300000	27
chr11	101100000	103350000	45
chr11	101400000	102350000	19
chr11	101550000	100800000	15
chr11	101950000	102200000	5
chr11	103000000	103500000	10
chr11	105900000	105200000	14
chr11	108000000	107450000	11
chr11	109550000	110150000	12
chr11	110150000	110950000	16
chr11	110200000	107700000	50
chr11	116950000	115950000	20
chr11	117400000	116750000	13
chr11	118450000	116400000	41
chr11	118700000	118350000	7
chr12	   800000	  1900000	22
chr12	  1850000	  3850000	40
chr12	  4450000	  3750000	14
chr12	  7600000	  6650000	19
chr12	  9550000	  8900000	13
chr12	 10850000	 11850000	20
chr12	 13400000	 11750000	33
chr12	 16200000	 15000000	24
chr12	 18950000	 16900000	41
chr12	 21200000	 20150000	21
chr12	 22650000	 21300000	27
chr12	 23750000	 22250000	30
chr12	 24800000	 23500000	26
chr12	 24900000	 24900000	0
chr12	 25800000	 24800000	20
chr12	 26050000	 24150000	38
chr12	 30100000	 31000000	18
chr12	 30100000	 32550000	49
chr12	 34800000	 32450000	47
chr12	 35250000	 36000000	15
chr12	 37550000	 36000000	31
chr12	 38650000	 38250000	8
chr12	 39250000	 39850000	12
chr12	 42450000	 42000000	9
chr12	 44100000	 43250000	17
chr12	 46100000	 45250000	17
chr12	 48200000	 49900000	34
chr12	 49100000	 48550000	11
chr12	 51650000	 49850000	36
chr12	 52550000	 53450000	18
chr12	 53700000	 54150000	9
chr12	 54650000	 52550000	42
chr12	 56900000	 58200000	26
chr12	 58250000	 54850000	68
chr12	 58650000	 59500000	17
chr12	 58950000	 57900000	21
chr12	 61800000	 60700000	22
chr12	 62250000	 61250000	20
chr12	 65050000	 66950000	38
chr12	 65400000	 65800000	8
chr12	 65400000	 67350000	39
chr12	 66550000	 67250000	14
chr12	 68050000	 66550000	30
chr12	 68950000	 69350000	8
chr12	 71600000	 70950000	13
chr12	 73050000	 72050000	20
chr12	 73300000	 72100000	24
chr12	 77950000	 74950000	60
chr12	 79900000	 81300000	28
chr12	 83050000	 82450000	12
chr12	 84750000	 83850000	18
chr12	 84850000	 85800000	19
chr12	 85200000	 87300000	42
chr12	 85850000	 84250000	32
chr12	 87050000	 85750000	26
chr12	 87950000	 87350000	12
chr12	 89450000	 88100000	27
chr12	 89600000	 90850000	25
chr12	 90150000	 88850000	26
chr12	 91750000	 92200000	9
chr12	 92800000	 94700000	38
chr12	 93850000	 92600000	25
chr12	 95000000	 94350000	13
chr12	 95500000	 93750000	35
chr12	 95950000	 94400000	31
chr12	 98900000	 99750000	17
chr12	101000000	 99950000	21
chr12	102650000	 99950000	54
chr12	105450000	106850000	28
chr12	107600000	109300000	34
chr12	111600000	112550000	19
chr12	118900000	119500000	12
chr12	119250000	118200000	21
chr13	   500000	  1850000	27
chr13	  1950000	  4100000	43
chr13	  3500000	  5250000	35
chr13	  3850000	  4650000	16
chr13	  4250000	  2300000	39
chr13	  4650000	  3750000	18
chr13	  9550000	 10700000	23
chr13	 10000000	 12200000	44
chr13	 10400000	  8900000	30
chr13	 11700000	 10150000	31
chr13	 11900000	 12800000	18
chr13	 12400000	 14100000	34
chr13	 13450000	 14650000	24
chr13	 14400000	 13050000	27
chr13	 14850000	 13550000	26
chr13	 16350000	 17750000	28
chr13	 17250000	 16350000	18
chr13	 17300000	 15300000	40
chr13	 17900000	 18450000	11
chr13	 18850000	 20650000	36
chr13	 20450000	 19150000	26
chr13	 20800000	 20100000	14
chr13	 22100000	 18900000	64
chr13	 23400000	 22150000	25
chr13	 24850000	 24050000	16
chr13	 25000000	 25250000	5
chr13	 25400000	 26850000	29
chr13	 25550000	 24600000	19
chr13	 26350000	 28750000	48
chr13	 26650000	 28050000	28
chr13	 26850000	 25850000	20
chr13	 27650000	 28200000	11
chr13	 28000000	 28700000	14
chr13	 30250000	 28550000	34
chr13	 30350000	 31950000	32
chr13	 31750000	 30750000	20
chr13	 32500000	 33050000	11
chr13	 35150000	 32800000	47
chr13	 37800000	 39400000	32
chr13	 38700000	 38400000	6
chr13	 39150000	 39800000	13
chr13	 40350000	 39200000	23
chr13	 40500000	 39700000	16
chr13	 40850000	 40300000	11
chr13	 41650000	 40150000	30
chr13	 41900000	 44000000	42
chr13	 43650000	 45100000	29
chr13	 48450000	 48100000	7
chr13	 49850000	 50800000	19
chr13	 51400000	 49600000	36
chr13	 52000000	 50400000	32
chr13	 59400000	 58950000	9
chr13	 59500000	 60750000	25
chr13	 67900000	 66850000	21
chr13	 68450000	 68800000	7
chr13	 70100000	 71800000	34
chr13	 71300000	 70300000	20
chr13	 73900000	 72500000	28
chr13	 76100000	 74950000	23
chr13	 77050000	 78150000	22
chr13	 77200000	 78700000	30
chr13	 78650000	 79600000	19
chr13	 78650000	 79700000	21
chr13	 78850000	 78250000	12
chr13	 82900000	 83900000	20
chr13	 84100000	 83750000	7
chr13	 84700000	 86500000	36
chr13	 85200000	 86350000	23
chr13	 85550000	 85950000	8
chr13	 87350000	 83850000	70
chr13	 87800000	 83950000	77
chr13	 92900000	 93300000	8
chr13	 94650000	 96250000	32
chr13	 95000000	 96150000	23
chr13	 95900000	 93800000	42
chr13	 96000000	 96700000	14
chr13	 97000000	 96100000	18
chr13	100800000	100250000	11
chr13	105150000	103200000	39
chr13	105250000	103400000	37
chr13	105450000	104400000	21
chr13	105650000	106400000	15
chr13	106800000	104700000	42
chr13	111100000	112650000	31
chr13	111250000	110450000	16
chr13	111800000	112900000	22
chr13	117650000	118250000	12
chr13	119000000	117900000	22
chr13	119600000	120100000	10
chr14	   200000	  2400000	44
chr14	  2450000	  4600000	43
chr14	  5100000	  4000000	22
chr14	  5600000	  6400000	16
chr14	  5700000	  3700000	40
chr14	  9000000	  8100000	18
chr14	 11500000	 12500000	20
chr14	 14500000	 13000000	30
chr14	 14900000	 16400000	30
chr14	 16850000	 18100000	25
chr14	 18450000	 16700000	35
chr14	 19450000	 20300000	17
chr14	 21350000	 20500000	17
chr14	 27750000	 28700000	19
chr14	 27850000	 26750000	22
chr14	 28700000	 27950000	15
chr14	 29450000	 30650000	24
chr14	 30000000	 27250000	55
chr14	 34450000	 33400000	21
chr14	 34450000	 33450000	20
chr14	 35000000	 35450000	9
chr14	 35050000	 35750000	14
chr14	 38300000	 39300000	20
chr14	 38650000	 37500000	23
chr14	 39050000	 38300000	15
chr14	 39850000	 40900000	21
chr14	 40650000	 43950000	66
chr14	 42700000	 44050000	27
chr14	 43350000	 44200000	17
chr14	 44200000	 42800000	28
chr14	 44500000	 44750000	5
chr14	 45950000	 44950000	20
chr14	 47150000	 48600000	29
chr14	 47500000	 46350000	23
chr14	 48900000	 49350000	9
chr14	 49100000	 48600000	10
chr14	 51900000	 50650000	25
chr14	 53050000	 52100000	19
chr14	 56400000	 56600000	4
chr14	 57650000	 57100000	11
chr14	 58800000	 59300000	10
chr14	 59900000	 59300000	12
chr14	 62400000	 64200000	36
chr14	 62550000	 61200000	27
chr14	 63900000	 64750000	17
chr14	 64900000	 63900000	20
chr14	 65450000	 66300000	17
chr14	 65600000	 66350000	15
chr14	 66200000	 65650000	11
chr14	 68900000	 68900000	0
chr14	 69100000	 72200000	62
chr14	 69350000	 68100000	25
chr14	 69550000	 71900000	47
chr14	 70150000	 72650000	50
chr14	 71250000	 72050000	16
chr14	 71500000	 73750000	45
chr14	 72500000	 73150000	13
chr14	 72600000	 71400000	24
chr14	 73400000	 71700000	34
chr14	 74400000	 74100000	6
chr14	 74750000	 76300000	31
chr14	 76050000	 74300000	35
chr14	 80950000	 80200000	15
chr14	 82600000	 80950000	33
chr14	 82850000	 81550000	26
chr14	 82900000	 81950000	19
chr14	 84150000	 85550000	28
chr14	 88400000	 89550000	23
chr14	 90650000	 88900000	35
chr14	 90750000	 91450000	14
chr14	 91400000	 92050000	13
chr14	 95400000	 95050000	7
chr14	 96750000	 95100000	33
chr14	100950000	100350000	12
chr14	101250000	103400000	43
chr14	101450000	101750000	6
chr14	102150000	100350000	36
chr14	102800000	101700000	22
chr14	104500000	103750000	15
chr14	107200000	106250000	19
chr14	110700000	109250000	29
chr14	110800000	113400000	52
chr14	111200000	113650000	49
chr14	112850000	112200000	13
chr14	114050000	114500000	9
chr14	114100000	116400000	46
chr14	115550000	116400000	17
chr14	115550000	117300000	35
chr14	117000000	115750000	25
chr14	117450000	116400000	21
chr14	118850000	118050000	16
chr14	119150000	117550000	32
chr14	122150000	121200000	19
chr14	122700000	123950000	25
chr14	123150000	123700000	11
chr15	  2350000	  3300000	19
chr15	  2650000	  1400000	25
chr15	  6300000	  5400000	18
chr15	  7850000	  6650000	24
chr15	  8700000	  7250000	29
chr15	  9250000	  7950000	26
chr15	 11450000	 10750000	14
chr15	 12650000	 13450000	16
chr15	 12700000	 12200000	10
chr15	 13050000	 13950000	18
chr15	 14200000	 14950000	15
chr15	 14550000	 15550000	20
chr15	 14900000	 14550000	7
chr15	 15150000	 14050000	22
chr15	 15600000	 16800000	24
chr15	 16100000	 14650000	29
chr15	 18150000	 19550000	28
chr15	 19500000	 20600000	22
chr15	 19600000	 18450000	23
chr15	 21050000	 20000000	21
chr15	 21200000	 22000000	16
chr15	 21950000	 22700000	15
chr15	 22600000	 21300000	26
chr15	 27650000	 26200000	29
chr15	 27850000	 29250000	28
chr15	 29850000	 29350000	10
chr15	 31200000	 34000000	56
chr15	 31950000	 30800000	23
chr15	 32700000	 32300000	8
chr15	 33650000	 34500000	17
chr15	 36000000	 37500000	30
chr15	 37200000	 38750000	31
chr15	 38200000	 40150000	39
chr15	 40150000	 42150000	40
chr15	 42000000	 42900000	18
chr15	 42400000	 40600000	36
chr15	 42950000	 42350000	12
chr15	 44550000	 45450000	18
chr15	 45450000	 44450000	20
chr15	 45450000	 46000000	11
chr15	 45600000	 44950000	13
chr15	 47250000	 42650000	92
chr15	 49000000	 47750000	25
chr15	 52950000	 52100000	17
chr15	 55600000	 56700000	22
chr15	 56600000	 57300000	14
chr15	 56750000	 55550000	24
chr15	 57000000	 55900000	22
chr15	 57200000	 58900000	34
chr15	 57800000	 56850000	19
chr15	 58100000	 56750000	27
chr15	 58350000	 57350000	20
chr15	 58350000	 59150000	16
chr15	 58450000	 59250000	16
chr15	 59350000	 58350000	20
chr15	 61900000	 64500000	52
chr15	 62850000	 61450000	28
chr15	 64050000	 63800000	5
chr15	 64400000	 63950000	9
chr15	 67900000	 67050000	17
chr15	 70350000	 70800000	9
chr15	 71750000	 73600000	37
chr15	 73850000	 74200000	7
chr15	 73850000	 74650000	16
chr15	 75900000	 77000000	22
chr15	 76500000	 75500000	20
chr15	 78350000	 77350000	20
chr15	 81850000	 79600000	45
chr15	 82300000	 80450000	37
chr15	 84450000	 83800000	13
chr15	 86500000	 87650000	23
chr15	 86750000	 86950000	4
chr15	 88600000	 88150000	9
chr15	 89550000	 88450000	22
chr15	 90200000	 88750000	29
chr15	 92350000	 93050000	14
chr15	 93700000	 90650000	61
chr15	 95100000	 92550000	51
chr15	 95200000	 96100000	18
chr15	 95800000	 96900000	22
chr15	101850000	102250000	8
chr15	102750000	103750000	20
chr15	103400000	102450000	19
chr16	  3750000	  3350000	8
chr16	  4000000	  5200000	24
chr16	  4750000	  8300000	71
chr16	  5150000	  6700000	31
chr16	  6000000	  5650000	7
chr16	  6300000	  7700000	28
chr16	  8700000	  9850000	23
chr16	 11150000	 10850000	6
chr16	 13050000	 13450000	8
chr16	 15850000	 16800000	19
chr16	 16300000	 17300000	20
chr16	 17050000	 16450000	12
chr16	 22600000	 22100000	10
chr16	 24900000	 24300000	12
chr16	 26000000	 27250000	25
chr16	 28850000	 29350000	10
chr16	 29150000	 27650000	30
chr16	 32400000	 32700000	6
chr16	 32850000	 33650000	16
chr16	 35700000	 36250000	11
chr16	 35750000	 34550000	24
chr16	 38450000	 37300000	23
chr16	 39100000	 40200000	22
chr16	 39400000	 36850000	51
chr16	 40950000	 39850000	22
chr16	 42550000	 43050000	10
chr16	 45100000	 43650000	29
chr16	 45300000	 47250000	39
chr16	 45500000	 46300000	16
chr16	 46650000	 46500000	3
chr16	 47400000	 48400000	20
chr16	 47650000	 48300000	13
chr16	 48400000	 47950000	9
chr16	 49550000	 48600000	19
chr16	 52550000	 51550000	20
chr16	 52600000	 51400000	24
chr16	 54200000	 55700000	30
chr16	 58350000	 56700000	33
chr16	 59150000	 59950000	16
chr16	 60200000	 59200000	20
chr16	 60750000	 61700000	19
chr16	 60800000	 61650000	17
chr16	 64250000	 65100000	17
chr16	 65050000	 63250000	36
chr16	 65850000	 65600000	5
chr16	 66350000	 67400000	21
chr16	 66450000	 65700000	15
chr16	 69900000	 71650000	35
chr16	 70900000	 71600000	14
chr16	 71950000	 70200000	35
chr16	 71950000	 72850000	18
chr16	 72400000	 70400000	40
chr16	 73550000	 73000000	11
chr16	 75800000	 73600000	44
chr16	 75850000	 77250000	28
chr16	 76950000	 76400000	11
chr16	 78200000	 76900000	26
chr16	 80250000	 79250000	20
chr16	 81700000	 81100000	12
chr16	 82100000	 80800000	26
chr16	 82550000	 83300000	15
chr16	 83200000	 84800000	32
chr16	 84150000	 83400000	15
chr16	 85050000	 83900000	23
chr16	 86250000	 87650000	28
chr16	 86650000	 87950000	26
chr16	 87900000	 87300000	12
chr16	 92600000	 93700000	22
chr16	 97300000	 95350000	39
chr16	 97450000	 96300000	23
chr17	  1600000	   550000	21
chr17	  1850000	  2950000	22
chr17	  2000000	  1200000	16
chr17	  2400000	  4100000	34
chr17	  2900000	  4250000	27
chr17	  4850000	  6550000	34
chr17	  7100000	  7850000	15
chr17	  7350000	  4800000	51
chr17	  9650000	  8500000	23
chr17	  9800000	 10750000	19
chr17	 11300000	 12000000	14
chr17	 11400000	 10650000	15
chr17	 12150000	 11850000	6
chr17	 13100000	 13750000	13
chr17	 14050000	 14900000	17
chr17	 14850000	 17100000	45
chr17	 15000000	 14500000	10
chr17	 15200000	 16750000	31
chr17	 17050000	 17750000	14
chr17	 18550000	 20200000	33
chr17	 20100000	 18900000	24
chr17	 20950000	 21450000	10
chr17	 21250000	 21500000	5
chr17	 23550000	 25400000	37
chr17	 23800000	 23450000	7
chr17	 24750000	 25550000	16
chr17	 25850000	 25300000	11
chr17	 27100000	 25800000	26
chr17	 27100000	 26250000	17
chr17	 27850000	 26700000	23
chr17	 28450000	 28450000	0
chr17	 32350000	 31200000	23
chr17	 34250000	 37200000	59
chr17	 36050000	 34000000	41
chr17	 36250000	 35600000	13
chr17	 38250000	 35950000	46
chr17	 40650000	 42400000	35
chr17	 41750000	 42550000	16
chr17	 45000000	 46000000	20
chr17	 45650000	 46550000	18
chr17	 53300000	 51850000	29
chr17	 53600000	 54800000	24
chr17	 54900000	 55250000	7
chr17	 56250000	 55550000	14
chr17	 57050000	 56400000	13
chr17	 57150000	 57750000	12
chr17	 59500000	 61850000	47
chr17	 60150000	 57250000	58
chr17	 61400000	 62300000	18
chr17	 63500000	 64150000	13
chr17	 65400000	 64600000	16
chr17	 65750000	 65150000	12
chr17	 67400000	 66400000	20
chr17	 70550000	 71100000	11
chr17	 71200000	 70400000	16
chr17	 71400000	 72500000	22
chr17	 71900000	 71500000	8
chr17	 74600000	 75550000	19
chr17	 74950000	 73800000	23
chr17	 80350000	 81550000	24
chr17	 82400000	 82900000	10
chr17	 83000000	 81700000	26
chr17	 83200000	 81850000	27
chr17	 86000000	 86800000	16
chr17	 86100000	 86900000	16
chr17	 86450000	 85450000	20
chr17	 88000000	 88800000	16
chr17	 88900000	 89700000	16
chr17	 89400000	 88800000	12
chr17	 90700000	 91650000	19
chr17	 91500000	 92600000	22
chr17	 92650000	 94100000	29
chr17	 93000000	 90800000	44
chr17	 93550000	 94100000	11
chr18	   950000	  1700000	15
chr18	  1900000	  2900000	20
chr18	  3950000	  2900000	21
chr18	  6100000	  5800000	6
chr18	  9050000	  8050000	20
chr18	 10700000	 10200000	10
chr18	 12350000	 13650000	26
chr18	 14850000	 14250000	12
chr18	 15000000	 14250000	15
chr18	 15000000	 16750000	35
chr18	 16150000	 18900000	55
chr18	 16700000	 15650000	21
chr18	 22250000	 21700000	11
chr18	 23000000	 21900000	22
chr18	 24950000	 24300000	13
chr18	 25750000	 24700000	21
chr18	 26150000	 25100000	21
chr18	 26650000	 28300000	33
chr18	 28600000	 30250000	33
chr18	 29300000	 30450000	23
chr18	 30100000	 29600000	10
chr18	 30200000	 28800000	28
chr18	 34450000	 34050000	8
chr18	 34850000	 33950000	18
chr18	 34950000	 36000000	21
chr18	 36200000	 34600000	32
chr18	 37750000	 38300000	11
chr18	 37950000	 38800000	17
chr18	 38100000	 37150000	19
chr18	 38150000	 37050000	22
chr18	 39200000	 39950000	15
chr18	 40000000	 38650000	27
chr18	 44050000	 44500000	9
chr18	 45200000	 45900000	14
chr18	 45200000	 46250000	21
chr18	 47250000	 48000000	15
chr18	 49150000	 47650000	30
chr18	 49950000	 48600000	27
chr18	 50500000	 49950000	11
chr18	 50950000	 51600000	13
chr18	 53600000	 52350000	25
chr18	 54000000	 52650000	27
chr18	 54300000	 54150000	3
chr18	 59450000	 57950000	30
chr18	 59900000	 60350000	9
chr18	 61100000	 61950000	17
chr18	 65250000	 64300000	19
chr18	 67400000	 65900000	30
chr18	 69150000	 67950000	24
chr18	 69850000	 69600000	5
chr18	 71150000	 72500000	27
chr18	 72600000	 71950000	13
chr18	 73700000	 72300000	28
chr18	 77400000	 78200000	16
chr18	 78300000	 79600000	26
chr18	 78600000	 78000000	12
chr18	 78900000	 78000000	18
chr18	 82100000	 82900000	16
chr18	 84350000	 83650000	14
chr18	 85050000	 86000000	19
chr18	 87500000	 85350000	43
chr18	 90150000	 89150000	20
chr19	  3250000	  4450000	24
chr19	  6000000	  4100000	38
chr19	  6050000	  4550000	30
chr19	  6350000	  7550000	24
chr19	  8100000	  7400000	14
chr19	  8850000	  7500000	27
chr19	  9450000	  8150000	26
chr19	  9800000	 10350000	11
chr19	  9950000	  9000000	19
chr19	 10450000	  9800000	13
chr19	 10800000	  9800000	20
chr19	 12850000	 11450000	28
chr19	 13100000	 14900000	36
chr19	 14700000	 17650000	59
chr19	 15100000	 11500000	72
chr19	 15100000	 16050000	19
chr19	 17350000	 18050000	14
chr19	 18600000	 18300000	6
chr19	 19150000	 18550000	12
chr19	 20750000	 20100000	13
chr19	 22900000	 21050000	37
chr19	 25450000	 26500000	21
chr19	 25550000	 27050000	30
chr19	 25800000	 27250000	29
chr19	 27900000	 30750000	57
chr19	 28850000	 27800000	21
chr19	 29100000	 29800000	14
chr19	 30400000	 29500000	18
chr19	 31850000	 30100000	35
chr19	 32550000	 33600000	21
chr19	 32950000	 32250000	14
chr19	 33000000	 30700000	46
chr19	 33500000	 34050000	11
chr19	 34450000	 33600000	17
chr19	 36650000	 37450000	16
chr19	 38250000	 39050000	16
chr19	 39600000	 39250000	7
chr19	 39850000	 40550000	14
chr19	 39950000	 38700000	25
chr19	 41500000	 40600000	18
chr19	 42200000	 40450000	35
chr19	 43300000	 45350000	41
chr19	 45400000	 46500000	22
chr19	 48050000	 47650000	8
chr19	 49350000	 49550000	4
chr19	 50200000	 49700000	10
chr19	 50750000	 48450000	46
chr19	 54200000	 54900000	14
chr19	 55000000	 53800000	24
chr19	 56050000	 57150000	22
chr19	 57900000	 57000000	18
chr19	 58000000	 56900000	22
chr19	 58750000	 57750000	20
chr19	 59300000	 60100000	16
chr2	  1000000	  2400000	28
chr2	  1800000	   800000	20
chr2	  2150000	  7000000	97
chr2	  3900000	  2550000	27
chr2	  4950000	  4200000	15
chr2	  5700000	  4500000	24
chr2	  7450000	  3500000	79
chr2	  9450000	 10450000	20
chr2	 10650000	  9650000	20
chr2	 13050000	 12500000	11
chr2	 14300000	 13800000	10
chr2	 14750000	 16000000	25
chr2	 15700000	 15000000	14
chr2	 15950000	 14450000	30
chr2	 16050000	 16750000	14
chr2	 16500000	 15800000	14
chr2	 18950000	 20750000	36
chr2	 20250000	 20850000	12
chr2	 20450000	 19850000	12
chr2	 21500000	 21950000	9
chr2	 22000000	 23500000	30
chr2	 23350000	 24650000	26
chr2	 23500000	 22350000	23
chr2	 25750000	 27000000	25
chr2	 26400000	 28100000	34
chr2	 29300000	 29200000	2
chr2	 30700000	 26200000	90
chr2	 30700000	 29700000	20
chr2	 31000000	 30150000	17
chr2	 31350000	 32000000	13
chr2	 31850000	 32250000	8
chr2	 32250000	 31400000	17
chr2	 33100000	 33900000	16
chr2	 33600000	 32200000	28
chr2	 33700000	 35250000	31
chr2	 34450000	 33500000	19
chr2	 37400000	 37750000	7
chr2	 38750000	 38500000	5
chr2	 39800000	 40700000	18
chr2	 40600000	 38450000	43
chr2	 41400000	 40050000	27
chr2	 43800000	 42800000	20
chr2	 43900000	 44950000	21
chr2	 44900000	 43750000	23
chr2	 45900000	 46300000	8
chr2	 46600000	 47250000	13
chr2	 50800000	 48800000	40
chr2	 53650000	 54450000	16
chr2	 54250000	 55200000	19
chr2	 54900000	 56250000	27
chr2	 56350000	 57650000	26
chr2	 60050000	 60950000	18
chr2	 62500000	 60850000	33
chr2	 62600000	 63650000	21
chr2	 62750000	 61700000	21
chr2	 62850000	 61750000	22
chr2	 64250000	 65350000	22
chr2	 65500000	 67050000	31
chr2	 66500000	 65250000	25
chr2	 68050000	 67700000	7
chr2	 69300000	 67900000	28
chr2	 72450000	 73700000	25
chr2	 74600000	 74000000	12
chr2	 74950000	 75300000	7
chr2	 75100000	 73900000	24
chr2	 75800000	 76500000	14
chr2	 77650000	 79000000	27
chr2	 78700000	 77400000	26
chr2	 80150000	 80850000	14
chr2	 80250000	 81200000	19
chr2	 82400000	 83550000	23
chr2	 82450000	 83450000	20
chr2	 83750000	 84700000	19
chr2	 87800000	 87100000	14
chr2	 88500000	 90050000	31
chr2	 88600000	 85350000	65
chr2	 89450000	 88500000	19
chr2	 89550000	 87650000	38
chr2	 89800000	 91500000	34
chr2	 89850000	 87800000	41
chr2	 90200000	 92100000	38
chr2	 90900000	 90350000	11
chr2	 91850000	 91300000	11
chr2	 91850000	 92400000	11
chr2	 92900000	 94850000	39
chr2	 94050000	 94300000	5
chr2	 96000000	 95650000	7
chr2	 96450000	 97450000	20
chr2	 96650000	 95100000	31
chr2	 96750000	 98900000	43
chr2	 96850000	 97350000	10
chr2	 99650000	100700000	21
chr2	102100000	100350000	35
chr2	102950000	102200000	15
chr2	103550000	100750000	56
chr2	103600000	102750000	17
chr2	105400000	106700000	26
chr2	105500000	106100000	12
chr2	108300000	108950000	13
chr2	108950000	111250000	46
chr2	109350000	110500000	23
chr2	110150000	108350000	36
chr2	115650000	116350000	14
chr2	116050000	115000000	21
chr2	118650000	119650000	20
chr2	121150000	119350000	36
chr2	124300000	125200000	18
chr2	125400000	126700000	26
chr2	126350000	128800000	49
chr2	127850000	126800000	21
chr2	128300000	126350000	39
chr2	128950000	129600000	13
chr2	129500000	128550000	19
chr2	137650000	135950000	34
chr2	137700000	138450000	15
chr2	138100000	138900000	16
chr2	142550000	143150000	12
chr2	143250000	142050000	24
chr2	150950000	150950000	0
chr2	154450000	155750000	26
chr2	155300000	154150000	23
chr2	155400000	156650000	25
chr2	157450000	158250000	16
chr2	158200000	156650000	31
chr2	159350000	158250000	22
chr2	159950000	160350000	8
chr2	160650000	160250000	8
chr2	161150000	159700000	29
chr2	161950000	161400000	11
chr2	163550000	163550000	0
chr2	165300000	163200000	42
chr2	166200000	167050000	17
chr2	167650000	168150000	10
chr2	170700000	169300000	28
chr2	171050000	169700000	27
chr2	172600000	171450000	23
chr2	174750000	174000000	15
chr2	176600000	177900000	26
chr2	177000000	176450000	11
chr2	177150000	178400000	25
chr2	177450000	180450000	60
chr2	178150000	177850000	6
chr2	179600000	178650000	19
chr2	180550000	179850000	14
chr2	180700000	181100000	8
chr2	181650000	179800000	37
chr3	   700000	  1600000	18
chr3	  1750000	  1100000	13
chr3	  3750000	  5700000	39
chr3	  4950000	  6300000	27
chr3	  9450000	 10700000	25
chr3	  9700000	  7300000	48
chr3	 11250000	 10800000	9
chr3	 11450000	 12700000	25
chr3	 15750000	 14600000	23
chr3	 18600000	 17650000	19
chr3	 20600000	 22650000	41
chr3	 21900000	 20850000	21
chr3	 22600000	 21150000	29
chr3	 23250000	 24300000	21
chr3	 27450000	 28300000	17
chr3	 28150000	 28500000	7
chr3	 29900000	 29200000	14
chr3	 32050000	 33100000	21
chr3	 34600000	 33600000	20
chr3	 36400000	 36750000	7
chr3	 37650000	 35400000	45
chr3	 37850000	 37600000	5
chr3	 39300000	 39100000	4
chr3	 39350000	 39650000	6
chr3	 43750000	 43250000	10
chr3	 45250000	 44800000	9
chr3	 47700000	 47850000	3
chr3	 48000000	 48650000	13
chr3	 49050000	 50450000	28
chr3	 49250000	 48000000	25
chr3	 52050000	 50950000	22
chr3	 53100000	 53600000	10
chr3	 53300000	 55300000	40
chr3	 53800000	 53450000	7
chr3	 54950000	 56650000	34
chr3	 55600000	 54500000	22
chr3	 56500000	 58900000	48
chr3	 57200000	 55450000	35
chr3	 57250000	 57250000	0
chr3	 57650000	 58450000	16
chr3	 58900000	 59950000	21
chr3	 60600000	 61750000	23
chr3	 60700000	 61900000	24
chr3	 61050000	 60000000	21
chr3	 61850000	 62850000	20
chr3	 62700000	 63400000	14
chr3	 63500000	 64150000	13
chr3	 64100000	 62650000	29
chr3	 65900000	 66700000	16
chr3	 70050000	 69400000	13
chr3	 70200000	 69550000	13
chr3	 71100000	 72000000	18
chr3	 71250000	 68600000	53
chr3	 73500000	 71850000	33
chr3	 75500000	 75050000	9
chr3	 78000000	 79350000	27
chr3	 78200000	 76700000	30
chr3	 78850000	 79600000	15
chr3	 79450000	 80750000	26
chr3	 80350000	 78150000	44
chr3	 81800000	 80650000	23
chr3	 83400000	 83750000	7
chr3	 83850000	 84700000	17
chr3	 84700000	 82850000	37
chr3	 84900000	 85950000	21
chr3	 85000000	 82750000	45
chr3	 86300000	 86950000	13
chr3	 86850000	 87600000	15
chr3	 88650000	 91500000	57
chr3	 90800000	 90350000	9
chr3	 91100000	 88250000	57
chr3	 93750000	 95200000	29
chr3	 94450000	 95000000	11
chr3	 95000000	 95800000	16
chr3	 95800000	 95400000	8
chr3	 96100000	 99550000	69
chr3	 97000000	 98050000	21
chr3	 97700000	 97050000	13
chr3	 98200000	 97300000	18
chr3	 99000000	 98300000	14
chr3	 99400000	 98850000	11
chr3	 99850000	100250000	8
chr3	100000000	 98850000	23
chr3	100250000	101050000	16
chr3	101050000	 97150000	78
chr3	101050000	100450000	12
chr3	102050000	103900000	37
chr3	102250000	106050000	76
chr3	105050000	103850000	24
chr3	105100000	104300000	16
chr3	106300000	105300000	20
chr3	107400000	109650000	45
chr3	111150000	110050000	22
chr3	114850000	116050000	24
chr3	117200000	115700000	30
chr3	117550000	117150000	8
chr3	118350000	119550000	24
chr3	118700000	119100000	8
chr3	119050000	118850000	4
chr3	121000000	121900000	18
chr3	121400000	119450000	39
chr3	122000000	120400000	32
chr3	122800000	122500000	6
chr3	122900000	124200000	26
chr3	123200000	124000000	16
chr3	123450000	122150000	26
chr3	124150000	125350000	24
chr3	125500000	126350000	17
chr3	126400000	127400000	20
chr3	128800000	127950000	17
chr3	129550000	130150000	12
chr3	130750000	129950000	16
chr3	131950000	132650000	14
chr3	136100000	135550000	11
chr3	136300000	135250000	21
chr3	137000000	138150000	23
chr3	139050000	139950000	18
chr3	139400000	140550000	23
chr3	139850000	139100000	15
chr3	143950000	145450000	30
chr3	144000000	145050000	21
chr3	146450000	147400000	19
chr3	146500000	147800000	26
chr3	150100000	148250000	37
chr3	150500000	150850000	7
chr3	150800000	147850000	59
chr3	152600000	150950000	33
chr3	153750000	152250000	30
chr3	156750000	155600000	23
chr3	159900000	159450000	9
chr4	  1800000	  3250000	29
chr4	  2200000	  3350000	23
chr4	  2450000	  3350000	18
chr4	  2600000	  1950000	13
chr4	  2800000	  4200000	28
chr4	  3500000	  3750000	5
chr4	  7850000	  6800000	21
chr4	 14600000	 13650000	19
chr4	 15550000	 14700000	17
chr4	 15750000	 12650000	62
chr4	 18000000	 17500000	10
chr4	 18450000	 19350000	18
chr4	 20300000	 19350000	19
chr4	 20800000	 21800000	20
chr4	 21700000	 23000000	26
chr4	 21750000	 20100000	33
chr4	 23650000	 25200000	31
chr4	 24100000	 24400000	6
chr4	 24850000	 25300000	9
chr4	 25450000	 27050000	32
chr4	 29550000	 29050000	10
chr4	 29650000	 29000000	13
chr4	 32250000	 33150000	18
chr4	 32400000	 33500000	22
chr4	 34450000	 33250000	24
chr4	 35050000	 35900000	17
chr4	 36850000	 34700000	43
chr4	 37350000	 36300000	21
chr4	 38050000	 39700000	33
chr4	 38850000	 40200000	27
chr4	 39050000	 37250000	36
chr4	 41750000	 40800000	19
chr4	 43050000	 41950000	22
chr4	 44650000	 43600000	21
chr4	 45450000	 44350000	22
chr4	 46350000	 44550000	36
chr4	 48700000	 51450000	55
chr4	 48950000	 49800000	17
chr4	 50700000	 50100000	12
chr4	 51550000	 52400000	17
chr4	 51750000	 50200000	31
chr4	 52100000	 54800000	54
chr4	 53250000	 53950000	14
chr4	 54850000	 53950000	18
chr4	 56550000	 58400000	37
chr4	 57150000	 55600000	31
chr4	 57450000	 58750000	26
chr4	 57800000	 57350000	9
chr4	 60150000	 61050000	18
chr4	 60300000	 59150000	23
chr4	 61050000	 59700000	27
chr4	 62000000	 62650000	13
chr4	 63150000	 61750000	28
chr4	 63200000	 62000000	24
chr4	 64750000	 63500000	25
chr4	 66250000	 65550000	14
chr4	 66450000	 64350000	42
chr4	 67500000	 67950000	9
chr4	 69300000	 68700000	12
chr4	 69950000	 69500000	9
chr4	 70250000	 72700000	49
chr4	 71000000	 70150000	17
chr4	 72000000	 71450000	11
chr4	 72900000	 73600000	14
chr4	 74900000	 75800000	18
chr4	 76050000	 74000000	41
chr4	 79800000	 80750000	19
chr4	 81650000	 80400000	25
chr4	 83000000	 84400000	28
chr4	 83550000	 84000000	9
chr4	 85250000	 85950000	14
chr4	 86900000	 85350000	31
chr4	 89000000	 90200000	24
chr4	 89800000	 87900000	38
chr4	 90150000	 90550000	8
chr4	 90350000	 89800000	11
chr4	 91250000	 90600000	13
chr4	 91650000	 94750000	62
chr4	 92100000	 94650000	51
chr4	 94950000	 95950000	20
chr4	 95200000	 96250000	21
chr4	 95750000	 94800000	19
chr4	 96850000	 98450000	32
chr4	 99200000	100450000	25
chr4	100850000	 98950000	38
chr4	101450000	102800000	27
chr4	102500000	101900000	12
chr4	102650000	104900000	45
chr4	102800000	103700000	18
chr4	103350000	102100000	25
chr4	105000000	105000000	0
chr4	107700000	108100000	8
chr4	108150000	105450000	54
chr4	110500000	109450000	21
chr4	110500000	109800000	14
chr4	114250000	112850000	28
chr4	116400000	117100000	14
chr4	116700000	114850000	37
chr4	116950000	115200000	35
chr4	117150000	115800000	27
chr4	121800000	122600000	16
chr4	122900000	120850000	41
chr4	123100000	126150000	61
chr4	123950000	123200000	15
chr4	124750000	125450000	14
chr4	126400000	124600000	36
chr4	127200000	126300000	18
chr4	128450000	129700000	25
chr4	134000000	135200000	24
chr4	136800000	135150000	33
chr4	139100000	138450000	13
chr4	140450000	138500000	39
chr4	145550000	146700000	23
chr4	147650000	149150000	30
chr4	148100000	147300000	16
chr4	150250000	149250000	20
chr4	150500000	151600000	22
chr4	152050000	153600000	31
chr4	152600000	151950000	13
chr4	153250000	152100000	23
chr4	154100000	155750000	33
chr4	155050000	155950000	18
chr5	   850000	  1450000	12
chr5	  1450000	  3450000	40
chr5	  2500000	  3150000	13
chr5	  2700000	  1800000	18
chr5	  4050000	  4850000	16
chr5	  4900000	  6350000	29
chr5	  6100000	  7450000	27
chr5	  7350000	  6050000	26
chr5	  7800000	  7050000	15
chr5	  8550000	  8100000	9
chr5	  9150000	 10800000	33
chr5	  9950000	  8350000	32
chr5	 13950000	 12250000	34
chr5	 14950000	 12850000	42
chr5	 16500000	 17300000	16
chr5	 17300000	 18150000	17
chr5	 18350000	 19200000	17
chr5	 18850000	 18300000	11
chr5	 19200000	 19800000	12
chr5	 19300000	 17250000	41
chr5	 19400000	 21200000	36
chr5	 21450000	 22400000	19
chr5	 22500000	 21850000	13
chr5	 22750000	 23700000	19
chr5	 23150000	 22200000	19
chr5	 23950000	 27150000	64
chr5	 24300000	 22850000	29
chr5	 24350000	 24750000	8
chr5	 26450000	 26950000	10
chr5	 28800000	 29550000	15
chr5	 29400000	 25700000	74
chr5	 30350000	 29900000	9
chr5	 31500000	 31100000	8
chr5	 34850000	 37500000	53
chr5	 37650000	 36050000	32
chr5	 42750000	 42200000	11
chr5	 42850000	 45750000	58
chr5	 43250000	 42650000	12
chr5	 48000000	 46700000	26
chr5	 48050000	 47150000	18
chr5	 48800000	 47050000	35
chr5	 49400000	 49150000	5
chr5	 50000000	 50750000	15
chr5	 52050000	 50950000	22
chr5	 52050000	 53200000	23
chr5	 57000000	 57800000	16
chr5	 57650000	 60150000	50
chr5	 58100000	 56600000	30
chr5	 58450000	 59750000	26
chr5	 60550000	 60250000	6
chr5	 62350000	 60850000	30
chr5	 64850000	 64500000	7
chr5	 69000000	 67700000	26
chr5	 71350000	 69650000	34
chr5	 71750000	 72450000	14
chr5	 72250000	 71950000	6
chr5	 73900000	 74750000	17
chr5	 75050000	 71800000	65
chr5	 75050000	 75650000	12
chr5	 75350000	 74600000	15
chr5	 76650000	 76200000	9
chr5	 76950000	 79500000	51
chr5	 78800000	 77800000	20
chr5	 79100000	 81150000	41
chr5	 79200000	 78050000	23
chr5	 80400000	 78950000	29
chr5	 82200000	 81150000	21
chr5	 82350000	 81800000	11
chr5	 84600000	 86050000	29
chr5	 85200000	 83950000	25
chr5	 86500000	 86900000	8
chr5	 86700000	 87750000	21
chr5	 86800000	 86050000	15
chr5	 88400000	 89450000	21
chr5	 88500000	 87500000	20
chr5	 89150000	 90200000	21
chr5	 91150000	 91150000	0
chr5	 97050000	 96600000	9
chr5	 99300000	100200000	18
chr5	 99900000	 97950000	39
chr5	 99900000	 98900000	20
chr5	101350000	101050000	6
chr5	101550000	100900000	13
chr5	101750000	100350000	28
chr5	102150000	103400000	25
chr5	102300000	101350000	19
chr5	103900000	105350000	29
chr5	105250000	104450000	16
chr5	105600000	104250000	27
chr5	106450000	105500000	19
chr5	109250000	108800000	9
chr5	110700000	107900000	56
chr5	111900000	113650000	35
chr5	113650000	114600000	19
chr5	114100000	113650000	9
chr5	114700000	118450000	75
chr5	115650000	113800000	37
chr5	115650000	114800000	17
chr5	116450000	117650000	24
chr5	117850000	119150000	26
chr5	118100000	119150000	21
chr5	119700000	121650000	39
chr5	121750000	119650000	42
chr5	122400000	121050000	27
chr5	123550000	125700000	43
chr5	126650000	126950000	6
chr5	127600000	128750000	23
chr5	127750000	129650000	38
chr5	128400000	129400000	20
chr5	130350000	132700000	47
chr5	131850000	132950000	22
chr5	133200000	134450000	25
chr5	134100000	135200000	22
chr5	135050000	136350000	26
chr5	135550000	136400000	17
chr5	138700000	139650000	19
chr5	139400000	140700000	26
chr5	141550000	141450000	2
chr5	142600000	142250000	7
chr5	143450000	142900000	11
chr5	146300000	147800000	30
chr5	146350000	145050000	26
chr5	146600000	145350000	25
chr5	146700000	147800000	22
chr5	147150000	147150000	0
chr5	149250000	149500000	5
chr5	150250000	151300000	21
chr5	151300000	150300000	20
chr6	  1800000	  4100000	46
chr6	  2700000	  4200000	30
chr6	  6350000	  5500000	17
chr6	  6950000	  6300000	13
chr6	  7750000	  7050000	14
chr6	 10600000	 12000000	28
chr6	 14900000	 16450000	31
chr6	 15750000	 16800000	21
chr6	 16050000	 15200000	17
chr6	 16050000	 17450000	28
chr6	 16250000	 15400000	17
chr6	 20650000	 20050000	12
chr6	 22350000	 24250000	38
chr6	 22950000	 21500000	29
chr6	 23200000	 24200000	20
chr6	 25800000	 24200000	32
chr6	 26000000	 24650000	27
chr6	 26250000	 27700000	29
chr6	 26300000	 27000000	14
chr6	 26900000	 25800000	22
chr6	 28000000	 26000000	40
chr6	 29450000	 28750000	14
chr6	 29750000	 29250000	10
chr6	 37150000	 39250000	42
chr6	 39450000	 40500000	21
chr6	 40900000	 41400000	10
chr6	 40950000	 42600000	33
chr6	 43500000	 44150000	13
chr6	 44300000	 45150000	17
chr6	 44500000	 43200000	26
chr6	 45550000	 47300000	35
chr6	 46350000	 47300000	19
chr6	 47400000	 47950000	11
chr6	 48950000	 48200000	15
chr6	 50300000	 51550000	25
chr6	 50550000	 49050000	30
chr6	 50850000	 51500000	13
chr6	 51400000	 52550000	23
chr6	 55650000	 54900000	15
chr6	 55750000	 54150000	32
chr6	 56550000	 53800000	55
chr6	 57600000	 59100000	30
chr6	 61550000	 61850000	6
chr6	 61600000	 63050000	29
chr6	 61700000	 61150000	11
chr6	 63300000	 61900000	28
chr6	 64900000	 65700000	16
chr6	 65850000	 65050000	16
chr6	 69800000	 69250000	11
chr6	 73650000	 72600000	21
chr6	 73800000	 75350000	31
chr6	 73850000	 74700000	17
chr6	 75400000	 75850000	9
chr6	 76600000	 75950000	13
chr6	 76900000	 75850000	21
chr6	 76950000	 76650000	6
chr6	 80900000	 79250000	33
chr6	 81800000	 82600000	16
chr6	 82550000	 83350000	16
chr6	 82850000	 84300000	29
chr6	 84650000	 85550000	18
chr6	 85250000	 84500000	15
chr6	 85350000	 86300000	19
chr6	 85950000	 85450000	10
chr6	 86150000	 88000000	37
chr6	 86600000	 85900000	14
chr6	 86950000	 85250000	34
chr6	 87400000	 87250000	3
chr6	 90300000	 91150000	17
chr6	 91300000	 91300000	0
chr6	 91450000	 93650000	44
chr6	 93700000	 92700000	20
chr6	 94350000	 93700000	13
chr6	 95100000	 96300000	24
chr6	 96650000	 95950000	14
chr6	 97600000	 96900000	14
chr6	 99700000	 97800000	38
chr6	102050000	102650000	12
chr6	102300000	101900000	8
chr6	103050000	102300000	15
chr6	103450000	104550000	22
chr6	111750000	110600000	23
chr6	112200000	113850000	33
chr6	112450000	111750000	14
chr6	112550000	113300000	15
chr6	113450000	113750000	6
chr6	113500000	114800000	26
chr6	114500000	116700000	44
chr6	115600000	114650000	19
chr6	115700000	117350000	33
chr6	115750000	114850000	18
chr6	118150000	119450000	26
chr6	118400000	117500000	18
chr6	120000000	121600000	32
chr6	120700000	120200000	10
chr6	121900000	123900000	40
chr6	122850000	122350000	10
chr6	123200000	124400000	24
chr6	123250000	124350000	22
chr6	123650000	122900000	15
chr6	123700000	123050000	13
chr6	125850000	126400000	11
chr6	126300000	124800000	30
chr6	126600000	124200000	48
chr6	130550000	129850000	14
chr6	132800000	132100000	14
chr6	133150000	131950000	24
chr6	136200000	135400000	16
chr6	136550000	138000000	29
chr6	137900000	138100000	4
chr6	139500000	138250000	25
chr6	140150000	139000000	23
chr6	140800000	139600000	24
chr6	140850000	137500000	67
chr6	141650000	142800000	23
chr6	142150000	144100000	39
chr6	142650000	143650000	20
chr6	143150000	141550000	32
chr6	144900000	145650000	15
chr6	146300000	146900000	12
chr7	  1050000	  2450000	28
chr7	  1450000	  3950000	50
chr7	  2950000	  4100000	23
chr7	  4850000	  5750000	18
chr7	  5900000	  7600000	34
chr7	  6750000	  6150000	12
chr7	  6850000	  6200000	13
chr7	  8800000	 10600000	36
chr7	 10850000	 11700000	17
chr7	 12650000	 10950000	34
chr7	 12650000	 11050000	32
chr7	 13500000	 12100000	28
chr7	 15150000	 14450000	14
chr7	 15200000	 16700000	30
chr7	 15350000	 13700000	33
chr7	 17400000	 19150000	35
chr7	 18300000	 19700000	28
chr7	 20850000	 20150000	14
chr7	 21750000	 22700000	19
chr7	 23900000	 24700000	16
chr7	 24350000	 24350000	0
chr7	 26450000	 26000000	9
chr7	 26950000	 28150000	24
chr7	 27250000	 27850000	12
chr7	 27800000	 29450000	33
chr7	 28000000	 28850000	17
chr7	 31900000	 31600000	6
chr7	 32150000	 30650000	30
chr7	 32850000	 35800000	59
chr7	 34550000	 32100000	49
chr7	 34950000	 34250000	14
chr7	 35450000	 38050000	52
chr7	 35850000	 34650000	24
chr7	 36100000	 34750000	27
chr7	 36600000	 36900000	6
chr7	 36650000	 33900000	55
chr7	 38750000	 37750000	20
chr7	 43500000	 40500000	60
chr7	 45600000	 44400000	24
chr7	 45800000	 44650000	23
chr7	 45950000	 47300000	27
chr7	 46350000	 48000000	33
chr7	 46900000	 46400000	10
chr7	 47750000	 46450000	26
chr7	 48300000	 47050000	25
chr7	 50600000	 50850000	5
chr7	 51300000	 50450000	17
chr7	 51800000	 53100000	26
chr7	 52550000	 51950000	12
chr7	 53100000	 54000000	18
chr7	 55050000	 54450000	12
chr7	 57350000	 59300000	39
chr7	 60650000	 59300000	27
chr7	 61750000	 62450000	14
chr7	 62800000	 58150000	93
chr7	 62800000	 62450000	7
chr7	 66400000	 64500000	38
chr7	 68000000	 66750000	25
chr7	 69650000	 70550000	18
chr7	 69750000	 70550000	16
chr7	 71600000	 70100000	30
chr7	 71800000	 70900000	18
chr7	 73250000	 72600000	13
chr7	 74200000	 72200000	40
chr7	 74350000	 73500000	17
chr7	 76250000	 74900000	27
chr7	 76300000	 74450000	37
chr7	 77050000	 76100000	19
chr7	 78000000	 79800000	36
chr7	 80500000	 81100000	12
chr7	 80600000	 81400000	16
chr7	 81350000	 83800000	49
chr7	 81650000	 79800000	37
chr7	 85650000	 86950000	26
chr7	 86250000	 88950000	54
chr7	 86750000	 86550000	4
chr7	 89350000	 88550000	16
chr7	 89500000	 91050000	31
chr7	 90450000	 89050000	28
chr7	 92350000	 92650000	6
chr7	 93000000	 96400000	68
chr7	 93600000	 95250000	33
chr7	 95550000	 96500000	19
chr7	 97400000	 95900000	30
chr7	 98450000	 97150000	26
chr7	100500000	 99850000	13
chr7	100900000	101350000	9
chr7	103800000	103400000	8
chr7	104200000	102800000	28
chr7	104600000	103400000	24
chr7	104950000	105800000	17
chr7	105000000	104250000	15
chr7	105650000	106100000	9
chr7	105850000	106200000	7
chr7	106400000	107100000	14
chr7	106500000	107850000	27
chr7	106900000	104650000	45
chr7	107050000	108550000	30
chr7	107400000	109000000	32
chr7	107500000	105250000	45
chr7	108000000	109050000	21
chr7	109650000	108800000	17
chr7	110150000	109750000	8
chr7	111550000	112600000	21
chr7	112450000	111800000	13
chr7	113150000	111600000	31
chr7	114050000	113650000	8
chr7	115650000	117100000	29
chr7	121300000	120400000	18
chr7	122200000	123600000	28
chr7	123450000	122600000	17
chr7	125250000	124800000	9
chr7	126500000	127350000	17
chr7	127350000	128500000	23
chr7	128150000	129700000	31
chr7	128200000	127000000	24
chr7	128600000	127100000	30
chr7	130150000	131200000	21
chr7	130850000	129700000	23
chr7	131700000	130850000	17
chr7	138150000	139750000	32
chr7	139450000	140900000	29
chr7	141000000	140300000	14
chr7	141950000	142600000	13
chr7	142500000	142900000	8
chr7	143700000	142050000	33
chr8	  3550000	  3050000	10
chr8	  3550000	  4550000	20
chr8	  4500000	  5600000	22
chr8	  4700000	  3050000	33
chr8	  6500000	  9100000	52
chr8	  7000000	  4800000	44
chr8	  9400000	 11450000	41
chr8	  9800000	 10000000	4
chr8	 11200000	 11900000	14
chr8	 11550000	 10700000	17
chr8	 11750000	  9150000	52
chr8	 13300000	 12100000	24
chr8	 14100000	 15550000	29
chr8	 14800000	 15350000	11
chr8	 16700000	 15900000	16
chr8	 17400000	 17200000	4
chr8	 22850000	 23300000	9
chr8	 23750000	 24750000	20
chr8	 24950000	 24500000	9
chr8	 28850000	 28100000	15
chr8	 29150000	 27900000	25
chr8	 30100000	 29550000	11
chr8	 30250000	 29550000	14
chr8	 32150000	 34600000	49
chr8	 33200000	 32650000	11
chr8	 34550000	 33800000	15
chr8	 36000000	 37700000	34
chr8	 43200000	 41350000	37
chr8	 43650000	 44450000	16
chr8	 44250000	 43400000	17
chr8	 46800000	 46150000	13
chr8	 49700000	 49400000	6
chr8	 51550000	 50100000	29
chr8	 52000000	 52850000	17
chr8	 52550000	 52950000	8
chr8	 52850000	 53450000	12
chr8	 59750000	 58500000	25
chr8	 66150000	 65500000	13
chr8	 67400000	 66550000	17
chr8	 69550000	 68300000	25
chr8	 70450000	 69300000	23
chr8	 70900000	 72300000	28
chr8	 70950000	 73250000	46
chr8	 71200000	 72900000	34
chr8	 71450000	 70950000	10
chr8	 74050000	 74700000	13
chr8	 77650000	 76750000	18
chr8	 78000000	 76100000	38
chr8	 79500000	 79950000	9
chr8	 80300000	 77900000	48
chr8	 84400000	 85250000	17
chr8	 84500000	 85400000	18
chr8	 85050000	 85650000	12
chr8	 88500000	 88950000	9
chr8	 90400000	 89350000	21
chr8	 91250000	 92000000	15
chr8	 96350000	 97550000	24
chr8	 98150000	 97550000	12
chr8	 98500000	 97400000	22
chr8	 98550000	 97550000	20
chr8	102600000	101450000	23
chr8	106750000	106350000	8
chr8	107200000	105950000	25
chr8	107900000	109450000	31
chr8	108500000	107750000	15
chr8	109750000	108700000	21
chr8	110250000	112300000	41
chr8	112100000	111600000	10
chr8	113600000	111500000	42
chr8	114150000	113750000	8
chr8	115700000	116950000	25
chr8	116350000	117900000	31
chr8	116700000	115350000	27
chr8	118950000	120050000	22
chr8	119550000	119000000	11
chr8	119800000	120200000	8
chr8	123950000	124300000	7
chr8	124150000	124700000	11
chr8	127250000	128850000	32
chr8	127400000	125650000	35
chr8	128150000	127400000	15
chr8	128800000	129400000	12
chr9	  2400000	  4100000	34
chr9	  4500000	  3500000	20
chr9	  4550000	  7900000	67
chr9	  5850000	  5300000	11
chr9	  6600000	  4850000	35
chr9	  8850000	  7550000	26
chr9	  9700000	 10300000	12
chr9	 14900000	 15650000	15
chr9	 15300000	 16700000	28
chr9	 16650000	 15950000	14
chr9	 17250000	 18150000	18
chr9	 17400000	 18600000	24
chr9	 19650000	 18200000	29
chr9	 20600000	 21100000	10
chr9	 20950000	 21400000	9
chr9	 21700000	 22800000	22
chr9	 22400000	 21850000	11
chr9	 22550000	 23500000	19
chr9	 23700000	 24650000	19
chr9	 24550000	 23850000	14
chr9	 24950000	 24350000	12
chr9	 25200000	 23650000	31
chr9	 26800000	 26300000	10
chr9	 30700000	 32150000	29
chr9	 30950000	 28850000	42
chr9	 31550000	 30650000	18
chr9	 32200000	 33000000	16
chr9	 33300000	 31400000	38
chr9	 34600000	 33600000	20
chr9	 35500000	 36700000	24
chr9	 35550000	 34100000	29
chr9	 37550000	 38300000	15
chr9	 39200000	 39900000	14
chr9	 43050000	 43550000	10
chr9	 43200000	 44550000	27
chr9	 45600000	 44500000	22
chr9	 46300000	 47050000	15
chr9	 46300000	 47800000	30
chr9	 48150000	 49100000	19
chr9	 49700000	 48800000	18
chr9	 50350000	 51950000	32
chr9	 50500000	 49250000	25
chr9	 50700000	 51650000	19
chr9	 52100000	 51250000	17
chr9	 53500000	 52550000	19
chr9	 54300000	 53700000	12
chr9	 55750000	 55150000	12
chr9	 56200000	 55500000	14
chr9	 57550000	 57000000	11
chr9	 58500000	 59400000	18
chr9	 59050000	 59900000	17
chr9	 59200000	 58700000	10
chr9	 61200000	 62150000	19
chr9	 62200000	 60150000	41
chr9	 63200000	 62300000	18
chr9	 63700000	 63200000	10
chr9	 64000000	 64400000	8
chr9	 64000000	 64750000	15
chr9	 64550000	 65600000	21
chr9	 65950000	 65150000	16
chr9	 66100000	 65300000	16
chr9	 66500000	 67500000	20
chr9	 66500000	 67800000	26
chr9	 68650000	 67450000	24
chr9	 71750000	 70000000	35
chr9	 72250000	 71300000	19
chr9	 76000000	 75250000	15
chr9	 77350000	 77000000	7
chr9	 77650000	 76950000	14
chr9	 83900000	 82800000	22
chr9	 84000000	 85050000	21
chr9	 84900000	 84250000	13
chr9	 85300000	 84550000	15
chr9	 88950000	 87650000	26
chr9	 89800000	 89500000	6
chr9	 93100000	 94300000	24
chr9	 94250000	 94850000	12
chr9	 95900000	 96250000	7
chr9	 98250000	 99200000	19
chr9	 98800000	100500000	34
chr9	102750000	103600000	17
chr9	103650000	104100000	9
chr9	105250000	106250000	20
chr9	105800000	105050000	15
chr9	106150000	104750000	28
chr9	107600000	108500000	18
chr9	109600000	110950000	27
chr9	109700000	108550000	23
chr9	111250000	112150000	18
chr9	112650000	111600000	21
chr9	112750000	110950000	36
chr9	116300000	115700000	12
chr9	117900000	118750000	17
chr9	119700000	121750000	41
chr9	120100000	121300000	24
chr9	122050000	121000000	21
chr9	122550000	121300000	25
chr9	123900000	121900000	40
chrX	  3700000	  3150000	11
chrX	  4150000	  4750000	12
chrX	  4750000	  3300000	29
chrX	  6100000	  6950000	17
chrX	  6900000	  5800000	22
chrX	  7250000	  6650000	12
chrX	  7650000	  8600000	19
chrX	  7950000	  8650000	14
chrX	  8050000	  8750000	14
chrX	  8450000	  9850000	28
chrX	  9200000	  7800000	28
chrX	 11150000	  9950000	24
chrX	 12200000	 10950000	25
chrX	 12550000	 10750000	36
chrX	 13900000	 14600000	14
chrX	 14250000	 13750000	10
chrX	 15000000	 14450000	11
chrX	 17600000	 18650000	21
chrX	 18100000	 16350000	35
chrX	 18700000	 19200000	10
chrX	 20000000	 19250000	15
chrX	 22700000	 21650000	21
chrX	 22700000	 23450000	15
chrX	 22850000	 24700000	37
chrX	 23900000	 23450000	9
chrX	 24150000	 27050000	58
chrX	 24850000	 24300000	11
chrX	 27450000	 28450000	20
chrX	 28050000	 26900000	23
chrX	 39400000	 41400000	40
chrX	 40050000	 38500000	31
chrX	 40550000	 42550000	40
chrX	 41000000	 40250000	15
chrX	 41450000	 41450000	0
chrX	 43250000	 44000000	15
chrX	 44400000	 45400000	20
chrX	 49050000	 49600000	11
chrX	 50500000	 49600000	18
chrX	 52750000	 53850000	22
chrX	 53000000	 51250000	35
chrX	 53300000	 52950000	7
chrX	 53650000	 51950000	34
chrX	 54350000	 55200000	17
chrX	 55050000	 54050000	20
chrX	 58200000	 59200000	20
chrX	 58850000	 59950000	22
chrX	 59200000	 59550000	7
chrX	 62750000	 62250000	10
chrX	 65100000	 64450000	13
chrX	 65100000	 66850000	35
chrX	 65450000	 64350000	22
chrX	 65950000	 65400000	11
chrX	 66450000	 65550000	18
chrX	 66650000	 68800000	43
chrX	 66750000	 64800000	39
chrX	 67900000	 67100000	16
chrX	 68050000	 68500000	9
chrX	 70550000	 72550000	40
chrX	 70850000	 69200000	33
chrX	 74600000	 75400000	16
chrX	 75400000	 75800000	8
chrX	 78400000	 78400000	0
chrX	 79000000	 79550000	11
chrX	 80400000	 81150000	15
chrX	 80750000	 80150000	12
chrX	 80950000	 81500000	11
chrX	 82600000	 84500000	38
chrX	 83200000	 84000000	16
chrX	 83300000	 84000000	14
chrX	 83400000	 82200000	24
chrX	 83600000	 82950000	13
chrX	 85100000	 85850000	15
chrX	 87600000	 88950000	27
chrX	 88100000	 87100000	20
chrX	 91600000	 92150000	11
chrX	 91800000	 93550000	35
chrX	 92100000	 91100000	20
chrX	 93400000	 90900000	50
chrX	 93650000	 94050000	8
chrX	 95600000	 96250000	13
chrX	 95650000	 93600000	41
chrX	 96000000	 94350000	33
chrX	 96050000	 98150000	42
chrX	 98250000	 99500000	25
chrX	 98750000	 96800000	39
chrX	101000000	102400000	28
chrX	106350000	107150000	16
chrX	107400000	108700000	26
chrX	108500000	107150000	27
chrX	109100000	110100000	20
chrX	110850000	108600000	45
chrX	112550000	113150000	12
chrX	114350000	115150000	16
chrX	115800000	117500000	34
chrX	116900000	117800000	18
chrX	117900000	119450000	31
chrX	118000000	119750000	35
chrX	121050000	120450000	12
chrX	121200000	122300000	22
chrX	121500000	122450000	19
chrX	123350000	122450000	18
chrX	124100000	123300000	16
chrX	129950000	128850000	22
chrX	131150000	132150000	20
chrX	132250000	134900000	53
chrX	132300000	129750000	51
chrX	132700000	131600000	22
chrX	133950000	134300000	7
chrX	136950000	135700000	25
chrX	137250000	136250000	20
chrX	137250000	137600000	7
chrX	137800000	137250000	11
chrX	138300000	137900000	8
chrX	138550000	141000000	49
chrX	139500000	138850000	13
chrX	139850000	141300000	29
chrX	141000000	142150000	23
chrX	141900000	142600000	14
chrX	143450000	145700000	45
chrX	144650000	143700000	19
chrX	146600000	145900000	14
chrX	146650000	145800000	17
chrX	147800000	148300000	10
chrX	148750000	149400000	13
chrX	149600000	147450000	43
chrX	151850000	152700000	17
chrX	155800000	154550000	25
chrX	157250000	158000000	15
chrX	157700000	156900000	16
chrX	161050000	161900000	17
chrX	162000000	163250000	25
chrX	162600000	160800000	36
chrX	163350000	162150000	24
chrX	164000000	164500000	10
chrX	166300000	167150000	17
chrX	167150000	166000000	23
chrX	167650000	168450000	16
chrX	167650000	168800000	23
chrX	167650000	169300000	33
chrX	167750000	168450000	14
chrX	168700000	167900000	16
chrX	170900000	170150000	15
chrY	   950000	  2550000	32
chrY	  4800000	  5950000	23
chrY	  4850000	  4100000	15
chrY	  5950000	  5950000	0
chrY	  6150000	  5050000	22
chrY	  6500000	  7700000	24
chrY	  7050000	  7900000	17
chrY	  8700000	  9750000	21
chrY	 10650000	 10050000	12
chrY	 11550000	 13000000	29
chrY	 12050000	 11800000	5
chrY	 12350000	 11650000	14
chrY	 12800000	 13100000	6
chrY	 12800000	 13850000	21
chrY	 13100000	 13600000	10
chrY	 13450000	 11250000	44
chrY	 15150000	 14750000	8
chrY	 15500000	 16250000	15
chrY	 15650000	 16400000	15
chrY	 17700000	 18550000	17
chrY	 17850000	 18050000	4
chrY	 22700000	 21100000	32
chrY	 24100000	 26400000	46
chrY	 25950000	 26700000	15
chrY	 29450000	 28550000	18
chrY	 31450000	 33100000	33
chrY	 35450000	 33550000	38
chrY	 36000000	 34600000	28
chrY	 37750000	 38800000	21
chrY	 39450000	 38600000	17
chrY	 40500000	 40100000	8
chrY	 42300000	 43200000	18
chrY	 43300000	 40400000	58
chrY	 43350000	 40950000	48
chrY	 45750000	 48600000	57
chrY	 46450000	 45200000	25
chrY	 47300000	 45650000	33
chrY	 47650000	 48250000	12
chrY	 47700000	 49150000	29
chrY	 53650000	 51950000	34
chrY	 56350000	 55300000	21
chrY	 56750000	 56150000	12
chrY	 59300000	 57300000	40
chrY	 61600000	 63350000	35
chrY	 63100000	 65200000	42
chrY	 64650000	 65600000	19
chrY	 67200000	 66550000	13
chrY	 67450000	 68350000	18
chrY	 68700000	 70500000	36
chrY	 69100000	 70000000	18
chrY	 69250000	 68100000	23
chrY	 71200000	 71550000	7
chrY	 71250000	 72000000	15
chrY	 72400000	 73200000	16
chrY	 72850000	 72100000	15
chrY	 72950000	 73900000	19
chrY	 73450000	 72700000	15
chrY	 73450000	 75100000	33
chrY	 76550000	 77050000	10
chrY	 76800000	 78150000	27
chrY	 77350000	 79950000	52
chrY	 77500000	 80100000	52
chrY	 77550000	 78650000	22
chrY	 78150000	 77650000	10
chrY	 79350000	 78850000	10
chrY	 79350000	 79000000	7
chrY	 80550000	 79200000	27
chrY	 83750000	 84950000	24
chrY	 85350000	 83700000	33
chrY	 87350000	 85650000	34
chrY	 90650000	 90050000	12
