chr1	  4900000	  5300000	8
chr1	  7200000	  8200000	20
chr1	  7300000	  7850000	11
chr1	  7600000	  6350000	25
chr1	  9400000	  9700000	6
chr1	 10550000	 11300000	15
chr1	 20300000	 20950000	13
chr1	 21850000	 19750000	42
chr1	 24250000	 25300000	21
chr1	 24350000	 19800000	91
chr1	 25000000	 25500000	10
chr1	 31000000	 30250000	15
chr1	 32400000	 31900000	10
chr1	 34750000	 36800000	41
chr1	 35750000	 37500000	35
chr1	 36450000	 34200000	45
chr1	 36900000	 38250000	27
chr1	 37350000	 36150000	24
chr1	 37500000	 36400000	22
chr1	 39450000	 39000000	9
chr1	 40000000	 40600000	12
chr1	 40900000	 39050000	37
chr1	 42050000	 41600000	9
chr1	 42100000	 41600000	10
chr1	 42850000	 41850000	20
chr1	 43600000	 42650000	19
chr1	 45400000	 43450000	39
chr1	 46850000	 48450000	32
chr1	 47250000	 48550000	26
chr1	 47800000	 47050000	15
chr1	 47900000	 46850000	21
chr1	 48450000	 49300000	17
chr1	 49050000	 48150000	18
chr1	 51000000	 49050000	39
chr1	 52450000	 51200000	25
chr1	 54600000	 55200000	12
chr1	 58200000	 57300000	18
chr1	 61450000	 60600000	17
chr1	 64150000	 65000000	17
chr1	 66000000	 67700000	34
chr1	 68300000	 66400000	38
chr1	 70500000	 68850000	33
chr1	 72100000	 72300000	4
chr1	 73100000	 74950000	37
chr1	 73600000	 72600000	20
chr1	 75800000	 77000000	24
chr1	 76450000	 76950000	10
chr1	 77300000	 76650000	13
chr1	 77550000	 76450000	22
chr1	 79700000	 80300000	12
chr1	 84450000	 83650000	16
chr1	 84550000	 83750000	16
chr1	 85750000	 84400000	27
chr1	 86850000	 85200000	33
chr1	 88000000	 87350000	13
chr1	 89150000	 86000000	63
chr1	 90600000	 91950000	27
chr1	 91800000	 92950000	23
chr1	 92000000	 90650000	27
chr1	 92000000	 92700000	14
chr1	 92300000	 91400000	18
chr1	 94000000	 94700000	14
chr1	 94500000	 95350000	17
chr1	 97050000	 96250000	16
chr1	 98400000	 98150000	5
chr1	 98450000	100250000	36
chr1	 99650000	 99100000	11
chr1	100500000	100150000	7
chr1	100600000	100400000	4
chr1	100850000	 99850000	20
chr1	101250000	100750000	10
chr1	102950000	101950000	20
chr1	104150000	103450000	14
chr1	104850000	104150000	14
chr1	110150000	111250000	22
chr1	110350000	112800000	49
chr1	111100000	110450000	13
chr1	111950000	112850000	18
chr1	114800000	114250000	11
chr1	115250000	117050000	36
chr1	116150000	117550000	28
chr1	117250000	116150000	22
chr1	117500000	118450000	19
chr1	118350000	119800000	29
chr1	120250000	119200000	21
chr1	120500000	122500000	40
chr1	120800000	121550000	15
chr1	121050000	122050000	20
chr1	121700000	120850000	17
chr1	122600000	120600000	40
chr1	123800000	124150000	7
chr1	124700000	125700000	20
chr1	126050000	128000000	39
chr1	126850000	127800000	19
chr1	127600000	126350000	25
chr1	128250000	127350000	18
chr1	128700000	129600000	18
chr1	132300000	130500000	36
chr1	138450000	141000000	51
chr1	141550000	140450000	22
chr1	145800000	146900000	22
chr1	146400000	145700000	14
chr1	150000000	150700000	14
chr1	150900000	153550000	53
chr1	151300000	150750000	11
chr1	151650000	150850000	16
chr1	152300000	155050000	55
chr1	153950000	153050000	18
chr1	155600000	153550000	41
chr1	155850000	155350000	10
chr1	156750000	157450000	14
chr1	157500000	155800000	34
chr1	158300000	159300000	20
chr1	158550000	157450000	22
chr1	158900000	159850000	19
chr1	162050000	164000000	39
chr1	166650000	164900000	35
chr1	168550000	167100000	29
chr1	169550000	166300000	65
chr1	170050000	169450000	12
chr1	171450000	170100000	27
chr1	171900000	172550000	13
chr1	172500000	171450000	21
chr1	173500000	174450000	19
chr1	173650000	174850000	24
chr1	174550000	175650000	22
chr1	176950000	176550000	8
chr1	183000000	182600000	8
chr1	184550000	180650000	78
chr1	185350000	182950000	48
chr1	186450000	185450000	20
chr1	186600000	185300000	26
chr1	187600000	188000000	8
chr1	191050000	190650000	8
chr1	192850000	191600000	25
chr1	193550000	194300000	15
chr1	194050000	193150000	18
chr10	  7750000	  8550000	16
chr10	  8900000	 11200000	46
chr10	 14800000	 13000000	36
chr10	 14800000	 15100000	6
chr10	 15850000	 17050000	24
chr10	 20300000	 21150000	17
chr10	 21800000	 22700000	18
chr10	 22200000	 21650000	11
chr10	 24100000	 25150000	21
chr10	 24300000	 25000000	14
chr10	 25650000	 24500000	23
chr10	 29300000	 28950000	7
chr10	 29950000	 31950000	40
chr10	 32300000	 33150000	17
chr10	 32400000	 30600000	36
chr10	 33700000	 35050000	27
chr10	 35600000	 35300000	6
chr10	 36150000	 37750000	32
chr10	 39000000	 41250000	45
chr10	 39500000	 38450000	21
chr10	 41850000	 40700000	23
chr10	 42250000	 40850000	28
chr10	 42450000	 43300000	17
chr10	 42800000	 41050000	35
chr10	 42900000	 42250000	13
chr10	 43500000	 44800000	26
chr10	 45200000	 48250000	61
chr10	 45500000	 44400000	22
chr10	 48000000	 48700000	14
chr10	 49200000	 48750000	9
chr10	 50250000	 49350000	18
chr10	 50250000	 50900000	13
chr10	 50700000	 51900000	24
chr10	 50850000	 51300000	9
chr10	 51700000	 50550000	23
chr10	 52250000	 51600000	13
chr10	 54800000	 53800000	20
chr10	 58150000	 57300000	17
chr10	 59400000	 59000000	8
chr10	 59600000	 59100000	10
chr10	 62850000	 63700000	17
chr10	 64150000	 63500000	13
chr10	 64850000	 65600000	15
chr10	 65200000	 64150000	21
chr10	 65850000	 64750000	22
chr10	 69250000	 68150000	22
chr10	 70300000	 69100000	24
chr10	 70900000	 70100000	16
chr10	 74550000	 74000000	11
chr10	 75250000	 72750000	50
chr10	 76450000	 76050000	8
chr10	 79800000	 79500000	6
chr10	 81350000	 83300000	39
chr10	 81500000	 83050000	31
chr10	 82450000	 79900000	51
chr10	 84100000	 82900000	24
chr10	 84900000	 84600000	6
chr10	 86400000	 88600000	44
chr10	 86650000	 87850000	24
chr10	 86850000	 87700000	17
chr10	 90950000	 90950000	0
chr10	 92700000	 94100000	28
chr10	 92750000	 92200000	11
chr10	 93050000	 91550000	30
chr10	 93200000	 94650000	29
chr10	 94350000	 94950000	12
chr10	 94600000	 93450000	23
chr10	 94950000	 93800000	23
chr10	 96800000	 96000000	16
chr10	 99350000	 98200000	23
chr10	100250000	 98500000	35
chr10	101750000	100750000	20
chr10	101950000	103100000	23
chr10	104800000	105250000	9
chr10	105050000	102900000	43
chr10	105200000	106050000	17
chr10	109250000	109850000	12
chr10	110000000	109300000	14
chr10	111500000	112000000	10
chr10	111550000	112350000	16
chr10	112250000	108750000	70
chr10	114100000	115250000	23
chr10	115650000	116650000	20
chr10	115850000	117000000	23
chr10	119500000	120350000	17
chr10	119900000	121300000	28
chr10	120200000	121100000	18
chr10	121900000	124200000	46
chr10	122700000	125200000	50
chr10	123150000	123850000	14
chr10	123900000	124700000	16
chr10	124500000	123400000	22
chr10	124600000	122700000	38
chr10	124950000	124100000	17
chr10	125050000	126600000	31
chr10	127200000	125200000	40
chr11	  4650000	  4000000	13
chr11	  4750000	  4050000	14
chr11	  8100000	  7300000	16
chr11	  8850000	  9400000	11
chr11	 12350000	 13350000	20
chr11	 12950000	 12150000	16
chr11	 14350000	 13250000	22
chr11	 15050000	 16250000	24
chr11	 19750000	 19300000	9
chr11	 20200000	 21850000	33
chr11	 20900000	 20100000	16
chr11	 21800000	 20900000	18
chr11	 22950000	 22000000	19
chr11	 23000000	 22600000	8
chr11	 23450000	 21800000	33
chr11	 25700000	 24100000	32
chr11	 25900000	 25150000	15
chr11	 27750000	 28000000	5
chr11	 28850000	 27150000	34
chr11	 29250000	 30250000	20
chr11	 29950000	 31100000	23
chr11	 31850000	 32650000	16
chr11	 32150000	 34800000	53
chr11	 33250000	 36200000	59
chr11	 33500000	 31150000	47
chr11	 33650000	 32800000	17
chr11	 39650000	 39150000	10
chr11	 39750000	 38950000	16
chr11	 43250000	 41800000	29
chr11	 43850000	 45900000	41
chr11	 44550000	 45550000	20
chr11	 50350000	 49850000	10
chr11	 51000000	 49850000	23
chr11	 52250000	 51900000	7
chr11	 53100000	 53550000	9
chr11	 53900000	 55350000	29
chr11	 54700000	 54200000	10
chr11	 55400000	 56250000	17
chr11	 56950000	 57750000	16
chr11	 57050000	 58450000	28
chr11	 57550000	 58750000	24
chr11	 57700000	 56250000	29
chr11	 60050000	 59500000	11
chr11	 61850000	 60550000	26
chr11	 63550000	 62300000	25
chr11	 66300000	 65800000	10
chr11	 70000000	 67900000	42
chr11	 71150000	 70000000	23
chr11	 75000000	 74150000	17
chr11	 75550000	 77200000	33
chr11	 75550000	 78350000	56
chr11	 76300000	 75450000	17
chr11	 79300000	 79900000	12
chr11	 81150000	 82600000	29
chr11	 81800000	 81250000	11
chr11	 82200000	 81150000	21
chr11	 83100000	 83850000	15
chr11	 83650000	 84050000	8
chr11	 84150000	 82650000	30
chr11	 84650000	 83900000	15
chr11	 85750000	 86650000	18
chr11	 86400000	 88100000	34
chr11	 87650000	 86650000	20
chr11	 89400000	 88900000	10
chr11	 92550000	 92150000	8
chr11	 92800000	 90400000	48
chr11	 93300000	 91250000	41
chr11	 94750000	 94000000	15
chr11	 94800000	 93700000	22
chr11	 95050000	 96750000	34
chr11	 96450000	 95500000	19
chr11	 98950000	 99900000	19
chr11	 99600000	100200000	12
chr11	 99650000	 98700000	19
chr11	100400000	100200000	4
chr11	101600000	103050000	29
chr11	102300000	101600000	14
chr11	103150000	103600000	9
chr11	104650000	104150000	10
chr11	105450000	103500000	39
chr11	108800000	110000000	24
chr11	110700000	109500000	24
chr11	115850000	118000000	43
chr11	116050000	114000000	41
chr11	116050000	115800000	5
chr11	117050000	115450000	32
chr11	117700000	118300000	12
chr11	119500000	121450000	39
chr11	120500000	121000000	10
chr11	121000000	119700000	26
chr12	   250000	   950000	14
chr12	  1900000	  2550000	13
chr12	 10100000	 11150000	21
chr12	 11000000	 11300000	6
chr12	 11650000	 12200000	11
chr12	 12000000	 11450000	11
chr12	 13750000	 14650000	18
chr12	 14400000	 12550000	37
chr12	 16750000	 15100000	33
chr12	 16800000	 15650000	23
chr12	 17100000	 16450000	13
chr12	 17800000	 19900000	42
chr12	 18600000	 17400000	24
chr12	 19450000	 20000000	11
chr12	 19600000	 19850000	5
chr12	 20900000	 21700000	16
chr12	 21650000	 23100000	29
chr12	 22100000	 23050000	19
chr12	 22450000	 20600000	37
chr12	 24250000	 23650000	12
chr12	 25650000	 24450000	24
chr12	 25650000	 26900000	25
chr12	 26550000	 27800000	25
chr12	 26700000	 26350000	7
chr12	 30500000	 29950000	11
chr12	 31700000	 29350000	47
chr12	 32000000	 33300000	26
chr12	 34800000	 36300000	30
chr12	 37050000	 37700000	13
chr12	 38200000	 37800000	8
chr12	 38750000	 37550000	24
chr12	 39550000	 40900000	27
chr12	 40450000	 38450000	40
chr12	 43350000	 42450000	18
chr12	 44200000	 45000000	16
chr12	 44500000	 43850000	13
chr12	 47750000	 49100000	27
chr12	 49850000	 49000000	17
chr12	 49850000	 50850000	20
chr12	 49900000	 52650000	55
chr12	 49950000	 51450000	30
chr12	 50350000	 52650000	46
chr12	 53400000	 52850000	11
chr12	 53600000	 54300000	14
chr12	 53650000	 54500000	17
chr12	 54250000	 53550000	14
chr12	 54750000	 54050000	14
chr12	 55950000	 56500000	11
chr12	 56650000	 58050000	28
chr12	 57450000	 56250000	24
chr12	 58650000	 57600000	21
chr12	 60600000	 59050000	31
chr12	 61400000	 62050000	13
chr12	 63700000	 65100000	28
chr12	 64500000	 63600000	18
chr12	 66450000	 67000000	11
chr12	 67500000	 68500000	20
chr12	 69400000	 69950000	11
chr12	 70050000	 72100000	41
chr12	 70250000	 71100000	17
chr12	 71600000	 70400000	24
chr12	 72900000	 74550000	33
chr12	 74300000	 75450000	23
chr12	 75550000	 74300000	25
chr12	 76350000	 77050000	14
chr12	 76500000	 75650000	17
chr12	 76950000	 76250000	14
chr12	 77600000	 77900000	6
chr12	 78850000	 78500000	7
chr12	 78950000	 77400000	31
chr12	 79650000	 78600000	21
chr12	 80200000	 79250000	19
chr12	 81600000	 80550000	21
chr12	 81650000	 81100000	11
chr12	 82350000	 81100000	25
chr12	 83800000	 85550000	35
chr12	 84400000	 83250000	23
chr12	 84550000	 83550000	20
chr12	 85400000	 84600000	16
chr12	 85800000	 85100000	14
chr12	 86000000	 84950000	21
chr12	 86050000	 87300000	25
chr12	 86550000	 87350000	16
chr12	 89150000	 87750000	28
chr12	 90750000	 91600000	17
chr12	 91400000	 90500000	18
chr12	 93350000	 94400000	21
chr12	 93500000	 91700000	36
chr12	 94750000	 96100000	27
chr12	 94900000	 96000000	22
chr12	 95000000	 94350000	13
chr12	 95200000	 93200000	40
chr12	 96800000	 98600000	36
chr12	 97450000	 95950000	30
chr12	 97900000	 99350000	29
chr12	 98300000	 97250000	21
chr12	104300000	105300000	20
chr12	104650000	107750000	62
chr12	104850000	102400000	49
chr12	105100000	104150000	19
chr12	109100000	109300000	4
chr12	110600000	112400000	36
chr12	114700000	115900000	24
chr12	115400000	113750000	33
chr12	117100000	113400000	74
chr12	117300000	118450000	23
chr13	        0	   650000	13
chr13	   100000	   850000	15
chr13	  3550000	  4850000	26
chr13	  4950000	  5300000	7
chr13	  6150000	  5000000	23
chr13	  7250000	  7700000	9
chr13	  7350000	  7750000	8
chr13	  7750000	  6550000	24
chr13	 10050000	  8700000	27
chr13	 12650000	 13300000	13
chr13	 16450000	 18500000	41
chr13	 16900000	 17850000	19
chr13	 20000000	 19150000	17
chr13	 21000000	 20300000	14
chr13	 24200000	 25350000	23
chr13	 24600000	 25600000	20
chr13	 24700000	 22550000	43
chr13	 26950000	 26500000	9
chr13	 27600000	 28550000	19
chr13	 28050000	 26400000	33
chr13	 28500000	 29200000	14
chr13	 29250000	 27500000	35
chr13	 31300000	 30650000	13
chr13	 31400000	 32050000	13
chr13	 32100000	 30950000	23
chr13	 32350000	 34050000	34
chr13	 32450000	 29100000	67
chr13	 33250000	 33250000	0
chr13	 36000000	 39950000	79
chr13	 37350000	 38400000	21
chr13	 40000000	 41800000	36
chr13	 42400000	 41350000	21
chr13	 45350000	 46900000	31
chr13	 45700000	 46150000	9
chr13	 46550000	 45150000	28
chr13	 46950000	 46100000	17
chr13	 48850000	 49850000	20
chr13	 51450000	 49100000	47
chr13	 52400000	 54050000	33
chr13	 53100000	 54800000	34
chr13	 53900000	 54500000	12
chr13	 54100000	 52400000	34
chr13	 55250000	 54100000	23
chr13	 56550000	 55050000	30
chr13	 56700000	 55050000	33
chr13	 58900000	 60650000	35
chr13	 59000000	 58300000	14
chr13	 59350000	 57100000	45
chr13	 61800000	 62500000	14
chr13	 65400000	 66450000	21
chr13	 65500000	 67400000	38
chr13	 65550000	 66300000	15
chr13	 69550000	 70500000	19
chr13	 72150000	 73850000	34
chr13	 72800000	 74200000	28
chr13	 73750000	 74450000	14
chr13	 74100000	 75800000	34
chr13	 74450000	 75250000	16
chr13	 75850000	 78100000	45
chr13	 76100000	 74500000	32
chr13	 78450000	 79050000	12
chr13	 79200000	 79950000	15
chr13	 79450000	 77550000	38
chr13	 80250000	 79350000	18
chr13	 81250000	 80600000	13
chr13	 81550000	 80450000	22
chr13	 81700000	 80850000	17
chr13	 83100000	 81300000	36
chr13	 83500000	 84050000	11
chr13	 83500000	 85050000	31
chr13	 85350000	 83550000	36
chr13	 85500000	 84850000	13
chr13	 86000000	 84900000	22
chr13	 88150000	 89850000	34
chr13	 88700000	 89300000	12
chr13	 90050000	 91300000	25
chr13	 91600000	 91150000	9
chr13	 91850000	 90650000	24
chr13	 92600000	 95300000	54
chr13	 95100000	 94150000	19
chr13	 95550000	 93350000	44
chr13	 96050000	 94750000	26
chr13	 96800000	 95300000	30
chr13	 98450000	 97650000	16
chr13	100600000	101900000	26
chr13	102900000	105050000	43
chr13	105500000	105150000	7
chr13	107350000	107800000	9
chr13	108150000	107350000	16
chr13	111350000	110600000	15
chr13	111500000	110250000	25
chr13	113900000	112950000	19
chr13	115300000	115850000	11
chr13	115550000	116500000	19
chr13	116050000	117800000	35
chr13	116300000	114650000	33
chr13	116900000	116000000	18
chr13	117800000	118400000	12
chr13	118050000	118800000	15
chr13	118200000	117150000	21
chr14	   150000	   350000	4
chr14	  1400000	  3900000	50
chr14	  2700000	  3650000	19
chr14	  4250000	  4700000	9
chr14	  6050000	  7500000	29
chr14	  7900000	  9250000	27
chr14	  8800000	  7350000	29
chr14	  9150000	  5900000	65
chr14	  9650000	  7700000	39
chr14	  9950000	  9150000	16
chr14	 13000000	 12450000	11
chr14	 13550000	 10500000	61
chr14	 14750000	 15700000	19
chr14	 15550000	 16300000	15
chr14	 16450000	 17100000	13
chr14	 16500000	 17000000	10
chr14	 17650000	 20650000	60
chr14	 20850000	 19300000	31
chr14	 20850000	 21150000	6
chr14	 21150000	 22250000	22
chr14	 21450000	 24150000	54
chr14	 22300000	 22950000	13
chr14	 24000000	 23300000	14
chr14	 25150000	 26350000	24
chr14	 26150000	 25200000	19
chr14	 27700000	 25550000	43
chr14	 28800000	 28300000	10
chr14	 30550000	 31550000	20
chr14	 31300000	 32650000	27
chr14	 32200000	 31450000	15
chr14	 34750000	 36150000	28
chr14	 38500000	 39150000	13
chr14	 39150000	 35350000	76
chr14	 39300000	 40700000	28
chr14	 39700000	 41800000	42
chr14	 40750000	 40050000	14
chr14	 43000000	 44300000	26
chr14	 44000000	 44650000	13
chr14	 44300000	 43900000	8
chr14	 45800000	 47250000	29
chr14	 46400000	 48150000	35
chr14	 46950000	 46300000	13
chr14	 47950000	 48850000	18
chr14	 48200000	 49000000	16
chr14	 50550000	 49650000	18
chr14	 51700000	 52250000	11
chr14	 53200000	 54450000	25
chr14	 55150000	 56750000	32
chr14	 55850000	 56050000	4
chr14	 56750000	 56150000	12
chr14	 56900000	 55650000	25
chr14	 57200000	 55900000	26
chr14	 58850000	 58450000	8
chr14	 59600000	 60550000	19
chr14	 60350000	 61500000	23
chr14	 63250000	 61250000	40
chr14	 64400000	 63150000	25
chr14	 66250000	 68250000	40
chr14	 68550000	 70400000	37
chr14	 69450000	 71000000	31
chr14	 70000000	 69000000	20
chr14	 70850000	 73250000	48
chr14	 72300000	 73900000	32
chr14	 73350000	 74500000	23
chr14	 73350000	 75150000	36
chr14	 74400000	 75300000	18
chr14	 76850000	 77300000	9
chr14	 81050000	 82050000	20
chr14	 81100000	 80000000	22
chr14	 81250000	 79400000	37
chr14	 81650000	 83050000	28
chr14	 81700000	 81100000	12
chr14	 82200000	 83950000	35
chr14	 83600000	 82850000	15
chr14	 83800000	 82400000	28
chr14	 84650000	 85550000	18
chr14	 86500000	 87300000	16
chr14	 87050000	 88250000	24
chr14	 87550000	 89450000	38
chr14	 87950000	 86000000	39
chr14	 91000000	 91450000	9
chr14	 91850000	 93800000	39
chr14	 93450000	 93250000	4
chr14	 93500000	 94350000	17
chr14	 97100000	 96200000	18
chr14	 97850000	 99450000	32
chr14	 98100000	100200000	42
chr14	100350000	100050000	6
chr14	104650000	105850000	24
chr14	104800000	106350000	31
chr14	105650000	106050000	8
chr14	106400000	105600000	16
chr14	107800000	109200000	28
chr14	110050000	106800000	65
chr14	110700000	113200000	50
chr14	112150000	112150000	0
chr14	112200000	113550000	27
chr14	112550000	113400000	17
chr14	112750000	113550000	16
chr14	113550000	113300000	5
chr14	114300000	115350000	21
chr14	117300000	116650000	13
chr14	118200000	118550000	7
chr14	119050000	117100000	39
chr14	120700000	119600000	22
chr14	122350000	123100000	15
chr14	122750000	124400000	33
chr14	122800000	124100000	26
chr14	122900000	121150000	35
chr14	123700000	122900000	16
chr14	124150000	123550000	12
chr15	  2600000	   300000	46
chr15	  5400000	  6850000	29
chr15	  6300000	  6600000	6
chr15	  9000000	  7550000	29
chr15	 10800000	 11400000	12
chr15	 11600000	 13700000	42
chr15	 12500000	 13800000	26
chr15	 12650000	 14450000	36
chr15	 14650000	 13600000	21
chr15	 14750000	 15600000	17
chr15	 15100000	 15450000	7
chr15	 15350000	 14400000	19
chr15	 18750000	 17300000	29
chr15	 19500000	 20500000	20
chr15	 22100000	 23350000	25
chr15	 22900000	 21600000	26
chr15	 24900000	 23800000	22
chr15	 25450000	 26600000	23
chr15	 25850000	 26700000	17
chr15	 27250000	 26700000	11
chr15	 29600000	 28500000	22
chr15	 31500000	 30050000	29
chr15	 32100000	 32900000	16
chr15	 34750000	 33500000	25
chr15	 35150000	 36150000	20
chr15	 35200000	 36300000	22
chr15	 35950000	 36850000	18
chr15	 37500000	 35750000	35
chr15	 38650000	 38250000	8
chr15	 39250000	 37800000	29
chr15	 40700000	 39600000	22
chr15	 42700000	 41700000	20
chr15	 43900000	 43200000	14
chr15	 46900000	 46350000	11
chr15	 46900000	 47750000	17
chr15	 47400000	 46550000	17
chr15	 47900000	 47000000	18
chr15	 50250000	 50850000	12
chr15	 60400000	 59450000	19
chr15	 60450000	 61600000	23
chr15	 60700000	 59200000	30
chr15	 62350000	 61750000	12
chr15	 65450000	 64300000	23
chr15	 65600000	 66400000	16
chr15	 66400000	 67150000	15
chr15	 67100000	 68200000	22
chr15	 67700000	 67400000	6
chr15	 68050000	 67100000	19
chr15	 68700000	 68050000	13
chr15	 70650000	 73650000	60
chr15	 72000000	 69100000	58
chr15	 74800000	 74350000	9
chr15	 75400000	 76700000	26
chr15	 77500000	 78500000	20
chr15	 78000000	 78800000	16
chr15	 78650000	 77650000	20
chr15	 80700000	 81950000	25
chr15	 82400000	 81350000	21
chr15	 84000000	 83650000	7
chr15	 85200000	 83450000	35
chr15	 85700000	 87550000	37
chr15	 87850000	 88350000	10
chr15	 92900000	 91650000	25
chr15	 95350000	 94550000	16
chr15	 95500000	 92900000	52
chr15	 97350000	 98050000	14
chr15	 98300000	 98500000	4
chr15	 99550000	100600000	21
chr15	100300000	 99650000	13
chr15	102200000	103400000	24
chr15	102250000	103750000	30
chr16	  1650000	   900000	15
chr16	  2150000	  1250000	18
chr16	  3900000	  4450000	11
chr16	  4300000	  5450000	23
chr16	  4450000	  3450000	20
chr16	  4500000	  6100000	32
chr16	  6400000	  5350000	21
chr16	  6650000	  4050000	52
chr16	  6750000	  5050000	34
chr16	  6850000	  5950000	18
chr16	  9200000	 10300000	22
chr16	  9450000	 10100000	13
chr16	 11300000	 11800000	10
chr16	 11850000	 10350000	30
chr16	 14150000	 12250000	38
chr16	 15250000	 14650000	12
chr16	 15500000	 16500000	20
chr16	 15800000	 16800000	20
chr16	 21550000	 20700000	17
chr16	 23150000	 23750000	12
chr16	 25350000	 24600000	15
chr16	 27250000	 27600000	7
chr16	 29800000	 31100000	26
chr16	 29850000	 29700000	3
chr16	 31450000	 30500000	19
chr16	 31700000	 30100000	32
chr16	 32150000	 33000000	17
chr16	 38450000	 38850000	8
chr16	 43200000	 42150000	21
chr16	 43200000	 42200000	20
chr16	 43450000	 45200000	35
chr16	 44300000	 43800000	10
chr16	 46200000	 47150000	19
chr16	 47400000	 47150000	5
chr16	 47650000	 49400000	35
chr16	 48050000	 48050000	0
chr16	 48350000	 47300000	21
chr16	 50100000	 49250000	17
chr16	 50900000	 52700000	36
chr16	 51250000	 50950000	6
chr16	 52500000	 53750000	25
chr16	 52750000	 51900000	17
chr16	 58950000	 57850000	22
chr16	 60100000	 58950000	23
chr16	 60950000	 60600000	7
chr16	 61450000	 62150000	14
chr16	 62450000	 62250000	4
chr16	 62650000	 64100000	29
chr16	 63700000	 63900000	4
chr16	 64700000	 63650000	21
chr16	 65650000	 64850000	16
chr16	 66300000	 67250000	19
chr16	 68050000	 66850000	24
chr16	 68750000	 67300000	29
chr16	 69300000	 69300000	0
chr16	 70950000	 67600000	67
chr16	 71150000	 71850000	14
chr16	 72900000	 72000000	18
chr16	 73650000	 74700000	21
chr16	 75600000	 75250000	7
chr16	 76450000	 75750000	14
chr16	 76650000	 77900000	25
chr16	 79150000	 77950000	24
chr16	 81300000	 82850000	31
chr16	 83200000	 84100000	18
chr16	 84750000	 82100000	53
chr16	 84800000	 85500000	14
chr16	 85800000	 87500000	34
chr16	 86250000	 87250000	20
chr16	 89100000	 89000000	2
chr16	 90300000	 91300000	20
chr16	 92850000	 94700000	37
chr16	 95050000	 95800000	15
chr16	 95250000	 93350000	38
chr16	 96500000	 95350000	23
chr17	   150000	   400000	5
chr17	   350000	   900000	11
chr17	  3100000	  3850000	15
chr17	  5550000	  6200000	13
chr17	  6500000	  6750000	5
chr17	  8850000	  8400000	9
chr17	 10050000	 11100000	21
chr17	 10250000	 12350000	42
chr17	 10500000	 10050000	9
chr17	 10700000	 11700000	20
chr17	 11650000	 11200000	9
chr17	 12000000	 10750000	25
chr17	 14750000	 13350000	28
chr17	 16250000	 15950000	6
chr17	 18500000	 17450000	21
chr17	 18700000	 20300000	32
chr17	 18900000	 19600000	14
chr17	 20150000	 20850000	14
chr17	 20350000	 18700000	33
chr17	 22650000	 21750000	18
chr17	 22800000	 21750000	21
chr17	 22900000	 24600000	34
chr17	 23050000	 23750000	14
chr17	 23050000	 24350000	26
chr17	 31250000	 32350000	22
chr17	 32450000	 33850000	28
chr17	 33750000	 33100000	13
chr17	 34650000	 34200000	9
chr17	 34650000	 37000000	47
chr17	 36700000	 37100000	8
chr17	 39850000	 40350000	10
chr17	 40100000	 42100000	40
chr17	 40800000	 41500000	14
chr17	 42250000	 40600000	33
chr17	 44300000	 44300000	0
chr17	 44800000	 42400000	48
chr17	 47800000	 48700000	18
chr17	 50600000	 51650000	21
chr17	 52300000	 51750000	11
chr17	 53350000	 52100000	25
chr17	 54500000	 55050000	11
chr17	 54600000	 55650000	21
chr17	 56150000	 54200000	39
chr17	 57700000	 55350000	47
chr17	 57800000	 56550000	25
chr17	 59050000	 60550000	30
chr17	 61750000	 62950000	24
chr17	 64150000	 65500000	27
chr17	 65000000	 64450000	11
chr17	 65000000	 65750000	15
chr17	 66550000	 66050000	10
chr17	 66750000	 67250000	10
chr17	 71700000	 72750000	21
chr17	 73800000	 75450000	33
chr17	 74800000	 74250000	11
chr17	 78500000	 80400000	38
chr17	 78750000	 79750000	20
chr17	 83750000	 84850000	22
chr17	 83800000	 82500000	26
chr17	 83800000	 84550000	15
chr17	 85950000	 84300000	33
chr17	 87750000	 89100000	27
chr17	 90800000	 91750000	19
chr17	 91600000	 90500000	22
chr17	 91600000	 93900000	46
chr18	  2350000	  3650000	26
chr18	  2900000	  3900000	20
chr18	  3700000	  5750000	41
chr18	  3850000	  2450000	28
chr18	  4150000	  4850000	14
chr18	  4500000	  5200000	14
chr18	  4800000	  4050000	15
chr18	  4950000	  5350000	8
chr18	  7250000	 10600000	67
chr18	  7500000	  5200000	46
chr18	  8800000	 11950000	63
chr18	 11850000	 12300000	9
chr18	 12400000	 11150000	25
chr18	 14800000	 17050000	45
chr18	 14950000	 16450000	30
chr18	 15150000	 12600000	51
chr18	 15350000	 13350000	40
chr18	 15650000	 18250000	52
chr18	 16550000	 15250000	26
chr18	 16700000	 18100000	28
chr18	 21050000	 22100000	21
chr18	 21650000	 20350000	26
chr18	 23900000	 23200000	14
chr18	 24850000	 23550000	26
chr18	 27450000	 26700000	15
chr18	 28450000	 29450000	20
chr18	 33800000	 30850000	59
chr18	 35250000	 36150000	18
chr18	 36450000	 34950000	30
chr18	 38500000	 36800000	34
chr18	 39150000	 36750000	48
chr18	 39650000	 39000000	13
chr18	 40150000	 41650000	30
chr18	 42400000	 41700000	14
chr18	 42700000	 41450000	25
chr18	 43100000	 44000000	18
chr18	 43250000	 42150000	22
chr18	 43500000	 44350000	17
chr18	 43650000	 42350000	26
chr18	 43650000	 43200000	9
chr18	 47550000	 46450000	22
chr18	 49050000	 49650000	12
chr18	 50050000	 48450000	32
chr18	 52300000	 48700000	72
chr18	 53100000	 52250000	17
chr18	 54650000	 51750000	58
chr18	 54700000	 56150000	29
chr18	 54800000	 55550000	15
chr18	 55200000	 54800000	8
chr18	 55450000	 53550000	38
chr18	 58700000	 57600000	22
chr18	 58750000	 56800000	39
chr18	 59000000	 60250000	25
chr18	 60250000	 58850000	28
chr18	 61000000	 62500000	30
chr18	 63250000	 63750000	10
chr18	 68100000	 69500000	28
chr18	 68300000	 69150000	17
chr18	 69350000	 69750000	8
chr18	 70200000	 69150000	21
chr18	 72450000	 73300000	17
chr18	 72950000	 70600000	47
chr18	 73400000	 74750000	27
chr18	 74250000	 75350000	22
chr18	 75850000	 74600000	25
chr18	 75850000	 77250000	28
chr18	 77350000	 78350000	20
chr18	 79700000	 80350000	13
chr18	 79750000	 82700000	59
chr18	 83550000	 86150000	52
chr18	 84450000	 85150000	14
chr18	 84600000	 85650000	21
chr18	 85800000	 85500000	6
chr18	 87150000	 87750000	12
chr18	 87500000	 86400000	22
chr18	 87800000	 88200000	8
chr18	 90400000	 89650000	15
chr19	   200000	  1100000	18
chr19	  3000000	  2300000	14
chr19	  4750000	  3800000	19
chr19	  4800000	  5400000	12
chr19	  6850000	  6450000	8
chr19	  6950000	  7250000	6
chr19	  8050000	  8950000	18
chr19	  8150000	  9050000	18
chr19	  9350000	  8600000	15
chr19	 10200000	 11150000	19
chr19	 10700000	  9850000	17
chr19	 12200000	 12600000	8
chr19	 12850000	 11600000	25
chr19	 14100000	 15550000	29
chr19	 14450000	 15400000	19
chr19	 14750000	 13600000	23
chr19	 16300000	 15700000	12
chr19	 16850000	 15700000	23
chr19	 18100000	 18900000	16
chr19	 18750000	 17900000	17
chr19	 24150000	 26400000	45
chr19	 24600000	 25150000	11
chr19	 27450000	 25750000	34
chr19	 27750000	 28650000	18
chr19	 30550000	 29950000	12
chr19	 32150000	 33000000	17
chr19	 32300000	 33450000	23
chr19	 32950000	 35050000	42
chr19	 34000000	 33150000	17
chr19	 35750000	 35750000	0
chr19	 37950000	 37650000	6
chr19	 38150000	 34550000	72
chr19	 38750000	 39900000	23
chr19	 40300000	 43600000	66
chr19	 40850000	 41600000	15
chr19	 41500000	 43100000	32
chr19	 41900000	 40800000	22
chr19	 42600000	 43700000	22
chr19	 47150000	 48150000	20
chr19	 48600000	 49200000	12
chr19	 49600000	 50800000	24
chr19	 50800000	 50500000	6
chr19	 52150000	 53350000	24
chr19	 52700000	 50750000	39
chr19	 54050000	 53050000	20
chr19	 58600000	 55650000	59
chr2	   500000	   900000	8
chr2	  2300000	  1950000	7
chr2	  3800000	  4650000	17
chr2	  5150000	  4350000	16
chr2	  7000000	  6450000	11
chr2	  7500000	  8450000	19
chr2	  9450000	  7700000	35
chr2	 10250000	 11400000	23
chr2	 11200000	 11200000	0
chr2	 11550000	 11100000	9
chr2	 13650000	 14650000	20
chr2	 15450000	 13250000	44
chr2	 16600000	 17550000	19
chr2	 21100000	 18900000	44
chr2	 21750000	 18250000	70
chr2	 22700000	 23300000	12
chr2	 23600000	 24900000	26
chr2	 29650000	 29250000	8
chr2	 30800000	 28800000	40
chr2	 31200000	 32100000	18
chr2	 34100000	 32700000	28
chr2	 34250000	 35350000	22
chr2	 34500000	 33100000	28
chr2	 36200000	 35550000	13
chr2	 38250000	 39100000	17
chr2	 42400000	 41650000	15
chr2	 42550000	 42100000	9
chr2	 48250000	 47450000	16
chr2	 48900000	 48150000	15
chr2	 49200000	 50050000	17
chr2	 49650000	 51300000	33
chr2	 49700000	 51050000	27
chr2	 50250000	 49550000	14
chr2	 50300000	 48850000	29
chr2	 50550000	 48900000	33
chr2	 51600000	 50200000	28
chr2	 51750000	 50850000	18
chr2	 52450000	 50900000	31
chr2	 54200000	 52650000	31
chr2	 54200000	 53100000	22
chr2	 54450000	 57150000	54
chr2	 55350000	 54850000	10
chr2	 57300000	 56600000	14
chr2	 57600000	 56450000	23
chr2	 58050000	 58850000	16
chr2	 58350000	 57400000	19
chr2	 58900000	 60750000	37
chr2	 59550000	 58250000	26
chr2	 61750000	 61100000	13
chr2	 61800000	 60150000	33
chr2	 64200000	 65900000	34
chr2	 66250000	 67800000	31
chr2	 73950000	 74550000	12
chr2	 75750000	 76450000	14
chr2	 75850000	 74850000	20
chr2	 76050000	 77700000	33
chr2	 76250000	 78050000	36
chr2	 76900000	 78100000	24
chr2	 79350000	 79950000	12
chr2	 80250000	 79100000	23
chr2	 82200000	 83600000	28
chr2	 83300000	 82500000	16
chr2	 86850000	 87600000	15
chr2	 88300000	 86800000	30
chr2	 89100000	 90150000	21
chr2	 90100000	 92550000	49
chr2	 90650000	 92500000	37
chr2	 91300000	 90050000	25
chr2	 92650000	 92050000	12
chr2	 97200000	 98300000	22
chr2	 97900000	 96150000	35
chr2	 98150000	 95700000	49
chr2	 98650000	 99950000	26
chr2	 99550000	 98600000	19
chr2	 99600000	 97400000	44
chr2	100450000	 99050000	28
chr2	100500000	 99450000	21
chr2	101450000	102850000	28
chr2	101550000	104300000	55
chr2	102750000	103050000	6
chr2	106350000	105900000	9
chr2	107350000	106300000	21
chr2	108100000	109850000	35
chr2	111000000	110150000	17
chr2	113500000	114200000	14
chr2	113950000	114950000	20
chr2	114250000	114800000	11
chr2	114300000	115900000	32
chr2	115150000	113850000	26
chr2	115650000	117500000	37
chr2	116350000	117850000	30
chr2	118500000	119550000	21
chr2	120400000	119200000	24
chr2	121600000	120550000	21
chr2	122000000	121500000	10
chr2	122000000	121600000	8
chr2	122650000	123600000	19
chr2	127250000	128000000	15
chr2	127950000	128500000	11
chr2	128100000	129050000	19
chr2	128200000	127000000	24
chr2	129350000	129600000	5
chr2	130250000	129050000	24
chr2	131250000	131800000	11
chr2	131400000	132700000	26
chr2	132100000	131800000	6
chr2	132900000	132050000	17
chr2	134350000	135400000	21
chr2	134350000	135650000	26
chr2	134850000	133050000	36
chr2	135450000	137200000	35
chr2	137250000	135700000	31
chr2	137600000	136800000	16
chr2	138400000	138000000	8
chr2	139400000	138750000	13
chr2	139700000	140350000	13
chr2	141600000	142350000	15
chr2	144250000	144750000	10
chr2	147750000	146800000	19
chr2	149050000	150950000	38
chr2	150800000	149350000	29
chr2	152300000	151150000	23
chr2	152650000	156100000	69
chr2	152950000	151050000	38
chr2	154700000	156000000	26
chr2	156100000	155000000	22
chr2	157800000	159600000	36
chr2	157850000	158350000	10
chr2	162650000	163100000	9
chr2	163200000	163900000	14
chr2	163300000	164000000	14
chr2	163600000	162550000	21
chr2	163650000	162300000	27
chr2	164250000	163500000	15
chr2	165950000	166750000	16
chr2	166400000	165650000	15
chr2	169100000	168550000	11
chr2	169250000	168500000	15
chr2	171850000	173100000	25
chr2	173350000	175800000	49
chr2	173650000	175350000	34
chr2	174650000	175250000	12
chr2	175950000	175350000	12
chr2	177600000	178900000	26
chr2	179400000	180750000	27
chr2	179850000	180800000	19
chr2	180800000	181700000	18
chr3	  1450000	  3250000	36
chr3	  3400000	  5300000	38
chr3	  4850000	  4700000	3
chr3	  5750000	  4700000	21
chr3	  7150000	  8150000	20
chr3	  7500000	  6300000	24
chr3	  8250000	 10550000	46
chr3	 10300000	  8950000	27
chr3	 15050000	 16500000	29
chr3	 15300000	 17350000	41
chr3	 16050000	 14800000	25
chr3	 18550000	 19850000	26
chr3	 19400000	 18700000	14
chr3	 22350000	 21050000	26
chr3	 24300000	 25650000	27
chr3	 24950000	 27450000	50
chr3	 27800000	 29050000	25
chr3	 28600000	 29600000	20
chr3	 28850000	 30100000	25
chr3	 31100000	 32250000	23
chr3	 31200000	 32250000	21
chr3	 35350000	 34500000	17
chr3	 37150000	 37550000	8
chr3	 38300000	 37800000	10
chr3	 38650000	 36600000	41
chr3	 39450000	 40250000	16
chr3	 42550000	 42200000	7
chr3	 44550000	 45550000	20
chr3	 45450000	 47150000	34
chr3	 46300000	 47050000	15
chr3	 47550000	 48650000	22
chr3	 47600000	 46650000	19
chr3	 49200000	 47850000	27
chr3	 51250000	 49350000	38
chr3	 51500000	 50500000	20
chr3	 52850000	 51550000	26
chr3	 53500000	 52850000	13
chr3	 54450000	 53700000	15
chr3	 56750000	 57500000	15
chr3	 57750000	 56650000	22
chr3	 58500000	 58200000	6
chr3	 59600000	 62400000	56
chr3	 60400000	 58700000	34
chr3	 60950000	 62050000	22
chr3	 64200000	 63850000	7
chr3	 65450000	 63050000	48
chr3	 67150000	 66550000	12
chr3	 67300000	 69150000	37
chr3	 68050000	 67600000	9
chr3	 68900000	 67450000	29
chr3	 69900000	 68150000	35
chr3	 72650000	 73450000	16
chr3	 73800000	 75200000	28
chr3	 74850000	 72950000	38
chr3	 76550000	 78000000	29
chr3	 77700000	 78800000	22
chr3	 79900000	 78800000	22
chr3	 82650000	 83400000	15
chr3	 83050000	 83800000	15
chr3	 83250000	 84450000	24
chr3	 85000000	 84100000	18
chr3	 87200000	 88350000	23
chr3	 87650000	 89150000	30
chr3	 87700000	 88800000	22
chr3	 88450000	 87000000	29
chr3	 88850000	 86650000	44
chr3	 90700000	 91450000	15
chr3	 90800000	 89350000	29
chr3	 91700000	 91450000	5
chr3	 92150000	 93650000	30
chr3	 96050000	 95300000	15
chr3	 97300000	 99700000	48
chr3	 97600000	 96700000	18
chr3	 97900000	100450000	51
chr3	 98250000	 99450000	24
chr3	 99200000	 97050000	43
chr3	101400000	 99800000	32
chr3	101400000	101100000	6
chr3	103400000	104000000	12
chr3	104150000	105350000	24
chr3	106900000	106100000	16
chr3	113400000	112500000	18
chr3	113550000	112400000	23
chr3	113750000	110650000	62
chr3	114550000	116200000	33
chr3	115300000	117150000	37
chr3	116550000	115100000	29
chr3	116850000	115900000	19
chr3	117500000	118500000	20
chr3	118050000	119300000	25
chr3	118150000	117400000	15
chr3	118450000	119450000	20
chr3	118900000	119300000	8
chr3	119200000	120250000	21
chr3	119750000	120800000	21
chr3	119950000	119600000	7
chr3	120450000	118850000	32
chr3	128050000	129550000	30
chr3	129000000	127900000	22
chr3	129150000	128050000	22
chr3	130500000	130850000	7
chr3	130550000	129200000	27
chr3	130650000	130950000	6
chr3	130700000	132000000	26
chr3	131050000	130450000	12
chr3	131750000	132400000	13
chr3	132350000	131500000	17
chr3	132900000	135250000	47
chr3	133400000	130800000	52
chr3	134100000	135000000	18
chr3	134300000	133500000	16
chr3	134700000	135100000	8
chr3	135450000	136350000	18
chr3	135800000	135300000	10
chr3	137350000	139050000	34
chr3	138450000	139750000	26
chr3	141050000	142050000	20
chr3	142400000	140300000	42
chr3	144050000	142200000	37
chr3	144150000	142300000	37
chr3	147800000	145750000	41
chr3	149750000	148000000	35
chr3	153450000	155000000	31
chr3	153650000	154900000	25
chr3	153800000	155300000	30
chr3	154700000	155450000	15
chr3	157150000	157900000	15
chr3	157300000	157850000	11
chr3	159850000	159150000	14
chr4	  2000000	  2000000	0
chr4	  2350000	  1700000	13
chr4	  2500000	   450000	41
chr4	  6700000	  6100000	12
chr4	  6750000	  6250000	10
chr4	  6800000	  9750000	59
chr4	  9150000	  8400000	15
chr4	 11550000	 10550000	20
chr4	 12450000	 15150000	54
chr4	 14050000	 17800000	75
chr4	 14650000	 15250000	12
chr4	 17100000	 17950000	17
chr4	 19950000	 21100000	23
chr4	 20550000	 21400000	17
chr4	 21650000	 20100000	31
chr4	 22350000	 21850000	10
chr4	 22750000	 22200000	11
chr4	 23350000	 24100000	15
chr4	 24300000	 25700000	28
chr4	 24400000	 22300000	42
chr4	 25150000	 26600000	29
chr4	 26900000	 27800000	18
chr4	 28900000	 27150000	35
chr4	 28900000	 28050000	17
chr4	 29950000	 31150000	24
chr4	 30650000	 32250000	32
chr4	 34550000	 33450000	22
chr4	 36200000	 36650000	9
chr4	 36900000	 38500000	32
chr4	 37000000	 36600000	8
chr4	 37850000	 38550000	14
chr4	 39000000	 39550000	11
chr4	 40100000	 41450000	27
chr4	 40250000	 42450000	44
chr4	 40550000	 41250000	14
chr4	 41900000	 41150000	15
chr4	 41950000	 41050000	18
chr4	 42400000	 41600000	16
chr4	 43950000	 44300000	7
chr4	 44950000	 45400000	9
chr4	 46700000	 48000000	26
chr4	 47900000	 49600000	34
chr4	 48800000	 49850000	21
chr4	 49750000	 50650000	18
chr4	 51600000	 52400000	16
chr4	 54100000	 53350000	15
chr4	 55000000	 56250000	25
chr4	 58500000	 59300000	16
chr4	 58800000	 58150000	13
chr4	 61700000	 60100000	32
chr4	 62300000	 61950000	7
chr4	 64250000	 66050000	36
chr4	 64850000	 65150000	6
chr4	 67900000	 68500000	12
chr4	 67950000	 68550000	12
chr4	 68200000	 69400000	24
chr4	 68700000	 70100000	28
chr4	 70200000	 71200000	20
chr4	 70300000	 69150000	23
chr4	 71400000	 71850000	9
chr4	 72100000	 71850000	5
chr4	 74300000	 75450000	23
chr4	 75700000	 76900000	24
chr4	 80050000	 79200000	17
chr4	 80350000	 78800000	31
chr4	 83300000	 85550000	45
chr4	 84400000	 80550000	77
chr4	 84400000	 83750000	13
chr4	 84400000	 87250000	57
chr4	 87500000	 86500000	20
chr4	 88050000	 88300000	5
chr4	 89450000	 90150000	14
chr4	 90700000	 89550000	23
chr4	 92600000	 91150000	29
chr4	 92850000	 95050000	44
chr4	 94900000	 95800000	18
chr4	 95150000	 96750000	32
chr4	 95700000	 95150000	11
chr4	 96600000	 97800000	24
chr4	 98350000	 97300000	21
chr4	 99100000	 98250000	17
chr4	102750000	103200000	9
chr4	103000000	107850000	97
chr4	103600000	104600000	20
chr4	104150000	103350000	16
chr4	105000000	106150000	23
chr4	105050000	103800000	25
chr4	105050000	105450000	8
chr4	105550000	107350000	36
chr4	106950000	106400000	11
chr4	109500000	110700000	24
chr4	109800000	110800000	20
chr4	110300000	111650000	27
chr4	110950000	112250000	26
chr4	113050000	112300000	15
chr4	114300000	112900000	28
chr4	115500000	115500000	0
chr4	117150000	118500000	27
chr4	117450000	116350000	22
chr4	119250000	120100000	17
chr4	121000000	120200000	16
chr4	123700000	122750000	19
chr4	125300000	124600000	14
chr4	126250000	125750000	10
chr4	130950000	130350000	12
chr4	131300000	132600000	26
chr4	132600000	131600000	20
chr4	135800000	135000000	16
chr4	136450000	137150000	14
chr4	141750000	143200000	29
chr4	142550000	143550000	20
chr4	142700000	143700000	20
chr4	142950000	142500000	9
chr4	144800000	144100000	14
chr4	147800000	147000000	16
chr4	148050000	149850000	36
chr4	150100000	151350000	25
chr4	151450000	150400000	21
chr4	152500000	153250000	15
chr4	152950000	152450000	10
chr4	154350000	154900000	11
chr4	156150000	155650000	10
chr5	   100000	  1300000	24
chr5	  2400000	  4950000	51
chr5	  3300000	  4300000	20
chr5	  4550000	  5200000	13
chr5	  5700000	  7000000	26
chr5	  5800000	  6750000	19
chr5	  7900000	  8500000	12
chr5	  9200000	 10400000	24
chr5	 11400000	  8650000	55
chr5	 11500000	 13000000	30
chr5	 11750000	 14050000	46
chr5	 14000000	 14600000	12
chr5	 14800000	 13250000	31
chr5	 15150000	 14450000	14
chr5	 15700000	 14650000	21
chr5	 15850000	 16050000	4
chr5	 16100000	 16900000	16
chr5	 16400000	 18050000	33
chr5	 25350000	 26550000	24
chr5	 32400000	 33750000	27
chr5	 33800000	 34850000	21
chr5	 34900000	 35950000	21
chr5	 35300000	 35800000	10
chr5	 35500000	 34300000	24
chr5	 36850000	 37600000	15
chr5	 38200000	 40300000	42
chr5	 38700000	 40000000	26
chr5	 40600000	 41100000	10
chr5	 41400000	 43200000	36
chr5	 41500000	 41200000	6
chr5	 41900000	 43600000	34
chr5	 44500000	 43000000	30
chr5	 44500000	 45000000	10
chr5	 46200000	 45450000	15
chr5	 49250000	 50200000	19
chr5	 51300000	 50400000	18
chr5	 52050000	 53600000	31
chr5	 54200000	 55250000	21
chr5	 57500000	 59050000	31
chr5	 57550000	 57950000	8
chr5	 61050000	 62350000	26
chr5	 61550000	 60000000	31
chr5	 62950000	 63900000	19
chr5	 64450000	 63050000	28
chr5	 64700000	 63100000	32
chr5	 65850000	 65350000	10
chr5	 66750000	 65300000	29
chr5	 67050000	 68100000	21
chr5	 67550000	 68600000	21
chr5	 67600000	 66350000	25
chr5	 69100000	 70450000	27
chr5	 71000000	 72750000	35
chr5	 74850000	 73900000	19
chr5	 75150000	 74750000	8
chr5	 75300000	 75100000	4
chr5	 75950000	 76900000	19
chr5	 76250000	 76700000	9
chr5	 77000000	 76500000	10
chr5	 77950000	 76200000	35
chr5	 80200000	 81500000	26
chr5	 83400000	 85550000	43
chr5	 84200000	 86200000	40
chr5	 86050000	 87800000	35
chr5	 86450000	 86700000	5
chr5	 90250000	 91700000	29
chr5	 90550000	 89150000	28
chr5	 90900000	 90550000	7
chr5	 94000000	 95350000	27
chr5	 95300000	 96000000	14
chr5	 95650000	 96450000	16
chr5	 97250000	 98750000	30
chr5	 97300000	 98950000	33
chr5	 99250000	 98600000	13
chr5	 99850000	 98850000	20
chr5	100450000	102050000	32
chr5	101300000	100200000	22
chr5	102100000	103600000	30
chr5	103200000	105950000	55
chr5	104750000	104100000	13
chr5	108300000	109300000	20
chr5	109100000	108250000	17
chr5	111000000	112100000	22
chr5	111350000	112000000	13
chr5	112700000	113550000	17
chr5	115950000	111350000	92
chr5	116850000	114800000	41
chr5	117500000	120100000	52
chr5	119300000	118750000	11
chr5	121550000	123400000	37
chr5	121850000	122450000	12
chr5	121900000	120550000	27
chr5	122150000	121450000	14
chr5	123500000	124200000	14
chr5	126000000	126450000	9
chr5	126050000	126900000	17
chr5	127600000	126650000	19
chr5	128250000	125600000	53
chr5	130200000	130850000	13
chr5	132150000	133050000	18
chr5	132200000	131250000	19
chr5	132450000	132050000	8
chr5	133450000	134650000	24
chr5	136450000	137150000	14
chr5	136500000	137900000	28
chr5	140050000	142150000	42
chr5	140150000	141000000	17
chr5	141500000	140100000	28
chr5	141500000	142000000	10
chr5	142100000	141250000	17
chr5	143100000	143900000	16
chr5	143150000	144400000	25
chr5	145900000	147300000	28
chr5	147600000	147000000	12
chr5	148750000	148250000	10
chr5	149400000	149800000	8
chr5	151000000	149750000	25
chr5	151500000	149350000	43
chr6	        0	   850000	17
chr6	  1350000	  3350000	40
chr6	  1550000	  3100000	31
chr6	  1600000	  2350000	15
chr6	  2950000	  3800000	17
chr6	  3650000	  3650000	0
chr6	 10200000	  9950000	5
chr6	 12100000	 11150000	19
chr6	 15850000	 16550000	14
chr6	 17350000	 16600000	15
chr6	 17700000	 17300000	8
chr6	 17700000	 18500000	16
chr6	 18100000	 17300000	16
chr6	 18900000	 19550000	13
chr6	 19850000	 20150000	6
chr6	 21500000	 22700000	24
chr6	 23100000	 22700000	8
chr6	 27600000	 26750000	17
chr6	 28600000	 30300000	34
chr6	 29100000	 31900000	56
chr6	 29200000	 28850000	7
chr6	 29950000	 31100000	23
chr6	 32600000	 31400000	24
chr6	 38500000	 39150000	13
chr6	 39300000	 36100000	64
chr6	 42400000	 41950000	9
chr6	 43900000	 45300000	28
chr6	 44100000	 44650000	11
chr6	 46850000	 47700000	17
chr6	 48150000	 50300000	43
chr6	 52100000	 52000000	2
chr6	 52500000	 50800000	34
chr6	 52650000	 53450000	16
chr6	 54200000	 56750000	51
chr6	 54700000	 53000000	34
chr6	 55350000	 56650000	26
chr6	 55650000	 54000000	33
chr6	 55850000	 54000000	37
chr6	 57350000	 57000000	7
chr6	 58900000	 60300000	28
chr6	 60150000	 59550000	12
chr6	 63050000	 63750000	14
chr6	 64250000	 63300000	19
chr6	 64700000	 66250000	31
chr6	 65000000	 65500000	10
chr6	 65650000	 63200000	49
chr6	 67700000	 66750000	19
chr6	 68350000	 69600000	25
chr6	 70600000	 68950000	33
chr6	 70600000	 72550000	39
chr6	 70850000	 71450000	12
chr6	 72250000	 70500000	35
chr6	 73900000	 72800000	22
chr6	 76050000	 77750000	34
chr6	 78800000	 79550000	15
chr6	 81050000	 82550000	30
chr6	 82000000	 82600000	12
chr6	 82900000	 84600000	34
chr6	 83450000	 83700000	5
chr6	 84750000	 84500000	5
chr6	 86800000	 87600000	16
chr6	 87050000	 86550000	10
chr6	 91750000	 90700000	21
chr6	 92100000	 93000000	18
chr6	 92800000	 91800000	20
chr6	 96050000	 95550000	10
chr6	 98650000	 99950000	26
chr6	101400000	103100000	34
chr6	104800000	105150000	7
chr6	105150000	102250000	58
chr6	107400000	105850000	31
chr6	110450000	112300000	37
chr6	112100000	110750000	27
chr6	115650000	116600000	19
chr6	116450000	115550000	18
chr6	116450000	115750000	14
chr6	117350000	115400000	39
chr6	120950000	120450000	10
chr6	122050000	120700000	27
chr6	122350000	120950000	28
chr6	122950000	122150000	16
chr6	130000000	131150000	23
chr6	130150000	131400000	25
chr6	131500000	133050000	31
chr6	131700000	134200000	50
chr6	134700000	134400000	6
chr6	134900000	133950000	19
chr6	135000000	135900000	18
chr6	135350000	135800000	9
chr6	135750000	137000000	25
chr6	136200000	137000000	16
chr6	141000000	142050000	21
chr6	144700000	143850000	17
chr6	144850000	145400000	11
chr6	147500000	146800000	14
chr6	147900000	148650000	15
chr6	147950000	145900000	41
chr6	148250000	148650000	8
chr6	149050000	145650000	68
chr7	  1450000	   650000	16
chr7	  3450000	  2900000	11
chr7	  3900000	  2650000	25
chr7	  4150000	  5200000	21
chr7	  4800000	  3900000	18
chr7	  4900000	  6050000	23
chr7	  6950000	  7800000	17
chr7	 10950000	 10100000	17
chr7	 11950000	 12950000	20
chr7	 12800000	 13850000	21
chr7	 13950000	 11700000	45
chr7	 15350000	 16550000	24
chr7	 15750000	 16900000	23
chr7	 17350000	 18300000	19
chr7	 17550000	 15550000	40
chr7	 18950000	 18150000	16
chr7	 19200000	 18050000	23
chr7	 19750000	 19050000	14
chr7	 20200000	 21500000	26
chr7	 20700000	 20050000	13
chr7	 21250000	 20700000	11
chr7	 21350000	 22500000	23
chr7	 21450000	 21050000	8
chr7	 24950000	 25100000	3
chr7	 24950000	 25400000	9
chr7	 25100000	 24200000	18
chr7	 25900000	 26550000	13
chr7	 26150000	 25600000	11
chr7	 28000000	 28600000	12
chr7	 28650000	 29650000	20
chr7	 28950000	 29850000	18
chr7	 29300000	 28050000	25
chr7	 31200000	 32250000	21
chr7	 32550000	 33950000	28
chr7	 36600000	 37300000	14
chr7	 36900000	 36300000	12
chr7	 37700000	 35700000	40
chr7	 39700000	 40400000	14
chr7	 41700000	 43050000	27
chr7	 42200000	 41400000	16
chr7	 42900000	 44000000	22
chr7	 44600000	 43700000	18
chr7	 46200000	 47250000	21
chr7	 49000000	 48500000	10
chr7	 49000000	 49550000	11
chr7	 51500000	 53100000	32
chr7	 53200000	 51850000	27
chr7	 53350000	 59350000	120
chr7	 53700000	 52600000	22
chr7	 55700000	 54650000	21
chr7	 57650000	 57650000	0
chr7	 59400000	 60050000	13
chr7	 60700000	 62000000	26
chr7	 62050000	 63450000	28
chr7	 64100000	 65700000	32
chr7	 67600000	 66100000	30
chr7	 69400000	 68950000	9
chr7	 70900000	 73750000	57
chr7	 75050000	 74350000	14
chr7	 76300000	 73700000	52
chr7	 76600000	 78100000	30
chr7	 77300000	 77950000	13
chr7	 77950000	 79400000	29
chr7	 80750000	 82200000	29
chr7	 81250000	 80000000	25
chr7	 82000000	 82750000	15
chr7	 82100000	 82450000	7
chr7	 82500000	 82000000	10
chr7	 85400000	 87200000	36
chr7	 86050000	 86950000	18
chr7	 89350000	 87150000	44
chr7	 90450000	 89600000	17
chr7	 91300000	 92100000	16
chr7	 91900000	 92750000	17
chr7	 93200000	 92400000	16
chr7	 94250000	 93650000	12
chr7	 95500000	 94950000	11
chr7	 95650000	 94650000	20
chr7	 95950000	 95950000	0
chr7	 96900000	 98700000	36
chr7	100000000	100450000	9
chr7	100350000	100500000	3
chr7	100500000	 99750000	15
chr7	105200000	103850000	27
chr7	106450000	107250000	16
chr7	107150000	106000000	23
chr7	111450000	110050000	28
chr7	114900000	116400000	30
chr7	115100000	114250000	17
chr7	115200000	116100000	18
chr7	116800000	115850000	19
chr7	119400000	118200000	24
chr7	125550000	125850000	6
chr7	127250000	126750000	10
chr7	127700000	127250000	9
chr7	128350000	126300000	41
chr7	128950000	130700000	35
chr7	130950000	129650000	26
chr7	131900000	130600000	26
chr7	132350000	133750000	28
chr7	135700000	137050000	27
chr7	135800000	135200000	12
chr7	136150000	138250000	42
chr7	139400000	138200000	24
chr7	139750000	141250000	30
chr7	140450000	139300000	23
chr7	142900000	142150000	15
chr7	143100000	142600000	10
chr7	143100000	143900000	16
chr8	  1450000	  2600000	23
chr8	  4300000	  3900000	8
chr8	  4900000	  4150000	15
chr8	  5950000	  7150000	24
chr8	  6900000	  4100000	56
chr8	  7250000	  9450000	44
chr8	  7550000	  8200000	13
chr8	  8600000	  7050000	31
chr8	 10300000	 13950000	73
chr8	 11600000	  9450000	43
chr8	 12300000	 13950000	33
chr8	 13550000	 12400000	23
chr8	 15150000	 14500000	13
chr8	 15300000	 14350000	19
chr8	 15550000	 16450000	18
chr8	 15650000	 16650000	20
chr8	 16050000	 19450000	68
chr8	 16300000	 14650000	33
chr8	 16450000	 16050000	8
chr8	 17700000	 17150000	11
chr8	 20200000	 21400000	24
chr8	 22650000	 24200000	31
chr8	 23450000	 22200000	25
chr8	 23700000	 23100000	12
chr8	 24750000	 28300000	71
chr8	 25250000	 24450000	16
chr8	 25600000	 26200000	12
chr8	 26000000	 25550000	9
chr8	 27050000	 28200000	23
chr8	 27700000	 29200000	30
chr8	 28750000	 28000000	15
chr8	 31200000	 31850000	13
chr8	 32100000	 30800000	26
chr8	 32100000	 33400000	26
chr8	 34900000	 33150000	35
chr8	 38250000	 38850000	12
chr8	 38850000	 37800000	21
chr8	 46100000	 45350000	15
chr8	 47550000	 46500000	21
chr8	 47900000	 48700000	16
chr8	 53300000	 51800000	30
chr8	 53300000	 55150000	37
chr8	 53700000	 52050000	33
chr8	 54900000	 53500000	28
chr8	 55200000	 53850000	27
chr8	 56800000	 55150000	33
chr8	 57150000	 56350000	16
chr8	 57150000	 58700000	31
chr8	 57650000	 57250000	8
chr8	 57850000	 56200000	33
chr8	 57950000	 56200000	35
chr8	 58600000	 57850000	15
chr8	 59050000	 59050000	0
chr8	 59450000	 58200000	25
chr8	 60350000	 61000000	13
chr8	 61200000	 62150000	19
chr8	 61800000	 62650000	17
chr8	 62000000	 60950000	21
chr8	 62250000	 63450000	24
chr8	 62700000	 64450000	35
chr8	 63250000	 64050000	16
chr8	 64750000	 65800000	21
chr8	 65700000	 66000000	6
chr8	 66700000	 67650000	19
chr8	 69000000	 70650000	33
chr8	 70500000	 70300000	4
chr8	 71000000	 71650000	13
chr8	 71400000	 70150000	25
chr8	 71850000	 70450000	28
chr8	 72450000	 71700000	15
chr8	 73050000	 70800000	45
chr8	 73650000	 73100000	11
chr8	 74900000	 74350000	11
chr8	 75200000	 75750000	11
chr8	 78750000	 77300000	29
chr8	 80600000	 79850000	15
chr8	 82550000	 81500000	21
chr8	 84200000	 83900000	6
chr8	 91150000	 91750000	12
chr8	 91300000	 92550000	25
chr8	 92100000	 92550000	9
chr8	 94350000	 95050000	14
chr8	 95300000	 96900000	32
chr8	 95300000	 97000000	34
chr8	 98450000	 98950000	10
chr8	 99600000	100050000	9
chr8	100750000	101700000	19
chr8	101300000	 97750000	71
chr8	102900000	102350000	11
chr8	105700000	105250000	9
chr8	106550000	106050000	10
chr8	107850000	107200000	13
chr8	110450000	109300000	23
chr8	111000000	111600000	12
chr8	111450000	110300000	23
chr8	111900000	111200000	14
chr8	112250000	111250000	20
chr8	113650000	114850000	24
chr8	116700000	115350000	27
chr8	117200000	116500000	14
chr8	117750000	118400000	13
chr8	119800000	120800000	20
chr8	120050000	118050000	40
chr8	122250000	123750000	30
chr8	123250000	120400000	57
chr8	123500000	125100000	32
chr8	126800000	125550000	25
chr8	127000000	125900000	22
chr8	128200000	129250000	21
chr8	128600000	129400000	16
chr8	128700000	128150000	11
chr8	128950000	127950000	20
chr9	  4000000	  5600000	32
chr9	  5550000	  3100000	49
chr9	  6250000	  5950000	6
chr9	  8050000	  8400000	7
chr9	  8750000	  9500000	15
chr9	 11000000	 12200000	24
chr9	 14250000	 13700000	11
chr9	 15200000	 15800000	12
chr9	 15550000	 14700000	17
chr9	 17850000	 16650000	24
chr9	 18000000	 17500000	10
chr9	 22750000	 22750000	0
chr9	 23750000	 23450000	6
chr9	 24050000	 23250000	16
chr9	 24350000	 25050000	14
chr9	 24650000	 24950000	6
chr9	 25450000	 23950000	30
chr9	 26350000	 26600000	5
chr9	 27900000	 23250000	93
chr9	 28250000	 28750000	10
chr9	 29150000	 26250000	58
chr9	 30200000	 31000000	16
chr9	 30800000	 31750000	19
chr9	 32600000	 31150000	29
chr9	 37200000	 36200000	20
chr9	 37350000	 36200000	23
chr9	 38200000	 37350000	17
chr9	 41550000	 40450000	22
chr9	 42300000	 42300000	0
chr9	 43450000	 45250000	36
chr9	 43750000	 43150000	12
chr9	 44200000	 43050000	23
chr9	 45450000	 47950000	50
chr9	 46800000	 47600000	16
chr9	 47900000	 49550000	33
chr9	 49100000	 48400000	14
chr9	 50300000	 51800000	30
chr9	 52450000	 51100000	27
chr9	 55600000	 57300000	34
chr9	 58150000	 56300000	37
chr9	 58750000	 59800000	21
chr9	 62300000	 60950000	27
chr9	 62300000	 61250000	21
chr9	 62300000	 62950000	13
chr9	 62650000	 64550000	38
chr9	 62850000	 64250000	28
chr9	 63500000	 68450000	99
chr9	 64650000	 63550000	22
chr9	 64700000	 65400000	14
chr9	 66000000	 66600000	12
chr9	 66400000	 65300000	22
chr9	 67550000	 68050000	10
chr9	 68100000	 68550000	9
chr9	 68650000	 67850000	16
chr9	 71750000	 72650000	18
chr9	 72900000	 71550000	27
chr9	 73250000	 73700000	9
chr9	 75250000	 74700000	11
chr9	 76600000	 75700000	18
chr9	 77750000	 78550000	16
chr9	 89000000	 88550000	9
chr9	 89500000	 88900000	12
chr9	 91050000	 91950000	18
chr9	 92100000	 91550000	11
chr9	 95450000	 95100000	7
chr9	 96000000	 95050000	19
chr9	 97100000	 98650000	31
chr9	 98400000	 97800000	12
chr9	 99950000	100300000	7
chr9	100050000	103050000	60
chr9	102150000	100700000	29
chr9	102750000	102250000	10
chr9	104850000	105950000	22
chr9	104900000	104350000	11
chr9	106200000	104000000	44
chr9	107200000	108600000	28
chr9	108100000	105000000	62
chr9	108250000	110000000	35
chr9	108650000	109500000	17
chr9	109150000	108600000	11
chr9	111550000	110550000	20
chr9	118750000	119400000	13
chr9	118850000	119950000	22
chr9	121250000	118850000	48
chr9	121650000	121000000	13
chr9	121900000	122250000	7
chr9	121900000	124200000	46
chrX	   150000	   900000	15
chrX	  1450000	   500000	19
chrX	  1750000	   450000	26
chrX	  2700000	  1700000	20
chrX	  3100000	  5150000	41
chrX	  3350000	  2950000	8
chrX	  7250000	  7950000	14
chrX	 11850000	 12750000	18
chrX	 12200000	 13000000	16
chrX	 13700000	 13050000	13
chrX	 16500000	 16150000	7
chrX	 16900000	 15500000	28
chrX	 17150000	 18150000	20
chrX	 19250000	 18450000	16
chrX	 21400000	 22000000	12
chrX	 22300000	 21300000	20
chrX	 23200000	 25450000	45
chrX	 25350000	 27150000	36
chrX	 25400000	 24800000	12
chrX	 25900000	 26750000	17
chrX	 25950000	 25050000	18
chrX	 27200000	 26050000	23
chrX	 32950000	 32200000	15
chrX	 34800000	 32450000	47
chrX	 35200000	 36000000	16
chrX	 35300000	 33950000	27
chrX	 40400000	 41650000	25
chrX	 40700000	 39500000	24
chrX	 40800000	 41850000	21
chrX	 41550000	 42350000	16
chrX	 42300000	 41550000	15
chrX	 42350000	 41450000	18
chrX	 43000000	 41100000	38
chrX	 43400000	 41850000	31
chrX	 43900000	 44950000	21
chrX	 45300000	 43400000	38
chrX	 48350000	 47000000	27
chrX	 48550000	 49850000	26
chrX	 49000000	 48100000	18
chrX	 49200000	 49750000	11
chrX	 51650000	 51300000	7
chrX	 54100000	 52900000	24
chrX	 54800000	 56950000	43
chrX	 55300000	 56650000	27
chrX	 55850000	 55050000	16
chrX	 55950000	 57450000	30
chrX	 58100000	 56600000	30
chrX	 60400000	 62300000	38
chrX	 60700000	 59750000	19
chrX	 61300000	 60400000	18
chrX	 65400000	 64350000	21
chrX	 66550000	 68000000	29
chrX	 68650000	 69600000	19
chrX	 70150000	 69700000	9
chrX	 73050000	 74050000	20
chrX	 74400000	 73850000	11
chrX	 75650000	 74400000	25
chrX	 76150000	 74600000	31
chrX	 76800000	 77650000	17
chrX	 77050000	 76800000	5
chrX	 77750000	 77150000	12
chrX	 78300000	 79900000	32
chrX	 80000000	 80900000	18
chrX	 80000000	 81450000	29
chrX	 81550000	 82700000	23
chrX	 85400000	 87250000	37
chrX	 87150000	 86550000	12
chrX	 88700000	 89450000	15
chrX	 89000000	 88200000	16
chrX	 91200000	 90100000	22
chrX	 91500000	 92550000	21
chrX	 92100000	 93250000	23
chrX	 94650000	 96000000	27
chrX	 94850000	 95850000	20
chrX	 96400000	 97800000	28
chrX	 98500000	 97400000	22
chrX	100300000	100550000	5
chrX	100800000	 96300000	90
chrX	101650000	100600000	21
chrX	103100000	104000000	18
chrX	103800000	100950000	57
chrX	104350000	105200000	17
chrX	105550000	107250000	34
chrX	106600000	108400000	36
chrX	106850000	106300000	11
chrX	108050000	107300000	15
chrX	109550000	108850000	14
chrX	109700000	110400000	14
chrX	110650000	111600000	19
chrX	112350000	111050000	26
chrX	116700000	118200000	30
chrX	118300000	118550000	5
chrX	118450000	117450000	20
chrX	118650000	117300000	27
chrX	120200000	121850000	33
chrX	122850000	121700000	23
chrX	124300000	123250000	21
chrX	125750000	126100000	7
chrX	126000000	124450000	31
chrX	129850000	131050000	24
chrX	131600000	133550000	39
chrX	132100000	133900000	36
chrX	132450000	134450000	40
chrX	132500000	130500000	40
chrX	132700000	131750000	19
chrX	132750000	132250000	10
chrX	133600000	134000000	8
chrX	133650000	132500000	23
chrX	134650000	136300000	33
chrX	135400000	136300000	18
chrX	137200000	134950000	45
chrX	138400000	138900000	10
chrX	138800000	136350000	49
chrX	142600000	141750000	17
chrX	144700000	143300000	28
chrX	146850000	147550000	14
chrX	147150000	148850000	34
chrX	147300000	146400000	18
chrX	147450000	146600000	17
chrX	149900000	148850000	21
chrX	153900000	150700000	64
chrX	154450000	156050000	32
chrX	155100000	152650000	49
chrX	156250000	154600000	33
chrX	156300000	153750000	51
chrX	156450000	157150000	14
chrX	158400000	157000000	28
chrX	161850000	162900000	21
chrX	163600000	164100000	10
chrX	164500000	163500000	20
chrX	167850000	166250000	32
chrX	167950000	168950000	20
chrX	169250000	169650000	8
chrX	169450000	169800000	7
chrX	169850000	167600000	45
chrY	  3750000	  4750000	20
chrY	  4450000	  3050000	28
chrY	  5500000	  6000000	10
chrY	  6500000	  9200000	54
chrY	  8300000	  9100000	16
chrY	 13250000	 15300000	41
chrY	 16600000	 15700000	18
chrY	 17000000	 17650000	13
chrY	 17600000	 18950000	27
chrY	 18600000	 19150000	11
chrY	 18900000	 17600000	26
chrY	 19400000	 18450000	19
chrY	 19900000	 20800000	18
chrY	 20450000	 21550000	22
chrY	 21000000	 20600000	8
chrY	 22150000	 20850000	26
chrY	 22900000	 20900000	40
chrY	 22950000	 22650000	6
chrY	 23950000	 24650000	14
chrY	 24550000	 24900000	7
chrY	 26200000	 26850000	13
chrY	 26600000	 27700000	22
chrY	 27500000	 26850000	13
chrY	 28300000	 27200000	22
chrY	 28550000	 29850000	26
chrY	 29250000	 28600000	13
chrY	 30850000	 31700000	17
chrY	 30900000	 29800000	22
chrY	 31250000	 31750000	10
chrY	 31350000	 32200000	17
chrY	 31700000	 33550000	37
chrY	 32100000	 31150000	19
chrY	 32200000	 31550000	13
chrY	 32600000	 33150000	11
chrY	 33500000	 35200000	34
chrY	 33800000	 34700000	18
chrY	 34250000	 35650000	28
chrY	 36450000	 36950000	10
chrY	 37150000	 36550000	12
chrY	 37550000	 36250000	26
chrY	 38400000	 40500000	42
chrY	 38600000	 39200000	12
chrY	 41800000	 40900000	18
chrY	 42750000	 43500000	15
chrY	 43200000	 42350000	17
chrY	 44450000	 45350000	18
chrY	 44650000	 42150000	50
chrY	 45950000	 44850000	22
chrY	 46350000	 48350000	40
chrY	 47200000	 46650000	11
chrY	 49350000	 48300000	21
chrY	 49600000	 50600000	20
chrY	 49750000	 50400000	13
chrY	 51000000	 50100000	18
chrY	 53600000	 54550000	19
chrY	 54800000	 57200000	48
chrY	 55450000	 56700000	25
chrY	 55600000	 56300000	14
chrY	 56650000	 57250000	12
chrY	 57200000	 55300000	38
chrY	 61150000	 63350000	44
chrY	 62550000	 61200000	27
chrY	 63600000	 65550000	39
chrY	 64500000	 62450000	41
chrY	 66650000	 66050000	12
chrY	 66700000	 67150000	9
chrY	 67150000	 65850000	26
chrY	 67200000	 66650000	11
chrY	 67200000	 66750000	9
chrY	 70150000	 69600000	11
chrY	 70800000	 72100000	26
chrY	 71200000	 72450000	25
chrY	 71650000	 72450000	16
chrY	 72100000	 72800000	14
chrY	 72850000	 73800000	19
chrY	 74150000	 72750000	28
chrY	 74500000	 75000000	10
chrY	 74750000	 74100000	13
chrY	 78800000	 77250000	31
chrY	 79750000	 77800000	39
chrY	 81900000	 82500000	12
chrY	 84300000	 85750000	29
chrY	 87450000	 86300000	23
chrY	 89700000	 90850000	23
chrY	 90350000	 89800000	11
chrY	 90850000	 90150000	14
