chr1	   650000	  1450000	16
chr1	  1050000	  1650000	12
chr1	  1350000	   150000	24
chr1	  1350000	  1900000	11
chr1	  2300000	  1000000	26
chr1	  4150000	  7400000	65
chr1	  4500000	  5900000	28
chr1	  5800000	  5000000	16
chr1	  5850000	  6450000	12
chr1	  6300000	  6000000	6
chr1	  7150000	  6800000	7
chr1	 10900000	 12500000	32
chr1	 12850000	 14250000	28
chr1	 16450000	 16800000	7
chr1	 17600000	 16700000	18
chr1	 19150000	 17800000	27
chr1	 20100000	 21400000	26
chr1	 24700000	 24050000	13
chr1	 25000000	 26150000	23
chr1	 27700000	 26550000	23
chr1	 29050000	 30000000	19
chr1	 30150000	 32000000	37
chr1	 33100000	 31700000	28
chr1	 35200000	 34650000	11
chr1	 36700000	 32750000	79
chr1	 37200000	 37550000	7
chr1	 39800000	 40900000	22
chr1	 40300000	 39100000	24
chr1	 43250000	 42200000	21
chr1	 43750000	 42150000	32
chr1	 44250000	 43550000	14
chr1	 44300000	 45050000	15
chr1	 45650000	 44250000	28
chr1	 47300000	 48000000	14
chr1	 48300000	 50050000	35
chr1	 49850000	 50300000	9
chr1	 50150000	 49200000	19
chr1	 54000000	 54750000	15
chr1	 54300000	 53550000	15
chr1	 54800000	 53900000	18
chr1	 57000000	 58050000	21
chr1	 57600000	 56850000	15
chr1	 57650000	 59700000	41
chr1	 59400000	 60050000	13
chr1	 60250000	 58800000	29
chr1	 61150000	 62150000	20
chr1	 61600000	 60550000	21
chr1	 62950000	 63450000	10
chr1	 63350000	 62550000	16
chr1	 64150000	 64800000	13
chr1	 66200000	 68150000	39
chr1	 67000000	 65500000	30
chr1	 68850000	 67200000	33
chr1	 69150000	 70000000	17
chr1	 69600000	 68900000	14
chr1	 74150000	 74750000	12
chr1	 74700000	 76650000	39
chr1	 76900000	 75250000	33
chr1	 76900000	 75700000	24
chr1	 76950000	 77450000	10
chr1	 77100000	 78600000	30
chr1	 78200000	 76750000	29
chr1	 78700000	 77300000	28
chr1	 79000000	 82200000	64
chr1	 79450000	 78700000	15
chr1	 79450000	 78900000	11
chr1	 80200000	 81050000	17
chr1	 82250000	 83300000	21
chr1	 89400000	 90900000	30
chr1	 89800000	 90750000	19
chr1	 90500000	 91450000	19
chr1	 90900000	 90300000	12
chr1	 92700000	 93250000	11
chr1	 93250000	 92400000	17
chr1	 93700000	 94300000	12
chr1	 93700000	 95000000	26
chr1	 94100000	 93650000	9
chr1	 94450000	 94200000	5
chr1	 94700000	 96500000	36
chr1	 94900000	 93750000	23
chr1	 95400000	 93000000	48
chr1	 95500000	 96650000	23
chr1	 96450000	 95300000	23
chr1	 99200000	100800000	32
chr1	100400000	100950000	11
chr1	100900000	 99750000	23
chr1	101700000	101950000	5
chr1	102650000	100900000	35
chr1	103200000	104100000	18
chr1	103350000	104750000	28
chr1	106350000	104600000	35
chr1	107900000	108850000	19
chr1	108600000	107500000	22
chr1	109450000	108850000	12
chr1	109500000	110750000	25
chr1	114750000	117600000	57
chr1	117250000	118300000	21
chr1	119000000	119700000	14
chr1	119950000	121650000	34
chr1	123600000	122350000	25
chr1	125900000	124750000	23
chr1	127800000	129450000	33
chr1	129450000	128450000	20
chr1	132300000	131200000	22
chr1	132700000	133350000	13
chr1	133150000	134100000	19
chr1	133300000	132300000	20
chr1	134150000	135100000	19
chr1	138600000	139900000	26
chr1	141000000	142050000	21
chr1	141750000	139550000	44
chr1	142350000	141500000	17
chr1	143100000	144450000	27
chr1	143150000	142000000	23
chr1	144850000	145700000	17
chr1	146200000	143800000	48
chr1	146300000	146800000	10
chr1	147500000	148700000	24
chr1	148450000	147300000	23
chr1	149400000	150150000	15
chr1	149850000	148400000	29
chr1	151100000	151800000	14
chr1	151200000	150550000	13
chr1	151750000	153150000	28
chr1	152150000	154500000	47
chr1	153050000	150850000	44
chr1	153650000	155000000	27
chr1	154700000	156250000	31
chr1	159450000	159900000	9
chr1	160950000	157800000	63
chr1	163100000	164200000	22
chr1	163800000	162550000	25
chr1	165150000	168050000	58
chr1	167850000	167000000	17
chr1	168500000	167750000	15
chr1	170500000	173700000	64
chr1	170800000	169850000	19
chr1	171050000	170600000	9
chr1	171950000	172950000	20
chr1	174450000	174000000	9
chr1	174650000	172900000	35
chr1	175500000	176700000	24
chr1	176700000	175000000	34
chr1	177050000	176500000	11
chr1	178150000	176000000	43
chr1	179500000	178550000	19
chr1	182150000	181350000	16
chr1	182300000	181700000	12
chr1	183700000	185650000	39
chr1	184500000	182800000	34
chr1	185750000	189000000	65
chr1	188800000	187350000	29
chr1	189700000	191550000	37
chr1	189900000	190800000	18
chr1	192100000	192750000	13
chr1	193850000	195050000	24
chr10	  1100000	  2100000	20
chr10	  1400000	  2800000	28
chr10	  1550000	  2000000	9
chr10	  1950000	  2650000	14
chr10	  6100000	  4800000	26
chr10	  6100000	  4900000	24
chr10	  6450000	  7150000	14
chr10	  8050000	  9700000	33
chr10	 10750000	 10550000	4
chr10	 13900000	 14550000	13
chr10	 15800000	 17050000	25
chr10	 18100000	 16400000	34
chr10	 20600000	 21850000	25
chr10	 20950000	 20400000	11
chr10	 21150000	 20400000	15
chr10	 22800000	 20700000	42
chr10	 23700000	 24750000	21
chr10	 24750000	 26750000	40
chr10	 26850000	 26250000	12
chr10	 29500000	 28300000	24
chr10	 29900000	 29350000	11
chr10	 30400000	 29950000	9
chr10	 31100000	 29850000	25
chr10	 33250000	 31500000	35
chr10	 35250000	 35500000	5
chr10	 39000000	 37200000	36
chr10	 39800000	 40900000	22
chr10	 40400000	 39150000	25
chr10	 40550000	 40100000	9
chr10	 45000000	 43400000	32
chr10	 46250000	 43850000	48
chr10	 47800000	 47000000	16
chr10	 48750000	 47750000	20
chr10	 52250000	 52900000	13
chr10	 60300000	 58900000	28
chr10	 61050000	 61850000	16
chr10	 61600000	 62250000	13
chr10	 62050000	 62600000	11
chr10	 62500000	 62500000	0
chr10	 63050000	 64250000	24
chr10	 65400000	 64800000	12
chr10	 66550000	 67550000	20
chr10	 66900000	 68000000	22
chr10	 70600000	 71650000	21
chr10	 71700000	 70550000	23
chr10	 73050000	 74000000	19
chr10	 73200000	 76750000	71
chr10	 73500000	 73800000	6
chr10	 76050000	 75300000	15
chr10	 76400000	 76950000	11
chr10	 77450000	 76250000	24
chr10	 77550000	 78300000	15
chr10	 79600000	 78600000	20
chr10	 79600000	 79100000	10
chr10	 83550000	 83250000	6
chr10	 84500000	 83300000	24
chr10	 88700000	 89250000	11
chr10	 88800000	 87150000	33
chr10	 93450000	 94850000	28
chr10	 97100000	 96350000	15
chr10	 97750000	100550000	56
chr10	 98050000	 97000000	21
chr10	102050000	101250000	16
chr10	104850000	105500000	13
chr10	107600000	106900000	14
chr10	109450000	109800000	7
chr10	110800000	111300000	10
chr10	111050000	112350000	26
chr10	113700000	112650000	21
chr10	115500000	118550000	61
chr10	116800000	116000000	16
chr10	119350000	120350000	20
chr10	120850000	117100000	75
chr10	124050000	124750000	14
chr10	124650000	125750000	22
chr10	124700000	123000000	34
chr10	127000000	127750000	15
chr10	127200000	126050000	23
chr10	128400000	126150000	45
chr10	128450000	127550000	18
chr10	128550000	129250000	14
chr11	   550000	  2050000	30
chr11	  1550000	  3050000	30
chr11	  2700000	  3700000	20
chr11	  4100000	  6100000	40
chr11	  5700000	  7650000	39
chr11	  7000000	  8300000	26
chr11	  7950000	  6950000	20
chr11	  8650000	  9300000	13
chr11	 10300000	 11750000	29
chr11	 12050000	 12850000	16
chr11	 13400000	 12600000	16
chr11	 16150000	 14500000	33
chr11	 16400000	 17700000	26
chr11	 17000000	 13850000	63
chr11	 19350000	 19750000	8
chr11	 21700000	 20850000	17
chr11	 22900000	 22450000	9
chr11	 25300000	 26150000	17
chr11	 25750000	 26350000	12
chr11	 27850000	 26800000	21
chr11	 28150000	 29200000	21
chr11	 29950000	 31000000	21
chr11	 32000000	 31000000	20
chr11	 33800000	 33250000	11
chr11	 35700000	 36350000	13
chr11	 35850000	 34800000	21
chr11	 36700000	 38250000	31
chr11	 38750000	 39300000	11
chr11	 39000000	 37850000	23
chr11	 40050000	 38050000	40
chr11	 40100000	 39250000	17
chr11	 42000000	 41500000	10
chr11	 42500000	 41850000	13
chr11	 43000000	 41250000	35
chr11	 44500000	 45500000	20
chr11	 45000000	 45450000	9
chr11	 46050000	 45050000	20
chr11	 46400000	 47850000	29
chr11	 48700000	 49800000	22
chr11	 50350000	 50900000	11
chr11	 51150000	 52350000	24
chr11	 51350000	 50100000	25
chr11	 51750000	 52900000	23
chr11	 52500000	 51100000	28
chr11	 53250000	 50700000	51
chr11	 54900000	 55800000	18
chr11	 56400000	 57900000	30
chr11	 58700000	 56850000	37
chr11	 59250000	 58100000	23
chr11	 59500000	 60350000	17
chr11	 62400000	 62750000	7
chr11	 62950000	 64100000	23
chr11	 63100000	 61850000	25
chr11	 63450000	 65500000	41
chr11	 63900000	 61500000	48
chr11	 65150000	 64350000	16
chr11	 65200000	 62600000	52
chr11	 65400000	 67000000	32
chr11	 69100000	 67500000	32
chr11	 72600000	 73650000	21
chr11	 75750000	 77100000	27
chr11	 78300000	 77900000	8
chr11	 79050000	 78750000	6
chr11	 80000000	 79400000	12
chr11	 80950000	 82350000	28
chr11	 82350000	 80600000	35
chr11	 83350000	 84500000	23
chr11	 84450000	 84900000	9
chr11	 84500000	 84150000	7
chr11	 84650000	 85650000	20
chr11	 86050000	 84000000	41
chr11	 86400000	 84850000	31
chr11	 86500000	 87500000	20
chr11	 87900000	 86550000	27
chr11	 88750000	 88300000	9
chr11	 91950000	 93800000	37
chr11	 93550000	 90950000	52
chr11	 93650000	 94600000	19
chr11	 93650000	 94750000	22
chr11	 94450000	 95950000	30
chr11	 95300000	 93650000	33
chr11	 99300000	 95450000	77
chr11	 99500000	 98350000	23
chr11	 99550000	 98600000	19
chr11	 99750000	 99200000	11
chr11	101100000	102850000	35
chr11	102000000	102850000	17
chr11	102100000	101750000	7
chr11	102150000	 99900000	45
chr11	102950000	103650000	14
chr11	104750000	105600000	17
chr11	105650000	106700000	21
chr11	107350000	106450000	18
chr11	108900000	108100000	16
chr11	110950000	109950000	20
chr11	111000000	112050000	21
chr11	112750000	113250000	10
chr11	113400000	115050000	33
chr11	113450000	112700000	15
chr11	114250000	113300000	19
chr11	116100000	117550000	29
chr11	116850000	118950000	42
chr11	117250000	119150000	38
chr11	118100000	116400000	34
chr11	118900000	119400000	10
chr12	   600000	   100000	10
chr12	   750000	  1150000	8
chr12	  5450000	  4600000	17
chr12	  6950000	  5950000	20
chr12	  7700000	  6650000	21
chr12	 13250000	 12700000	11
chr12	 21500000	 22650000	23
chr12	 23350000	 24750000	28
chr12	 23950000	 22900000	21
chr12	 25000000	 23400000	32
chr12	 26250000	 27900000	33
chr12	 28950000	 29750000	16
chr12	 29100000	 30450000	27
chr12	 29300000	 31600000	46
chr12	 30100000	 30550000	9
chr12	 30300000	 31600000	26
chr12	 30950000	 32350000	28
chr12	 31150000	 31300000	3
chr12	 31850000	 30600000	25
chr12	 32600000	 35700000	62
chr12	 35050000	 34100000	19
chr12	 36350000	 36650000	6
chr12	 36800000	 36200000	12
chr12	 38750000	 39600000	17
chr12	 38900000	 38200000	14
chr12	 39550000	 41100000	31
chr12	 41650000	 42150000	10
chr12	 41900000	 42150000	5
chr12	 44250000	 45150000	18
chr12	 45050000	 46500000	29
chr12	 45350000	 46250000	18
chr12	 48500000	 47200000	26
chr12	 49900000	 49450000	9
chr12	 51400000	 53000000	32
chr12	 54050000	 55250000	24
chr12	 54200000	 55000000	16
chr12	 57400000	 57650000	5
chr12	 59400000	 59750000	7
chr12	 60150000	 60650000	10
chr12	 63200000	 62500000	14
chr12	 64450000	 65750000	26
chr12	 64900000	 65950000	21
chr12	 65100000	 66000000	18
chr12	 65350000	 65150000	4
chr12	 67050000	 68200000	23
chr12	 69100000	 70200000	22
chr12	 69750000	 71200000	29
chr12	 69800000	 68800000	20
chr12	 70600000	 71450000	17
chr12	 71300000	 72700000	28
chr12	 71700000	 71900000	4
chr12	 73900000	 72150000	35
chr12	 74550000	 75000000	9
chr12	 74950000	 75800000	17
chr12	 77100000	 77100000	0
chr12	 77650000	 78300000	13
chr12	 78500000	 77500000	20
chr12	 79100000	 78100000	20
chr12	 79250000	 78850000	8
chr12	 80000000	 79450000	11
chr12	 80900000	 81800000	18
chr12	 81850000	 82700000	17
chr12	 82050000	 84100000	41
chr12	 85700000	 86050000	7
chr12	 86450000	 85750000	14
chr12	 86550000	 87000000	9
chr12	 88000000	 87500000	10
chr12	 89700000	 90800000	22
chr12	 91700000	 92050000	7
chr12	 93350000	 93350000	0
chr12	 94900000	 94050000	17
chr12	 95600000	 93150000	49
chr12	 96850000	 95950000	18
chr12	 97150000	 95700000	29
chr12	 98500000	 99150000	13
chr12	100750000	 99600000	23
chr12	101400000	103100000	34
chr12	101450000	100900000	11
chr12	101600000	103300000	34
chr12	102200000	100050000	43
chr12	104700000	103800000	18
chr12	105250000	103200000	41
chr12	106450000	104700000	35
chr12	107100000	106300000	16
chr12	108150000	105300000	57
chr12	108850000	108200000	13
chr12	112400000	113500000	22
chr12	113400000	113100000	6
chr12	115200000	113800000	28
chr12	118950000	117900000	21
chr13	  3200000	   100000	62
chr13	  3600000	  2800000	16
chr13	  5650000	  5250000	8
chr13	  7750000	  6850000	18
chr13	  8100000	  8400000	6
chr13	  8900000	 10450000	31
chr13	  9550000	 10800000	25
chr13	 10200000	  9400000	16
chr13	 12450000	 13350000	18
chr13	 12600000	 11200000	28
chr13	 12600000	 13500000	18
chr13	 14050000	 13450000	12
chr13	 15350000	 17000000	33
chr13	 16350000	 15600000	15
chr13	 20550000	 19200000	27
chr13	 20800000	 18700000	42
chr13	 23000000	 22400000	12
chr13	 23200000	 21700000	30
chr13	 23650000	 21850000	36
chr13	 24450000	 25850000	28
chr13	 24900000	 27400000	50
chr13	 27250000	 26350000	18
chr13	 27900000	 28650000	15
chr13	 29350000	 28450000	18
chr13	 30650000	 29050000	32
chr13	 31100000	 32100000	20
chr13	 33300000	 32600000	14
chr13	 41200000	 40300000	18
chr13	 41350000	 40850000	10
chr13	 41900000	 43000000	22
chr13	 42550000	 41650000	18
chr13	 43250000	 44150000	18
chr13	 45550000	 45000000	11
chr13	 45900000	 46250000	7
chr13	 45950000	 45150000	16
chr13	 46350000	 43400000	59
chr13	 46800000	 45550000	25
chr13	 47600000	 46950000	13
chr13	 48650000	 49500000	17
chr13	 51650000	 53000000	27
chr13	 52550000	 53750000	24
chr13	 55400000	 54850000	11
chr13	 57200000	 56350000	17
chr13	 59350000	 60200000	17
chr13	 60950000	 61450000	10
chr13	 61150000	 60450000	14
chr13	 64650000	 65200000	11
chr13	 68850000	 68200000	13
chr13	 69400000	 68700000	14
chr13	 70700000	 70350000	7
chr13	 71250000	 71850000	12
chr13	 71850000	 73050000	24
chr13	 77400000	 76850000	11
chr13	 78150000	 76500000	33
chr13	 78850000	 79900000	21
chr13	 81750000	 82600000	17
chr13	 83700000	 84800000	22
chr13	 84750000	 85900000	23
chr13	 87500000	 87000000	10
chr13	 87850000	 86850000	20
chr13	 88300000	 88300000	0
chr13	 89000000	 87400000	32
chr13	 89950000	 90800000	17
chr13	 91750000	 91300000	9
chr13	 92100000	 92500000	8
chr13	 93850000	 94950000	22
chr13	 95500000	 93800000	34
chr13	 95550000	 95050000	10
chr13	 96350000	 95700000	13
chr13	 97450000	 96400000	21
chr13	 97450000	 97150000	6
chr13	 99850000	 98850000	20
chr13	100800000	101950000	23
chr13	101900000	 99400000	50
chr13	102450000	101600000	17
chr13	102900000	104450000	31
chr13	103150000	104050000	18
chr13	103800000	102350000	29
chr13	105350000	104250000	22
chr13	106700000	104900000	36
chr13	108200000	107450000	15
chr13	109700000	108650000	21
chr13	109850000	110650000	16
chr13	111200000	112500000	26
chr13	111400000	110950000	9
chr13	111550000	112900000	27
chr13	112400000	114200000	36
chr13	113050000	113900000	17
chr13	113600000	112500000	22
chr13	114850000	115550000	14
chr13	115400000	117100000	34
chr13	116150000	116400000	5
chr13	117850000	118350000	10
chr13	118700000	118450000	5
chr13	118800000	116600000	44
chr14	  1000000	  2000000	20
chr14	  5000000	  3550000	29
chr14	  6850000	  5850000	20
chr14	  6900000	  6750000	3
chr14	  9250000	 10600000	27
chr14	 10350000	  8550000	36
chr14	 12450000	  9350000	62
chr14	 12900000	 11500000	28
chr14	 13900000	 13250000	13
chr14	 14100000	 14700000	12
chr14	 14700000	 15050000	7
chr14	 19150000	 17950000	24
chr14	 22300000	 21000000	26
chr14	 22850000	 23750000	18
chr14	 22900000	 23650000	15
chr14	 24050000	 25750000	34
chr14	 25100000	 23250000	37
chr14	 25400000	 28050000	53
chr14	 27600000	 29400000	36
chr14	 30550000	 29300000	25
chr14	 32200000	 32800000	12
chr14	 32500000	 31650000	17
chr14	 32600000	 33950000	27
chr14	 33800000	 33200000	12
chr14	 35000000	 35650000	13
chr14	 35350000	 36500000	23
chr14	 36400000	 34650000	35
chr14	 39050000	 38150000	18
chr14	 40600000	 39100000	30
chr14	 42050000	 42600000	11
chr14	 42200000	 43450000	25
chr14	 42450000	 43850000	28
chr14	 42500000	 42150000	7
chr14	 43050000	 43850000	16
chr14	 46700000	 46000000	14
chr14	 48000000	 47450000	11
chr14	 48400000	 47500000	18
chr14	 49200000	 50000000	16
chr14	 49700000	 50500000	16
chr14	 49950000	 50500000	11
chr14	 51650000	 50100000	31
chr14	 52350000	 54150000	36
chr14	 53050000	 52250000	16
chr14	 54150000	 54700000	11
chr14	 57950000	 58950000	20
chr14	 63000000	 63750000	15
chr14	 63500000	 62950000	11
chr14	 64250000	 62750000	30
chr14	 65800000	 66200000	8
chr14	 66850000	 68250000	28
chr14	 68300000	 69050000	15
chr14	 69450000	 70100000	13
chr14	 69900000	 71050000	23
chr14	 71900000	 72550000	13
chr14	 77800000	 79050000	25
chr14	 81200000	 82250000	21
chr14	 82600000	 83450000	17
chr14	 83900000	 84900000	20
chr14	 86550000	 85000000	31
chr14	 87000000	 86000000	20
chr14	 87600000	 88700000	22
chr14	 88400000	 89800000	28
chr14	 95050000	 96100000	21
chr14	 96850000	 98050000	24
chr14	 97300000	 99950000	53
chr14	 99050000	100500000	29
chr14	 99300000	 98300000	20
chr14	100150000	101900000	35
chr14	101200000	101850000	13
chr14	104150000	102200000	39
chr14	104650000	102950000	34
chr14	106100000	104600000	30
chr14	106100000	106600000	10
chr14	107200000	108250000	21
chr14	107850000	107000000	17
chr14	108350000	109900000	31
chr14	108750000	106800000	39
chr14	111000000	111900000	18
chr14	111500000	112750000	25
chr14	112300000	114750000	49
chr14	113400000	114100000	14
chr14	113500000	112850000	13
chr14	115050000	115250000	4
chr14	117750000	118450000	14
chr14	119150000	121750000	52
chr14	123250000	124800000	31
chr15	  1600000	  2000000	8
chr15	  1900000	  3150000	25
chr15	  2400000	  2500000	2
chr15	  3300000	  5700000	48
chr15	  3650000	  3000000	13
chr15	  5950000	  5350000	12
chr15	  7500000	  8250000	15
chr15	  8350000	  6500000	37
chr15	  8950000	  8150000	16
chr15	  9300000	  8700000	12
chr15	  9650000	  8700000	19
chr15	 10050000	  8700000	27
chr15	 10550000	 11600000	21
chr15	 11900000	 12300000	8
chr15	 12050000	  9600000	49
chr15	 12450000	 13600000	23
chr15	 13850000	 12950000	18
chr15	 16150000	 17900000	35
chr15	 16700000	 16950000	5
chr15	 21550000	 18300000	65
chr15	 22800000	 22100000	14
chr15	 23000000	 20400000	52
chr15	 23250000	 24050000	16
chr15	 27400000	 28350000	19
chr15	 27750000	 26950000	16
chr15	 27850000	 29350000	30
chr15	 29200000	 29850000	13
chr15	 29550000	 29050000	10
chr15	 31300000	 31300000	0
chr15	 32300000	 30300000	40
chr15	 34000000	 34800000	16
chr15	 34700000	 32800000	38
chr15	 35050000	 36400000	27
chr15	 37200000	 36300000	18
chr15	 37350000	 36150000	24
chr15	 39700000	 39000000	14
chr15	 39950000	 38600000	27
chr15	 40900000	 41950000	21
chr15	 40900000	 42150000	25
chr15	 41500000	 41500000	0
chr15	 42100000	 40950000	23
chr15	 46100000	 47300000	24
chr15	 47700000	 46900000	16
chr15	 49350000	 50650000	26
chr15	 50750000	 52000000	25
chr15	 51050000	 53050000	40
chr15	 51100000	 50450000	13
chr15	 51700000	 50100000	32
chr15	 52800000	 51900000	18
chr15	 52850000	 52050000	16
chr15	 54300000	 55000000	14
chr15	 54700000	 55750000	21
chr15	 55450000	 56550000	22
chr15	 59050000	 59450000	8
chr15	 60150000	 60750000	12
chr15	 60350000	 59600000	15
chr15	 61300000	 61700000	8
chr15	 62600000	 62100000	10
chr15	 62700000	 61200000	30
chr15	 65750000	 65300000	9
chr15	 68100000	 67150000	19
chr15	 68350000	 68900000	11
chr15	 68700000	 67600000	22
chr15	 76050000	 75500000	11
chr15	 80900000	 83150000	45
chr15	 82200000	 80700000	30
chr15	 82750000	 81400000	27
chr15	 83750000	 84000000	5
chr15	 87500000	 87900000	8
chr15	 87700000	 87450000	5
chr15	 87900000	 88600000	14
chr15	 88350000	 87300000	21
chr15	 88350000	 87900000	9
chr15	 89250000	 90000000	15
chr15	 89450000	 87750000	34
chr15	 92050000	 90400000	33
chr15	 93250000	 92350000	18
chr15	 93250000	 94500000	25
chr15	 93750000	 94650000	18
chr15	 93800000	 92450000	27
chr15	 96900000	 99400000	50
chr15	 98650000	 99350000	14
chr15	 99700000	100500000	16
chr15	101700000	103300000	32
chr15	101900000	102600000	14
chr16	  4000000	  2800000	24
chr16	  5400000	  5750000	7
chr16	  5950000	  6250000	6
chr16	  8500000	  8100000	8
chr16	  9100000	  8350000	15
chr16	 10300000	 11450000	23
chr16	 10450000	 12350000	38
chr16	 10600000	 11250000	13
chr16	 11450000	 12950000	30
chr16	 11550000	 10650000	18
chr16	 12650000	 11150000	30
chr16	 13000000	 14300000	26
chr16	 14350000	 13700000	13
chr16	 15000000	 14150000	17
chr16	 16600000	 15250000	27
chr16	 18000000	 17050000	19
chr16	 19200000	 15650000	71
chr16	 20550000	 21250000	14
chr16	 22350000	 23600000	25
chr16	 23050000	 22450000	12
chr16	 23850000	 25050000	24
chr16	 24800000	 25650000	17
chr16	 27350000	 26250000	22
chr16	 27650000	 28750000	22
chr16	 28950000	 28100000	17
chr16	 31500000	 30750000	15
chr16	 38700000	 40850000	43
chr16	 39900000	 40500000	12
chr16	 42750000	 42200000	11
chr16	 43300000	 42350000	19
chr16	 45550000	 46650000	22
chr16	 46550000	 47350000	16
chr16	 47800000	 49950000	43
chr16	 48650000	 49300000	13
chr16	 48650000	 50550000	38
chr16	 50100000	 49250000	17
chr16	 52650000	 53650000	20
chr16	 53400000	 51600000	36
chr16	 55100000	 53750000	27
chr16	 58400000	 58400000	0
chr16	 58600000	 58100000	10
chr16	 60250000	 61950000	34
chr16	 61000000	 61700000	14
chr16	 61250000	 59800000	29
chr16	 61300000	 59350000	39
chr16	 61850000	 62200000	7
chr16	 62000000	 63000000	20
chr16	 62400000	 63200000	16
chr16	 62950000	 61700000	25
chr16	 64250000	 65400000	23
chr16	 65350000	 65800000	9
chr16	 67300000	 68300000	20
chr16	 71300000	 69100000	44
chr16	 71950000	 72850000	18
chr16	 73550000	 76250000	54
chr16	 74350000	 73850000	10
chr16	 77550000	 76700000	17
chr16	 79550000	 77500000	41
chr16	 81200000	 80350000	17
chr16	 81700000	 80900000	16
chr16	 82250000	 83100000	17
chr16	 82450000	 84700000	45
chr16	 83100000	 83750000	13
chr16	 85500000	 86300000	16
chr16	 86350000	 85350000	20
chr16	 87900000	 89050000	23
chr16	 90400000	 91000000	12
chr16	 90700000	 91250000	11
chr16	 91500000	 90700000	16
chr16	 92700000	 94000000	26
chr16	 93700000	 92200000	30
chr16	 93850000	 93100000	15
chr16	 94200000	 94450000	5
chr16	 94300000	 93000000	26
chr16	 94850000	 96250000	28
chr16	 95350000	 96400000	21
chr17	   950000	  1900000	19
chr17	  3400000	  3000000	8
chr17	  3600000	  1850000	35
chr17	  4800000	  3150000	33
chr17	  5550000	  6800000	25
chr17	  9700000	 11150000	29
chr17	  9950000	  8750000	24
chr17	 10000000	 10750000	15
chr17	 12000000	 13300000	26
chr17	 15300000	 16700000	28
chr17	 15800000	 17100000	26
chr17	 17800000	 16950000	17
chr17	 19300000	 18300000	20
chr17	 23550000	 22200000	27
chr17	 23850000	 25000000	23
chr17	 28550000	 28950000	8
chr17	 30050000	 29200000	17
chr17	 30300000	 29150000	23
chr17	 31050000	 30450000	12
chr17	 31850000	 29350000	50
chr17	 33300000	 34950000	33
chr17	 33700000	 35300000	32
chr17	 34900000	 33250000	33
chr17	 35000000	 35750000	15
chr17	 38550000	 39450000	18
chr17	 38750000	 38450000	6
chr17	 38900000	 36000000	58
chr17	 39450000	 41150000	34
chr17	 42750000	 41600000	23
chr17	 44150000	 42200000	39
chr17	 45000000	 46050000	21
chr17	 45650000	 47750000	42
chr17	 47600000	 47900000	6
chr17	 47900000	 48450000	11
chr17	 48600000	 48150000	9
chr17	 50300000	 51750000	29
chr17	 53600000	 53200000	8
chr17	 54700000	 54300000	8
chr17	 55200000	 57550000	47
chr17	 55900000	 55000000	18
chr17	 56600000	 53850000	55
chr17	 58050000	 54750000	66
chr17	 59500000	 58550000	19
chr17	 60350000	 60950000	12
chr17	 61900000	 62500000	12
chr17	 64450000	 63900000	11
chr17	 64850000	 66750000	38
chr17	 65100000	 64750000	7
chr17	 65400000	 65150000	5
chr17	 65800000	 66300000	10
chr17	 66450000	 65450000	20
chr17	 66450000	 67650000	24
chr17	 66800000	 66300000	10
chr17	 69900000	 67400000	50
chr17	 71250000	 72250000	20
chr17	 72200000	 73250000	21
chr17	 72300000	 71550000	15
chr17	 78550000	 76750000	36
chr17	 78650000	 79250000	12
chr17	 81000000	 80150000	17
chr17	 82950000	 82050000	18
chr17	 83550000	 81800000	35
chr17	 84100000	 84600000	10
chr17	 84650000	 86500000	37
chr17	 85350000	 84350000	20
chr17	 86300000	 85500000	16
chr17	 86350000	 85100000	25
chr17	 88350000	 88650000	6
chr17	 89800000	 86400000	68
chr17	 90150000	 87200000	59
chr17	 92800000	 94000000	24
chr18	  3400000	  5150000	35
chr18	  5600000	  3950000	33
chr18	  9200000	  8400000	16
chr18	 10550000	  9500000	21
chr18	 10850000	 11350000	10
chr18	 11900000	 11100000	16
chr18	 14550000	 13500000	21
chr18	 17100000	 15950000	23
chr18	 17400000	 19850000	49
chr18	 18450000	 19000000	11
chr18	 21300000	 19700000	32
chr18	 21450000	 18450000	60
chr18	 21700000	 21000000	14
chr18	 24000000	 26750000	55
chr18	 25450000	 23800000	33
chr18	 29900000	 28950000	19
chr18	 32400000	 33300000	18
chr18	 34750000	 34550000	4
chr18	 35000000	 36100000	22
chr18	 35350000	 36200000	17
chr18	 38650000	 39850000	24
chr18	 40250000	 41150000	18
chr18	 41000000	 42400000	28
chr18	 41650000	 42300000	13
chr18	 42450000	 42950000	10
chr18	 44250000	 43650000	12
chr18	 44600000	 42650000	39
chr18	 48550000	 50000000	29
chr18	 48700000	 47400000	26
chr18	 48700000	 47500000	24
chr18	 50150000	 48850000	26
chr18	 50800000	 51750000	19
chr18	 52450000	 51650000	16
chr18	 54650000	 52550000	42
chr18	 54700000	 55750000	21
chr18	 56200000	 55350000	17
chr18	 56450000	 55000000	29
chr18	 57100000	 59300000	44
chr18	 62700000	 63650000	19
chr18	 65950000	 67650000	34
chr18	 66000000	 64050000	39
chr18	 66650000	 70050000	68
chr18	 67350000	 68300000	19
chr18	 68650000	 69550000	18
chr18	 68900000	 70600000	34
chr18	 69700000	 69100000	12
chr18	 72100000	 73600000	30
chr18	 73550000	 71550000	40
chr18	 74300000	 76100000	36
chr18	 74600000	 74600000	0
chr18	 75050000	 77900000	57
chr18	 78900000	 79450000	11
chr18	 79250000	 79450000	4
chr18	 79350000	 81100000	35
chr18	 79400000	 77600000	36
chr18	 79650000	 78000000	33
chr18	 80550000	 81600000	21
chr18	 84900000	 87000000	42
chr18	 86400000	 87250000	17
chr18	 87050000	 88250000	24
chr18	 87150000	 86650000	10
chr18	 88050000	 89200000	23
chr18	 88600000	 90000000	28
chr18	 89500000	 89300000	4
chr19	  1350000	   850000	10
chr19	  3750000	  2900000	17
chr19	  3950000	  3150000	16
chr19	  4000000	  5450000	29
chr19	  4700000	  6400000	34
chr19	  5100000	  6350000	25
chr19	  6450000	  5400000	21
chr19	  8400000	  7550000	17
chr19	  9900000	 10800000	18
chr19	 11350000	 10950000	8
chr19	 13200000	 13900000	14
chr19	 15850000	 15500000	7
chr19	 17250000	 16250000	20
chr19	 17450000	 18150000	14
chr19	 18050000	 17550000	10
chr19	 18850000	 19450000	12
chr19	 21250000	 20500000	15
chr19	 21450000	 22050000	12
chr19	 21700000	 19300000	48
chr19	 24950000	 27000000	41
chr19	 25350000	 26450000	22
chr19	 25950000	 27150000	24
chr19	 26900000	 26300000	12
chr19	 27600000	 28800000	24
chr19	 28150000	 27750000	8
chr19	 29450000	 28450000	20
chr19	 29650000	 30600000	19
chr19	 32750000	 33900000	23
chr19	 32850000	 34400000	31
chr19	 33800000	 34500000	14
chr19	 34000000	 35250000	25
chr19	 34650000	 34350000	6
chr19	 34900000	 35550000	13
chr19	 36000000	 36400000	8
chr19	 38050000	 38600000	11
chr19	 43400000	 44050000	13
chr19	 45150000	 44950000	4
chr19	 47450000	 46750000	14
chr19	 47550000	 48650000	22
chr19	 48400000	 49850000	29
chr19	 51150000	 52600000	29
chr19	 52350000	 53300000	19
chr19	 53000000	 52200000	16
chr19	 55350000	 53100000	45
chr19	 56250000	 56750000	10
chr19	 57550000	 58950000	28
chr19	 58750000	 58500000	5
chr19	 58850000	 56900000	39
chr19	 60050000	 59700000	7
chr19	 60550000	 59700000	17
chr2	  1150000	  2800000	33
chr2	  1550000	  2600000	21
chr2	  2000000	   700000	26
chr2	 10450000	  9650000	16
chr2	 10950000	 12050000	22
chr2	 12200000	 15700000	70
chr2	 12350000	 13350000	20
chr2	 13600000	 14800000	24
chr2	 13850000	 11950000	38
chr2	 14650000	 15400000	15
chr2	 18000000	 18550000	11
chr2	 19350000	 19700000	7
chr2	 20900000	 21650000	15
chr2	 20950000	 20150000	16
chr2	 21100000	 21950000	17
chr2	 21800000	 20950000	17
chr2	 23650000	 22650000	20
chr2	 25650000	 24150000	30
chr2	 27800000	 25850000	39
chr2	 28700000	 29450000	15
chr2	 29250000	 30750000	30
chr2	 30750000	 30000000	15
chr2	 30950000	 29300000	33
chr2	 32150000	 30000000	43
chr2	 32400000	 31500000	18
chr2	 34600000	 37450000	57
chr2	 35750000	 36250000	10
chr2	 36000000	 34950000	21
chr2	 38300000	 39200000	18
chr2	 39300000	 37300000	40
chr2	 41350000	 39900000	29
chr2	 44950000	 45400000	9
chr2	 47850000	 46250000	32
chr2	 48600000	 50050000	29
chr2	 50350000	 51700000	27
chr2	 51000000	 51600000	12
chr2	 51200000	 51700000	10
chr2	 52200000	 51250000	19
chr2	 54500000	 56000000	30
chr2	 55750000	 57150000	28
chr2	 57900000	 56050000	37
chr2	 58200000	 57950000	5
chr2	 59900000	 60900000	20
chr2	 60100000	 59000000	22
chr2	 62100000	 61100000	20
chr2	 63450000	 62200000	25
chr2	 66250000	 61700000	91
chr2	 66850000	 66050000	16
chr2	 68100000	 68850000	15
chr2	 68500000	 70400000	38
chr2	 69850000	 68900000	19
chr2	 70150000	 69750000	8
chr2	 71100000	 73100000	40
chr2	 71400000	 72700000	26
chr2	 72050000	 71250000	16
chr2	 72200000	 73600000	28
chr2	 73750000	 74500000	15
chr2	 75000000	 71350000	73
chr2	 77850000	 78700000	17
chr2	 78250000	 75250000	60
chr2	 78400000	 77950000	9
chr2	 79400000	 80050000	13
chr2	 79500000	 81000000	30
chr2	 79550000	 78450000	22
chr2	 79650000	 80150000	10
chr2	 80750000	 79150000	32
chr2	 81250000	 80850000	8
chr2	 82800000	 83750000	19
chr2	 83350000	 83650000	6
chr2	 84050000	 82250000	36
chr2	 85600000	 86550000	19
chr2	 86250000	 87350000	22
chr2	 86900000	 87400000	10
chr2	 87250000	 88550000	26
chr2	 88550000	 87750000	16
chr2	 89250000	 89800000	11
chr2	 90400000	 88500000	38
chr2	 90550000	 91350000	16
chr2	 91250000	 90350000	18
chr2	 92850000	 93650000	16
chr2	 94800000	 94400000	8
chr2	 97700000	 95150000	51
chr2	 98200000	 96950000	25
chr2	 99700000	 98600000	22
chr2	100750000	101500000	15
chr2	101700000	103050000	27
chr2	101750000	101250000	10
chr2	101800000	101300000	10
chr2	102600000	101050000	31
chr2	102650000	101950000	14
chr2	104250000	103650000	12
chr2	108950000	109950000	20
chr2	109350000	110600000	25
chr2	109800000	110400000	12
chr2	110700000	111800000	22
chr2	110850000	109800000	21
chr2	112500000	111750000	15
chr2	115100000	116300000	24
chr2	116100000	116250000	3
chr2	117650000	117150000	10
chr2	118500000	119550000	21
chr2	120300000	121100000	16
chr2	122650000	120400000	45
chr2	124700000	126000000	26
chr2	129450000	130850000	28
chr2	132750000	131850000	18
chr2	133900000	133050000	17
chr2	135650000	136300000	13
chr2	137750000	139600000	37
chr2	138650000	138000000	13
chr2	140700000	140000000	14
chr2	143600000	142800000	16
chr2	143650000	146400000	55
chr2	144050000	142300000	35
chr2	146000000	145100000	18
chr2	146250000	147250000	20
chr2	146900000	147750000	17
chr2	148500000	148700000	4
chr2	149950000	151500000	31
chr2	152000000	153950000	39
chr2	152350000	151200000	23
chr2	153500000	151300000	44
chr2	153850000	154300000	9
chr2	154350000	155350000	20
chr2	155850000	156650000	16
chr2	155950000	155200000	15
chr2	157950000	160350000	48
chr2	158250000	157700000	11
chr2	158700000	156800000	38
chr2	160250000	160950000	14
chr2	161950000	162350000	8
chr2	163250000	161100000	43
chr2	164050000	165950000	38
chr2	164450000	162750000	34
chr2	164750000	163100000	33
chr2	164800000	163750000	21
chr2	165100000	167250000	43
chr2	166050000	166600000	11
chr2	167350000	166600000	15
chr2	170250000	169200000	21
chr2	170750000	171800000	21
chr2	170850000	171950000	22
chr2	171650000	170550000	22
chr2	171750000	173550000	36
chr2	172600000	173300000	14
chr2	172900000	174250000	27
chr2	174200000	173400000	16
chr2	175350000	174200000	23
chr2	177600000	177150000	9
chr2	178700000	180050000	27
chr2	180000000	178300000	34
chr2	180400000	181250000	17
chr3	   700000	  2250000	31
chr3	  2100000	  1200000	18
chr3	  6850000	  9650000	56
chr3	 10150000	 10750000	12
chr3	 10250000	  9000000	25
chr3	 11500000	 10000000	30
chr3	 12150000	 14850000	54
chr3	 13050000	 15350000	46
chr3	 14150000	 15300000	23
chr3	 14300000	 12550000	35
chr3	 16550000	 17450000	18
chr3	 16700000	 16250000	9
chr3	 16950000	 18000000	21
chr3	 17600000	 16900000	14
chr3	 18650000	 17550000	22
chr3	 18700000	 15750000	59
chr3	 21700000	 22500000	16
chr3	 22400000	 23500000	22
chr3	 22650000	 25400000	55
chr3	 22800000	 23150000	7
chr3	 22900000	 24300000	28
chr3	 24150000	 24700000	11
chr3	 24200000	 24800000	12
chr3	 24650000	 23150000	30
chr3	 27100000	 26350000	15
chr3	 27400000	 29050000	33
chr3	 27500000	 29150000	33
chr3	 29000000	 28350000	13
chr3	 30250000	 29150000	22
chr3	 33450000	 33800000	7
chr3	 33850000	 32800000	21
chr3	 33950000	 35750000	36
chr3	 36100000	 37250000	23
chr3	 38450000	 37550000	18
chr3	 38600000	 39850000	25
chr3	 41350000	 42300000	19
chr3	 44100000	 43000000	22
chr3	 44300000	 45050000	15
chr3	 44650000	 43450000	24
chr3	 48100000	 47400000	14
chr3	 55250000	 54000000	25
chr3	 60850000	 60000000	17
chr3	 60850000	 61650000	16
chr3	 61500000	 60100000	28
chr3	 62700000	 62350000	7
chr3	 64800000	 63350000	29
chr3	 65100000	 67450000	47
chr3	 69850000	 68350000	30
chr3	 70500000	 71150000	13
chr3	 70750000	 68850000	38
chr3	 71050000	 70100000	19
chr3	 71650000	 72150000	10
chr3	 72150000	 73150000	20
chr3	 74650000	 73900000	15
chr3	 76450000	 77050000	12
chr3	 78750000	 80950000	44
chr3	 82150000	 81500000	13
chr3	 83050000	 82500000	11
chr3	 87150000	 86450000	14
chr3	 89500000	 90850000	27
chr3	 90350000	 91650000	26
chr3	 90400000	 91650000	25
chr3	 90650000	 89300000	27
chr3	 91850000	 93000000	23
chr3	 92450000	 91750000	14
chr3	 93100000	 89200000	78
chr3	 96350000	 95750000	12
chr3	 98500000	 99150000	13
chr3	 99850000	101100000	25
chr3	100550000	101200000	13
chr3	100750000	100250000	10
chr3	104250000	104900000	13
chr3	106900000	106400000	10
chr3	107350000	106300000	21
chr3	107350000	109750000	48
chr3	109000000	107150000	37
chr3	110300000	111100000	16
chr3	113450000	110950000	50
chr3	114050000	111900000	43
chr3	114750000	115450000	14
chr3	116450000	114750000	34
chr3	120050000	120050000	0
chr3	121850000	121100000	15
chr3	122150000	122900000	15
chr3	125350000	126550000	24
chr3	126450000	124450000	40
chr3	126450000	126750000	6
chr3	126650000	127350000	14
chr3	127050000	128450000	28
chr3	127150000	126650000	10
chr3	127150000	127750000	12
chr3	129250000	126900000	47
chr3	130400000	130800000	8
chr3	130850000	131850000	20
chr3	131050000	130450000	12
chr3	131150000	131700000	11
chr3	132200000	133400000	24
chr3	132350000	131450000	18
chr3	133950000	134900000	19
chr3	134850000	135150000	6
chr3	136250000	133650000	52
chr3	138650000	140200000	31
chr3	138950000	137650000	26
chr3	139350000	141500000	43
chr3	140300000	140700000	8
chr3	140650000	143350000	54
chr3	144550000	144000000	11
chr3	144950000	145600000	13
chr3	144950000	148550000	72
chr3	146600000	140600000	120
chr3	148300000	149150000	17
chr3	148300000	149950000	33
chr3	148400000	147250000	23
chr3	149250000	150100000	17
chr3	149350000	150450000	22
chr3	150100000	149050000	21
chr3	153200000	153750000	11
chr3	153650000	154550000	18
chr3	154600000	155350000	15
chr3	155250000	154950000	6
chr3	156200000	157550000	27
chr3	158150000	156350000	36
chr3	158900000	159950000	21
chr3	159650000	158900000	15
chr4	  1350000	   600000	15
chr4	  1700000	   100000	32
chr4	  1950000	   900000	21
chr4	  2500000	  3350000	17
chr4	  4400000	  5100000	14
chr4	  5350000	  4200000	23
chr4	  8500000	  9550000	21
chr4	 12200000	 10700000	30
chr4	 14650000	 15550000	18
chr4	 16050000	 14050000	40
chr4	 17500000	 16250000	25
chr4	 21400000	 20050000	27
chr4	 21550000	 22550000	20
chr4	 23300000	 24750000	29
chr4	 23400000	 25600000	44
chr4	 23600000	 22700000	18
chr4	 24300000	 25300000	20
chr4	 24850000	 24400000	9
chr4	 28050000	 26900000	23
chr4	 28050000	 27500000	11
chr4	 30200000	 29300000	18
chr4	 32250000	 32900000	13
chr4	 32850000	 33850000	20
chr4	 35550000	 36000000	9
chr4	 35950000	 34650000	26
chr4	 37000000	 37400000	8
chr4	 37200000	 36800000	8
chr4	 38000000	 39700000	34
chr4	 39100000	 38250000	17
chr4	 41650000	 40350000	26
chr4	 42050000	 43350000	26
chr4	 42400000	 43200000	16
chr4	 42500000	 41350000	23
chr4	 42750000	 41900000	17
chr4	 43400000	 41200000	44
chr4	 44200000	 45900000	34
chr4	 44650000	 46850000	44
chr4	 46700000	 47500000	16
chr4	 47700000	 47450000	5
chr4	 49950000	 52000000	41
chr4	 51700000	 49400000	46
chr4	 52000000	 52850000	17
chr4	 52250000	 51500000	15
chr4	 52500000	 51250000	25
chr4	 55150000	 54200000	19
chr4	 55250000	 54400000	17
chr4	 56950000	 56250000	14
chr4	 57200000	 59450000	45
chr4	 58800000	 60850000	41
chr4	 58850000	 57200000	33
chr4	 59300000	 59100000	4
chr4	 61750000	 62350000	12
chr4	 64050000	 64800000	15
chr4	 65250000	 67800000	51
chr4	 65350000	 65850000	10
chr4	 65500000	 64600000	18
chr4	 67200000	 66150000	21
chr4	 67300000	 68500000	24
chr4	 71200000	 70750000	9
chr4	 71400000	 73200000	36
chr4	 72300000	 70900000	28
chr4	 72450000	 70900000	31
chr4	 73100000	 74100000	20
chr4	 77250000	 75950000	26
chr4	 78300000	 78800000	10
chr4	 78350000	 79100000	15
chr4	 82650000	 83000000	7
chr4	 84250000	 83800000	9
chr4	 84350000	 86350000	40
chr4	 84450000	 85500000	21
chr4	 84850000	 83950000	18
chr4	 85100000	 86500000	28
chr4	 85450000	 84450000	20
chr4	 85800000	 84400000	28
chr4	 86050000	 86550000	10
chr4	 86700000	 88300000	32
chr4	 88300000	 89300000	20
chr4	 89900000	 90750000	17
chr4	 93350000	 94050000	14
chr4	 94750000	 95300000	11
chr4	 95050000	 96150000	22
chr4	 95700000	 96350000	13
chr4	 97450000	 98650000	24
chr4	 97900000	100550000	53
chr4	 98900000	 99650000	15
chr4	103050000	104350000	26
chr4	104750000	102800000	39
chr4	109200000	109800000	12
chr4	110950000	111600000	13
chr4	112400000	113550000	23
chr4	114550000	114850000	6
chr4	117650000	118600000	19
chr4	122450000	120700000	35
chr4	122700000	121350000	27
chr4	125050000	123700000	27
chr4	129300000	129850000	11
chr4	130600000	131750000	23
chr4	132350000	132700000	7
chr4	134600000	136400000	36
chr4	134950000	136150000	24
chr4	136650000	132050000	92
chr4	137950000	136600000	27
chr4	138000000	138550000	11
chr4	138100000	137700000	8
chr4	138450000	138850000	8
chr4	139100000	135650000	69
chr4	140650000	142350000	34
chr4	140700000	139050000	33
chr4	140900000	141900000	20
chr4	142300000	143950000	33
chr4	143200000	143950000	15
chr4	143950000	143250000	14
chr4	144400000	144950000	11
chr4	146150000	146700000	11
chr4	146650000	148100000	29
chr4	147700000	147000000	14
chr4	148250000	149350000	22
chr4	148700000	151500000	56
chr4	149600000	148150000	29
chr4	152400000	151400000	20
chr4	153100000	152350000	15
chr4	153500000	154600000	22
chr4	154950000	154000000	19
chr4	155900000	154950000	19
chr4	156150000	155550000	12
chr5	  2250000	   950000	26
chr5	  2250000	  3100000	17
chr5	  2600000	   150000	49
chr5	  3600000	  1600000	40
chr5	  4050000	  3000000	21
chr5	  5500000	  6300000	16
chr5	  5750000	  5050000	14
chr5	  6050000	  6400000	7
chr5	  6050000	  6900000	17
chr5	  9900000	 10350000	9
chr5	 10100000	  8600000	30
chr5	 10100000	  9150000	19
chr5	 10250000	 11250000	20
chr5	 11050000	 12150000	22
chr5	 16650000	 16250000	8
chr5	 17050000	 18100000	21
chr5	 17600000	 16500000	22
chr5	 17600000	 16900000	14
chr5	 18100000	 18700000	12
chr5	 18200000	 17150000	21
chr5	 18250000	 18950000	14
chr5	 18700000	 16800000	38
chr5	 18750000	 19300000	11
chr5	 21100000	 20800000	6
chr5	 22400000	 21900000	10
chr5	 22800000	 22100000	14
chr5	 23150000	 22750000	8
chr5	 23700000	 23400000	6
chr5	 24250000	 25100000	17
chr5	 24600000	 24300000	6
chr5	 26250000	 24800000	29
chr5	 26650000	 28300000	33
chr5	 28400000	 27900000	10
chr5	 29150000	 28550000	12
chr5	 29150000	 28600000	11
chr5	 31500000	 29450000	41
chr5	 31750000	 32200000	9
chr5	 37100000	 36350000	15
chr5	 39500000	 38550000	19
chr5	 40450000	 40950000	10
chr5	 41750000	 40600000	23
chr5	 44250000	 44600000	7
chr5	 46950000	 43950000	60
chr5	 48950000	 49500000	11
chr5	 48950000	 50050000	22
chr5	 54050000	 53750000	6
chr5	 54700000	 53000000	34
chr5	 56750000	 57850000	22
chr5	 57700000	 59050000	27
chr5	 58500000	 58050000	9
chr5	 58550000	 57600000	19
chr5	 58550000	 57800000	15
chr5	 59500000	 62100000	52
chr5	 60750000	 61700000	19
chr5	 60800000	 62000000	24
chr5	 61050000	 63500000	49
chr5	 61900000	 63600000	34
chr5	 62500000	 64350000	37
chr5	 63000000	 64100000	22
chr5	 63550000	 62850000	14
chr5	 64250000	 65300000	21
chr5	 64450000	 65450000	20
chr5	 64650000	 66550000	38
chr5	 64900000	 59950000	99
chr5	 64950000	 65300000	7
chr5	 65650000	 66550000	18
chr5	 67200000	 69200000	40
chr5	 69450000	 70550000	22
chr5	 70300000	 71750000	29
chr5	 70500000	 71400000	18
chr5	 70650000	 69600000	21
chr5	 70900000	 71900000	20
chr5	 73650000	 74550000	18
chr5	 74950000	 74950000	0
chr5	 76200000	 74200000	40
chr5	 76300000	 75600000	14
chr5	 76700000	 77450000	15
chr5	 77500000	 78100000	12
chr5	 79000000	 78650000	7
chr5	 81450000	 83050000	32
chr5	 82850000	 84400000	31
chr5	 83300000	 84000000	14
chr5	 86250000	 87500000	25
chr5	 87450000	 88950000	30
chr5	 88350000	 89200000	17
chr5	 88400000	 90000000	32
chr5	 88950000	 90850000	38
chr5	 90850000	 91450000	12
chr5	 90900000	 92500000	32
chr5	 91250000	 90300000	19
chr5	 95300000	 95750000	9
chr5	 96550000	 94750000	36
chr5	 97300000	100250000	59
chr5	 97850000	 98350000	10
chr5	 98350000	 97750000	12
chr5	 98850000	 99700000	17
chr5	 99350000	100350000	20
chr5	101950000	101800000	3
chr5	102000000	102800000	16
chr5	102700000	101900000	16
chr5	104150000	103150000	20
chr5	106100000	104850000	25
chr5	108550000	107600000	19
chr5	109600000	108250000	27
chr5	111550000	110200000	27
chr5	112650000	111800000	17
chr5	112650000	113350000	14
chr5	112650000	113950000	26
chr5	112650000	114950000	46
chr5	112750000	114100000	27
chr5	114550000	116250000	34
chr5	115050000	112750000	46
chr5	116450000	118650000	44
chr5	116950000	116250000	14
chr5	118850000	118500000	7
chr5	121350000	120400000	19
chr5	121800000	122950000	23
chr5	123050000	123650000	12
chr5	126150000	126850000	14
chr5	127150000	127900000	15
chr5	129500000	129000000	10
chr5	130700000	131850000	23
chr5	130950000	130350000	12
chr5	134650000	133200000	29
chr5	135200000	134350000	17
chr5	135400000	135950000	11
chr5	140950000	141700000	15
chr5	141450000	141850000	8
chr5	142600000	141950000	13
chr5	142700000	142150000	11
chr5	143150000	142850000	6
chr5	143350000	142850000	10
chr6	   950000	  1850000	18
chr6	  2550000	   550000	40
chr6	  3250000	  4900000	33
chr6	  4550000	  3300000	25
chr6	  7000000	  8050000	21
chr6	  8450000	  9350000	18
chr6	  9350000	  8500000	17
chr6	  9550000	  8950000	12
chr6	 10650000	  9950000	14
chr6	 10650000	 10100000	11
chr6	 10850000	 11500000	13
chr6	 13450000	 14550000	22
chr6	 13900000	 14850000	19
chr6	 15800000	 17300000	30
chr6	 16850000	 18700000	37
chr6	 18400000	 20250000	37
chr6	 19750000	 18600000	23
chr6	 20800000	 18550000	45
chr6	 22400000	 20550000	37
chr6	 24200000	 25350000	23
chr6	 24350000	 23050000	26
chr6	 26200000	 24900000	26
chr6	 26650000	 24850000	36
chr6	 26700000	 25650000	21
chr6	 27950000	 29550000	32
chr6	 28900000	 30150000	25
chr6	 29800000	 29350000	9
chr6	 31200000	 30650000	11
chr6	 32100000	 31600000	10
chr6	 39150000	 39800000	13
chr6	 41100000	 39700000	28
chr6	 42200000	 43600000	28
chr6	 44750000	 46800000	41
chr6	 45700000	 45900000	4
chr6	 49300000	 48350000	19
chr6	 50100000	 47350000	55
chr6	 50300000	 51850000	31
chr6	 51700000	 53700000	40
chr6	 54350000	 52300000	41
chr6	 54550000	 53900000	13
chr6	 57050000	 57900000	17
chr6	 63550000	 61200000	47
chr6	 64400000	 63450000	19
chr6	 65100000	 64400000	14
chr6	 66850000	 65850000	20
chr6	 67100000	 67350000	5
chr6	 67550000	 69350000	36
chr6	 67700000	 69000000	26
chr6	 69050000	 69500000	9
chr6	 69950000	 70850000	18
chr6	 70300000	 69100000	24
chr6	 70300000	 69350000	19
chr6	 70750000	 71150000	8
chr6	 73900000	 74400000	10
chr6	 75300000	 78000000	54
chr6	 76550000	 77850000	26
chr6	 77850000	 77000000	17
chr6	 78050000	 78550000	10
chr6	 78350000	 79550000	24
chr6	 78600000	 77950000	13
chr6	 79200000	 80200000	20
chr6	 83250000	 82550000	14
chr6	 89050000	 86000000	61
chr6	 91000000	 92100000	22
chr6	 91100000	 89300000	36
chr6	 92200000	 94300000	42
chr6	 92450000	 93250000	16
chr6	 94050000	 93650000	8
chr6	 97500000	 96850000	13
chr6	 99750000	 98400000	27
chr6	103300000	102100000	24
chr6	105200000	106150000	19
chr6	105250000	104800000	9
chr6	107400000	108800000	28
chr6	109400000	107900000	30
chr6	111100000	109850000	25
chr6	111800000	113500000	34
chr6	112050000	113250000	24
chr6	113300000	112350000	19
chr6	113950000	114750000	16
chr6	116500000	112000000	90
chr6	117600000	117300000	6
chr6	119700000	121950000	45
chr6	119950000	118350000	32
chr6	120350000	119950000	8
chr6	120800000	119600000	24
chr6	125700000	127300000	32
chr6	126500000	125150000	27
chr6	128450000	127100000	27
chr6	128500000	129050000	11
chr6	128700000	127150000	31
chr6	128800000	129300000	10
chr6	128900000	129950000	21
chr6	129550000	124700000	97
chr6	129900000	129100000	16
chr6	133650000	134000000	7
chr6	139500000	140150000	13
chr6	140150000	138500000	33
chr6	141000000	141600000	12
chr6	141050000	140650000	8
chr6	143150000	142550000	12
chr6	144100000	145900000	36
chr6	145500000	142800000	54
chr6	145750000	145750000	0
chr6	145850000	144400000	29
chr6	145900000	146800000	18
chr6	147000000	145400000	32
chr7	  2000000	  2000000	0
chr7	  3600000	  4250000	13
chr7	  6200000	  4800000	28
chr7	  8650000	  7250000	28
chr7	  9350000	 10200000	17
chr7	 10900000	 12950000	41
chr7	 12100000	 12900000	16
chr7	 12650000	 12100000	11
chr7	 14300000	 13100000	24
chr7	 15750000	 16550000	16
chr7	 16550000	 16000000	11
chr7	 17700000	 15900000	36
chr7	 18700000	 19850000	23
chr7	 19450000	 17500000	39
chr7	 20150000	 18150000	40
chr7	 20800000	 20300000	10
chr7	 21200000	 20600000	12
chr7	 21650000	 21900000	5
chr7	 21900000	 23100000	24
chr7	 23450000	 26100000	53
chr7	 25950000	 24850000	22
chr7	 26450000	 26950000	10
chr7	 28250000	 26950000	26
chr7	 31150000	 32800000	33
chr7	 32750000	 32000000	15
chr7	 37350000	 39600000	45
chr7	 40900000	 42000000	22
chr7	 43200000	 42150000	21
chr7	 49050000	 49350000	6
chr7	 49050000	 50100000	21
chr7	 50650000	 49150000	30
chr7	 50800000	 51450000	13
chr7	 52100000	 50000000	42
chr7	 54800000	 53800000	20
chr7	 56600000	 54750000	37
chr7	 57150000	 57900000	15
chr7	 59200000	 60250000	21
chr7	 59650000	 59350000	6
chr7	 60250000	 60700000	9
chr7	 61450000	 63300000	37
chr7	 64400000	 63350000	21
chr7	 67200000	 67900000	14
chr7	 67400000	 68600000	24
chr7	 68850000	 70800000	39
chr7	 69800000	 70550000	15
chr7	 70000000	 70700000	14
chr7	 70350000	 73950000	72
chr7	 70750000	 70300000	9
chr7	 70850000	 73400000	51
chr7	 71150000	 69200000	39
chr7	 71350000	 72750000	28
chr7	 76900000	 76450000	9
chr7	 77450000	 78150000	14
chr7	 78100000	 78400000	6
chr7	 78950000	 77250000	34
chr7	 79550000	 81100000	31
chr7	 80750000	 83000000	45
chr7	 80800000	 81900000	22
chr7	 84200000	 87700000	70
chr7	 84550000	 83350000	24
chr7	 86150000	 85800000	7
chr7	 87300000	 88250000	19
chr7	 87800000	 88100000	6
chr7	 88700000	 87750000	19
chr7	 88800000	 89800000	20
chr7	 91200000	 90800000	8
chr7	 91450000	 90500000	19
chr7	 92600000	 93250000	13
chr7	 93650000	 94700000	21
chr7	 93700000	 94450000	15
chr7	 94500000	 93700000	16
chr7	 94750000	 95600000	17
chr7	 95250000	 96100000	17
chr7	 96800000	 98200000	28
chr7	 97650000	 96650000	20
chr7	 97700000	 99050000	27
chr7	 97700000	 99350000	33
chr7	 98100000	 99000000	18
chr7	 98450000	 99300000	17
chr7	 99400000	101000000	32
chr7	100850000	102650000	36
chr7	101250000	102300000	21
chr7	101600000	 99750000	37
chr7	107700000	110300000	52
chr7	108600000	107800000	16
chr7	110850000	112550000	34
chr7	111700000	112600000	18
chr7	114300000	113850000	9
chr7	115850000	113750000	42
chr7	116000000	116600000	12
chr7	116400000	117500000	22
chr7	117200000	118500000	26
chr7	117650000	116850000	16
chr7	117850000	117850000	0
chr7	121150000	122450000	26
chr7	121200000	120450000	15
chr7	121950000	119900000	41
chr7	122150000	122950000	16
chr7	125050000	126000000	19
chr7	128750000	127650000	22
chr7	129550000	130700000	23
chr7	129900000	131650000	35
chr7	130800000	130600000	4
chr7	130950000	133900000	59
chr7	131850000	130950000	18
chr7	133400000	132100000	26
chr7	134300000	135000000	14
chr7	135150000	133550000	32
chr7	135950000	135350000	12
chr7	137450000	139850000	48
chr7	140300000	141700000	28
chr7	141800000	142700000	18
chr7	143650000	144950000	26
chr8	  1200000	  2050000	17
chr8	  1300000	  2800000	30
chr8	  2550000	  1000000	31
chr8	  3400000	  2500000	18
chr8	  4250000	  5050000	16
chr8	  6000000	  5400000	12
chr8	  7200000	  6600000	12
chr8	  8700000	  9800000	22
chr8	  9500000	 10050000	11
chr8	  9750000	  9200000	11
chr8	 10100000	  8800000	26
chr8	 11050000	 10400000	13
chr8	 12400000	 13800000	28
chr8	 12550000	 13850000	26
chr8	 12850000	 12350000	10
chr8	 15300000	 14500000	16
chr8	 18750000	 17950000	16
chr8	 20600000	 19150000	29
chr8	 20600000	 21200000	12
chr8	 20650000	 18700000	39
chr8	 22450000	 21800000	13
chr8	 24300000	 23700000	12
chr8	 25800000	 24100000	34
chr8	 26400000	 27000000	12
chr8	 26450000	 24950000	30
chr8	 26800000	 27250000	9
chr8	 29300000	 30750000	29
chr8	 30250000	 27450000	56
chr8	 31000000	 34700000	74
chr8	 31500000	 33550000	41
chr8	 35350000	 36400000	21
chr8	 36650000	 39200000	51
chr8	 36850000	 36150000	14
chr8	 37000000	 38250000	25
chr8	 37250000	 36550000	14
chr8	 38300000	 40100000	36
chr8	 40200000	 40850000	13
chr8	 41300000	 42150000	17
chr8	 43250000	 44400000	23
chr8	 44850000	 46150000	26
chr8	 45600000	 46150000	11
chr8	 46000000	 45000000	20
chr8	 46700000	 45850000	17
chr8	 47150000	 46000000	23
chr8	 49450000	 47700000	35
chr8	 49700000	 51400000	34
chr8	 54450000	 54450000	0
chr8	 55150000	 54050000	22
chr8	 57700000	 57250000	9
chr8	 58150000	 57500000	13
chr8	 59700000	 57250000	49
chr8	 59750000	 59350000	8
chr8	 60450000	 59800000	13
chr8	 61100000	 60750000	7
chr8	 61700000	 62700000	20
chr8	 61800000	 60850000	19
chr8	 63450000	 62050000	28
chr8	 63650000	 63650000	0
chr8	 66250000	 64700000	31
chr8	 68450000	 67200000	25
chr8	 69400000	 70300000	18
chr8	 70250000	 72000000	35
chr8	 70600000	 69700000	18
chr8	 72900000	 71950000	19
chr8	 74150000	 75250000	22
chr8	 74800000	 75800000	20
chr8	 76850000	 76450000	8
chr8	 79350000	 80900000	31
chr8	 79850000	 78900000	19
chr8	 81800000	 78000000	76
chr8	 84200000	 86250000	41
chr8	 84700000	 84100000	12
chr8	 84950000	 84350000	12
chr8	 90700000	 92800000	42
chr8	 93000000	 94250000	25
chr8	 94200000	 95350000	23
chr8	 95450000	 94500000	19
chr8	 95900000	 95100000	16
chr8	 95900000	 96900000	20
chr8	 96000000	 97750000	35
chr8	 97250000	 98450000	24
chr8	 97450000	 96500000	19
chr8	 97600000	 96400000	24
chr8	100250000	100650000	8
chr8	104650000	106700000	41
chr8	106500000	106950000	9
chr8	107500000	105300000	44
chr8	108550000	107600000	19
chr8	110100000	111550000	29
chr8	111500000	112850000	27
chr8	111700000	109600000	42
chr8	113000000	113900000	18
chr8	116500000	115900000	12
chr8	117050000	117700000	13
chr8	118650000	117150000	30
chr8	118700000	119850000	23
chr8	120050000	118600000	29
chr8	120100000	118950000	23
chr8	120850000	118850000	40
chr8	121500000	121100000	8
chr8	123700000	122750000	19
chr8	123950000	123700000	5
chr8	124000000	126000000	40
chr8	124050000	125600000	31
chr8	127400000	126400000	20
chr8	128050000	128750000	14
chr8	128600000	127050000	31
chr9	   650000	  1500000	17
chr9	  1900000	  1150000	15
chr9	  2250000	  3300000	21
chr9	  2500000	  3550000	21
chr9	  3450000	  3450000	0
chr9	  3550000	  4350000	16
chr9	  3850000	  3350000	10
chr9	  4350000	  4650000	6
chr9	  7250000	  7950000	14
chr9	  8200000	  7050000	23
chr9	  8750000	  9300000	11
chr9	 11300000	 10050000	25
chr9	 11950000	  9800000	43
chr9	 12700000	 13600000	18
chr9	 14400000	 15250000	17
chr9	 18650000	 19650000	20
chr9	 24800000	 24550000	5
chr9	 25200000	 25300000	2
chr9	 26150000	 25000000	23
chr9	 26250000	 26950000	14
chr9	 26500000	 28150000	33
chr9	 27200000	 27650000	9
chr9	 27850000	 29100000	25
chr9	 29450000	 30300000	17
chr9	 31250000	 32150000	18
chr9	 32800000	 30250000	51
chr9	 34950000	 35700000	15
chr9	 35650000	 34550000	22
chr9	 37200000	 39750000	51
chr9	 38000000	 37350000	13
chr9	 38150000	 38950000	16
chr9	 39300000	 38750000	11
chr9	 40000000	 40750000	15
chr9	 40300000	 41600000	26
chr9	 40600000	 39700000	18
chr9	 43650000	 44500000	17
chr9	 45150000	 47050000	38
chr9	 47050000	 45850000	24
chr9	 50000000	 48150000	37
chr9	 50350000	 49950000	8
chr9	 53050000	 51500000	31
chr9	 53500000	 54800000	26
chr9	 53800000	 54900000	22
chr9	 55650000	 55000000	13
chr9	 57050000	 56550000	10
chr9	 57700000	 59250000	31
chr9	 61750000	 61000000	15
chr9	 63150000	 62000000	23
chr9	 64900000	 64200000	14
chr9	 66950000	 68050000	22
chr9	 68200000	 67000000	24
chr9	 68700000	 67400000	26
chr9	 68850000	 68450000	8
chr9	 69600000	 68600000	20
chr9	 71200000	 70400000	16
chr9	 71200000	 70750000	9
chr9	 71550000	 73200000	33
chr9	 72100000	 72800000	14
chr9	 72200000	 73450000	25
chr9	 72350000	 70050000	46
chr9	 73050000	 75300000	45
chr9	 73700000	 75100000	28
chr9	 74050000	 75300000	25
chr9	 74200000	 73050000	23
chr9	 75250000	 73950000	26
chr9	 75700000	 72350000	67
chr9	 78450000	 79800000	27
chr9	 80000000	 80650000	13
chr9	 80150000	 81050000	18
chr9	 82900000	 81150000	35
chr9	 85100000	 85800000	14
chr9	 87750000	 86350000	28
chr9	 87950000	 90850000	58
chr9	 89050000	 90600000	31
chr9	 89350000	 90200000	17
chr9	 90550000	 89100000	29
chr9	 91500000	 90100000	28
chr9	 91550000	 92600000	21
chr9	 92550000	 93300000	15
chr9	 94600000	 95650000	21
chr9	 95250000	 96450000	24
chr9	 95300000	 94200000	22
chr9	 96750000	 95100000	33
chr9	 97450000	 99550000	42
chr9	 97950000	 97200000	15
chr9	 98750000	 97550000	24
chr9	100450000	 99750000	14
chr9	101650000	101000000	13
chr9	101750000	101350000	8
chr9	103900000	102400000	30
chr9	104200000	105300000	22
chr9	106450000	107250000	16
chr9	108100000	109150000	21
chr9	109300000	109500000	4
chr9	110400000	109850000	11
chr9	111200000	110400000	16
chr9	112150000	113300000	23
chr9	114050000	115200000	23
chr9	114100000	115450000	27
chr9	116950000	118400000	29
chr9	117950000	118250000	6
chr9	118100000	119000000	18
chr9	118650000	120150000	30
chr9	120200000	119200000	20
chr9	120350000	121500000	23
chr9	121550000	122950000	28
chr9	121650000	119150000	50
chr9	121750000	124200000	49
chr9	121850000	123150000	26
chr9	122200000	121250000	19
chr9	123050000	122600000	9
chrX	   950000	  1650000	14
chrX	  2100000	  2550000	9
chrX	  3000000	  4250000	25
chrX	  3550000	  3250000	6
chrX	  4100000	  2650000	29
chrX	  5400000	  3350000	41
chrX	  9800000	  9100000	14
chrX	 10500000	 11800000	26
chrX	 13100000	 13700000	12
chrX	 15500000	 16850000	27
chrX	 16150000	 15050000	22
chrX	 16250000	 17950000	34
chrX	 18050000	 19500000	29
chrX	 19100000	 17650000	29
chrX	 19150000	 20350000	24
chrX	 22350000	 22900000	11
chrX	 22500000	 20900000	32
chrX	 24700000	 26050000	27
chrX	 29550000	 27950000	32
chrX	 32750000	 32200000	11
chrX	 34300000	 32200000	42
chrX	 34850000	 36250000	28
chrX	 35700000	 37550000	37
chrX	 36150000	 35400000	15
chrX	 36450000	 37750000	26
chrX	 41900000	 41000000	18
chrX	 42750000	 42000000	15
chrX	 43850000	 43150000	14
chrX	 46250000	 47200000	19
chrX	 47400000	 47100000	6
chrX	 48450000	 47400000	21
chrX	 49500000	 52000000	50
chrX	 51050000	 51650000	12
chrX	 54750000	 52400000	47
chrX	 55000000	 56450000	29
chrX	 55150000	 55600000	9
chrX	 58000000	 59000000	20
chrX	 58600000	 57450000	23
chrX	 58700000	 57600000	22
chrX	 60100000	 58700000	28
chrX	 60350000	 61250000	18
chrX	 60900000	 62150000	25
chrX	 61500000	 60750000	15
chrX	 63050000	 62400000	13
chrX	 63700000	 64400000	14
chrX	 65200000	 65700000	10
chrX	 67850000	 66700000	23
chrX	 68150000	 67900000	5
chrX	 69750000	 70050000	6
chrX	 69850000	 67750000	42
chrX	 71300000	 71950000	13
chrX	 72950000	 77600000	93
chrX	 74450000	 73200000	25
chrX	 74550000	 75650000	22
chrX	 77050000	 77950000	18
chrX	 77100000	 78350000	25
chrX	 79300000	 80000000	14
chrX	 80600000	 81550000	19
chrX	 80700000	 79750000	19
chrX	 82300000	 82650000	7
chrX	 82600000	 83350000	15
chrX	 83350000	 84000000	13
chrX	 83750000	 82700000	21
chrX	 86150000	 82800000	67
chrX	 87400000	 86050000	27
chrX	 88100000	 87700000	8
chrX	 89950000	 88050000	38
chrX	 92600000	 93900000	26
chrX	 93350000	 94150000	16
chrX	 93550000	 94100000	11
chrX	 93600000	 92650000	19
chrX	 94600000	 95550000	19
chrX	 94900000	 97200000	46
chrX	 96300000	 95800000	10
chrX	 96850000	 95850000	20
chrX	 98400000	100750000	47
chrX	 98800000	 97450000	27
chrX	 99950000	101250000	26
chrX	101850000	100300000	31
chrX	102350000	100950000	28
chrX	102800000	101450000	27
chrX	103500000	104500000	20
chrX	104050000	105150000	22
chrX	105250000	106200000	19
chrX	105250000	106500000	25
chrX	105500000	103700000	36
chrX	105950000	106300000	7
chrX	108600000	109600000	20
chrX	109300000	111450000	43
chrX	112900000	111950000	19
chrX	123000000	124400000	28
chrX	123900000	122450000	29
chrX	130300000	130850000	11
chrX	131400000	130600000	16
chrX	131700000	130400000	26
chrX	132550000	131050000	30
chrX	133300000	132100000	24
chrX	134150000	133200000	19
chrX	136200000	135600000	12
chrX	137500000	139250000	35
chrX	140050000	140550000	10
chrX	141750000	143000000	25
chrX	143600000	142600000	20
chrX	146250000	145450000	16
chrX	146500000	145500000	20
chrX	146850000	148200000	27
chrX	147200000	148450000	25
chrX	149750000	150500000	15
chrX	150200000	149400000	16
chrX	150500000	150100000	8
chrX	152550000	150700000	37
chrX	157550000	158850000	26
chrX	157750000	159500000	35
chrX	158950000	157750000	24
chrX	160850000	161650000	16
chrX	160900000	159150000	35
chrX	161600000	159900000	34
chrX	162350000	163200000	17
chrX	163000000	161800000	24
chrX	163100000	164150000	21
chrX	165650000	167500000	37
chrX	165700000	164250000	29
chrX	166800000	165800000	20
chrX	166950000	165700000	25
chrX	167800000	167150000	13
chrX	168100000	168550000	9
chrX	168200000	169500000	26
chrX	169050000	170700000	33
chrY	  1700000	   350000	27
chrY	  2250000	  3450000	24
chrY	  3700000	  4600000	18
chrY	  4050000	  3350000	14
chrY	  5450000	  6500000	21
chrY	  7450000	  6350000	22
chrY	  7750000	  9500000	35
chrY	 10850000	 11600000	15
chrY	 11650000	 13600000	39
chrY	 11750000	  8400000	67
chrY	 12000000	 13300000	26
chrY	 12700000	 10700000	40
chrY	 12700000	 11500000	24
chrY	 14050000	 15450000	28
chrY	 14150000	 15900000	35
chrY	 14200000	 13000000	24
chrY	 14300000	 13350000	19
chrY	 14700000	 16550000	37
chrY	 15650000	 13300000	47
chrY	 16800000	 17400000	12
chrY	 22600000	 24150000	31
chrY	 24250000	 24850000	12
chrY	 24350000	 25200000	17
chrY	 29150000	 28400000	15
chrY	 29350000	 30600000	25
chrY	 29550000	 30450000	18
chrY	 29950000	 29200000	15
chrY	 33700000	 36600000	58
chrY	 38000000	 36450000	31
chrY	 38550000	 37350000	24
chrY	 42300000	 41500000	16
chrY	 42350000	 43400000	21
chrY	 42950000	 40500000	49
chrY	 43150000	 42500000	13
chrY	 50100000	 49100000	20
chrY	 50350000	 48600000	35
chrY	 51700000	 52400000	14
chrY	 52200000	 49900000	46
chrY	 53150000	 52450000	14
chrY	 55050000	 52750000	46
chrY	 56000000	 56700000	14
chrY	 60450000	 61500000	21
chrY	 62350000	 60850000	30
chrY	 66800000	 66000000	16
chrY	 66950000	 66200000	15
chrY	 68150000	 66250000	38
chrY	 70150000	 68250000	38
chrY	 71100000	 72400000	26
chrY	 74400000	 72850000	31
chrY	 79100000	 77200000	38
chrY	 79400000	 81000000	32
chrY	 82050000	 80250000	36
chrY	 82500000	 83350000	17
chrY	 83300000	 84300000	20
chrY	 85000000	 84400000	12
chrY	 86250000	 86950000	14
chrY	 87100000	 85550000	31
chrY	 89350000	 88950000	8
chrY	 90250000	 89150000	22
