chr1	  6450000	  5400000	21
chr1	  6500000	  6100000	8
chr1	  8350000	  9100000	15
chr1	 13700000	 15350000	33
chr1	 13800000	 15000000	24
chr1	 15350000	 15700000	7
chr1	 15900000	 16900000	20
chr1	 15950000	 15200000	15
chr1	 16250000	 16050000	4
chr1	 17150000	 16050000	22
chr1	 20650000	 19700000	19
chr1	 22400000	 22700000	6
chr1	 25050000	 26050000	20
chr1	 25250000	 26750000	30
chr1	 26400000	 27050000	13
chr1	 27150000	 27450000	6
chr1	 27300000	 28200000	18
chr1	 27350000	 25500000	37
chr1	 27550000	 29100000	31
chr1	 27900000	 27050000	17
chr1	 28750000	 30950000	44
chr1	 30050000	 29250000	16
chr1	 30200000	 30700000	10
chr1	 32650000	 33350000	14
chr1	 33300000	 31900000	28
chr1	 35300000	 34450000	17
chr1	 35950000	 34750000	24
chr1	 39450000	 40700000	25
chr1	 39800000	 38050000	35
chr1	 41450000	 39150000	46
chr1	 43100000	 43750000	13
chr1	 44150000	 45700000	31
chr1	 50200000	 50600000	8
chr1	 51200000	 50200000	20
chr1	 54450000	 53750000	14
chr1	 56000000	 55100000	18
chr1	 57250000	 58900000	33
chr1	 60700000	 61650000	19
chr1	 61500000	 60400000	22
chr1	 62200000	 62000000	4
chr1	 62450000	 63650000	24
chr1	 64100000	 60750000	67
chr1	 64650000	 65150000	10
chr1	 65000000	 63550000	29
chr1	 65850000	 63850000	40
chr1	 66600000	 67750000	23
chr1	 69300000	 70900000	32
chr1	 69700000	 69950000	5
chr1	 70900000	 72200000	26
chr1	 71400000	 72700000	26
chr1	 73700000	 73300000	8
chr1	 75350000	 77250000	38
chr1	 76850000	 77900000	21
chr1	 77200000	 75750000	29
chr1	 78950000	 77700000	25
chr1	 82400000	 83050000	13
chr1	 83350000	 84100000	15
chr1	 88750000	 86200000	51
chr1	 93000000	 92050000	19
chr1	 93800000	 94450000	13
chr1	 95600000	 93900000	34
chr1	 97800000	 97400000	8
chr1	 98150000	 95750000	48
chr1	 99350000	 99700000	7
chr1	 99500000	100600000	22
chr1	100000000	 98200000	36
chr1	100600000	 99500000	22
chr1	102800000	103600000	16
chr1	104650000	105500000	17
chr1	106300000	107600000	26
chr1	107950000	110000000	41
chr1	108900000	107600000	26
chr1	108900000	108600000	6
chr1	110700000	108350000	47
chr1	111950000	110400000	31
chr1	113550000	113850000	6
chr1	113850000	113050000	16
chr1	115450000	114600000	17
chr1	116800000	119200000	48
chr1	117250000	116650000	12
chr1	117750000	116350000	28
chr1	119050000	119700000	13
chr1	119700000	122600000	58
chr1	120500000	119300000	24
chr1	121850000	122300000	9
chr1	122600000	124750000	43
chr1	123850000	122450000	28
chr1	124400000	123400000	20
chr1	124400000	123650000	15
chr1	124800000	124500000	6
chr1	125050000	125550000	10
chr1	126050000	126050000	0
chr1	126700000	125250000	29
chr1	129350000	128350000	20
chr1	129350000	129750000	8
chr1	132400000	133600000	24
chr1	133800000	134950000	23
chr1	134500000	135450000	19
chr1	135050000	135250000	4
chr1	135500000	136500000	20
chr1	136900000	136100000	16
chr1	138600000	140350000	35
chr1	145500000	144350000	23
chr1	150800000	148900000	38
chr1	153100000	152150000	19
chr1	153650000	152750000	18
chr1	154400000	156200000	36
chr1	157950000	157500000	9
chr1	158250000	156550000	34
chr1	161950000	162350000	8
chr1	164900000	163850000	21
chr1	166250000	167150000	18
chr1	166400000	165200000	24
chr1	167850000	166950000	18
chr1	168700000	166100000	52
chr1	168950000	169500000	11
chr1	172250000	173200000	19
chr1	173300000	172600000	14
chr1	174000000	175850000	37
chr1	177400000	179350000	39
chr1	178850000	180350000	30
chr1	179200000	180150000	19
chr1	181700000	182300000	12
chr1	184100000	185200000	22
chr1	184300000	182200000	42
chr1	184850000	185500000	13
chr1	189750000	188150000	32
chr1	191150000	192600000	29
chr1	191300000	192300000	20
chr1	192650000	191900000	15
chr1	193750000	192850000	18
chr1	194950000	193600000	27
chr10	   850000	    50000	16
chr10	  1600000	  1200000	8
chr10	  1900000	  1150000	15
chr10	  2700000	  2700000	0
chr10	  6650000	  5550000	22
chr10	  8600000	  9700000	22
chr10	  8600000	 10400000	36
chr10	 10900000	  9900000	20
chr10	 12550000	 13900000	27
chr10	 13650000	 14400000	15
chr10	 15450000	 14250000	24
chr10	 15700000	 15250000	9
chr10	 17600000	 16000000	32
chr10	 18500000	 19250000	15
chr10	 18700000	 19050000	7
chr10	 19850000	 20500000	13
chr10	 20150000	 19550000	12
chr10	 21950000	 22850000	18
chr10	 23700000	 23150000	11
chr10	 25350000	 24350000	20
chr10	 25650000	 24450000	24
chr10	 25800000	 24500000	26
chr10	 29100000	 27650000	29
chr10	 30550000	 30100000	9
chr10	 35150000	 34000000	23
chr10	 36750000	 35550000	24
chr10	 38100000	 39500000	28
chr10	 38600000	 36900000	34
chr10	 38850000	 40100000	25
chr10	 43450000	 45050000	32
chr10	 44100000	 45000000	18
chr10	 44250000	 43100000	23
chr10	 44650000	 45350000	14
chr10	 45350000	 43800000	31
chr10	 45450000	 46050000	12
chr10	 48150000	 49250000	22
chr10	 52850000	 54350000	30
chr10	 54100000	 52050000	41
chr10	 54850000	 56150000	26
chr10	 55500000	 51600000	78
chr10	 56750000	 55000000	35
chr10	 59150000	 58100000	21
chr10	 61000000	 60150000	17
chr10	 63700000	 62400000	26
chr10	 63700000	 63100000	12
chr10	 63750000	 62650000	22
chr10	 63900000	 64150000	5
chr10	 64300000	 64900000	12
chr10	 71050000	 69800000	25
chr10	 71750000	 70400000	27
chr10	 72700000	 74750000	41
chr10	 72750000	 72350000	8
chr10	 73600000	 74150000	11
chr10	 74150000	 72900000	25
chr10	 74950000	 76350000	28
chr10	 77400000	 79350000	39
chr10	 78100000	 76750000	27
chr10	 78900000	 76100000	56
chr10	 79050000	 77900000	23
chr10	 79050000	 80900000	37
chr10	 79100000	 78600000	10
chr10	 79250000	 78450000	16
chr10	 80250000	 81200000	19
chr10	 81700000	 82500000	16
chr10	 83350000	 84000000	13
chr10	 84050000	 83050000	20
chr10	 84400000	 85450000	21
chr10	 85400000	 86950000	31
chr10	 86500000	 87400000	18
chr10	 86700000	 85000000	34
chr10	 87050000	 85550000	30
chr10	 90350000	 89650000	14
chr10	 90850000	 90550000	6
chr10	 91150000	 90650000	10
chr10	 91300000	 92650000	27
chr10	 94350000	 93950000	8
chr10	 94700000	 94000000	14
chr10	 96250000	 96700000	9
chr10	 96950000	 95600000	27
chr10	 97250000	 95950000	26
chr10	 98350000	 98950000	12
chr10	 98750000	 99400000	13
chr10	 98900000	 99650000	15
chr10	101450000	100400000	21
chr10	103450000	104500000	21
chr10	103550000	102250000	26
chr10	104650000	105350000	14
chr10	105950000	104000000	39
chr10	106150000	105350000	16
chr10	106650000	107250000	12
chr10	107850000	107000000	17
chr10	108450000	109450000	20
chr10	109450000	108800000	13
chr10	109500000	110050000	11
chr10	113650000	114300000	13
chr10	113900000	115000000	22
chr10	114450000	115050000	12
chr10	114600000	113100000	30
chr10	114650000	113300000	27
chr10	117850000	118600000	15
chr10	117900000	117100000	16
chr10	118200000	116300000	38
chr10	121550000	122900000	27
chr10	123050000	123450000	8
chr10	124300000	122250000	41
chr10	125850000	124300000	31
chr10	126500000	124650000	37
chr10	128100000	129700000	32
chr10	129450000	127650000	36
chr11	  1450000	  2000000	11
chr11	  3450000	  2350000	22
chr11	  3800000	  3800000	0
chr11	  4650000	  5850000	24
chr11	  5300000	  7550000	45
chr11	  6150000	  7550000	28
chr11	  7300000	  9300000	40
chr11	  9150000	  9900000	15
chr11	  9350000	  7900000	29
chr11	  9550000	 10850000	26
chr11	 11150000	 12600000	29
chr11	 14300000	 13700000	12
chr11	 17100000	 17900000	16
chr11	 17550000	 15600000	39
chr11	 17700000	 16050000	33
chr11	 18150000	 17400000	15
chr11	 23100000	 22700000	8
chr11	 24750000	 24000000	15
chr11	 25750000	 25750000	0
chr11	 26600000	 26000000	12
chr11	 27400000	 28900000	30
chr11	 29150000	 29800000	13
chr11	 32350000	 30700000	33
chr11	 34500000	 33400000	22
chr11	 35100000	 36900000	36
chr11	 36300000	 37250000	19
chr11	 36800000	 37650000	17
chr11	 38700000	 37450000	25
chr11	 39950000	 41000000	21
chr11	 41650000	 42900000	25
chr11	 43550000	 42900000	13
chr11	 44150000	 43000000	23
chr11	 47250000	 46450000	16
chr11	 47250000	 48400000	23
chr11	 52800000	 54850000	41
chr11	 54700000	 54200000	10
chr11	 55050000	 53050000	40
chr11	 57150000	 57950000	16
chr11	 57450000	 56850000	12
chr11	 57800000	 56900000	18
chr11	 58800000	 60150000	27
chr11	 59950000	 61150000	24
chr11	 60450000	 59100000	27
chr11	 60650000	 58200000	49
chr11	 62450000	 61700000	15
chr11	 62550000	 61500000	21
chr11	 64500000	 63350000	23
chr11	 65350000	 64700000	13
chr11	 65450000	 67150000	34
chr11	 66100000	 64750000	27
chr11	 66150000	 65150000	20
chr11	 66450000	 66700000	5
chr11	 68050000	 66950000	22
chr11	 72500000	 73950000	29
chr11	 74550000	 72900000	33
chr11	 76250000	 75600000	13
chr11	 76900000	 76300000	12
chr11	 79000000	 80600000	32
chr11	 79800000	 78650000	23
chr11	 81250000	 80050000	24
chr11	 81350000	 80350000	20
chr11	 82700000	 82700000	0
chr11	 84100000	 83150000	19
chr11	 86450000	 87150000	14
chr11	 91850000	 89900000	39
chr11	 92050000	 89550000	50
chr11	 95600000	 94550000	21
chr11	 98050000	 97300000	15
chr11	100400000	 98750000	33
chr11	101300000	100900000	8
chr11	101300000	103550000	45
chr11	101750000	100500000	25
chr11	104100000	105500000	28
chr11	105450000	105950000	10
chr11	106250000	104450000	36
chr11	106250000	104600000	33
chr11	106750000	105950000	16
chr11	107350000	108150000	16
chr11	108550000	109400000	17
chr11	109400000	109850000	9
chr11	109850000	110700000	17
chr11	112750000	111850000	18
chr11	112900000	112000000	18
chr11	113400000	111800000	32
chr11	115450000	114350000	22
chr11	117500000	116950000	11
chr12	   750000	  1750000	20
chr12	  2650000	  3500000	17
chr12	  3600000	  2050000	31
chr12	  4800000	  3850000	19
chr12	  6700000	  8500000	36
chr12	  7150000	  3650000	70
chr12	 11850000	 12450000	12
chr12	 16750000	 17650000	18
chr12	 18000000	 16650000	27
chr12	 22800000	 21300000	30
chr12	 23850000	 22850000	20
chr12	 24150000	 26350000	44
chr12	 24350000	 25250000	18
chr12	 24500000	 25400000	18
chr12	 25150000	 23600000	31
chr12	 26050000	 28500000	49
chr12	 28400000	 29200000	16
chr12	 28500000	 28000000	10
chr12	 28700000	 28000000	14
chr12	 29100000	 30400000	26
chr12	 30700000	 31100000	8
chr12	 31550000	 31000000	11
chr12	 32000000	 34800000	56
chr12	 33650000	 32450000	24
chr12	 41450000	 40550000	18
chr12	 41550000	 40950000	12
chr12	 42700000	 42400000	6
chr12	 42900000	 44150000	25
chr12	 45000000	 46000000	20
chr12	 50100000	 48000000	42
chr12	 50450000	 50200000	5
chr12	 51100000	 51300000	4
chr12	 52050000	 50400000	33
chr12	 52400000	 54450000	41
chr12	 52500000	 52050000	9
chr12	 53700000	 54200000	10
chr12	 53850000	 52950000	18
chr12	 54750000	 55200000	9
chr12	 56450000	 57350000	18
chr12	 56550000	 53600000	59
chr12	 58450000	 59850000	28
chr12	 58600000	 57350000	25
chr12	 59100000	 59950000	17
chr12	 59800000	 61050000	25
chr12	 61200000	 59650000	31
chr12	 61700000	 59850000	37
chr12	 64450000	 65300000	17
chr12	 66100000	 65400000	14
chr12	 67350000	 66150000	24
chr12	 69350000	 71350000	40
chr12	 71200000	 72200000	20
chr12	 74150000	 75500000	27
chr12	 74200000	 75650000	29
chr12	 74900000	 75750000	17
chr12	 75350000	 77000000	33
chr12	 76350000	 75300000	21
chr12	 78200000	 77250000	19
chr12	 79150000	 76750000	48
chr12	 80900000	 81600000	14
chr12	 82050000	 80500000	31
chr12	 83000000	 81450000	31
chr12	 83900000	 82800000	22
chr12	 87650000	 86800000	17
chr12	 88150000	 89800000	33
chr12	 90350000	 89250000	22
chr12	 93550000	 94500000	19
chr12	 94850000	 95750000	18
chr12	 95050000	 96400000	27
chr12	100550000	100750000	4
chr12	101050000	101600000	11
chr12	103300000	104150000	17
chr12	104700000	103900000	16
chr12	108000000	110050000	41
chr12	109300000	108800000	10
chr12	113500000	115000000	30
chr12	113600000	112200000	28
chr12	114550000	113800000	15
chr12	115150000	116600000	29
chr12	116000000	116700000	14
chr12	117700000	118850000	23
chr12	118750000	119850000	22
chr13	   850000	  2050000	24
chr13	   900000	   300000	12
chr13	  1500000	   500000	20
chr13	  2250000	  1000000	25
chr13	  2750000	  1750000	20
chr13	  3950000	  2250000	34
chr13	  5100000	  4250000	17
chr13	  7700000	  7000000	14
chr13	  9100000	  9850000	15
chr13	  9600000	 11450000	37
chr13	 11550000	 10450000	22
chr13	 12350000	 13700000	27
chr13	 12450000	 13200000	15
chr13	 14450000	 12950000	30
chr13	 14450000	 15200000	15
chr13	 14550000	 15350000	16
chr13	 15700000	 14100000	32
chr13	 15850000	 14350000	30
chr13	 16050000	 17900000	37
chr13	 18100000	 16950000	23
chr13	 18450000	 19600000	23
chr13	 19200000	 19750000	11
chr13	 21050000	 22550000	30
chr13	 21550000	 22600000	21
chr13	 22150000	 22900000	15
chr13	 22900000	 23700000	16
chr13	 24800000	 24350000	9
chr13	 24950000	 24350000	12
chr13	 26600000	 25850000	15
chr13	 27000000	 26150000	17
chr13	 27400000	 29000000	32
chr13	 28650000	 30650000	40
chr13	 28700000	 28250000	9
chr13	 29050000	 28050000	20
chr13	 31750000	 28850000	58
chr13	 34500000	 32500000	40
chr13	 34550000	 33350000	24
chr13	 36200000	 37600000	28
chr13	 36400000	 37850000	29
chr13	 36650000	 35750000	18
chr13	 38950000	 38650000	6
chr13	 39700000	 40850000	23
chr13	 41100000	 39500000	32
chr13	 41200000	 42200000	20
chr13	 41350000	 42200000	17
chr13	 41700000	 44450000	55
chr13	 42100000	 41450000	13
chr13	 42250000	 41000000	25
chr13	 43150000	 42550000	12
chr13	 44600000	 43750000	17
chr13	 45450000	 46000000	11
chr13	 46400000	 45600000	16
chr13	 46900000	 45950000	19
chr13	 47150000	 48150000	20
chr13	 51400000	 52200000	16
chr13	 55100000	 54750000	7
chr13	 55150000	 57000000	37
chr13	 56550000	 55900000	13
chr13	 57250000	 58250000	20
chr13	 58150000	 59350000	24
chr13	 58550000	 60250000	34
chr13	 59150000	 58850000	6
chr13	 62350000	 61800000	11
chr13	 63800000	 64550000	15
chr13	 66550000	 65150000	28
chr13	 67550000	 68150000	12
chr13	 67850000	 66750000	22
chr13	 70300000	 68250000	41
chr13	 70450000	 69900000	11
chr13	 72200000	 73050000	17
chr13	 73250000	 72600000	13
chr13	 73900000	 72500000	28
chr13	 75350000	 73900000	29
chr13	 76750000	 75800000	19
chr13	 76850000	 77300000	9
chr13	 78750000	 80050000	26
chr13	 79500000	 78450000	21
chr13	 82100000	 82600000	10
chr13	 83850000	 84200000	7
chr13	 84600000	 85400000	16
chr13	 85850000	 87650000	36
chr13	 86050000	 84850000	24
chr13	 87150000	 86150000	20
chr13	 89500000	 90150000	13
chr13	 89950000	 89550000	8
chr13	 93350000	 93800000	9
chr13	 93600000	 92250000	27
chr13	 93950000	 94700000	15
chr13	 97600000	 98350000	15
chr13	 98300000	 99700000	28
chr13	 98650000	 97100000	31
chr13	 99400000	100700000	26
chr13	 99450000	 98200000	25
chr13	 99450000	 99050000	8
chr13	 99850000	 97900000	39
chr13	102300000	104300000	40
chr13	102900000	103550000	13
chr13	103600000	104250000	13
chr13	103600000	104650000	21
chr13	104750000	104000000	15
chr13	105300000	104400000	18
chr13	105350000	107850000	50
chr13	106550000	105750000	16
chr13	107200000	108150000	19
chr13	107650000	107850000	4
chr13	108150000	107800000	7
chr13	109950000	110900000	19
chr13	111800000	114000000	44
chr13	112600000	114250000	33
chr13	114300000	113900000	8
chr13	114500000	115350000	17
chr13	118300000	119550000	25
chr14	   450000	  2250000	36
chr14	  1250000	  3850000	52
chr14	  1650000	  3100000	29
chr14	  2150000	  1550000	12
chr14	  2750000	  2250000	10
chr14	  7400000	  6500000	18
chr14	 11550000	 10950000	12
chr14	 13600000	 14800000	24
chr14	 15350000	 14100000	25
chr14	 15500000	 14250000	25
chr14	 15550000	 16150000	12
chr14	 16300000	 17150000	17
chr14	 17650000	 16400000	25
chr14	 18800000	 19850000	21
chr14	 20400000	 23600000	64
chr14	 20650000	 23750000	62
chr14	 22250000	 22750000	10
chr14	 23700000	 24800000	22
chr14	 26650000	 26000000	13
chr14	 30500000	 31200000	14
chr14	 30900000	 30300000	12
chr14	 33300000	 30800000	50
chr14	 34400000	 35000000	12
chr14	 34950000	 34250000	14
chr14	 35650000	 36500000	17
chr14	 35850000	 38100000	45
chr14	 37250000	 36000000	25
chr14	 39350000	 38150000	24
chr14	 39450000	 42550000	62
chr14	 40350000	 41650000	26
chr14	 42200000	 41100000	22
chr14	 42400000	 43300000	18
chr14	 42850000	 41750000	22
chr14	 42900000	 41600000	26
chr14	 45150000	 44550000	12
chr14	 48200000	 47650000	11
chr14	 49450000	 48300000	23
chr14	 51250000	 50250000	20
chr14	 52550000	 53350000	16
chr14	 52900000	 52250000	13
chr14	 54900000	 53750000	23
chr14	 57300000	 58100000	16
chr14	 57450000	 58600000	23
chr14	 57500000	 55600000	38
chr14	 59250000	 60700000	29
chr14	 59450000	 62050000	52
chr14	 61050000	 61350000	6
chr14	 61100000	 60650000	9
chr14	 62450000	 61700000	15
chr14	 63350000	 64650000	26
chr14	 64600000	 66250000	33
chr14	 66900000	 66250000	13
chr14	 67750000	 68050000	6
chr14	 69650000	 68650000	20
chr14	 73350000	 71850000	30
chr14	 78000000	 76750000	25
chr14	 80050000	 79000000	21
chr14	 80250000	 82000000	35
chr14	 81150000	 79650000	30
chr14	 82600000	 82200000	8
chr14	 87500000	 86750000	15
chr14	 87750000	 88600000	17
chr14	 87850000	 88600000	15
chr14	 89250000	 87050000	44
chr14	 89750000	 88350000	28
chr14	 91400000	 90400000	20
chr14	 92100000	 91050000	21
chr14	 92700000	 93400000	14
chr14	 92800000	 94600000	36
chr14	 94300000	 92600000	34
chr14	 94950000	 95850000	18
chr14	 95750000	 97550000	36
chr14	 96150000	 95100000	21
chr14	 96150000	 95700000	9
chr14	 96350000	 97500000	23
chr14	 96600000	 97000000	8
chr14	 97150000	 98250000	22
chr14	 97750000	 95550000	44
chr14	 98050000	 98750000	14
chr14	 98750000	 98000000	15
chr14	100700000	100400000	6
chr14	106500000	108300000	36
chr14	108150000	108500000	7
chr14	108350000	110150000	36
chr14	108650000	109800000	23
chr14	109300000	111400000	42
chr14	109400000	107350000	41
chr14	112850000	113150000	6
chr14	115100000	117000000	38
chr14	120600000	119200000	28
chr14	120600000	121050000	9
chr14	120600000	121550000	19
chr14	122300000	120900000	28
chr14	123550000	124700000	23
chr15	  1600000	  3050000	29
chr15	  7950000	  9600000	33
chr15	  9350000	  9700000	7
chr15	 10400000	  9350000	21
chr15	 13250000	 14400000	23
chr15	 13300000	 12250000	21
chr15	 14450000	 13300000	23
chr15	 14600000	 13750000	17
chr15	 17400000	 16100000	26
chr15	 17550000	 16150000	28
chr15	 18050000	 19400000	27
chr15	 21200000	 22800000	32
chr15	 21850000	 20950000	18
chr15	 23150000	 20700000	49
chr15	 24550000	 27000000	49
chr15	 24650000	 24000000	13
chr15	 24700000	 24450000	5
chr15	 27000000	 27800000	16
chr15	 27150000	 26300000	17
chr15	 28800000	 27850000	19
chr15	 29550000	 30400000	17
chr15	 34100000	 32600000	30
chr15	 34850000	 37250000	48
chr15	 35250000	 34900000	7
chr15	 37400000	 38750000	27
chr15	 37950000	 39350000	28
chr15	 38700000	 38000000	14
chr15	 40800000	 39100000	34
chr15	 43100000	 43650000	11
chr15	 44550000	 42750000	36
chr15	 46550000	 47550000	20
chr15	 47150000	 47900000	15
chr15	 47150000	 48200000	21
chr15	 47450000	 46400000	21
chr15	 47750000	 49200000	29
chr15	 48150000	 48400000	5
chr15	 49200000	 50600000	28
chr15	 50900000	 52750000	37
chr15	 52450000	 51200000	25
chr15	 53350000	 55100000	35
chr15	 53800000	 52100000	34
chr15	 54800000	 55600000	16
chr15	 55850000	 53250000	52
chr15	 57200000	 58150000	19
chr15	 57750000	 56350000	28
chr15	 58850000	 56650000	44
chr15	 58850000	 57600000	25
chr15	 59750000	 57250000	50
chr15	 60100000	 61000000	18
chr15	 61150000	 60150000	20
chr15	 62750000	 63900000	23
chr15	 62850000	 63150000	6
chr15	 63500000	 63900000	8
chr15	 65700000	 64500000	24
chr15	 67550000	 67950000	8
chr15	 70200000	 70900000	14
chr15	 71100000	 69800000	26
chr15	 72300000	 74300000	40
chr15	 77100000	 78200000	22
chr15	 77500000	 76600000	18
chr15	 77700000	 77200000	10
chr15	 78100000	 80000000	38
chr15	 81700000	 80450000	25
chr15	 83250000	 84900000	33
chr15	 83800000	 84950000	23
chr15	 88050000	 89150000	22
chr15	 92000000	 91200000	16
chr15	 93000000	 92300000	14
chr15	 95100000	 96000000	18
chr15	 97850000	 97000000	17
chr15	 97950000	 97400000	11
chr15	 98400000	 97800000	12
chr15	100350000	 99850000	10
chr15	101200000	101900000	14
chr15	102000000	102900000	18
chr15	102200000	100400000	36
chr15	102250000	101250000	20
chr15	103500000	102950000	11
chr15	103600000	102550000	21
chr16	  1600000	  1150000	9
chr16	  3050000	  3050000	0
chr16	  6250000	  5750000	10
chr16	  7350000	  7750000	8
chr16	  8450000	 10950000	50
chr16	 13800000	 15800000	40
chr16	 14800000	 13650000	23
chr16	 15150000	 14550000	12
chr16	 16900000	 18150000	25
chr16	 17100000	 15650000	29
chr16	 17350000	 16200000	23
chr16	 19000000	 19200000	4
chr16	 21850000	 20350000	30
chr16	 22250000	 21650000	12
chr16	 24250000	 26000000	35
chr16	 28150000	 27650000	10
chr16	 28650000	 30050000	28
chr16	 30500000	 30850000	7
chr16	 32050000	 32950000	18
chr16	 33950000	 35350000	28
chr16	 34000000	 32750000	25
chr16	 34800000	 35950000	23
chr16	 36200000	 37150000	19
chr16	 36400000	 35800000	12
chr16	 36900000	 37400000	10
chr16	 37400000	 36550000	17
chr16	 42250000	 40850000	28
chr16	 42250000	 43150000	18
chr16	 42700000	 41550000	23
chr16	 46350000	 43350000	60
chr16	 46550000	 48000000	29
chr16	 47200000	 46250000	19
chr16	 47550000	 49450000	38
chr16	 48150000	 47650000	10
chr16	 48950000	 50350000	28
chr16	 50050000	 48300000	35
chr16	 51850000	 52550000	14
chr16	 51950000	 51500000	9
chr16	 54150000	 52850000	26
chr16	 55000000	 54450000	11
chr16	 58950000	 57650000	26
chr16	 60950000	 62900000	39
chr16	 61750000	 61050000	14
chr16	 63100000	 64300000	24
chr16	 64700000	 63850000	17
chr16	 64800000	 64450000	7
chr16	 66850000	 66400000	9
chr16	 67300000	 68750000	29
chr16	 68300000	 70050000	35
chr16	 68850000	 69150000	6
chr16	 69000000	 67600000	28
chr16	 69800000	 70100000	6
chr16	 69950000	 70650000	14
chr16	 71250000	 70700000	11
chr16	 74850000	 75200000	7
chr16	 75200000	 74600000	12
chr16	 78350000	 75800000	51
chr16	 79200000	 76850000	47
chr16	 79950000	 80700000	15
chr16	 80850000	 82600000	35
chr16	 81500000	 82450000	19
chr16	 82000000	 83000000	20
chr16	 82250000	 81850000	8
chr16	 91450000	 90750000	14
chr16	 91750000	 90850000	18
chr16	 93200000	 93900000	14
chr16	 93350000	 90000000	67
chr16	 93350000	 94500000	23
chr16	 93700000	 90000000	74
chr16	 94400000	 95500000	22
chr16	 95000000	 95650000	13
chr17	   650000	  2500000	37
chr17	  1650000	  2450000	16
chr17	  2100000	  1000000	22
chr17	  2950000	  3750000	16
chr17	  3050000	  4450000	28
chr17	  3650000	  2950000	14
chr17	  5100000	  5600000	10
chr17	  5100000	  6750000	33
chr17	  7350000	  6400000	19
chr17	  8650000	  9100000	9
chr17	  9200000	 11550000	47
chr17	  9550000	  8950000	12
chr17	 10700000	 11300000	12
chr17	 11300000	  9500000	36
chr17	 14600000	 15550000	19
chr17	 15050000	 16100000	21
chr17	 22450000	 21100000	27
chr17	 23250000	 21250000	40
chr17	 27600000	 28650000	21
chr17	 27800000	 30550000	55
chr17	 31350000	 32500000	23
chr17	 32000000	 33300000	26
chr17	 33700000	 33450000	5
chr17	 34050000	 31750000	46
chr17	 34650000	 35600000	19
chr17	 36650000	 35850000	16
chr17	 37700000	 37050000	13
chr17	 38000000	 36800000	24
chr17	 39350000	 40100000	15
chr17	 42650000	 42650000	0
chr17	 42900000	 45300000	48
chr17	 43250000	 41500000	35
chr17	 43350000	 44350000	20
chr17	 44750000	 40800000	79
chr17	 47200000	 46100000	22
chr17	 47600000	 48400000	16
chr17	 47750000	 46900000	17
chr17	 47900000	 48250000	7
chr17	 50900000	 51550000	13
chr17	 55600000	 54650000	19
chr17	 57550000	 56300000	25
chr17	 57600000	 56450000	23
chr17	 57850000	 60100000	45
chr17	 60000000	 60700000	14
chr17	 62100000	 61100000	20
chr17	 63150000	 61000000	43
chr17	 63250000	 64200000	19
chr17	 65400000	 66650000	25
chr17	 66050000	 67700000	33
chr17	 66400000	 67700000	26
chr17	 68400000	 68650000	5
chr17	 72800000	 75400000	52
chr17	 73750000	 72900000	17
chr17	 74750000	 76550000	36
chr17	 75000000	 77850000	57
chr17	 76200000	 75800000	8
chr17	 77650000	 77650000	0
chr17	 79200000	 78550000	13
chr17	 84000000	 85650000	33
chr17	 85750000	 86900000	23
chr17	 86600000	 87000000	8
chr17	 87400000	 88450000	21
chr17	 91800000	 90800000	20
chr17	 94600000	 92900000	34
chr18	   150000	   800000	13
chr18	  1400000	  3850000	49
chr18	  1850000	  3350000	30
chr18	  2700000	  2950000	5
chr18	  5750000	  5200000	11
chr18	  6950000	  7500000	11
chr18	 11950000	 12250000	6
chr18	 13100000	 14300000	24
chr18	 13450000	 14500000	21
chr18	 14900000	 15850000	19
chr18	 15750000	 14650000	22
chr18	 16250000	 17650000	28
chr18	 18600000	 17600000	20
chr18	 20700000	 17350000	67
chr18	 21100000	 21900000	16
chr18	 21500000	 20850000	13
chr18	 21700000	 22950000	25
chr18	 22100000	 21450000	13
chr18	 22800000	 23400000	12
chr18	 23400000	 23700000	6
chr18	 25650000	 26850000	24
chr18	 26650000	 27900000	25
chr18	 27400000	 28500000	22
chr18	 30300000	 30800000	10
chr18	 31300000	 29500000	36
chr18	 32550000	 33450000	18
chr18	 35500000	 36200000	14
chr18	 36150000	 35000000	23
chr18	 38200000	 37600000	12
chr18	 39750000	 40700000	19
chr18	 39900000	 38350000	31
chr18	 40800000	 40000000	16
chr18	 42350000	 44300000	39
chr18	 43600000	 42500000	22
chr18	 43600000	 44550000	19
chr18	 44550000	 44350000	4
chr18	 46600000	 47900000	26
chr18	 47850000	 48400000	11
chr18	 49100000	 50150000	21
chr18	 50100000	 49550000	11
chr18	 50150000	 50500000	7
chr18	 52500000	 53500000	20
chr18	 52700000	 53500000	16
chr18	 54550000	 54050000	10
chr18	 54650000	 56750000	42
chr18	 56250000	 57450000	24
chr18	 56500000	 55450000	21
chr18	 62500000	 61450000	21
chr18	 65150000	 64800000	7
chr18	 65400000	 64250000	23
chr18	 66000000	 67400000	28
chr18	 66000000	 68250000	45
chr18	 66500000	 65650000	17
chr18	 67350000	 66800000	11
chr18	 70800000	 68700000	42
chr18	 74650000	 73100000	31
chr18	 74750000	 77500000	55
chr18	 75950000	 74900000	21
chr18	 76050000	 74750000	26
chr18	 78750000	 79850000	22
chr18	 80750000	 81900000	23
chr18	 81150000	 82000000	17
chr18	 81800000	 83700000	38
chr18	 82100000	 80900000	24
chr18	 82800000	 81400000	28
chr18	 82900000	 81500000	28
chr18	 83250000	 82800000	9
chr18	 84550000	 84850000	6
chr18	 86200000	 84200000	40
chr18	 87700000	 86500000	24
chr18	 90100000	 89000000	22
chr19	  3250000	  2450000	16
chr19	  4650000	  6300000	33
chr19	  5250000	  7350000	42
chr19	  5700000	  4900000	16
chr19	  9050000	  8250000	16
chr19	  9350000	  7850000	30
chr19	  9400000	 10100000	14
chr19	 10200000	  8450000	35
chr19	 10950000	  8850000	42
chr19	 12900000	 12250000	13
chr19	 13000000	 12150000	17
chr19	 13450000	 12900000	11
chr19	 13950000	 12900000	21
chr19	 14800000	 13800000	20
chr19	 17200000	 16100000	22
chr19	 17350000	 18050000	14
chr19	 18550000	 15400000	63
chr19	 20400000	 20800000	8
chr19	 24350000	 25250000	18
chr19	 25100000	 26300000	24
chr19	 26100000	 26750000	13
chr19	 26600000	 29100000	50
chr19	 27900000	 28650000	15
chr19	 28900000	 30200000	26
chr19	 30450000	 31900000	29
chr19	 30650000	 30200000	9
chr19	 31050000	 30350000	14
chr19	 32050000	 31350000	14
chr19	 33300000	 32100000	24
chr19	 33500000	 33100000	8
chr19	 35250000	 34050000	24
chr19	 37150000	 34200000	59
chr19	 37550000	 37000000	11
chr19	 37950000	 37550000	8
chr19	 38600000	 35000000	72
chr19	 40150000	 41750000	32
chr19	 40200000	 38750000	29
chr19	 42050000	 39900000	43
chr19	 42150000	 44350000	44
chr19	 42450000	 43800000	27
chr19	 43350000	 44300000	19
chr19	 44400000	 43350000	21
chr19	 44500000	 46100000	32
chr19	 46700000	 47400000	14
chr19	 48650000	 47800000	17
chr19	 48750000	 49550000	16
chr19	 48750000	 50050000	26
chr19	 49500000	 48700000	16
chr19	 49650000	 50050000	8
chr19	 49800000	 51350000	31
chr19	 51900000	 53150000	25
chr19	 53550000	 52850000	14
chr19	 54550000	 55000000	9
chr19	 54900000	 54000000	18
chr19	 55200000	 55650000	9
chr19	 57150000	 54850000	46
chr19	 60000000	 60700000	14
chr19	 60850000	 60400000	9
chr19	 61350000	 60500000	17
chr2	  1100000	  4950000	77
chr2	  3650000	  3150000	10
chr2	  4200000	  5150000	19
chr2	  6800000	  5900000	18
chr2	  8300000	  9150000	17
chr2	 10150000	  8700000	29
chr2	 13000000	 14350000	27
chr2	 14650000	 15500000	17
chr2	 14700000	 15300000	12
chr2	 15100000	 14350000	15
chr2	 15200000	 16950000	35
chr2	 15500000	 15900000	8
chr2	 16450000	 15300000	23
chr2	 16850000	 18100000	25
chr2	 17450000	 15700000	35
chr2	 19700000	 18100000	32
chr2	 19800000	 18800000	20
chr2	 21050000	 21850000	16
chr2	 21750000	 22150000	8
chr2	 21950000	 22750000	16
chr2	 22250000	 21300000	19
chr2	 22500000	 20850000	33
chr2	 23250000	 24000000	15
chr2	 24050000	 22700000	27
chr2	 25750000	 24950000	16
chr2	 27150000	 28250000	22
chr2	 29000000	 25900000	62
chr2	 30050000	 27600000	49
chr2	 31250000	 33000000	35
chr2	 31400000	 32100000	14
chr2	 31950000	 31750000	4
chr2	 32550000	 32350000	4
chr2	 33450000	 34000000	11
chr2	 35550000	 33200000	47
chr2	 36550000	 38800000	45
chr2	 37150000	 37950000	16
chr2	 37700000	 36600000	22
chr2	 37850000	 36400000	29
chr2	 38350000	 37850000	10
chr2	 38500000	 39250000	15
chr2	 38900000	 37600000	26
chr2	 39400000	 40200000	16
chr2	 40000000	 41000000	20
chr2	 40600000	 39900000	14
chr2	 41700000	 42850000	23
chr2	 42250000	 41300000	19
chr2	 44250000	 45300000	21
chr2	 44350000	 43100000	25
chr2	 47400000	 48550000	23
chr2	 49550000	 50550000	20
chr2	 51800000	 50150000	33
chr2	 52250000	 49700000	51
chr2	 53750000	 55150000	28
chr2	 55300000	 55850000	11
chr2	 56950000	 56350000	12
chr2	 57000000	 55400000	32
chr2	 57800000	 57300000	10
chr2	 58950000	 59900000	19
chr2	 60050000	 61250000	24
chr2	 62750000	 61700000	21
chr2	 62800000	 61400000	28
chr2	 63950000	 66550000	52
chr2	 65250000	 64600000	13
chr2	 65800000	 64600000	24
chr2	 68700000	 69500000	16
chr2	 69150000	 67650000	30
chr2	 69650000	 71100000	29
chr2	 69700000	 70100000	8
chr2	 69900000	 70400000	10
chr2	 70900000	 69850000	21
chr2	 77050000	 77550000	10
chr2	 77450000	 79550000	42
chr2	 78200000	 79250000	21
chr2	 81300000	 82100000	16
chr2	 83100000	 83800000	14
chr2	 85500000	 84500000	20
chr2	 86850000	 88750000	38
chr2	 87800000	 88450000	13
chr2	 88150000	 86200000	39
chr2	 89300000	 89800000	10
chr2	 89700000	 87500000	44
chr2	 90000000	 91050000	21
chr2	 90900000	 89300000	32
chr2	 91100000	 89300000	36
chr2	 91150000	 91400000	5
chr2	 91950000	 90800000	23
chr2	 92300000	 93400000	22
chr2	 93950000	 92850000	22
chr2	 94000000	 92900000	22
chr2	 94600000	 97050000	49
chr2	 94800000	 94250000	11
chr2	 96150000	 93750000	48
chr2	 96200000	 96950000	15
chr2	 96950000	 98350000	28
chr2	 97400000	 96450000	19
chr2	 98050000	100100000	41
chr2	101550000	 99500000	41
chr2	103200000	101500000	34
chr2	104800000	104250000	11
chr2	105250000	103950000	26
chr2	106450000	105500000	19
chr2	106500000	107400000	18
chr2	106650000	107700000	21
chr2	108000000	106550000	29
chr2	110100000	110250000	3
chr2	111500000	114300000	56
chr2	111750000	111300000	9
chr2	112200000	110650000	31
chr2	112300000	110550000	35
chr2	113600000	114400000	16
chr2	115250000	115700000	9
chr2	116250000	116000000	5
chr2	117400000	115400000	40
chr2	118700000	119650000	19
chr2	120100000	119200000	18
chr2	123550000	125500000	39
chr2	124700000	124000000	14
chr2	124700000	125350000	13
chr2	126250000	124350000	38
chr2	126400000	131350000	99
chr2	126850000	125250000	32
chr2	128000000	129100000	22
chr2	129400000	128650000	15
chr2	129550000	127950000	32
chr2	129550000	129050000	10
chr2	131550000	130900000	13
chr2	136300000	136700000	8
chr2	138050000	139600000	31
chr2	140450000	140800000	7
chr2	142300000	143000000	14
chr2	143000000	140750000	45
chr2	144300000	145650000	27
chr2	144700000	143900000	16
chr2	152300000	155850000	71
chr2	152550000	151950000	12
chr2	153650000	155700000	41
chr2	154000000	151100000	58
chr2	154000000	153700000	6
chr2	154250000	153200000	21
chr2	154400000	153800000	12
chr2	154450000	155850000	28
chr2	154600000	153700000	18
chr2	154900000	156100000	24
chr2	155050000	156800000	35
chr2	156100000	157150000	21
chr2	157400000	158500000	22
chr2	160100000	161250000	23
chr2	160700000	160150000	11
chr2	161550000	164950000	68
chr2	167400000	168400000	20
chr2	171450000	171900000	9
chr2	173050000	173900000	17
chr2	173850000	174400000	11
chr2	174500000	173500000	20
chr2	175200000	176350000	23
chr2	176550000	179400000	57
chr2	178200000	176950000	25
chr2	179000000	179600000	12
chr2	179050000	180300000	25
chr2	180300000	181200000	18
chr2	180900000	178350000	51
chr2	182050000	180800000	25
chr3	  1000000	  1900000	18
chr3	  3900000	  3000000	18
chr3	  5000000	  3800000	24
chr3	  6100000	  6950000	17
chr3	  6350000	  8100000	35
chr3	  6850000	  7600000	15
chr3	  6900000	  6650000	5
chr3	  8700000	  7550000	23
chr3	 10350000	 11350000	20
chr3	 10750000	 11750000	20
chr3	 14750000	 19400000	93
chr3	 17850000	 18650000	16
chr3	 17900000	 17000000	18
chr3	 18100000	 17900000	4
chr3	 18500000	 19050000	11
chr3	 19200000	 20700000	30
chr3	 19350000	 18650000	14
chr3	 20500000	 21600000	22
chr3	 21800000	 20550000	25
chr3	 22250000	 21050000	24
chr3	 23400000	 24900000	30
chr3	 24000000	 23250000	15
chr3	 26750000	 27400000	13
chr3	 32000000	 30450000	31
chr3	 32350000	 29550000	56
chr3	 33100000	 33800000	14
chr3	 33650000	 31950000	34
chr3	 34800000	 34100000	14
chr3	 37600000	 36200000	28
chr3	 38000000	 39450000	29
chr3	 38450000	 41000000	51
chr3	 39000000	 39950000	19
chr3	 39200000	 37850000	27
chr3	 39200000	 42800000	72
chr3	 40000000	 40450000	9
chr3	 40350000	 39200000	23
chr3	 40850000	 39550000	26
chr3	 42000000	 40100000	38
chr3	 44550000	 46300000	35
chr3	 45250000	 44650000	12
chr3	 45550000	 48150000	52
chr3	 48250000	 46450000	36
chr3	 48700000	 47550000	23
chr3	 48950000	 48250000	14
chr3	 50850000	 49400000	29
chr3	 55400000	 56500000	22
chr3	 58900000	 57450000	29
chr3	 62900000	 63950000	21
chr3	 63350000	 62750000	12
chr3	 63600000	 63100000	10
chr3	 63650000	 62950000	14
chr3	 64200000	 65400000	24
chr3	 65350000	 64000000	27
chr3	 68900000	 67800000	22
chr3	 69200000	 70000000	16
chr3	 69300000	 68300000	20
chr3	 74450000	 73300000	23
chr3	 74550000	 75950000	28
chr3	 74850000	 74350000	10
chr3	 76600000	 78000000	28
chr3	 79000000	 77050000	39
chr3	 80950000	 81650000	14
chr3	 81600000	 82700000	22
chr3	 83350000	 84100000	15
chr3	 84700000	 82750000	39
chr3	 87350000	 88100000	15
chr3	 88450000	 89050000	12
chr3	 90600000	 91500000	18
chr3	 91600000	 90100000	30
chr3	 91600000	 92000000	8
chr3	 93750000	 94600000	17
chr3	 94150000	 94600000	9
chr3	 94950000	 94450000	10
chr3	 95150000	 94600000	11
chr3	 97000000	 97600000	12
chr3	 97350000	 98450000	22
chr3	 98300000	 98700000	8
chr3	 98350000	 98700000	7
chr3	103450000	102800000	13
chr3	105850000	104400000	29
chr3	107350000	105850000	30
chr3	107550000	109350000	36
chr3	107600000	108900000	26
chr3	107650000	109000000	27
chr3	108050000	109450000	28
chr3	116550000	115850000	14
chr3	116650000	114450000	44
chr3	116700000	117650000	19
chr3	120250000	119950000	6
chr3	123000000	120300000	54
chr3	123750000	124350000	12
chr3	126750000	126200000	11
chr3	126750000	128450000	34
chr3	128450000	127550000	18
chr3	129750000	130650000	18
chr3	130600000	129700000	18
chr3	132150000	129500000	53
chr3	135300000	136950000	33
chr3	138000000	140850000	57
chr3	138250000	137300000	19
chr3	138250000	139400000	23
chr3	138700000	136050000	53
chr3	139850000	138600000	25
chr3	139950000	138550000	28
chr3	140250000	141800000	31
chr3	141300000	142300000	20
chr3	141450000	142150000	14
chr3	144350000	145000000	13
chr3	147300000	148050000	15
chr3	147650000	146200000	29
chr3	150450000	151200000	15
chr3	151950000	153200000	25
chr3	153150000	154250000	22
chr3	156000000	154300000	34
chr3	156250000	155450000	16
chr3	156450000	154650000	36
chr3	156550000	155350000	24
chr3	159250000	159800000	11
chr3	159350000	159850000	10
chr4	  2300000	  1850000	9
chr4	  3450000	  2650000	16
chr4	  3500000	  2100000	28
chr4	  5050000	  5800000	15
chr4	  5700000	  6700000	20
chr4	  7250000	  8950000	34
chr4	  7550000	  6600000	19
chr4	  8150000	  9850000	34
chr4	  8500000	  6850000	33
chr4	  8600000	  6700000	38
chr4	  8750000	  9600000	17
chr4	  9250000	  6200000	61
chr4	 10900000	 12000000	22
chr4	 13000000	 15100000	42
chr4	 13450000	 15250000	36
chr4	 15150000	 15750000	12
chr4	 17750000	 17050000	14
chr4	 18750000	 19850000	22
chr4	 18900000	 18300000	12
chr4	 21100000	 20350000	15
chr4	 21200000	 20200000	20
chr4	 21300000	 22850000	31
chr4	 22050000	 22550000	10
chr4	 23950000	 23450000	10
chr4	 26750000	 27900000	23
chr4	 27450000	 28750000	26
chr4	 31550000	 33400000	37
chr4	 34650000	 35600000	19
chr4	 35200000	 34350000	17
chr4	 37000000	 36750000	5
chr4	 37950000	 39650000	34
chr4	 38700000	 38450000	5
chr4	 39450000	 38550000	18
chr4	 39700000	 39200000	10
chr4	 39900000	 39000000	18
chr4	 47850000	 47150000	14
chr4	 48500000	 50800000	46
chr4	 49200000	 48650000	11
chr4	 49600000	 48950000	13
chr4	 51200000	 50300000	18
chr4	 53050000	 53650000	12
chr4	 56950000	 57450000	10
chr4	 58350000	 57200000	23
chr4	 59950000	 58900000	21
chr4	 61850000	 61850000	0
chr4	 62450000	 63300000	17
chr4	 66300000	 64550000	35
chr4	 68350000	 69300000	19
chr4	 69000000	 68050000	19
chr4	 69600000	 70700000	22
chr4	 69850000	 70850000	20
chr4	 70550000	 72600000	41
chr4	 75450000	 75800000	7
chr4	 76200000	 77600000	28
chr4	 76350000	 75850000	10
chr4	 76400000	 77950000	31
chr4	 80750000	 82250000	30
chr4	 80900000	 82250000	27
chr4	 81100000	 82500000	28
chr4	 82000000	 83000000	20
chr4	 82950000	 84800000	37
chr4	 83000000	 81500000	30
chr4	 84400000	 83550000	17
chr4	 85950000	 87500000	31
chr4	 88050000	 90050000	40
chr4	 94500000	 93950000	11
chr4	 95700000	 94700000	20
chr4	 96150000	 95600000	11
chr4	 98200000	 97050000	23
chr4	 98300000	 99750000	29
chr4	 98350000	 96600000	35
chr4	 98800000	 99350000	11
chr4	 99050000	 98250000	16
chr4	100150000	 99550000	12
chr4	102100000	 99600000	50
chr4	102950000	103700000	15
chr4	103000000	103350000	7
chr4	103700000	104500000	16
chr4	104750000	105650000	18
chr4	106400000	107100000	14
chr4	106650000	107450000	16
chr4	108850000	108550000	6
chr4	109100000	111350000	45
chr4	109650000	108750000	18
chr4	111950000	110800000	23
chr4	113000000	111750000	25
chr4	113400000	112100000	26
chr4	113900000	117450000	71
chr4	115550000	114650000	18
chr4	116300000	115400000	18
chr4	116600000	114950000	33
chr4	116750000	117450000	14
chr4	117000000	119000000	40
chr4	117700000	116350000	27
chr4	118150000	118950000	16
chr4	119550000	120200000	13
chr4	120900000	121250000	7
chr4	121050000	121250000	4
chr4	122000000	121350000	13
chr4	124100000	124600000	10
chr4	125150000	125650000	10
chr4	125950000	124500000	29
chr4	127200000	128250000	21
chr4	128700000	129850000	23
chr4	129000000	127750000	25
chr4	130400000	131050000	13
chr4	131800000	131050000	15
chr4	132600000	132200000	8
chr4	133400000	134100000	14
chr4	136650000	135150000	30
chr4	137100000	135500000	32
chr4	137200000	136750000	9
chr4	137450000	138250000	16
chr4	138100000	139200000	22
chr4	138250000	138900000	13
chr4	140800000	139350000	29
chr4	141400000	142000000	12
chr4	142600000	143600000	20
chr4	142850000	144150000	26
chr4	145400000	144550000	17
chr4	146500000	145850000	13
chr4	146850000	146500000	7
chr4	147000000	146650000	7
chr4	147100000	146200000	18
chr4	149300000	152450000	63
chr4	149650000	151200000	31
chr4	150650000	152550000	38
chr5	  2250000	  1750000	10
chr5	  3850000	  4900000	21
chr5	  5350000	  4650000	14
chr5	  6250000	  5000000	25
chr5	  9500000	  8800000	14
chr5	  9700000	 10700000	20
chr5	 11900000	 13400000	30
chr5	 12250000	 13800000	31
chr5	 13700000	 15050000	27
chr5	 15100000	 15700000	12
chr5	 15250000	 14750000	10
chr5	 15800000	 17200000	28
chr5	 19500000	 14650000	97
chr5	 20950000	 22000000	21
chr5	 21150000	 22550000	28
chr5	 21400000	 22250000	17
chr5	 26300000	 27850000	31
chr5	 29750000	 30350000	12
chr5	 30000000	 30000000	0
chr5	 30200000	 26700000	70
chr5	 30850000	 30600000	5
chr5	 31400000	 32800000	28
chr5	 32650000	 33050000	8
chr5	 34300000	 32150000	43
chr5	 35100000	 33400000	34
chr5	 38550000	 39600000	21
chr5	 39350000	 39050000	6
chr5	 40700000	 39450000	25
chr5	 40700000	 39500000	24
chr5	 42050000	 42950000	18
chr5	 43250000	 44400000	23
chr5	 44850000	 44300000	11
chr5	 45300000	 46800000	30
chr5	 45650000	 44150000	30
chr5	 46050000	 47000000	19
chr5	 47450000	 48700000	25
chr5	 47700000	 49450000	35
chr5	 49550000	 50350000	16
chr5	 50550000	 48650000	38
chr5	 50750000	 52450000	34
chr5	 51500000	 52800000	26
chr5	 55600000	 51050000	91
chr5	 55850000	 56500000	13
chr5	 57550000	 58650000	22
chr5	 57700000	 59850000	43
chr5	 57800000	 57000000	16
chr5	 60350000	 59650000	14
chr5	 61050000	 58350000	54
chr5	 61500000	 60350000	23
chr5	 64000000	 63350000	13
chr5	 64650000	 65200000	11
chr5	 65300000	 66400000	22
chr5	 65850000	 66750000	18
chr5	 67800000	 66500000	26
chr5	 67800000	 68900000	22
chr5	 75150000	 74350000	16
chr5	 87200000	 88100000	18
chr5	 88550000	 92000000	69
chr5	 90350000	 92500000	43
chr5	 90600000	 91950000	27
chr5	 90850000	 89800000	21
chr5	 91200000	 91350000	3
chr5	 92550000	 92100000	9
chr5	 93200000	 89800000	68
chr5	 93950000	 93700000	5
chr5	 94050000	 94600000	11
chr5	 94300000	 93250000	21
chr5	 97000000	 98050000	21
chr5	 97800000	 97150000	13
chr5	 98250000	 96250000	40
chr5	 99100000	101000000	38
chr5	 99150000	100150000	20
chr5	100650000	 99700000	19
chr5	101600000	100600000	20
chr5	102350000	100000000	47
chr5	102500000	101100000	28
chr5	102950000	104050000	22
chr5	107050000	104800000	45
chr5	107100000	107900000	16
chr5	107150000	108750000	32
chr5	108450000	109450000	20
chr5	108550000	109800000	25
chr5	108650000	107600000	21
chr5	111000000	109700000	26
chr5	111000000	111950000	19
chr5	112350000	113400000	21
chr5	112800000	111500000	26
chr5	114500000	115500000	20
chr5	114750000	116000000	25
chr5	115200000	113750000	29
chr5	116700000	116200000	10
chr5	118900000	118350000	11
chr5	119900000	121950000	41
chr5	120950000	120000000	19
chr5	121450000	119450000	40
chr5	122400000	122100000	6
chr5	123400000	126650000	65
chr5	124250000	122700000	31
chr5	124400000	125250000	17
chr5	124850000	126850000	40
chr5	125050000	126350000	26
chr5	127800000	129500000	34
chr5	128600000	128050000	11
chr5	129700000	128650000	21
chr5	133000000	131500000	30
chr5	139050000	138450000	12
chr5	139150000	138450000	14
chr5	140100000	137050000	61
chr5	141600000	142050000	9
chr5	142050000	142500000	9
chr5	142900000	143450000	11
chr5	143750000	143000000	15
chr5	143900000	143900000	0
chr5	145550000	144950000	12
chr5	146350000	144150000	44
chr5	146700000	147050000	7
chr5	148000000	149000000	20
chr5	148700000	148700000	0
chr5	148850000	147500000	27
chr5	149200000	150000000	16
chr5	149450000	148750000	14
chr5	150300000	149500000	16
chr6	  2800000	  1500000	26
chr6	  3700000	  4500000	16
chr6	  5450000	  7200000	35
chr6	  6050000	  7700000	33
chr6	  6700000	  5300000	28
chr6	  6750000	  6150000	12
chr6	  7300000	  8650000	27
chr6	  8700000	  9250000	11
chr6	 10150000	  8700000	29
chr6	 10750000	 10050000	14
chr6	 12200000	 11150000	21
chr6	 13650000	 11500000	43
chr6	 16250000	 14950000	26
chr6	 16500000	 15300000	24
chr6	 17600000	 18250000	13
chr6	 18850000	 18300000	11
chr6	 19550000	 21800000	45
chr6	 20200000	 21000000	16
chr6	 20350000	 22200000	37
chr6	 21050000	 21900000	17
chr6	 24450000	 25900000	29
chr6	 25000000	 24250000	15
chr6	 26350000	 27200000	17
chr6	 26500000	 27300000	16
chr6	 28750000	 27850000	18
chr6	 29200000	 29850000	13
chr6	 29850000	 29000000	17
chr6	 30900000	 29650000	25
chr6	 31250000	 33300000	41
chr6	 31400000	 33250000	37
chr6	 32300000	 33000000	14
chr6	 32800000	 33800000	20
chr6	 41050000	 39750000	26
chr6	 42350000	 42950000	12
chr6	 45900000	 44400000	30
chr6	 48900000	 48000000	18
chr6	 50950000	 51900000	19
chr6	 54000000	 53100000	18
chr6	 54500000	 53250000	25
chr6	 57400000	 57000000	8
chr6	 60700000	 61400000	14
chr6	 62100000	 63400000	26
chr6	 62650000	 63150000	10
chr6	 65700000	 66150000	9
chr6	 65800000	 66750000	19
chr6	 66200000	 66850000	13
chr6	 66950000	 65900000	21
chr6	 68350000	 66600000	35
chr6	 68900000	 69750000	17
chr6	 72550000	 73800000	25
chr6	 76350000	 77550000	24
chr6	 77700000	 78900000	24
chr6	 78200000	 77700000	10
chr6	 78600000	 77750000	17
chr6	 79900000	 78900000	20
chr6	 83050000	 82250000	16
chr6	 83900000	 84850000	19
chr6	 84850000	 83600000	25
chr6	 85150000	 84850000	6
chr6	 87150000	 88000000	17
chr6	 87450000	 85300000	43
chr6	 88200000	 85800000	48
chr6	 89050000	 85250000	76
chr6	 89400000	 88750000	13
chr6	 89600000	 88750000	17
chr6	 92650000	 91750000	18
chr6	 93800000	 95150000	27
chr6	 94500000	 96450000	39
chr6	100900000	100050000	17
chr6	100950000	 99550000	28
chr6	102600000	102150000	9
chr6	103300000	102350000	19
chr6	105000000	104750000	5
chr6	106800000	105100000	34
chr6	108050000	107550000	10
chr6	109450000	109900000	9
chr6	112600000	112000000	12
chr6	115500000	116750000	25
chr6	116050000	116750000	14
chr6	116350000	119550000	64
chr6	117050000	116300000	15
chr6	118900000	119550000	13
chr6	121000000	120550000	9
chr6	121150000	120050000	22
chr6	121350000	123400000	41
chr6	122150000	122850000	14
chr6	122650000	123550000	18
chr6	125600000	124550000	21
chr6	129550000	130950000	28
chr6	129750000	128900000	17
chr6	130400000	129550000	17
chr6	132800000	131850000	19
chr6	132900000	132300000	12
chr6	134350000	134000000	7
chr6	136450000	137450000	20
chr6	138100000	136550000	31
chr6	138700000	136900000	36
chr6	138700000	139500000	16
chr6	139500000	141150000	33
chr6	141450000	143050000	32
chr6	144750000	143850000	18
chr6	145050000	145900000	17
chr6	146950000	144850000	42
chr6	147450000	148950000	30
chr6	148750000	148000000	15
chr7	  1050000	  2550000	30
chr7	  2750000	  3600000	17
chr7	  5500000	  6250000	15
chr7	  7450000	  8000000	11
chr7	 11550000	  9650000	38
chr7	 12550000	 13200000	13
chr7	 13450000	 15850000	48
chr7	 14850000	 13250000	32
chr7	 18200000	 17250000	19
chr7	 19850000	 20700000	17
chr7	 20600000	 18650000	39
chr7	 21550000	 20900000	13
chr7	 22400000	 23600000	24
chr7	 25700000	 26400000	14
chr7	 27000000	 26500000	10
chr7	 31900000	 32400000	10
chr7	 32800000	 31950000	17
chr7	 33750000	 35500000	35
chr7	 36750000	 38050000	26
chr7	 39750000	 40450000	14
chr7	 43300000	 44300000	20
chr7	 44600000	 42950000	33
chr7	 45300000	 44500000	16
chr7	 50300000	 52700000	48
chr7	 52700000	 53450000	15
chr7	 53400000	 54850000	29
chr7	 53650000	 52600000	21
chr7	 53850000	 52700000	23
chr7	 54150000	 54600000	9
chr7	 55050000	 56100000	21
chr7	 57000000	 54800000	44
chr7	 57700000	 59000000	26
chr7	 58200000	 55300000	58
chr7	 58350000	 59350000	20
chr7	 58400000	 59050000	13
chr7	 60650000	 61800000	23
chr7	 67200000	 68200000	20
chr7	 70900000	 69700000	24
chr7	 71200000	 70450000	15
chr7	 71850000	 70850000	20
chr7	 71900000	 71150000	15
chr7	 72100000	 71800000	6
chr7	 73250000	 72750000	10
chr7	 75350000	 76800000	29
chr7	 75400000	 76650000	25
chr7	 75800000	 76900000	22
chr7	 76550000	 78300000	35
chr7	 77200000	 79100000	38
chr7	 77800000	 78700000	18
chr7	 77900000	 76850000	21
chr7	 84800000	 86000000	24
chr7	 87100000	 87850000	15
chr7	 87300000	 88250000	19
chr7	 88550000	 89300000	15
chr7	 90400000	 91400000	20
chr7	 90700000	 92450000	35
chr7	 91850000	 90550000	26
chr7	 96600000	 94050000	51
chr7	 97700000	 96100000	32
chr7	 98100000	 97200000	18
chr7	 99700000	 97400000	46
chr7	100400000	101100000	14
chr7	108300000	106450000	37
chr7	110050000	111100000	21
chr7	113250000	113700000	9
chr7	113750000	116450000	54
chr7	115400000	114550000	17
chr7	119400000	120050000	13
chr7	121800000	122800000	20
chr7	122650000	122200000	9
chr7	123350000	124500000	23
chr7	123450000	125800000	47
chr7	124550000	125400000	17
chr7	124750000	123250000	30
chr7	128400000	126950000	29
chr7	129000000	129350000	7
chr7	129350000	130350000	20
chr7	129750000	131700000	39
chr7	130450000	128500000	39
chr7	130650000	129800000	17
chr7	131500000	132200000	14
chr7	131850000	132500000	13
chr7	131950000	130850000	22
chr7	132100000	132350000	5
chr7	132200000	132200000	0
chr7	133000000	135200000	44
chr7	134100000	136400000	46
chr7	135650000	136700000	21
chr7	136200000	133900000	46
chr7	137850000	139150000	26
chr7	139000000	138150000	17
chr7	139550000	138600000	19
chr7	141300000	142600000	26
chr7	142600000	144050000	29
chr8	   850000	  1250000	8
chr8	  3300000	  4500000	24
chr8	  3400000	  4100000	14
chr8	  5600000	  7950000	47
chr8	  5900000	  5400000	10
chr8	  6650000	 11150000	90
chr8	  7450000	  6550000	18
chr8	  7450000	  8500000	21
chr8	  7900000	 10250000	47
chr8	  8050000	  9450000	28
chr8	 11100000	 11700000	12
chr8	 14350000	 15050000	14
chr8	 15000000	 16350000	27
chr8	 16550000	 16200000	7
chr8	 16850000	 17800000	19
chr8	 19100000	 20800000	34
chr8	 19200000	 18600000	12
chr8	 20200000	 19650000	11
chr8	 21000000	 20150000	17
chr8	 21350000	 20900000	9
chr8	 23600000	 23050000	11
chr8	 24900000	 25800000	18
chr8	 25550000	 27650000	42
chr8	 25750000	 24450000	26
chr8	 26150000	 27550000	28
chr8	 27950000	 26950000	20
chr8	 28650000	 27450000	24
chr8	 30250000	 31300000	21
chr8	 31050000	 32100000	21
chr8	 33000000	 31200000	36
chr8	 33100000	 31550000	31
chr8	 33700000	 30050000	73
chr8	 35350000	 32900000	49
chr8	 36150000	 37050000	18
chr8	 38050000	 37300000	15
chr8	 44050000	 44650000	12
chr8	 44100000	 43500000	12
chr8	 44250000	 43400000	17
chr8	 44600000	 43050000	31
chr8	 44850000	 44850000	0
chr8	 45050000	 46700000	33
chr8	 45600000	 46450000	17
chr8	 49700000	 49250000	9
chr8	 49950000	 49400000	11
chr8	 50800000	 49900000	18
chr8	 50900000	 51300000	8
chr8	 51350000	 49100000	45
chr8	 52250000	 51700000	11
chr8	 53600000	 52800000	16
chr8	 54200000	 55950000	35
chr8	 55700000	 54350000	27
chr8	 56500000	 55850000	13
chr8	 57100000	 56550000	11
chr8	 57450000	 59150000	34
chr8	 58050000	 58900000	17
chr8	 58300000	 59250000	19
chr8	 58550000	 59100000	11
chr8	 58850000	 60000000	23
chr8	 63200000	 62100000	22
chr8	 63350000	 62700000	13
chr8	 63850000	 64450000	12
chr8	 65600000	 63750000	37
chr8	 67800000	 68750000	19
chr8	 68500000	 67800000	14
chr8	 70850000	 70000000	17
chr8	 71650000	 71050000	12
chr8	 72900000	 72000000	18
chr8	 74500000	 75250000	15
chr8	 75100000	 73150000	39
chr8	 78300000	 79950000	33
chr8	 78750000	 76100000	53
chr8	 79300000	 78400000	18
chr8	 81050000	 80250000	16
chr8	 82000000	 81050000	19
chr8	 82450000	 81600000	17
chr8	 84200000	 83100000	22
chr8	 85500000	 87200000	34
chr8	 85600000	 84750000	17
chr8	 85650000	 86200000	11
chr8	 86650000	 87650000	20
chr8	 88100000	 86950000	23
chr8	 88900000	 87850000	21
chr8	 88900000	 90050000	23
chr8	 88950000	 88200000	15
chr8	 89450000	 88300000	23
chr8	 90600000	 89150000	29
chr8	 90900000	 90050000	17
chr8	 91750000	 91050000	14
chr8	 91800000	 93050000	25
chr8	 93000000	 93600000	12
chr8	 94450000	 96300000	37
chr8	 94600000	 93800000	16
chr8	 94750000	 95600000	17
chr8	 95000000	 94400000	12
chr8	 95600000	 96950000	27
chr8	 98850000	 97000000	37
chr8	 98850000	100500000	33
chr8	 99550000	 98250000	26
chr8	 99850000	 98900000	19
chr8	100500000	 99150000	27
chr8	101100000	102050000	19
chr8	101650000	100450000	24
chr8	103550000	101250000	46
chr8	105850000	104150000	34
chr8	106350000	105450000	18
chr8	107400000	109200000	36
chr8	107550000	108350000	16
chr8	107600000	106700000	18
chr8	107700000	109400000	34
chr8	111800000	111350000	9
chr8	113250000	112900000	7
chr8	116100000	118100000	40
chr8	116950000	115850000	22
chr8	117300000	118950000	33
chr8	119250000	118250000	20
chr8	121350000	120850000	10
chr8	122150000	122350000	4
chr8	122500000	117900000	92
chr8	124900000	125550000	13
chr8	127550000	127200000	7
chr8	128750000	129400000	13
chr9	   250000	  1250000	20
chr9	  1250000	   400000	17
chr9	  1250000	  2250000	20
chr9	  6050000	  6900000	17
chr9	  7000000	  4750000	45
chr9	  8650000	  8200000	9
chr9	  8800000	  9100000	6
chr9	 10600000	 11650000	21
chr9	 13200000	 12500000	14
chr9	 13450000	 12350000	22
chr9	 16300000	 14700000	32
chr9	 17500000	 15700000	36
chr9	 18900000	 17650000	25
chr9	 19350000	 16600000	55
chr9	 24750000	 25800000	21
chr9	 25800000	 25300000	10
chr9	 27200000	 28400000	24
chr9	 27250000	 27650000	8
chr9	 28550000	 30200000	33
chr9	 30050000	 31350000	26
chr9	 31100000	 30300000	16
chr9	 36400000	 35400000	20
chr9	 38150000	 37450000	14
chr9	 38550000	 40200000	33
chr9	 44900000	 42900000	40
chr9	 47000000	 47400000	8
chr9	 47250000	 46950000	6
chr9	 48200000	 47350000	17
chr9	 50300000	 50300000	0
chr9	 50600000	 49200000	28
chr9	 50650000	 49150000	30
chr9	 53050000	 51950000	22
chr9	 54850000	 54500000	7
chr9	 56950000	 57900000	19
chr9	 57400000	 56900000	10
chr9	 59200000	 58400000	16
chr9	 59850000	 58650000	24
chr9	 59850000	 61550000	34
chr9	 60900000	 62050000	23
chr9	 61100000	 60450000	13
chr9	 62700000	 63050000	7
chr9	 62850000	 64000000	23
chr9	 63800000	 63250000	11
chr9	 64700000	 63450000	25
chr9	 64950000	 65950000	20
chr9	 65950000	 64150000	36
chr9	 66500000	 66000000	10
chr9	 67100000	 68700000	32
chr9	 68500000	 67850000	13
chr9	 69100000	 69750000	13
chr9	 69450000	 68100000	27
chr9	 69850000	 70500000	13
chr9	 71500000	 73100000	32
chr9	 73150000	 72150000	20
chr9	 73450000	 74350000	18
chr9	 74100000	 72150000	39
chr9	 74350000	 75050000	14
chr9	 74650000	 75450000	16
chr9	 76150000	 77600000	29
chr9	 76550000	 78150000	32
chr9	 81400000	 82400000	20
chr9	 82150000	 82650000	10
chr9	 83000000	 84350000	27
chr9	 87800000	 87350000	9
chr9	 90550000	 89650000	18
chr9	 91250000	 92950000	34
chr9	 91300000	 89550000	35
chr9	 92550000	 91700000	17
chr9	 93350000	 93350000	0
chr9	 93700000	 93200000	10
chr9	 94100000	 95400000	26
chr9	 96300000	 95900000	8
chr9	 98700000	100050000	27
chr9	 99500000	 97950000	31
chr9	100100000	100900000	16
chr9	101200000	 99700000	30
chr9	102100000	101700000	8
chr9	103750000	102400000	27
chr9	104250000	103250000	20
chr9	106400000	105350000	21
chr9	106850000	109000000	43
chr9	107150000	105750000	28
chr9	107900000	105200000	54
chr9	108850000	109550000	14
chr9	110500000	109300000	24
chr9	110700000	111450000	15
chr9	116600000	115250000	27
chr9	116650000	116950000	6
chr9	117100000	116050000	21
chr9	120700000	119850000	17
chr9	123250000	122850000	8
chr9	123500000	122400000	22
chrX	  2200000	  2550000	7
chrX	  2600000	  2250000	7
chrX	  3900000	  5100000	24
chrX	  5800000	  8300000	50
chrX	  6050000	  4650000	28
chrX	 12450000	 12600000	3
chrX	 12600000	 11400000	24
chrX	 12750000	 12200000	11
chrX	 13550000	 14450000	18
chrX	 14650000	 13700000	19
chrX	 16800000	 17850000	21
chrX	 17200000	 17800000	12
chrX	 17400000	 16100000	26
chrX	 18350000	 19300000	19
chrX	 24300000	 24150000	3
chrX	 24850000	 25950000	22
chrX	 26500000	 27850000	27
chrX	 26850000	 27950000	22
chrX	 27150000	 29900000	55
chrX	 27950000	 28900000	19
chrX	 28150000	 28550000	8
chrX	 28200000	 26600000	32
chrX	 28400000	 29450000	21
chrX	 29050000	 30050000	20
chrX	 29250000	 29750000	10
chrX	 30100000	 31750000	33
chrX	 30750000	 31350000	12
chrX	 32550000	 34450000	38
chrX	 32800000	 31700000	22
chrX	 32900000	 31700000	24
chrX	 32950000	 31750000	24
chrX	 33050000	 33400000	7
chrX	 33100000	 34400000	26
chrX	 34450000	 35700000	25
chrX	 34850000	 37300000	49
chrX	 35000000	 32900000	42
chrX	 35750000	 37500000	35
chrX	 36850000	 34750000	42
chrX	 38550000	 38250000	6
chrX	 39650000	 38050000	32
chrX	 40500000	 40950000	9
chrX	 45350000	 46950000	32
chrX	 45550000	 43700000	37
chrX	 47400000	 48000000	12
chrX	 48100000	 45150000	59
chrX	 49800000	 50550000	15
chrX	 52650000	 49700000	59
chrX	 52950000	 53950000	20
chrX	 53350000	 53900000	11
chrX	 55300000	 54750000	11
chrX	 56000000	 55300000	14
chrX	 57200000	 56400000	16
chrX	 58050000	 58600000	11
chrX	 58500000	 59200000	14
chrX	 60050000	 61750000	34
chrX	 61500000	 62050000	11
chrX	 63200000	 63850000	13
chrX	 65000000	 67850000	57
chrX	 65250000	 66300000	21
chrX	 67350000	 70600000	65
chrX	 67950000	 66850000	22
chrX	 68700000	 71250000	51
chrX	 69000000	 68450000	11
chrX	 70300000	 71050000	15
chrX	 71650000	 70200000	29
chrX	 71750000	 70050000	34
chrX	 72350000	 71800000	11
chrX	 75850000	 74500000	27
chrX	 76900000	 76100000	16
chrX	 78150000	 78650000	10
chrX	 80650000	 82700000	41
chrX	 82650000	 83400000	15
chrX	 82950000	 81750000	24
chrX	 84200000	 82200000	40
chrX	 88700000	 88300000	8
chrX	 89300000	 88650000	13
chrX	 92150000	 91200000	19
chrX	 94100000	 95600000	30
chrX	 97200000	 97100000	2
chrX	 98400000	 97850000	11
chrX	 98600000	101900000	66
chrX	 99100000	 98500000	12
chrX	101200000	101100000	2
chrX	101250000	100500000	15
chrX	101350000	100150000	24
chrX	101800000	 99500000	46
chrX	102400000	103450000	21
chrX	104600000	106750000	43
chrX	104750000	103600000	23
chrX	105050000	105550000	10
chrX	105150000	103650000	30
chrX	106550000	107300000	15
chrX	108400000	106250000	43
chrX	113100000	112400000	14
chrX	113950000	115250000	26
chrX	114100000	114850000	15
chrX	118750000	117950000	16
chrX	119050000	120800000	35
chrX	120800000	120100000	14
chrX	121600000	120900000	14
chrX	122050000	121350000	14
chrX	122250000	123300000	21
chrX	123100000	121750000	27
chrX	124600000	123800000	16
chrX	126800000	126300000	10
chrX	127250000	126050000	24
chrX	127250000	127550000	6
chrX	128750000	134750000	120
chrX	129000000	128100000	18
chrX	129450000	129900000	9
chrX	130300000	129000000	26
chrX	130750000	128100000	53
chrX	131350000	128650000	54
chrX	132000000	133300000	26
chrX	138300000	139050000	15
chrX	143100000	144400000	26
chrX	143950000	142900000	21
chrX	144350000	142450000	38
chrX	145300000	146100000	16
chrX	145500000	144200000	26
chrX	149800000	148750000	21
chrX	150900000	150100000	16
chrX	152200000	152650000	9
chrX	152300000	151250000	21
chrX	152500000	151600000	18
chrX	154450000	153400000	21
chrX	155950000	154750000	24
chrX	156600000	157650000	21
chrX	159200000	158100000	22
chrX	162600000	160950000	33
chrX	165600000	166550000	19
chrX	166500000	165350000	23
chrX	167350000	168200000	17
chrX	170000000	168750000	25
chrY	   650000	   900000	5
chrY	  1350000	  2050000	14
chrY	  2400000	  4100000	34
chrY	  2650000	  3450000	16
chrY	  2700000	  3450000	15
chrY	  3000000	  3500000	10
chrY	  3800000	  4450000	13
chrY	  3800000	  5450000	33
chrY	  3900000	   950000	59
chrY	  5200000	  4050000	23
chrY	  7600000	  9350000	35
chrY	  9100000	  7900000	24
chrY	  9100000	  8600000	10
chrY	 12750000	 13300000	11
chrY	 14300000	 13550000	15
chrY	 14450000	 14100000	7
chrY	 15050000	 14700000	7
chrY	 15550000	 15050000	10
chrY	 15950000	 16250000	6
chrY	 17350000	 13600000	75
chrY	 17600000	 16300000	26
chrY	 17750000	 16800000	19
chrY	 19950000	 20550000	12
chrY	 21350000	 20600000	15
chrY	 22750000	 26000000	65
chrY	 23200000	 24200000	20
chrY	 24400000	 23650000	15
chrY	 24450000	 25250000	16
chrY	 24550000	 23850000	14
chrY	 25450000	 24100000	27
chrY	 25700000	 26650000	19
chrY	 26450000	 27600000	23
chrY	 26850000	 27450000	12
chrY	 27950000	 28650000	14
chrY	 32550000	 33300000	15
chrY	 32650000	 33400000	15
chrY	 32950000	 32100000	17
chrY	 34050000	 31050000	60
chrY	 36000000	 37550000	31
chrY	 37300000	 35800000	30
chrY	 37450000	 36900000	11
chrY	 38450000	 37300000	23
chrY	 38900000	 39350000	9
chrY	 39000000	 37650000	27
chrY	 42350000	 41800000	11
chrY	 44600000	 45350000	15
chrY	 47000000	 46450000	11
chrY	 47700000	 49550000	37
chrY	 49850000	 46850000	60
chrY	 52450000	 53500000	21
chrY	 53450000	 55550000	42
chrY	 54400000	 55150000	15
chrY	 56750000	 58450000	34
chrY	 57900000	 56900000	20
chrY	 59350000	 57400000	39
chrY	 61400000	 59850000	31
chrY	 61700000	 60150000	31
chrY	 62300000	 61300000	20
chrY	 63350000	 65200000	37
chrY	 65000000	 65650000	13
chrY	 66800000	 65150000	33
chrY	 68950000	 67750000	24
chrY	 70500000	 69950000	11
chrY	 71650000	 72200000	11
chrY	 71850000	 73900000	41
chrY	 73400000	 74450000	21
chrY	 73550000	 74400000	17
chrY	 74850000	 76200000	27
chrY	 77550000	 78450000	18
chrY	 77750000	 78200000	9
chrY	 79750000	 80150000	8
chrY	 80000000	 79450000	11
chrY	 82600000	 81300000	26
chrY	 83950000	 83550000	8
chrY	 84700000	 84050000	13
chrY	 85050000	 84450000	12
chrY	 85100000	 86800000	34
chrY	 85200000	 83350000	37
chrY	 87550000	 87300000	5
chrY	 87600000	 87900000	6
chrY	 88500000	 89250000	15
chrY	 89550000	 88300000	25
chrY	 91300000	 89900000	28
