chr1	  2600000	  4250000	33
chr1	  3500000	  5400000	38
chr1	  5750000	  8250000	50
chr1	  6800000	  4750000	41
chr1	  7950000	  6550000	28
chr1	  8200000	  7550000	13
chr1	  8250000	 11400000	63
chr1	  9700000	 10250000	11
chr1	 12350000	 11700000	13
chr1	 12950000	 12550000	8
chr1	 13050000	 12400000	13
chr1	 13350000	 15000000	33
chr1	 16600000	 15500000	22
chr1	 18100000	 18700000	12
chr1	 18300000	 17950000	7
chr1	 19200000	 14250000	99
chr1	 20600000	 21400000	16
chr1	 26300000	 26000000	6
chr1	 28300000	 27600000	14
chr1	 28750000	 30700000	39
chr1	 33300000	 32150000	23
chr1	 33450000	 31800000	33
chr1	 35400000	 34400000	20
chr1	 37500000	 36450000	21
chr1	 39600000	 38050000	31
chr1	 41750000	 42700000	19
chr1	 41750000	 42750000	20
chr1	 42300000	 40250000	41
chr1	 45450000	 46700000	25
chr1	 45750000	 44350000	28
chr1	 46750000	 45300000	29
chr1	 47000000	 47950000	19
chr1	 47850000	 46950000	18
chr1	 47850000	 47400000	9
chr1	 47950000	 48850000	18
chr1	 49700000	 50800000	22
chr1	 51800000	 53000000	24
chr1	 52700000	 54100000	28
chr1	 56450000	 58150000	34
chr1	 57250000	 56400000	17
chr1	 58400000	 59050000	13
chr1	 58800000	 57650000	23
chr1	 60550000	 60950000	8
chr1	 63800000	 64550000	15
chr1	 65100000	 62350000	55
chr1	 68750000	 69350000	12
chr1	 69100000	 69700000	12
chr1	 70450000	 69650000	16
chr1	 72600000	 73400000	16
chr1	 73250000	 74850000	32
chr1	 74400000	 74950000	11
chr1	 76900000	 75750000	23
chr1	 78000000	 76450000	31
chr1	 78100000	 76950000	23
chr1	 78500000	 78250000	5
chr1	 81200000	 79650000	31
chr1	 81700000	 80550000	23
chr1	 81850000	 82500000	13
chr1	 82500000	 81300000	24
chr1	 83850000	 82300000	31
chr1	 84300000	 84450000	3
chr1	 84750000	 85600000	17
chr1	 85300000	 87050000	35
chr1	 85350000	 85700000	7
chr1	 85550000	 84000000	31
chr1	 86900000	 87550000	13
chr1	 87400000	 84900000	50
chr1	 88650000	 90150000	30
chr1	 90800000	 91500000	14
chr1	 93050000	 92650000	8
chr1	 94550000	 93350000	24
chr1	 94850000	 94100000	15
chr1	 95650000	 96450000	16
chr1	 95750000	 96250000	10
chr1	 98000000	 96500000	30
chr1	 99550000	 98450000	22
chr1	 99750000	100700000	19
chr1	101200000	100300000	18
chr1	102800000	101850000	19
chr1	106150000	106950000	16
chr1	107500000	103650000	77
chr1	109200000	111100000	38
chr1	109900000	108650000	25
chr1	109950000	108800000	23
chr1	110800000	108350000	49
chr1	111950000	110550000	28
chr1	113950000	114600000	13
chr1	114200000	112950000	25
chr1	115200000	117000000	36
chr1	116200000	116700000	10
chr1	121200000	120100000	22
chr1	122550000	121500000	21
chr1	123850000	124450000	12
chr1	128100000	126300000	36
chr1	128200000	127800000	8
chr1	128400000	127350000	21
chr1	129050000	128800000	5
chr1	132150000	133450000	26
chr1	132250000	132500000	5
chr1	133100000	134400000	26
chr1	134500000	135400000	18
chr1	135250000	136750000	30
chr1	137350000	135600000	35
chr1	138750000	141300000	51
chr1	140400000	139700000	14
chr1	142100000	141450000	13
chr1	144450000	143500000	19
chr1	144850000	143550000	26
chr1	145000000	144250000	15
chr1	146900000	147250000	7
chr1	149250000	150800000	31
chr1	149400000	150950000	31
chr1	154300000	153800000	10
chr1	154800000	155850000	21
chr1	155200000	153000000	44
chr1	156400000	155500000	18
chr1	158200000	159050000	17
chr1	158700000	160000000	26
chr1	159100000	159800000	14
chr1	159700000	159050000	13
chr1	160400000	159100000	26
chr1	160550000	161450000	18
chr1	162000000	164350000	47
chr1	163550000	163100000	9
chr1	164100000	164300000	4
chr1	164650000	164100000	11
chr1	166350000	167200000	17
chr1	168000000	166500000	30
chr1	168350000	166650000	34
chr1	172500000	173800000	26
chr1	173150000	171850000	26
chr1	175300000	173050000	45
chr1	176750000	176250000	10
chr1	176900000	173550000	67
chr1	178050000	176550000	30
chr1	181400000	182350000	19
chr1	182150000	181150000	20
chr1	182500000	179750000	55
chr1	186800000	186150000	13
chr1	186850000	188550000	34
chr1	187000000	185300000	34
chr1	189600000	189100000	10
chr1	189950000	190800000	17
chr1	190200000	188650000	31
chr1	191150000	191600000	9
chr1	193050000	192100000	19
chr10	  3350000	  2350000	20
chr10	  4000000	  4850000	17
chr10	  4550000	  3750000	16
chr10	  5900000	  4600000	26
chr10	  6100000	  5150000	19
chr10	  6700000	  7050000	7
chr10	  7400000	  6350000	21
chr10	  9600000	 10600000	20
chr10	 10200000	 11450000	25
chr10	 11100000	 10650000	9
chr10	 14650000	 13150000	30
chr10	 15150000	 14650000	10
chr10	 15300000	 16100000	16
chr10	 15350000	 16800000	29
chr10	 16350000	 15650000	14
chr10	 17750000	 19100000	27
chr10	 19200000	 20650000	29
chr10	 19400000	 20600000	24
chr10	 20350000	 19100000	25
chr10	 23000000	 23500000	10
chr10	 23500000	 24350000	17
chr10	 24100000	 24750000	13
chr10	 24300000	 25300000	20
chr10	 25750000	 26200000	9
chr10	 26850000	 26000000	17
chr10	 26900000	 28100000	24
chr10	 26950000	 26050000	18
chr10	 27500000	 27200000	6
chr10	 27550000	 26200000	27
chr10	 28200000	 26650000	31
chr10	 29350000	 28300000	21
chr10	 30400000	 29900000	10
chr10	 30850000	 34500000	73
chr10	 31150000	 30900000	5
chr10	 32000000	 32850000	17
chr10	 32350000	 30100000	45
chr10	 32500000	 31450000	21
chr10	 33000000	 33750000	15
chr10	 33200000	 32000000	24
chr10	 33300000	 34200000	18
chr10	 36300000	 37100000	16
chr10	 36750000	 35900000	17
chr10	 39100000	 37300000	36
chr10	 40350000	 43050000	54
chr10	 41300000	 39150000	43
chr10	 41950000	 44050000	42
chr10	 42400000	 43750000	27
chr10	 44300000	 43150000	23
chr10	 46100000	 46850000	15
chr10	 46250000	 48800000	51
chr10	 46900000	 47650000	15
chr10	 48250000	 47450000	16
chr10	 49400000	 48600000	16
chr10	 50650000	 51700000	21
chr10	 51500000	 52050000	11
chr10	 53100000	 55000000	38
chr10	 53350000	 53050000	6
chr10	 54900000	 55900000	20
chr10	 55000000	 52750000	45
chr10	 59100000	 57600000	30
chr10	 59700000	 61200000	30
chr10	 60100000	 58600000	30
chr10	 62400000	 64950000	51
chr10	 63700000	 62600000	22
chr10	 63950000	 62850000	22
chr10	 63950000	 65250000	26
chr10	 65000000	 64400000	12
chr10	 65150000	 63700000	29
chr10	 65800000	 64850000	19
chr10	 69250000	 68700000	11
chr10	 69500000	 70000000	10
chr10	 70550000	 71800000	25
chr10	 71250000	 70550000	14
chr10	 72150000	 73550000	28
chr10	 72850000	 73100000	5
chr10	 75150000	 74550000	12
chr10	 76550000	 75550000	20
chr10	 78400000	 79500000	22
chr10	 78700000	 76500000	44
chr10	 79100000	 79800000	14
chr10	 79800000	 78700000	22
chr10	 81400000	 78800000	52
chr10	 82550000	 80550000	40
chr10	 83750000	 81200000	51
chr10	 86700000	 85900000	16
chr10	 93800000	 95650000	37
chr10	 93850000	 93450000	8
chr10	 98700000	100550000	37
chr10	 99150000	 98200000	19
chr10	101900000	102900000	20
chr10	103700000	102850000	17
chr10	104450000	103150000	26
chr10	106800000	107350000	11
chr10	108100000	107000000	22
chr10	109200000	108100000	22
chr10	109450000	108550000	18
chr10	109550000	110950000	28
chr10	110150000	109100000	21
chr10	110700000	112450000	35
chr10	111400000	110450000	19
chr10	113350000	112850000	10
chr10	114700000	114000000	14
chr10	115300000	116600000	26
chr10	115400000	115100000	6
chr10	117300000	116600000	14
chr10	120900000	123350000	49
chr10	123250000	123000000	5
chr10	125400000	122350000	61
chr10	126500000	124800000	34
chr11	  1700000	  2050000	7
chr11	  3400000	  5850000	49
chr11	  4500000	  3700000	16
chr11	  4800000	  3650000	23
chr11	  6300000	  5300000	20
chr11	  7400000	  6200000	24
chr11	  7700000	  9100000	28
chr11	  9300000	  8600000	14
chr11	  9700000	  8650000	21
chr11	  9700000	 10700000	20
chr11	 10350000	 12100000	35
chr11	 10850000	 11900000	21
chr11	 13450000	 11800000	33
chr11	 17450000	 15950000	30
chr11	 18700000	 18150000	11
chr11	 19150000	 20150000	20
chr11	 19300000	 18800000	10
chr11	 21700000	 22200000	10
chr11	 22150000	 21350000	16
chr11	 22700000	 21450000	25
chr11	 24100000	 24550000	9
chr11	 24150000	 23300000	17
chr11	 25750000	 24700000	21
chr11	 25800000	 23500000	46
chr11	 27100000	 26700000	8
chr11	 27700000	 28950000	25
chr11	 28500000	 26950000	31
chr11	 35000000	 36400000	28
chr11	 35750000	 34950000	16
chr11	 36100000	 36650000	11
chr11	 38000000	 38950000	19
chr11	 39150000	 39500000	7
chr11	 39550000	 37950000	32
chr11	 39950000	 38900000	21
chr11	 43500000	 41750000	35
chr11	 44100000	 45050000	19
chr11	 48350000	 49600000	25
chr11	 49150000	 48350000	16
chr11	 49400000	 48850000	11
chr11	 49450000	 50400000	19
chr11	 50800000	 50050000	15
chr11	 53100000	 51600000	30
chr11	 53450000	 51650000	36
chr11	 56650000	 54750000	38
chr11	 58750000	 59100000	7
chr11	 60050000	 60900000	17
chr11	 60750000	 59400000	27
chr11	 61600000	 61300000	6
chr11	 61750000	 63050000	26
chr11	 64400000	 64600000	4
chr11	 64600000	 65750000	23
chr11	 64600000	 67750000	63
chr11	 66150000	 65400000	15
chr11	 68650000	 70100000	29
chr11	 69100000	 70600000	30
chr11	 70650000	 71750000	22
chr11	 72450000	 72900000	9
chr11	 72450000	 73300000	17
chr11	 75800000	 76600000	16
chr11	 77100000	 76850000	5
chr11	 78300000	 77500000	16
chr11	 78650000	 79700000	21
chr11	 79750000	 78450000	26
chr11	 79850000	 80350000	10
chr11	 80600000	 79900000	14
chr11	 82350000	 84300000	39
chr11	 82800000	 82050000	15
chr11	 84950000	 85850000	18
chr11	 85700000	 84250000	29
chr11	 86750000	 86150000	12
chr11	 89350000	 90500000	23
chr11	 90750000	 92100000	27
chr11	 92150000	 93350000	24
chr11	 93200000	 94000000	16
chr11	 93500000	 92900000	12
chr11	 93700000	 95550000	37
chr11	 95350000	 96050000	14
chr11	 95850000	 97100000	25
chr11	 96500000	 97000000	10
chr11	 96600000	 97800000	24
chr11	 97950000	 97600000	7
chr11	100200000	101150000	19
chr11	100600000	 99300000	26
chr11	102250000	101850000	8
chr11	107350000	109150000	36
chr11	109850000	110750000	18
chr11	110700000	109350000	27
chr11	114500000	114750000	5
chr11	117000000	115450000	31
chr11	119200000	119800000	12
chr11	122050000	121500000	11
chr12	   550000	  1000000	9
chr12	  1750000	   900000	17
chr12	  7300000	  6300000	20
chr12	  7300000	  7300000	0
chr12	  9050000	  8600000	9
chr12	 10100000	  9000000	22
chr12	 11500000	 11000000	10
chr12	 11650000	 12800000	23
chr12	 12050000	 11200000	17
chr12	 12900000	 11800000	22
chr12	 14600000	 17850000	65
chr12	 15050000	 12100000	59
chr12	 18450000	 17250000	24
chr12	 19600000	 18650000	19
chr12	 21550000	 20700000	17
chr12	 23200000	 22100000	22
chr12	 23500000	 21500000	40
chr12	 24200000	 23450000	15
chr12	 25550000	 26350000	16
chr12	 26550000	 25350000	24
chr12	 27200000	 26400000	16
chr12	 27450000	 25900000	31
chr12	 29600000	 27900000	34
chr12	 30650000	 29850000	16
chr12	 30650000	 31350000	14
chr12	 31050000	 30500000	11
chr12	 31950000	 33900000	39
chr12	 32150000	 29550000	52
chr12	 32300000	 33600000	26
chr12	 37150000	 36800000	7
chr12	 37350000	 36250000	22
chr12	 40000000	 41200000	24
chr12	 41650000	 42850000	24
chr12	 42300000	 40700000	32
chr12	 42600000	 43850000	25
chr12	 45300000	 45850000	11
chr12	 52300000	 51450000	17
chr12	 52600000	 53450000	17
chr12	 52800000	 54050000	25
chr12	 53550000	 52350000	24
chr12	 53900000	 53200000	14
chr12	 54950000	 53800000	23
chr12	 55050000	 53150000	38
chr12	 55100000	 53400000	34
chr12	 55550000	 54850000	14
chr12	 55600000	 57300000	34
chr12	 56750000	 57800000	21
chr12	 57300000	 57900000	12
chr12	 58250000	 57350000	18
chr12	 58950000	 59900000	19
chr12	 60450000	 59700000	15
chr12	 63150000	 64550000	28
chr12	 64700000	 65950000	25
chr12	 67250000	 66850000	8
chr12	 67500000	 65100000	48
chr12	 67550000	 68550000	20
chr12	 71350000	 70400000	19
chr12	 73300000	 73850000	11
chr12	 76400000	 74750000	33
chr12	 76600000	 77150000	11
chr12	 76600000	 78950000	47
chr12	 77000000	 77550000	11
chr12	 77450000	 78750000	26
chr12	 77650000	 76200000	29
chr12	 80400000	 78050000	47
chr12	 82000000	 80950000	21
chr12	 82600000	 84050000	29
chr12	 83200000	 84950000	35
chr12	 83800000	 83250000	11
chr12	 83850000	 83300000	11
chr12	 83900000	 84650000	15
chr12	 85150000	 87200000	41
chr12	 85650000	 84700000	19
chr12	 87150000	 86750000	8
chr12	 87350000	 86400000	19
chr12	 87350000	 86650000	14
chr12	 87700000	 88050000	7
chr12	 89150000	 91750000	52
chr12	 89550000	 90250000	14
chr12	 90150000	 89700000	9
chr12	 90500000	 91100000	12
chr12	 92800000	 90000000	56
chr12	 94600000	 95400000	16
chr12	 95450000	 95150000	6
chr12	 96100000	 96600000	10
chr12	 99300000	 99900000	12
chr12	103550000	103050000	10
chr12	106250000	106850000	12
chr12	106400000	107500000	22
chr12	106450000	105900000	11
chr12	107850000	109050000	24
chr12	109950000	109250000	14
chr12	110800000	109850000	19
chr12	113300000	111900000	28
chr12	114100000	113200000	18
chr12	114800000	116200000	28
chr13	  2550000	  1150000	28
chr13	  3350000	  4850000	30
chr13	  3900000	  6200000	46
chr13	  5100000	  4800000	6
chr13	  6350000	  7600000	25
chr13	  8050000	  7050000	20
chr13	  8200000	  9300000	22
chr13	  9650000	  8800000	17
chr13	  9750000	 10900000	23
chr13	 10650000	 12100000	29
chr13	 11350000	 10650000	14
chr13	 11900000	 12750000	17
chr13	 13950000	 15750000	36
chr13	 14350000	 17750000	68
chr13	 18000000	 18750000	15
chr13	 18050000	 17000000	21
chr13	 20750000	 19250000	30
chr13	 21000000	 22850000	37
chr13	 22750000	 24600000	37
chr13	 22800000	 22300000	10
chr13	 23600000	 22800000	16
chr13	 25000000	 25400000	8
chr13	 30950000	 32400000	29
chr13	 31450000	 31100000	7
chr13	 33050000	 31050000	40
chr13	 33100000	 34500000	28
chr13	 33500000	 35200000	34
chr13	 35950000	 35600000	7
chr13	 37500000	 35250000	45
chr13	 41050000	 43350000	46
chr13	 42250000	 42250000	0
chr13	 43450000	 44950000	30
chr13	 45850000	 47150000	26
chr13	 46750000	 47600000	17
chr13	 49750000	 48000000	35
chr13	 49900000	 48450000	29
chr13	 50850000	 51400000	11
chr13	 56000000	 56850000	17
chr13	 56150000	 58150000	40
chr13	 57050000	 56400000	13
chr13	 57400000	 58250000	17
chr13	 59700000	 57850000	37
chr13	 61200000	 61950000	15
chr13	 64200000	 65750000	31
chr13	 64900000	 65200000	6
chr13	 66300000	 65750000	11
chr13	 66550000	 65650000	18
chr13	 66550000	 66850000	6
chr13	 68650000	 68100000	11
chr13	 68900000	 67600000	26
chr13	 69150000	 66550000	52
chr13	 69150000	 67450000	34
chr13	 70000000	 70450000	9
chr13	 70700000	 73500000	56
chr13	 71800000	 71100000	14
chr13	 72550000	 71600000	19
chr13	 72950000	 72000000	19
chr13	 75700000	 74600000	22
chr13	 75950000	 77650000	34
chr13	 76050000	 74850000	24
chr13	 76750000	 75850000	18
chr13	 76750000	 79150000	48
chr13	 76900000	 80000000	62
chr13	 77250000	 77950000	14
chr13	 78100000	 76900000	24
chr13	 81050000	 80200000	17
chr13	 81100000	 79350000	35
chr13	 82750000	 81900000	17
chr13	 84200000	 85050000	17
chr13	 85650000	 83900000	35
chr13	 88400000	 88250000	3
chr13	 89800000	 90400000	12
chr13	 89850000	 87700000	43
chr13	 89950000	 91000000	21
chr13	 90400000	 91150000	15
chr13	 90450000	 90200000	5
chr13	 90850000	 92250000	28
chr13	 92100000	 94550000	49
chr13	 93400000	 94950000	31
chr13	 94250000	 95850000	32
chr13	 95950000	 94400000	31
chr13	 97600000	 98300000	14
chr13	 98350000	 99300000	19
chr13	 99400000	101100000	34
chr13	101950000	101350000	12
chr13	102100000	102650000	11
chr13	102400000	103900000	30
chr13	108950000	107450000	30
chr13	113050000	114250000	24
chr13	115150000	115700000	11
chr13	117300000	115550000	35
chr13	118150000	117100000	21
chr13	120100000	118800000	26
chr14	   800000	  2350000	31
chr14	  1600000	  2950000	27
chr14	  2650000	  1350000	26
chr14	  4850000	  3950000	18
chr14	  6250000	  6850000	12
chr14	  6350000	  9950000	72
chr14	  7650000	  8550000	18
chr14	  8300000	  7100000	24
chr14	  8550000	  9300000	15
chr14	  9100000	 10250000	23
chr14	 10400000	 11900000	30
chr14	 11000000	 12600000	32
chr14	 11850000	 10750000	22
chr14	 12500000	 13450000	19
chr14	 12850000	 12150000	14
chr14	 14350000	 13700000	13
chr14	 15250000	 15250000	0
chr14	 15250000	 15950000	14
chr14	 17450000	 16300000	23
chr14	 18500000	 17050000	29
chr14	 18600000	 21000000	48
chr14	 18800000	 19850000	21
chr14	 21800000	 22300000	10
chr14	 24600000	 23550000	21
chr14	 24750000	 24000000	15
chr14	 29800000	 28950000	17
chr14	 30950000	 32250000	26
chr14	 32250000	 34050000	36
chr14	 33150000	 33750000	12
chr14	 33450000	 32900000	11
chr14	 34550000	 33400000	23
chr14	 34550000	 37200000	53
chr14	 36250000	 34300000	39
chr14	 36750000	 37350000	12
chr14	 37700000	 39050000	27
chr14	 38200000	 39550000	27
chr14	 39100000	 40000000	18
chr14	 41050000	 41600000	11
chr14	 41300000	 42150000	17
chr14	 41800000	 43500000	34
chr14	 42050000	 43400000	27
chr14	 43400000	 42750000	13
chr14	 45350000	 45800000	9
chr14	 46700000	 44650000	41
chr14	 46800000	 45550000	25
chr14	 47300000	 46700000	12
chr14	 47650000	 46800000	17
chr14	 48650000	 49400000	15
chr14	 52100000	 53500000	28
chr14	 53800000	 54600000	16
chr14	 54750000	 56400000	33
chr14	 57250000	 58500000	25
chr14	 57500000	 58700000	24
chr14	 58000000	 56350000	33
chr14	 58650000	 60000000	27
chr14	 59250000	 59900000	13
chr14	 60000000	 60950000	19
chr14	 61700000	 60900000	16
chr14	 61800000	 63000000	24
chr14	 62200000	 59800000	48
chr14	 63800000	 64300000	10
chr14	 66800000	 67650000	17
chr14	 66900000	 67400000	10
chr14	 68750000	 67450000	26
chr14	 71100000	 71650000	11
chr14	 71700000	 71100000	12
chr14	 72900000	 69700000	64
chr14	 74650000	 75600000	19
chr14	 75350000	 77400000	41
chr14	 80000000	 79400000	12
chr14	 81100000	 81850000	15
chr14	 83350000	 86200000	57
chr14	 89150000	 90450000	26
chr14	 89850000	 89150000	14
chr14	 94450000	 95600000	23
chr14	 96000000	 97750000	35
chr14	 96850000	 95000000	37
chr14	 97550000	 97100000	9
chr14	 97900000	 97300000	12
chr14	 97950000	 98500000	11
chr14	 99900000	 98750000	23
chr14	100100000	 99400000	14
chr14	100250000	 98450000	36
chr14	100400000	 99300000	22
chr14	100600000	101500000	18
chr14	101650000	102950000	26
chr14	101800000	100800000	20
chr14	105500000	107400000	38
chr14	106150000	105050000	22
chr14	106350000	106100000	5
chr14	112400000	112900000	10
chr14	113850000	114750000	18
chr14	115050000	114450000	12
chr14	120300000	121700000	28
chr14	122000000	120700000	26
chr14	122000000	122400000	8
chr14	123050000	122150000	18
chr14	124900000	123450000	29
chr15	   750000	   150000	12
chr15	  3950000	  4600000	13
chr15	  7400000	  6000000	28
chr15	  9550000	 10700000	23
chr15	  9700000	  8650000	21
chr15	 10300000	  9950000	7
chr15	 11600000	 10950000	13
chr15	 12250000	 12900000	13
chr15	 16300000	 18350000	41
chr15	 19900000	 20400000	10
chr15	 25450000	 26300000	17
chr15	 26150000	 27300000	23
chr15	 26500000	 29000000	50
chr15	 27000000	 25550000	29
chr15	 27750000	 27200000	11
chr15	 31800000	 32250000	9
chr15	 33000000	 33650000	13
chr15	 33250000	 32750000	10
chr15	 34500000	 32600000	38
chr15	 34750000	 34050000	14
chr15	 34900000	 36450000	31
chr15	 39400000	 39200000	4
chr15	 39450000	 38650000	16
chr15	 39500000	 38700000	16
chr15	 40900000	 41300000	8
chr15	 42250000	 42900000	13
chr15	 42350000	 43100000	15
chr15	 42550000	 43750000	24
chr15	 44450000	 46200000	35
chr15	 44600000	 45350000	15
chr15	 45900000	 45100000	16
chr15	 46550000	 44750000	36
chr15	 47200000	 42350000	97
chr15	 47450000	 48150000	14
chr15	 48950000	 47200000	35
chr15	 51100000	 50850000	5
chr15	 52350000	 55350000	60
chr15	 54050000	 53500000	11
chr15	 55000000	 54200000	16
chr15	 55200000	 56200000	20
chr15	 56600000	 58550000	39
chr15	 58400000	 57150000	25
chr15	 59650000	 60150000	10
chr15	 61450000	 62700000	25
chr15	 63550000	 62450000	22
chr15	 64850000	 64100000	15
chr15	 66450000	 67200000	15
chr15	 67900000	 70100000	44
chr15	 69400000	 67650000	35
chr15	 69400000	 70150000	15
chr15	 69900000	 69500000	8
chr15	 75100000	 76850000	35
chr15	 75300000	 74300000	20
chr15	 76300000	 74550000	35
chr15	 76600000	 77000000	8
chr15	 78450000	 76800000	33
chr15	 79150000	 80400000	25
chr15	 79450000	 77950000	30
chr15	 79950000	 79150000	16
chr15	 80300000	 80600000	6
chr15	 80550000	 79550000	20
chr15	 81300000	 83750000	49
chr15	 81800000	 80950000	17
chr15	 82350000	 81300000	21
chr15	 84300000	 82750000	31
chr15	 85150000	 86300000	23
chr15	 87200000	 86750000	9
chr15	 87600000	 86700000	18
chr15	 88150000	 87000000	23
chr15	 88350000	 87150000	24
chr15	 91650000	 92050000	8
chr15	 92050000	 91550000	10
chr15	 93400000	 94700000	26
chr15	 94100000	 95900000	36
chr15	 94300000	 93950000	7
chr15	 97000000	 98450000	29
chr15	 97250000	 95150000	42
chr15	 97350000	 95950000	28
chr15	 97700000	 98650000	19
chr15	 98450000	 96600000	37
chr15	 99900000	 98700000	24
chr15	102650000	101650000	20
chr16	   900000	  1850000	19
chr16	  1600000	  2550000	19
chr16	  2900000	  2550000	7
chr16	  3700000	  2850000	17
chr16	  6800000	  5900000	18
chr16	  8100000	  7150000	19
chr16	  8200000	  6300000	38
chr16	 11650000	 10050000	32
chr16	 12450000	 13500000	21
chr16	 13650000	 13100000	11
chr16	 14200000	 12400000	36
chr16	 14650000	 13500000	23
chr16	 15800000	 17100000	26
chr16	 16450000	 15450000	20
chr16	 17700000	 18750000	21
chr16	 18750000	 18050000	14
chr16	 18800000	 19500000	14
chr16	 19850000	 21950000	42
chr16	 20300000	 18950000	27
chr16	 21050000	 22000000	19
chr16	 21100000	 21100000	0
chr16	 21100000	 21750000	13
chr16	 21750000	 20500000	25
chr16	 21900000	 20850000	21
chr16	 23150000	 23750000	12
chr16	 26250000	 26700000	9
chr16	 27650000	 28000000	7
chr16	 29250000	 29650000	8
chr16	 29900000	 28250000	33
chr16	 30050000	 28900000	23
chr16	 31350000	 31350000	0
chr16	 31450000	 34950000	70
chr16	 32150000	 32500000	7
chr16	 32900000	 36350000	69
chr16	 34500000	 35500000	20
chr16	 35450000	 39000000	71
chr16	 36100000	 33250000	57
chr16	 37300000	 36400000	18
chr16	 40250000	 38900000	27
chr16	 41300000	 41700000	8
chr16	 41600000	 41200000	8
chr16	 42550000	 41400000	23
chr16	 48650000	 48050000	12
chr16	 53000000	 53450000	9
chr16	 54550000	 54150000	8
chr16	 55350000	 53800000	31
chr16	 55950000	 54900000	21
chr16	 56500000	 56150000	7
chr16	 56550000	 56100000	9
chr16	 58100000	 56950000	23
chr16	 60000000	 61600000	32
chr16	 60450000	 61200000	15
chr16	 61300000	 61650000	7
chr16	 64150000	 66700000	51
chr16	 65800000	 66750000	19
chr16	 66550000	 65000000	31
chr16	 67850000	 63200000	93
chr16	 69400000	 70850000	29
chr16	 71750000	 72300000	11
chr16	 72900000	 73550000	13
chr16	 73350000	 74800000	29
chr16	 77250000	 78250000	20
chr16	 80100000	 79100000	20
chr16	 81800000	 82500000	14
chr16	 82900000	 80650000	45
chr16	 82950000	 82200000	15
chr16	 84750000	 85050000	6
chr16	 84750000	 85400000	13
chr16	 85750000	 84950000	16
chr16	 87000000	 86400000	12
chr16	 89150000	 88150000	20
chr16	 90050000	 88750000	26
chr16	 93700000	 94550000	17
chr16	 96700000	 97700000	20
chr17	  4200000	  5400000	24
chr17	  4550000	  3550000	20
chr17	  6750000	  6250000	10
chr17	  6950000	  7950000	20
chr17	  7400000	  8000000	12
chr17	  9700000	 10900000	24
chr17	 10900000	 13500000	52
chr17	 11300000	 10050000	25
chr17	 15550000	 15950000	8
chr17	 18050000	 17350000	14
chr17	 18200000	 19550000	27
chr17	 18950000	 17900000	21
chr17	 22000000	 24250000	45
chr17	 22350000	 21650000	14
chr17	 24250000	 26950000	54
chr17	 27650000	 26600000	21
chr17	 27750000	 26850000	18
chr17	 27750000	 28400000	13
chr17	 28750000	 26950000	36
chr17	 31100000	 29950000	23
chr17	 31700000	 34000000	46
chr17	 33250000	 34450000	24
chr17	 33700000	 34700000	20
chr17	 33900000	 33700000	4
chr17	 33950000	 35950000	40
chr17	 34750000	 34500000	5
chr17	 39500000	 38150000	27
chr17	 39650000	 40700000	21
chr17	 39800000	 38900000	18
chr17	 39900000	 38150000	35
chr17	 40350000	 41650000	26
chr17	 41200000	 42450000	25
chr17	 44850000	 44150000	14
chr17	 45100000	 44350000	15
chr17	 45100000	 46250000	23
chr17	 49750000	 49200000	11
chr17	 51850000	 52550000	14
chr17	 52000000	 51300000	14
chr17	 52450000	 51350000	22
chr17	 53650000	 55100000	29
chr17	 54100000	 53900000	4
chr17	 55150000	 55300000	3
chr17	 61350000	 62400000	21
chr17	 61850000	 61050000	16
chr17	 63300000	 64150000	17
chr17	 64050000	 62950000	22
chr17	 64400000	 65600000	24
chr17	 64700000	 65700000	20
chr17	 65050000	 63900000	23
chr17	 65350000	 66400000	21
chr17	 67350000	 66450000	18
chr17	 67650000	 67200000	9
chr17	 68600000	 68600000	0
chr17	 72900000	 73700000	16
chr17	 73900000	 75100000	24
chr17	 74300000	 74850000	11
chr17	 76300000	 76950000	13
chr17	 76350000	 75600000	15
chr17	 76750000	 75900000	17
chr17	 77850000	 77000000	17
chr17	 78000000	 79600000	32
chr17	 78300000	 77350000	19
chr17	 78450000	 77900000	11
chr17	 82600000	 81650000	19
chr17	 84650000	 85500000	17
chr17	 84750000	 85200000	9
chr17	 86500000	 89400000	58
chr17	 89300000	 88000000	26
chr17	 89800000	 89150000	13
chr17	 93350000	 92600000	15
chr17	 93600000	 94750000	23
chr17	 94950000	 92850000	42
chr17	 94950000	 93450000	30
chr18	  1350000	  2700000	27
chr18	  2200000	  1600000	12
chr18	  4100000	  6450000	47
chr18	  4150000	  3150000	20
chr18	  4400000	  3600000	16
chr18	  5150000	  4650000	10
chr18	  5150000	  5450000	6
chr18	  5550000	  4800000	15
chr18	  6600000	  7050000	9
chr18	  7600000	  7300000	6
chr18	  9250000	 11350000	42
chr18	 11500000	  9700000	36
chr18	 12550000	 13250000	14
chr18	 12600000	 11000000	32
chr18	 12850000	 12450000	8
chr18	 14650000	 13800000	17
chr18	 16550000	 15850000	14
chr18	 16800000	 17700000	18
chr18	 17250000	 14900000	47
chr18	 17500000	 18800000	26
chr18	 18800000	 17900000	18
chr18	 18850000	 19400000	11
chr18	 21800000	 22800000	20
chr18	 22050000	 23200000	23
chr18	 24200000	 23050000	23
chr18	 25150000	 23600000	31
chr18	 25850000	 24950000	18
chr18	 27950000	 29600000	33
chr18	 30850000	 31550000	14
chr18	 31350000	 29100000	45
chr18	 33000000	 32300000	14
chr18	 36400000	 35500000	18
chr18	 36550000	 35550000	20
chr18	 37000000	 35300000	34
chr18	 38800000	 41750000	59
chr18	 40250000	 38450000	36
chr18	 41050000	 41650000	12
chr18	 41200000	 40300000	18
chr18	 42050000	 40450000	32
chr18	 42450000	 41050000	28
chr18	 42450000	 41350000	22
chr18	 43450000	 44900000	29
chr18	 44700000	 42650000	41
chr18	 45650000	 46400000	15
chr18	 48200000	 47350000	17
chr18	 49450000	 49750000	6
chr18	 49650000	 48700000	19
chr18	 49650000	 50550000	18
chr18	 49750000	 50350000	12
chr18	 51650000	 49700000	39
chr18	 52000000	 51000000	20
chr18	 53000000	 52100000	18
chr18	 56200000	 57000000	16
chr18	 60350000	 59000000	27
chr18	 60500000	 60800000	6
chr18	 61100000	 61650000	11
chr18	 62350000	 63700000	27
chr18	 62450000	 60900000	31
chr18	 62850000	 61950000	18
chr18	 63300000	 62750000	11
chr18	 66300000	 63900000	48
chr18	 66850000	 68300000	29
chr18	 71750000	 70900000	17
chr18	 73950000	 72550000	28
chr18	 74700000	 73300000	28
chr18	 75350000	 74800000	11
chr18	 76900000	 74800000	42
chr18	 78700000	 76550000	43
chr18	 80450000	 82850000	48
chr18	 80850000	 81900000	21
chr18	 82200000	 82900000	14
chr18	 83450000	 82650000	16
chr18	 85150000	 86500000	27
chr18	 85450000	 85650000	4
chr18	 86700000	 85300000	28
chr18	 86750000	 86350000	8
chr18	 88000000	 86350000	33
chr18	 88900000	 90050000	23
chr18	 89650000	 87600000	41
chr19	  3500000	  4550000	21
chr19	  4000000	  4800000	16
chr19	  4100000	  2150000	39
chr19	  4200000	  5000000	16
chr19	  4750000	  4750000	0
chr19	  5000000	  5750000	15
chr19	  8050000	  8850000	16
chr19	 10400000	 11500000	22
chr19	 15600000	 14950000	13
chr19	 17600000	 18900000	26
chr19	 17700000	 19800000	42
chr19	 18200000	 19350000	23
chr19	 18400000	 19150000	15
chr19	 19600000	 20500000	18
chr19	 20400000	 21600000	24
chr19	 21050000	 21500000	9
chr19	 22250000	 21450000	16
chr19	 27050000	 26000000	21
chr19	 27250000	 28850000	32
chr19	 28700000	 27300000	28
chr19	 29350000	 29650000	6
chr19	 30050000	 31100000	21
chr19	 30050000	 31300000	25
chr19	 30700000	 32300000	32
chr19	 30800000	 32650000	37
chr19	 33400000	 32250000	23
chr19	 33550000	 33150000	8
chr19	 37400000	 38000000	12
chr19	 37750000	 36350000	28
chr19	 38500000	 39700000	24
chr19	 40000000	 38050000	39
chr19	 40450000	 37700000	55
chr19	 40800000	 37900000	58
chr19	 43250000	 44050000	16
chr19	 44150000	 43700000	9
chr19	 46750000	 44750000	40
chr19	 47400000	 48550000	23
chr19	 49750000	 50700000	19
chr19	 50600000	 52500000	38
chr19	 50800000	 49850000	19
chr19	 53950000	 55400000	29
chr19	 54150000	 53300000	17
chr19	 54550000	 53750000	16
chr19	 55200000	 55650000	9
chr19	 55550000	 58650000	62
chr19	 55750000	 56550000	16
chr19	 58050000	 56800000	25
chr19	 58550000	 59050000	10
chr2	  1950000	  1100000	17
chr2	  3300000	  1900000	28
chr2	  5300000	  4100000	24
chr2	  9000000	  8300000	14
chr2	 13200000	 13950000	15
chr2	 13950000	 15050000	22
chr2	 14200000	 13050000	23
chr2	 19900000	 21350000	29
chr2	 20600000	 20600000	0
chr2	 22300000	 21850000	9
chr2	 23450000	 24150000	14
chr2	 23700000	 25350000	33
chr2	 24850000	 23450000	28
chr2	 25950000	 29900000	79
chr2	 26300000	 25500000	16
chr2	 28250000	 29050000	16
chr2	 29750000	 28800000	19
chr2	 30250000	 29250000	20
chr2	 31200000	 32200000	20
chr2	 31200000	 32900000	34
chr2	 32100000	 31700000	8
chr2	 35800000	 35250000	11
chr2	 45900000	 45100000	16
chr2	 46400000	 44900000	30
chr2	 46550000	 45150000	28
chr2	 47300000	 49050000	35
chr2	 47600000	 46500000	22
chr2	 48350000	 47200000	23
chr2	 48950000	 50250000	26
chr2	 49200000	 50750000	31
chr2	 50150000	 49900000	5
chr2	 53250000	 53950000	14
chr2	 56550000	 54700000	37
chr2	 56800000	 57700000	18
chr2	 57000000	 58100000	22
chr2	 57850000	 56400000	29
chr2	 58950000	 58150000	16
chr2	 60300000	 61500000	24
chr2	 60900000	 62100000	24
chr2	 62900000	 62100000	16
chr2	 63650000	 66150000	50
chr2	 64650000	 62950000	34
chr2	 65400000	 65000000	8
chr2	 65550000	 67000000	29
chr2	 66450000	 66950000	10
chr2	 66750000	 68200000	29
chr2	 68300000	 67050000	25
chr2	 68650000	 68100000	11
chr2	 69200000	 67050000	43
chr2	 69400000	 69850000	9
chr2	 70700000	 68750000	39
chr2	 70700000	 70350000	7
chr2	 70850000	 73900000	61
chr2	 71450000	 72150000	14
chr2	 72550000	 71900000	13
chr2	 75400000	 73800000	32
chr2	 76500000	 77900000	28
chr2	 76700000	 73750000	59
chr2	 77000000	 77750000	15
chr2	 78750000	 80500000	35
chr2	 79450000	 80600000	23
chr2	 79650000	 80000000	7
chr2	 81800000	 81200000	12
chr2	 81900000	 82800000	18
chr2	 86200000	 87050000	17
chr2	 86850000	 88100000	25
chr2	 86950000	 87600000	13
chr2	 87750000	 88600000	17
chr2	 88100000	 85600000	50
chr2	 88400000	 88850000	9
chr2	 88750000	 91650000	58
chr2	 89150000	 90350000	24
chr2	 89500000	 88050000	29
chr2	 91000000	 92700000	34
chr2	 92200000	 92950000	15
chr2	 92600000	 90700000	38
chr2	 97250000	 96200000	21
chr2	 97550000	 98450000	18
chr2	 98150000	 97350000	16
chr2	 98250000	 97450000	16
chr2	104000000	102300000	34
chr2	104100000	103000000	22
chr2	104650000	103950000	14
chr2	106500000	107300000	16
chr2	107000000	107700000	14
chr2	107150000	109250000	42
chr2	107300000	106350000	19
chr2	107500000	108300000	16
chr2	110600000	112550000	39
chr2	111200000	112150000	19
chr2	111600000	109750000	37
chr2	113200000	114100000	18
chr2	113750000	114400000	13
chr2	113950000	114600000	13
chr2	114900000	113300000	32
chr2	117250000	119700000	49
chr2	117300000	115300000	40
chr2	117550000	116950000	12
chr2	119200000	120650000	29
chr2	121950000	121000000	19
chr2	123450000	122950000	10
chr2	125200000	125900000	14
chr2	125750000	124450000	26
chr2	129050000	128450000	12
chr2	129700000	127650000	41
chr2	132450000	131350000	22
chr2	134550000	132800000	35
chr2	136200000	135500000	14
chr2	136600000	137200000	12
chr2	137050000	136400000	13
chr2	138100000	138900000	16
chr2	138650000	137050000	32
chr2	143100000	145600000	50
chr2	143200000	143200000	0
chr2	143600000	144500000	18
chr2	144350000	143650000	14
chr2	144800000	143800000	20
chr2	145000000	146350000	27
chr2	146100000	146800000	14
chr2	146200000	148250000	41
chr2	149350000	148750000	12
chr2	151050000	151600000	11
chr2	151150000	150250000	18
chr2	154900000	154150000	15
chr2	155050000	155800000	15
chr2	155800000	156450000	13
chr2	155950000	157050000	22
chr2	156850000	157850000	20
chr2	156950000	155700000	25
chr2	157850000	156750000	22
chr2	164250000	163650000	12
chr2	165300000	164850000	9
chr2	166000000	166600000	12
chr2	166400000	166200000	4
chr2	171300000	172500000	24
chr2	172450000	171700000	15
chr2	172600000	173450000	17
chr2	173350000	172200000	23
chr2	173900000	175600000	34
chr2	177100000	179050000	39
chr2	177650000	178550000	18
chr2	177700000	179250000	31
chr2	178650000	179100000	9
chr2	178700000	180700000	40
chr2	178850000	176850000	40
chr2	180400000	179450000	19
chr2	181600000	181600000	0
chr3	  2200000	  1450000	15
chr3	  2900000	  2550000	7
chr3	  2950000	  4950000	40
chr3	  3150000	  3750000	12
chr3	  5000000	  3650000	27
chr3	  5200000	  4400000	16
chr3	  5400000	  6850000	29
chr3	  5550000	  4550000	20
chr3	  6400000	  5850000	11
chr3	  7100000	  5700000	28
chr3	  8150000	  7750000	8
chr3	  8900000	  8350000	11
chr3	 12400000	 13050000	13
chr3	 12600000	 11650000	19
chr3	 16850000	 17800000	19
chr3	 17800000	 18900000	22
chr3	 21700000	 22850000	23
chr3	 22500000	 23450000	19
chr3	 25650000	 26200000	11
chr3	 26150000	 25300000	17
chr3	 28100000	 27300000	16
chr3	 29850000	 31100000	25
chr3	 33300000	 33800000	10
chr3	 34400000	 33250000	23
chr3	 35900000	 35200000	14
chr3	 36600000	 38800000	44
chr3	 40050000	 40900000	17
chr3	 40350000	 42050000	34
chr3	 40750000	 39450000	26
chr3	 42100000	 40950000	23
chr3	 43050000	 41850000	24
chr3	 43200000	 43900000	14
chr3	 44600000	 47200000	52
chr3	 45650000	 43700000	39
chr3	 46700000	 47000000	6
chr3	 48450000	 47350000	22
chr3	 50200000	 48200000	40
chr3	 51850000	 53650000	36
chr3	 51950000	 51050000	18
chr3	 54200000	 55850000	33
chr3	 54300000	 54850000	11
chr3	 56550000	 55050000	30
chr3	 57200000	 55800000	28
chr3	 62400000	 63400000	20
chr3	 62900000	 64200000	26
chr3	 63300000	 64300000	20
chr3	 65550000	 64150000	28
chr3	 67050000	 67850000	16
chr3	 70300000	 71100000	16
chr3	 70450000	 69950000	10
chr3	 70600000	 72500000	38
chr3	 70750000	 70450000	6
chr3	 70800000	 74050000	65
chr3	 71800000	 73100000	26
chr3	 73250000	 74500000	25
chr3	 74300000	 71350000	59
chr3	 74450000	 75500000	21
chr3	 77650000	 76650000	20
chr3	 78350000	 78950000	12
chr3	 78400000	 79450000	21
chr3	 80100000	 79300000	16
chr3	 82950000	 81100000	37
chr3	 83200000	 84050000	17
chr3	 84550000	 82950000	32
chr3	 85100000	 83200000	38
chr3	 85300000	 85900000	12
chr3	 85950000	 86450000	10
chr3	 87900000	 89000000	22
chr3	 87950000	 87650000	6
chr3	 88300000	 87300000	20
chr3	 88550000	 88050000	10
chr3	 89150000	 88400000	15
chr3	 89600000	 88500000	22
chr3	 89850000	 90700000	17
chr3	 90950000	 92100000	23
chr3	 91250000	 89900000	27
chr3	 93900000	 92750000	23
chr3	 94800000	 93600000	24
chr3	 95700000	 97100000	28
chr3	 98500000	 97900000	12
chr3	 99200000	100000000	16
chr3	 99600000	 98500000	22
chr3	101150000	102350000	24
chr3	102750000	104250000	30
chr3	102950000	104200000	25
chr3	104000000	101500000	50
chr3	104350000	103050000	26
chr3	104950000	104300000	13
chr3	108650000	107700000	19
chr3	109950000	111150000	24
chr3	111300000	109150000	43
chr3	111650000	111000000	13
chr3	117050000	117750000	14
chr3	118600000	119550000	19
chr3	118650000	119450000	16
chr3	121150000	120200000	19
chr3	121300000	120250000	21
chr3	122400000	123900000	30
chr3	124800000	123450000	27
chr3	125550000	123100000	49
chr3	126300000	126600000	6
chr3	126900000	125900000	20
chr3	127250000	126450000	16
chr3	130450000	129600000	17
chr3	130550000	131050000	10
chr3	131350000	130500000	17
chr3	133200000	131100000	42
chr3	135400000	134150000	25
chr3	136950000	138300000	27
chr3	148150000	147450000	14
chr3	148650000	147750000	18
chr3	149050000	150200000	23
chr3	149550000	150900000	27
chr3	151800000	152250000	9
chr3	152150000	151550000	12
chr3	152800000	153950000	23
chr3	155850000	156600000	15
chr4	  4050000	  3150000	18
chr4	  4300000	  4600000	6
chr4	  4450000	  4250000	4
chr4	  4500000	  5750000	25
chr4	  5250000	  6300000	21
chr4	  6100000	  5600000	10
chr4	  7550000	  8800000	25
chr4	  7600000	  6750000	17
chr4	  7850000	  7400000	9
chr4	  8200000	  9100000	18
chr4	  9300000	  9800000	10
chr4	 10000000	 10650000	13
chr4	 10300000	 11400000	22
chr4	 11300000	 11750000	9
chr4	 11750000	 13850000	42
chr4	 14600000	 12350000	45
chr4	 14800000	 15950000	23
chr4	 18500000	 19650000	23
chr4	 18650000	 18150000	10
chr4	 20200000	 18350000	37
chr4	 21750000	 20500000	25
chr4	 23050000	 21000000	41
chr4	 24900000	 24700000	4
chr4	 25900000	 24850000	21
chr4	 27500000	 24850000	53
chr4	 27850000	 25500000	47
chr4	 29250000	 29900000	13
chr4	 30850000	 30050000	16
chr4	 31000000	 33050000	41
chr4	 31300000	 30450000	17
chr4	 32300000	 33000000	14
chr4	 34950000	 37200000	45
chr4	 36750000	 36450000	6
chr4	 37800000	 41050000	65
chr4	 39200000	 39800000	12
chr4	 39350000	 38600000	15
chr4	 41700000	 42450000	15
chr4	 43150000	 42600000	11
chr4	 43600000	 40800000	56
chr4	 44700000	 45250000	11
chr4	 45450000	 47450000	40
chr4	 45650000	 44900000	15
chr4	 46450000	 47100000	13
chr4	 47550000	 46250000	26
chr4	 48450000	 50100000	33
chr4	 49250000	 48650000	12
chr4	 49400000	 49900000	10
chr4	 51450000	 49750000	34
chr4	 52350000	 51600000	15
chr4	 53750000	 52400000	27
chr4	 55200000	 55850000	13
chr4	 55250000	 58850000	72
chr4	 55950000	 56950000	20
chr4	 57600000	 57000000	12
chr4	 58550000	 59200000	13
chr4	 59600000	 60650000	21
chr4	 59850000	 59400000	9
chr4	 62450000	 61800000	13
chr4	 63850000	 65100000	25
chr4	 65250000	 66000000	15
chr4	 68250000	 69900000	33
chr4	 68800000	 69700000	18
chr4	 69400000	 69850000	9
chr4	 71700000	 71050000	13
chr4	 72200000	 74500000	46
chr4	 72900000	 73050000	3
chr4	 76050000	 76950000	18
chr4	 77550000	 77300000	5
chr4	 78350000	 77750000	12
chr4	 79600000	 78850000	15
chr4	 79700000	 80800000	22
chr4	 81000000	 79350000	33
chr4	 82250000	 83750000	30
chr4	 83450000	 82450000	20
chr4	 83500000	 82700000	16
chr4	 85250000	 84050000	24
chr4	 85800000	 84900000	18
chr4	 86000000	 85000000	20
chr4	 86650000	 86050000	12
chr4	 87650000	 90350000	54
chr4	 89250000	 88650000	12
chr4	 89500000	 87150000	47
chr4	 90250000	 90600000	7
chr4	 91250000	 90150000	22
chr4	 92700000	 90100000	52
chr4	 95150000	 93400000	35
chr4	 95500000	 94450000	21
chr4	 96050000	 97750000	34
chr4	 97050000	 98600000	31
chr4	 99400000	 99800000	8
chr4	102650000	 99800000	57
chr4	104250000	105850000	32
chr4	107800000	107150000	13
chr4	109100000	110000000	18
chr4	109250000	109650000	8
chr4	109550000	109950000	8
chr4	109900000	108950000	19
chr4	110800000	111200000	8
chr4	113450000	112350000	22
chr4	113500000	114300000	16
chr4	114050000	114500000	9
chr4	116450000	114400000	41
chr4	119050000	117950000	22
chr4	119200000	117200000	40
chr4	120550000	119750000	16
chr4	120900000	119900000	20
chr4	123350000	124000000	13
chr4	123550000	123750000	4
chr4	124100000	124650000	11
chr4	125950000	125400000	11
chr4	126900000	124750000	43
chr4	127000000	125700000	26
chr4	127850000	130000000	43
chr4	130100000	128850000	25
chr4	130350000	131450000	22
chr4	130500000	125900000	92
chr4	132100000	133800000	34
chr4	132250000	133450000	24
chr4	132300000	131450000	17
chr4	134600000	133300000	26
chr4	134600000	135050000	9
chr4	135100000	134450000	13
chr4	136650000	137500000	17
chr4	137900000	138400000	10
chr4	138350000	137750000	12
chr4	140300000	141050000	15
chr4	140600000	141300000	14
chr4	141400000	140600000	16
chr4	143350000	143900000	11
chr4	146000000	145000000	20
chr4	147200000	147700000	10
chr4	148950000	148050000	18
chr4	149650000	150700000	21
chr4	152200000	154250000	41
chr4	152700000	153800000	22
chr4	153600000	154350000	15
chr5	   150000	  1450000	26
chr5	   850000	  1200000	7
chr5	  1350000	  3550000	44
chr5	  5250000	  3250000	40
chr5	  5350000	  4450000	18
chr5	  5900000	  5600000	6
chr5	  7600000	  7100000	10
chr5	  8150000	  8650000	10
chr5	  8500000	  7000000	30
chr5	  9750000	  9050000	14
chr5	 10200000	  9450000	15
chr5	 10350000	 11200000	17
chr5	 12450000	 13400000	19
chr5	 13050000	 13850000	16
chr5	 13250000	 14250000	20
chr5	 13500000	 14850000	27
chr5	 15600000	 16450000	17
chr5	 19300000	 18850000	9
chr5	 19700000	 19050000	13
chr5	 21650000	 18650000	60
chr5	 25250000	 24350000	18
chr5	 26450000	 26050000	8
chr5	 27050000	 27050000	0
chr5	 29600000	 28850000	15
chr5	 30100000	 31100000	20
chr5	 34300000	 34900000	12
chr5	 34550000	 33500000	21
chr5	 34700000	 35300000	12
chr5	 35100000	 34450000	13
chr5	 35300000	 36300000	20
chr5	 38850000	 41100000	45
chr5	 39300000	 38600000	14
chr5	 39650000	 41300000	33
chr5	 40200000	 40900000	14
chr5	 42650000	 40600000	41
chr5	 43600000	 45000000	28
chr5	 46950000	 48200000	25
chr5	 48300000	 47250000	21
chr5	 49100000	 47650000	29
chr5	 49450000	 49050000	8
chr5	 49600000	 49900000	6
chr5	 50100000	 49750000	7
chr5	 50600000	 49900000	14
chr5	 51400000	 49900000	30
chr5	 52200000	 52700000	10
chr5	 52500000	 50700000	36
chr5	 53750000	 52200000	31
chr5	 53900000	 54700000	16
chr5	 59000000	 57750000	25
chr5	 61000000	 62950000	39
chr5	 65600000	 65100000	10
chr5	 65850000	 66150000	6
chr5	 66050000	 67250000	24
chr5	 70050000	 68800000	25
chr5	 74850000	 76500000	33
chr5	 78000000	 79750000	35
chr5	 78200000	 79450000	25
chr5	 79050000	 80500000	29
chr5	 79750000	 78050000	34
chr5	 81800000	 81000000	16
chr5	 82250000	 81400000	17
chr5	 82350000	 81000000	27
chr5	 90500000	 91200000	14
chr5	 91150000	 91850000	14
chr5	 91450000	 90100000	27
chr5	 92300000	 94000000	34
chr5	 92550000	 91450000	22
chr5	 94850000	 94550000	6
chr5	 96150000	 94200000	39
chr5	 96550000	 95800000	15
chr5	 98500000	 99350000	17
chr5	 99150000	 99850000	14
chr5	102950000	103700000	15
chr5	103150000	 99400000	75
chr5	104200000	105250000	21
chr5	106200000	107350000	23
chr5	106950000	107900000	19
chr5	108700000	110300000	32
chr5	110250000	108900000	27
chr5	110850000	112450000	32
chr5	112100000	113000000	18
chr5	112950000	114050000	22
chr5	113150000	111750000	28
chr5	113700000	114200000	10
chr5	113750000	111900000	37
chr5	116950000	117600000	13
chr5	119350000	120450000	22
chr5	124300000	123950000	7
chr5	125750000	126600000	17
chr5	125950000	126950000	20
chr5	127100000	126350000	15
chr5	128100000	127200000	18
chr5	129600000	127950000	33
chr5	131900000	130050000	37
chr5	136500000	134850000	33
chr5	140950000	139700000	25
chr5	142400000	143700000	26
chr5	144400000	144950000	11
chr5	144950000	143800000	23
chr5	147800000	149600000	36
chr5	148450000	146850000	32
chr6	  3500000	  4750000	25
chr6	  3950000	  4550000	12
chr6	  5500000	  6400000	18
chr6	  6550000	  5350000	24
chr6	  7450000	  5750000	34
chr6	  7500000	  7850000	7
chr6	  7850000	  9000000	23
chr6	 10000000	  8450000	31
chr6	 10000000	 11050000	21
chr6	 11100000	 13100000	40
chr6	 11400000	 10250000	23
chr6	 11650000	 12500000	17
chr6	 11800000	 10350000	29
chr6	 13550000	 12800000	15
chr6	 14450000	 16350000	38
chr6	 15400000	 14350000	21
chr6	 15750000	 14400000	27
chr6	 15800000	 17600000	36
chr6	 16550000	 16100000	9
chr6	 16850000	 15600000	25
chr6	 17000000	 19400000	48
chr6	 17300000	 16650000	13
chr6	 17350000	 15550000	36
chr6	 17850000	 18700000	17
chr6	 19850000	 20350000	10
chr6	 21600000	 22350000	15
chr6	 22400000	 22100000	6
chr6	 23550000	 24600000	21
chr6	 23900000	 19350000	91
chr6	 25150000	 23700000	29
chr6	 25200000	 26850000	33
chr6	 25600000	 24550000	21
chr6	 26000000	 27000000	20
chr6	 26900000	 28850000	39
chr6	 27600000	 28700000	22
chr6	 28700000	 28300000	8
chr6	 31450000	 32450000	20
chr6	 31500000	 33350000	37
chr6	 31900000	 32800000	18
chr6	 32650000	 31100000	31
chr6	 34300000	 33250000	21
chr6	 35700000	 34950000	15
chr6	 36000000	 38000000	40
chr6	 36250000	 34950000	26
chr6	 36900000	 38250000	27
chr6	 39750000	 40600000	17
chr6	 40850000	 42600000	35
chr6	 41250000	 40800000	9
chr6	 42300000	 45600000	66
chr6	 43000000	 45200000	44
chr6	 43350000	 44150000	16
chr6	 44500000	 45850000	27
chr6	 44900000	 43700000	24
chr6	 45400000	 46450000	21
chr6	 45900000	 46600000	14
chr6	 47450000	 46500000	19
chr6	 47600000	 46600000	20
chr6	 48000000	 46900000	22
chr6	 48100000	 49600000	30
chr6	 48850000	 49700000	17
chr6	 53800000	 53300000	10
chr6	 54500000	 54000000	10
chr6	 54600000	 54350000	5
chr6	 55000000	 55650000	13
chr6	 55500000	 54150000	27
chr6	 58500000	 57050000	29
chr6	 58600000	 57000000	32
chr6	 60500000	 61400000	18
chr6	 61900000	 61250000	13
chr6	 64300000	 63850000	9
chr6	 66050000	 64900000	23
chr6	 66150000	 66450000	6
chr6	 66950000	 67800000	17
chr6	 68450000	 69750000	26
chr6	 68900000	 70050000	23
chr6	 70600000	 69350000	25
chr6	 70900000	 72800000	38
chr6	 73500000	 74400000	18
chr6	 74100000	 73000000	22
chr6	 74350000	 73600000	15
chr6	 75150000	 75600000	9
chr6	 75400000	 76250000	17
chr6	 76200000	 77650000	29
chr6	 76700000	 74950000	35
chr6	 78200000	 78650000	9
chr6	 78750000	 77650000	22
chr6	 79550000	 78950000	12
chr6	 80300000	 80800000	10
chr6	 80400000	 79250000	23
chr6	 84700000	 83350000	27
chr6	 86550000	 88250000	34
chr6	 88100000	 87700000	8
chr6	 88450000	 91650000	64
chr6	 89800000	 90750000	19
chr6	 93100000	 91750000	27
chr6	 97250000	 95750000	30
chr6	 97400000	 93850000	71
chr6	 98250000	 97400000	17
chr6	 98950000	 97350000	32
chr6	 99100000	100150000	21
chr6	 99250000	 97650000	32
chr6	100000000	 99200000	16
chr6	105450000	104650000	16
chr6	105650000	104750000	18
chr6	109900000	109300000	12
chr6	111300000	109600000	34
chr6	111850000	113500000	33
chr6	112500000	112250000	5
chr6	113500000	114050000	11
chr6	114400000	114850000	9
chr6	115050000	116300000	25
chr6	115800000	116850000	21
chr6	116850000	115550000	26
chr6	121700000	123100000	28
chr6	122750000	124550000	36
chr6	126500000	125550000	19
chr6	126800000	125800000	20
chr6	127050000	127800000	15
chr6	127100000	127600000	10
chr6	127500000	127850000	7
chr6	128000000	127450000	11
chr6	128500000	126700000	36
chr6	130750000	132400000	33
chr6	136000000	137750000	35
chr6	136550000	135900000	13
chr6	142900000	143750000	17
chr6	143150000	143500000	7
chr6	146550000	143450000	62
chr6	146850000	146850000	0
chr6	148950000	146550000	48
chr7	  1300000	  2500000	24
chr7	  2400000	  3800000	28
chr7	  3750000	  5250000	30
chr7	  6250000	  4850000	28
chr7	  9450000	  8300000	23
chr7	 11100000	  9450000	33
chr7	 12150000	 13450000	26
chr7	 12200000	 13400000	24
chr7	 16550000	 15450000	22
chr7	 20350000	 18450000	38
chr7	 21500000	 22650000	23
chr7	 21800000	 22750000	19
chr7	 22050000	 19700000	47
chr7	 22200000	 19200000	60
chr7	 23700000	 22350000	27
chr7	 26850000	 27550000	14
chr7	 28450000	 26450000	40
chr7	 28850000	 29850000	20
chr7	 30700000	 31150000	9
chr7	 31650000	 32250000	12
chr7	 31900000	 32650000	15
chr7	 33050000	 31600000	29
chr7	 34400000	 32550000	37
chr7	 35700000	 35250000	9
chr7	 36700000	 37350000	13
chr7	 37000000	 38050000	21
chr7	 40650000	 39750000	18
chr7	 41000000	 40500000	10
chr7	 41900000	 43550000	33
chr7	 42800000	 42250000	11
chr7	 44600000	 42800000	36
chr7	 48200000	 47700000	10
chr7	 49250000	 50100000	17
chr7	 51200000	 52450000	25
chr7	 51550000	 51050000	10
chr7	 53250000	 52550000	14
chr7	 54500000	 55450000	19
chr7	 55050000	 55500000	9
chr7	 55350000	 56850000	30
chr7	 57100000	 56150000	19
chr7	 57500000	 58600000	22
chr7	 60300000	 57550000	55
chr7	 60600000	 61150000	11
chr7	 63200000	 61000000	44
chr7	 63550000	 62750000	16
chr7	 67500000	 67100000	8
chr7	 68950000	 66150000	56
chr7	 71500000	 70650000	17
chr7	 72100000	 71050000	21
chr7	 76450000	 78400000	39
chr7	 77800000	 76950000	17
chr7	 80000000	 81350000	27
chr7	 82650000	 84650000	40
chr7	 82900000	 82350000	11
chr7	 83100000	 84000000	18
chr7	 83350000	 83900000	11
chr7	 84500000	 83050000	29
chr7	 86300000	 84250000	41
chr7	 88500000	 88200000	6
chr7	 88950000	 89600000	13
chr7	 89800000	 90600000	16
chr7	 93450000	 94400000	19
chr7	 97350000	 96550000	16
chr7	 98850000	100250000	28
chr7	 99600000	101250000	33
chr7	100150000	 99200000	19
chr7	103350000	104350000	20
chr7	103400000	104200000	16
chr7	103800000	103050000	15
chr7	103950000	105300000	27
chr7	104950000	103450000	30
chr7	107000000	109100000	42
chr7	107450000	107900000	9
chr7	109650000	109150000	10
chr7	109750000	111050000	26
chr7	112500000	110500000	40
chr7	113350000	111600000	35
chr7	113350000	114050000	14
chr7	115200000	114150000	21
chr7	116400000	115450000	19
chr7	117150000	118000000	17
chr7	117700000	116450000	25
chr7	118000000	117050000	19
chr7	119050000	118000000	21
chr7	119050000	121150000	42
chr7	122300000	120600000	34
chr7	122450000	123200000	15
chr7	123800000	122800000	20
chr7	124450000	123450000	20
chr7	126350000	125700000	13
chr7	128100000	129050000	19
chr7	131750000	130900000	17
chr7	132000000	133300000	26
chr7	137500000	137850000	7
chr7	139100000	139700000	12
chr7	139150000	137500000	33
chr7	141250000	142550000	26
chr7	144600000	143700000	18
chr8	  2450000	  1300000	23
chr8	  2550000	  4200000	33
chr8	  3800000	  1650000	43
chr8	  5900000	  6750000	17
chr8	  7600000	  8250000	13
chr8	  8200000	  7550000	13
chr8	  8950000	  8300000	13
chr8	 10850000	 15350000	90
chr8	 11650000	 12700000	21
chr8	 11750000	 12550000	16
chr8	 12950000	  9250000	74
chr8	 14300000	 13150000	23
chr8	 15400000	 16350000	19
chr8	 18850000	 18200000	13
chr8	 19200000	 19650000	9
chr8	 20200000	 20800000	12
chr8	 20500000	 18200000	46
chr8	 20750000	 19350000	28
chr8	 21900000	 22550000	13
chr8	 22950000	 19600000	67
chr8	 23900000	 23000000	18
chr8	 26400000	 27500000	22
chr8	 26600000	 25850000	15
chr8	 28150000	 29350000	24
chr8	 29650000	 28650000	20
chr8	 32250000	 34100000	37
chr8	 33150000	 34150000	20
chr8	 35550000	 33650000	38
chr8	 39550000	 38800000	15
chr8	 40150000	 38850000	26
chr8	 41000000	 43100000	42
chr8	 45550000	 46550000	20
chr8	 47600000	 47850000	5
chr8	 48200000	 50050000	37
chr8	 48500000	 49700000	24
chr8	 50250000	 48600000	33
chr8	 50850000	 50500000	7
chr8	 51050000	 52050000	20
chr8	 52300000	 53200000	18
chr8	 53550000	 55700000	43
chr8	 55150000	 54450000	14
chr8	 55700000	 56300000	12
chr8	 59300000	 57500000	36
chr8	 60250000	 62550000	46
chr8	 60550000	 61100000	11
chr8	 62550000	 61900000	13
chr8	 64250000	 63550000	14
chr8	 65050000	 63850000	24
chr8	 66800000	 63450000	67
chr8	 71000000	 72350000	27
chr8	 72300000	 70900000	28
chr8	 72300000	 75150000	57
chr8	 72650000	 73050000	8
chr8	 72900000	 74600000	34
chr8	 72950000	 71100000	37
chr8	 73100000	 71400000	34
chr8	 76900000	 75350000	31
chr8	 77250000	 78350000	22
chr8	 77600000	 78100000	10
chr8	 78250000	 78700000	9
chr8	 78700000	 78300000	8
chr8	 78950000	 77650000	26
chr8	 79100000	 76550000	51
chr8	 79550000	 79350000	4
chr8	 81000000	 79900000	22
chr8	 84050000	 85100000	21
chr8	 84500000	 85200000	14
chr8	 86500000	 86100000	8
chr8	 86650000	 85200000	29
chr8	 88600000	 87900000	14
chr8	 90600000	 89700000	18
chr8	 90650000	 88000000	53
chr8	 94250000	 96900000	53
chr8	 94850000	 96650000	36
chr8	 95350000	 96650000	26
chr8	 96400000	 95200000	24
chr8	 96450000	 97050000	12
chr8	 97200000	 96550000	13
chr8	 98600000	 97150000	29
chr8	 98900000	 99300000	8
chr8	102700000	100950000	35
chr8	105350000	104950000	8
chr8	105450000	106800000	27
chr8	106950000	106700000	5
chr8	108250000	109050000	16
chr8	109100000	109950000	17
chr8	110500000	107100000	68
chr8	112950000	111950000	20
chr8	113750000	112850000	18
chr8	115500000	114200000	26
chr8	117150000	118550000	28
chr8	117600000	118800000	24
chr8	120050000	118550000	30
chr8	121700000	123000000	26
chr8	127550000	128300000	15
chr8	128600000	128000000	12
chr9	  2750000	  3450000	14
chr9	  3300000	  4300000	20
chr9	  5850000	  5200000	13
chr9	  6750000	  5650000	22
chr9	  7000000	  5100000	38
chr9	  7600000	  7600000	0
chr9	  9950000	  8150000	36
chr9	 10200000	 12400000	44
chr9	 10900000	  9700000	24
chr9	 11250000	 10050000	24
chr9	 13450000	 11800000	33
chr9	 15050000	 13650000	28
chr9	 15100000	 14600000	10
chr9	 15750000	 18000000	45
chr9	 16200000	 14800000	28
chr9	 17000000	 16150000	17
chr9	 17400000	 13900000	70
chr9	 17750000	 18400000	13
chr9	 18150000	 19050000	18
chr9	 19100000	 18000000	22
chr9	 20450000	 21650000	24
chr9	 26100000	 23900000	44
chr9	 26450000	 27450000	20
chr9	 27000000	 26150000	17
chr9	 30200000	 30900000	14
chr9	 30300000	 28750000	31
chr9	 30900000	 31600000	14
chr9	 31000000	 30450000	11
chr9	 31450000	 31850000	8
chr9	 34250000	 35500000	25
chr9	 35400000	 36150000	15
chr9	 36750000	 35350000	28
chr9	 37150000	 36150000	20
chr9	 38650000	 37250000	28
chr9	 39500000	 41600000	42
chr9	 40000000	 38850000	23
chr9	 40650000	 41700000	21
chr9	 41800000	 41050000	15
chr9	 42350000	 41300000	21
chr9	 42800000	 42250000	11
chr9	 44450000	 43400000	21
chr9	 44850000	 45600000	15
chr9	 44900000	 45850000	19
chr9	 45500000	 44650000	17
chr9	 47400000	 48350000	19
chr9	 47550000	 46550000	20
chr9	 48250000	 47950000	6
chr9	 49100000	 49300000	4
chr9	 50500000	 51400000	18
chr9	 51600000	 50700000	18
chr9	 52100000	 50650000	29
chr9	 54100000	 54500000	8
chr9	 58050000	 59150000	22
chr9	 61900000	 60500000	28
chr9	 65250000	 64200000	21
chr9	 67400000	 68400000	20
chr9	 71500000	 71500000	0
chr9	 71750000	 70450000	26
chr9	 72500000	 71850000	13
chr9	 74400000	 73500000	18
chr9	 74950000	 72900000	41
chr9	 77950000	 78650000	14
chr9	 78950000	 77900000	21
chr9	 81600000	 80550000	21
chr9	 89550000	 90750000	24
chr9	 91500000	 91100000	8
chr9	 92250000	 91600000	13
chr9	 94200000	 95150000	19
chr9	 96100000	 95050000	21
chr9	 99650000	100900000	25
chr9	101150000	100550000	12
chr9	101450000	100850000	12
chr9	103550000	102200000	27
chr9	105100000	103750000	27
chr9	106800000	105150000	33
chr9	107350000	106100000	25
chr9	107600000	106550000	21
chr9	108150000	107800000	7
chr9	110000000	109000000	20
chr9	113200000	112600000	12
chr9	117750000	117350000	8
chr9	119200000	120150000	19
chr9	121400000	122150000	15
chr9	121700000	120000000	34
chr9	121950000	119400000	51
chr9	122450000	120850000	32
chrX	  1750000	  2000000	5
chrX	  2200000	  3150000	19
chrX	  2900000	  1300000	32
chrX	  4750000	  2850000	38
chrX	  5650000	  7300000	33
chrX	  8300000	  9100000	16
chrX	  8550000	  8200000	7
chrX	  9900000	  8100000	36
chrX	 10950000	 11800000	17
chrX	 11600000	 15500000	78
chrX	 13250000	 14300000	21
chrX	 13400000	 13300000	2
chrX	 13400000	 14150000	15
chrX	 14200000	 14000000	4
chrX	 14900000	 13900000	20
chrX	 15750000	 14600000	23
chrX	 15950000	 14450000	30
chrX	 16250000	 14950000	26
chrX	 16600000	 14850000	35
chrX	 17450000	 18500000	21
chrX	 19950000	 20700000	15
chrX	 21700000	 24150000	49
chrX	 21850000	 23100000	25
chrX	 21900000	 21300000	12
chrX	 22000000	 23400000	28
chrX	 22750000	 22250000	10
chrX	 23650000	 25950000	46
chrX	 23950000	 22950000	20
chrX	 28100000	 28100000	0
chrX	 29400000	 31850000	49
chrX	 29550000	 28450000	22
chrX	 31150000	 29400000	35
chrX	 31800000	 30800000	20
chrX	 31850000	 32350000	10
chrX	 32600000	 33300000	14
chrX	 33050000	 33400000	7
chrX	 34500000	 35650000	23
chrX	 37350000	 35500000	37
chrX	 38250000	 39150000	18
chrX	 38550000	 39500000	19
chrX	 39950000	 41900000	39
chrX	 46900000	 45650000	25
chrX	 48000000	 46600000	28
chrX	 49400000	 51200000	36
chrX	 49500000	 47700000	36
chrX	 49550000	 48200000	27
chrX	 52700000	 53700000	20
chrX	 54350000	 55050000	14
chrX	 55350000	 56550000	24
chrX	 55550000	 56350000	16
chrX	 62350000	 61000000	27
chrX	 63950000	 57950000	120
chrX	 64050000	 62150000	38
chrX	 64700000	 65750000	21
chrX	 64700000	 65800000	22
chrX	 65250000	 65900000	13
chrX	 66850000	 67650000	16
chrX	 67000000	 66000000	20
chrX	 70300000	 69900000	8
chrX	 74450000	 74000000	9
chrX	 74800000	 76250000	29
chrX	 75700000	 74900000	16
chrX	 75800000	 75050000	15
chrX	 75950000	 74000000	39
chrX	 82000000	 83000000	20
chrX	 83350000	 84400000	21
chrX	 83450000	 82400000	21
chrX	 83600000	 82300000	26
chrX	 84050000	 85500000	29
chrX	 89150000	 89800000	13
chrX	 89500000	 91050000	31
chrX	 90050000	 90700000	13
chrX	 91000000	 90100000	18
chrX	 92200000	 91500000	14
chrX	 93450000	 94850000	28
chrX	 93900000	 94900000	20
chrX	 95850000	 97000000	23
chrX	 96450000	 94900000	31
chrX	 96850000	 95750000	22
chrX	 97450000	 96900000	11
chrX	 99250000	100100000	17
chrX	100500000	 99900000	12
chrX	102300000	102600000	6
chrX	102700000	104150000	29
chrX	102850000	103350000	10
chrX	105450000	106350000	18
chrX	107500000	107200000	6
chrX	108850000	109400000	11
chrX	112500000	114700000	44
chrX	112750000	111000000	35
chrX	113400000	114450000	21
chrX	114600000	112950000	33
chrX	117400000	115750000	33
chrX	119050000	118600000	9
chrX	119550000	121200000	33
chrX	123450000	124850000	28
chrX	124050000	122100000	39
chrX	124050000	122450000	32
chrX	124750000	123350000	28
chrX	127200000	129350000	43
chrX	127300000	125900000	28
chrX	129350000	128950000	8
chrX	130150000	131150000	20
chrX	131000000	132000000	20
chrX	132050000	131300000	15
chrX	134450000	133050000	28
chrX	139150000	137450000	34
chrX	140150000	140450000	6
chrX	142800000	143300000	10
chrX	143000000	140100000	58
chrX	143800000	145400000	32
chrX	147300000	146550000	15
chrX	147700000	149750000	41
chrX	148750000	147750000	20
chrX	149150000	150200000	21
chrX	150300000	149600000	14
chrX	150600000	149000000	32
chrX	151300000	153150000	37
chrX	152150000	151450000	14
chrX	155650000	157850000	44
chrX	156900000	155400000	30
chrX	159650000	161000000	27
chrX	159950000	162150000	44
chrX	160050000	160800000	15
chrX	161350000	160600000	15
chrX	161800000	160550000	25
chrX	162300000	161000000	26
chrX	164900000	166000000	22
chrX	167150000	166050000	22
chrX	167950000	167400000	11
chrX	170250000	170000000	5
chrY	  3750000	  2550000	24
chrY	  5250000	  4750000	10
chrY	  5850000	  4400000	29
chrY	  5900000	  6450000	11
chrY	  6350000	  5300000	21
chrY	  6550000	  7100000	11
chrY	  6800000	  5250000	31
chrY	  7500000	  6850000	13
chrY	  7950000	  9100000	23
chrY	  8300000	  9500000	24
chrY	  8450000	  7900000	11
chrY	  9000000	  9600000	12
chrY	  9100000	  8550000	11
chrY	  9750000	 11250000	30
chrY	 10500000	  9600000	18
chrY	 11200000	 10400000	16
chrY	 15350000	 14100000	25
chrY	 15500000	 12800000	54
chrY	 18750000	 19350000	12
chrY	 19350000	 18800000	11
chrY	 20600000	 21000000	8
chrY	 21200000	 22950000	35
chrY	 24500000	 25200000	14
chrY	 24950000	 23750000	24
chrY	 26300000	 26200000	2
chrY	 26550000	 27400000	17
chrY	 27450000	 26750000	14
chrY	 29050000	 28000000	21
chrY	 30300000	 29600000	14
chrY	 31900000	 33000000	22
chrY	 32700000	 31700000	20
chrY	 34250000	 31950000	46
chrY	 34450000	 33250000	24
chrY	 34900000	 34000000	18
chrY	 36450000	 37100000	13
chrY	 36850000	 37450000	12
chrY	 38200000	 35500000	54
chrY	 39500000	 38550000	19
chrY	 40850000	 40450000	8
chrY	 41300000	 39150000	43
chrY	 44850000	 46350000	30
chrY	 45450000	 43800000	33
chrY	 47100000	 47950000	17
chrY	 48400000	 49500000	22
chrY	 48450000	 50950000	50
chrY	 49250000	 45450000	76
chrY	 49250000	 47900000	27
chrY	 50000000	 48400000	32
chrY	 50950000	 52350000	28
chrY	 51650000	 54400000	55
chrY	 52800000	 52250000	11
chrY	 54300000	 53200000	22
chrY	 54400000	 53800000	12
chrY	 55350000	 54800000	11
chrY	 58950000	 60950000	40
chrY	 59950000	 60750000	16
chrY	 61300000	 62200000	18
chrY	 61350000	 62700000	27
chrY	 61500000	 60100000	28
chrY	 62100000	 63600000	30
chrY	 64550000	 65650000	22
chrY	 65050000	 66300000	25
chrY	 67450000	 66200000	25
chrY	 67550000	 65150000	48
chrY	 68250000	 67900000	7
chrY	 69400000	 69950000	11
chrY	 69700000	 69000000	14
chrY	 70350000	 68100000	45
chrY	 72100000	 73000000	18
chrY	 73200000	 72050000	23
chrY	 74600000	 73600000	20
chrY	 76000000	 76000000	0
chrY	 76000000	 77150000	23
chrY	 77400000	 76500000	18
chrY	 78300000	 76600000	34
chrY	 78650000	 77900000	15
chrY	 79200000	 77950000	25
chrY	 79800000	 78500000	26
chrY	 79850000	 80450000	12
chrY	 80850000	 79800000	21
chrY	 82050000	 85000000	59
chrY	 82700000	 81100000	32
chrY	 87300000	 86650000	13
chrY	 90050000	 91100000	21
chrY	 90200000	 91000000	16
chrY	 90950000	 90000000	19
