chr1	  1700000	   200000	30
chr1	  3800000	  2900000	18
chr1	  3900000	  4850000	19
chr1	  4250000	  5250000	20
chr1	  5100000	  4150000	19
chr1	  6800000	  4350000	49
chr1	 10550000	  9050000	30
chr1	 10650000	  9600000	21
chr1	 20750000	 19400000	27
chr1	 21400000	 22100000	14
chr1	 22100000	 21400000	14
chr1	 22200000	 22950000	15
chr1	 22600000	 25950000	67
chr1	 23000000	 24450000	29
chr1	 24050000	 25400000	27
chr1	 24250000	 26350000	42
chr1	 24500000	 25150000	13
chr1	 25800000	 25250000	11
chr1	 26400000	 27450000	21
chr1	 27300000	 28000000	14
chr1	 29950000	 28100000	37
chr1	 30700000	 32750000	41
chr1	 33850000	 32700000	23
chr1	 34350000	 34850000	10
chr1	 35150000	 37100000	39
chr1	 38100000	 38400000	6
chr1	 38200000	 39100000	18
chr1	 38800000	 39550000	15
chr1	 39150000	 38750000	8
chr1	 39300000	 40000000	14
chr1	 39550000	 38100000	29
chr1	 41950000	 43750000	36
chr1	 43650000	 41650000	40
chr1	 44350000	 45000000	13
chr1	 44500000	 44700000	4
chr1	 45750000	 44350000	28
chr1	 45950000	 48200000	45
chr1	 47350000	 48200000	17
chr1	 50700000	 51000000	6
chr1	 53150000	 53850000	14
chr1	 55450000	 55950000	10
chr1	 56650000	 56500000	3
chr1	 57250000	 59000000	35
chr1	 58050000	 57000000	21
chr1	 58100000	 57100000	20
chr1	 58700000	 57600000	22
chr1	 61750000	 61250000	10
chr1	 61950000	 60500000	29
chr1	 62000000	 63800000	36
chr1	 64850000	 66500000	33
chr1	 65850000	 66850000	20
chr1	 68650000	 67500000	23
chr1	 68850000	 68000000	17
chr1	 69900000	 68500000	28
chr1	 72200000	 69950000	45
chr1	 76850000	 76000000	17
chr1	 80150000	 79200000	19
chr1	 80500000	 79350000	23
chr1	 81250000	 80650000	12
chr1	 81300000	 82400000	22
chr1	 81600000	 81850000	5
chr1	 85700000	 84900000	16
chr1	 85700000	 86800000	22
chr1	 86200000	 86750000	11
chr1	 87550000	 88900000	27
chr1	 88050000	 87400000	13
chr1	 88100000	 88800000	14
chr1	 90900000	 92000000	22
chr1	 91850000	 92850000	20
chr1	 95450000	 96450000	20
chr1	 95550000	 93900000	33
chr1	 96650000	 96050000	12
chr1	 96700000	 97350000	13
chr1	 97250000	101000000	75
chr1	 97500000	 98550000	21
chr1	 98350000	 99450000	22
chr1	 98500000	 98000000	10
chr1	 99350000	100150000	16
chr1	100300000	 99500000	16
chr1	101450000	100200000	25
chr1	101550000	102950000	28
chr1	101600000	 99950000	33
chr1	102700000	101700000	20
chr1	104050000	102850000	24
chr1	105400000	103800000	32
chr1	105400000	106050000	13
chr1	106100000	105000000	22
chr1	106100000	105350000	15
chr1	107000000	105950000	21
chr1	107300000	108700000	28
chr1	108450000	110100000	33
chr1	109600000	109200000	8
chr1	109850000	112650000	56
chr1	109900000	110200000	6
chr1	114700000	116100000	28
chr1	115650000	116300000	13
chr1	116000000	115150000	17
chr1	116750000	118050000	26
chr1	117550000	115400000	43
chr1	123250000	122250000	20
chr1	128400000	129350000	19
chr1	130650000	131350000	14
chr1	130900000	132000000	22
chr1	131000000	130200000	16
chr1	134300000	135400000	22
chr1	135750000	135050000	14
chr1	137250000	134850000	48
chr1	137550000	135300000	45
chr1	137550000	137100000	9
chr1	138750000	139950000	24
chr1	139350000	138350000	20
chr1	139650000	140450000	16
chr1	140050000	137700000	47
chr1	140550000	142350000	36
chr1	142800000	142350000	9
chr1	144400000	146550000	43
chr1	152450000	155200000	55
chr1	153650000	152550000	22
chr1	155550000	156750000	24
chr1	156600000	154700000	38
chr1	158600000	160250000	33
chr1	160100000	160900000	16
chr1	164450000	163800000	13
chr1	165000000	163900000	22
chr1	165100000	164200000	18
chr1	166600000	167550000	19
chr1	168750000	169850000	22
chr1	168800000	170050000	25
chr1	171100000	172550000	29
chr1	171600000	170600000	20
chr1	172500000	173500000	20
chr1	173550000	174650000	22
chr1	173900000	173100000	16
chr1	175700000	174800000	18
chr1	176050000	175250000	16
chr1	176450000	177750000	26
chr1	177550000	178700000	23
chr1	177700000	178800000	22
chr1	178350000	177650000	14
chr1	181900000	182750000	17
chr1	183100000	182250000	17
chr1	185100000	183500000	32
chr1	185300000	185900000	12
chr1	188400000	187700000	14
chr1	188500000	187550000	19
chr1	192400000	194100000	34
chr10	  2250000	  3100000	17
chr10	  3250000	  2100000	23
chr10	  4700000	  4100000	12
chr10	  5050000	  5250000	4
chr10	  5700000	  6850000	23
chr10	  8650000	 10000000	27
chr10	  9400000	  8050000	27
chr10	 12050000	 11100000	19
chr10	 12350000	 13350000	20
chr10	 15300000	 15950000	13
chr10	 15500000	 16550000	21
chr10	 16000000	 16650000	13
chr10	 18700000	 18950000	5
chr10	 19350000	 17800000	31
chr10	 19900000	 20600000	14
chr10	 20250000	 22000000	35
chr10	 20950000	 22500000	31
chr10	 21850000	 22450000	12
chr10	 22400000	 23250000	17
chr10	 24400000	 24950000	11
chr10	 26200000	 27100000	18
chr10	 27550000	 26100000	29
chr10	 29150000	 30450000	26
chr10	 30450000	 29650000	16
chr10	 30650000	 30150000	10
chr10	 31500000	 31800000	6
chr10	 31500000	 32650000	23
chr10	 31550000	 32200000	13
chr10	 32200000	 30950000	25
chr10	 33200000	 34950000	35
chr10	 36500000	 38150000	33
chr10	 41100000	 39800000	26
chr10	 41500000	 39700000	36
chr10	 41600000	 40350000	25
chr10	 44500000	 45200000	14
chr10	 45900000	 46950000	21
chr10	 47700000	 46900000	16
chr10	 56200000	 57200000	20
chr10	 57050000	 56100000	19
chr10	 57500000	 56650000	17
chr10	 57950000	 59100000	23
chr10	 58500000	 58000000	10
chr10	 60400000	 59900000	10
chr10	 61250000	 64050000	56
chr10	 61900000	 62850000	19
chr10	 63850000	 64550000	14
chr10	 65000000	 66450000	29
chr10	 66300000	 67650000	27
chr10	 68550000	 70550000	40
chr10	 73500000	 75050000	31
chr10	 76250000	 77250000	20
chr10	 79650000	 78500000	23
chr10	 82400000	 84300000	38
chr10	 83700000	 84750000	21
chr10	 86250000	 84950000	26
chr10	 88800000	 89900000	22
chr10	 89450000	 89100000	7
chr10	 91200000	 89700000	30
chr10	 92300000	 93650000	27
chr10	 93650000	 92800000	17
chr10	 96800000	 95750000	21
chr10	 98400000	 97250000	23
chr10	 99250000	 98750000	10
chr10	100950000	101750000	16
chr10	101800000	103050000	25
chr10	103450000	105400000	39
chr10	104300000	105550000	25
chr10	105050000	103050000	40
chr10	105900000	105550000	7
chr10	105950000	106500000	11
chr10	106150000	105200000	19
chr10	106350000	105000000	27
chr10	106800000	107600000	16
chr10	108500000	109350000	17
chr10	109550000	109050000	10
chr10	111950000	109850000	42
chr10	113400000	112250000	23
chr10	114750000	113500000	25
chr10	116200000	119150000	59
chr10	117150000	115450000	34
chr10	119300000	120250000	19
chr10	119750000	118450000	26
chr10	123300000	123300000	0
chr10	123300000	124600000	26
chr10	124700000	125900000	24
chr10	125200000	124300000	18
chr10	126050000	123450000	52
chr10	126300000	125350000	19
chr10	126350000	126750000	8
chr10	126400000	127050000	13
chr11	  1250000	   900000	7
chr11	  1300000	  2750000	29
chr11	  2300000	  1700000	12
chr11	  8550000	  9900000	27
chr11	 10550000	  9050000	30
chr11	 12200000	 13100000	18
chr11	 13400000	 15500000	42
chr11	 13700000	 14550000	17
chr11	 15300000	 14300000	20
chr11	 16700000	 15900000	16
chr11	 17400000	 19750000	47
chr11	 17800000	 16950000	17
chr11	 18300000	 18300000	0
chr11	 18900000	 17550000	27
chr11	 19150000	 18100000	21
chr11	 21200000	 19800000	28
chr11	 21400000	 24150000	55
chr11	 21900000	 21250000	13
chr11	 23050000	 26450000	68
chr11	 24000000	 25200000	24
chr11	 25250000	 24950000	6
chr11	 25650000	 24400000	25
chr11	 27050000	 25450000	32
chr11	 27800000	 29600000	36
chr11	 30800000	 29800000	20
chr11	 31800000	 33300000	30
chr11	 33000000	 30800000	44
chr11	 33250000	 32200000	21
chr11	 34350000	 34900000	11
chr11	 35100000	 34600000	10
chr11	 36300000	 37050000	15
chr11	 36750000	 35400000	27
chr11	 38600000	 38000000	12
chr11	 38900000	 40100000	24
chr11	 42250000	 40250000	40
chr11	 43750000	 42850000	18
chr11	 43850000	 44300000	9
chr11	 45100000	 44300000	16
chr11	 46150000	 46550000	8
chr11	 47050000	 46250000	16
chr11	 49500000	 47650000	37
chr11	 54700000	 53850000	17
chr11	 55150000	 56250000	22
chr11	 55850000	 55300000	11
chr11	 55850000	 56900000	21
chr11	 63950000	 62700000	25
chr11	 63950000	 64650000	14
chr11	 64650000	 63100000	31
chr11	 65000000	 65500000	10
chr11	 66500000	 65750000	15
chr11	 68100000	 67050000	21
chr11	 70250000	 69350000	18
chr11	 71550000	 72150000	12
chr11	 72700000	 72400000	6
chr11	 74800000	 74150000	13
chr11	 75500000	 73650000	37
chr11	 76400000	 77000000	12
chr11	 78500000	 78350000	3
chr11	 82850000	 82300000	11
chr11	 83350000	 84300000	19
chr11	 84300000	 85100000	16
chr11	 85050000	 84450000	12
chr11	 87300000	 87800000	10
chr11	 90600000	 91650000	21
chr11	 91600000	 90900000	14
chr11	 92150000	 92950000	16
chr11	 92650000	 93650000	20
chr11	 93200000	 94150000	19
chr11	 94350000	 93950000	8
chr11	 95400000	 98900000	70
chr11	 96050000	 97250000	24
chr11	 96450000	 95150000	26
chr11	 97400000	 96800000	12
chr11	 99500000	104050000	91
chr11	100100000	 98000000	42
chr11	100100000	101750000	33
chr11	100150000	 99000000	23
chr11	101200000	101950000	15
chr11	102650000	103450000	16
chr11	103550000	103850000	6
chr11	105600000	104400000	24
chr11	110150000	108500000	33
chr11	110650000	109650000	20
chr11	111350000	107850000	70
chr11	112250000	114450000	44
chr11	114000000	112550000	29
chr11	116100000	116750000	13
chr11	117300000	117650000	7
chr11	118350000	119250000	18
chr11	121000000	119200000	36
chr11	121800000	121400000	8
chr12	   600000	  2100000	30
chr12	   650000	  1250000	12
chr12	  3800000	  4350000	11
chr12	  4850000	  3550000	26
chr12	  5000000	  5500000	10
chr12	  6850000	  7850000	20
chr12	  8300000	  7450000	17
chr12	  8700000	  9250000	11
chr12	  9050000	  7650000	28
chr12	  9150000	  7500000	33
chr12	 12200000	 13000000	16
chr12	 13500000	 13000000	10
chr12	 14100000	 13000000	22
chr12	 14200000	 15250000	21
chr12	 15000000	 15550000	11
chr12	 16600000	 15650000	19
chr12	 16600000	 17800000	24
chr12	 19350000	 17250000	42
chr12	 19850000	 22750000	58
chr12	 20250000	 20850000	12
chr12	 21900000	 21400000	10
chr12	 22050000	 20950000	22
chr12	 24700000	 24000000	14
chr12	 25600000	 24300000	26
chr12	 28350000	 28000000	7
chr12	 28950000	 30600000	33
chr12	 29250000	 27150000	42
chr12	 29250000	 27200000	41
chr12	 31200000	 30150000	21
chr12	 32800000	 34450000	33
chr12	 33500000	 32250000	25
chr12	 36000000	 35500000	10
chr12	 37450000	 38100000	13
chr12	 39000000	 40150000	23
chr12	 43350000	 43650000	6
chr12	 46700000	 45750000	19
chr12	 50700000	 51150000	9
chr12	 51350000	 49000000	47
chr12	 53200000	 52750000	9
chr12	 55450000	 54900000	11
chr12	 56050000	 56850000	16
chr12	 58350000	 60100000	35
chr12	 60350000	 61000000	13
chr12	 60400000	 61350000	19
chr12	 60600000	 61650000	21
chr12	 61800000	 61300000	10
chr12	 62450000	 61650000	16
chr12	 62750000	 64050000	26
chr12	 63550000	 62650000	18
chr12	 63950000	 63750000	4
chr12	 64450000	 65550000	22
chr12	 65100000	 65700000	12
chr12	 66100000	 66600000	10
chr12	 66750000	 68700000	39
chr12	 67800000	 68650000	17
chr12	 71150000	 73650000	50
chr12	 71200000	 69950000	25
chr12	 71800000	 70800000	20
chr12	 73200000	 72650000	11
chr12	 74400000	 76900000	50
chr12	 74700000	 76050000	27
chr12	 74900000	 75200000	6
chr12	 75950000	 77050000	22
chr12	 77250000	 76450000	16
chr12	 80150000	 79350000	16
chr12	 84600000	 83400000	24
chr12	 84850000	 85600000	15
chr12	 85200000	 86950000	35
chr12	 85650000	 86300000	13
chr12	 85700000	 85050000	13
chr12	 85700000	 87200000	30
chr12	 86850000	 86000000	17
chr12	 87150000	 84300000	57
chr12	 90000000	 91450000	29
chr12	 91400000	 90700000	14
chr12	 92050000	 93800000	35
chr12	 93350000	 91500000	37
chr12	 95000000	 94400000	12
chr12	 97800000	 98750000	19
chr12	 98850000	 98200000	13
chr12	 99050000	 98050000	20
chr12	 99900000	 99300000	12
chr12	102300000	103900000	32
chr12	104000000	104850000	17
chr12	105700000	107350000	33
chr12	106100000	107200000	22
chr12	106300000	108550000	45
chr12	106450000	107100000	13
chr12	107200000	107450000	5
chr12	108850000	109600000	15
chr12	110200000	110650000	9
chr12	111400000	110600000	16
chr12	113850000	114800000	19
chr12	118700000	118100000	12
chr13	  2550000	  1450000	22
chr13	  2600000	  1950000	13
chr13	  4800000	  6900000	42
chr13	  7000000	  4050000	59
chr13	  7300000	  6200000	22
chr13	  8400000	  7000000	28
chr13	  9800000	 10950000	23
chr13	 10600000	  8850000	35
chr13	 11800000	 12300000	10
chr13	 11850000	 11150000	14
chr13	 12050000	  9750000	46
chr13	 16900000	 15700000	24
chr13	 20200000	 19850000	7
chr13	 23200000	 25350000	43
chr13	 23550000	 24150000	12
chr13	 24150000	 22200000	39
chr13	 24500000	 26200000	34
chr13	 27550000	 27950000	8
chr13	 27800000	 26250000	31
chr13	 28100000	 28700000	12
chr13	 28750000	 29150000	8
chr13	 28800000	 27400000	28
chr13	 29850000	 28700000	23
chr13	 30600000	 31250000	13
chr13	 31400000	 29750000	33
chr13	 34300000	 37500000	64
chr13	 35250000	 36400000	23
chr13	 36200000	 36800000	12
chr13	 38600000	 39050000	9
chr13	 38750000	 39850000	22
chr13	 41450000	 40350000	22
chr13	 45450000	 44300000	23
chr13	 45800000	 45300000	10
chr13	 45800000	 47200000	28
chr13	 51050000	 50300000	15
chr13	 52700000	 50850000	37
chr13	 54150000	 53700000	9
chr13	 57200000	 56550000	13
chr13	 65100000	 66000000	18
chr13	 66800000	 66050000	15
chr13	 69700000	 69400000	6
chr13	 69900000	 68800000	22
chr13	 71600000	 70250000	27
chr13	 75150000	 76600000	29
chr13	 75950000	 76250000	6
chr13	 76750000	 73800000	59
chr13	 76800000	 76800000	0
chr13	 77300000	 76700000	12
chr13	 77400000	 76600000	16
chr13	 77850000	 78750000	18
chr13	 81550000	 80650000	18
chr13	 85450000	 86450000	20
chr13	 86250000	 87050000	16
chr13	 86350000	 84050000	46
chr13	 87350000	 89100000	35
chr13	 87700000	 88500000	16
chr13	 90500000	 88650000	37
chr13	 91150000	 89800000	27
chr13	 94200000	 97550000	67
chr13	 95100000	 97000000	38
chr13	104350000	104750000	8
chr13	105350000	104650000	14
chr13	108650000	109400000	15
chr13	109650000	108350000	26
chr13	109700000	111000000	26
chr13	110400000	109900000	10
chr13	111350000	110200000	23
chr13	111350000	112400000	21
chr13	111600000	113050000	29
chr13	112450000	111700000	15
chr13	116400000	116650000	5
chr13	116900000	116100000	16
chr13	118500000	117300000	24
chr13	120150000	119350000	16
chr14	  1800000	  3650000	37
chr14	  2050000	  3700000	33
chr14	  2200000	  3450000	25
chr14	  6950000	  7450000	10
chr14	  8550000	  7350000	24
chr14	  9550000	  7900000	33
chr14	  9950000	  8250000	34
chr14	 10900000	 12350000	29
chr14	 11950000	 13650000	34
chr14	 12250000	 11150000	22
chr14	 12250000	 11500000	15
chr14	 16150000	 15500000	13
chr14	 16800000	 15700000	22
chr14	 17400000	 18650000	25
chr14	 18350000	 19900000	31
chr14	 18700000	 19500000	16
chr14	 20600000	 21000000	8
chr14	 26600000	 25300000	26
chr14	 28950000	 30000000	21
chr14	 30400000	 29400000	20
chr14	 30750000	 31300000	11
chr14	 31450000	 32300000	17
chr14	 32250000	 30800000	29
chr14	 33600000	 32750000	17
chr14	 34150000	 33450000	14
chr14	 34950000	 35550000	12
chr14	 35650000	 37200000	31
chr14	 36600000	 37050000	9
chr14	 37550000	 37950000	8
chr14	 38050000	 37150000	18
chr14	 39900000	 41150000	25
chr14	 40600000	 43150000	51
chr14	 41450000	 42850000	28
chr14	 42500000	 43900000	28
chr14	 42650000	 44350000	34
chr14	 44100000	 42950000	23
chr14	 44450000	 45200000	15
chr14	 47500000	 46400000	22
chr14	 48900000	 47900000	20
chr14	 49350000	 48200000	23
chr14	 49900000	 51350000	29
chr14	 52900000	 51800000	22
chr14	 54000000	 51450000	51
chr14	 54900000	 53650000	25
chr14	 56600000	 57450000	17
chr14	 57650000	 56200000	29
chr14	 61200000	 62100000	18
chr14	 62300000	 61050000	25
chr14	 63200000	 65150000	39
chr14	 63450000	 61100000	47
chr14	 64900000	 64100000	16
chr14	 65450000	 65150000	6
chr14	 66800000	 65600000	24
chr14	 70050000	 69200000	17
chr14	 71050000	 71900000	17
chr14	 72050000	 71800000	5
chr14	 72650000	 73850000	24
chr14	 74500000	 75150000	13
chr14	 75150000	 71750000	68
chr14	 76200000	 75900000	6
chr14	 77800000	 76950000	17
chr14	 77950000	 76250000	34
chr14	 80550000	 79500000	21
chr14	 85350000	 83100000	45
chr14	 87400000	 85800000	32
chr14	 88600000	 87950000	13
chr14	 92550000	 90450000	42
chr14	 94800000	 95650000	17
chr14	 96150000	 95300000	17
chr14	 96950000	102950000	120
chr14	 98500000	 97550000	19
chr14	 99550000	 99550000	0
chr14	102900000	102000000	18
chr14	102900000	103350000	9
chr14	103600000	103300000	6
chr14	104150000	102950000	24
chr14	104400000	103450000	19
chr14	105100000	106350000	25
chr14	105400000	106650000	25
chr14	105950000	107050000	22
chr14	106550000	107700000	23
chr14	107950000	109100000	23
chr14	108300000	109250000	19
chr14	109400000	109150000	5
chr14	110500000	112950000	49
chr14	111650000	109900000	35
chr14	111700000	110600000	22
chr14	111900000	112600000	14
chr14	111950000	110000000	39
chr14	114050000	114800000	15
chr14	116100000	116750000	13
chr14	116650000	117050000	8
chr14	121350000	124150000	56
chr14	121750000	120250000	30
chr14	122550000	123550000	20
chr14	123050000	121400000	33
chr14	123500000	121400000	42
chr15	   250000	  1250000	20
chr15	  1000000	  2400000	28
chr15	  4050000	  3300000	15
chr15	  4050000	  4450000	8
chr15	  5150000	  3450000	34
chr15	 17850000	 17100000	15
chr15	 18350000	 16750000	32
chr15	 19200000	 21450000	45
chr15	 20300000	 21050000	15
chr15	 23100000	 22250000	17
chr15	 24100000	 23000000	22
chr15	 29000000	 30700000	34
chr15	 29700000	 28700000	20
chr15	 31350000	 30800000	11
chr15	 31450000	 32400000	19
chr15	 34750000	 36600000	37
chr15	 35100000	 36300000	24
chr15	 35200000	 34400000	16
chr15	 35600000	 33550000	41
chr15	 36300000	 35200000	22
chr15	 40000000	 40950000	19
chr15	 42300000	 41050000	25
chr15	 42700000	 42250000	9
chr15	 45300000	 46350000	21
chr15	 46150000	 44600000	31
chr15	 46850000	 47700000	17
chr15	 48850000	 47700000	23
chr15	 49050000	 48350000	14
chr15	 49350000	 48800000	11
chr15	 49550000	 50350000	16
chr15	 51150000	 49300000	37
chr15	 51900000	 50000000	38
chr15	 52400000	 54050000	33
chr15	 53800000	 54700000	18
chr15	 54300000	 55600000	26
chr15	 54450000	 52950000	30
chr15	 56300000	 58050000	35
chr15	 59550000	 58800000	15
chr15	 60900000	 59350000	31
chr15	 62550000	 63050000	10
chr15	 63050000	 64100000	21
chr15	 64000000	 65150000	23
chr15	 67000000	 65550000	29
chr15	 69450000	 67800000	33
chr15	 69550000	 67300000	45
chr15	 71000000	 69100000	38
chr15	 71550000	 70500000	21
chr15	 71950000	 72700000	15
chr15	 72050000	 73500000	29
chr15	 72900000	 71350000	31
chr15	 73300000	 72250000	21
chr15	 73450000	 74150000	14
chr15	 73600000	 72350000	25
chr15	 73850000	 72500000	27
chr15	 74150000	 76350000	44
chr15	 74400000	 74900000	10
chr15	 76350000	 77900000	31
chr15	 77900000	 79450000	31
chr15	 78800000	 80500000	34
chr15	 79400000	 81400000	40
chr15	 80450000	 80850000	8
chr15	 81650000	 80600000	21
chr15	 82450000	 81300000	23
chr15	 85150000	 84050000	22
chr15	 85800000	 85200000	12
chr15	 87100000	 88600000	30
chr15	 88100000	 88800000	14
chr15	 88600000	 89150000	11
chr15	 90000000	 91400000	28
chr15	 91800000	 91050000	15
chr15	 92650000	 91550000	22
chr15	 97650000	 95900000	35
chr15	 98000000	101100000	62
chr15	103800000	103250000	11
chr16	   750000	  1000000	5
chr16	  1650000	  2700000	21
chr16	  2000000	  1100000	18
chr16	  2150000	   150000	40
chr16	  3800000	  2900000	18
chr16	  5650000	  3900000	35
chr16	  6050000	  4900000	23
chr16	  6500000	  7700000	24
chr16	  6800000	  5250000	31
chr16	  7100000	  8000000	18
chr16	  7400000	  8550000	23
chr16	 10850000	 11850000	20
chr16	 11500000	 10350000	23
chr16	 12950000	 10200000	55
chr16	 17200000	 18100000	18
chr16	 18250000	 19000000	15
chr16	 19800000	 17150000	53
chr16	 20050000	 21250000	24
chr16	 20250000	 21100000	17
chr16	 20650000	 19400000	25
chr16	 20700000	 20500000	4
chr16	 21050000	 23050000	40
chr16	 21250000	 22700000	29
chr16	 23350000	 21650000	34
chr16	 25600000	 25000000	12
chr16	 26050000	 26450000	8
chr16	 26700000	 25350000	27
chr16	 26750000	 25850000	18
chr16	 28100000	 29600000	30
chr16	 33600000	 32550000	21
chr16	 33950000	 34950000	20
chr16	 34550000	 35600000	21
chr16	 36600000	 38100000	30
chr16	 36900000	 37150000	5
chr16	 42350000	 41850000	10
chr16	 42850000	 43550000	14
chr16	 43150000	 41700000	29
chr16	 43400000	 45250000	37
chr16	 46400000	 45750000	13
chr16	 48950000	 49650000	14
chr16	 50350000	 52400000	41
chr16	 53100000	 53600000	10
chr16	 54100000	 52900000	24
chr16	 55700000	 53550000	43
chr16	 57100000	 56550000	11
chr16	 57200000	 58350000	23
chr16	 58600000	 59250000	13
chr16	 60000000	 59300000	14
chr16	 60300000	 59350000	19
chr16	 60800000	 59950000	17
chr16	 63100000	 62150000	19
chr16	 68650000	 67950000	14
chr16	 70100000	 68150000	39
chr16	 70650000	 71350000	14
chr16	 70800000	 71550000	15
chr16	 71950000	 73300000	27
chr16	 75400000	 76000000	12
chr16	 75700000	 75150000	11
chr16	 76700000	 77400000	14
chr16	 77100000	 76350000	15
chr16	 77200000	 76100000	22
chr16	 79650000	 79350000	6
chr16	 82000000	 82850000	17
chr16	 82250000	 79100000	63
chr16	 83550000	 82950000	12
chr16	 83550000	 84550000	20
chr16	 86050000	 87200000	23
chr16	 86550000	 87700000	23
chr16	 87150000	 84000000	63
chr16	 87450000	 88550000	22
chr16	 87550000	 86400000	23
chr16	 87900000	 88850000	19
chr16	 92600000	 91700000	18
chr16	 92800000	 92450000	7
chr16	 93150000	 94450000	26
chr16	 93250000	 94600000	27
chr16	 93350000	 92250000	22
chr16	 93900000	 94850000	19
chr16	 97100000	 97100000	0
chr16	 97150000	 96050000	22
chr16	 97300000	 95200000	42
chr17	   750000	  1500000	15
chr17	  1700000	   350000	27
chr17	  4150000	  3150000	20
chr17	  5750000	  7400000	33
chr17	  6800000	  7350000	11
chr17	 10300000	  8250000	41
chr17	 12850000	  9300000	71
chr17	 13200000	 11450000	35
chr17	 15750000	 15100000	13
chr17	 16050000	 16850000	16
chr17	 16550000	 16300000	5
chr17	 17100000	 18150000	21
chr17	 18800000	 17550000	25
chr17	 19700000	 21100000	28
chr17	 19850000	 18450000	28
chr17	 20400000	 21700000	26
chr17	 20750000	 19450000	26
chr17	 20750000	 21100000	7
chr17	 20900000	 21650000	15
chr17	 20900000	 21800000	18
chr17	 25150000	 24150000	20
chr17	 25650000	 25200000	9
chr17	 25700000	 26050000	7
chr17	 25700000	 27400000	34
chr17	 27000000	 26500000	10
chr17	 28000000	 29550000	31
chr17	 29850000	 30450000	12
chr17	 31350000	 30550000	16
chr17	 31800000	 30200000	32
chr17	 32400000	 31450000	19
chr17	 34750000	 35350000	12
chr17	 36100000	 34700000	28
chr17	 40450000	 41350000	18
chr17	 42200000	 41600000	12
chr17	 42250000	 41200000	21
chr17	 42850000	 41950000	18
chr17	 44850000	 45450000	12
chr17	 45100000	 46400000	26
chr17	 45700000	 46400000	14
chr17	 47300000	 46300000	20
chr17	 47300000	 48500000	24
chr17	 49450000	 49150000	6
chr17	 50300000	 49800000	10
chr17	 50950000	 52550000	32
chr17	 52600000	 53250000	13
chr17	 52750000	 53700000	19
chr17	 53350000	 52400000	19
chr17	 53850000	 54450000	12
chr17	 54000000	 56500000	50
chr17	 55450000	 54550000	18
chr17	 55800000	 54250000	31
chr17	 56750000	 55950000	16
chr17	 57100000	 55500000	32
chr17	 57500000	 59300000	36
chr17	 58200000	 58400000	4
chr17	 59450000	 58100000	27
chr17	 60150000	 57300000	57
chr17	 65500000	 66100000	12
chr17	 65600000	 65000000	12
chr17	 65600000	 66850000	25
chr17	 68200000	 69100000	18
chr17	 68800000	 66000000	56
chr17	 69350000	 71200000	37
chr17	 70750000	 70000000	15
chr17	 72300000	 70750000	31
chr17	 74000000	 74700000	14
chr17	 74950000	 75400000	9
chr17	 75050000	 72850000	44
chr17	 79000000	 78100000	18
chr17	 80300000	 79450000	17
chr17	 81250000	 82150000	18
chr17	 81950000	 81450000	10
chr17	 82350000	 83050000	14
chr17	 84700000	 82900000	36
chr17	 86150000	 87400000	25
chr17	 86500000	 88200000	34
chr17	 87050000	 84500000	51
chr17	 87900000	 89900000	40
chr17	 88650000	 87900000	15
chr17	 89750000	 91000000	25
chr17	 90750000	 89750000	20
chr17	 90950000	 89850000	22
chr17	 92950000	 92300000	13
chr17	 93350000	 92300000	21
chr18	  2150000	  4750000	52
chr18	  4750000	  1150000	72
chr18	  5750000	  6200000	9
chr18	  5900000	  6950000	21
chr18	 10550000	 10000000	11
chr18	 10700000	  9400000	26
chr18	 13100000	 12850000	5
chr18	 14350000	 13900000	9
chr18	 15900000	 14650000	25
chr18	 18050000	 19400000	27
chr18	 19150000	 22150000	60
chr18	 20550000	 18750000	36
chr18	 23300000	 23300000	0
chr18	 26500000	 24950000	31
chr18	 26800000	 27700000	18
chr18	 29750000	 31100000	27
chr18	 29800000	 29400000	8
chr18	 31600000	 33200000	32
chr18	 37500000	 36800000	14
chr18	 38350000	 37650000	14
chr18	 40750000	 40950000	4
chr18	 41500000	 38750000	55
chr18	 41750000	 40900000	17
chr18	 41900000	 40450000	29
chr18	 43800000	 43450000	7
chr18	 46550000	 47600000	21
chr18	 46950000	 46300000	13
chr18	 47850000	 47150000	14
chr18	 48450000	 50100000	33
chr18	 48500000	 47600000	18
chr18	 49000000	 46950000	41
chr18	 50000000	 50600000	12
chr18	 50550000	 47850000	54
chr18	 54000000	 53350000	13
chr18	 55100000	 55550000	9
chr18	 55250000	 53950000	26
chr18	 55500000	 53900000	32
chr18	 58050000	 55800000	45
chr18	 63100000	 65700000	52
chr18	 65000000	 65400000	8
chr18	 65700000	 64250000	29
chr18	 66350000	 68800000	49
chr18	 66450000	 64000000	49
chr18	 68800000	 69150000	7
chr18	 68900000	 69550000	13
chr18	 69650000	 68400000	25
chr18	 70850000	 71450000	12
chr18	 73500000	 72500000	20
chr18	 75600000	 76150000	11
chr18	 76250000	 77050000	16
chr18	 78400000	 77600000	16
chr18	 78750000	 76350000	48
chr18	 86300000	 87300000	20
chr18	 86650000	 87200000	11
chr18	 88650000	 89600000	19
chr18	 89450000	 90000000	11
chr19	  2250000	   650000	32
chr19	  3550000	  2000000	31
chr19	  3850000	  4500000	13
chr19	  7300000	  9300000	40
chr19	  9900000	 10650000	15
chr19	 14300000	 13850000	9
chr19	 14450000	 13750000	14
chr19	 15950000	 13500000	49
chr19	 18550000	 20950000	48
chr19	 19100000	 18300000	16
chr19	 20000000	 18600000	28
chr19	 20100000	 18100000	40
chr19	 25450000	 24450000	20
chr19	 26000000	 24850000	23
chr19	 27400000	 30050000	53
chr19	 27750000	 26950000	16
chr19	 29950000	 31400000	29
chr19	 30100000	 29250000	17
chr19	 31250000	 30400000	17
chr19	 31650000	 31150000	10
chr19	 31850000	 30200000	33
chr19	 32200000	 32850000	13
chr19	 33950000	 33500000	9
chr19	 34850000	 36250000	28
chr19	 37700000	 36950000	15
chr19	 38350000	 39400000	21
chr19	 39200000	 41150000	39
chr19	 39750000	 40300000	11
chr19	 39950000	 40950000	20
chr19	 40250000	 39900000	7
chr19	 40750000	 41050000	6
chr19	 42000000	 43600000	32
chr19	 43200000	 40500000	54
chr19	 44650000	 42350000	46
chr19	 47750000	 45400000	47
chr19	 50500000	 54300000	76
chr19	 51900000	 52250000	7
chr19	 53250000	 54850000	32
chr19	 53650000	 50000000	73
chr19	 56400000	 57650000	25
chr19	 56450000	 55400000	21
chr19	 56600000	 55500000	22
chr19	 56800000	 55300000	30
chr19	 57900000	 57250000	13
chr19	 58000000	 57550000	9
chr19	 58100000	 58650000	11
chr19	 58500000	 56550000	39
chr19	 60300000	 57950000	47
chr2	  1300000	   500000	16
chr2	  2000000	  1450000	11
chr2	  6100000	  7150000	21
chr2	  6750000	  5150000	32
chr2	  7700000	  8550000	17
chr2	  8200000	  7200000	20
chr2	  8550000	  8550000	0
chr2	 11150000	 12300000	23
chr2	 15200000	 15200000	0
chr2	 15500000	 14750000	15
chr2	 16300000	 17400000	22
chr2	 18200000	 17050000	23
chr2	 20500000	 21550000	21
chr2	 21900000	 23250000	27
chr2	 21900000	 23300000	28
chr2	 22200000	 21000000	24
chr2	 24200000	 23300000	18
chr2	 24400000	 22500000	38
chr2	 24450000	 25500000	21
chr2	 27200000	 27200000	0
chr2	 27650000	 28700000	21
chr2	 28150000	 29400000	25
chr2	 28400000	 29000000	12
chr2	 28800000	 30550000	35
chr2	 28850000	 28150000	14
chr2	 29500000	 28950000	11
chr2	 32350000	 32900000	11
chr2	 32900000	 31450000	29
chr2	 33950000	 34250000	6
chr2	 34800000	 37700000	58
chr2	 37850000	 35850000	40
chr2	 38650000	 39300000	13
chr2	 39600000	 38750000	17
chr2	 40100000	 39800000	6
chr2	 46800000	 47950000	23
chr2	 47200000	 48600000	28
chr2	 48250000	 46800000	29
chr2	 50900000	 49000000	38
chr2	 51250000	 51650000	8
chr2	 52950000	 53450000	10
chr2	 58650000	 57950000	14
chr2	 58850000	 58150000	14
chr2	 62250000	 63650000	28
chr2	 64600000	 63350000	25
chr2	 65150000	 63150000	40
chr2	 65500000	 66350000	17
chr2	 66500000	 66850000	7
chr2	 67250000	 66700000	11
chr2	 69300000	 70650000	27
chr2	 69450000	 67250000	44
chr2	 70200000	 69600000	12
chr2	 72450000	 70950000	30
chr2	 72900000	 71850000	21
chr2	 72900000	 75650000	55
chr2	 73400000	 72050000	27
chr2	 74150000	 72650000	30
chr2	 74800000	 75500000	14
chr2	 75850000	 76800000	19
chr2	 77000000	 77750000	15
chr2	 77600000	 74150000	69
chr2	 78500000	 76750000	35
chr2	 79400000	 81000000	32
chr2	 83700000	 83400000	6
chr2	 85350000	 83950000	28
chr2	 87500000	 86000000	30
chr2	 88850000	 89600000	15
chr2	 90900000	 91550000	13
chr2	 93200000	 94400000	24
chr2	 93800000	 94700000	18
chr2	 94400000	 95150000	15
chr2	 94750000	 96000000	25
chr2	 96000000	 97450000	29
chr2	 96550000	 94600000	39
chr2	100700000	101450000	15
chr2	101150000	101750000	12
chr2	101450000	102000000	11
chr2	102050000	101500000	11
chr2	102250000	101400000	17
chr2	102700000	102100000	12
chr2	103000000	101950000	21
chr2	103600000	102200000	28
chr2	103650000	104500000	17
chr2	103900000	103000000	18
chr2	107050000	107050000	0
chr2	107750000	108300000	11
chr2	108000000	107050000	19
chr2	108100000	108900000	16
chr2	110850000	111950000	22
chr2	110950000	109950000	20
chr2	111350000	111850000	10
chr2	112200000	113700000	30
chr2	112700000	111750000	19
chr2	115100000	116650000	31
chr2	115350000	116300000	19
chr2	115550000	118050000	50
chr2	116900000	119100000	44
chr2	118100000	118800000	14
chr2	119800000	121200000	28
chr2	120150000	120700000	11
chr2	121550000	122200000	13
chr2	122050000	122950000	18
chr2	123000000	124000000	20
chr2	124350000	123050000	26
chr2	126050000	124450000	32
chr2	126050000	128500000	49
chr2	132200000	130100000	42
chr2	133450000	132250000	24
chr2	134600000	135750000	23
chr2	134750000	133250000	30
chr2	135150000	135350000	4
chr2	136050000	135300000	15
chr2	136750000	136250000	10
chr2	137600000	138950000	27
chr2	139800000	141750000	39
chr2	140400000	139250000	23
chr2	140800000	141550000	15
chr2	141100000	139550000	31
chr2	143750000	142100000	33
chr2	144650000	143200000	29
chr2	148300000	149200000	18
chr2	148850000	150000000	23
chr2	149400000	151100000	34
chr2	149700000	150400000	14
chr2	149900000	149000000	18
chr2	153250000	154750000	30
chr2	153750000	154400000	13
chr2	155200000	155950000	15
chr2	158150000	159000000	17
chr2	158450000	160250000	36
chr2	162050000	162650000	12
chr2	162750000	161250000	30
chr2	163500000	161600000	38
chr2	163600000	164450000	17
chr2	166150000	168850000	54
chr2	167300000	167500000	4
chr2	168500000	169500000	20
chr2	170750000	170000000	15
chr2	170850000	171250000	8
chr2	171150000	171850000	14
chr2	171850000	173350000	30
chr2	172900000	174600000	34
chr2	173500000	172950000	11
chr2	173850000	174900000	21
chr2	174150000	174800000	13
chr2	174850000	174000000	17
chr2	175050000	175750000	14
chr2	175050000	176550000	30
chr2	175150000	176750000	32
chr2	176650000	175550000	22
chr2	177200000	175150000	41
chr2	177550000	176550000	20
chr2	177850000	176400000	29
chr2	178050000	178500000	9
chr2	178300000	179300000	20
chr2	178850000	177950000	18
chr2	179450000	177300000	43
chr2	179550000	180700000	23
chr2	180550000	181400000	17
chr3	  1900000	   500000	28
chr3	  3200000	  4550000	27
chr3	  4000000	  3000000	20
chr3	  5800000	  6550000	15
chr3	  6450000	  7850000	28
chr3	  6550000	  7450000	18
chr3	  6600000	  7600000	20
chr3	 11650000	 11100000	11
chr3	 12100000	 12700000	12
chr3	 12850000	 11850000	20
chr3	 12850000	 13650000	16
chr3	 14650000	 13600000	21
chr3	 15150000	 14150000	20
chr3	 15400000	 17650000	45
chr3	 18100000	 16400000	34
chr3	 18350000	 16850000	30
chr3	 19450000	 20250000	16
chr3	 19700000	 21500000	36
chr3	 23100000	 22700000	8
chr3	 24950000	 23900000	21
chr3	 26950000	 28500000	31
chr3	 27700000	 27250000	9
chr3	 28400000	 30250000	37
chr3	 29000000	 30200000	24
chr3	 30100000	 30700000	12
chr3	 31400000	 32350000	19
chr3	 31850000	 32050000	4
chr3	 32250000	 33100000	17
chr3	 32300000	 31000000	26
chr3	 34750000	 33400000	27
chr3	 36750000	 38500000	35
chr3	 36900000	 37950000	21
chr3	 37750000	 38250000	10
chr3	 40750000	 41600000	17
chr3	 41800000	 42100000	6
chr3	 41800000	 43350000	31
chr3	 42200000	 41600000	12
chr3	 42300000	 40550000	35
chr3	 42850000	 41600000	25
chr3	 48850000	 49350000	10
chr3	 49050000	 47600000	29
chr3	 49550000	 49100000	9
chr3	 51900000	 52700000	16
chr3	 57050000	 55850000	24
chr3	 58200000	 60350000	43
chr3	 58850000	 57050000	36
chr3	 60350000	 59900000	9
chr3	 60550000	 59250000	26
chr3	 61750000	 60250000	30
chr3	 62150000	 60950000	24
chr3	 64650000	 65350000	14
chr3	 65050000	 65800000	15
chr3	 65100000	 68050000	59
chr3	 65150000	 67450000	46
chr3	 68200000	 67700000	10
chr3	 68750000	 67100000	33
chr3	 70150000	 69900000	5
chr3	 71450000	 69500000	39
chr3	 71650000	 71300000	7
chr3	 72050000	 72600000	11
chr3	 72150000	 71050000	22
chr3	 73600000	 74450000	17
chr3	 75200000	 75900000	14
chr3	 75750000	 77050000	26
chr3	 77450000	 77700000	5
chr3	 78000000	 78950000	19
chr3	 79500000	 80450000	19
chr3	 79800000	 78950000	17
chr3	 81000000	 80400000	12
chr3	 82900000	 83600000	14
chr3	 86950000	 88450000	30
chr3	 88350000	 89200000	17
chr3	 90100000	 87050000	61
chr3	 90100000	 90850000	15
chr3	 91500000	 92850000	27
chr3	 92150000	 91150000	20
chr3	 92150000	 91500000	13
chr3	 92150000	 91800000	7
chr3	 92300000	 91750000	11
chr3	 93550000	 92450000	22
chr3	 94900000	 95950000	21
chr3	 95900000	 93000000	58
chr3	 95900000	 98400000	50
chr3	 96100000	 97150000	21
chr3	 96550000	 95400000	23
chr3	 96700000	 96500000	4
chr3	 96750000	 97250000	10
chr3	 98150000	 97650000	10
chr3	 99900000	 98500000	28
chr3	100850000	101600000	15
chr3	102100000	103300000	24
chr3	102200000	102450000	5
chr3	102650000	101850000	16
chr3	106450000	107650000	24
chr3	110600000	111650000	21
chr3	110650000	113300000	53
chr3	111100000	112200000	22
chr3	111650000	110250000	28
chr3	112750000	114650000	38
chr3	113000000	112000000	20
chr3	113600000	117150000	71
chr3	114350000	114100000	5
chr3	115350000	116300000	19
chr3	115350000	116400000	21
chr3	117050000	119650000	52
chr3	119400000	118550000	17
chr3	122900000	124200000	26
chr3	123350000	121600000	35
chr3	126900000	126900000	0
chr3	129500000	130400000	18
chr3	129900000	132100000	44
chr3	131250000	131950000	14
chr3	132050000	130850000	24
chr3	132250000	134550000	46
chr3	138600000	137750000	17
chr3	138800000	137300000	30
chr3	138850000	139950000	22
chr3	140250000	139400000	17
chr3	144100000	142350000	35
chr3	146500000	143800000	54
chr3	150700000	149950000	15
chr3	152050000	148800000	65
chr3	152650000	152100000	11
chr3	153700000	154350000	13
chr3	154150000	151050000	62
chr3	156000000	155450000	11
chr3	156450000	157950000	30
chr3	157500000	156650000	17
chr3	157900000	158350000	9
chr3	157950000	157300000	13
chr3	159450000	158900000	11
chr4	   350000	  2050000	34
chr4	   900000	  2700000	36
chr4	  1850000	  2650000	16
chr4	  3650000	  5550000	38
chr4	  4550000	  5850000	26
chr4	  5750000	  4000000	35
chr4	  5950000	  4250000	34
chr4	  6900000	  8000000	22
chr4	  6950000	  6200000	15
chr4	  7900000	  5350000	51
chr4	 11850000	 12450000	12
chr4	 13100000	 14300000	24
chr4	 13150000	 14600000	29
chr4	 14050000	 11550000	50
chr4	 14150000	 15400000	25
chr4	 16650000	 17850000	24
chr4	 18550000	 19500000	19
chr4	 18550000	 19750000	24
chr4	 19550000	 19100000	9
chr4	 20150000	 18950000	24
chr4	 21450000	 22650000	24
chr4	 24400000	 24900000	10
chr4	 24950000	 23650000	26
chr4	 25050000	 26000000	19
chr4	 27050000	 29300000	45
chr4	 30000000	 28550000	29
chr4	 30300000	 31350000	21
chr4	 31350000	 30450000	18
chr4	 36300000	 37050000	15
chr4	 38600000	 39600000	20
chr4	 39200000	 40350000	23
chr4	 40950000	 41250000	6
chr4	 41650000	 42050000	8
chr4	 43050000	 46000000	59
chr4	 44300000	 42800000	30
chr4	 45850000	 45300000	11
chr4	 46000000	 47650000	33
chr4	 46450000	 47550000	22
chr4	 47100000	 47450000	7
chr4	 48100000	 48950000	17
chr4	 49150000	 49500000	7
chr4	 49300000	 48850000	9
chr4	 49650000	 50000000	7
chr4	 52400000	 51700000	14
chr4	 52950000	 51900000	21
chr4	 53400000	 54250000	17
chr4	 55900000	 54750000	23
chr4	 56750000	 55950000	16
chr4	 57250000	 55900000	27
chr4	 57250000	 55950000	26
chr4	 57950000	 55900000	41
chr4	 62100000	 64500000	48
chr4	 62850000	 64000000	23
chr4	 63650000	 64450000	16
chr4	 63700000	 62050000	33
chr4	 64400000	 65400000	20
chr4	 65850000	 65200000	13
chr4	 67750000	 69650000	38
chr4	 68900000	 70500000	32
chr4	 70500000	 68700000	36
chr4	 71200000	 71800000	12
chr4	 71400000	 72450000	21
chr4	 71550000	 68700000	57
chr4	 72150000	 73050000	18
chr4	 76150000	 78200000	41
chr4	 76600000	 75900000	14
chr4	 77400000	 75900000	30
chr4	 78650000	 81100000	49
chr4	 79400000	 81750000	47
chr4	 81300000	 81000000	6
chr4	 82550000	 81150000	28
chr4	 82750000	 82000000	15
chr4	 82900000	 84550000	33
chr4	 83250000	 81350000	38
chr4	 83500000	 81750000	35
chr4	 83750000	 84500000	15
chr4	 84650000	 83200000	29
chr4	 84750000	 84300000	9
chr4	 84850000	 83550000	26
chr4	 85450000	 86050000	12
chr4	 86550000	 87550000	20
chr4	 86700000	 85800000	18
chr4	 88300000	 88750000	9
chr4	 89600000	 91350000	35
chr4	 90900000	 92350000	29
chr4	 92750000	 93950000	24
chr4	 93500000	 92700000	16
chr4	 94650000	 93650000	20
chr4	 95250000	 93950000	26
chr4	 95900000	 96550000	13
chr4	 96250000	 96850000	12
chr4	 97000000	 98600000	32
chr4	 99500000	 98350000	23
chr4	102600000	102950000	7
chr4	102800000	100900000	38
chr4	103250000	102550000	14
chr4	104400000	104800000	8
chr4	104450000	105750000	26
chr4	106150000	105700000	9
chr4	107200000	109600000	48
chr4	107350000	106750000	12
chr4	108500000	109800000	26
chr4	108600000	111950000	67
chr4	109050000	111050000	40
chr4	112350000	113300000	19
chr4	114100000	112550000	31
chr4	116800000	115500000	26
chr4	117600000	116550000	21
chr4	118150000	117750000	8
chr4	118700000	119750000	21
chr4	122450000	121500000	19
chr4	122750000	122350000	8
chr4	125100000	125800000	14
chr4	125200000	126500000	26
chr4	126300000	125300000	20
chr4	126500000	126100000	8
chr4	128150000	126900000	25
chr4	131050000	129500000	31
chr4	134750000	136900000	43
chr4	135250000	131350000	78
chr4	136450000	135650000	16
chr4	137600000	138400000	16
chr4	139450000	138650000	16
chr4	142750000	141950000	16
chr4	143050000	141150000	38
chr4	144450000	146400000	39
chr4	148750000	148750000	0
chr4	151150000	148250000	58
chr4	152900000	151350000	31
chr4	154950000	152950000	40
chr5	  1350000	   900000	9
chr5	  3400000	  4050000	13
chr5	  3800000	  1650000	43
chr5	  7150000	  8050000	18
chr5	 10950000	  7100000	77
chr5	 11350000	 12200000	17
chr5	 12850000	 13300000	9
chr5	 12900000	 13350000	9
chr5	 13800000	 13300000	10
chr5	 14200000	 15100000	18
chr5	 17800000	 16800000	20
chr5	 18800000	 19700000	18
chr5	 20600000	 22600000	40
chr5	 20750000	 21450000	14
chr5	 21250000	 20550000	14
chr5	 25500000	 24900000	12
chr5	 25500000	 26650000	23
chr5	 26650000	 27700000	21
chr5	 27200000	 26300000	18
chr5	 29350000	 27750000	32
chr5	 29600000	 31000000	28
chr5	 29750000	 30650000	18
chr5	 34150000	 32100000	41
chr5	 38250000	 36450000	36
chr5	 39500000	 39200000	6
chr5	 41150000	 39500000	33
chr5	 42000000	 43350000	27
chr5	 44100000	 40150000	79
chr5	 45550000	 46150000	12
chr5	 46600000	 45200000	28
chr5	 47750000	 45950000	36
chr5	 47850000	 46650000	24
chr5	 48700000	 47400000	26
chr5	 49500000	 49050000	9
chr5	 49550000	 50800000	25
chr5	 51350000	 51000000	7
chr5	 51800000	 50500000	26
chr5	 52900000	 54700000	36
chr5	 53650000	 54450000	16
chr5	 53700000	 53100000	12
chr5	 55150000	 54550000	12
chr5	 56500000	 57700000	24
chr5	 57350000	 55350000	40
chr5	 59200000	 59750000	11
chr5	 60050000	 59900000	3
chr5	 61200000	 61200000	0
chr5	 62100000	 61400000	14
chr5	 63550000	 62650000	18
chr5	 65850000	 65200000	13
chr5	 67150000	 66450000	14
chr5	 72250000	 74800000	51
chr5	 72550000	 72050000	10
chr5	 74300000	 74850000	11
chr5	 75700000	 75150000	11
chr5	 75950000	 74200000	35
chr5	 76100000	 77250000	23
chr5	 76350000	 75500000	17
chr5	 76400000	 77200000	16
chr5	 76400000	 78900000	50
chr5	 77350000	 78250000	18
chr5	 77750000	 78950000	24
chr5	 85450000	 82150000	66
chr5	 86200000	 85700000	10
chr5	 86450000	 87000000	11
chr5	 86500000	 87000000	10
chr5	 87000000	 87600000	12
chr5	 88150000	 89450000	26
chr5	 88450000	 87700000	15
chr5	 89350000	 88500000	17
chr5	 89550000	 91200000	33
chr5	 89800000	 92400000	52
chr5	 91050000	 92050000	20
chr5	 93450000	 92400000	21
chr5	 95400000	 94200000	24
chr5	 95600000	 95850000	5
chr5	 96350000	 97000000	13
chr5	 99700000	100100000	8
chr5	100850000	101950000	22
chr5	101650000	101000000	13
chr5	101800000	103200000	28
chr5	102850000	101500000	27
chr5	103600000	105000000	28
chr5	107650000	108550000	18
chr5	107900000	106200000	34
chr5	108100000	109400000	26
chr5	110000000	111300000	26
chr5	111800000	112500000	14
chr5	113300000	112700000	12
chr5	114900000	113200000	34
chr5	115050000	116750000	34
chr5	119600000	118150000	29
chr5	120550000	119200000	27
chr5	121100000	120650000	9
chr5	122150000	120100000	41
chr5	122250000	121250000	20
chr5	122500000	121750000	15
chr5	123400000	122500000	18
chr5	126450000	124400000	41
chr5	126550000	125050000	30
chr5	127050000	126700000	7
chr5	128100000	128900000	16
chr5	128100000	129350000	25
chr5	128750000	129600000	17
chr5	128900000	130700000	36
chr5	129050000	130350000	26
chr5	130000000	131750000	35
chr5	130800000	131100000	6
chr5	132100000	134250000	43
chr5	133000000	131450000	31
chr5	134450000	135150000	14
chr5	136100000	134900000	24
chr5	139150000	138800000	7
chr5	142750000	143150000	8
chr5	144700000	143800000	18
chr5	144950000	146650000	34
chr5	145550000	145850000	6
chr5	146600000	148150000	31
chr5	148250000	147950000	6
chr5	149200000	147000000	44
chr5	149200000	150550000	27
chr6	   800000	  2850000	41
chr6	  1300000	  2400000	22
chr6	  1950000	  3500000	31
chr6	  6300000	  6950000	13
chr6	  7600000	  8550000	19
chr6	  9850000	  8750000	22
chr6	 10400000	 10800000	8
chr6	 11600000	 12550000	19
chr6	 12300000	 11450000	17
chr6	 13050000	 12800000	5
chr6	 14150000	 13300000	17
chr6	 15450000	 14650000	16
chr6	 15500000	 14950000	11
chr6	 18300000	 17300000	20
chr6	 19950000	 21600000	33
chr6	 20950000	 19950000	20
chr6	 21550000	 22750000	24
chr6	 22250000	 23100000	17
chr6	 22350000	 23150000	16
chr6	 24350000	 23450000	18
chr6	 25700000	 24450000	25
chr6	 25800000	 27800000	40
chr6	 27550000	 28400000	17
chr6	 28500000	 26150000	47
chr6	 37350000	 36500000	17
chr6	 37550000	 36150000	28
chr6	 37950000	 37550000	8
chr6	 38000000	 39500000	30
chr6	 38800000	 39750000	19
chr6	 43150000	 43550000	8
chr6	 44100000	 43150000	19
chr6	 44750000	 47800000	61
chr6	 45400000	 44900000	10
chr6	 45550000	 44950000	12
chr6	 48100000	 49350000	25
chr6	 48350000	 47750000	12
chr6	 49550000	 49100000	9
chr6	 50500000	 50050000	9
chr6	 51650000	 52400000	15
chr6	 51650000	 52650000	20
chr6	 51750000	 50750000	20
chr6	 52550000	 53000000	9
chr6	 53150000	 52750000	8
chr6	 53650000	 52350000	26
chr6	 54150000	 55050000	18
chr6	 54950000	 55950000	20
chr6	 55350000	 56400000	21
chr6	 56300000	 56850000	11
chr6	 57050000	 57550000	10
chr6	 59400000	 60850000	29
chr6	 61900000	 63100000	24
chr6	 62450000	 64050000	32
chr6	 64200000	 65250000	21
chr6	 65450000	 66650000	24
chr6	 68850000	 67000000	37
chr6	 68950000	 68350000	12
chr6	 69000000	 70800000	36
chr6	 70900000	 69700000	24
chr6	 73400000	 72600000	16
chr6	 74400000	 70800000	72
chr6	 75050000	 74500000	11
chr6	 77050000	 75650000	28
chr6	 78150000	 79450000	26
chr6	 79450000	 80750000	26
chr6	 79500000	 79600000	2
chr6	 80100000	 79500000	12
chr6	 80650000	 80100000	11
chr6	 81450000	 82100000	13
chr6	 82100000	 83100000	20
chr6	 83000000	 82100000	18
chr6	 83750000	 85350000	32
chr6	 84350000	 83300000	21
chr6	 88950000	 88350000	12
chr6	 90100000	 88300000	36
chr6	 90300000	 92600000	46
chr6	 91800000	 92300000	10
chr6	 92250000	 91750000	10
chr6	 93100000	 90900000	44
chr6	 93450000	 94200000	15
chr6	 93850000	 95850000	40
chr6	 95150000	 96050000	18
chr6	 95650000	 96350000	14
chr6	 95650000	 96450000	16
chr6	 96800000	 97650000	17
chr6	 99100000	 95400000	74
chr6	101150000	 99850000	26
chr6	104450000	105350000	18
chr6	105600000	107500000	38
chr6	105900000	103300000	52
chr6	108400000	107750000	13
chr6	108900000	108650000	5
chr6	109700000	108900000	16
chr6	110800000	109500000	26
chr6	111750000	110000000	35
chr6	112150000	113050000	18
chr6	112450000	112800000	7
chr6	112550000	114500000	39
chr6	113800000	114450000	13
chr6	113900000	114850000	19
chr6	114350000	116550000	44
chr6	115100000	115400000	6
chr6	115450000	116550000	22
chr6	116250000	117350000	22
chr6	116750000	117950000	24
chr6	122100000	120850000	25
chr6	122250000	121650000	12
chr6	123150000	122000000	23
chr6	123950000	122550000	28
chr6	124750000	124000000	15
chr6	127700000	127300000	8
chr6	127850000	128350000	10
chr6	132100000	134050000	39
chr6	133250000	132600000	13
chr6	134350000	135250000	18
chr6	135800000	134100000	34
chr6	135950000	135400000	11
chr6	136900000	137850000	19
chr6	138050000	137700000	7
chr6	138100000	139300000	24
chr6	139350000	139750000	8
chr6	141800000	142700000	18
chr6	144250000	144250000	0
chr6	144700000	143000000	34
chr6	145800000	146200000	8
chr6	147350000	146050000	26
chr6	149050000	148250000	16
chr7	  1150000	  2850000	34
chr7	  1400000	  2100000	14
chr7	  3600000	  5400000	36
chr7	  4700000	  3850000	17
chr7	  7100000	  5600000	30
chr7	  7550000	  8200000	13
chr7	  9050000	  8400000	13
chr7	  9750000	 11000000	25
chr7	 10700000	  9600000	22
chr7	 11600000	 10550000	21
chr7	 13050000	 13850000	16
chr7	 13850000	 15250000	28
chr7	 16550000	 14700000	37
chr7	 17800000	 18550000	15
chr7	 19800000	 18650000	23
chr7	 19800000	 20800000	20
chr7	 21400000	 20950000	9
chr7	 22650000	 21950000	14
chr7	 26250000	 24650000	32
chr7	 30600000	 31200000	12
chr7	 37300000	 37750000	9
chr7	 37750000	 36200000	31
chr7	 37800000	 38750000	19
chr7	 37950000	 36900000	21
chr7	 40700000	 41450000	15
chr7	 41200000	 42400000	24
chr7	 41600000	 40000000	32
chr7	 41800000	 42700000	18
chr7	 42950000	 43400000	9
chr7	 43750000	 46050000	46
chr7	 43850000	 42950000	18
chr7	 45150000	 47000000	37
chr7	 46200000	 48200000	40
chr7	 46250000	 47050000	16
chr7	 47400000	 46250000	23
chr7	 47900000	 47050000	17
chr7	 48300000	 47650000	13
chr7	 48400000	 46550000	37
chr7	 48550000	 50600000	41
chr7	 48600000	 47600000	20
chr7	 50050000	 49350000	14
chr7	 50200000	 49300000	18
chr7	 50700000	 53250000	51
chr7	 51100000	 50450000	13
chr7	 53100000	 52350000	15
chr7	 55250000	 53850000	28
chr7	 56200000	 54900000	26
chr7	 57800000	 57200000	12
chr7	 58100000	 58750000	13
chr7	 58250000	 56150000	42
chr7	 58400000	 59850000	29
chr7	 58450000	 59250000	16
chr7	 60350000	 59950000	8
chr7	 65400000	 64950000	9
chr7	 66700000	 68050000	27
chr7	 70650000	 72050000	28
chr7	 71150000	 73550000	48
chr7	 71300000	 70150000	23
chr7	 72300000	 71750000	11
chr7	 73400000	 72850000	11
chr7	 73550000	 72700000	17
chr7	 73900000	 74800000	18
chr7	 74400000	 76300000	38
chr7	 75150000	 74500000	13
chr7	 76650000	 75350000	26
chr7	 76900000	 75700000	24
chr7	 80450000	 81950000	30
chr7	 82050000	 83900000	37
chr7	 83150000	 81100000	41
chr7	 83300000	 84800000	30
chr7	 85000000	 85400000	8
chr7	 85150000	 85650000	10
chr7	 85300000	 86000000	14
chr7	 88650000	 90350000	34
chr7	 88750000	 87450000	26
chr7	 89650000	 90250000	12
chr7	 91300000	 90250000	21
chr7	 93150000	 92600000	11
chr7	 93550000	 92850000	14
chr7	 95050000	 94250000	16
chr7	 97400000	 98750000	27
chr7	 99350000	 97600000	35
chr7	101900000	100550000	27
chr7	102250000	100850000	28
chr7	103100000	101850000	25
chr7	103500000	102700000	16
chr7	105400000	106200000	16
chr7	107850000	109650000	36
chr7	109000000	108000000	20
chr7	109400000	110450000	21
chr7	112800000	113500000	14
chr7	113350000	112200000	23
chr7	113950000	113650000	6
chr7	114950000	116300000	27
chr7	115250000	115750000	10
chr7	116450000	114750000	34
chr7	117550000	116350000	24
chr7	117850000	117300000	11
chr7	119750000	117800000	39
chr7	121050000	120100000	19
chr7	121500000	122000000	10
chr7	122150000	122700000	11
chr7	125100000	124100000	20
chr7	125100000	125500000	8
chr7	126350000	126200000	3
chr7	127050000	127250000	4
chr7	128350000	127300000	21
chr7	128900000	129400000	10
chr7	131000000	132200000	24
chr7	131550000	130250000	26
chr7	132600000	133650000	21
chr7	133300000	132750000	11
chr7	133550000	130450000	62
chr7	134250000	136050000	36
chr7	136400000	135050000	27
chr7	136600000	138100000	30
chr7	137350000	135750000	32
chr7	138300000	135050000	65
chr7	139100000	138350000	15
chr7	139600000	138600000	20
chr7	139600000	138900000	14
chr7	141400000	142100000	14
chr7	141500000	142450000	19
chr7	141650000	143100000	29
chr7	142050000	141300000	15
chr7	143650000	144100000	9
chr7	144500000	144300000	4
chr8	  2450000	  3500000	21
chr8	  3250000	  5050000	36
chr8	  3700000	  4650000	19
chr8	  5850000	  4800000	21
chr8	  6000000	  6400000	8
chr8	  6900000	  8150000	25
chr8	  8800000	  7850000	19
chr8	  9400000	  8050000	27
chr8	  9550000	  9150000	8
chr8	 10000000	  6800000	64
chr8	 10500000	 11600000	22
chr8	 10900000	  9650000	25
chr8	 11050000	 12350000	26
chr8	 12150000	 11700000	9
chr8	 12350000	 14150000	36
chr8	 14150000	 14650000	10
chr8	 14550000	 13900000	13
chr8	 17800000	 16950000	17
chr8	 20800000	 21250000	9
chr8	 25850000	 25250000	12
chr8	 25950000	 26500000	11
chr8	 26850000	 26500000	7
chr8	 28550000	 28950000	8
chr8	 31150000	 32550000	28
chr8	 32000000	 30700000	26
chr8	 33200000	 32200000	20
chr8	 33850000	 34700000	17
chr8	 34600000	 34050000	11
chr8	 37300000	 38250000	19
chr8	 38200000	 38650000	9
chr8	 38350000	 37350000	20
chr8	 38350000	 37450000	18
chr8	 38550000	 37100000	29
chr8	 39550000	 40200000	13
chr8	 39600000	 41150000	31
chr8	 44000000	 42950000	21
chr8	 44300000	 45700000	28
chr8	 44550000	 44000000	11
chr8	 44850000	 44000000	17
chr8	 47950000	 49850000	38
chr8	 48100000	 47150000	19
chr8	 48450000	 47900000	11
chr8	 50000000	 49350000	13
chr8	 51950000	 53250000	26
chr8	 53450000	 56100000	53
chr8	 54600000	 55350000	15
chr8	 55250000	 57250000	40
chr8	 59800000	 58450000	27
chr8	 61100000	 59700000	28
chr8	 62550000	 63250000	14
chr8	 64900000	 63250000	33
chr8	 65650000	 63250000	48
chr8	 65900000	 67100000	24
chr8	 66800000	 66050000	15
chr8	 68100000	 67350000	15
chr8	 69150000	 70600000	29
chr8	 69950000	 70450000	10
chr8	 71200000	 71900000	14
chr8	 71500000	 72250000	15
chr8	 75650000	 74150000	30
chr8	 75750000	 76450000	14
chr8	 75850000	 74000000	37
chr8	 76000000	 74400000	32
chr8	 76250000	 74200000	41
chr8	 76300000	 77200000	18
chr8	 77300000	 78000000	14
chr8	 80250000	 79150000	22
chr8	 81700000	 80050000	33
chr8	 85850000	 85000000	17
chr8	 86300000	 85350000	19
chr8	 86900000	 86050000	17
chr8	 88800000	 89600000	16
chr8	 88900000	 89300000	8
chr8	 91600000	 92300000	14
chr8	 92100000	 91400000	14
chr8	 94500000	 93550000	19
chr8	 96350000	 97700000	27
chr8	 97400000	 96150000	25
chr8	 97500000	 98950000	29
chr8	 99850000	100700000	17
chr8	101350000	100500000	17
chr8	102650000	101600000	21
chr8	104800000	105850000	21
chr8	105550000	106650000	22
chr8	105800000	107150000	27
chr8	106250000	104900000	27
chr8	106550000	105800000	15
chr8	108700000	104200000	90
chr8	108850000	109200000	7
chr8	109350000	108450000	18
chr8	109750000	110450000	14
chr8	112250000	111650000	12
chr8	112450000	113050000	12
chr8	113450000	114850000	28
chr8	113900000	112750000	23
chr8	115300000	115950000	13
chr8	118350000	116200000	43
chr8	119350000	114400000	99
chr8	120100000	119400000	14
chr8	121050000	120200000	17
chr8	123050000	121850000	24
chr8	126200000	125600000	12
chr8	126950000	125700000	25
chr8	127150000	127750000	12
chr8	128300000	129350000	21
chr9	  2900000	  3400000	10
chr9	  3300000	  1750000	31
chr9	  4500000	  3750000	15
chr9	  4500000	  5850000	27
chr9	  7900000	  9300000	28
chr9	 11900000	 12750000	17
chr9	 13050000	 13850000	16
chr9	 16450000	 16000000	9
chr9	 16900000	 15250000	33
chr9	 17900000	 18450000	11
chr9	 18150000	 17200000	19
chr9	 22150000	 23650000	30
chr9	 26450000	 27250000	16
chr9	 27750000	 28700000	19
chr9	 30650000	 30300000	7
chr9	 32000000	 30900000	22
chr9	 32350000	 33300000	19
chr9	 35750000	 35250000	10
chr9	 36350000	 37750000	28
chr9	 38050000	 37700000	7
chr9	 39050000	 39300000	5
chr9	 39300000	 40950000	33
chr9	 40100000	 39750000	7
chr9	 40400000	 41350000	19
chr9	 44700000	 44800000	2
chr9	 48750000	 50500000	35
chr9	 48900000	 46300000	52
chr9	 51150000	 52450000	26
chr9	 51350000	 53300000	39
chr9	 52150000	 53150000	20
chr9	 55600000	 56750000	23
chr9	 55650000	 54250000	28
chr9	 58350000	 56750000	32
chr9	 60150000	 58450000	34
chr9	 60250000	 62100000	37
chr9	 60750000	 60100000	13
chr9	 61050000	 60350000	14
chr9	 65550000	 66650000	22
chr9	 66100000	 67500000	28
chr9	 67150000	 65700000	29
chr9	 67550000	 68700000	23
chr9	 68000000	 69250000	25
chr9	 70850000	 71750000	18
chr9	 71200000	 71950000	15
chr9	 71450000	 74150000	54
chr9	 72350000	 74200000	37
chr9	 72700000	 73700000	20
chr9	 73350000	 72600000	15
chr9	 75850000	 74700000	23
chr9	 78500000	 78050000	9
chr9	 79600000	 78350000	25
chr9	 81900000	 82200000	6
chr9	 82050000	 82500000	9
chr9	 83050000	 83850000	16
chr9	 84300000	 83050000	25
chr9	 85950000	 86700000	15
chr9	 86750000	 86400000	7
chr9	 87400000	 90400000	60
chr9	 88000000	 88500000	10
chr9	 90050000	 91450000	28
chr9	 90250000	 91000000	15
chr9	 92600000	 94450000	37
chr9	 92700000	 93800000	22
chr9	 92900000	 90800000	42
chr9	 95800000	 95050000	15
chr9	 97050000	 92400000	93
chr9	 97150000	 96750000	8
chr9	104100000	103350000	15
chr9	106550000	107250000	14
chr9	106750000	105500000	25
chr9	106800000	106000000	16
chr9	107750000	108250000	10
chr9	108700000	109350000	13
chr9	109000000	109400000	8
chr9	113000000	113950000	19
chr9	113350000	111900000	29
chr9	114350000	113800000	11
chr9	116300000	115200000	22
chr9	116500000	116900000	8
chr9	118950000	121200000	45
chr9	119750000	118950000	16
chr9	120200000	121100000	18
chr9	120250000	120800000	11
chr9	122050000	122300000	5
chr9	122100000	123000000	18
chr9	122150000	123200000	21
chrX	   200000	  1900000	34
chrX	   900000	  1700000	16
chrX	  2100000	   800000	26
chrX	  2600000	  1950000	13
chrX	  4500000	  5300000	16
chrX	  5500000	  6100000	12
chrX	  8400000	  9750000	27
chrX	  8550000	  9100000	11
chrX	  9050000	  8700000	7
chrX	 11050000	 10200000	17
chrX	 11550000	 10350000	24
chrX	 11550000	 10850000	14
chrX	 11900000	 14050000	43
chrX	 18950000	 17800000	23
chrX	 19050000	 19350000	6
chrX	 19550000	 18400000	23
chrX	 21800000	 22350000	11
chrX	 22500000	 21600000	18
chrX	 23050000	 22000000	21
chrX	 23300000	 24400000	22
chrX	 24000000	 22600000	28
chrX	 24850000	 25650000	16
chrX	 24900000	 26800000	38
chrX	 26350000	 28400000	41
chrX	 26900000	 25750000	23
chrX	 28400000	 28950000	11
chrX	 29850000	 28600000	25
chrX	 31200000	 32300000	22
chrX	 31450000	 33750000	46
chrX	 33100000	 34750000	33
chrX	 38500000	 38500000	0
chrX	 39150000	 38000000	23
chrX	 39300000	 38950000	7
chrX	 39400000	 39900000	10
chrX	 41100000	 38700000	48
chrX	 41250000	 42400000	23
chrX	 42750000	 43150000	8
chrX	 48800000	 48300000	10
chrX	 49100000	 50100000	20
chrX	 51550000	 50650000	18
chrX	 51900000	 53650000	35
chrX	 51950000	 51000000	19
chrX	 53000000	 53600000	12
chrX	 54650000	 53600000	21
chrX	 55550000	 54650000	18
chrX	 56250000	 56750000	10
chrX	 56600000	 57000000	8
chrX	 57350000	 56050000	26
chrX	 59750000	 59050000	14
chrX	 63900000	 63100000	16
chrX	 66450000	 65300000	23
chrX	 67900000	 66650000	25
chrX	 68700000	 69350000	13
chrX	 69150000	 67900000	25
chrX	 70400000	 70900000	10
chrX	 70450000	 71250000	16
chrX	 70950000	 71350000	8
chrX	 72500000	 71350000	23
chrX	 72900000	 74150000	25
chrX	 75550000	 76550000	20
chrX	 75550000	 76750000	24
chrX	 76300000	 78000000	34
chrX	 82950000	 85050000	42
chrX	 83200000	 81350000	37
chrX	 84500000	 83650000	17
chrX	 88100000	 89500000	28
chrX	 88950000	 87800000	23
chrX	 88950000	 87900000	21
chrX	 89650000	 90750000	22
chrX	 90200000	 91400000	24
chrX	 91100000	 90150000	19
chrX	 92000000	 92750000	15
chrX	 93600000	 92350000	25
chrX	 96800000	 95900000	18
chrX	 98100000	 98800000	14
chrX	101700000	102400000	14
chrX	102850000	103750000	18
chrX	105200000	105500000	6
chrX	110050000	108650000	28
chrX	110700000	109000000	34
chrX	111400000	109150000	45
chrX	111600000	112350000	15
chrX	112950000	113800000	17
chrX	113400000	112400000	20
chrX	113850000	113100000	15
chrX	118400000	119600000	24
chrX	119050000	118400000	13
chrX	120200000	121550000	27
chrX	120950000	119950000	20
chrX	121100000	122100000	20
chrX	121250000	119650000	32
chrX	131950000	129500000	49
chrX	132250000	133300000	21
chrX	132300000	133350000	21
chrX	133050000	131650000	28
chrX	133500000	135800000	46
chrX	136350000	136550000	4
chrX	137150000	136850000	6
chrX	138250000	139550000	26
chrX	141550000	142800000	25
chrX	142950000	141900000	21
chrX	144850000	144250000	12
chrX	145050000	143900000	23
chrX	148150000	146700000	29
chrX	149350000	150350000	20
chrX	150500000	153050000	51
chrX	154850000	156500000	33
chrX	155950000	152950000	60
chrX	156650000	155250000	28
chrX	157550000	155650000	38
chrX	160950000	161650000	14
chrX	161150000	159350000	36
chrX	162200000	164000000	36
chrX	162450000	159600000	57
chrX	162850000	161900000	19
chrX	163800000	162300000	30
chrX	164800000	163800000	20
chrX	164850000	165400000	11
chrX	165200000	166000000	16
chrX	166100000	168600000	50
chrX	167450000	166600000	17
chrX	170450000	169650000	16
chrY	   350000	  1300000	19
chrY	  1600000	  2550000	19
chrY	  2150000	  3150000	20
chrY	  2250000	  4450000	44
chrY	  2650000	  3900000	25
chrY	  2800000	  1350000	29
chrY	  5300000	  3650000	33
chrY	  6400000	  6000000	8
chrY	  7800000	  5850000	39
chrY	  8100000	  8850000	15
chrY	  8550000	  9600000	21
chrY	  8950000	  8500000	9
chrY	  9050000	  8200000	17
chrY	  9900000	  8950000	19
chrY	 10250000	 11100000	17
chrY	 10300000	 12000000	34
chrY	 11350000	 10050000	26
chrY	 11550000	 13300000	35
chrY	 13900000	 13200000	14
chrY	 14050000	 14300000	5
chrY	 14500000	 15700000	24
chrY	 14550000	 13350000	24
chrY	 15150000	 14050000	22
chrY	 16650000	 16100000	11
chrY	 19250000	 18000000	25
chrY	 20100000	 21850000	35
chrY	 21550000	 23250000	34
chrY	 22500000	 21750000	15
chrY	 22500000	 24050000	31
chrY	 23700000	 22550000	23
chrY	 30150000	 29400000	15
chrY	 30900000	 32650000	35
chrY	 30950000	 29000000	39
chrY	 31000000	 32200000	24
chrY	 33050000	 31450000	32
chrY	 35500000	 34500000	20
chrY	 36950000	 36500000	9
chrY	 37000000	 34550000	49
chrY	 38250000	 39350000	22
chrY	 39000000	 40050000	21
chrY	 39200000	 38700000	10
chrY	 39800000	 42000000	44
chrY	 40400000	 41400000	20
chrY	 43400000	 44950000	31
chrY	 43500000	 44150000	13
chrY	 43550000	 43900000	7
chrY	 44000000	 43300000	14
chrY	 45550000	 45000000	11
chrY	 46950000	 44900000	41
chrY	 50300000	 50850000	11
chrY	 50450000	 49550000	18
chrY	 51200000	 52300000	22
chrY	 52500000	 53450000	19
chrY	 55750000	 53950000	36
chrY	 57500000	 56650000	17
chrY	 59300000	 63900000	92
chrY	 63700000	 62800000	18
chrY	 63750000	 62800000	19
chrY	 65900000	 63500000	48
chrY	 66350000	 65550000	16
chrY	 68000000	 68750000	15
chrY	 68100000	 69450000	27
chrY	 69050000	 67900000	23
chrY	 71400000	 70650000	15
chrY	 71950000	 76800000	97
chrY	 72250000	 71050000	24
chrY	 74450000	 74450000	0
chrY	 76850000	 75550000	26
chrY	 79400000	 78600000	16
chrY	 80450000	 79650000	16
chrY	 82100000	 82450000	7
chrY	 82900000	 83950000	21
chrY	 84050000	 87300000	65
chrY	 84800000	 84350000	9
chrY	 85950000	 86950000	20
chrY	 88450000	 86750000	34
chrY	 88550000	 87550000	20
