chr1	   250000	  2150000	38
chr1	   550000	  1100000	11
chr1	  2800000	  3450000	13
chr1	  3150000	  2350000	16
chr1	  4150000	  2650000	30
chr1	  4400000	  3000000	28
chr1	  5000000	  3750000	25
chr1	  5500000	  5800000	6
chr1	  7700000	  9600000	38
chr1	  7850000	  9500000	33
chr1	 10750000	 12300000	31
chr1	 12500000	 14750000	45
chr1	 12950000	 10600000	47
chr1	 14950000	 16000000	21
chr1	 15550000	 17100000	31
chr1	 16300000	 17750000	29
chr1	 16850000	 16250000	12
chr1	 17850000	 17250000	12
chr1	 23950000	 25450000	30
chr1	 24450000	 24900000	9
chr1	 25700000	 26150000	9
chr1	 25950000	 26550000	12
chr1	 26400000	 25500000	18
chr1	 27600000	 26150000	29
chr1	 30050000	 29150000	18
chr1	 31150000	 32050000	18
chr1	 31900000	 31600000	6
chr1	 32000000	 30700000	26
chr1	 33100000	 37650000	91
chr1	 36750000	 39400000	53
chr1	 37550000	 36850000	14
chr1	 39900000	 40950000	21
chr1	 40100000	 42100000	40
chr1	 40800000	 42050000	25
chr1	 41050000	 41700000	13
chr1	 43350000	 41750000	32
chr1	 44700000	 45350000	13
chr1	 46550000	 45500000	21
chr1	 46800000	 47250000	9
chr1	 47400000	 48800000	28
chr1	 47650000	 48050000	8
chr1	 48600000	 47350000	25
chr1	 49200000	 48700000	10
chr1	 51300000	 50100000	24
chr1	 51450000	 52950000	30
chr1	 52700000	 52150000	11
chr1	 53150000	 51200000	39
chr1	 53500000	 54250000	15
chr1	 53950000	 57450000	70
chr1	 55200000	 54650000	11
chr1	 59100000	 61500000	48
chr1	 60400000	 59800000	12
chr1	 64000000	 63250000	15
chr1	 65900000	 64650000	25
chr1	 66550000	 68100000	31
chr1	 67300000	 68250000	19
chr1	 68550000	 66750000	36
chr1	 74700000	 75550000	17
chr1	 74950000	 74000000	19
chr1	 75200000	 77850000	53
chr1	 76100000	 73200000	58
chr1	 77600000	 76950000	13
chr1	 77750000	 80550000	56
chr1	 78400000	 79500000	22
chr1	 78550000	 79150000	12
chr1	 79000000	 77950000	21
chr1	 82650000	 82050000	12
chr1	 82850000	 82300000	11
chr1	 83950000	 85350000	28
chr1	 85300000	 84950000	7
chr1	 90800000	 90450000	7
chr1	 91550000	 90550000	20
chr1	 91950000	 93450000	30
chr1	 93750000	 95250000	30
chr1	 94450000	 93350000	22
chr1	 99300000	 99300000	0
chr1	 99900000	100650000	15
chr1	101600000	102000000	8
chr1	102050000	103200000	23
chr1	103000000	101500000	30
chr1	103350000	104300000	19
chr1	105950000	107650000	34
chr1	106300000	105200000	22
chr1	107300000	105900000	28
chr1	108800000	109000000	4
chr1	108800000	110550000	35
chr1	111200000	109750000	29
chr1	111850000	112300000	9
chr1	114300000	115450000	23
chr1	114950000	114550000	8
chr1	115050000	114750000	6
chr1	117400000	114700000	54
chr1	118650000	119650000	20
chr1	120800000	118900000	38
chr1	120900000	122000000	22
chr1	124100000	123000000	22
chr1	125100000	124300000	16
chr1	125450000	124650000	16
chr1	125900000	126600000	14
chr1	126000000	126600000	12
chr1	126400000	127250000	17
chr1	127700000	126850000	17
chr1	127900000	127000000	18
chr1	130500000	128450000	41
chr1	130900000	132200000	26
chr1	131050000	129800000	25
chr1	131400000	130400000	20
chr1	131550000	130700000	17
chr1	132950000	133250000	6
chr1	134000000	135850000	37
chr1	135150000	133600000	31
chr1	135900000	136900000	20
chr1	136800000	135150000	33
chr1	137350000	136600000	15
chr1	139150000	140100000	19
chr1	141150000	140500000	13
chr1	142750000	143600000	17
chr1	144300000	143350000	19
chr1	145150000	143000000	43
chr1	146600000	147050000	9
chr1	150700000	150150000	11
chr1	151150000	153300000	43
chr1	153650000	152800000	17
chr1	154900000	155550000	13
chr1	155250000	154050000	24
chr1	155450000	158200000	55
chr1	159200000	161800000	52
chr1	160200000	162050000	37
chr1	160900000	159150000	35
chr1	166100000	165300000	16
chr1	167200000	167500000	6
chr1	169500000	170600000	22
chr1	173100000	172400000	14
chr1	175200000	176000000	16
chr1	175800000	173950000	37
chr1	175800000	174700000	22
chr1	176700000	175700000	20
chr1	177550000	176400000	23
chr1	178350000	177350000	20
chr1	178700000	176550000	43
chr1	178750000	178150000	12
chr1	180850000	179350000	30
chr1	180850000	181750000	18
chr1	182000000	181100000	18
chr1	182000000	182550000	11
chr1	182800000	184550000	35
chr1	183050000	184300000	25
chr1	183250000	183850000	12
chr1	183600000	184250000	13
chr1	184350000	185250000	18
chr1	186750000	185450000	26
chr1	186800000	187900000	22
chr1	190950000	192000000	21
chr1	192900000	194050000	23
chr1	193450000	190600000	57
chr10	  5100000	  4250000	17
chr10	  5350000	  6300000	19
chr10	  7400000	  8800000	28
chr10	  9000000	  7750000	25
chr10	  9750000	  9150000	12
chr10	  9800000	  8950000	17
chr10	 11250000	 12200000	19
chr10	 11300000	 12350000	21
chr10	 12550000	 13050000	10
chr10	 12650000	 13650000	20
chr10	 13700000	 12700000	20
chr10	 15550000	 14550000	20
chr10	 15550000	 16150000	12
chr10	 16950000	 16050000	18
chr10	 19350000	 18450000	18
chr10	 19600000	 17600000	40
chr10	 19650000	 17700000	39
chr10	 19750000	 18550000	24
chr10	 21150000	 21700000	11
chr10	 21750000	 20700000	21
chr10	 22750000	 23950000	24
chr10	 23050000	 23550000	10
chr10	 25350000	 21900000	69
chr10	 25600000	 24150000	29
chr10	 26000000	 24650000	27
chr10	 26800000	 27450000	13
chr10	 30050000	 29250000	16
chr10	 30500000	 31350000	17
chr10	 32400000	 29500000	58
chr10	 35750000	 36350000	12
chr10	 36200000	 37600000	28
chr10	 39300000	 38950000	7
chr10	 39450000	 41000000	31
chr10	 41500000	 40600000	18
chr10	 41500000	 42100000	12
chr10	 41500000	 42950000	29
chr10	 46850000	 45650000	24
chr10	 46950000	 48750000	36
chr10	 47100000	 48150000	21
chr10	 48850000	 49700000	17
chr10	 48850000	 49900000	21
chr10	 49450000	 48850000	12
chr10	 49800000	 48650000	23
chr10	 50150000	 50700000	11
chr10	 50500000	 51800000	26
chr10	 50950000	 51650000	14
chr10	 53550000	 52300000	25
chr10	 54000000	 54600000	12
chr10	 54500000	 56300000	36
chr10	 54850000	 52900000	39
chr10	 57100000	 56100000	20
chr10	 57850000	 58650000	16
chr10	 58100000	 59950000	37
chr10	 59100000	 58600000	10
chr10	 59650000	 61950000	46
chr10	 59900000	 59200000	14
chr10	 60250000	 60900000	13
chr10	 63700000	 61950000	35
chr10	 67000000	 65700000	26
chr10	 69250000	 69850000	12
chr10	 70350000	 68300000	41
chr10	 70750000	 73000000	45
chr10	 71350000	 70200000	23
chr10	 71800000	 72450000	13
chr10	 71850000	 72550000	14
chr10	 73950000	 74650000	14
chr10	 74650000	 75450000	16
chr10	 76000000	 74700000	26
chr10	 76550000	 76950000	8
chr10	 76650000	 75600000	21
chr10	 79950000	 80200000	5
chr10	 81700000	 82200000	10
chr10	 82350000	 85050000	54
chr10	 84050000	 82600000	29
chr10	 88000000	 88650000	13
chr10	 88700000	 86200000	50
chr10	 92200000	 91200000	20
chr10	 92550000	 93500000	19
chr10	 93750000	 94750000	20
chr10	 94850000	 95750000	18
chr10	 95050000	 94200000	17
chr10	 95850000	 94400000	29
chr10	 96050000	 94850000	24
chr10	 97100000	 96450000	13
chr10	 98450000	 99800000	27
chr10	 99600000	103500000	78
chr10	 99950000	 99650000	6
chr10	100750000	 99500000	25
chr10	101150000	101900000	15
chr10	103950000	101950000	40
chr10	105100000	104200000	18
chr10	105150000	105550000	8
chr10	108100000	109050000	19
chr10	110850000	109200000	33
chr10	111850000	112350000	10
chr10	113850000	112600000	25
chr10	114800000	113700000	22
chr10	121350000	119600000	35
chr10	121800000	121350000	9
chr10	121850000	119150000	54
chr10	122300000	121750000	11
chr10	122350000	120700000	33
chr10	122550000	124400000	37
chr10	123400000	122750000	13
chr10	125950000	127000000	21
chr10	127650000	126800000	17
chr11	  2100000	  2850000	15
chr11	  2900000	  3400000	10
chr11	  6350000	  5400000	19
chr11	  7200000	  6900000	6
chr11	 13650000	 12950000	14
chr11	 13850000	 12200000	33
chr11	 14300000	 13800000	10
chr11	 14400000	 13200000	24
chr11	 15750000	 16350000	12
chr11	 16200000	 15050000	23
chr11	 17350000	 16600000	15
chr11	 17850000	 17550000	6
chr11	 19200000	 21300000	42
chr11	 21850000	 22550000	14
chr11	 25050000	 23750000	26
chr11	 25750000	 24850000	18
chr11	 26100000	 27400000	26
chr11	 26700000	 25150000	31
chr11	 30450000	 32050000	32
chr11	 30750000	 31600000	17
chr11	 31600000	 33650000	41
chr11	 32400000	 31500000	18
chr11	 34650000	 35600000	19
chr11	 37800000	 38850000	21
chr11	 40150000	 38550000	32
chr11	 41350000	 37850000	70
chr11	 42000000	 42000000	0
chr11	 42050000	 42900000	17
chr11	 43450000	 43800000	7
chr11	 45500000	 46300000	16
chr11	 45950000	 44800000	23
chr11	 48550000	 49400000	17
chr11	 48650000	 48150000	10
chr11	 48800000	 47800000	20
chr11	 49950000	 49150000	16
chr11	 50600000	 51950000	27
chr11	 52000000	 51450000	11
chr11	 52300000	 53100000	16
chr11	 56350000	 56850000	10
chr11	 56550000	 56250000	6
chr11	 58950000	 58150000	16
chr11	 59450000	 61150000	34
chr11	 59800000	 60550000	15
chr11	 61100000	 56150000	99
chr11	 62950000	 63550000	12
chr11	 63100000	 63800000	14
chr11	 64750000	 66400000	33
chr11	 65750000	 66400000	13
chr11	 66050000	 66400000	7
chr11	 66500000	 67200000	14
chr11	 67950000	 67450000	10
chr11	 68950000	 69450000	10
chr11	 70550000	 71650000	22
chr11	 71050000	 70200000	17
chr11	 71650000	 73000000	27
chr11	 72250000	 71050000	24
chr11	 74100000	 75400000	26
chr11	 74700000	 74300000	8
chr11	 76950000	 77850000	18
chr11	 77850000	 78750000	18
chr11	 77900000	 76200000	34
chr11	 79150000	 80300000	23
chr11	 79250000	 78950000	6
chr11	 81150000	 81800000	13
chr11	 82050000	 82850000	16
chr11	 82950000	 84750000	36
chr11	 84000000	 82550000	29
chr11	 84600000	 85100000	10
chr11	 84950000	 83650000	26
chr11	 85550000	 84400000	23
chr11	 86600000	 84550000	41
chr11	 89950000	 91900000	39
chr11	 94450000	 93150000	26
chr11	 96600000	 95100000	30
chr11	 99100000	 99600000	10
chr11	100600000	 99550000	21
chr11	101850000	103300000	29
chr11	101950000	103500000	31
chr11	103900000	102300000	32
chr11	104300000	103600000	14
chr11	109100000	110000000	18
chr11	109150000	108500000	13
chr11	110100000	110400000	6
chr11	111400000	108550000	57
chr11	116350000	114950000	28
chr11	116400000	117600000	24
chr11	116700000	117850000	23
chr11	118400000	119500000	22
chr11	118400000	121000000	52
chr11	119350000	118300000	21
chr11	119800000	121800000	40
chr11	121300000	120700000	12
chr12	   800000	    50000	15
chr12	   800000	   200000	12
chr12	  1400000	  2250000	17
chr12	  2250000	  1500000	15
chr12	  2800000	  5350000	51
chr12	  3550000	  4500000	19
chr12	  3600000	  4850000	25
chr12	  4950000	  5750000	16
chr12	  5300000	  6300000	20
chr12	  6400000	  7150000	15
chr12	  9050000	 11150000	42
chr12	  9200000	 10000000	16
chr12	 10850000	  9800000	21
chr12	 11700000	 13450000	35
chr12	 12500000	 10800000	34
chr12	 15950000	 17250000	26
chr12	 16100000	 16700000	12
chr12	 16700000	 15800000	18
chr12	 17200000	 18200000	20
chr12	 18050000	 16950000	22
chr12	 18450000	 18900000	9
chr12	 19950000	 19400000	11
chr12	 21350000	 20350000	20
chr12	 30250000	 29300000	19
chr12	 30750000	 32300000	31
chr12	 31400000	 30200000	24
chr12	 31850000	 30450000	28
chr12	 31950000	 30950000	20
chr12	 34600000	 33200000	28
chr12	 34700000	 35250000	11
chr12	 37450000	 37000000	9
chr12	 37550000	 38500000	19
chr12	 38250000	 38700000	9
chr12	 39200000	 40300000	22
chr12	 40250000	 38950000	26
chr12	 41700000	 40500000	24
chr12	 41900000	 43400000	30
chr12	 42650000	 42150000	10
chr12	 43350000	 42550000	16
chr12	 44550000	 46450000	38
chr12	 45400000	 46100000	14
chr12	 45950000	 47100000	23
chr12	 48250000	 46950000	26
chr12	 49700000	 51150000	29
chr12	 49800000	 48350000	29
chr12	 50800000	 51500000	14
chr12	 51100000	 50900000	4
chr12	 55150000	 54550000	12
chr12	 55750000	 54700000	21
chr12	 57350000	 56350000	20
chr12	 58900000	 59200000	6
chr12	 60050000	 61150000	22
chr12	 61100000	 61850000	15
chr12	 61450000	 63400000	39
chr12	 62450000	 61550000	18
chr12	 62450000	 63550000	22
chr12	 62700000	 63400000	14
chr12	 65100000	 65650000	11
chr12	 65450000	 63750000	34
chr12	 66150000	 66550000	8
chr12	 66650000	 67200000	11
chr12	 68550000	 67100000	29
chr12	 68850000	 69700000	17
chr12	 69300000	 68400000	18
chr12	 70050000	 68250000	36
chr12	 70150000	 69150000	20
chr12	 70250000	 68950000	26
chr12	 72800000	 71750000	21
chr12	 73000000	 74450000	29
chr12	 73750000	 74700000	19
chr12	 75500000	 76500000	20
chr12	 77150000	 75850000	26
chr12	 81200000	 80450000	15
chr12	 81250000	 79250000	40
chr12	 83650000	 83050000	12
chr12	 85100000	 85500000	8
chr12	 86550000	 88200000	33
chr12	 89900000	 90950000	21
chr12	 90450000	 92750000	46
chr12	 90650000	 90150000	10
chr12	 90650000	 91500000	17
chr12	 94200000	 93000000	24
chr12	 95550000	 97050000	30
chr12	 95950000	 96850000	18
chr12	 96200000	 96550000	7
chr12	 99900000	 99500000	8
chr12	100300000	102100000	36
chr12	105000000	106650000	33
chr12	105600000	102800000	56
chr12	108100000	109450000	27
chr12	108850000	107950000	18
chr12	109100000	108650000	9
chr12	109150000	108450000	14
chr12	110150000	110850000	14
chr12	113400000	111850000	31
chr12	114700000	114050000	13
chr12	117650000	119450000	36
chr12	117700000	114050000	73
chr12	118300000	117550000	15
chr12	118600000	115850000	55
chr12	119200000	120050000	17
chr13	  2150000	   300000	37
chr13	  2350000	  1300000	21
chr13	  4950000	  3950000	20
chr13	  6000000	  7350000	27
chr13	  7750000	  8500000	15
chr13	  8550000	  9750000	24
chr13	  9200000	  8100000	22
chr13	  9550000	  9100000	9
chr13	 10400000	  9250000	23
chr13	 11750000	 12650000	18
chr13	 11950000	 11400000	11
chr13	 12000000	 13350000	27
chr13	 12250000	 12950000	14
chr13	 12450000	 11700000	15
chr13	 14300000	 13700000	12
chr13	 14600000	 11750000	57
chr13	 15150000	 16800000	33
chr13	 15900000	 13250000	53
chr13	 20050000	 18700000	27
chr13	 22900000	 20300000	52
chr13	 23500000	 22700000	16
chr13	 23600000	 23600000	0
chr13	 26600000	 27200000	12
chr13	 32000000	 30900000	22
chr13	 32600000	 34000000	28
chr13	 32650000	 30050000	52
chr13	 33900000	 33600000	6
chr13	 37200000	 36900000	6
chr13	 37500000	 35400000	42
chr13	 37700000	 40200000	50
chr13	 38650000	 37800000	17
chr13	 40800000	 40800000	0
chr13	 41550000	 41100000	9
chr13	 45700000	 44300000	28
chr13	 46750000	 48500000	35
chr13	 47700000	 48650000	19
chr13	 48550000	 49350000	16
chr13	 48600000	 51100000	50
chr13	 50050000	 47600000	49
chr13	 51750000	 50900000	17
chr13	 51750000	 51100000	13
chr13	 52350000	 51650000	14
chr13	 52900000	 53450000	11
chr13	 55300000	 56550000	25
chr13	 55500000	 57100000	32
chr13	 56600000	 57400000	16
chr13	 56850000	 58700000	37
chr13	 57550000	 58350000	16
chr13	 57700000	 56450000	25
chr13	 59650000	 57900000	35
chr13	 59650000	 58500000	23
chr13	 61250000	 60300000	19
chr13	 61400000	 59950000	29
chr13	 62600000	 64000000	28
chr13	 63700000	 62350000	27
chr13	 64100000	 66000000	38
chr13	 65500000	 63450000	41
chr13	 65700000	 66650000	19
chr13	 67150000	 66300000	17
chr13	 71100000	 72850000	35
chr13	 72000000	 70650000	27
chr13	 72350000	 71750000	12
chr13	 73300000	 74200000	18
chr13	 76600000	 75200000	28
chr13	 76600000	 77700000	22
chr13	 77150000	 76300000	17
chr13	 78100000	 77300000	16
chr13	 78350000	 79750000	28
chr13	 79050000	 80000000	19
chr13	 79750000	 78550000	24
chr13	 82900000	 83750000	17
chr13	 89100000	 86600000	50
chr13	 91500000	 92950000	29
chr13	 94350000	 93350000	20
chr13	 96400000	 97350000	19
chr13	 96750000	 96100000	13
chr13	 97600000	 98850000	25
chr13	 99500000	 96100000	68
chr13	102450000	102450000	0
chr13	104800000	103650000	23
chr13	105200000	106300000	22
chr13	109550000	110900000	27
chr13	112850000	111650000	24
chr13	113600000	112650000	19
chr13	114050000	115350000	26
chr13	115700000	114050000	33
chr13	115800000	114900000	18
chr13	116350000	117250000	18
chr13	117100000	119050000	39
chr13	118200000	119450000	25
chr13	118550000	117750000	16
chr13	120000000	119050000	19
chr14	   900000	   650000	5
chr14	  2450000	  1300000	23
chr14	  5600000	  4550000	21
chr14	  6500000	  4300000	44
chr14	  7700000	  8500000	16
chr14	  9100000	  8200000	18
chr14	  9800000	  7650000	43
chr14	 10150000	 10450000	6
chr14	 10150000	 10900000	15
chr14	 10500000	  9400000	22
chr14	 10900000	 12050000	23
chr14	 11350000	 10600000	15
chr14	 11700000	 10400000	26
chr14	 12650000	 12150000	10
chr14	 12850000	 14000000	23
chr14	 13550000	 12350000	24
chr14	 17550000	 15900000	33
chr14	 19500000	 20950000	29
chr14	 19750000	 19750000	0
chr14	 21300000	 22050000	15
chr14	 21350000	 22650000	26
chr14	 21550000	 22900000	27
chr14	 22700000	 24000000	26
chr14	 23650000	 24600000	19
chr14	 24800000	 23600000	24
chr14	 24900000	 27450000	51
chr14	 27600000	 26100000	30
chr14	 29500000	 28800000	14
chr14	 29550000	 29950000	8
chr14	 29600000	 26550000	61
chr14	 30250000	 31300000	21
chr14	 35700000	 36600000	18
chr14	 36600000	 35950000	13
chr14	 37350000	 36350000	20
chr14	 37350000	 36600000	15
chr14	 39900000	 40650000	15
chr14	 40550000	 39700000	17
chr14	 41950000	 41200000	15
chr14	 42950000	 44800000	37
chr14	 43150000	 44050000	18
chr14	 44200000	 42700000	30
chr14	 45000000	 47300000	46
chr14	 45100000	 45400000	6
chr14	 46200000	 42650000	71
chr14	 46450000	 45600000	17
chr14	 47450000	 46000000	29
chr14	 47800000	 47050000	15
chr14	 48000000	 45650000	47
chr14	 49550000	 47400000	43
chr14	 50550000	 48950000	32
chr14	 51100000	 51350000	5
chr14	 51700000	 51450000	5
chr14	 52100000	 51200000	18
chr14	 53100000	 49500000	72
chr14	 53150000	 53700000	11
chr14	 58800000	 59350000	11
chr14	 60800000	 61750000	19
chr14	 61100000	 60000000	22
chr14	 61450000	 62500000	21
chr14	 62450000	 64400000	39
chr14	 62550000	 63700000	23
chr14	 64050000	 65200000	23
chr14	 65600000	 63950000	33
chr14	 65950000	 65350000	12
chr14	 66400000	 67750000	27
chr14	 67150000	 68150000	20
chr14	 67550000	 66500000	21
chr14	 69150000	 70750000	32
chr14	 69250000	 70400000	23
chr14	 69400000	 71900000	50
chr14	 72750000	 74550000	36
chr14	 74600000	 76600000	40
chr14	 74750000	 73600000	23
chr14	 77000000	 77800000	16
chr14	 78300000	 79350000	21
chr14	 78750000	 77650000	22
chr14	 78950000	 81400000	49
chr14	 80700000	 82500000	36
chr14	 82300000	 81450000	17
chr14	 83850000	 85000000	23
chr14	 84400000	 83450000	19
chr14	 84950000	 84550000	8
chr14	 85150000	 82350000	56
chr14	 89500000	 88400000	22
chr14	 90200000	 91000000	16
chr14	 90550000	 88200000	47
chr14	 93950000	 93400000	11
chr14	 94650000	 93700000	19
chr14	100400000	102850000	49
chr14	104400000	105200000	16
chr14	105800000	103700000	42
chr14	106500000	107750000	25
chr14	106850000	106500000	7
chr14	109100000	108400000	14
chr14	109200000	110100000	18
chr14	111900000	110500000	28
chr14	112050000	112950000	18
chr14	112900000	114750000	37
chr14	113650000	114750000	22
chr14	113800000	112900000	18
chr14	115100000	114450000	13
chr14	116800000	115500000	26
chr14	117250000	116750000	10
chr14	117300000	118100000	16
chr14	117800000	117100000	14
chr14	118400000	119850000	29
chr14	119200000	118950000	5
chr14	122700000	120950000	35
chr14	122750000	123450000	14
chr15	   250000	  2750000	50
chr15	  2450000	  2900000	9
chr15	  2600000	  1550000	21
chr15	  2600000	  3450000	17
chr15	  2700000	  3650000	19
chr15	  4100000	  3750000	7
chr15	  4250000	  6150000	38
chr15	  5500000	  7350000	37
chr15	  6700000	  5550000	23
chr15	  9400000	 10300000	18
chr15	  9800000	 14450000	93
chr15	 10850000	 13250000	48
chr15	 11450000	 12650000	24
chr15	 11850000	 10150000	34
chr15	 13100000	 14550000	29
chr15	 13350000	 11000000	47
chr15	 13550000	 13000000	11
chr15	 13850000	 15550000	34
chr15	 14750000	 12250000	50
chr15	 17350000	 18450000	22
chr15	 17450000	 16800000	13
chr15	 17900000	 18950000	21
chr15	 22650000	 23550000	18
chr15	 23900000	 24250000	7
chr15	 23950000	 22550000	28
chr15	 27050000	 27850000	16
chr15	 27300000	 28600000	26
chr15	 27800000	 28900000	22
chr15	 29550000	 29200000	7
chr15	 33050000	 31950000	22
chr15	 34300000	 36050000	35
chr15	 35550000	 33350000	44
chr15	 37150000	 35950000	24
chr15	 38650000	 39300000	13
chr15	 38900000	 39550000	13
chr15	 39800000	 38800000	20
chr15	 40000000	 41100000	22
chr15	 40600000	 41750000	23
chr15	 41250000	 40700000	11
chr15	 41350000	 43050000	34
chr15	 42250000	 44100000	37
chr15	 42600000	 42050000	11
chr15	 48600000	 47800000	16
chr15	 51600000	 57600000	120
chr15	 51850000	 53100000	25
chr15	 53750000	 54800000	21
chr15	 56150000	 54300000	37
chr15	 56800000	 57850000	21
chr15	 60700000	 59450000	25
chr15	 61100000	 62600000	30
chr15	 65650000	 65300000	7
chr15	 67200000	 66100000	22
chr15	 68350000	 68750000	8
chr15	 68750000	 68100000	13
chr15	 72800000	 73850000	21
chr15	 73900000	 73150000	15
chr15	 76800000	 75850000	19
chr15	 77800000	 76800000	20
chr15	 80550000	 79150000	28
chr15	 80850000	 80400000	9
chr15	 80850000	 81950000	22
chr15	 82850000	 82200000	13
chr15	 83200000	 78600000	92
chr15	 83650000	 82850000	16
chr15	 83950000	 83500000	9
chr15	 84250000	 82350000	38
chr15	 85050000	 86700000	33
chr15	 85650000	 84200000	29
chr15	 87250000	 86000000	25
chr15	 88500000	 89450000	19
chr15	 91150000	 92150000	20
chr15	 91750000	 90800000	19
chr15	 93350000	 91100000	45
chr15	 93650000	 95100000	29
chr15	 95050000	 95350000	6
chr15	 95900000	 96800000	18
chr15	 97800000	 96350000	29
chr15	 98000000	 98000000	0
chr15	 98700000	100150000	29
chr15	100150000	100550000	8
chr15	101500000	100750000	15
chr15	102450000	101550000	18
chr15	102750000	101900000	17
chr15	103300000	102800000	10
chr16	   700000	  1600000	18
chr16	  3400000	  4400000	20
chr16	  6150000	  7250000	22
chr16	  7150000	  7850000	14
chr16	  8150000	  7150000	20
chr16	  8150000	  9850000	34
chr16	  9500000	 11200000	34
chr16	  9650000	  9350000	6
chr16	 10250000	 11000000	15
chr16	 11550000	 12150000	12
chr16	 12050000	 11350000	14
chr16	 12150000	 10950000	24
chr16	 12600000	 11800000	16
chr16	 13700000	 13050000	13
chr16	 14200000	 13500000	14
chr16	 15500000	 16850000	27
chr16	 16050000	 16850000	16
chr16	 16200000	 15700000	10
chr16	 17350000	 16050000	26
chr16	 19050000	 19700000	13
chr16	 20400000	 20950000	11
chr16	 22150000	 23650000	30
chr16	 23200000	 24650000	29
chr16	 23300000	 23650000	7
chr16	 23750000	 24600000	17
chr16	 24400000	 24900000	10
chr16	 24850000	 26200000	27
chr16	 25950000	 24650000	26
chr16	 25950000	 27800000	37
chr16	 29250000	 28450000	16
chr16	 30250000	 29300000	19
chr16	 30700000	 31850000	23
chr16	 31900000	 33400000	30
chr16	 35500000	 35100000	8
chr16	 38100000	 37100000	20
chr16	 38550000	 40300000	35
chr16	 38800000	 40050000	25
chr16	 40200000	 41200000	20
chr16	 40800000	 41650000	17
chr16	 43650000	 44800000	23
chr16	 45000000	 47000000	40
chr16	 45600000	 44200000	28
chr16	 45750000	 47250000	30
chr16	 45950000	 47750000	36
chr16	 46400000	 46800000	8
chr16	 53650000	 55350000	34
chr16	 55950000	 57350000	28
chr16	 56650000	 56200000	9
chr16	 57200000	 55700000	30
chr16	 57900000	 57100000	16
chr16	 60500000	 61350000	17
chr16	 61200000	 59850000	27
chr16	 61600000	 59100000	50
chr16	 63850000	 63300000	11
chr16	 66450000	 66800000	7
chr16	 66550000	 67300000	15
chr16	 66550000	 67750000	24
chr16	 66750000	 66050000	14
chr16	 67950000	 68650000	14
chr16	 68300000	 69250000	19
chr16	 68850000	 69600000	15
chr16	 70450000	 72350000	38
chr16	 72000000	 73550000	31
chr16	 75050000	 73550000	30
chr16	 76350000	 77550000	24
chr16	 76450000	 77750000	26
chr16	 77150000	 76500000	13
chr16	 79450000	 78450000	20
chr16	 80650000	 81650000	20
chr16	 81250000	 82050000	16
chr16	 81400000	 80650000	15
chr16	 82400000	 81150000	25
chr16	 85600000	 84350000	25
chr16	 85900000	 87650000	35
chr16	 88500000	 88050000	9
chr16	 89700000	 90950000	25
chr16	 90950000	 90250000	14
chr16	 91450000	 92500000	21
chr16	 92550000	 92200000	7
chr16	 97400000	 93650000	75
chr17	   950000	   350000	12
chr17	  4550000	  4000000	11
chr17	  5200000	  5450000	5
chr17	  9150000	  8200000	19
chr17	  9300000	  9000000	6
chr17	 11400000	 10500000	18
chr17	 13400000	 14150000	15
chr17	 16500000	 16850000	7
chr17	 16650000	 17450000	16
chr17	 16850000	 15750000	22
chr17	 16850000	 18500000	33
chr17	 19250000	 18550000	14
chr17	 19600000	 20150000	11
chr17	 19700000	 20250000	11
chr17	 20300000	 21650000	27
chr17	 20750000	 20500000	5
chr17	 22450000	 21350000	22
chr17	 24550000	 23800000	15
chr17	 26200000	 26550000	7
chr17	 26650000	 27200000	11
chr17	 27150000	 25000000	43
chr17	 27200000	 26050000	23
chr17	 27950000	 29600000	33
chr17	 30850000	 31650000	16
chr17	 41800000	 43750000	39
chr17	 45100000	 43850000	25
chr17	 47500000	 48500000	20
chr17	 48950000	 49500000	11
chr17	 51200000	 49250000	39
chr17	 51250000	 50550000	14
chr17	 51950000	 53050000	22
chr17	 52150000	 52900000	15
chr17	 52250000	 51200000	21
chr17	 55900000	 54750000	23
chr17	 60400000	 59600000	16
chr17	 60500000	 61900000	28
chr17	 61500000	 62850000	27
chr17	 61700000	 62500000	16
chr17	 61800000	 62500000	14
chr17	 62200000	 61300000	18
chr17	 62550000	 63650000	22
chr17	 64950000	 64200000	15
chr17	 65400000	 64400000	20
chr17	 67250000	 68600000	27
chr17	 67550000	 66150000	28
chr17	 68750000	 68100000	13
chr17	 69150000	 69600000	9
chr17	 70000000	 70750000	15
chr17	 70050000	 72250000	44
chr17	 74800000	 77350000	51
chr17	 75150000	 78700000	71
chr17	 75800000	 76300000	10
chr17	 82500000	 83550000	21
chr17	 82800000	 83550000	15
chr17	 83400000	 82650000	15
chr17	 84100000	 85400000	26
chr17	 84150000	 83550000	12
chr17	 85750000	 84100000	33
chr17	 85900000	 85450000	9
chr17	 86200000	 86550000	7
chr17	 87900000	 88950000	21
chr17	 88450000	 87150000	26
chr17	 88800000	 89850000	21
chr17	 89350000	 88300000	21
chr17	 93200000	 92150000	21
chr17	 94050000	 92950000	22
chr18	   150000	  1800000	33
chr18	  1000000	  2000000	20
chr18	  1150000	  1450000	6
chr18	  1950000	  2850000	18
chr18	  4300000	  6750000	49
chr18	  4900000	  6700000	36
chr18	  7800000	 10000000	44
chr18	  8300000	  8850000	11
chr18	  9300000	  9850000	11
chr18	 10650000	 11600000	19
chr18	 10950000	 12200000	25
chr18	 12300000	 11600000	14
chr18	 12400000	 13850000	29
chr18	 12750000	 15000000	45
chr18	 13700000	 10600000	62
chr18	 15600000	 13850000	35
chr18	 17450000	 16000000	29
chr18	 19050000	 17300000	35
chr18	 20600000	 21300000	14
chr18	 20800000	 19800000	20
chr18	 24500000	 26650000	43
chr18	 27200000	 28050000	17
chr18	 27650000	 28700000	21
chr18	 30600000	 30250000	7
chr18	 31900000	 32150000	5
chr18	 33000000	 32350000	13
chr18	 33550000	 34950000	28
chr18	 33600000	 32900000	14
chr18	 35200000	 35000000	4
chr18	 36300000	 35100000	24
chr18	 37000000	 37800000	16
chr18	 38150000	 36600000	31
chr18	 38600000	 37950000	13
chr18	 38800000	 37200000	32
chr18	 40100000	 40800000	14
chr18	 40300000	 38800000	30
chr18	 40950000	 42350000	28
chr18	 42150000	 41500000	13
chr18	 42750000	 41050000	34
chr18	 45850000	 44250000	32
chr18	 48200000	 47400000	16
chr18	 48650000	 47200000	29
chr18	 48850000	 51600000	55
chr18	 53850000	 54500000	13
chr18	 56650000	 58650000	40
chr18	 58150000	 58150000	0
chr18	 59150000	 61500000	47
chr18	 59900000	 59050000	17
chr18	 63350000	 61150000	44
chr18	 65250000	 66500000	25
chr18	 66100000	 65300000	16
chr18	 66300000	 67500000	24
chr18	 66850000	 68600000	35
chr18	 67700000	 69650000	39
chr18	 68750000	 69450000	14
chr18	 69800000	 70250000	9
chr18	 70350000	 68350000	40
chr18	 70800000	 73350000	51
chr18	 71000000	 68800000	44
chr18	 72250000	 73150000	18
chr18	 73650000	 73150000	10
chr18	 76900000	 77350000	9
chr18	 77400000	 78200000	16
chr18	 81150000	 83750000	52
chr18	 88050000	 86550000	30
chr18	 88800000	 86950000	37
chr18	 89400000	 88700000	14
chr19	  2800000	  4500000	34
chr19	  3650000	  5250000	32
chr19	  4000000	  1400000	52
chr19	  4300000	  5550000	25
chr19	 14000000	 15400000	28
chr19	 15800000	 14750000	21
chr19	 16150000	 12200000	79
chr19	 16350000	 17200000	17
chr19	 16700000	 17700000	20
chr19	 17300000	 19250000	39
chr19	 17650000	 16250000	28
chr19	 19100000	 16100000	60
chr19	 21250000	 22000000	15
chr19	 23300000	 22350000	19
chr19	 23650000	 22700000	19
chr19	 26350000	 27950000	32
chr19	 31700000	 31150000	11
chr19	 32400000	 30400000	40
chr19	 34500000	 36650000	43
chr19	 34900000	 35500000	12
chr19	 40100000	 41000000	18
chr19	 41950000	 40750000	24
chr19	 42150000	 40500000	33
chr19	 42400000	 43000000	12
chr19	 43300000	 42250000	21
chr19	 44700000	 43800000	18
chr19	 45250000	 47200000	39
chr19	 46050000	 45500000	11
chr19	 47100000	 48450000	27
chr19	 47200000	 48850000	33
chr19	 49850000	 49000000	17
chr19	 52100000	 53050000	19
chr19	 56800000	 59650000	57
chr19	 59200000	 57800000	28
chr19	 59450000	 58950000	10
chr19	 59600000	 58600000	20
chr2	   150000	  2400000	45
chr2	  2000000	  3150000	23
chr2	  2550000	  1200000	27
chr2	  4150000	  3800000	7
chr2	  5300000	  6700000	28
chr2	  5600000	  7000000	28
chr2	  8350000	  7100000	25
chr2	  9000000	  9700000	14
chr2	 10000000	  8400000	32
chr2	 11250000	 10450000	16
chr2	 12850000	 13750000	18
chr2	 13650000	 12550000	22
chr2	 15350000	 16700000	27
chr2	 16300000	 15550000	15
chr2	 20750000	 21950000	24
chr2	 20850000	 20300000	11
chr2	 20950000	 20250000	14
chr2	 21050000	 23100000	41
chr2	 22350000	 23450000	22
chr2	 22650000	 23400000	15
chr2	 24150000	 24650000	10
chr2	 25050000	 26750000	34
chr2	 26650000	 27100000	9
chr2	 27450000	 25550000	38
chr2	 28950000	 29650000	14
chr2	 30900000	 27900000	60
chr2	 31200000	 29850000	27
chr2	 32250000	 33050000	16
chr2	 34150000	 31200000	59
chr2	 37150000	 38750000	32
chr2	 45100000	 44350000	15
chr2	 46400000	 48000000	32
chr2	 47350000	 45800000	31
chr2	 47500000	 46900000	12
chr2	 47850000	 47350000	10
chr2	 48100000	 48600000	10
chr2	 50150000	 49150000	20
chr2	 51000000	 51800000	16
chr2	 52400000	 53200000	16
chr2	 52700000	 52000000	14
chr2	 53150000	 52150000	20
chr2	 55200000	 54400000	16
chr2	 55850000	 57350000	30
chr2	 56600000	 57400000	16
chr2	 57500000	 56750000	15
chr2	 59850000	 61050000	24
chr2	 62250000	 62850000	12
chr2	 62300000	 60450000	37
chr2	 62400000	 61300000	22
chr2	 64900000	 67250000	47
chr2	 65550000	 66350000	16
chr2	 65700000	 65800000	2
chr2	 66250000	 63550000	54
chr2	 67700000	 68400000	14
chr2	 69050000	 67450000	32
chr2	 70450000	 71550000	22
chr2	 76050000	 76600000	11
chr2	 77150000	 78050000	18
chr2	 81550000	 80100000	29
chr2	 82900000	 81250000	33
chr2	 83500000	 82700000	16
chr2	 87800000	 89100000	26
chr2	 88100000	 89500000	28
chr2	 89650000	 90150000	10
chr2	 90400000	 89150000	25
chr2	 91150000	 90250000	18
chr2	 91700000	 92200000	10
chr2	 94850000	 95900000	21
chr2	 98750000	 99950000	24
chr2	100700000	 99750000	19
chr2	100950000	100700000	5
chr2	101900000	105600000	74
chr2	102250000	102850000	12
chr2	107250000	106300000	19
chr2	108400000	107350000	21
chr2	110150000	109400000	15
chr2	112500000	113100000	12
chr2	113300000	114000000	14
chr2	114050000	115100000	21
chr2	114250000	115100000	17
chr2	119000000	118450000	11
chr2	121800000	122500000	14
chr2	123900000	122850000	21
chr2	125150000	124850000	6
chr2	132350000	131450000	18
chr2	133250000	134200000	19
chr2	135000000	135500000	10
chr2	136600000	134850000	35
chr2	138400000	137100000	26
chr2	139050000	137000000	41
chr2	141850000	139750000	42
chr2	142450000	144350000	38
chr2	143000000	143900000	18
chr2	143050000	141850000	24
chr2	148350000	146950000	28
chr2	148700000	148200000	10
chr2	152200000	153200000	20
chr2	153950000	153000000	19
chr2	154400000	151200000	64
chr2	154700000	155100000	8
chr2	154950000	156350000	28
chr2	155900000	155300000	12
chr2	156500000	155200000	26
chr2	157150000	158750000	32
chr2	157650000	158100000	9
chr2	158000000	160150000	43
chr2	158150000	156900000	25
chr2	158300000	158900000	12
chr2	160100000	160500000	8
chr2	160150000	161500000	27
chr2	163750000	164500000	15
chr2	165350000	163750000	32
chr2	166350000	165100000	25
chr2	176050000	176600000	11
chr2	178000000	177450000	11
chr2	178650000	177700000	19
chr2	179250000	179850000	12
chr2	179250000	181500000	45
chr2	180450000	178350000	42
chr3	  1050000	  1900000	17
chr3	  3750000	  4350000	12
chr3	  8400000	  9200000	16
chr3	 12000000	 12850000	17
chr3	 13550000	 12600000	19
chr3	 17850000	 19550000	34
chr3	 18400000	 17200000	24
chr3	 21000000	 20400000	12
chr3	 21600000	 20800000	16
chr3	 24550000	 23550000	20
chr3	 25900000	 26750000	17
chr3	 26250000	 27550000	26
chr3	 29000000	 26900000	42
chr3	 30650000	 29450000	24
chr3	 34100000	 35100000	20
chr3	 34150000	 33400000	15
chr3	 34350000	 35550000	24
chr3	 35500000	 34750000	15
chr3	 35550000	 34000000	31
chr3	 35900000	 37300000	28
chr3	 36600000	 35450000	23
chr3	 36750000	 37450000	14
chr3	 39700000	 39000000	14
chr3	 39800000	 42100000	46
chr3	 40450000	 41650000	24
chr3	 40850000	 41950000	22
chr3	 41800000	 41150000	13
chr3	 41850000	 41000000	17
chr3	 41900000	 43550000	33
chr3	 43250000	 44600000	27
chr3	 43500000	 42200000	26
chr3	 44650000	 43100000	31
chr3	 45900000	 44500000	28
chr3	 49150000	 47750000	28
chr3	 49400000	 50050000	13
chr3	 50200000	 49050000	23
chr3	 50800000	 50300000	10
chr3	 52050000	 51000000	21
chr3	 52250000	 53050000	16
chr3	 52550000	 51400000	23
chr3	 53600000	 55350000	35
chr3	 58750000	 61400000	53
chr3	 61550000	 60650000	18
chr3	 62100000	 61550000	11
chr3	 62450000	 63400000	19
chr3	 67100000	 64650000	49
chr3	 67300000	 68800000	30
chr3	 68950000	 68050000	18
chr3	 69500000	 70300000	16
chr3	 70150000	 71500000	27
chr3	 71100000	 69850000	25
chr3	 71100000	 70350000	15
chr3	 72000000	 68200000	76
chr3	 72550000	 73300000	15
chr3	 79450000	 77200000	45
chr3	 80800000	 82200000	28
chr3	 83500000	 81650000	37
chr3	 84550000	 82800000	35
chr3	 88950000	 88400000	11
chr3	 89100000	 87650000	29
chr3	 89850000	 88200000	33
chr3	 91300000	 90650000	13
chr3	 91700000	 90450000	25
chr3	 91700000	 93050000	27
chr3	 92450000	 93050000	12
chr3	 92950000	 91700000	25
chr3	 97250000	 97700000	9
chr3	 97550000	 98250000	14
chr3	 98700000	100000000	26
chr3	100850000	 98850000	40
chr3	100950000	101850000	18
chr3	103750000	104800000	21
chr3	107100000	109150000	41
chr3	108300000	109300000	20
chr3	109450000	110600000	23
chr3	109700000	108450000	25
chr3	110100000	108800000	26
chr3	111450000	112850000	28
chr3	111550000	110950000	12
chr3	114250000	113550000	14
chr3	118300000	118850000	11
chr3	122000000	122850000	17
chr3	122300000	122750000	9
chr3	124150000	123700000	9
chr3	124900000	126550000	33
chr3	125100000	126300000	24
chr3	126200000	127850000	33
chr3	129400000	131100000	34
chr3	130750000	129250000	30
chr3	133100000	133850000	15
chr3	133650000	134150000	10
chr3	135050000	135050000	0
chr3	135200000	135750000	11
chr3	135850000	136500000	13
chr3	137000000	135600000	28
chr3	139350000	140900000	31
chr3	141650000	143200000	31
chr3	142650000	143400000	15
chr3	143100000	143400000	6
chr3	146150000	145250000	18
chr3	147000000	144050000	59
chr3	147650000	148350000	14
chr3	147850000	147000000	17
chr3	147850000	147200000	13
chr3	148450000	148200000	5
chr3	155050000	154400000	13
chr3	155450000	153650000	36
chr3	155700000	157250000	31
chr3	156950000	156250000	14
chr3	157050000	156750000	6
chr3	158600000	157450000	23
chr4	   750000	   350000	8
chr4	  1800000	   600000	24
chr4	  2250000	  3100000	17
chr4	  5200000	  6650000	29
chr4	  6300000	  7100000	16
chr4	  6500000	  6100000	8
chr4	  6650000	  6200000	9
chr4	  7850000	  8450000	12
chr4	  9150000	  9150000	0
chr4	 11550000	 10250000	26
chr4	 15750000	 15100000	13
chr4	 16100000	 15400000	14
chr4	 20250000	 22650000	48
chr4	 28550000	 29300000	15
chr4	 30600000	 29950000	13
chr4	 32150000	 33600000	29
chr4	 38350000	 40500000	43
chr4	 38900000	 40250000	27
chr4	 39600000	 38550000	21
chr4	 40250000	 41150000	18
chr4	 41950000	 43750000	36
chr4	 42700000	 43950000	25
chr4	 43350000	 42250000	22
chr4	 44100000	 43000000	22
chr4	 44300000	 46250000	39
chr4	 46850000	 46350000	10
chr4	 47550000	 46000000	31
chr4	 47600000	 48000000	8
chr4	 48250000	 48750000	10
chr4	 48400000	 47750000	13
chr4	 48850000	 48300000	11
chr4	 49150000	 48200000	19
chr4	 49200000	 50200000	20
chr4	 50600000	 52400000	36
chr4	 52350000	 54150000	36
chr4	 53000000	 54200000	24
chr4	 53400000	 52350000	21
chr4	 53600000	 51800000	36
chr4	 53900000	 52100000	36
chr4	 54750000	 53900000	17
chr4	 54850000	 53200000	33
chr4	 55700000	 56850000	23
chr4	 57950000	 57050000	18
chr4	 58300000	 59100000	16
chr4	 58900000	 59900000	20
chr4	 59150000	 60200000	21
chr4	 59550000	 60100000	11
chr4	 59600000	 59950000	7
chr4	 60550000	 59800000	15
chr4	 61100000	 62100000	20
chr4	 61350000	 61900000	11
chr4	 61400000	 62500000	22
chr4	 63600000	 64700000	22
chr4	 70950000	 69400000	31
chr4	 71300000	 71900000	12
chr4	 72150000	 72700000	11
chr4	 72600000	 73650000	21
chr4	 73100000	 74150000	21
chr4	 73400000	 74450000	21
chr4	 74150000	 75000000	17
chr4	 75850000	 76500000	13
chr4	 76700000	 77500000	16
chr4	 80000000	 79550000	9
chr4	 83450000	 82350000	22
chr4	 83600000	 82950000	13
chr4	 84600000	 83450000	23
chr4	 85300000	 86150000	17
chr4	 85550000	 87600000	41
chr4	 86300000	 88300000	40
chr4	 86400000	 85500000	18
chr4	 87950000	 88600000	13
chr4	 89250000	 90150000	18
chr4	 89300000	 90450000	23
chr4	 94200000	 93400000	16
chr4	 94300000	 92800000	30
chr4	 96150000	 94250000	38
chr4	100750000	101750000	20
chr4	101200000	103150000	39
chr4	101450000	100900000	11
chr4	102250000	104050000	36
chr4	102750000	103650000	18
chr4	103000000	103650000	13
chr4	105600000	106500000	18
chr4	109000000	110600000	32
chr4	111000000	111700000	14
chr4	112350000	114450000	42
chr4	115100000	113900000	24
chr4	115250000	116350000	22
chr4	119450000	120000000	11
chr4	120250000	121600000	27
chr4	120450000	121900000	29
chr4	121200000	119650000	31
chr4	122500000	124050000	31
chr4	122800000	121900000	18
chr4	125400000	126650000	25
chr4	125500000	126200000	14
chr4	125650000	126500000	17
chr4	125800000	125000000	16
chr4	131450000	132000000	11
chr4	131500000	129800000	34
chr4	131850000	132800000	19
chr4	134100000	134950000	17
chr4	136750000	137650000	18
chr4	137050000	136000000	21
chr4	137950000	136950000	20
chr4	138650000	137000000	33
chr4	140250000	139700000	11
chr4	140350000	137400000	59
chr4	141100000	142250000	23
chr4	145150000	144350000	16
chr4	147500000	146500000	20
chr4	147600000	146100000	30
chr4	150700000	149300000	28
chr4	153000000	154150000	23
chr4	155200000	154050000	23
chr5	   200000	   800000	12
chr5	  1400000	   750000	13
chr5	  2850000	  1250000	32
chr5	  6400000	  5900000	10
chr5	  6700000	  7850000	23
chr5	  9050000	  6600000	49
chr5	  9250000	  8400000	17
chr5	  9300000	  8450000	17
chr5	  9900000	 11050000	23
chr5	 12500000	 12100000	8
chr5	 12700000	 12700000	0
chr5	 13450000	 14000000	11
chr5	 13750000	 14150000	8
chr5	 14350000	 13400000	19
chr5	 14550000	 15150000	12
chr5	 18500000	 18100000	8
chr5	 18800000	 17800000	20
chr5	 18950000	 17800000	23
chr5	 21150000	 19950000	24
chr5	 22000000	 21700000	6
chr5	 22950000	 21200000	35
chr5	 23050000	 21550000	30
chr5	 23850000	 25000000	23
chr5	 25500000	 24500000	20
chr5	 26050000	 27650000	32
chr5	 26350000	 24850000	30
chr5	 26900000	 26650000	5
chr5	 27400000	 28250000	17
chr5	 29850000	 29350000	10
chr5	 30250000	 31000000	15
chr5	 30450000	 30050000	8
chr5	 33450000	 31400000	41
chr5	 34450000	 33800000	13
chr5	 36550000	 35100000	29
chr5	 36550000	 35600000	19
chr5	 36900000	 34950000	39
chr5	 39350000	 37750000	32
chr5	 39850000	 40900000	21
chr5	 43900000	 43100000	16
chr5	 47200000	 47900000	14
chr5	 48900000	 48450000	9
chr5	 50750000	 49250000	30
chr5	 52100000	 51200000	18
chr5	 54850000	 55550000	14
chr5	 55300000	 56550000	25
chr5	 55450000	 56800000	27
chr5	 55750000	 54450000	26
chr5	 56050000	 55200000	17
chr5	 57750000	 57400000	7
chr5	 58300000	 57250000	21
chr5	 58300000	 58800000	10
chr5	 58800000	 59550000	15
chr5	 59800000	 60550000	15
chr5	 60950000	 59800000	23
chr5	 62950000	 64250000	26
chr5	 63350000	 62600000	15
chr5	 63800000	 64800000	20
chr5	 69850000	 69350000	10
chr5	 70450000	 72850000	48
chr5	 71450000	 69400000	41
chr5	 72550000	 71800000	15
chr5	 73950000	 72500000	29
chr5	 74450000	 71100000	67
chr5	 74650000	 75900000	25
chr5	 75700000	 76400000	14
chr5	 75750000	 74850000	18
chr5	 77250000	 77500000	5
chr5	 77350000	 76200000	23
chr5	 77450000	 78150000	14
chr5	 78350000	 80350000	40
chr5	 79300000	 77950000	27
chr5	 82200000	 81200000	20
chr5	 82800000	 81750000	21
chr5	 83100000	 84850000	35
chr5	 84550000	 85000000	9
chr5	 85100000	 83600000	30
chr5	 86250000	 85500000	15
chr5	 87450000	 87600000	3
chr5	 87900000	 89550000	33
chr5	 88100000	 87800000	6
chr5	 88650000	 89250000	12
chr5	 88800000	 89550000	15
chr5	 89800000	 87700000	42
chr5	 91800000	 93450000	33
chr5	 93400000	 92600000	16
chr5	 96900000	 98100000	24
chr5	 98650000	 99050000	8
chr5	101650000	100000000	33
chr5	105300000	104900000	8
chr5	106100000	106700000	12
chr5	106950000	104400000	51
chr5	108250000	108650000	8
chr5	110500000	109350000	23
chr5	110500000	109750000	15
chr5	111500000	111100000	8
chr5	113600000	113200000	8
chr5	114600000	114850000	5
chr5	114600000	115200000	12
chr5	115250000	118400000	63
chr5	115800000	117000000	24
chr5	115950000	114350000	32
chr5	116250000	115300000	19
chr5	118550000	117550000	20
chr5	120900000	120350000	11
chr5	123350000	123950000	12
chr5	126500000	126200000	6
chr5	127550000	126350000	24
chr5	129000000	128600000	8
chr5	131300000	132150000	17
chr5	132400000	131600000	16
chr5	132800000	133500000	14
chr5	133950000	133200000	15
chr5	134800000	136050000	25
chr5	135500000	136700000	24
chr5	136150000	137400000	25
chr5	138100000	139350000	25
chr5	138300000	137450000	17
chr5	139350000	141800000	49
chr5	140700000	139850000	17
chr5	140850000	139850000	20
chr5	142100000	142800000	14
chr5	142200000	141100000	22
chr5	142450000	143500000	21
chr5	143600000	142400000	24
chr5	146250000	144450000	36
chr5	146550000	145150000	28
chr5	149050000	150200000	23
chr5	149100000	147950000	23
chr5	149400000	148000000	28
chr6	    50000	  1000000	19
chr6	   200000	   200000	0
chr6	   550000	   850000	6
chr6	  2300000	  4000000	34
chr6	  3350000	  2600000	15
chr6	  4400000	  3900000	10
chr6	  6900000	  8250000	27
chr6	  7650000	  6850000	16
chr6	  8700000	  9550000	17
chr6	  9200000	  9800000	12
chr6	  9200000	 10600000	28
chr6	  9950000	 11250000	26
chr6	 12500000	 12950000	9
chr6	 12600000	 11750000	17
chr6	 13850000	 15550000	34
chr6	 14950000	 17500000	51
chr6	 15450000	 16800000	27
chr6	 15500000	 14150000	27
chr6	 16050000	 15000000	21
chr6	 18700000	 16900000	36
chr6	 19950000	 20800000	17
chr6	 20350000	 21200000	17
chr6	 20950000	 21950000	20
chr6	 21750000	 22950000	24
chr6	 23300000	 24950000	33
chr6	 25400000	 26050000	13
chr6	 27850000	 27650000	4
chr6	 29200000	 30900000	34
chr6	 29650000	 29400000	5
chr6	 31300000	 32600000	26
chr6	 32400000	 31050000	27
chr6	 32950000	 34250000	26
chr6	 33450000	 31900000	31
chr6	 34500000	 36150000	33
chr6	 35350000	 36300000	19
chr6	 36950000	 38750000	36
chr6	 37200000	 39050000	37
chr6	 37800000	 36150000	33
chr6	 40300000	 41450000	23
chr6	 43300000	 41900000	28
chr6	 44900000	 43600000	26
chr6	 46350000	 45450000	18
chr6	 46700000	 47450000	15
chr6	 47300000	 49150000	37
chr6	 47950000	 49250000	26
chr6	 49100000	 48550000	11
chr6	 50150000	 49300000	17
chr6	 51250000	 48650000	52
chr6	 52850000	 51900000	19
chr6	 54600000	 55200000	12
chr6	 57150000	 57850000	14
chr6	 58650000	 59700000	21
chr6	 59000000	 58300000	14
chr6	 59400000	 60300000	18
chr6	 59700000	 58900000	16
chr6	 59950000	 60650000	14
chr6	 61000000	 61800000	16
chr6	 61250000	 62250000	20
chr6	 61450000	 62150000	14
chr6	 63950000	 65050000	22
chr6	 64200000	 63750000	9
chr6	 65500000	 67200000	34
chr6	 65850000	 67300000	29
chr6	 66000000	 63600000	48
chr6	 68700000	 69900000	24
chr6	 72750000	 72300000	9
chr6	 72950000	 76100000	63
chr6	 73050000	 73700000	13
chr6	 76100000	 77300000	24
chr6	 80950000	 79550000	28
chr6	 84800000	 85650000	17
chr6	 84950000	 83100000	37
chr6	 85950000	 87950000	40
chr6	 86350000	 87600000	25
chr6	 87250000	 86450000	16
chr6	 91400000	 90400000	20
chr6	 91650000	 90350000	26
chr6	 91850000	 91400000	9
chr6	 92050000	 93800000	35
chr6	 94350000	 94650000	6
chr6	 98650000	 97450000	24
chr6	100750000	101250000	10
chr6	100800000	 99700000	22
chr6	101000000	100150000	17
chr6	102400000	107250000	97
chr6	104750000	105250000	10
chr6	105850000	106950000	22
chr6	110350000	109950000	8
chr6	110700000	111350000	13
chr6	111050000	110650000	8
chr6	111450000	111100000	7
chr6	112200000	111300000	18
chr6	115600000	114450000	23
chr6	116800000	117700000	18
chr6	117100000	116100000	20
chr6	120600000	120050000	11
chr6	120800000	122100000	26
chr6	120950000	119850000	22
chr6	122400000	122900000	10
chr6	122450000	121600000	17
chr6	124450000	123500000	19
chr6	126200000	124350000	37
chr6	127000000	128250000	25
chr6	128200000	129250000	21
chr6	128600000	129600000	20
chr6	129700000	129850000	3
chr6	131650000	132750000	22
chr6	133650000	132700000	19
chr6	133900000	132150000	35
chr6	135050000	134350000	14
chr6	135650000	136750000	22
chr6	136300000	133600000	54
chr6	140550000	139500000	21
chr6	141600000	140500000	22
chr6	142950000	141050000	38
chr6	144150000	142900000	25
chr6	145600000	144300000	26
chr6	146600000	145750000	17
chr6	149650000	149400000	5
chr7	  1650000	  3150000	30
chr7	  2200000	  1700000	10
chr7	  2400000	  3050000	13
chr7	  2900000	  4850000	39
chr7	  3050000	  1300000	35
chr7	  4100000	  3900000	4
chr7	  4250000	  2050000	44
chr7	  4400000	  5700000	26
chr7	  4600000	  3750000	17
chr7	  4800000	  3500000	26
chr7	  4850000	  3150000	34
chr7	  6250000	  7650000	28
chr7	 11500000	 11200000	6
chr7	 12800000	 12600000	4
chr7	 13800000	 13200000	12
chr7	 15400000	 17650000	45
chr7	 16600000	 17700000	22
chr7	 17000000	 14950000	41
chr7	 17350000	 19400000	41
chr7	 18300000	 19900000	32
chr7	 19150000	 18700000	9
chr7	 19200000	 20200000	20
chr7	 20150000	 21200000	21
chr7	 25450000	 23450000	40
chr7	 26150000	 25800000	7
chr7	 26800000	 25400000	28
chr7	 28050000	 29650000	32
chr7	 28700000	 29150000	9
chr7	 30050000	 28150000	38
chr7	 30400000	 29700000	14
chr7	 31100000	 32050000	19
chr7	 31550000	 30300000	25
chr7	 34150000	 32100000	41
chr7	 35950000	 35000000	19
chr7	 36100000	 37700000	32
chr7	 37450000	 38450000	20
chr7	 38350000	 40550000	44
chr7	 39450000	 37900000	31
chr7	 39550000	 40950000	28
chr7	 39650000	 38850000	16
chr7	 40150000	 40500000	7
chr7	 42150000	 43400000	25
chr7	 42250000	 41300000	19
chr7	 42900000	 40800000	42
chr7	 43800000	 44650000	17
chr7	 44400000	 43200000	24
chr7	 49550000	 48300000	25
chr7	 49850000	 51350000	30
chr7	 49950000	 50500000	11
chr7	 50150000	 48600000	31
chr7	 51750000	 50450000	26
chr7	 52050000	 50350000	34
chr7	 53200000	 52100000	22
chr7	 58950000	 57100000	37
chr7	 59600000	 60950000	27
chr7	 61650000	 64050000	48
chr7	 61900000	 61000000	18
chr7	 63150000	 61350000	36
chr7	 63450000	 64550000	22
chr7	 65450000	 66800000	27
chr7	 65700000	 64550000	23
chr7	 66600000	 67850000	25
chr7	 68300000	 69650000	27
chr7	 68500000	 67700000	16
chr7	 70350000	 69950000	8
chr7	 72000000	 72400000	8
chr7	 74150000	 74450000	6
chr7	 75000000	 74350000	13
chr7	 78650000	 79200000	11
chr7	 79250000	 77150000	42
chr7	 80400000	 80000000	8
chr7	 81500000	 81500000	0
chr7	 82100000	 82950000	17
chr7	 82600000	 83250000	13
chr7	 85350000	 83650000	34
chr7	 85750000	 86200000	9
chr7	 87000000	 85100000	38
chr7	 87250000	 88250000	20
chr7	 88200000	 87750000	9
chr7	 89550000	 88900000	13
chr7	 89850000	 88200000	33
chr7	 90000000	 88650000	27
chr7	 90400000	 89200000	24
chr7	 90950000	 90150000	16
chr7	 93500000	 94050000	11
chr7	 93800000	 95550000	35
chr7	 94600000	 95250000	13
chr7	 94900000	 95400000	10
chr7	 95300000	 95750000	9
chr7	103300000	103850000	11
chr7	103500000	101300000	44
chr7	103800000	105250000	29
chr7	105800000	105400000	8
chr7	106400000	104850000	31
chr7	107850000	107050000	16
chr7	108100000	109050000	19
chr7	112050000	111100000	19
chr7	112550000	113850000	26
chr7	112750000	109750000	60
chr7	113250000	114250000	20
chr7	113750000	114850000	22
chr7	116350000	118900000	51
chr7	116750000	115050000	34
chr7	116950000	116150000	16
chr7	117150000	117750000	12
chr7	118250000	117400000	17
chr7	119250000	118800000	9
chr7	119450000	118800000	13
chr7	119950000	119600000	7
chr7	120450000	121200000	15
chr7	120700000	118500000	44
chr7	120850000	120850000	0
chr7	121350000	118100000	65
chr7	121700000	122400000	14
chr7	124100000	125250000	23
chr7	125100000	127400000	46
chr7	125500000	126350000	17
chr7	125650000	126950000	26
chr7	126950000	126150000	16
chr7	130150000	131750000	32
chr7	130950000	131450000	10
chr7	132400000	132050000	7
chr7	134050000	132850000	24
chr7	135500000	136350000	17
chr7	138200000	138400000	4
chr7	140600000	142400000	36
chr7	141350000	141200000	3
chr7	141500000	140500000	20
chr7	142400000	142650000	5
chr7	143050000	140700000	47
chr7	144300000	143850000	9
chr8	  1300000	   650000	13
chr8	  2750000	  2150000	12
chr8	  3400000	  1650000	35
chr8	  6000000	  4350000	33
chr8	  6300000	  7300000	20
chr8	  6550000	  6400000	3
chr8	  9850000	  9600000	5
chr8	  9850000	 10350000	10
chr8	 12850000	 11900000	19
chr8	 13500000	 12800000	14
chr8	 17250000	 15900000	27
chr8	 18800000	 18200000	12
chr8	 19450000	 20350000	18
chr8	 20900000	 20400000	10
chr8	 21600000	 22750000	23
chr8	 22050000	 22900000	17
chr8	 23850000	 27050000	64
chr8	 25050000	 26650000	32
chr8	 25550000	 26100000	11
chr8	 27150000	 23800000	67
chr8	 27650000	 26600000	21
chr8	 28550000	 27700000	17
chr8	 29750000	 28200000	31
chr8	 30950000	 32250000	26
chr8	 33900000	 33450000	9
chr8	 34000000	 32950000	21
chr8	 34150000	 32950000	24
chr8	 34250000	 33750000	10
chr8	 34800000	 37050000	45
chr8	 36850000	 39600000	55
chr8	 37800000	 39100000	26
chr8	 39700000	 40050000	7
chr8	 41350000	 42550000	24
chr8	 41850000	 43350000	30
chr8	 42200000	 42900000	14
chr8	 42450000	 41000000	29
chr8	 47550000	 46250000	26
chr8	 49700000	 52100000	48
chr8	 49750000	 52550000	56
chr8	 50150000	 46750000	68
chr8	 51700000	 52350000	13
chr8	 52200000	 51900000	6
chr8	 53250000	 52600000	13
chr8	 53350000	 52900000	9
chr8	 54300000	 53700000	12
chr8	 57500000	 56450000	21
chr8	 58300000	 59250000	19
chr8	 60950000	 62400000	29
chr8	 61300000	 61850000	11
chr8	 63000000	 61750000	25
chr8	 63250000	 61950000	26
chr8	 64150000	 66150000	40
chr8	 65100000	 66100000	20
chr8	 68350000	 66550000	36
chr8	 72500000	 73300000	16
chr8	 73350000	 74050000	14
chr8	 73800000	 72850000	19
chr8	 75500000	 74850000	13
chr8	 75750000	 75250000	10
chr8	 75900000	 75550000	7
chr8	 78250000	 79600000	27
chr8	 78550000	 77650000	18
chr8	 78800000	 79150000	7
chr8	 79450000	 80150000	14
chr8	 80350000	 80800000	9
chr8	 83500000	 85050000	31
chr8	 84450000	 82550000	38
chr8	 84600000	 83950000	13
chr8	 85900000	 83750000	43
chr8	 86600000	 88400000	36
chr8	 92000000	 92950000	19
chr8	 92350000	 93450000	22
chr8	 94500000	 95700000	24
chr8	 94800000	 93500000	26
chr8	 95150000	 96500000	27
chr8	 95300000	 93850000	29
chr8	 95700000	 95100000	12
chr8	 95750000	 95200000	11
chr8	 97300000	 96550000	15
chr8	 97600000	 95850000	35
chr8	 98400000	 99100000	14
chr8	100400000	100850000	9
chr8	100750000	101900000	23
chr8	101400000	102600000	24
chr8	103200000	100800000	48
chr8	103500000	105200000	34
chr8	104700000	104450000	5
chr8	105300000	106500000	24
chr8	105550000	106050000	10
chr8	109050000	108100000	19
chr8	109150000	108800000	7
chr8	109350000	110950000	32
chr8	110400000	111550000	23
chr8	110450000	111000000	11
chr8	111800000	114050000	45
chr8	112150000	111200000	19
chr8	112350000	112950000	12
chr8	114000000	112600000	28
chr8	114600000	115950000	27
chr8	115350000	116400000	21
chr8	115600000	115050000	11
chr8	115700000	114400000	26
chr8	117100000	116400000	14
chr8	118550000	119600000	21
chr8	120500000	119550000	19
chr8	121500000	119800000	34
chr8	121800000	121600000	4
chr8	123150000	123700000	11
chr8	123900000	123550000	7
chr8	124200000	123950000	5
chr8	124200000	126450000	45
chr8	124550000	125550000	20
chr8	125050000	123350000	34
chr8	126850000	126150000	14
chr8	127450000	126050000	28
chr9	   350000	  1750000	28
chr9	  2500000	  4250000	35
chr9	  3750000	  5550000	36
chr9	  4950000	  6750000	36
chr9	  6650000	  6850000	4
chr9	  6850000	  7900000	21
chr9	 15900000	 16650000	15
chr9	 19650000	 18850000	16
chr9	 20050000	 21450000	28
chr9	 20300000	 19900000	8
chr9	 20850000	 18500000	47
chr9	 21400000	 21150000	5
chr9	 21450000	 21100000	7
chr9	 22350000	 24600000	45
chr9	 22450000	 21700000	15
chr9	 24200000	 24650000	9
chr9	 24900000	 23650000	25
chr9	 27450000	 25900000	31
chr9	 30300000	 31350000	21
chr9	 30400000	 32300000	38
chr9	 30400000	 32700000	46
chr9	 30750000	 32200000	29
chr9	 31450000	 30300000	23
chr9	 32650000	 31700000	19
chr9	 33650000	 32850000	16
chr9	 39700000	 40400000	14
chr9	 40900000	 41300000	8
chr9	 41100000	 41850000	15
chr9	 41950000	 41350000	12
chr9	 42550000	 39300000	65
chr9	 43250000	 45000000	35
chr9	 43800000	 41800000	40
chr9	 44800000	 45300000	10
chr9	 45200000	 44350000	17
chr9	 45550000	 46950000	28
chr9	 47250000	 45850000	28
chr9	 48750000	 48150000	12
chr9	 52800000	 52350000	9
chr9	 53450000	 54250000	16
chr9	 53650000	 52600000	21
chr9	 57400000	 57900000	10
chr9	 57650000	 60550000	58
chr9	 57900000	 58250000	7
chr9	 58650000	 59900000	25
chr9	 60800000	 60050000	15
chr9	 62200000	 63250000	21
chr9	 63400000	 62550000	17
chr9	 65650000	 63700000	39
chr9	 67900000	 68300000	8
chr9	 68950000	 69950000	20
chr9	 69000000	 67900000	22
chr9	 69000000	 70150000	23
chr9	 69600000	 70400000	16
chr9	 70800000	 68750000	41
chr9	 71950000	 69000000	59
chr9	 74150000	 73550000	12
chr9	 75350000	 74850000	10
chr9	 75900000	 75250000	13
chr9	 76200000	 76800000	12
chr9	 76500000	 77050000	11
chr9	 77400000	 76250000	23
chr9	 78450000	 79500000	21
chr9	 78600000	 76550000	41
chr9	 78700000	 79600000	18
chr9	 79300000	 79200000	2
chr9	 79300000	 80850000	31
chr9	 81550000	 82950000	28
chr9	 84550000	 85400000	17
chr9	 89850000	 89200000	13
chr9	 90750000	 92100000	27
chr9	 91100000	 90900000	4
chr9	 91300000	 90550000	15
chr9	 91900000	 92500000	12
chr9	 92000000	 92400000	8
chr9	 92200000	 90450000	35
chr9	 94850000	 93400000	29
chr9	 96700000	 97800000	22
chr9	100650000	 98600000	41
chr9	102450000	101750000	14
chr9	102950000	101450000	30
chr9	103300000	103700000	8
chr9	105600000	107550000	39
chr9	106500000	107250000	15
chr9	106550000	102950000	72
chr9	110300000	108750000	31
chr9	111450000	110900000	11
chr9	114250000	113400000	17
chr9	116050000	115200000	17
chr9	117350000	116800000	11
chr9	117850000	119950000	42
chr9	119100000	117850000	25
chr9	119750000	121350000	32
chr9	121550000	118500000	61
chr9	121900000	121900000	0
chrX	   800000	  4150000	67
chrX	  3350000	  4000000	13
chrX	  6200000	  5000000	24
chrX	  6650000	  8850000	44
chrX	 10450000	  9750000	14
chrX	 10550000	  9800000	15
chrX	 10650000	 10450000	4
chrX	 10950000	 10250000	14
chrX	 11800000	 10700000	22
chrX	 12450000	 13150000	14
chrX	 13500000	 15600000	42
chrX	 14750000	 13850000	18
chrX	 14900000	 16400000	30
chrX	 17550000	 16450000	22
chrX	 21200000	 22000000	16
chrX	 21550000	 19500000	41
chrX	 22050000	 21100000	19
chrX	 25750000	 28650000	58
chrX	 27250000	 27750000	10
chrX	 29550000	 28550000	20
chrX	 32850000	 33300000	9
chrX	 32850000	 33450000	12
chrX	 33100000	 34250000	23
chrX	 34450000	 35500000	21
chrX	 36150000	 35000000	23
chrX	 36550000	 37150000	12
chrX	 37650000	 37150000	10
chrX	 39800000	 38050000	35
chrX	 45350000	 45900000	11
chrX	 45500000	 46150000	13
chrX	 46550000	 47300000	15
chrX	 48200000	 49900000	34
chrX	 48400000	 49050000	13
chrX	 53400000	 54450000	21
chrX	 58150000	 60250000	42
chrX	 58150000	 62650000	90
chrX	 58650000	 60350000	34
chrX	 59450000	 56350000	62
chrX	 60800000	 62600000	36
chrX	 62050000	 63450000	28
chrX	 63700000	 62150000	31
chrX	 65850000	 65250000	12
chrX	 66350000	 64800000	31
chrX	 66800000	 67800000	20
chrX	 67100000	 68150000	21
chrX	 67700000	 69200000	30
chrX	 68650000	 67650000	20
chrX	 68750000	 68450000	6
chrX	 68900000	 69700000	16
chrX	 68950000	 70450000	30
chrX	 69350000	 68350000	20
chrX	 70500000	 69450000	21
chrX	 71150000	 70100000	21
chrX	 71800000	 72850000	21
chrX	 71950000	 73850000	38
chrX	 72100000	 71000000	22
chrX	 72750000	 73700000	19
chrX	 73050000	 75050000	40
chrX	 75350000	 74350000	20
chrX	 76950000	 78050000	22
chrX	 77000000	 77000000	0
chrX	 77950000	 75000000	59
chrX	 78700000	 77500000	24
chrX	 80650000	 81550000	18
chrX	 82700000	 81850000	17
chrX	 84350000	 85050000	14
chrX	 87250000	 86500000	15
chrX	 87750000	 88350000	12
chrX	 88350000	 88700000	7
chrX	 90100000	 89100000	20
chrX	 90250000	 92450000	44
chrX	 95200000	 96500000	26
chrX	 96600000	 97200000	12
chrX	 97950000	 97300000	13
chrX	 99300000	100200000	18
chrX	101600000	 99900000	34
chrX	104250000	105050000	16
chrX	104550000	103200000	27
chrX	105650000	105200000	9
chrX	107450000	109750000	46
chrX	107600000	108500000	18
chrX	111550000	110900000	13
chrX	112700000	114600000	38
chrX	113050000	114350000	26
chrX	114700000	114350000	7
chrX	115300000	114800000	10
chrX	116450000	118900000	49
chrX	118450000	117350000	22
chrX	118500000	117600000	18
chrX	118550000	119200000	13
chrX	118600000	119350000	15
chrX	121350000	120150000	24
chrX	123900000	124600000	14
chrX	124050000	122400000	33
chrX	124350000	125850000	30
chrX	124800000	123650000	23
chrX	125750000	125150000	12
chrX	126950000	129350000	48
chrX	130400000	131650000	25
chrX	133200000	132300000	18
chrX	134550000	133500000	21
chrX	135000000	131700000	66
chrX	135100000	133100000	40
chrX	136000000	135500000	10
chrX	136100000	137250000	23
chrX	137500000	135550000	39
chrX	137750000	137300000	9
chrX	137750000	139200000	29
chrX	139250000	138350000	18
chrX	139600000	138350000	25
chrX	144850000	145600000	15
chrX	145150000	144750000	8
chrX	146100000	145450000	13
chrX	148500000	148000000	10
chrX	148550000	147150000	28
chrX	149650000	150300000	13
chrX	151550000	154800000	65
chrX	151950000	153400000	29
chrX	152100000	152550000	9
chrX	152200000	152900000	14
chrX	152800000	153950000	23
chrX	152950000	155250000	46
chrX	153900000	152700000	24
chrX	154050000	154600000	11
chrX	154200000	153150000	21
chrX	154250000	153450000	16
chrX	157350000	158400000	21
chrX	158350000	162200000	77
chrX	162050000	162900000	17
chrX	164450000	163600000	17
chrX	166900000	166600000	6
chrX	167650000	168850000	24
chrX	168700000	167150000	31
chrX	170100000	169600000	10
chrX	170650000	169500000	23
chrY	  1500000	  2500000	20
chrY	  2800000	  1550000	25
chrY	  3700000	  4650000	19
chrY	  3950000	  3400000	11
chrY	  4050000	  1750000	46
chrY	  6550000	  7550000	20
chrY	  7550000	  6200000	27
chrY	  9000000	  8600000	8
chrY	 11100000	  9950000	23
chrY	 11300000	 12250000	19
chrY	 11450000	 10550000	18
chrY	 11700000	 12100000	8
chrY	 19600000	 18650000	19
chrY	 21850000	 22450000	12
chrY	 21900000	 23900000	40
chrY	 23400000	 22600000	16
chrY	 23700000	 22850000	17
chrY	 25250000	 26250000	20
chrY	 26100000	 27100000	20
chrY	 27600000	 26600000	20
chrY	 28900000	 26150000	55
chrY	 29500000	 30250000	15
chrY	 31150000	 32150000	20
chrY	 31400000	 32500000	22
chrY	 31900000	 32950000	21
chrY	 32550000	 33050000	10
chrY	 33850000	 34400000	11
chrY	 34850000	 36350000	30
chrY	 36450000	 38300000	37
chrY	 37600000	 38900000	26
chrY	 38600000	 37250000	27
chrY	 39950000	 39100000	17
chrY	 42700000	 42900000	4
chrY	 43000000	 42100000	18
chrY	 43300000	 45000000	34
chrY	 45050000	 48150000	62
chrY	 45450000	 43000000	49
chrY	 45550000	 43850000	34
chrY	 46300000	 47950000	33
chrY	 47650000	 48900000	25
chrY	 50650000	 52350000	34
chrY	 51250000	 50850000	8
chrY	 51900000	 51500000	8
chrY	 55750000	 55050000	14
chrY	 60050000	 60750000	14
chrY	 61950000	 60750000	24
chrY	 64250000	 64750000	10
chrY	 68500000	 69200000	14
chrY	 69750000	 70250000	10
chrY	 71850000	 73750000	38
chrY	 83000000	 84300000	26
chrY	 84100000	 83300000	16
chrY	 84100000	 83700000	8
chrY	 84350000	 85100000	15
chrY	 85200000	 84450000	15
chrY	 87850000	 86250000	32
chrY	 88850000	 87500000	27
chrY	 89100000	 90200000	22
chrY	 89650000	 89250000	8
chrY	 90200000	 90400000	4
chrY	 90850000	 89850000	20
