chr1	  1100000	   300000	16
chr1	  3050000	  1250000	36
chr1	  4300000	  5700000	28
chr1	  5000000	  2800000	44
chr1	  5250000	  4300000	19
chr1	  5750000	  6500000	15
chr1	  6850000	  6100000	15
chr1	  7050000	  5400000	33
chr1	  7500000	  8400000	18
chr1	 11600000	 10350000	25
chr1	 12600000	 15050000	49
chr1	 12650000	 11500000	23
chr1	 13350000	 16100000	55
chr1	 14700000	 15050000	7
chr1	 15600000	 14750000	17
chr1	 16200000	 14950000	25
chr1	 20800000	 22500000	34
chr1	 21600000	 22250000	13
chr1	 21900000	 20550000	27
chr1	 23850000	 25100000	25
chr1	 25700000	 26750000	21
chr1	 28300000	 27200000	22
chr1	 31200000	 30450000	15
chr1	 31750000	 32950000	24
chr1	 31950000	 32600000	13
chr1	 35850000	 36400000	11
chr1	 35950000	 35250000	14
chr1	 36000000	 34800000	24
chr1	 36000000	 36300000	6
chr1	 36150000	 37200000	21
chr1	 36200000	 34600000	32
chr1	 37100000	 36600000	10
chr1	 38150000	 37700000	9
chr1	 38450000	 37200000	25
chr1	 38950000	 39400000	9
chr1	 39700000	 37800000	38
chr1	 40000000	 40500000	10
chr1	 40800000	 39600000	24
chr1	 41950000	 39550000	48
chr1	 44850000	 44100000	15
chr1	 45200000	 44150000	21
chr1	 45550000	 46650000	22
chr1	 45600000	 46750000	23
chr1	 46300000	 46900000	12
chr1	 46350000	 45150000	24
chr1	 49950000	 51250000	26
chr1	 52600000	 51700000	18
chr1	 53450000	 53900000	9
chr1	 57400000	 56250000	23
chr1	 59900000	 63100000	64
chr1	 62850000	 64600000	35
chr1	 63650000	 62950000	14
chr1	 64050000	 65300000	25
chr1	 67800000	 68850000	21
chr1	 68100000	 66450000	33
chr1	 70350000	 71350000	20
chr1	 71150000	 73800000	53
chr1	 72200000	 73300000	22
chr1	 75300000	 75800000	10
chr1	 76050000	 76900000	17
chr1	 77800000	 75950000	37
chr1	 84750000	 85050000	6
chr1	 86650000	 85300000	27
chr1	 87550000	 85500000	41
chr1	 88500000	 88300000	4
chr1	 90300000	 89900000	8
chr1	 92650000	 93050000	8
chr1	 93050000	 93650000	12
chr1	 93750000	 95100000	27
chr1	 98700000	 98050000	13
chr1	 99550000	101200000	33
chr1	100350000	 98650000	34
chr1	101150000	 99700000	29
chr1	101750000	103400000	33
chr1	102000000	 99550000	49
chr1	102500000	101600000	18
chr1	105900000	105050000	17
chr1	106300000	107150000	17
chr1	107150000	107650000	10
chr1	107450000	108750000	26
chr1	108750000	109550000	16
chr1	109700000	109850000	3
chr1	109700000	110250000	11
chr1	110050000	108000000	41
chr1	110600000	108600000	40
chr1	111800000	112800000	20
chr1	112050000	112850000	16
chr1	114500000	113100000	28
chr1	119350000	120400000	21
chr1	119850000	119350000	10
chr1	120800000	121800000	20
chr1	124350000	125000000	13
chr1	127000000	126100000	18
chr1	127050000	127800000	15
chr1	127250000	128300000	21
chr1	129000000	128400000	12
chr1	129000000	130550000	31
chr1	129250000	127150000	42
chr1	132600000	132150000	9
chr1	134500000	133450000	21
chr1	134550000	135400000	17
chr1	134650000	135750000	22
chr1	134900000	133000000	38
chr1	135500000	134800000	14
chr1	137350000	138700000	27
chr1	137900000	137050000	17
chr1	137950000	138350000	8
chr1	140400000	141550000	23
chr1	141100000	135100000	120
chr1	141100000	141600000	10
chr1	142200000	143400000	24
chr1	142300000	140650000	33
chr1	142450000	141550000	18
chr1	143550000	145800000	45
chr1	145400000	144500000	18
chr1	147450000	146450000	20
chr1	148300000	149300000	20
chr1	149550000	148200000	27
chr1	149600000	147200000	48
chr1	149600000	148800000	16
chr1	155750000	156800000	21
chr1	157200000	156500000	14
chr1	158600000	160650000	41
chr1	160450000	159700000	15
chr1	160600000	161050000	9
chr1	162050000	162500000	9
chr1	164400000	163900000	10
chr1	166900000	167600000	14
chr1	167400000	170750000	67
chr1	168150000	169050000	18
chr1	168300000	167100000	24
chr1	168450000	169450000	20
chr1	170300000	171650000	27
chr1	171050000	171700000	13
chr1	171950000	173150000	24
chr1	175750000	176650000	18
chr1	176350000	177450000	22
chr1	179100000	178450000	13
chr1	180750000	180050000	14
chr1	181700000	180400000	26
chr1	181750000	183100000	27
chr1	183100000	186350000	65
chr1	184700000	183800000	18
chr1	184900000	185800000	18
chr1	188750000	186350000	48
chr1	192150000	193250000	22
chr1	192350000	194550000	44
chr1	192750000	193250000	10
chr10	   800000	   200000	12
chr10	  2650000	  5650000	60
chr10	  3750000	  4650000	18
chr10	  5550000	  4950000	12
chr10	  5650000	  6450000	16
chr10	  7500000	  8400000	18
chr10	  7500000	  8850000	27
chr10	  9250000	 10250000	20
chr10	 10100000	 11200000	22
chr10	 10700000	 13650000	59
chr10	 16650000	 17700000	21
chr10	 16850000	 17700000	17
chr10	 17300000	 16700000	12
chr10	 20400000	 19600000	16
chr10	 20550000	 21350000	16
chr10	 21450000	 21800000	7
chr10	 21850000	 20350000	30
chr10	 23900000	 24650000	15
chr10	 27900000	 26350000	31
chr10	 31500000	 31950000	9
chr10	 32250000	 33400000	23
chr10	 32700000	 33300000	12
chr10	 33200000	 33850000	13
chr10	 33900000	 34500000	12
chr10	 34500000	 36000000	30
chr10	 39800000	 39200000	12
chr10	 40050000	 37200000	57
chr10	 40950000	 42150000	24
chr10	 41750000	 40800000	19
chr10	 41750000	 43050000	26
chr10	 41900000	 42500000	12
chr10	 42850000	 45150000	46
chr10	 43050000	 44050000	20
chr10	 43100000	 41650000	29
chr10	 43750000	 44050000	6
chr10	 45600000	 44600000	20
chr10	 46350000	 45800000	11
chr10	 46400000	 45350000	21
chr10	 47650000	 46850000	16
chr10	 48550000	 50400000	37
chr10	 48650000	 48050000	12
chr10	 49400000	 49850000	9
chr10	 50200000	 51000000	16
chr10	 52000000	 54400000	48
chr10	 52200000	 53050000	17
chr10	 54650000	 52650000	40
chr10	 54750000	 55450000	14
chr10	 55900000	 54900000	20
chr10	 56050000	 56800000	15
chr10	 59300000	 57100000	44
chr10	 59450000	 61150000	34
chr10	 60150000	 61950000	36
chr10	 60900000	 61450000	11
chr10	 62150000	 60550000	32
chr10	 62150000	 61250000	18
chr10	 63400000	 64150000	15
chr10	 63500000	 63300000	4
chr10	 65950000	 67800000	37
chr10	 67450000	 68200000	15
chr10	 67650000	 66000000	33
chr10	 68000000	 66600000	28
chr10	 70400000	 68950000	29
chr10	 70600000	 72250000	33
chr10	 71750000	 71200000	11
chr10	 71800000	 70050000	35
chr10	 74250000	 75300000	21
chr10	 75750000	 74800000	19
chr10	 75950000	 74150000	36
chr10	 77050000	 78150000	22
chr10	 79250000	 78100000	23
chr10	 80750000	 79950000	16
chr10	 82250000	 82250000	0
chr10	 82900000	 81050000	37
chr10	 85500000	 87400000	38
chr10	 88750000	 88100000	13
chr10	 89650000	 90250000	12
chr10	 90350000	 89400000	19
chr10	 90850000	 92100000	25
chr10	 91650000	 93100000	29
chr10	 91700000	 90850000	17
chr10	 93900000	 94500000	12
chr10	 95400000	 93300000	42
chr10	 96050000	 97350000	26
chr10	 97800000	 97400000	8
chr10	 99950000	 98700000	25
chr10	102750000	101200000	31
chr10	102850000	103550000	14
chr10	103400000	104750000	27
chr10	103600000	104850000	25
chr10	104200000	102650000	31
chr10	104850000	103600000	25
chr10	105350000	104400000	19
chr10	105850000	106400000	11
chr10	108000000	106800000	24
chr10	110400000	109350000	21
chr10	112250000	112700000	9
chr10	112950000	113300000	7
chr10	113550000	114800000	25
chr10	113600000	113800000	4
chr10	114150000	116200000	41
chr10	116700000	116300000	8
chr10	116950000	116350000	12
chr10	119850000	120150000	6
chr10	119850000	120400000	11
chr10	121750000	120650000	22
chr10	124200000	125350000	23
chr10	125100000	126150000	21
chr10	125200000	124400000	16
chr10	125550000	126550000	20
chr10	125750000	125750000	0
chr10	126750000	127500000	15
chr10	129850000	130350000	10
chr11	  1100000	  1550000	9
chr11	  1200000	  3350000	43
chr11	  3400000	  3950000	11
chr11	  5500000	  5500000	0
chr11	  6250000	  6700000	9
chr11	 10550000	 10800000	5
chr11	 11150000	 10450000	14
chr11	 11200000	 12300000	22
chr11	 14200000	 12800000	28
chr11	 14350000	 13750000	12
chr11	 14500000	 15650000	23
chr11	 15600000	 13600000	40
chr11	 19100000	 22150000	61
chr11	 20750000	 21350000	12
chr11	 23550000	 24600000	21
chr11	 24750000	 24250000	10
chr11	 24950000	 23500000	29
chr11	 26400000	 28500000	42
chr11	 26900000	 26500000	8
chr11	 28300000	 28700000	8
chr11	 29950000	 31100000	23
chr11	 30600000	 30000000	12
chr11	 31350000	 30350000	20
chr11	 32600000	 31900000	14
chr11	 34550000	 35650000	22
chr11	 35300000	 36400000	22
chr11	 36200000	 35250000	19
chr11	 36550000	 35500000	21
chr11	 36950000	 36150000	16
chr11	 37150000	 35350000	36
chr11	 39100000	 39450000	7
chr11	 39400000	 40650000	25
chr11	 40150000	 40800000	13
chr11	 40200000	 39150000	21
chr11	 40200000	 40500000	6
chr11	 40500000	 41800000	26
chr11	 41450000	 40900000	11
chr11	 41900000	 40200000	34
chr11	 42000000	 40900000	22
chr11	 43100000	 45350000	45
chr11	 43900000	 44350000	9
chr11	 45350000	 44350000	20
chr11	 47050000	 47850000	16
chr11	 47300000	 48050000	15
chr11	 50750000	 51900000	23
chr11	 51900000	 51100000	16
chr11	 54200000	 56550000	47
chr11	 54700000	 55400000	14
chr11	 56100000	 53300000	56
chr11	 56250000	 54900000	27
chr11	 62150000	 62850000	14
chr11	 63700000	 64450000	15
chr11	 64950000	 64250000	14
chr11	 69250000	 68100000	23
chr11	 69900000	 66650000	65
chr11	 70650000	 69150000	30
chr11	 74350000	 75200000	17
chr11	 74450000	 74700000	5
chr11	 75350000	 76600000	25
chr11	 78000000	 78700000	14
chr11	 79150000	 77850000	26
chr11	 80100000	 80750000	13
chr11	 80950000	 82350000	28
chr11	 81300000	 81750000	9
chr11	 82000000	 83050000	21
chr11	 82050000	 81600000	9
chr11	 82050000	 83150000	22
chr11	 83850000	 84400000	11
chr11	 84800000	 83100000	34
chr11	 85700000	 87000000	26
chr11	 90700000	 87150000	71
chr11	 92000000	 90000000	40
chr11	 92050000	 92600000	11
chr11	 92900000	 91300000	32
chr11	 93200000	 91050000	43
chr11	 93500000	 94200000	14
chr11	 97150000	 97850000	14
chr11	 99850000	101300000	29
chr11	101950000	101250000	14
chr11	103750000	102650000	22
chr11	104600000	102550000	41
chr11	108550000	107700000	17
chr11	108850000	109850000	20
chr11	109550000	110650000	22
chr11	110050000	108800000	25
chr11	114200000	113300000	18
chr11	118550000	117900000	13
chr11	118600000	117250000	27
chr11	119750000	119000000	15
chr12	  3600000	  2850000	15
chr12	  4050000	  3500000	11
chr12	  4100000	  3000000	22
chr12	  5000000	  6550000	31
chr12	  6350000	  5400000	19
chr12	  8400000	  9900000	30
chr12	  8700000	  9950000	25
chr12	 11000000	  9100000	38
chr12	 12100000	 12850000	15
chr12	 12150000	 11550000	12
chr12	 12650000	 13800000	23
chr12	 14600000	 13550000	21
chr12	 14950000	 15350000	8
chr12	 15800000	 15100000	14
chr12	 16950000	 15450000	30
chr12	 17300000	 15600000	34
chr12	 20450000	 21750000	26
chr12	 24650000	 25800000	23
chr12	 27250000	 26550000	14
chr12	 27300000	 26000000	26
chr12	 28950000	 27150000	36
chr12	 29900000	 30550000	13
chr12	 31700000	 32650000	19
chr12	 32100000	 31150000	19
chr12	 32700000	 31250000	29
chr12	 33000000	 31450000	31
chr12	 33300000	 34300000	20
chr12	 36500000	 37000000	10
chr12	 36700000	 37100000	8
chr12	 37050000	 35350000	34
chr12	 37800000	 38800000	20
chr12	 38800000	 37900000	18
chr12	 38900000	 39900000	20
chr12	 40050000	 39600000	9
chr12	 40100000	 41700000	32
chr12	 41050000	 40650000	8
chr12	 41550000	 40850000	14
chr12	 41850000	 37250000	92
chr12	 43050000	 43050000	0
chr12	 43600000	 42100000	30
chr12	 44400000	 43750000	13
chr12	 45450000	 45000000	9
chr12	 45600000	 46150000	11
chr12	 45750000	 44900000	17
chr12	 49750000	 50650000	18
chr12	 50300000	 49600000	14
chr12	 50950000	 52150000	24
chr12	 53300000	 51250000	41
chr12	 53800000	 53200000	12
chr12	 54150000	 55000000	17
chr12	 54600000	 55950000	27
chr12	 55350000	 56550000	24
chr12	 56150000	 57650000	30
chr12	 56450000	 55150000	26
chr12	 57050000	 56200000	17
chr12	 57200000	 58450000	25
chr12	 57600000	 59350000	35
chr12	 57850000	 56500000	27
chr12	 61350000	 63300000	39
chr12	 61450000	 60950000	10
chr12	 61500000	 62950000	29
chr12	 62050000	 59350000	54
chr12	 62100000	 60000000	42
chr12	 68200000	 66000000	44
chr12	 69350000	 68700000	13
chr12	 70300000	 69000000	26
chr12	 71750000	 72350000	12
chr12	 72800000	 72100000	14
chr12	 72900000	 72200000	14
chr12	 79550000	 80650000	22
chr12	 81950000	 80500000	29
chr12	 82550000	 83600000	21
chr12	 83650000	 84450000	16
chr12	 85450000	 84700000	15
chr12	 86850000	 87450000	12
chr12	 87950000	 86600000	27
chr12	 90000000	 90400000	8
chr12	 91900000	 90900000	20
chr12	 92200000	 91400000	16
chr12	 92250000	 94000000	35
chr12	 97450000	 98750000	26
chr12	100150000	100850000	14
chr12	104900000	104700000	4
chr12	104900000	106600000	34
chr12	105200000	104900000	6
chr12	106850000	107800000	19
chr12	107550000	109300000	35
chr12	109600000	111250000	33
chr12	111550000	110500000	21
chr12	111850000	112700000	17
chr12	113900000	114500000	12
chr12	116950000	117900000	19
chr12	118200000	119650000	29
chr12	119250000	118700000	11
chr13	   950000	  3000000	41
chr13	  2950000	   850000	42
chr13	  5050000	  4850000	4
chr13	  6100000	  6400000	6
chr13	  8250000	  9200000	19
chr13	  8650000	  8250000	8
chr13	  9350000	  8000000	27
chr13	 11000000	 13800000	56
chr13	 11450000	 10100000	27
chr13	 15350000	 17450000	42
chr13	 15600000	 14700000	18
chr13	 19150000	 14500000	93
chr13	 19700000	 20150000	9
chr13	 20800000	 19900000	18
chr13	 22600000	 23150000	11
chr13	 22950000	 22600000	7
chr13	 25000000	 23400000	32
chr13	 26100000	 27100000	20
chr13	 27700000	 28400000	14
chr13	 28250000	 27200000	21
chr13	 31150000	 30400000	15
chr13	 32700000	 31650000	21
chr13	 32900000	 32100000	16
chr13	 34450000	 35400000	19
chr13	 36650000	 36650000	0
chr13	 36850000	 35700000	23
chr13	 37100000	 39050000	39
chr13	 40150000	 39200000	19
chr13	 40400000	 41100000	14
chr13	 40700000	 39550000	23
chr13	 40950000	 41850000	18
chr13	 41700000	 39650000	41
chr13	 42150000	 41050000	22
chr13	 42250000	 42950000	14
chr13	 44550000	 43850000	14
chr13	 47400000	 46750000	13
chr13	 50950000	 52250000	26
chr13	 51350000	 50150000	24
chr13	 51750000	 50650000	22
chr13	 51900000	 53200000	26
chr13	 52100000	 50650000	29
chr13	 52400000	 53150000	15
chr13	 53300000	 55250000	39
chr13	 55700000	 56950000	25
chr13	 56250000	 55050000	24
chr13	 57400000	 58050000	13
chr13	 57600000	 62150000	91
chr13	 58400000	 57550000	17
chr13	 59500000	 60700000	24
chr13	 59950000	 60200000	5
chr13	 60200000	 60650000	9
chr13	 60700000	 60250000	9
chr13	 60800000	 61600000	16
chr13	 62450000	 65400000	59
chr13	 63100000	 61900000	24
chr13	 63650000	 65950000	46
chr13	 63700000	 62200000	30
chr13	 65250000	 64800000	9
chr13	 66650000	 67600000	19
chr13	 66850000	 67600000	15
chr13	 69000000	 69600000	12
chr13	 70350000	 69850000	10
chr13	 72300000	 73200000	18
chr13	 72650000	 72150000	10
chr13	 72650000	 74250000	32
chr13	 73400000	 73000000	8
chr13	 75550000	 74800000	15
chr13	 79750000	 79250000	10
chr13	 79950000	 81950000	40
chr13	 80050000	 79500000	11
chr13	 81250000	 82450000	24
chr13	 82650000	 81550000	22
chr13	 83500000	 82500000	20
chr13	 83800000	 84600000	16
chr13	 85750000	 84050000	34
chr13	 88500000	 87300000	24
chr13	 91200000	 91650000	9
chr13	 94350000	 93650000	14
chr13	 95350000	 96100000	15
chr13	100000000	100400000	8
chr13	100850000	101900000	21
chr13	101450000	101150000	6
chr13	103300000	105700000	48
chr13	103550000	102700000	17
chr13	103700000	104250000	11
chr13	103700000	104900000	24
chr13	103950000	103550000	8
chr13	104400000	105450000	21
chr13	104700000	102500000	44
chr13	106050000	103900000	43
chr13	106100000	104900000	24
chr13	106200000	105750000	9
chr13	106750000	107700000	19
chr13	106950000	108950000	40
chr13	107600000	108300000	14
chr13	108150000	107400000	15
chr13	109400000	108850000	11
chr13	110500000	109950000	11
chr13	110600000	112450000	37
chr13	110700000	109700000	20
chr13	111200000	110200000	20
chr13	112600000	112250000	7
chr13	112600000	113900000	26
chr13	112650000	111750000	18
chr13	114400000	112750000	33
chr13	114700000	115600000	18
chr13	118400000	117100000	26
chr14	  1850000	   700000	23
chr14	  3300000	  1800000	30
chr14	  3950000	  4650000	14
chr14	  7450000	  5650000	36
chr14	  8750000	  7950000	16
chr14	  8800000	  9400000	12
chr14	 10850000	 12250000	28
chr14	 11500000	 10850000	13
chr14	 11750000	 10950000	16
chr14	 14400000	 14900000	10
chr14	 15550000	 14450000	22
chr14	 17400000	 16100000	26
chr14	 17600000	 18550000	19
chr14	 18100000	 16550000	31
chr14	 20450000	 19850000	12
chr14	 23200000	 22550000	13
chr14	 27200000	 26350000	17
chr14	 29550000	 28500000	21
chr14	 32050000	 33200000	23
chr14	 32050000	 33450000	28
chr14	 32750000	 33800000	21
chr14	 32850000	 34350000	30
chr14	 33700000	 32400000	26
chr14	 35250000	 34550000	14
chr14	 36200000	 37500000	26
chr14	 36500000	 37250000	15
chr14	 40450000	 41750000	26
chr14	 42150000	 41000000	23
chr14	 43750000	 42750000	20
chr14	 50450000	 49650000	16
chr14	 50450000	 51000000	11
chr14	 51700000	 49150000	51
chr14	 53150000	 55400000	45
chr14	 53700000	 54950000	25
chr14	 53800000	 53550000	5
chr14	 55850000	 54900000	19
chr14	 56350000	 55400000	19
chr14	 57150000	 57750000	12
chr14	 58000000	 58600000	12
chr14	 58800000	 60450000	33
chr14	 58850000	 57900000	19
chr14	 60500000	 60950000	9
chr14	 62350000	 63950000	32
chr14	 63550000	 61150000	48
chr14	 64300000	 64400000	2
chr14	 66750000	 65800000	19
chr14	 70850000	 72900000	41
chr14	 72500000	 71600000	18
chr14	 73650000	 72450000	24
chr14	 75450000	 76750000	26
chr14	 75500000	 76500000	20
chr14	 76600000	 77250000	13
chr14	 77400000	 77950000	11
chr14	 77850000	 77100000	15
chr14	 78950000	 80200000	25
chr14	 79900000	 81350000	29
chr14	 83450000	 81650000	36
chr14	 84600000	 87850000	65
chr14	 89250000	 90200000	19
chr14	 91250000	 89950000	26
chr14	 91600000	 91800000	4
chr14	 91750000	 93000000	25
chr14	 93550000	 93050000	10
chr14	 94700000	 95400000	14
chr14	 95350000	 96500000	23
chr14	 97350000	 98600000	25
chr14	 97450000	 96000000	29
chr14	 98500000	 99450000	19
chr14	 98700000	 98400000	6
chr14	 98900000	 97200000	34
chr14	 99500000	 98400000	22
chr14	 99750000	 99250000	10
chr14	101950000	103350000	28
chr14	104900000	105950000	21
chr14	106700000	107050000	7
chr14	108450000	110100000	33
chr14	108650000	108050000	12
chr14	109150000	109600000	9
chr14	109400000	110200000	16
chr14	109600000	108150000	29
chr14	111700000	108500000	64
chr14	114100000	115500000	28
chr14	115300000	116450000	23
chr14	115400000	116100000	14
chr14	115700000	114750000	19
chr14	115800000	116500000	14
chr14	116150000	116550000	8
chr14	119050000	118000000	21
chr14	120350000	122050000	34
chr14	121700000	120500000	24
chr14	121800000	122900000	22
chr14	122650000	122650000	0
chr14	123500000	124650000	23
chr14	123650000	122350000	26
chr14	124000000	123750000	5
chr15	  1750000	   950000	16
chr15	  4750000	  4100000	13
chr15	  5300000	  6050000	15
chr15	  5700000	  4450000	25
chr15	  6500000	  4750000	35
chr15	  8050000	  8850000	16
chr15	  8700000	 11000000	46
chr15	  9700000	  8200000	30
chr15	 10200000	  9400000	16
chr15	 11850000	 13300000	29
chr15	 11900000	 13150000	25
chr15	 13900000	 14900000	20
chr15	 14600000	 14250000	7
chr15	 14850000	 15850000	20
chr15	 16150000	 14450000	34
chr15	 16800000	 18700000	38
chr15	 18050000	 19050000	20
chr15	 19950000	 20850000	18
chr15	 20350000	 21900000	31
chr15	 22900000	 20700000	44
chr15	 24300000	 24750000	9
chr15	 24650000	 25400000	15
chr15	 26300000	 28250000	39
chr15	 27100000	 28200000	22
chr15	 31150000	 29850000	26
chr15	 36400000	 36000000	8
chr15	 37100000	 36500000	12
chr15	 38500000	 40350000	37
chr15	 44050000	 44600000	11
chr15	 45250000	 46400000	23
chr15	 46200000	 47100000	18
chr15	 50150000	 49000000	23
chr15	 50150000	 49200000	19
chr15	 50450000	 51100000	13
chr15	 52650000	 51650000	20
chr15	 55150000	 54750000	8
chr15	 57050000	 59300000	45
chr15	 57200000	 58800000	32
chr15	 57200000	 59800000	52
chr15	 59250000	 57950000	26
chr15	 60600000	 61000000	8
chr15	 62100000	 60900000	24
chr15	 66200000	 68100000	38
chr15	 66250000	 68000000	35
chr15	 66850000	 66150000	14
chr15	 67850000	 67000000	17
chr15	 69000000	 70100000	22
chr15	 71900000	 72300000	8
chr15	 73200000	 72750000	9
chr15	 73250000	 71550000	34
chr15	 76100000	 75000000	22
chr15	 76600000	 75050000	31
chr15	 77550000	 77950000	8
chr15	 80450000	 81900000	29
chr15	 82000000	 83400000	28
chr15	 83000000	 80400000	52
chr15	 83450000	 81650000	36
chr15	 85050000	 84350000	14
chr15	 90400000	 88600000	36
chr15	 90800000	 90200000	12
chr15	 94700000	 94400000	6
chr15	 95400000	 96450000	21
chr15	 95750000	 96700000	19
chr15	 97950000	 98850000	18
chr15	 98600000	 99050000	9
chr15	 99100000	 97650000	29
chr15	100050000	101450000	28
chr15	100200000	101600000	28
chr16	  2500000	  1250000	25
chr16	  3700000	  3100000	12
chr16	  3850000	  3250000	12
chr16	  4600000	  3550000	21
chr16	  4900000	  3850000	21
chr16	 12350000	 11200000	23
chr16	 14900000	 15800000	18
chr16	 15050000	 13450000	32
chr16	 17150000	 16000000	23
chr16	 17400000	 17950000	11
chr16	 21400000	 20150000	25
chr16	 22150000	 23350000	24
chr16	 22600000	 21400000	24
chr16	 22750000	 23150000	8
chr16	 24550000	 25500000	19
chr16	 25500000	 26150000	13
chr16	 25700000	 27300000	32
chr16	 28100000	 28500000	8
chr16	 32400000	 34650000	45
chr16	 35500000	 36150000	13
chr16	 35650000	 36200000	11
chr16	 36050000	 34300000	35
chr16	 39550000	 38950000	12
chr16	 40050000	 39600000	9
chr16	 40400000	 39350000	21
chr16	 42850000	 40100000	55
chr16	 43900000	 42650000	25
chr16	 44900000	 45450000	11
chr16	 49450000	 50800000	27
chr16	 50500000	 49300000	24
chr16	 52250000	 53250000	20
chr16	 54050000	 51550000	50
chr16	 54200000	 55600000	28
chr16	 55650000	 52800000	57
chr16	 55900000	 56350000	9
chr16	 58300000	 59050000	15
chr16	 67050000	 65650000	28
chr16	 67800000	 66900000	18
chr16	 68100000	 67450000	13
chr16	 68600000	 70350000	35
chr16	 69800000	 69150000	13
chr16	 71450000	 72700000	25
chr16	 76700000	 75900000	16
chr16	 78000000	 76600000	28
chr16	 78850000	 77650000	24
chr16	 79600000	 80650000	21
chr16	 81150000	 80350000	16
chr16	 81500000	 82900000	28
chr16	 81750000	 80250000	30
chr16	 81800000	 81050000	15
chr16	 86800000	 85250000	31
chr16	 86900000	 87600000	14
chr16	 87000000	 88250000	25
chr16	 88600000	 86900000	34
chr16	 91350000	 90300000	21
chr16	 92100000	 93400000	26
chr16	 92300000	 93150000	17
chr16	 96200000	 95550000	13
chr16	 96900000	 95900000	20
chr16	 97750000	 94850000	58
chr17	  2150000	  4000000	37
chr17	  3300000	  2250000	21
chr17	  7050000	  6300000	15
chr17	 10500000	 11100000	12
chr17	 10550000	  8100000	49
chr17	 12800000	 11100000	34
chr17	 13850000	 16500000	53
chr17	 14500000	 15200000	14
chr17	 15000000	 16300000	26
chr17	 17800000	 16100000	34
chr17	 18400000	 19450000	21
chr17	 19100000	 17500000	32
chr17	 19350000	 17350000	40
chr17	 19650000	 21400000	35
chr17	 19900000	 18500000	28
chr17	 23200000	 22850000	7
chr17	 23750000	 24550000	16
chr17	 24700000	 24300000	8
chr17	 30800000	 29750000	21
chr17	 34750000	 35800000	21
chr17	 34950000	 34100000	17
chr17	 35500000	 33700000	36
chr17	 37250000	 35850000	28
chr17	 37950000	 36800000	23
chr17	 38150000	 38150000	0
chr17	 40500000	 39850000	13
chr17	 40800000	 39350000	29
chr17	 41050000	 40250000	16
chr17	 42500000	 41550000	19
chr17	 43700000	 44850000	23
chr17	 45350000	 47100000	35
chr17	 46700000	 46250000	9
chr17	 48700000	 46450000	45
chr17	 49450000	 49900000	9
chr17	 51550000	 50750000	16
chr17	 56950000	 57200000	5
chr17	 59100000	 60500000	28
chr17	 61200000	 63100000	38
chr17	 61650000	 60900000	15
chr17	 61650000	 61000000	13
chr17	 61850000	 62700000	17
chr17	 62150000	 62900000	15
chr17	 65250000	 66550000	26
chr17	 66150000	 67000000	17
chr17	 66550000	 67350000	16
chr17	 67350000	 68200000	17
chr17	 67750000	 66200000	31
chr17	 69700000	 70750000	21
chr17	 70000000	 69100000	18
chr17	 73850000	 75800000	39
chr17	 74000000	 73050000	19
chr17	 74450000	 73250000	24
chr17	 74600000	 75450000	17
chr17	 76400000	 78200000	36
chr17	 77300000	 75800000	30
chr17	 79000000	 78100000	18
chr17	 79850000	 80900000	21
chr17	 80050000	 79500000	11
chr17	 81100000	 81850000	15
chr17	 81350000	 83250000	38
chr17	 81450000	 81450000	0
chr17	 84300000	 81950000	47
chr17	 85750000	 86500000	15
chr17	 85950000	 85750000	4
chr17	 86400000	 81450000	99
chr17	 87200000	 88550000	27
chr17	 87950000	 90000000	41
chr18	  2450000	  3400000	19
chr18	  5400000	  6200000	16
chr18	  6100000	  7200000	22
chr18	  6150000	  6800000	13
chr18	  6200000	  7700000	30
chr18	  6750000	  3400000	67
chr18	  8750000	 10250000	30
chr18	 10400000	 11400000	20
chr18	 10750000	 11550000	16
chr18	 11150000	  9500000	33
chr18	 11200000	  9950000	25
chr18	 11500000	  9900000	32
chr18	 12400000	 13700000	26
chr18	 12950000	 12650000	6
chr18	 17350000	 17150000	4
chr18	 20650000	 19950000	14
chr18	 21150000	 23250000	42
chr18	 21350000	 21750000	8
chr18	 22150000	 23000000	17
chr18	 22850000	 24050000	24
chr18	 22950000	 24300000	27
chr18	 23150000	 23700000	11
chr18	 24300000	 24850000	11
chr18	 26400000	 27100000	14
chr18	 26900000	 28250000	27
chr18	 28100000	 29300000	24
chr18	 28850000	 30250000	28
chr18	 28900000	 27100000	36
chr18	 31200000	 32350000	23
chr18	 31550000	 33750000	44
chr18	 32400000	 33700000	26
chr18	 36500000	 38400000	38
chr18	 36850000	 35350000	30
chr18	 39450000	 40350000	18
chr18	 39500000	 40500000	20
chr18	 44500000	 45450000	19
chr18	 44800000	 45300000	10
chr18	 47600000	 45450000	43
chr18	 47700000	 48100000	8
chr18	 49950000	 50400000	9
chr18	 52450000	 53300000	17
chr18	 54250000	 53950000	6
chr18	 54950000	 53600000	27
chr18	 55150000	 53150000	40
chr18	 56800000	 56000000	16
chr18	 57500000	 56050000	29
chr18	 58000000	 60750000	55
chr18	 59050000	 57500000	31
chr18	 59850000	 62600000	55
chr18	 60850000	 58650000	44
chr18	 61900000	 62600000	14
chr18	 66100000	 64050000	41
chr18	 66550000	 65450000	22
chr18	 66800000	 68350000	31
chr18	 68400000	 67550000	17
chr18	 69300000	 70600000	26
chr18	 70250000	 71700000	29
chr18	 70400000	 68450000	39
chr18	 70550000	 69700000	17
chr18	 73000000	 73950000	19
chr18	 74050000	 73100000	19
chr18	 74100000	 73600000	10
chr18	 74150000	 73000000	23
chr18	 74800000	 73400000	28
chr18	 75750000	 74700000	21
chr18	 77800000	 76950000	17
chr18	 79750000	 77800000	39
chr18	 81000000	 82250000	25
chr18	 83100000	 82000000	22
chr18	 83100000	 83950000	17
chr18	 86400000	 87250000	17
chr18	 86500000	 85400000	22
chr18	 86550000	 85800000	15
chr19	   950000	  2400000	29
chr19	  2050000	  3600000	31
chr19	  2200000	  3700000	30
chr19	  2750000	  1950000	16
chr19	  3600000	  2250000	27
chr19	  3900000	  2350000	31
chr19	  4950000	  6150000	24
chr19	  5100000	  3650000	29
chr19	  5650000	  6250000	12
chr19	  6100000	  7150000	21
chr19	  6150000	  4200000	39
chr19	  8600000	  6950000	33
chr19	  9900000	  9000000	18
chr19	 10850000	 12300000	29
chr19	 11150000	 10250000	18
chr19	 11750000	 10400000	27
chr19	 13100000	 11600000	30
chr19	 13150000	 13800000	13
chr19	 14600000	 15000000	8
chr19	 15550000	 16350000	16
chr19	 16100000	 17900000	36
chr19	 16350000	 15600000	15
chr19	 16400000	 14300000	42
chr19	 16850000	 15350000	30
chr19	 17200000	 16650000	11
chr19	 18800000	 19450000	13
chr19	 19950000	 19400000	11
chr19	 21250000	 22350000	22
chr19	 23050000	 24050000	20
chr19	 23550000	 24050000	10
chr19	 27050000	 28450000	28
chr19	 28150000	 27550000	12
chr19	 29350000	 27100000	45
chr19	 31300000	 30450000	17
chr19	 33500000	 32950000	11
chr19	 34550000	 33100000	29
chr19	 36200000	 37100000	18
chr19	 40100000	 39050000	21
chr19	 42950000	 44700000	35
chr19	 46000000	 45500000	10
chr19	 48750000	 47400000	27
chr19	 48950000	 48200000	15
chr19	 50450000	 49600000	17
chr19	 51100000	 52550000	29
chr19	 52350000	 54050000	34
chr19	 52550000	 49450000	62
chr19	 53550000	 54450000	18
chr19	 55700000	 55550000	3
chr19	 56050000	 57500000	29
chr19	 56200000	 55750000	9
chr19	 58550000	 59400000	17
chr2	   850000	  2350000	30
chr2	  1600000	  2600000	20
chr2	  4650000	  6350000	34
chr2	  4800000	  5650000	17
chr2	  5850000	  7200000	27
chr2	  6150000	  4900000	25
chr2	  8300000	  7450000	17
chr2	 10350000	 10900000	11
chr2	 11700000	 10700000	20
chr2	 12000000	 12700000	14
chr2	 12950000	 12200000	15
chr2	 14750000	 16550000	36
chr2	 15350000	 17250000	38
chr2	 16350000	 15150000	24
chr2	 19400000	 17500000	38
chr2	 20300000	 19150000	23
chr2	 20300000	 21050000	15
chr2	 20450000	 19250000	24
chr2	 21250000	 21750000	10
chr2	 21450000	 20450000	20
chr2	 21550000	 22450000	18
chr2	 22500000	 21550000	19
chr2	 23150000	 24250000	22
chr2	 23500000	 22150000	27
chr2	 23800000	 23300000	10
chr2	 23850000	 24800000	19
chr2	 24150000	 25150000	20
chr2	 27700000	 28700000	20
chr2	 30650000	 30000000	13
chr2	 31800000	 34800000	60
chr2	 32100000	 34350000	45
chr2	 32150000	 33550000	28
chr2	 38500000	 37400000	22
chr2	 38700000	 37950000	15
chr2	 39000000	 40200000	24
chr2	 41050000	 39050000	40
chr2	 41300000	 41600000	6
chr2	 42800000	 41600000	24
chr2	 43800000	 43100000	14
chr2	 45650000	 43600000	41
chr2	 46600000	 48300000	34
chr2	 48250000	 47550000	14
chr2	 52200000	 50500000	34
chr2	 53300000	 52250000	21
chr2	 56500000	 57250000	15
chr2	 56800000	 55050000	35
chr2	 58950000	 58000000	19
chr2	 60000000	 60650000	13
chr2	 62250000	 60650000	32
chr2	 63900000	 64250000	7
chr2	 64600000	 63650000	19
chr2	 64750000	 66050000	26
chr2	 65400000	 66450000	21
chr2	 66700000	 67300000	12
chr2	 67600000	 67050000	11
chr2	 67700000	 68500000	16
chr2	 67700000	 68650000	19
chr2	 68700000	 67500000	24
chr2	 69050000	 70000000	19
chr2	 69700000	 70100000	8
chr2	 70450000	 69650000	16
chr2	 71150000	 70850000	6
chr2	 83150000	 81400000	35
chr2	 83350000	 83800000	9
chr2	 85400000	 86250000	17
chr2	 85450000	 85750000	6
chr2	 86250000	 87500000	25
chr2	 87200000	 84900000	46
chr2	 87750000	 86900000	17
chr2	 87800000	 88800000	20
chr2	 89050000	 89700000	13
chr2	 89500000	 90700000	24
chr2	 90850000	 90250000	12
chr2	 91900000	 91200000	14
chr2	 94000000	 93500000	10
chr2	 94100000	 93450000	13
chr2	 94550000	 92550000	40
chr2	 95300000	 93550000	35
chr2	 96300000	 98400000	42
chr2	 98900000	 98450000	9
chr2	 99150000	100150000	20
chr2	100100000	101700000	32
chr2	100400000	101500000	22
chr2	100550000	 98600000	39
chr2	101200000	100150000	21
chr2	102000000	103950000	39
chr2	102450000	103150000	14
chr2	103400000	105400000	40
chr2	103700000	104750000	21
chr2	105100000	105300000	4
chr2	105750000	107150000	28
chr2	107850000	106700000	23
chr2	108700000	107100000	32
chr2	110650000	111050000	8
chr2	113500000	113150000	7
chr2	113650000	114500000	17
chr2	114700000	114000000	14
chr2	115050000	113650000	28
chr2	115700000	115100000	12
chr2	117900000	118200000	6
chr2	119400000	119000000	8
chr2	119800000	120500000	14
chr2	123700000	123400000	6
chr2	126200000	127400000	24
chr2	127650000	131450000	76
chr2	127950000	126300000	33
chr2	128600000	129700000	22
chr2	129350000	129650000	6
chr2	129500000	130700000	24
chr2	130450000	133850000	68
chr2	132350000	132900000	11
chr2	133650000	132650000	20
chr2	134400000	133600000	16
chr2	134750000	135700000	19
chr2	135750000	134550000	24
chr2	136500000	135300000	24
chr2	136900000	136200000	14
chr2	137250000	136600000	13
chr2	138000000	137450000	11
chr2	138850000	138100000	15
chr2	139250000	140150000	18
chr2	140750000	142400000	33
chr2	141500000	140250000	25
chr2	148900000	148400000	10
chr2	148900000	149900000	20
chr2	150850000	152100000	25
chr2	155400000	154050000	27
chr2	157350000	156300000	21
chr2	158950000	161300000	47
chr2	159900000	159000000	18
chr2	163550000	164700000	23
chr2	165450000	166200000	15
chr2	167400000	167900000	10
chr2	169500000	166500000	60
chr2	171100000	173950000	57
chr2	171150000	171550000	8
chr2	172000000	171400000	12
chr2	172000000	172350000	7
chr2	173200000	172450000	15
chr2	173650000	174800000	23
chr2	175100000	174300000	16
chr2	175350000	174350000	20
chr2	175750000	176450000	14
chr2	175900000	175150000	15
chr2	176400000	177400000	20
chr2	178050000	176450000	32
chr3	  2450000	  4050000	32
chr3	  2500000	  3400000	18
chr3	  2500000	  3800000	26
chr3	  2900000	  4450000	31
chr3	  3350000	  1500000	37
chr3	  4300000	  5050000	15
chr3	  4550000	  5750000	24
chr3	  5750000	  5450000	6
chr3	  6550000	  6150000	8
chr3	  6950000	  7300000	7
chr3	  7350000	  6100000	25
chr3	  8050000	  7150000	18
chr3	  8300000	 10150000	37
chr3	  8800000	 10150000	27
chr3	 11100000	 12250000	23
chr3	 11350000	 12350000	20
chr3	 12050000	 10100000	39
chr3	 13400000	 14000000	12
chr3	 14150000	 13250000	18
chr3	 14200000	 10350000	77
chr3	 15050000	 14500000	11
chr3	 15450000	 16200000	15
chr3	 16400000	 15350000	21
chr3	 18100000	 19250000	23
chr3	 20200000	 18900000	26
chr3	 23300000	 26800000	70
chr3	 23450000	 22750000	14
chr3	 23900000	 23400000	10
chr3	 24800000	 23900000	18
chr3	 26750000	 27950000	24
chr3	 28450000	 28850000	8
chr3	 28650000	 28300000	7
chr3	 29300000	 31100000	36
chr3	 29800000	 28500000	26
chr3	 30350000	 28750000	32
chr3	 31150000	 29900000	25
chr3	 31300000	 31300000	0
chr3	 33950000	 36200000	45
chr3	 34300000	 36000000	34
chr3	 35250000	 33900000	27
chr3	 36750000	 37450000	14
chr3	 37200000	 35950000	25
chr3	 39750000	 38250000	30
chr3	 40350000	 42050000	34
chr3	 41550000	 42450000	18
chr3	 42350000	 41050000	26
chr3	 45650000	 45000000	13
chr3	 47850000	 47250000	12
chr3	 48300000	 51200000	58
chr3	 49600000	 48600000	20
chr3	 50350000	 49600000	15
chr3	 50350000	 52400000	41
chr3	 50900000	 50100000	16
chr3	 54950000	 55450000	10
chr3	 55800000	 55200000	12
chr3	 56550000	 57950000	28
chr3	 60350000	 59550000	16
chr3	 61900000	 61500000	8
chr3	 63850000	 63150000	14
chr3	 64700000	 65750000	21
chr3	 66000000	 64200000	36
chr3	 66400000	 67450000	21
chr3	 67400000	 66400000	20
chr3	 69650000	 68250000	28
chr3	 71850000	 73500000	33
chr3	 73750000	 72650000	22
chr3	 74700000	 75300000	12
chr3	 75200000	 75850000	13
chr3	 77100000	 78600000	30
chr3	 77200000	 75700000	30
chr3	 77850000	 79250000	28
chr3	 78050000	 77350000	14
chr3	 79050000	 78100000	19
chr3	 79100000	 79750000	13
chr3	 79300000	 78300000	20
chr3	 79300000	 78500000	16
chr3	 79800000	 78800000	20
chr3	 79800000	 79050000	15
chr3	 80450000	 80950000	10
chr3	 83600000	 83000000	12
chr3	 84600000	 84050000	11
chr3	 86150000	 84850000	26
chr3	 87250000	 86600000	13
chr3	 87850000	 91200000	67
chr3	 91050000	 89950000	22
chr3	 91100000	 90800000	6
chr3	 92450000	 90450000	40
chr3	 93000000	 93400000	8
chr3	 97450000	 98000000	11
chr3	 98000000	 96850000	23
chr3	 98900000	100750000	37
chr3	 99250000	 98600000	13
chr3	105400000	104500000	18
chr3	108650000	109550000	18
chr3	108900000	108900000	0
chr3	108950000	109750000	16
chr3	110450000	109150000	26
chr3	112100000	113400000	26
chr3	118750000	121100000	47
chr3	119700000	118300000	28
chr3	121050000	121900000	17
chr3	121150000	122850000	34
chr3	123400000	125000000	32
chr3	124650000	126000000	27
chr3	131100000	132650000	31
chr3	131200000	129600000	32
chr3	131750000	132800000	21
chr3	131950000	131450000	10
chr3	131950000	134050000	42
chr3	132200000	130700000	30
chr3	132350000	130550000	36
chr3	133700000	135100000	28
chr3	133900000	133350000	11
chr3	138100000	136950000	23
chr3	140400000	141350000	19
chr3	141750000	142750000	20
chr3	142200000	140300000	38
chr3	142200000	142850000	13
chr3	143100000	145650000	51
chr3	143650000	144050000	8
chr3	143900000	145050000	23
chr3	144150000	143650000	10
chr3	144750000	145650000	18
chr3	144950000	145750000	16
chr3	146850000	147850000	20
chr3	147500000	146550000	19
chr3	147600000	146950000	13
chr3	148050000	147200000	17
chr3	148950000	149550000	12
chr3	150250000	151150000	18
chr3	150800000	151600000	16
chr3	152350000	151350000	20
chr3	154250000	153850000	8
chr3	156350000	157200000	17
chr3	158550000	154050000	90
chr3	159500000	159000000	10
chr3	159800000	159500000	6
chr4	   150000	   800000	13
chr4	  1550000	  1200000	7
chr4	  1700000	  2500000	16
chr4	  3600000	  2650000	19
chr4	  4300000	  2900000	28
chr4	  4550000	  5800000	25
chr4	  4650000	  5300000	13
chr4	  5250000	  6250000	20
chr4	  5600000	  4650000	19
chr4	  5850000	  6900000	21
chr4	  6100000	  5350000	15
chr4	  8400000	 10150000	35
chr4	  9600000	 11250000	33
chr4	  9950000	 11900000	39
chr4	 10450000	 13850000	68
chr4	 23700000	 21600000	42
chr4	 23700000	 24550000	17
chr4	 25750000	 26550000	16
chr4	 26450000	 27350000	18
chr4	 29450000	 31950000	50
chr4	 29600000	 30100000	10
chr4	 37200000	 36100000	22
chr4	 40750000	 41350000	12
chr4	 41700000	 40000000	34
chr4	 42300000	 41850000	9
chr4	 44800000	 45450000	13
chr4	 45300000	 46800000	30
chr4	 46800000	 46550000	5
chr4	 47150000	 48100000	19
chr4	 47400000	 45300000	42
chr4	 47800000	 48900000	22
chr4	 48200000	 47100000	22
chr4	 48400000	 49800000	28
chr4	 49600000	 50400000	16
chr4	 50800000	 52600000	36
chr4	 53150000	 54800000	33
chr4	 54100000	 54800000	14
chr4	 55350000	 56750000	28
chr4	 56150000	 56850000	14
chr4	 56350000	 55200000	23
chr4	 56900000	 57900000	20
chr4	 57000000	 55500000	30
chr4	 57300000	 56350000	19
chr4	 57400000	 54850000	51
chr4	 57900000	 57050000	17
chr4	 58850000	 59450000	12
chr4	 59350000	 58400000	19
chr4	 61300000	 59150000	43
chr4	 62150000	 61900000	5
chr4	 62500000	 63650000	23
chr4	 62650000	 60000000	53
chr4	 62750000	 63500000	15
chr4	 63350000	 66050000	54
chr4	 63600000	 61550000	41
chr4	 64600000	 66300000	34
chr4	 66400000	 65700000	14
chr4	 66850000	 69350000	50
chr4	 67750000	 66800000	19
chr4	 68350000	 68800000	9
chr4	 72400000	 74600000	44
chr4	 73850000	 74050000	4
chr4	 74950000	 74700000	5
chr4	 77150000	 77950000	16
chr4	 82450000	 83750000	26
chr4	 83250000	 81900000	27
chr4	 85250000	 85700000	9
chr4	 89350000	 88700000	13
chr4	 90000000	 90700000	14
chr4	 92300000	 92900000	12
chr4	 92500000	 93250000	15
chr4	 94250000	 93900000	7
chr4	 94350000	 95650000	26
chr4	 97500000	 97250000	5
chr4	100250000	100750000	10
chr4	102950000	104950000	40
chr4	103450000	105100000	33
chr4	104400000	105400000	20
chr4	107250000	107250000	0
chr4	107350000	108300000	19
chr4	107850000	109250000	28
chr4	107950000	107250000	14
chr4	107950000	108800000	17
chr4	108550000	109750000	24
chr4	110100000	109000000	22
chr4	111100000	112550000	29
chr4	112150000	112600000	9
chr4	112600000	114100000	30
chr4	114500000	115900000	28
chr4	117450000	118350000	18
chr4	117650000	117150000	10
chr4	121050000	119750000	26
chr4	121950000	121200000	15
chr4	122250000	122850000	12
chr4	125850000	128200000	47
chr4	126500000	127650000	23
chr4	127400000	126400000	20
chr4	129200000	130200000	20
chr4	129600000	130300000	14
chr4	130000000	132300000	46
chr4	130550000	130800000	5
chr4	130950000	131450000	10
chr4	132600000	133250000	13
chr4	135100000	133750000	27
chr4	135700000	138750000	61
chr4	136500000	137850000	27
chr4	137700000	138800000	22
chr4	138150000	136950000	24
chr4	139900000	138650000	25
chr4	140200000	141000000	16
chr4	140300000	140900000	12
chr4	140800000	139300000	30
chr4	141350000	139400000	39
chr4	143200000	142550000	13
chr4	144200000	145100000	18
chr4	144200000	145350000	23
chr4	144950000	146800000	37
chr4	145850000	147550000	34
chr4	146900000	146300000	12
chr4	147650000	147200000	9
chr4	147800000	148050000	5
chr4	149950000	148850000	22
chr4	150450000	147600000	57
chr4	151400000	150300000	22
chr4	152750000	154300000	31
chr4	156050000	153900000	43
chr5	  2400000	  3250000	17
chr5	  3300000	  4150000	17
chr5	  3900000	  3350000	11
chr5	  4900000	  6250000	27
chr5	  5700000	  3850000	37
chr5	  6150000	  8900000	55
chr5	  9100000	  8000000	22
chr5	 12950000	 11950000	20
chr5	 13300000	 11900000	28
chr5	 13700000	 12200000	30
chr5	 13800000	 13150000	13
chr5	 14050000	 16600000	51
chr5	 14100000	 13400000	14
chr5	 15100000	 15950000	17
chr5	 19500000	 18800000	14
chr5	 19900000	 20700000	16
chr5	 20100000	 18950000	23
chr5	 25300000	 24950000	7
chr5	 25900000	 25000000	18
chr5	 26300000	 27700000	28
chr5	 27250000	 27900000	13
chr5	 29350000	 34200000	97
chr5	 29600000	 29450000	3
chr5	 30050000	 31000000	19
chr5	 32400000	 33150000	15
chr5	 33050000	 34050000	20
chr5	 33250000	 34300000	21
chr5	 33500000	 33100000	8
chr5	 36600000	 33800000	56
chr5	 47550000	 49950000	48
chr5	 48700000	 47700000	20
chr5	 49050000	 51700000	53
chr5	 49200000	 48200000	20
chr5	 54100000	 52250000	37
chr5	 57000000	 56250000	15
chr5	 58150000	 57600000	11
chr5	 61600000	 63200000	32
chr5	 62050000	 60800000	25
chr5	 62100000	 60000000	42
chr5	 63500000	 66200000	54
chr5	 63550000	 64850000	26
chr5	 63650000	 64800000	23
chr5	 63850000	 65050000	24
chr5	 63900000	 65200000	26
chr5	 65450000	 66300000	17
chr5	 66450000	 67400000	19
chr5	 72100000	 74550000	49
chr5	 72150000	 73150000	20
chr5	 72350000	 69650000	54
chr5	 72450000	 71900000	11
chr5	 73200000	 72200000	20
chr5	 73250000	 74300000	21
chr5	 73750000	 72700000	21
chr5	 75100000	 74200000	18
chr5	 77550000	 78650000	22
chr5	 83100000	 82300000	16
chr5	 84500000	 84900000	8
chr5	 85800000	 83950000	37
chr5	 86800000	 87550000	15
chr5	 88100000	 91000000	58
chr5	 89600000	 90250000	13
chr5	 91350000	 91800000	9
chr5	 92200000	 90200000	40
chr5	 93000000	 92500000	10
chr5	 96200000	 94450000	35
chr5	 96450000	 96000000	9
chr5	100000000	 99300000	14
chr5	100900000	 99950000	19
chr5	102450000	103250000	16
chr5	106350000	105700000	13
chr5	109050000	110200000	23
chr5	111450000	112000000	11
chr5	111700000	110850000	17
chr5	113300000	111750000	31
chr5	113350000	114500000	23
chr5	113800000	117350000	71
chr5	113900000	112650000	25
chr5	114550000	113650000	18
chr5	116350000	114650000	34
chr5	116700000	118100000	28
chr5	116950000	114650000	46
chr5	117350000	118800000	29
chr5	117650000	119200000	31
chr5	118800000	117550000	25
chr5	119850000	120750000	18
chr5	120850000	120100000	15
chr5	122400000	123000000	12
chr5	124750000	126150000	28
chr5	125950000	125700000	5
chr5	126500000	130450000	79
chr5	127350000	125600000	35
chr5	129200000	129800000	12
chr5	129950000	130400000	9
chr5	131000000	132000000	20
chr5	131700000	132500000	16
chr5	132750000	133850000	22
chr5	135650000	136300000	13
chr5	137400000	138150000	15
chr5	137800000	139300000	30
chr5	137900000	136750000	23
chr5	139600000	138750000	17
chr5	139750000	141100000	27
chr5	139850000	140500000	13
chr5	140300000	139450000	17
chr5	140400000	139200000	24
chr5	141700000	140850000	17
chr5	145400000	144050000	27
chr5	147300000	149200000	38
chr5	147350000	148150000	16
chr5	148050000	149100000	21
chr5	149450000	148000000	29
chr6	  5900000	  4850000	21
chr6	  6950000	  7650000	14
chr6	  7350000	  8350000	20
chr6	  7400000	  5750000	33
chr6	  9400000	 10000000	12
chr6	 10800000	 13050000	45
chr6	 12850000	 14500000	33
chr6	 14300000	 13200000	22
chr6	 16000000	 17250000	25
chr6	 16150000	 17350000	24
chr6	 16300000	 17600000	26
chr6	 17950000	 18500000	11
chr6	 19100000	 18700000	8
chr6	 19400000	 17850000	31
chr6	 20800000	 22250000	29
chr6	 21200000	 20250000	19
chr6	 21600000	 22300000	14
chr6	 23350000	 21350000	40
chr6	 24400000	 22900000	30
chr6	 25600000	 26050000	9
chr6	 25900000	 26200000	6
chr6	 26400000	 24700000	34
chr6	 26550000	 27650000	22
chr6	 27100000	 26700000	8
chr6	 27200000	 28600000	28
chr6	 28000000	 28750000	15
chr6	 28950000	 27700000	25
chr6	 31400000	 32500000	22
chr6	 32900000	 29000000	78
chr6	 33200000	 32250000	19
chr6	 33250000	 32850000	8
chr6	 33450000	 34950000	30
chr6	 35250000	 37150000	38
chr6	 35350000	 34250000	22
chr6	 35350000	 34500000	17
chr6	 36350000	 34900000	29
chr6	 38600000	 39750000	23
chr6	 39250000	 39750000	10
chr6	 39650000	 38300000	27
chr6	 39750000	 40550000	16
chr6	 41400000	 40500000	18
chr6	 41850000	 43900000	41
chr6	 43700000	 44700000	20
chr6	 44350000	 46550000	44
chr6	 45100000	 44350000	15
chr6	 46000000	 46700000	14
chr6	 46900000	 46100000	16
chr6	 47700000	 48900000	24
chr6	 47950000	 46150000	36
chr6	 50100000	 50350000	5
chr6	 50750000	 47800000	59
chr6	 51300000	 52950000	33
chr6	 53800000	 53250000	11
chr6	 54050000	 55250000	24
chr6	 54100000	 54650000	11
chr6	 54200000	 53650000	11
chr6	 55750000	 55100000	13
chr6	 57700000	 58550000	17
chr6	 58550000	 59700000	23
chr6	 58600000	 60200000	32
chr6	 59200000	 60350000	23
chr6	 59500000	 61350000	37
chr6	 61850000	 62400000	11
chr6	 62800000	 63600000	16
chr6	 64450000	 63300000	23
chr6	 64650000	 66450000	36
chr6	 65050000	 67500000	49
chr6	 65400000	 64950000	9
chr6	 68350000	 69050000	14
chr6	 69650000	 71400000	35
chr6	 71350000	 72100000	15
chr6	 73750000	 74150000	8
chr6	 75050000	 76650000	32
chr6	 75950000	 75750000	4
chr6	 78100000	 79450000	27
chr6	 80150000	 78750000	28
chr6	 81350000	 82200000	17
chr6	 81600000	 81450000	3
chr6	 83500000	 84800000	26
chr6	 85200000	 84750000	9
chr6	 85600000	 83250000	47
chr6	 87250000	 88350000	22
chr6	 88350000	 90150000	36
chr6	 89250000	 89700000	9
chr6	 89600000	 90350000	15
chr6	 90600000	 88700000	38
chr6	 91650000	 90500000	23
chr6	 91700000	 90400000	26
chr6	 92300000	 90850000	29
chr6	 94450000	 97250000	56
chr6	 96450000	 97150000	14
chr6	 96850000	 97900000	21
chr6	 98250000	 97850000	8
chr6	 99100000	100150000	21
chr6	100800000	 98650000	43
chr6	103350000	102300000	21
chr6	104700000	108350000	73
chr6	104750000	106300000	31
chr6	105250000	104750000	10
chr6	106000000	105450000	11
chr6	107250000	106750000	10
chr6	107400000	108250000	17
chr6	109500000	108200000	26
chr6	111800000	110900000	18
chr6	113350000	112400000	19
chr6	114200000	113600000	12
chr6	115550000	116300000	15
chr6	120650000	119000000	33
chr6	121250000	120400000	17
chr6	122600000	123400000	16
chr6	126500000	127150000	13
chr6	127850000	129100000	25
chr6	128500000	127900000	12
chr6	131000000	132050000	21
chr6	131500000	129300000	44
chr6	132700000	133550000	17
chr6	135700000	137100000	28
chr6	136050000	137900000	37
chr6	136350000	135700000	13
chr6	137250000	138300000	21
chr6	137400000	138650000	25
chr6	137700000	136900000	16
chr6	139400000	139950000	11
chr6	142150000	142250000	2
chr6	142300000	141400000	18
chr6	143150000	144050000	18
chr6	143850000	143000000	17
chr6	144600000	143950000	13
chr6	144850000	145450000	12
chr6	146700000	145850000	17
chr6	146800000	145500000	26
chr6	146850000	147900000	21
chr6	148150000	146900000	25
chr7	  1800000	  2500000	14
chr7	  4100000	  5000000	18
chr7	  6600000	  2900000	74
chr7	  6800000	  5150000	33
chr7	  7750000	  5950000	36
chr7	  8000000	  9400000	28
chr7	  8050000	  8950000	18
chr7	  9150000	  8600000	11
chr7	  9500000	 12000000	50
chr7	 10850000	  9400000	29
chr7	 13100000	 12500000	12
chr7	 13300000	 14350000	21
chr7	 14000000	 17500000	70
chr7	 15350000	 14150000	24
chr7	 15500000	 17250000	35
chr7	 15600000	 14150000	29
chr7	 15750000	 14700000	21
chr7	 16250000	 15500000	15
chr7	 17100000	 16650000	9
chr7	 18250000	 19500000	25
chr7	 18850000	 19950000	22
chr7	 19000000	 18650000	7
chr7	 21950000	 20900000	21
chr7	 24550000	 22950000	32
chr7	 25300000	 25650000	7
chr7	 27000000	 27850000	17
chr7	 27750000	 30050000	46
chr7	 27900000	 26150000	35
chr7	 28850000	 27550000	26
chr7	 30050000	 31300000	25
chr7	 30800000	 29300000	30
chr7	 31200000	 31000000	4
chr7	 32350000	 31450000	18
chr7	 33950000	 37250000	66
chr7	 34700000	 35550000	17
chr7	 34900000	 35300000	8
chr7	 36450000	 38050000	32
chr7	 37150000	 36350000	16
chr7	 38100000	 38850000	15
chr7	 39750000	 40100000	7
chr7	 41750000	 40900000	17
chr7	 42000000	 41400000	12
chr7	 42050000	 42950000	18
chr7	 42250000	 43350000	22
chr7	 43900000	 45050000	23
chr7	 47850000	 46900000	19
chr7	 49600000	 47500000	42
chr7	 50100000	 49600000	10
chr7	 50200000	 49600000	12
chr7	 50750000	 52750000	40
chr7	 51550000	 50400000	23
chr7	 53450000	 54500000	21
chr7	 54900000	 54350000	11
chr7	 55050000	 54500000	11
chr7	 59500000	 60200000	14
chr7	 60050000	 59400000	13
chr7	 62200000	 61250000	19
chr7	 63950000	 65300000	27
chr7	 69250000	 70300000	21
chr7	 75350000	 77800000	49
chr7	 76100000	 75400000	14
chr7	 76750000	 77900000	23
chr7	 78700000	 77800000	18
chr7	 82150000	 81300000	17
chr7	 87100000	 87600000	10
chr7	 88450000	 89100000	13
chr7	 93350000	 93050000	6
chr7	 94050000	 93350000	14
chr7	 94300000	 93650000	13
chr7	 95300000	 96150000	17
chr7	 96700000	 95250000	29
chr7	 97400000	 98100000	14
chr7	 97450000	 96600000	17
chr7	 97450000	 96850000	12
chr7	 98500000	100000000	30
chr7	100500000	103200000	54
chr7	101050000	102000000	19
chr7	102550000	106150000	72
chr7	103100000	102150000	19
chr7	103400000	101650000	35
chr7	104450000	104650000	4
chr7	105000000	104750000	5
chr7	109950000	111400000	29
chr7	112150000	113450000	26
chr7	113800000	114500000	14
chr7	117050000	116000000	21
chr7	117200000	120350000	63
chr7	118100000	118850000	15
chr7	119350000	120600000	25
chr7	121150000	120650000	10
chr7	124200000	123400000	16
chr7	125100000	123500000	32
chr7	125400000	123750000	33
chr7	125750000	126800000	21
chr7	128550000	130300000	35
chr7	130700000	129050000	33
chr7	130850000	131150000	6
chr7	131250000	132250000	20
chr7	132450000	131650000	16
chr7	132750000	131450000	26
chr7	132900000	131200000	34
chr7	132950000	134050000	22
chr7	133250000	133250000	0
chr7	133650000	135300000	33
chr7	134600000	134950000	7
chr7	135050000	136250000	24
chr7	136750000	138900000	43
chr7	139400000	140800000	28
chr7	142700000	140950000	35
chr7	142950000	142600000	7
chr7	144450000	145100000	13
chr8	   600000	  2600000	40
chr8	  3550000	  1100000	49
chr8	  4500000	  3500000	20
chr8	  5200000	  4100000	22
chr8	  6300000	  6900000	12
chr8	 10650000	 12050000	28
chr8	 11400000	 11750000	7
chr8	 13100000	 13400000	6
chr8	 13550000	 11750000	36
chr8	 13900000	 13050000	17
chr8	 14000000	 13750000	5
chr8	 20300000	 19100000	24
chr8	 20350000	 19450000	18
chr8	 25450000	 26500000	21
chr8	 27300000	 26400000	18
chr8	 28500000	 28000000	10
chr8	 29300000	 29800000	10
chr8	 30400000	 29850000	11
chr8	 30400000	 30950000	11
chr8	 35150000	 36700000	31
chr8	 36550000	 35150000	28
chr8	 38750000	 40650000	38
chr8	 38850000	 41000000	43
chr8	 39000000	 37450000	31
chr8	 40400000	 37900000	50
chr8	 42000000	 41400000	12
chr8	 42800000	 42000000	16
chr8	 43050000	 41400000	33
chr8	 43100000	 43650000	11
chr8	 43200000	 44050000	17
chr8	 43650000	 44900000	25
chr8	 44650000	 43100000	31
chr8	 45600000	 43750000	37
chr8	 49000000	 50350000	27
chr8	 49600000	 49050000	11
chr8	 49950000	 50850000	18
chr8	 50150000	 50700000	11
chr8	 50850000	 50000000	17
chr8	 51950000	 48800000	63
chr8	 52650000	 52100000	11
chr8	 54500000	 55900000	28
chr8	 56650000	 56150000	10
chr8	 56800000	 59900000	62
chr8	 58500000	 60300000	36
chr8	 62050000	 63600000	31
chr8	 64450000	 63100000	27
chr8	 64700000	 63850000	17
chr8	 65800000	 66150000	7
chr8	 69300000	 70350000	21
chr8	 71200000	 72350000	23
chr8	 71950000	 72850000	18
chr8	 74150000	 73400000	15
chr8	 75300000	 74800000	10
chr8	 75500000	 75250000	5
chr8	 76250000	 77800000	31
chr8	 76550000	 75200000	27
chr8	 77600000	 76100000	30
chr8	 77750000	 78950000	24
chr8	 80600000	 79950000	13
chr8	 86400000	 86650000	5
chr8	 86950000	 86250000	14
chr8	 87300000	 88650000	27
chr8	 87450000	 85400000	41
chr8	 88850000	 87900000	19
chr8	 89150000	 90200000	21
chr8	 89300000	 90100000	16
chr8	 90550000	 91750000	24
chr8	 91900000	 94150000	45
chr8	 92550000	 91850000	14
chr8	 94550000	 93500000	21
chr8	 94800000	 96700000	38
chr8	 95150000	 96400000	25
chr8	 95200000	 94500000	14
chr8	 95450000	 96600000	23
chr8	 96050000	 96750000	14
chr8	 96100000	 98500000	48
chr8	 97150000	 98800000	33
chr8	 97200000	 97500000	6
chr8	 97550000	 98050000	10
chr8	 99100000	 99100000	0
chr8	 99700000	 99150000	11
chr8	 99750000	 97150000	52
chr8	100250000	102200000	39
chr8	102550000	104000000	29
chr8	104100000	105150000	21
chr8	105950000	104950000	20
chr8	108300000	107150000	23
chr8	108900000	106750000	43
chr8	110250000	108600000	33
chr8	111500000	110250000	25
chr8	114650000	115750000	22
chr8	115050000	114300000	15
chr8	123450000	124000000	11
chr8	123550000	121850000	34
chr8	126200000	125400000	16
chr8	127450000	128000000	11
chr8	127650000	128100000	9
chr9	   800000	  1800000	20
chr9	  3500000	  4350000	17
chr9	  4250000	  3400000	17
chr9	  9200000	  9800000	12
chr9	 11800000	 10550000	25
chr9	 16400000	 17500000	22
chr9	 17050000	 17550000	10
chr9	 17100000	 18700000	32
chr9	 18400000	 14800000	72
chr9	 19300000	 18300000	20
chr9	 19550000	 19150000	8
chr9	 21400000	 22400000	20
chr9	 22100000	 21800000	6
chr9	 22650000	 23750000	22
chr9	 23750000	 23750000	0
chr9	 25150000	 25850000	14
chr9	 25800000	 25250000	11
chr9	 26350000	 25400000	19
chr9	 27400000	 29200000	36
chr9	 29900000	 29200000	14
chr9	 30650000	 31450000	16
chr9	 31350000	 30800000	11
chr9	 32600000	 31300000	26
chr9	 33200000	 32650000	11
chr9	 35300000	 37000000	34
chr9	 36500000	 37350000	17
chr9	 37900000	 36950000	19
chr9	 39500000	 40000000	10
chr9	 40800000	 40000000	16
chr9	 41100000	 40050000	21
chr9	 43150000	 43850000	14
chr9	 44200000	 45000000	16
chr9	 48200000	 47000000	24
chr9	 48900000	 50700000	36
chr9	 48900000	 51400000	50
chr9	 50050000	 48400000	33
chr9	 50750000	 51650000	18
chr9	 51650000	 52000000	7
chr9	 51950000	 52450000	10
chr9	 54750000	 53500000	25
chr9	 55200000	 57800000	52
chr9	 61250000	 62250000	20
chr9	 61300000	 60300000	20
chr9	 63650000	 62750000	18
chr9	 65500000	 64600000	18
chr9	 65550000	 66350000	16
chr9	 68400000	 67650000	15
chr9	 69500000	 70400000	18
chr9	 71150000	 72900000	35
chr9	 73850000	 71550000	46
chr9	 73900000	 74350000	9
chr9	 75150000	 73150000	40
chr9	 75150000	 76050000	18
chr9	 75450000	 73600000	37
chr9	 76750000	 77800000	21
chr9	 77850000	 78100000	5
chr9	 80650000	 78050000	52
chr9	 80800000	 79850000	19
chr9	 83000000	 80950000	41
chr9	 83600000	 82950000	13
chr9	 85200000	 84700000	10
chr9	 85400000	 84050000	27
chr9	 85700000	 87250000	31
chr9	 87150000	 88950000	36
chr9	 87500000	 88500000	20
chr9	 89200000	 89600000	8
chr9	 89450000	 90900000	29
chr9	 89950000	 92500000	51
chr9	 92650000	 91500000	23
chr9	 94850000	 96200000	27
chr9	 95000000	 96150000	23
chr9	 97000000	 97300000	6
chr9	 99750000	100250000	10
chr9	100150000	 99250000	18
chr9	100300000	 98900000	28
chr9	100950000	 99200000	35
chr9	103750000	104100000	7
chr9	104450000	103000000	29
chr9	106600000	104950000	33
chr9	107000000	107850000	17
chr9	107100000	105250000	37
chr9	109500000	113250000	75
chr9	110800000	112800000	40
chr9	111200000	109250000	39
chr9	112900000	111600000	26
chr9	113100000	114200000	22
chr9	114250000	115450000	24
chr9	114500000	116850000	47
chr9	114950000	113950000	20
chr9	115000000	114200000	16
chr9	115300000	116700000	28
chr9	115350000	115000000	7
chr9	119950000	118600000	27
chr9	121850000	119250000	52
chr9	122850000	123400000	11
chrX	    50000	  1750000	34
chrX	  2000000	  1250000	15
chrX	  2050000	  1750000	6
chrX	  2700000	  1750000	19
chrX	  5500000	  6650000	23
chrX	  6250000	  5500000	15
chrX	  6550000	  7850000	26
chrX	  7400000	  6800000	12
chrX	  8800000	  8300000	10
chrX	  8800000	  8500000	6
chrX	 10750000	 11550000	16
chrX	 12500000	 14850000	47
chrX	 12650000	 11200000	29
chrX	 12950000	 15500000	51
chrX	 14200000	 13400000	16
chrX	 19650000	 20550000	18
chrX	 25150000	 23850000	26
chrX	 26950000	 24000000	59
chrX	 28050000	 26100000	39
chrX	 29750000	 31400000	33
chrX	 29800000	 29550000	5
chrX	 31950000	 31300000	13
chrX	 33100000	 33450000	7
chrX	 35050000	 36100000	21
chrX	 35650000	 36300000	13
chrX	 37200000	 38650000	29
chrX	 39850000	 41400000	31
chrX	 41100000	 40200000	18
chrX	 44800000	 45650000	17
chrX	 45150000	 45900000	15
chrX	 46250000	 44750000	30
chrX	 46450000	 43850000	52
chrX	 46900000	 48850000	39
chrX	 47250000	 46750000	10
chrX	 47450000	 46700000	15
chrX	 51300000	 52100000	16
chrX	 52200000	 51000000	24
chrX	 57850000	 57200000	13
chrX	 58050000	 58900000	17
chrX	 58200000	 59000000	16
chrX	 60150000	 58500000	33
chrX	 63000000	 63350000	7
chrX	 63650000	 61900000	35
chrX	 63800000	 65650000	37
chrX	 64350000	 62500000	37
chrX	 64350000	 65150000	16
chrX	 64850000	 65850000	20
chrX	 64900000	 65400000	10
chrX	 65550000	 64700000	17
chrX	 66050000	 67750000	34
chrX	 66100000	 65300000	16
chrX	 66250000	 66850000	12
chrX	 67900000	 67200000	14
chrX	 68000000	 66050000	39
chrX	 70450000	 69950000	10
chrX	 71000000	 72000000	20
chrX	 73600000	 74500000	18
chrX	 74300000	 73500000	16
chrX	 74600000	 72700000	38
chrX	 76650000	 75900000	15
chrX	 78000000	 78950000	19
chrX	 78900000	 80000000	22
chrX	 80100000	 80100000	0
chrX	 88400000	 87900000	10
chrX	 95800000	 97350000	31
chrX	 97250000	 97950000	14
chrX	 98150000	 97200000	19
chrX	 98450000	 98850000	8
chrX	 98750000	 99850000	22
chrX	 98850000	 96350000	50
chrX	100150000	101450000	26
chrX	100350000	 99850000	10
chrX	102750000	103850000	22
chrX	103600000	104150000	11
chrX	104700000	106000000	26
chrX	105150000	104150000	20
chrX	107850000	108200000	7
chrX	109550000	108900000	13
chrX	112000000	110150000	37
chrX	112350000	111200000	23
chrX	114400000	113650000	15
chrX	115350000	116700000	27
chrX	115600000	114100000	30
chrX	116800000	115800000	20
chrX	118800000	116800000	40
chrX	119400000	118450000	19
chrX	119850000	118750000	22
chrX	120450000	121600000	23
chrX	120500000	122950000	49
chrX	120750000	121100000	7
chrX	121100000	123350000	45
chrX	121800000	122700000	18
chrX	123750000	124900000	23
chrX	126400000	124350000	41
chrX	127750000	129150000	28
chrX	129550000	128450000	22
chrX	131250000	131850000	12
chrX	131900000	130300000	32
chrX	133400000	132850000	11
chrX	139050000	137700000	27
chrX	141450000	140350000	22
chrX	142700000	143300000	12
chrX	144150000	145250000	22
chrX	144200000	142500000	34
chrX	144850000	143450000	28
chrX	145750000	146350000	12
chrX	146100000	146900000	16
chrX	146200000	145250000	19
chrX	146250000	144600000	33
chrX	147350000	146800000	11
chrX	149150000	145700000	69
chrX	151200000	153100000	38
chrX	151800000	152650000	17
chrX	152300000	152800000	10
chrX	152500000	154800000	46
chrX	156700000	157550000	17
chrX	157450000	156600000	17
chrX	157800000	159050000	25
chrX	159500000	158700000	16
chrX	160600000	161550000	19
chrX	161750000	162750000	20
chrX	162900000	162150000	15
chrX	163850000	163200000	13
chrX	165050000	165800000	15
chrX	165200000	166200000	20
chrX	165850000	164450000	28
chrX	166700000	166200000	10
chrX	167100000	168650000	31
chrX	168500000	166900000	32
chrX	169450000	168450000	20
chrY	   800000	  3250000	49
chrY	  4400000	  5800000	28
chrY	  5850000	  7600000	35
chrY	  7600000	  7300000	6
chrY	 10250000	 11550000	26
chrY	 11050000	 11650000	12
chrY	 12400000	 13000000	12
chrY	 12950000	 12600000	7
chrY	 14150000	 12950000	24
chrY	 15200000	 17000000	36
chrY	 18300000	 21250000	59
chrY	 18500000	 18500000	0
chrY	 19200000	 17450000	35
chrY	 19950000	 17450000	50
chrY	 20000000	 19500000	10
chrY	 21700000	 20700000	20
chrY	 22050000	 22700000	13
chrY	 22200000	 20450000	35
chrY	 22700000	 24200000	30
chrY	 23550000	 23200000	7
chrY	 24450000	 23550000	18
chrY	 28400000	 28100000	6
chrY	 28850000	 27450000	28
chrY	 28850000	 27800000	21
chrY	 29150000	 30600000	29
chrY	 29500000	 30450000	19
chrY	 30800000	 29950000	17
chrY	 31950000	 33100000	23
chrY	 32550000	 31600000	19
chrY	 33650000	 32400000	25
chrY	 37750000	 38800000	21
chrY	 40350000	 42500000	43
chrY	 41500000	 42300000	16
chrY	 43800000	 44450000	13
chrY	 44450000	 43900000	11
chrY	 44850000	 43650000	24
chrY	 44900000	 43500000	28
chrY	 45250000	 46450000	24
chrY	 47500000	 48950000	29
chrY	 47550000	 47850000	6
chrY	 48850000	 46650000	44
chrY	 49250000	 50100000	17
chrY	 50850000	 50500000	7
chrY	 51200000	 50050000	23
chrY	 52700000	 51950000	15
chrY	 53600000	 52700000	18
chrY	 57050000	 55300000	35
chrY	 57300000	 60400000	62
chrY	 58700000	 61600000	58
chrY	 59950000	 61100000	23
chrY	 62100000	 63650000	31
chrY	 63950000	 62000000	39
chrY	 67050000	 67700000	13
chrY	 67500000	 68300000	16
chrY	 68050000	 67150000	18
chrY	 71300000	 70200000	22
chrY	 71950000	 72500000	11
chrY	 72550000	 70900000	33
chrY	 72950000	 71750000	24
chrY	 73950000	 73500000	9
chrY	 76700000	 77050000	7
chrY	 77350000	 75800000	31
chrY	 77450000	 76200000	25
chrY	 80200000	 81800000	32
chrY	 85250000	 86050000	16
chrY	 87000000	 84600000	48
chrY	 89100000	 91650000	51
chrY	 90100000	 90800000	14
