chr1	   950000	  1850000	18
chr1	  1000000	   150000	17
chr1	  2250000	  3400000	23
chr1	  3100000	  4300000	24
chr1	  3950000	  4550000	12
chr1	  4900000	  6450000	31
chr1	  5000000	  5850000	17
chr1	  6550000	  5500000	21
chr1	  7300000	  9850000	51
chr1	  7550000	  7000000	11
chr1	  8050000	  9750000	34
chr1	  8350000	 10400000	41
chr1	  8400000	  7850000	11
chr1	  8950000	  7900000	21
chr1	 10000000	 11000000	20
chr1	 11150000	 10950000	4
chr1	 13400000	 11600000	36
chr1	 14550000	 16150000	32
chr1	 15300000	 14250000	21
chr1	 17350000	 16550000	16
chr1	 17600000	 17150000	9
chr1	 20250000	 19500000	15
chr1	 21850000	 21300000	11
chr1	 23000000	 23850000	17
chr1	 23850000	 24100000	5
chr1	 23900000	 25150000	25
chr1	 27650000	 27400000	5
chr1	 28950000	 31450000	50
chr1	 32250000	 32750000	10
chr1	 32600000	 34100000	30
chr1	 34000000	 34700000	14
chr1	 34900000	 35900000	20
chr1	 38300000	 39300000	20
chr1	 39850000	 37650000	44
chr1	 40350000	 40000000	7
chr1	 41550000	 40550000	20
chr1	 42200000	 44150000	39
chr1	 43400000	 42650000	15
chr1	 45200000	 43700000	30
chr1	 45750000	 44650000	22
chr1	 47200000	 48100000	18
chr1	 47400000	 46150000	25
chr1	 47500000	 46800000	14
chr1	 50250000	 49600000	13
chr1	 50500000	 49100000	28
chr1	 50550000	 53650000	62
chr1	 50750000	 49950000	16
chr1	 53750000	 54850000	22
chr1	 54350000	 55250000	18
chr1	 55600000	 54850000	15
chr1	 59400000	 60050000	13
chr1	 61150000	 61550000	8
chr1	 61400000	 62100000	14
chr1	 66050000	 64400000	33
chr1	 66100000	 68000000	38
chr1	 66750000	 65950000	16
chr1	 67350000	 69150000	36
chr1	 69800000	 68200000	32
chr1	 70050000	 72900000	57
chr1	 73400000	 73700000	6
chr1	 76650000	 77400000	15
chr1	 76800000	 78250000	29
chr1	 79100000	 83950000	97
chr1	 79900000	 81200000	26
chr1	 80700000	 82050000	27
chr1	 81750000	 80650000	22
chr1	 81800000	 80900000	18
chr1	 82250000	 80950000	26
chr1	 82750000	 81850000	18
chr1	 84650000	 82950000	34
chr1	 86850000	 85550000	26
chr1	 86850000	 88650000	36
chr1	 87750000	 87400000	7
chr1	 89500000	 92400000	58
chr1	 91450000	 93850000	48
chr1	 91750000	 90800000	19
chr1	 92900000	 93950000	21
chr1	 97850000	 99150000	26
chr1	 98100000	 99050000	19
chr1	 99800000	 98900000	18
chr1	100550000	 99050000	30
chr1	103500000	102000000	30
chr1	105550000	104700000	17
chr1	106850000	105850000	20
chr1	107500000	105800000	34
chr1	109700000	110500000	16
chr1	112000000	112900000	18
chr1	113300000	112000000	26
chr1	115750000	117050000	26
chr1	117200000	117900000	14
chr1	118900000	117150000	35
chr1	119700000	118950000	15
chr1	120600000	118550000	41
chr1	120750000	123200000	49
chr1	120800000	119350000	29
chr1	120900000	122650000	35
chr1	122300000	123100000	16
chr1	122450000	121700000	15
chr1	123000000	124350000	27
chr1	123400000	124750000	27
chr1	123650000	122400000	25
chr1	127700000	129350000	33
chr1	133150000	134950000	36
chr1	133600000	134400000	16
chr1	133650000	133200000	9
chr1	133700000	133350000	7
chr1	133950000	133500000	9
chr1	135400000	138700000	66
chr1	135950000	133800000	43
chr1	137550000	142500000	99
chr1	138200000	139700000	30
chr1	141250000	140350000	18
chr1	141500000	142950000	29
chr1	143200000	145750000	51
chr1	143800000	145200000	28
chr1	144450000	142550000	38
chr1	147350000	146750000	12
chr1	147650000	148650000	20
chr1	149000000	148150000	17
chr1	149100000	148150000	19
chr1	149350000	147900000	29
chr1	150800000	151800000	20
chr1	152100000	150350000	35
chr1	152300000	154300000	40
chr1	154600000	153950000	13
chr1	155600000	154750000	17
chr1	156800000	158500000	34
chr1	156900000	155950000	19
chr1	158000000	156100000	38
chr1	158350000	159050000	14
chr1	160600000	160600000	0
chr1	161450000	162000000	11
chr1	162950000	164500000	31
chr1	163450000	165000000	31
chr1	164000000	162200000	36
chr1	164800000	164150000	13
chr1	166000000	164250000	35
chr1	167250000	165500000	35
chr1	168900000	165050000	77
chr1	169550000	170650000	22
chr1	169600000	168950000	13
chr1	170200000	171150000	19
chr1	173000000	174050000	21
chr1	173300000	174350000	21
chr1	176550000	177450000	18
chr1	177200000	178100000	18
chr1	177250000	176000000	25
chr1	177800000	175950000	37
chr1	178800000	177600000	24
chr1	180400000	181850000	29
chr1	180700000	181800000	22
chr1	180800000	181300000	10
chr1	182650000	181600000	21
chr1	182800000	185300000	50
chr1	182900000	181800000	22
chr1	185700000	183350000	47
chr1	186800000	187750000	19
chr1	187350000	186250000	22
chr1	188050000	186500000	31
chr1	188100000	185950000	43
chr1	188350000	189900000	31
chr1	191350000	193050000	34
chr1	191750000	190850000	18
chr1	192300000	191800000	10
chr1	193400000	192450000	19
chr10	   800000	  2400000	32
chr10	  1450000	  2300000	17
chr10	  2550000	  2800000	5
chr10	  3100000	  3400000	6
chr10	  4450000	  3400000	21
chr10	  5350000	  7150000	36
chr10	  6600000	  5650000	19
chr10	  7950000	  8800000	17
chr10	  9400000	  9750000	7
chr10	 11300000	 12400000	22
chr10	 11550000	 14500000	59
chr10	 11750000	 11100000	13
chr10	 11750000	 13650000	38
chr10	 12250000	 11900000	7
chr10	 13150000	 12150000	20
chr10	 13950000	 12400000	31
chr10	 14300000	 16000000	34
chr10	 16650000	 17200000	11
chr10	 20000000	 18150000	37
chr10	 20150000	 18650000	30
chr10	 21600000	 20150000	29
chr10	 28700000	 29500000	16
chr10	 30150000	 28800000	27
chr10	 31450000	 30800000	13
chr10	 33750000	 31950000	36
chr10	 36300000	 36950000	13
chr10	 37300000	 36100000	24
chr10	 40500000	 39500000	20
chr10	 41000000	 43250000	45
chr10	 44900000	 43150000	35
chr10	 45950000	 46950000	20
chr10	 47400000	 47400000	0
chr10	 47400000	 48500000	22
chr10	 49100000	 49700000	12
chr10	 50200000	 51800000	32
chr10	 50550000	 51500000	19
chr10	 50850000	 49150000	34
chr10	 52400000	 48900000	70
chr10	 52900000	 51000000	38
chr10	 53600000	 54450000	17
chr10	 56650000	 60000000	67
chr10	 57750000	 58950000	24
chr10	 59350000	 57950000	28
chr10	 61650000	 61900000	5
chr10	 64050000	 62950000	22
chr10	 64550000	 64250000	6
chr10	 65800000	 66750000	19
chr10	 67350000	 65200000	43
chr10	 68100000	 69650000	31
chr10	 69400000	 70100000	14
chr10	 69400000	 70500000	22
chr10	 70000000	 71300000	26
chr10	 72000000	 74200000	44
chr10	 72900000	 74750000	37
chr10	 73750000	 73100000	13
chr10	 74200000	 73150000	21
chr10	 75250000	 73750000	30
chr10	 75450000	 74650000	16
chr10	 75600000	 74950000	13
chr10	 76600000	 74450000	43
chr10	 77100000	 78100000	20
chr10	 78900000	 82600000	74
chr10	 79450000	 76300000	63
chr10	 80900000	 82400000	30
chr10	 85200000	 83750000	29
chr10	 85450000	 84550000	18
chr10	 85550000	 85000000	11
chr10	 88350000	 89200000	17
chr10	 89300000	 90400000	22
chr10	 90850000	 92300000	29
chr10	 91250000	 92300000	21
chr10	 93000000	 94450000	29
chr10	 95400000	 96100000	14
chr10	 98800000	100850000	41
chr10	101400000	100150000	25
chr10	102850000	104050000	24
chr10	103250000	105250000	40
chr10	103550000	101950000	32
chr10	105800000	105400000	8
chr10	107400000	105600000	36
chr10	109200000	108400000	16
chr10	111300000	109850000	29
chr10	115700000	112900000	56
chr10	117350000	118350000	20
chr10	120600000	119550000	21
chr10	121200000	119600000	32
chr10	121900000	121150000	15
chr10	124650000	125800000	23
chr10	125800000	124850000	19
chr11	  5000000	  3450000	31
chr11	  5350000	  6500000	23
chr11	  6200000	  7150000	19
chr11	  6250000	  7350000	22
chr11	  6400000	  5050000	27
chr11	  7400000	  8500000	22
chr11	 12750000	 11700000	21
chr11	 15800000	 15250000	11
chr11	 15850000	 16200000	7
chr11	 17350000	 19650000	46
chr11	 17500000	 18950000	29
chr11	 19250000	 18250000	20
chr11	 19400000	 19900000	10
chr11	 19950000	 21500000	31
chr11	 20100000	 19200000	18
chr11	 20350000	 21550000	24
chr11	 20950000	 21500000	11
chr11	 22800000	 21250000	31
chr11	 26200000	 23750000	49
chr11	 26250000	 25050000	24
chr11	 26300000	 28000000	34
chr11	 27450000	 30200000	55
chr11	 28300000	 29050000	15
chr11	 31450000	 30450000	20
chr11	 32000000	 33100000	22
chr11	 36250000	 35750000	10
chr11	 38000000	 37550000	9
chr11	 39550000	 38500000	21
chr11	 40450000	 39650000	16
chr11	 41200000	 40400000	16
chr11	 44700000	 45650000	19
chr11	 46450000	 45550000	18
chr11	 49050000	 48300000	15
chr11	 49100000	 47450000	33
chr11	 51300000	 51750000	9
chr11	 55150000	 56100000	19
chr11	 57900000	 59500000	32
chr11	 58100000	 59000000	18
chr11	 58350000	 58850000	10
chr11	 58550000	 57800000	15
chr11	 60450000	 61100000	13
chr11	 64550000	 64750000	4
chr11	 65050000	 65450000	8
chr11	 68100000	 68950000	17
chr11	 68250000	 68600000	7
chr11	 69050000	 68200000	17
chr11	 69300000	 71100000	36
chr11	 69350000	 67400000	39
chr11	 69900000	 68600000	26
chr11	 71850000	 72150000	6
chr11	 79300000	 81250000	39
chr11	 79500000	 80750000	25
chr11	 80000000	 80850000	17
chr11	 80650000	 79950000	14
chr11	 81050000	 81950000	18
chr11	 82000000	 81600000	8
chr11	 84650000	 85500000	17
chr11	 84750000	 83950000	16
chr11	 86450000	 85250000	24
chr11	 88100000	 87700000	8
chr11	 88950000	 89850000	18
chr11	 90500000	 92850000	47
chr11	 90650000	 92550000	38
chr11	 90800000	 92150000	27
chr11	 90950000	 89850000	22
chr11	 91550000	 90750000	16
chr11	 93400000	 89500000	78
chr11	 93900000	 92800000	22
chr11	 96250000	 95150000	22
chr11	 97050000	 98800000	35
chr11	 97900000	 99450000	31
chr11	 98400000	 99850000	29
chr11	 98900000	 98650000	5
chr11	 99500000	 99900000	8
chr11	101700000	103150000	29
chr11	102850000	101850000	20
chr11	103300000	104400000	22
chr11	104500000	105950000	29
chr11	105000000	108000000	60
chr11	105350000	105850000	10
chr11	106250000	107450000	24
chr11	107650000	106850000	16
chr11	107800000	109250000	29
chr11	109350000	110450000	22
chr11	109950000	108900000	21
chr11	110400000	109350000	21
chr11	114900000	114200000	14
chr11	115300000	115050000	5
chr11	119550000	119250000	6
chr11	119700000	120400000	14
chr11	119800000	121900000	42
chr11	121850000	121000000	17
chr12	   850000	  1350000	10
chr12	  2850000	  3450000	12
chr12	  3250000	  4100000	17
chr12	  3350000	  2800000	11
chr12	  3650000	  5150000	30
chr12	  5800000	  4950000	17
chr12	 10600000	  8400000	44
chr12	 10900000	 11350000	9
chr12	 13400000	 12100000	26
chr12	 13600000	 15600000	40
chr12	 13900000	 16650000	55
chr12	 17000000	 18350000	27
chr12	 19700000	 17150000	51
chr12	 20000000	 19250000	15
chr12	 20250000	 21150000	18
chr12	 21750000	 22500000	15
chr12	 22550000	 20650000	38
chr12	 24100000	 25000000	18
chr12	 24200000	 25150000	19
chr12	 24600000	 26100000	30
chr12	 27550000	 28850000	26
chr12	 27750000	 29400000	33
chr12	 28700000	 28100000	12
chr12	 28800000	 29550000	15
chr12	 33550000	 33000000	11
chr12	 35000000	 35800000	16
chr12	 38350000	 38900000	11
chr12	 38800000	 37000000	36
chr12	 40550000	 41500000	19
chr12	 41950000	 42850000	18
chr12	 42400000	 43500000	22
chr12	 44150000	 45650000	30
chr12	 45350000	 45650000	6
chr12	 46400000	 45100000	26
chr12	 46750000	 47600000	17
chr12	 49300000	 50150000	17
chr12	 50900000	 48800000	42
chr12	 51950000	 52750000	16
chr12	 53750000	 51400000	47
chr12	 54500000	 55600000	22
chr12	 54800000	 53450000	27
chr12	 55450000	 55700000	5
chr12	 55950000	 55250000	14
chr12	 56500000	 57950000	29
chr12	 56550000	 58350000	36
chr12	 58400000	 60750000	47
chr12	 59500000	 57850000	33
chr12	 60400000	 61100000	14
chr12	 60950000	 62250000	26
chr12	 65050000	 67750000	54
chr12	 67450000	 66400000	21
chr12	 68400000	 67350000	21
chr12	 68750000	 70350000	32
chr12	 71450000	 74400000	59
chr12	 72850000	 73850000	20
chr12	 74300000	 73600000	14
chr12	 76050000	 75250000	16
chr12	 79000000	 78050000	19
chr12	 83750000	 84250000	10
chr12	 87400000	 88700000	26
chr12	 87650000	 86550000	22
chr12	 88650000	 89250000	12
chr12	 92600000	 91750000	17
chr12	 92600000	 92100000	10
chr12	 93900000	 95000000	22
chr12	 94600000	 92850000	35
chr12	 95350000	 96650000	26
chr12	 96500000	 94900000	32
chr12	 99600000	100500000	18
chr12	 99650000	 98950000	14
chr12	100500000	 99500000	20
chr12	100550000	 99500000	21
chr12	101100000	103300000	44
chr12	101450000	102250000	16
chr12	102950000	104200000	25
chr12	103700000	101250000	49
chr12	105150000	104750000	8
chr12	109500000	108000000	30
chr12	110300000	110800000	10
chr12	110700000	111400000	14
chr12	111850000	110600000	25
chr12	112100000	111600000	10
chr12	112450000	111200000	25
chr12	113500000	114750000	25
chr12	113550000	114050000	10
chr12	115600000	116600000	20
chr12	116300000	117150000	17
chr12	117550000	118750000	24
chr13	  1050000	  2500000	29
chr13	  1800000	  2400000	12
chr13	  1850000	  3750000	38
chr13	  2650000	  4400000	35
chr13	  4500000	  3550000	19
chr13	  4650000	  5150000	10
chr13	  4950000	  3900000	21
chr13	  7100000	  8300000	24
chr13	  7250000	  8700000	29
chr13	  8350000	  9750000	28
chr13	  9350000	  8700000	13
chr13	  9750000	 12400000	53
chr13	 10150000	 14800000	93
chr13	 10850000	 11450000	12
chr13	 11050000	  9850000	24
chr13	 11550000	 10350000	24
chr13	 11550000	 12000000	9
chr13	 13450000	 12800000	13
chr13	 18000000	 18400000	8
chr13	 18750000	 18500000	5
chr13	 21750000	 23750000	40
chr13	 22950000	 20750000	44
chr13	 23850000	 23400000	9
chr13	 24250000	 25700000	29
chr13	 25300000	 26600000	26
chr13	 27550000	 25900000	33
chr13	 28150000	 27150000	20
chr13	 31200000	 30050000	23
chr13	 32200000	 34250000	41
chr13	 32750000	 32000000	15
chr13	 32850000	 34850000	40
chr13	 34800000	 37350000	51
chr13	 34950000	 36200000	25
chr13	 35450000	 36200000	15
chr13	 35850000	 35600000	5
chr13	 41050000	 40000000	21
chr13	 41600000	 43000000	28
chr13	 41600000	 43050000	29
chr13	 43300000	 41550000	35
chr13	 43650000	 45100000	29
chr13	 43750000	 43100000	13
chr13	 45000000	 45400000	8
chr13	 47050000	 46000000	21
chr13	 47700000	 48850000	23
chr13	 48700000	 47950000	15
chr13	 50350000	 50650000	6
chr13	 50550000	 51700000	23
chr13	 52300000	 50850000	29
chr13	 52350000	 53700000	27
chr13	 52900000	 53450000	11
chr13	 53650000	 52750000	18
chr13	 56400000	 57600000	24
chr13	 57500000	 57650000	3
chr13	 58600000	 58850000	5
chr13	 59650000	 57650000	40
chr13	 63250000	 61950000	26
chr13	 64800000	 63700000	22
chr13	 65050000	 64500000	11
chr13	 65150000	 66850000	34
chr13	 65350000	 66500000	23
chr13	 66050000	 64700000	27
chr13	 66200000	 66850000	13
chr13	 66700000	 66250000	9
chr13	 66800000	 65800000	20
chr13	 69150000	 68250000	18
chr13	 71700000	 71250000	9
chr13	 72050000	 71450000	12
chr13	 72650000	 73200000	11
chr13	 72950000	 71800000	23
chr13	 73000000	 75250000	45
chr13	 73250000	 74150000	18
chr13	 73300000	 73050000	5
chr13	 74100000	 73550000	11
chr13	 75400000	 74550000	17
chr13	 76500000	 75150000	27
chr13	 76950000	 77750000	16
chr13	 81850000	 80300000	31
chr13	 82150000	 79700000	49
chr13	 82350000	 83700000	27
chr13	 83850000	 85400000	31
chr13	 84850000	 85500000	13
chr13	 86650000	 87150000	10
chr13	 87800000	 88950000	23
chr13	 88300000	 89250000	19
chr13	 88500000	 88000000	10
chr13	 89550000	 92600000	61
chr13	 90000000	 89000000	20
chr13	 90000000	 90700000	14
chr13	 91200000	 90150000	21
chr13	 91250000	 92400000	23
chr13	 92550000	 93100000	11
chr13	 92900000	 93900000	20
chr13	 97200000	 95900000	26
chr13	 98500000	 96650000	37
chr13	101800000	101300000	10
chr13	106400000	105800000	12
chr13	107700000	109100000	28
chr13	108200000	109300000	22
chr13	110050000	108200000	37
chr13	110750000	111700000	19
chr13	111350000	113100000	35
chr13	111450000	113850000	48
chr13	112450000	113050000	12
chr13	112650000	111200000	29
chr13	112950000	111650000	26
chr13	118950000	118600000	7
chr14	  1450000	   550000	18
chr14	  2050000	  2900000	17
chr14	  2850000	  3500000	13
chr14	  3650000	  2200000	29
chr14	  4000000	  2600000	28
chr14	  4650000	  5950000	26
chr14	  5650000	  4800000	17
chr14	 11450000	 10000000	29
chr14	 11750000	 12800000	21
chr14	 13300000	 19300000	120
chr14	 17000000	 18600000	32
chr14	 19100000	 23700000	92
chr14	 20550000	 21850000	26
chr14	 22100000	 19900000	44
chr14	 22550000	 23300000	15
chr14	 22600000	 23650000	21
chr14	 24950000	 26200000	25
chr14	 25050000	 24500000	11
chr14	 25250000	 25850000	12
chr14	 25650000	 25400000	5
chr14	 26400000	 27200000	16
chr14	 28650000	 29450000	16
chr14	 29450000	 28900000	11
chr14	 29850000	 30750000	18
chr14	 33350000	 34400000	21
chr14	 33400000	 34250000	17
chr14	 36050000	 36500000	9
chr14	 42300000	 42900000	12
chr14	 43650000	 40150000	70
chr14	 45500000	 46550000	21
chr14	 49100000	 47950000	23
chr14	 51700000	 50300000	28
chr14	 52150000	 53150000	20
chr14	 53100000	 56550000	69
chr14	 55400000	 54700000	14
chr14	 61450000	 61100000	7
chr14	 63000000	 62050000	19
chr14	 63800000	 60800000	60
chr14	 63800000	 64500000	14
chr14	 65200000	 63450000	35
chr14	 65450000	 66200000	15
chr14	 66000000	 65250000	15
chr14	 67150000	 66100000	21
chr14	 67300000	 68800000	30
chr14	 67700000	 67150000	11
chr14	 67850000	 69450000	32
chr14	 69900000	 70450000	11
chr14	 72400000	 71200000	24
chr14	 73300000	 72150000	23
chr14	 75150000	 74750000	8
chr14	 76500000	 77950000	29
chr14	 77150000	 78400000	25
chr14	 81850000	 80250000	32
chr14	 82200000	 81250000	19
chr14	 85400000	 83800000	32
chr14	 85650000	 85000000	13
chr14	 86150000	 87800000	33
chr14	 86850000	 86200000	13
chr14	 89050000	 89700000	13
chr14	 90550000	 89550000	20
chr14	 94750000	 96150000	28
chr14	 95500000	 96800000	26
chr14	 96300000	 94950000	27
chr14	 99100000	 99500000	8
chr14	101700000	103900000	44
chr14	102300000	100900000	28
chr14	103050000	103850000	16
chr14	104200000	105300000	22
chr14	104550000	105550000	20
chr14	104750000	103350000	28
chr14	105050000	106450000	28
chr14	106050000	107300000	25
chr14	108950000	110150000	24
chr14	109950000	108950000	20
chr14	110250000	110700000	9
chr14	110750000	110150000	12
chr14	111850000	111000000	17
chr14	112350000	111500000	17
chr14	115600000	116550000	19
chr14	116800000	118750000	39
chr14	118750000	117600000	23
chr14	118850000	114300000	91
chr14	121500000	120950000	11
chr14	122200000	122600000	8
chr14	122300000	121400000	18
chr14	124350000	123700000	13
chr15	    50000	   650000	12
chr15	  1550000	  2300000	15
chr15	  2150000	  1300000	17
chr15	  3900000	  1900000	40
chr15	  4400000	  2500000	38
chr15	  4550000	  5650000	22
chr15	  7100000	  5700000	28
chr15	  8400000	 11100000	54
chr15	  8900000	  9750000	17
chr15	  9200000	  9450000	5
chr15	  9750000	  7650000	42
chr15	 10800000	 11300000	10
chr15	 13100000	 14400000	26
chr15	 13450000	 12000000	29
chr15	 13650000	 15000000	27
chr15	 14700000	 13200000	30
chr15	 17400000	 18350000	19
chr15	 17600000	 16450000	23
chr15	 17750000	 19600000	37
chr15	 19600000	 18750000	17
chr15	 21250000	 20500000	15
chr15	 21800000	 23100000	26
chr15	 24650000	 25650000	20
chr15	 26400000	 25400000	20
chr15	 29600000	 27300000	46
chr15	 29950000	 30100000	3
chr15	 33250000	 33000000	5
chr15	 34550000	 33700000	17
chr15	 38800000	 39400000	12
chr15	 39400000	 40800000	28
chr15	 40350000	 40950000	12
chr15	 41100000	 41850000	15
chr15	 43800000	 43100000	14
chr15	 43950000	 43000000	19
chr15	 44400000	 43800000	12
chr15	 44650000	 43000000	33
chr15	 44850000	 45650000	16
chr15	 46600000	 45850000	15
chr15	 49600000	 46950000	53
chr15	 50700000	 48900000	36
chr15	 50700000	 49800000	18
chr15	 51100000	 51600000	10
chr15	 51250000	 52050000	16
chr15	 52550000	 53350000	16
chr15	 54550000	 53900000	13
chr15	 55800000	 55400000	8
chr15	 56450000	 57100000	13
chr15	 56800000	 56350000	9
chr15	 57400000	 55200000	44
chr15	 58850000	 58150000	14
chr15	 59600000	 61300000	34
chr15	 61200000	 60700000	10
chr15	 62400000	 59450000	59
chr15	 64000000	 62300000	34
chr15	 64100000	 65250000	23
chr15	 66050000	 65300000	15
chr15	 66350000	 64750000	32
chr15	 66450000	 64600000	37
chr15	 66900000	 67500000	12
chr15	 68400000	 69000000	12
chr15	 68800000	 66000000	56
chr15	 69250000	 69800000	11
chr15	 70100000	 71250000	23
chr15	 73250000	 72500000	15
chr15	 73750000	 73400000	7
chr15	 74250000	 75400000	23
chr15	 75150000	 76400000	25
chr15	 77150000	 79200000	41
chr15	 77650000	 78450000	16
chr15	 77950000	 76800000	23
chr15	 78200000	 78900000	14
chr15	 80100000	 80950000	17
chr15	 80600000	 81450000	17
chr15	 81450000	 81150000	6
chr15	 82150000	 84550000	48
chr15	 83100000	 84100000	20
chr15	 85250000	 87050000	36
chr15	 87600000	 86950000	13
chr15	 90200000	 91200000	20
chr15	 91950000	 91050000	18
chr15	 92200000	 91050000	23
chr15	 92650000	 93350000	14
chr15	 93250000	 92550000	14
chr15	 93350000	 92300000	21
chr15	 94050000	 92750000	26
chr15	 94700000	 95350000	13
chr15	 96650000	 95300000	27
chr15	 97250000	 97700000	9
chr15	 97450000	 96450000	20
chr15	 97500000	 96700000	16
chr15	 98100000	 96800000	26
chr15	 98500000	 96900000	32
chr15	102100000	100950000	23
chr15	102500000	101350000	23
chr16	  1800000	  1000000	16
chr16	  2400000	  1550000	17
chr16	  5500000	  4300000	24
chr16	  6300000	  4050000	45
chr16	  6400000	  5600000	16
chr16	  7100000	  8900000	36
chr16	  9600000	  8600000	20
chr16	 10950000	  8850000	42
chr16	 13400000	 12000000	28
chr16	 14400000	 15400000	20
chr16	 15250000	 14450000	16
chr16	 15500000	 16700000	24
chr16	 16100000	 15050000	21
chr16	 16150000	 14100000	41
chr16	 16950000	 17550000	12
chr16	 18250000	 20300000	41
chr16	 18800000	 20750000	39
chr16	 19650000	 20750000	22
chr16	 22750000	 22100000	13
chr16	 22900000	 21850000	21
chr16	 23050000	 23950000	18
chr16	 26350000	 27000000	13
chr16	 26750000	 28250000	30
chr16	 29850000	 31050000	24
chr16	 30100000	 29350000	15
chr16	 31200000	 33100000	38
chr16	 33700000	 33400000	6
chr16	 34050000	 35100000	21
chr16	 34800000	 33450000	27
chr16	 35600000	 35250000	7
chr16	 35800000	 38200000	48
chr16	 35950000	 36850000	18
chr16	 38100000	 37300000	16
chr16	 41050000	 41600000	11
chr16	 41300000	 42800000	30
chr16	 41400000	 40650000	15
chr16	 41550000	 41550000	0
chr16	 42300000	 41200000	22
chr16	 43750000	 42700000	21
chr16	 43900000	 42650000	25
chr16	 44150000	 43800000	7
chr16	 46100000	 47250000	23
chr16	 48150000	 49700000	31
chr16	 49450000	 48850000	12
chr16	 50700000	 51400000	14
chr16	 54050000	 52850000	24
chr16	 56050000	 55300000	15
chr16	 56700000	 54600000	42
chr16	 57250000	 58000000	15
chr16	 60150000	 59500000	13
chr16	 60150000	 61150000	20
chr16	 60350000	 59300000	21
chr16	 60700000	 59450000	25
chr16	 61000000	 60100000	18
chr16	 61950000	 62300000	7
chr16	 62050000	 62500000	9
chr16	 63650000	 62700000	19
chr16	 65900000	 64850000	21
chr16	 66600000	 66200000	8
chr16	 66750000	 67450000	14
chr16	 69350000	 67550000	36
chr16	 71850000	 72250000	8
chr16	 72250000	 71000000	25
chr16	 75750000	 76200000	9
chr16	 78100000	 76100000	40
chr16	 80400000	 77800000	52
chr16	 81100000	 81300000	4
chr16	 82250000	 79650000	52
chr16	 82400000	 83050000	13
chr16	 82700000	 83850000	23
chr16	 82850000	 82000000	17
chr16	 84250000	 82900000	27
chr16	 88750000	 87550000	24
chr16	 89200000	 87900000	26
chr16	 89700000	 88050000	33
chr16	 90500000	 91050000	11
chr16	 90500000	 91750000	25
chr16	 91150000	 92800000	33
chr16	 91200000	 91900000	14
chr16	 91750000	 92800000	21
chr16	 92300000	 91800000	10
chr16	 92300000	 92400000	2
chr16	 93850000	 93550000	6
chr16	 96750000	 97250000	10
chr16	 98150000	 97000000	23
chr17	   250000	  1300000	21
chr17	  1800000	  3100000	26
chr17	  2350000	  3100000	15
chr17	  3000000	  4350000	27
chr17	  3600000	   800000	56
chr17	  4150000	  5100000	19
chr17	  4950000	  5550000	12
chr17	 10150000	  9100000	21
chr17	 12350000	 10950000	28
chr17	 13000000	 14400000	28
chr17	 14050000	 13450000	12
chr17	 18250000	 20200000	39
chr17	 18400000	 20700000	46
chr17	 23550000	 22400000	23
chr17	 23800000	 25350000	31
chr17	 25100000	 25800000	14
chr17	 25650000	 23700000	39
chr17	 27000000	 27950000	19
chr17	 27350000	 30300000	59
chr17	 30450000	 32400000	39
chr17	 32550000	 30450000	42
chr17	 33300000	 33700000	8
chr17	 34050000	 31800000	45
chr17	 35200000	 34650000	11
chr17	 36350000	 35500000	17
chr17	 36450000	 35150000	26
chr17	 36500000	 37250000	15
chr17	 37150000	 36950000	4
chr17	 38000000	 35750000	45
chr17	 38650000	 38050000	12
chr17	 40000000	 40600000	12
chr17	 40300000	 38950000	27
chr17	 41650000	 40750000	18
chr17	 45300000	 46950000	33
chr17	 46850000	 47400000	11
chr17	 49050000	 47900000	23
chr17	 49900000	 48350000	31
chr17	 50100000	 49400000	14
chr17	 50300000	 49650000	13
chr17	 50500000	 50700000	4
chr17	 51350000	 50250000	22
chr17	 52250000	 53650000	28
chr17	 54150000	 56350000	44
chr17	 54950000	 53750000	24
chr17	 55100000	 54150000	19
chr17	 56750000	 54050000	54
chr17	 57300000	 59300000	40
chr17	 59900000	 60550000	13
chr17	 61650000	 62050000	8
chr17	 62050000	 59100000	59
chr17	 62100000	 62700000	12
chr17	 62850000	 61350000	30
chr17	 65700000	 67750000	41
chr17	 68550000	 67200000	27
chr17	 69250000	 68700000	11
chr17	 69850000	 69400000	9
chr17	 70100000	 71900000	36
chr17	 72850000	 73700000	17
chr17	 75850000	 76300000	9
chr17	 77350000	 76400000	19
chr17	 79250000	 77850000	28
chr17	 82000000	 83150000	23
chr17	 85100000	 86000000	18
chr17	 86250000	 86650000	8
chr17	 87100000	 86400000	14
chr17	 87450000	 87950000	10
chr17	 88150000	 89850000	34
chr17	 89550000	 88200000	27
chr17	 89800000	 91500000	34
chr17	 91250000	 93700000	49
chr17	 91550000	 92000000	9
chr17	 91750000	 92450000	14
chr18	   850000	  2950000	42
chr18	  2050000	  5600000	71
chr18	  3900000	  2600000	26
chr18	  4500000	  6150000	33
chr18	  5100000	  4100000	20
chr18	  5900000	  4500000	28
chr18	  6850000	  8050000	24
chr18	  7400000	  6900000	10
chr18	  7700000	  4700000	60
chr18	  8850000	  7950000	18
chr18	  9150000	  8450000	14
chr18	 13300000	 12750000	11
chr18	 14200000	 13600000	12
chr18	 16000000	 14000000	40
chr18	 19000000	 19400000	8
chr18	 19100000	 20750000	33
chr18	 23200000	 23750000	11
chr18	 24700000	 25650000	19
chr18	 24800000	 25250000	9
chr18	 26550000	 26800000	5
chr18	 26850000	 27600000	15
chr18	 27100000	 25100000	40
chr18	 33050000	 32250000	16
chr18	 34850000	 34300000	11
chr18	 35400000	 35800000	8
chr18	 36600000	 37400000	16
chr18	 37300000	 36300000	20
chr18	 38350000	 37700000	13
chr18	 41900000	 43900000	40
chr18	 47250000	 46450000	16
chr18	 48100000	 49050000	19
chr18	 48850000	 49200000	7
chr18	 49200000	 49650000	9
chr18	 51000000	 51900000	18
chr18	 53150000	 52250000	18
chr18	 55200000	 53800000	28
chr18	 56550000	 56250000	6
chr18	 57700000	 57250000	9
chr18	 58850000	 60000000	23
chr18	 59550000	 58850000	14
chr18	 60150000	 61550000	28
chr18	 60800000	 59900000	18
chr18	 62450000	 64600000	43
chr18	 63300000	 64500000	24
chr18	 64150000	 65800000	33
chr18	 64900000	 64600000	6
chr18	 66350000	 67650000	26
chr18	 67350000	 66700000	13
chr18	 67450000	 68200000	15
chr18	 68300000	 67000000	26
chr18	 68800000	 68450000	7
chr18	 71750000	 69750000	40
chr18	 72100000	 71350000	15
chr18	 74850000	 75600000	15
chr18	 76250000	 77150000	18
chr18	 76950000	 75700000	25
chr18	 76950000	 77900000	19
chr18	 81250000	 81900000	13
chr18	 82550000	 81600000	19
chr18	 82700000	 83250000	11
chr18	 83100000	 84500000	28
chr18	 83950000	 85950000	40
chr18	 84850000	 86950000	42
chr18	 85950000	 87500000	31
chr18	 86350000	 84050000	46
chr18	 87950000	 88850000	18
chr19	  2500000	   650000	37
chr19	  2700000	  3500000	16
chr19	  6250000	  6800000	11
chr19	  6900000	  6000000	18
chr19	  9550000	  7900000	33
chr19	  9750000	 11600000	37
chr19	 11150000	 10550000	12
chr19	 11850000	 12300000	9
chr19	 13200000	 11300000	38
chr19	 15250000	 13150000	42
chr19	 17700000	 18550000	17
chr19	 18300000	 20100000	36
chr19	 19450000	 20350000	18
chr19	 19500000	 20450000	19
chr19	 19600000	 19000000	12
chr19	 23850000	 25500000	33
chr19	 24400000	 22700000	34
chr19	 24500000	 21250000	65
chr19	 25800000	 26600000	16
chr19	 31000000	 30050000	19
chr19	 31050000	 29850000	24
chr19	 31150000	 30050000	22
chr19	 31900000	 31350000	11
chr19	 34900000	 35500000	12
chr19	 37700000	 38050000	7
chr19	 38750000	 37750000	20
chr19	 40450000	 41300000	17
chr19	 42150000	 40900000	25
chr19	 42650000	 44600000	39
chr19	 44900000	 45550000	13
chr19	 44950000	 43550000	28
chr19	 45250000	 45950000	14
chr19	 45650000	 46200000	11
chr19	 46750000	 47750000	20
chr19	 47800000	 49250000	29
chr19	 48800000	 48400000	8
chr19	 50750000	 50100000	13
chr19	 55000000	 54100000	18
chr19	 55550000	 53900000	33
chr19	 56500000	 55700000	16
chr19	 58000000	 56000000	40
chr19	 58800000	 56700000	42
chr19	 59300000	 59700000	8
chr19	 60400000	 59650000	15
chr19	 60550000	 60350000	4
chr2	   500000	  2050000	31
chr2	  2650000	  3450000	16
chr2	  3450000	  3950000	10
chr2	  3800000	  4800000	20
chr2	  5700000	  4500000	24
chr2	  6050000	  6950000	18
chr2	  8350000	  4700000	73
chr2	 11750000	  8650000	62
chr2	 12100000	  9950000	43
chr2	 14150000	 14850000	14
chr2	 14250000	 15300000	21
chr2	 14850000	 16600000	35
chr2	 15150000	 12500000	53
chr2	 21450000	 20100000	27
chr2	 22850000	 24500000	33
chr2	 25100000	 27050000	39
chr2	 25600000	 26750000	23
chr2	 25700000	 25350000	7
chr2	 28000000	 28950000	19
chr2	 29550000	 29000000	11
chr2	 29900000	 28850000	21
chr2	 31300000	 32050000	15
chr2	 31800000	 32200000	8
chr2	 33250000	 32600000	13
chr2	 34800000	 34250000	11
chr2	 36100000	 34600000	30
chr2	 37200000	 35900000	26
chr2	 38150000	 37650000	10
chr2	 42250000	 41450000	16
chr2	 43850000	 44250000	8
chr2	 45050000	 46350000	26
chr2	 46000000	 45400000	12
chr2	 47300000	 48600000	26
chr2	 49850000	 50700000	17
chr2	 50450000	 49450000	20
chr2	 51600000	 53450000	37
chr2	 51700000	 53900000	44
chr2	 54350000	 55750000	28
chr2	 56900000	 56600000	6
chr2	 58550000	 58950000	8
chr2	 58550000	 59400000	17
chr2	 59250000	 60850000	32
chr2	 60650000	 58400000	45
chr2	 61300000	 58950000	47
chr2	 61350000	 63650000	46
chr2	 61850000	 63150000	26
chr2	 63300000	 62100000	24
chr2	 64600000	 65350000	15
chr2	 64750000	 62900000	37
chr2	 65850000	 66650000	16
chr2	 67750000	 67300000	9
chr2	 68050000	 68400000	7
chr2	 68350000	 64750000	72
chr2	 71350000	 72000000	13
chr2	 72000000	 72900000	18
chr2	 72100000	 70900000	24
chr2	 72350000	 70750000	32
chr2	 72350000	 72700000	7
chr2	 72650000	 73800000	23
chr2	 73350000	 71600000	35
chr2	 74050000	 73400000	13
chr2	 76400000	 75350000	21
chr2	 77000000	 75900000	22
chr2	 80300000	 81250000	19
chr2	 81150000	 82500000	27
chr2	 82750000	 81600000	23
chr2	 82800000	 81750000	21
chr2	 83500000	 84100000	12
chr2	 83650000	 84850000	24
chr2	 84500000	 83000000	30
chr2	 85350000	 86300000	19
chr2	 86700000	 85650000	21
chr2	 87650000	 89800000	43
chr2	 87850000	 91450000	72
chr2	 88400000	 87400000	20
chr2	 88700000	 87800000	18
chr2	 89300000	 90450000	23
chr2	 90900000	 89500000	28
chr2	 90950000	 90550000	8
chr2	 92550000	 91700000	17
chr2	 93500000	 92600000	18
chr2	 94000000	 92350000	33
chr2	 94450000	 93600000	17
chr2	 95150000	 96850000	34
chr2	 95800000	 96500000	14
chr2	 96600000	 96850000	5
chr2	 99550000	100350000	16
chr2	100900000	 99150000	35
chr2	101150000	100350000	16
chr2	101300000	100550000	15
chr2	101450000	101950000	10
chr2	101600000	103300000	34
chr2	103000000	102550000	9
chr2	103500000	104700000	24
chr2	105050000	104650000	8
chr2	105100000	107050000	39
chr2	106200000	103900000	46
chr2	106600000	108250000	33
chr2	107900000	106950000	19
chr2	110000000	109400000	12
chr2	115950000	115500000	9
chr2	116900000	115950000	19
chr2	118200000	117250000	19
chr2	118450000	117050000	28
chr2	118550000	118900000	7
chr2	119250000	117500000	35
chr2	120500000	119500000	20
chr2	122250000	121850000	8
chr2	123600000	124950000	27
chr2	123750000	124950000	24
chr2	124100000	122400000	34
chr2	126650000	125700000	19
chr2	127000000	128000000	20
chr2	128450000	127950000	10
chr2	129900000	131000000	22
chr2	132100000	130850000	25
chr2	133150000	131900000	25
chr2	133200000	132300000	18
chr2	134300000	133150000	23
chr2	135950000	136850000	18
chr2	136900000	135400000	30
chr2	140700000	141800000	22
chr2	141600000	141000000	12
chr2	144400000	144000000	8
chr2	146000000	144050000	39
chr2	147700000	148850000	23
chr2	151600000	150900000	14
chr2	152300000	152950000	13
chr2	154050000	154850000	16
chr2	155000000	155350000	7
chr2	156200000	156900000	14
chr2	157050000	159700000	53
chr2	158000000	159650000	33
chr2	159050000	159650000	12
chr2	161700000	160550000	23
chr2	163150000	161700000	29
chr2	169700000	167900000	36
chr2	172900000	172300000	12
chr2	176250000	175950000	6
chr2	178450000	177500000	19
chr2	178650000	179150000	10
chr2	179400000	178050000	27
chr2	179900000	181300000	28
chr3	   200000	  1550000	27
chr3	  1200000	   150000	21
chr3	  2850000	  4100000	25
chr3	  3500000	  2150000	27
chr3	  4050000	  2700000	27
chr3	  4550000	  3050000	30
chr3	  5400000	  4700000	14
chr3	  5500000	  5900000	8
chr3	  7900000	  8550000	13
chr3	 12350000	 10550000	36
chr3	 12850000	 14250000	28
chr3	 13650000	 14400000	15
chr3	 15450000	 16150000	14
chr3	 16700000	 15350000	27
chr3	 17550000	 17950000	8
chr3	 18900000	 17750000	23
chr3	 19350000	 20450000	22
chr3	 22000000	 23150000	23
chr3	 22300000	 22900000	12
chr3	 27550000	 27050000	10
chr3	 28100000	 28400000	6
chr3	 28300000	 26700000	32
chr3	 30300000	 28950000	27
chr3	 31700000	 33750000	41
chr3	 33700000	 33700000	0
chr3	 33950000	 33100000	17
chr3	 35150000	 33900000	25
chr3	 35500000	 36200000	14
chr3	 39150000	 37700000	29
chr3	 39600000	 37350000	45
chr3	 43250000	 45250000	40
chr3	 44700000	 44700000	0
chr3	 45000000	 43800000	24
chr3	 48600000	 52350000	75
chr3	 50050000	 48350000	34
chr3	 50700000	 51300000	12
chr3	 52900000	 52150000	15
chr3	 53300000	 53850000	11
chr3	 53500000	 52450000	21
chr3	 53750000	 52750000	20
chr3	 55100000	 53450000	33
chr3	 57850000	 59250000	28
chr3	 61100000	 61800000	14
chr3	 61550000	 60950000	12
chr3	 62300000	 59850000	49
chr3	 63000000	 63750000	15
chr3	 63800000	 63400000	8
chr3	 63850000	 63350000	10
chr3	 64650000	 64050000	12
chr3	 67050000	 68350000	26
chr3	 67850000	 67200000	13
chr3	 67950000	 69850000	38
chr3	 70150000	 71550000	28
chr3	 70200000	 69800000	8
chr3	 70450000	 69450000	20
chr3	 76650000	 74250000	48
chr3	 79350000	 80300000	19
chr3	 82650000	 81650000	20
chr3	 83000000	 85000000	40
chr3	 83500000	 83050000	9
chr3	 83500000	 84300000	16
chr3	 86800000	 87750000	19
chr3	 87550000	 87750000	4
chr3	 87750000	 86750000	20
chr3	 87800000	 86700000	22
chr3	 88050000	 85700000	47
chr3	 91900000	 95150000	65
chr3	 95150000	 92400000	55
chr3	 95300000	 96250000	19
chr3	 96850000	 98100000	25
chr3	100500000	 99450000	21
chr3	104900000	105600000	14
chr3	105150000	103900000	25
chr3	105400000	106350000	19
chr3	106750000	105350000	28
chr3	107050000	107850000	16
chr3	109750000	108500000	25
chr3	109850000	109400000	9
chr3	112000000	113100000	22
chr3	112250000	111500000	15
chr3	112650000	110900000	35
chr3	113900000	113200000	14
chr3	115150000	116850000	34
chr3	115750000	114950000	16
chr3	116000000	115500000	10
chr3	116750000	116450000	6
chr3	120250000	120900000	13
chr3	121750000	122950000	24
chr3	121850000	121250000	12
chr3	122300000	123050000	15
chr3	122550000	124400000	37
chr3	124200000	122900000	26
chr3	125800000	124100000	34
chr3	126650000	127400000	15
chr3	128700000	129700000	20
chr3	129500000	127500000	40
chr3	131900000	130500000	28
chr3	132950000	132150000	16
chr3	133550000	136150000	52
chr3	134850000	134100000	15
chr3	135000000	136050000	21
chr3	136600000	137300000	14
chr3	138500000	137500000	20
chr3	139700000	137150000	51
chr3	140000000	140700000	14
chr3	140050000	139200000	17
chr3	140500000	140000000	10
chr3	140550000	142100000	31
chr3	141200000	139950000	25
chr3	143850000	143350000	10
chr3	144150000	145850000	34
chr3	144850000	146100000	25
chr3	145700000	148200000	50
chr3	146100000	145150000	19
chr3	147750000	148450000	14
chr3	150750000	153350000	52
chr3	151850000	150050000	36
chr3	152850000	154350000	30
chr3	153500000	153800000	6
chr3	155100000	156700000	32
chr3	155950000	153800000	43
chr3	156200000	157850000	33
chr3	158500000	158100000	8
chr4	  2300000	  3450000	23
chr4	  5450000	  6450000	20
chr4	  6750000	  8450000	34
chr4	  8150000	  7450000	14
chr4	  9350000	 10700000	27
chr4	 10000000	  9200000	16
chr4	 12600000	 11950000	13
chr4	 13700000	 13200000	10
chr4	 13850000	 14750000	18
chr4	 14600000	 13600000	20
chr4	 15200000	 15200000	0
chr4	 16600000	 14300000	46
chr4	 16850000	 16100000	15
chr4	 17950000	 16450000	30
chr4	 17950000	 20650000	54
chr4	 18400000	 19950000	31
chr4	 21150000	 21850000	14
chr4	 21350000	 23850000	50
chr4	 21750000	 23150000	28
chr4	 22300000	 24550000	45
chr4	 22800000	 22300000	10
chr4	 23250000	 23850000	12
chr4	 23700000	 24800000	22
chr4	 23750000	 26000000	45
chr4	 24300000	 23500000	16
chr4	 25550000	 27950000	48
chr4	 29950000	 29000000	19
chr4	 31150000	 32200000	21
chr4	 33050000	 29900000	63
chr4	 36000000	 35550000	9
chr4	 38650000	 39500000	17
chr4	 43650000	 41750000	38
chr4	 45150000	 45650000	10
chr4	 46000000	 47300000	26
chr4	 47450000	 49200000	35
chr4	 47900000	 46550000	27
chr4	 48600000	 48000000	12
chr4	 49350000	 48200000	23
chr4	 49900000	 50550000	13
chr4	 50050000	 51050000	20
chr4	 52900000	 52700000	4
chr4	 53900000	 51050000	57
chr4	 55300000	 53600000	34
chr4	 55450000	 52550000	58
chr4	 56250000	 57750000	30
chr4	 56500000	 58950000	49
chr4	 61150000	 62300000	23
chr4	 61300000	 62950000	33
chr4	 62600000	 60750000	37
chr4	 63250000	 61050000	44
chr4	 63400000	 64350000	19
chr4	 64500000	 63950000	11
chr4	 66000000	 65200000	16
chr4	 67650000	 68200000	11
chr4	 68900000	 70150000	25
chr4	 70100000	 71500000	28
chr4	 70700000	 69950000	15
chr4	 71500000	 72150000	13
chr4	 72400000	 73150000	15
chr4	 72800000	 71100000	34
chr4	 75450000	 75900000	9
chr4	 75550000	 76700000	23
chr4	 76150000	 75850000	6
chr4	 77150000	 78200000	21
chr4	 77350000	 76650000	14
chr4	 78950000	 78100000	17
chr4	 79200000	 81150000	39
chr4	 81000000	 80600000	8
chr4	 82050000	 82400000	7
chr4	 83400000	 80500000	58
chr4	 83500000	 83000000	10
chr4	 84600000	 86150000	31
chr4	 85550000	 86950000	28
chr4	 87500000	 88300000	16
chr4	 87600000	 88050000	9
chr4	 88000000	 89750000	35
chr4	 88250000	 89050000	16
chr4	 89800000	 91350000	31
chr4	 97450000	 96650000	16
chr4	 97450000	 96950000	10
chr4	 98150000	 99950000	36
chr4	101350000	101050000	6
chr4	102250000	102700000	9
chr4	102850000	101650000	24
chr4	108700000	109150000	9
chr4	111150000	109850000	26
chr4	111150000	110500000	13
chr4	113200000	114100000	18
chr4	118700000	117600000	22
chr4	119750000	118250000	30
chr4	121450000	123150000	34
chr4	123450000	121050000	48
chr4	123500000	124750000	25
chr4	124850000	123400000	29
chr4	126900000	125950000	19
chr4	127300000	128000000	14
chr4	128500000	127200000	26
chr4	129700000	132900000	64
chr4	130600000	129850000	15
chr4	132250000	132750000	10
chr4	132450000	133650000	24
chr4	133250000	132150000	22
chr4	136550000	135950000	12
chr4	137550000	138550000	20
chr4	137800000	139000000	24
chr4	141600000	143350000	35
chr4	141900000	142650000	15
chr4	142500000	143500000	20
chr4	145600000	147000000	28
chr4	149300000	146950000	47
chr4	150600000	150050000	11
chr4	151500000	150450000	21
chr4	151600000	152850000	25
chr4	153050000	151650000	28
chr4	153200000	152650000	11
chr4	153600000	153050000	11
chr4	154800000	156000000	24
chr4	155300000	156000000	14
chr4	155850000	155550000	6
chr5	   400000	  1050000	13
chr5	  1450000	  2000000	11
chr5	  3300000	  2550000	15
chr5	  5050000	  4050000	20
chr5	  8000000	  6700000	26
chr5	  8200000	  8600000	8
chr5	  9200000	 10350000	23
chr5	 13450000	 12450000	20
chr5	 16850000	 16950000	2
chr5	 19050000	 20700000	33
chr5	 20200000	 20200000	0
chr5	 20250000	 20250000	0
chr5	 20550000	 19300000	25
chr5	 22850000	 22600000	5
chr5	 23250000	 23900000	13
chr5	 23650000	 24500000	17
chr5	 26700000	 25700000	20
chr5	 28200000	 27450000	15
chr5	 28700000	 26950000	35
chr5	 29050000	 30050000	20
chr5	 30150000	 31200000	21
chr5	 32300000	 31400000	18
chr5	 32950000	 30550000	48
chr5	 33800000	 33200000	12
chr5	 34800000	 36100000	26
chr5	 35100000	 36750000	33
chr5	 36200000	 37650000	29
chr5	 38400000	 37250000	23
chr5	 38650000	 38200000	9
chr5	 38950000	 37650000	26
chr5	 44500000	 45400000	18
chr5	 45200000	 44150000	21
chr5	 46300000	 47150000	17
chr5	 47300000	 46250000	21
chr5	 47500000	 48050000	11
chr5	 47750000	 49450000	34
chr5	 48800000	 48450000	7
chr5	 48900000	 47950000	19
chr5	 49050000	 50950000	38
chr5	 50250000	 49200000	21
chr5	 51250000	 52100000	17
chr5	 51700000	 52500000	16
chr5	 51900000	 52750000	17
chr5	 51950000	 50450000	30
chr5	 51950000	 50950000	20
chr5	 52650000	 52150000	10
chr5	 55350000	 57900000	51
chr5	 56200000	 53700000	50
chr5	 56600000	 55850000	15
chr5	 59400000	 59900000	10
chr5	 59950000	 60500000	11
chr5	 60850000	 62000000	23
chr5	 61700000	 64100000	48
chr5	 62500000	 64500000	40
chr5	 62900000	 61350000	31
chr5	 63200000	 61600000	32
chr5	 63800000	 65700000	38
chr5	 65350000	 66200000	17
chr5	 66000000	 67150000	23
chr5	 68900000	 70100000	24
chr5	 69550000	 70250000	14
chr5	 71650000	 72850000	24
chr5	 72200000	 71250000	19
chr5	 73350000	 72950000	8
chr5	 73650000	 74700000	21
chr5	 74500000	 73800000	14
chr5	 74950000	 76050000	22
chr5	 77200000	 75150000	41
chr5	 77250000	 76550000	14
chr5	 80200000	 80950000	15
chr5	 80800000	 80300000	10
chr5	 81500000	 84000000	50
chr5	 82000000	 83050000	21
chr5	 82500000	 83700000	24
chr5	 84700000	 85750000	21
chr5	 85100000	 85700000	12
chr5	 85150000	 86650000	30
chr5	 85400000	 88250000	57
chr5	 85650000	 86400000	15
chr5	 87350000	 86650000	14
chr5	 88450000	 87500000	19
chr5	 89900000	 89000000	18
chr5	 90550000	 91000000	9
chr5	 91600000	 93050000	29
chr5	 92850000	 90750000	42
chr5	 93050000	 94100000	21
chr5	 93900000	 94400000	10
chr5	 94350000	 95400000	21
chr5	 96550000	 97050000	10
chr5	 97200000	 98350000	23
chr5	 98250000	 97700000	11
chr5	 98550000	 97200000	27
chr5	100950000	101600000	13
chr5	101400000	102300000	18
chr5	102200000	100650000	31
chr5	103300000	103700000	8
chr5	103500000	104100000	12
chr5	105100000	105800000	14
chr5	106250000	106700000	9
chr5	106850000	107300000	9
chr5	110350000	112450000	42
chr5	110600000	112150000	31
chr5	111600000	109850000	35
chr5	115150000	113200000	39
chr5	115750000	115750000	0
chr5	115900000	115400000	10
chr5	116150000	117900000	35
chr5	116600000	115600000	20
chr5	117250000	118450000	24
chr5	119650000	120500000	17
chr5	120100000	119250000	17
chr5	120300000	119800000	10
chr5	121150000	122450000	26
chr5	122450000	121650000	16
chr5	123300000	123950000	13
chr5	125450000	122400000	61
chr5	126200000	127050000	17
chr5	126200000	127100000	18
chr5	126750000	124850000	38
chr5	129400000	128400000	20
chr5	130750000	131300000	11
chr5	132550000	133250000	14
chr5	132950000	132200000	15
chr5	135000000	136150000	23
chr5	135650000	137800000	43
chr5	135850000	136600000	15
chr5	136400000	138050000	33
chr5	136800000	137650000	17
chr5	136900000	138250000	27
chr5	137600000	135650000	39
chr5	144050000	143300000	15
chr5	145050000	144000000	21
chr5	146650000	147600000	19
chr5	147700000	149050000	27
chr5	149850000	148050000	36
chr5	151750000	150950000	16
chr6	  1400000	  2650000	25
chr6	  1550000	  1000000	11
chr6	  1600000	  2700000	22
chr6	  4200000	  6000000	36
chr6	  4600000	  5150000	11
chr6	  4600000	  5750000	23
chr6	  4900000	  6700000	36
chr6	  7300000	  7800000	10
chr6	  7400000	 11900000	90
chr6	  8150000	  9050000	18
chr6	  8250000	  8850000	12
chr6	  8250000	 11600000	67
chr6	  9250000	 10350000	22
chr6	  9450000	  9000000	9
chr6	  9650000	 10800000	23
chr6	  9950000	  9650000	6
chr6	 11200000	 10300000	18
chr6	 11700000	 13350000	33
chr6	 14400000	 17250000	57
chr6	 18850000	 17900000	19
chr6	 19850000	 18850000	20
chr6	 20400000	 19300000	22
chr6	 21150000	 20100000	21
chr6	 22250000	 21800000	9
chr6	 23400000	 22600000	16
chr6	 24200000	 22550000	33
chr6	 26700000	 28500000	36
chr6	 28300000	 26250000	41
chr6	 28500000	 30450000	39
chr6	 30500000	 31000000	10
chr6	 33150000	 34300000	23
chr6	 40050000	 39350000	14
chr6	 41150000	 40150000	20
chr6	 42250000	 42900000	13
chr6	 42750000	 44050000	26
chr6	 44850000	 44300000	11
chr6	 45050000	 48150000	62
chr6	 46600000	 46950000	7
chr6	 46650000	 47750000	22
chr6	 47000000	 46200000	16
chr6	 49000000	 50400000	28
chr6	 49150000	 50300000	23
chr6	 49300000	 49900000	12
chr6	 50200000	 49200000	20
chr6	 50350000	 51900000	31
chr6	 50400000	 52250000	37
chr6	 50450000	 49950000	10
chr6	 51850000	 51350000	10
chr6	 55650000	 54200000	29
chr6	 57050000	 55250000	36
chr6	 57900000	 57500000	8
chr6	 58600000	 57800000	16
chr6	 59800000	 59050000	15
chr6	 60200000	 61400000	24
chr6	 64500000	 63850000	13
chr6	 66500000	 65800000	14
chr6	 68300000	 67500000	16
chr6	 72500000	 70800000	34
chr6	 72850000	 74700000	37
chr6	 77000000	 75400000	32
chr6	 77500000	 76150000	27
chr6	 79500000	 78000000	30
chr6	 80850000	 80850000	0
chr6	 80950000	 81250000	6
chr6	 81250000	 80250000	20
chr6	 81650000	 81150000	10
chr6	 82150000	 81450000	14
chr6	 82400000	 83950000	31
chr6	 83800000	 84750000	19
chr6	 84050000	 85300000	25
chr6	 84750000	 84300000	9
chr6	 86100000	 87250000	23
chr6	 88350000	 87100000	25
chr6	 89750000	 88450000	26
chr6	 90650000	 92800000	43
chr6	 94100000	 92800000	26
chr6	 94750000	 95450000	14
chr6	 95000000	 93800000	24
chr6	 96700000	 95400000	26
chr6	100100000	 99100000	20
chr6	102200000	102200000	0
chr6	104450000	104200000	5
chr6	106400000	107100000	14
chr6	107250000	108650000	28
chr6	107450000	108200000	15
chr6	109150000	109850000	14
chr6	109200000	110350000	23
chr6	109550000	108750000	16
chr6	110050000	110900000	17
chr6	110350000	109650000	14
chr6	111600000	109550000	41
chr6	112750000	113200000	9
chr6	116000000	115400000	12
chr6	116050000	117300000	25
chr6	116750000	118450000	34
chr6	118050000	120300000	45
chr6	118100000	118800000	14
chr6	118450000	117700000	15
chr6	119950000	119300000	13
chr6	120750000	119950000	16
chr6	124700000	124900000	4
chr6	124750000	124350000	8
chr6	125200000	125800000	12
chr6	128150000	129050000	18
chr6	129000000	128100000	18
chr6	131150000	128700000	49
chr6	132600000	131200000	28
chr6	133400000	132400000	20
chr6	135200000	133400000	36
chr6	137100000	136000000	22
chr6	137500000	138600000	22
chr6	137550000	138200000	13
chr6	138250000	141000000	55
chr6	138550000	138250000	6
chr6	138800000	139800000	20
chr6	139850000	138650000	24
chr6	140100000	138600000	30
chr6	144050000	144600000	11
chr6	144650000	143800000	17
chr6	146800000	145050000	35
chr6	146900000	146100000	16
chr6	147600000	148350000	15
chr6	148700000	146250000	49
chr6	149050000	149700000	13
chr6	149600000	148850000	15
chr7	  2100000	  1100000	20
chr7	  3950000	  5200000	25
chr7	  5500000	  4650000	17
chr7	  5550000	  4550000	20
chr7	  8700000	 11050000	47
chr7	  8750000	  9550000	16
chr7	  9300000	  8400000	18
chr7	 10150000	 11250000	22
chr7	 12050000	 11450000	12
chr7	 14550000	 13250000	26
chr7	 15450000	 13800000	33
chr7	 17750000	 18300000	11
chr7	 18200000	 16850000	27
chr7	 20000000	 20000000	0
chr7	 21600000	 22650000	21
chr7	 23250000	 24400000	23
chr7	 24000000	 23550000	9
chr7	 24400000	 25500000	22
chr7	 25700000	 26600000	18
chr7	 27150000	 25900000	25
chr7	 27150000	 27800000	13
chr7	 28450000	 28200000	5
chr7	 30300000	 28900000	28
chr7	 31100000	 30100000	20
chr7	 31550000	 32300000	15
chr7	 31750000	 32850000	22
chr7	 32600000	 31550000	21
chr7	 32800000	 34000000	24
chr7	 33500000	 32800000	14
chr7	 37550000	 36650000	18
chr7	 38500000	 40350000	37
chr7	 39000000	 38100000	18
chr7	 39100000	 38650000	9
chr7	 46300000	 45300000	20
chr7	 46650000	 46050000	12
chr7	 47300000	 46700000	12
chr7	 47800000	 47250000	11
chr7	 48200000	 49400000	24
chr7	 48650000	 49400000	15
chr7	 48750000	 47550000	24
chr7	 49650000	 48400000	25
chr7	 50500000	 51800000	26
chr7	 50850000	 49700000	23
chr7	 51600000	 52550000	19
chr7	 51750000	 53450000	34
chr7	 51800000	 48400000	68
chr7	 52800000	 52250000	11
chr7	 53750000	 55100000	27
chr7	 57100000	 56250000	17
chr7	 57600000	 56200000	28
chr7	 61550000	 60900000	13
chr7	 65150000	 66750000	32
chr7	 65200000	 64550000	13
chr7	 65600000	 66100000	10
chr7	 67600000	 66450000	23
chr7	 70350000	 69500000	17
chr7	 71950000	 73350000	28
chr7	 72200000	 70950000	25
chr7	 73850000	 72350000	30
chr7	 74850000	 75750000	18
chr7	 78450000	 78650000	4
chr7	 78600000	 76500000	42
chr7	 79950000	 81500000	31
chr7	 82600000	 83800000	24
chr7	 83800000	 84150000	7
chr7	 85150000	 83300000	37
chr7	 86000000	 86700000	14
chr7	 88200000	 90400000	44
chr7	 91350000	 90750000	12
chr7	 94900000	 96650000	35
chr7	 95100000	 95900000	16
chr7	 95350000	 95850000	10
chr7	 98250000	 97050000	24
chr7	 99150000	100100000	19
chr7	 99700000	 97200000	50
chr7	101650000	100500000	23
chr7	101900000	102550000	13
chr7	102200000	102800000	12
chr7	102600000	103700000	22
chr7	104350000	102850000	30
chr7	104550000	103350000	24
chr7	105150000	103800000	27
chr7	106300000	107450000	23
chr7	106450000	105250000	24
chr7	109750000	108750000	20
chr7	110400000	111500000	22
chr7	112600000	113350000	15
chr7	112850000	112300000	11
chr7	113950000	113400000	11
chr7	115750000	116950000	24
chr7	117750000	118700000	19
chr7	118250000	120200000	39
chr7	119100000	119400000	6
chr7	119800000	121550000	35
chr7	122900000	121550000	27
chr7	123650000	123000000	13
chr7	124200000	121300000	58
chr7	125350000	126400000	21
chr7	126700000	125550000	23
chr7	128100000	129550000	29
chr7	129050000	130300000	25
chr7	129950000	129450000	10
chr7	134800000	132500000	46
chr7	135150000	136100000	19
chr7	137550000	136900000	13
chr7	138700000	139800000	22
chr7	138800000	137750000	21
chr7	140200000	140950000	15
chr7	141400000	141800000	8
chr7	142100000	142900000	16
chr7	142600000	143450000	17
chr7	143000000	143900000	18
chr8	  1500000	  1100000	8
chr8	  2600000	  1750000	17
chr8	  3500000	  4300000	16
chr8	  6000000	  4900000	22
chr8	  6950000	  7800000	17
chr8	  7000000	  5750000	25
chr8	  8000000	  8750000	15
chr8	  8700000	  6200000	50
chr8	  8750000	 12100000	67
chr8	 11250000	 10150000	22
chr8	 12000000	 12500000	10
chr8	 12300000	 11600000	14
chr8	 13250000	 13750000	10
chr8	 13600000	 14650000	21
chr8	 13650000	 14500000	17
chr8	 14650000	 15500000	17
chr8	 16950000	 15900000	21
chr8	 18500000	 19050000	11
chr8	 19350000	 19950000	12
chr8	 23150000	 24600000	29
chr8	 25550000	 24250000	26
chr8	 25900000	 26650000	15
chr8	 27550000	 28250000	14
chr8	 27850000	 29850000	40
chr8	 31300000	 30400000	18
chr8	 31700000	 33250000	31
chr8	 33000000	 32200000	16
chr8	 33200000	 30500000	54
chr8	 34550000	 35200000	13
chr8	 35300000	 36400000	22
chr8	 35900000	 36200000	6
chr8	 37250000	 36650000	12
chr8	 38750000	 37200000	31
chr8	 38850000	 39700000	17
chr8	 39150000	 39450000	6
chr8	 40150000	 43700000	71
chr8	 43500000	 41800000	34
chr8	 43850000	 44450000	12
chr8	 44800000	 42850000	39
chr8	 45750000	 44900000	17
chr8	 47350000	 46350000	20
chr8	 47750000	 47100000	13
chr8	 49150000	 48400000	15
chr8	 49300000	 50100000	16
chr8	 49800000	 51350000	31
chr8	 51350000	 50450000	18
chr8	 51550000	 50750000	16
chr8	 52150000	 53850000	34
chr8	 52250000	 50800000	29
chr8	 54600000	 53500000	22
chr8	 57700000	 56650000	21
chr8	 58600000	 59100000	10
chr8	 60200000	 60550000	7
chr8	 63050000	 63850000	16
chr8	 67400000	 68700000	26
chr8	 68300000	 68850000	11
chr8	 69000000	 70100000	22
chr8	 69350000	 68200000	23
chr8	 69950000	 69050000	18
chr8	 70300000	 71150000	17
chr8	 70700000	 69850000	17
chr8	 73600000	 72650000	19
chr8	 75000000	 76600000	32
chr8	 76650000	 77400000	15
chr8	 77700000	 77050000	13
chr8	 77850000	 80450000	52
chr8	 79100000	 78050000	21
chr8	 81350000	 81550000	4
chr8	 83100000	 82150000	19
chr8	 86050000	 85200000	17
chr8	 86150000	 84550000	32
chr8	 86900000	 88100000	24
chr8	 87400000	 87050000	7
chr8	 90900000	 89700000	24
chr8	 92200000	 91150000	21
chr8	 93250000	 94750000	30
chr8	 93500000	 96300000	56
chr8	 93950000	 93600000	7
chr8	 95650000	 96600000	19
chr8	 95750000	 96550000	16
chr8	 97150000	 96400000	15
chr8	 97200000	 96450000	15
chr8	 98050000	 99100000	21
chr8	101850000	102650000	16
chr8	102900000	 99650000	65
chr8	105350000	106550000	24
chr8	105750000	106150000	8
chr8	105850000	105200000	13
chr8	105900000	104950000	19
chr8	108700000	106850000	37
chr8	109500000	109200000	6
chr8	111000000	108400000	52
chr8	113200000	112200000	20
chr8	114500000	114850000	7
chr8	114600000	116750000	43
chr8	116950000	115550000	28
chr8	117950000	118950000	20
chr8	121400000	120800000	12
chr8	122050000	120600000	29
chr8	122150000	121300000	17
chr8	122700000	121600000	22
chr8	123400000	122450000	19
chr8	124250000	124950000	14
chr9	  1000000	  2350000	27
chr9	  3550000	  4150000	12
chr9	  3900000	  3200000	14
chr9	  5450000	  6800000	27
chr9	  7900000	  9350000	29
chr9	  9900000	 11950000	41
chr9	 12200000	 11350000	17
chr9	 12800000	 12100000	14
chr9	 15850000	 17450000	32
chr9	 18200000	 17050000	23
chr9	 18500000	 19750000	25
chr9	 19800000	 20200000	8
chr9	 20300000	 21450000	23
chr9	 25650000	 25100000	11
chr9	 25950000	 24550000	28
chr9	 28300000	 27750000	11
chr9	 28500000	 29550000	21
chr9	 30150000	 29300000	17
chr9	 32700000	 31050000	33
chr9	 34500000	 34050000	9
chr9	 34900000	 33250000	33
chr9	 37600000	 36350000	25
chr9	 37650000	 38300000	13
chr9	 38200000	 36450000	35
chr9	 39350000	 38550000	16
chr9	 39400000	 36650000	55
chr9	 40300000	 39000000	26
chr9	 40550000	 41650000	22
chr9	 40750000	 39650000	22
chr9	 42650000	 43850000	24
chr9	 43550000	 44850000	26
chr9	 44250000	 43450000	16
chr9	 44500000	 43700000	16
chr9	 50350000	 49300000	21
chr9	 51400000	 50650000	15
chr9	 55400000	 54250000	23
chr9	 55600000	 56300000	14
chr9	 55850000	 54600000	25
chr9	 57250000	 58350000	22
chr9	 58100000	 58100000	0
chr9	 58200000	 59200000	20
chr9	 59550000	 60250000	14
chr9	 65000000	 61800000	64
chr9	 65700000	 64100000	32
chr9	 68150000	 67600000	11
chr9	 69050000	 69650000	12
chr9	 69150000	 70050000	18
chr9	 70000000	 68750000	25
chr9	 71100000	 74500000	68
chr9	 73150000	 71500000	33
chr9	 75000000	 74100000	18
chr9	 75450000	 75950000	10
chr9	 75700000	 76050000	7
chr9	 76450000	 78500000	41
chr9	 78750000	 77700000	21
chr9	 78900000	 78000000	18
chr9	 80900000	 81450000	11
chr9	 82100000	 81500000	12
chr9	 82750000	 81900000	17
chr9	 84150000	 86050000	38
chr9	 84650000	 85500000	17
chr9	 85150000	 83900000	25
chr9	 85350000	 85800000	9
chr9	 86900000	 87800000	18
chr9	 89650000	 88400000	25
chr9	 91450000	 90150000	26
chr9	 95000000	 96900000	38
chr9	 97050000	 97850000	16
chr9	 98450000	102250000	76
chr9	100450000	 99950000	10
chr9	100650000	101700000	21
chr9	101300000	100650000	13
chr9	103350000	102650000	14
chr9	104200000	105950000	35
chr9	105750000	105050000	14
chr9	106550000	105950000	12
chr9	109200000	110000000	16
chr9	109250000	106650000	52
chr9	109300000	108600000	14
chr9	109800000	111450000	33
chr9	110300000	111650000	27
chr9	113350000	111300000	41
chr9	116000000	116300000	6
chr9	119150000	118750000	8
chr9	119300000	120700000	28
chr9	121350000	121350000	0
chr9	122550000	123550000	20
chr9	122850000	122300000	11
chr9	123450000	122400000	21
chrX	   100000	   750000	13
chrX	  2150000	  3750000	32
chrX	  2950000	  1550000	28
chrX	  4900000	  5750000	17
chrX	  6000000	  3700000	46
chrX	  8500000	  9150000	13
chrX	  9400000	 10800000	28
chrX	 11200000	 11850000	13
chrX	 11950000	  8000000	79
chrX	 13750000	 12000000	35
chrX	 15300000	 15000000	6
chrX	 16950000	 16600000	7
chrX	 17350000	 17500000	3
chrX	 17850000	 17450000	8
chrX	 17950000	 16950000	20
chrX	 18350000	 19250000	18
chrX	 18700000	 19250000	11
chrX	 21150000	 20250000	18
chrX	 23300000	 22950000	7
chrX	 24350000	 25200000	17
chrX	 27150000	 28650000	30
chrX	 30150000	 29250000	18
chrX	 31350000	 32600000	25
chrX	 37650000	 38350000	14
chrX	 39600000	 39000000	12
chrX	 42200000	 41200000	20
chrX	 42250000	 42850000	12
chrX	 43300000	 41800000	30
chrX	 44150000	 44700000	11
chrX	 46650000	 45100000	31
chrX	 47750000	 48050000	6
chrX	 48150000	 48400000	5
chrX	 50350000	 51400000	21
chrX	 50600000	 49350000	25
chrX	 51600000	 52700000	22
chrX	 52300000	 53100000	16
chrX	 55150000	 54800000	7
chrX	 57550000	 58850000	26
chrX	 58500000	 58000000	10
chrX	 60800000	 62650000	37
chrX	 66650000	 66250000	8
chrX	 68750000	 69150000	8
chrX	 69050000	 70750000	34
chrX	 69900000	 69400000	10
chrX	 69900000	 71050000	23
chrX	 71400000	 71950000	11
chrX	 73000000	 70750000	45
chrX	 74150000	 75000000	17
chrX	 75950000	 73900000	41
chrX	 76500000	 77400000	18
chrX	 76900000	 77600000	14
chrX	 89000000	 88300000	14
chrX	 91700000	 93100000	28
chrX	 92050000	 90350000	34
chrX	 93650000	 92900000	15
chrX	 93700000	 95150000	29
chrX	 94400000	 95750000	27
chrX	 95200000	 94400000	16
chrX	 95850000	 96450000	12
chrX	 96050000	 95600000	9
chrX	 97250000	 98650000	28
chrX	 98300000	 99350000	21
chrX	 98350000	 96950000	28
chrX	100250000	100950000	14
chrX	101400000	102850000	29
chrX	101750000	102750000	20
chrX	102400000	103750000	27
chrX	103300000	104750000	29
chrX	105950000	107000000	21
chrX	106400000	106850000	9
chrX	107350000	107200000	3
chrX	109450000	110800000	27
chrX	111850000	111100000	15
chrX	114650000	113150000	30
chrX	120050000	120250000	4
chrX	120550000	119950000	12
chrX	125650000	126300000	13
chrX	128350000	129050000	14
chrX	129600000	128850000	15
chrX	129900000	128400000	30
chrX	130300000	130750000	9
chrX	132450000	131900000	11
chrX	136750000	135650000	22
chrX	136800000	135950000	17
chrX	136800000	138550000	35
chrX	137250000	136050000	24
chrX	138600000	137700000	18
chrX	139100000	137050000	41
chrX	139250000	140450000	24
chrX	144450000	143250000	24
chrX	147450000	149150000	34
chrX	148000000	148550000	11
chrX	149150000	148350000	16
chrX	151950000	151600000	7
chrX	152950000	152450000	10
chrX	153250000	151400000	37
chrX	155200000	156450000	25
chrX	156100000	154450000	33
chrX	158850000	159750000	18
chrX	159300000	156750000	51
chrX	159400000	158250000	23
chrX	159400000	161000000	32
chrX	160050000	159500000	11
chrX	160400000	159200000	24
chrX	165850000	166850000	20
chrX	169100000	167200000	38
chrX	169550000	168150000	28
chrX	169550000	168650000	18
chrX	170900000	168950000	39
chrY	   850000	  1550000	14
chrY	  2550000	  4650000	42
chrY	  3250000	  2800000	9
chrY	  3700000	  3250000	9
chrY	  4550000	  5650000	22
chrY	  4950000	  3600000	27
chrY	  4950000	  3850000	22
chrY	  7350000	  6350000	20
chrY	  7550000	  6250000	26
chrY	  9050000	 10850000	36
chrY	 10550000	  9450000	22
chrY	 10700000	 10700000	0
chrY	 16850000	 15900000	19
chrY	 18300000	 19150000	17
chrY	 18800000	 20050000	25
chrY	 19450000	 18000000	29
chrY	 20550000	 21150000	12
chrY	 24000000	 25500000	30
chrY	 24100000	 22900000	24
chrY	 24300000	 22800000	30
chrY	 27000000	 26050000	19
chrY	 27100000	 25850000	25
chrY	 28050000	 27200000	17
chrY	 28700000	 30100000	28
chrY	 31900000	 31100000	16
chrY	 32550000	 31300000	25
chrY	 34950000	 33800000	23
chrY	 35350000	 37600000	45
chrY	 36800000	 38100000	26
chrY	 38250000	 38550000	6
chrY	 39400000	 38350000	21
chrY	 39400000	 38850000	11
chrY	 40550000	 42200000	33
chrY	 40600000	 41900000	26
chrY	 41150000	 41150000	0
chrY	 41350000	 42700000	27
chrY	 43050000	 43850000	16
chrY	 43900000	 43600000	6
chrY	 44550000	 43500000	21
chrY	 47100000	 46250000	17
chrY	 49150000	 50100000	19
chrY	 49350000	 50750000	28
chrY	 49500000	 51250000	35
chrY	 50850000	 49900000	19
chrY	 51350000	 51650000	6
chrY	 53450000	 54100000	13
chrY	 54050000	 54850000	16
chrY	 54200000	 55000000	16
chrY	 54500000	 55450000	19
chrY	 54700000	 54000000	14
chrY	 55750000	 54900000	17
chrY	 57250000	 55950000	26
chrY	 57350000	 56750000	12
chrY	 58500000	 60350000	37
chrY	 59750000	 60850000	22
chrY	 60750000	 62350000	32
chrY	 61750000	 63300000	31
chrY	 64800000	 66850000	41
chrY	 64850000	 66700000	37
chrY	 67250000	 68500000	25
chrY	 69150000	 68100000	21
chrY	 73300000	 74900000	32
chrY	 73450000	 73900000	9
chrY	 74350000	 75050000	14
chrY	 77050000	 77600000	11
chrY	 81450000	 81250000	4
chrY	 82550000	 83550000	20
chrY	 83350000	 82200000	23
chrY	 84600000	 84250000	7
chrY	 87750000	 88350000	12
