chr1	  2350000	  1000000	27
chr1	  3300000	  5150000	37
chr1	  3850000	  3350000	10
chr1	  5000000	  3600000	28
chr1	  5450000	  6650000	24
chr1	  6500000	  6000000	10
chr1	  8600000	  7200000	28
chr1	 14050000	 13350000	14
chr1	 14850000	 15400000	11
chr1	 14850000	 16500000	33
chr1	 17950000	 17000000	19
chr1	 18100000	 17300000	16
chr1	 20350000	 19300000	21
chr1	 21300000	 22600000	26
chr1	 22600000	 24550000	39
chr1	 24200000	 22800000	28
chr1	 24350000	 25300000	19
chr1	 25250000	 25700000	9
chr1	 26300000	 25450000	17
chr1	 26500000	 25500000	20
chr1	 28500000	 28900000	8
chr1	 29500000	 28250000	25
chr1	 31850000	 32400000	11
chr1	 31900000	 31300000	12
chr1	 35350000	 35900000	11
chr1	 38300000	 38800000	10
chr1	 38950000	 41050000	42
chr1	 41250000	 41900000	13
chr1	 41600000	 43550000	39
chr1	 41950000	 40100000	37
chr1	 42650000	 41800000	17
chr1	 43450000	 44450000	20
chr1	 44050000	 45450000	28
chr1	 44300000	 43750000	11
chr1	 47400000	 46550000	17
chr1	 50000000	 49250000	15
chr1	 53450000	 52950000	10
chr1	 55750000	 54800000	19
chr1	 58050000	 59100000	21
chr1	 59600000	 59000000	12
chr1	 61600000	 60350000	25
chr1	 63250000	 64750000	30
chr1	 64650000	 65450000	16
chr1	 65300000	 64700000	12
chr1	 66050000	 66750000	14
chr1	 68000000	 66750000	25
chr1	 68700000	 72450000	75
chr1	 69300000	 68250000	21
chr1	 69650000	 68750000	18
chr1	 71650000	 70600000	21
chr1	 71900000	 71500000	8
chr1	 72350000	 71350000	20
chr1	 73050000	 73500000	9
chr1	 74000000	 72250000	35
chr1	 74800000	 75750000	19
chr1	 79400000	 79000000	8
chr1	 79750000	 80600000	17
chr1	 80600000	 80050000	11
chr1	 80750000	 79650000	22
chr1	 84450000	 85050000	12
chr1	 84500000	 85200000	14
chr1	 86300000	 87500000	24
chr1	 87100000	 87600000	10
chr1	 87350000	 86150000	24
chr1	 87450000	 86950000	10
chr1	 89300000	 87050000	45
chr1	 90900000	 90600000	6
chr1	 92950000	 93200000	5
chr1	 94300000	 93500000	16
chr1	 96150000	 96650000	10
chr1	 96950000	 99000000	41
chr1	 97100000	 97550000	9
chr1	 98600000	 98800000	4
chr1	 99750000	 99750000	0
chr1	101450000	102050000	12
chr1	102150000	100350000	36
chr1	106350000	107250000	18
chr1	108700000	107850000	17
chr1	110100000	109300000	16
chr1	110150000	111650000	30
chr1	111550000	112900000	27
chr1	114350000	115100000	15
chr1	115350000	113400000	39
chr1	115950000	116400000	9
chr1	116200000	117550000	27
chr1	116300000	117150000	17
chr1	116550000	115300000	25
chr1	117900000	118350000	9
chr1	118750000	118200000	11
chr1	119400000	118900000	10
chr1	119700000	120950000	25
chr1	120850000	120000000	17
chr1	121100000	123600000	50
chr1	124200000	125200000	20
chr1	125150000	125650000	10
chr1	125150000	126100000	19
chr1	125750000	127700000	39
chr1	128650000	129350000	14
chr1	131000000	132600000	32
chr1	132450000	134150000	34
chr1	133850000	132700000	23
chr1	135850000	135050000	16
chr1	135950000	135100000	17
chr1	136150000	135250000	18
chr1	138300000	137450000	17
chr1	138900000	137300000	32
chr1	140600000	141200000	12
chr1	141200000	140100000	22
chr1	143150000	144100000	19
chr1	143850000	143450000	8
chr1	144500000	143000000	30
chr1	145600000	146150000	11
chr1	145950000	144100000	37
chr1	146750000	145300000	29
chr1	148600000	149950000	27
chr1	150750000	151950000	24
chr1	151550000	150600000	19
chr1	151700000	150700000	20
chr1	154400000	155400000	20
chr1	154900000	156000000	22
chr1	155200000	155200000	0
chr1	155300000	156200000	18
chr1	157450000	156600000	17
chr1	159050000	157900000	23
chr1	161050000	162100000	21
chr1	161350000	162700000	27
chr1	168800000	168050000	15
chr1	169850000	170650000	16
chr1	171550000	170600000	19
chr1	172750000	170150000	52
chr1	174050000	172650000	28
chr1	175600000	176400000	16
chr1	176000000	174900000	22
chr1	176650000	176650000	0
chr1	179450000	181000000	31
chr1	181050000	177900000	63
chr1	181800000	180850000	19
chr1	184050000	180950000	62
chr1	184550000	183200000	27
chr1	185900000	187150000	25
chr1	187750000	188450000	14
chr1	189050000	190700000	33
chr1	190450000	188900000	31
chr1	192050000	193200000	23
chr1	192200000	190950000	25
chr1	193950000	194800000	17
chr10	  6200000	  5200000	20
chr10	  6350000	  8000000	33
chr10	  9000000	  8400000	12
chr10	 11550000	 12750000	24
chr10	 11950000	 13800000	37
chr10	 12800000	 11900000	18
chr10	 13350000	 12100000	25
chr10	 14150000	 15250000	22
chr10	 14400000	 14400000	0
chr10	 17350000	 16600000	15
chr10	 18750000	 19500000	15
chr10	 19600000	 21300000	34
chr10	 20450000	 21500000	21
chr10	 21600000	 20300000	26
chr10	 22100000	 22450000	7
chr10	 23200000	 24600000	28
chr10	 23400000	 24700000	26
chr10	 25500000	 24550000	19
chr10	 26200000	 23300000	58
chr10	 27300000	 23400000	78
chr10	 28000000	 28400000	8
chr10	 28050000	 29550000	30
chr10	 29050000	 29650000	12
chr10	 29650000	 30600000	19
chr10	 30100000	 27850000	45
chr10	 30600000	 29300000	26
chr10	 35850000	 36500000	13
chr10	 36900000	 34450000	49
chr10	 37350000	 39900000	51
chr10	 38700000	 39600000	18
chr10	 41650000	 40300000	27
chr10	 42550000	 41000000	31
chr10	 43900000	 44900000	20
chr10	 45200000	 45450000	5
chr10	 47950000	 45450000	50
chr10	 51450000	 50250000	24
chr10	 51700000	 52300000	12
chr10	 53950000	 53600000	7
chr10	 55750000	 55100000	13
chr10	 58050000	 56450000	32
chr10	 58600000	 56650000	39
chr10	 59400000	 60700000	26
chr10	 62500000	 61650000	17
chr10	 63250000	 61600000	33
chr10	 63500000	 62950000	11
chr10	 66050000	 64550000	30
chr10	 69400000	 68400000	20
chr10	 70300000	 69800000	10
chr10	 76650000	 76900000	5
chr10	 77100000	 76200000	18
chr10	 77200000	 79400000	44
chr10	 77350000	 76550000	16
chr10	 80650000	 81100000	9
chr10	 80800000	 81750000	19
chr10	 81550000	 80450000	22
chr10	 82200000	 83600000	28
chr10	 84050000	 83700000	7
chr10	 86700000	 87350000	13
chr10	 88300000	 88850000	11
chr10	 88600000	 89900000	26
chr10	 89450000	 91150000	34
chr10	 90450000	 89850000	12
chr10	 90850000	 93450000	52
chr10	 93450000	 95600000	43
chr10	 95550000	 93550000	40
chr10	 96950000	 97800000	17
chr10	 98250000	 97150000	22
chr10	 99000000	 98150000	17
chr10	 99900000	101500000	32
chr10	102000000	103000000	20
chr10	102200000	101500000	14
chr10	103050000	104350000	26
chr10	103700000	103350000	7
chr10	105100000	104000000	22
chr10	107250000	105450000	36
chr10	107600000	107950000	7
chr10	111950000	113050000	22
chr10	113700000	112650000	21
chr10	113900000	111950000	39
chr10	114550000	112600000	39
chr10	114950000	112900000	41
chr10	116250000	115700000	11
chr10	116850000	117450000	12
chr10	118750000	119950000	24
chr10	120200000	118200000	40
chr10	122000000	123700000	34
chr10	122350000	120650000	34
chr10	123000000	124850000	37
chr10	125050000	124250000	16
chr10	125550000	126450000	18
chr10	126700000	129300000	52
chr10	127050000	128100000	21
chr10	127900000	126700000	24
chr10	128950000	127900000	21
chr11	   800000	  1750000	19
chr11	  1500000	   800000	14
chr11	  1900000	  2600000	14
chr11	  2150000	  3600000	29
chr11	  2800000	  1950000	17
chr11	  2900000	  4350000	29
chr11	  3600000	  4800000	24
chr11	  3850000	  2050000	36
chr11	  6100000	  8450000	47
chr11	  8050000	 11000000	59
chr11	  8100000	  8600000	10
chr11	  8800000	  7900000	18
chr11	  9750000	 10050000	6
chr11	  9750000	 10250000	10
chr11	 10450000	 10100000	7
chr11	 11000000	 12500000	30
chr11	 11100000	 12150000	21
chr11	 11600000	 12250000	13
chr11	 17800000	 11800000	120
chr11	 18350000	 20250000	38
chr11	 21000000	 22250000	25
chr11	 23250000	 23650000	8
chr11	 24800000	 23000000	36
chr11	 25750000	 24700000	21
chr11	 27600000	 28550000	19
chr11	 27900000	 29150000	25
chr11	 29950000	 28250000	34
chr11	 30250000	 29050000	24
chr11	 31050000	 32200000	23
chr11	 31350000	 29600000	35
chr11	 31700000	 32050000	7
chr11	 32700000	 33450000	15
chr11	 33050000	 33350000	6
chr11	 34600000	 35700000	22
chr11	 36200000	 34500000	34
chr11	 37100000	 38400000	26
chr11	 40150000	 41300000	23
chr11	 41700000	 41300000	8
chr11	 45850000	 43750000	42
chr11	 46650000	 47700000	21
chr11	 48550000	 50950000	48
chr11	 50250000	 51000000	15
chr11	 50500000	 48900000	32
chr11	 53200000	 52350000	17
chr11	 53350000	 52200000	23
chr11	 59550000	 60200000	13
chr11	 62300000	 61500000	16
chr11	 63100000	 62350000	15
chr11	 64450000	 65500000	21
chr11	 65950000	 65150000	16
chr11	 68550000	 67850000	14
chr11	 71200000	 69050000	43
chr11	 73050000	 70750000	46
chr11	 79150000	 78550000	12
chr11	 80550000	 80300000	5
chr11	 81000000	 80200000	16
chr11	 82000000	 80750000	25
chr11	 83600000	 83200000	8
chr11	 84200000	 85100000	18
chr11	 87800000	 87000000	16
chr11	 88200000	 89600000	28
chr11	 88250000	 86500000	35
chr11	 88700000	 87800000	18
chr11	 89700000	 88950000	15
chr11	 91100000	 91750000	13
chr11	 91450000	 90900000	11
chr11	 92150000	 94400000	45
chr11	 93200000	 90850000	47
chr11	 93200000	 93900000	14
chr11	 96350000	 95850000	10
chr11	 97950000	 99300000	27
chr11	 99250000	 98650000	12
chr11	 99550000	102000000	49
chr11	100900000	100100000	16
chr11	104150000	103100000	21
chr11	104250000	105100000	17
chr11	105400000	103400000	40
chr11	106650000	108900000	45
chr11	107300000	105950000	27
chr11	111800000	110250000	31
chr11	111800000	111250000	11
chr11	112550000	112400000	3
chr11	113800000	112200000	32
chr11	115650000	114050000	32
chr11	115700000	116250000	11
chr11	116000000	117850000	37
chr11	117450000	118750000	26
chr11	119300000	117600000	34
chr11	121150000	120500000	13
chr12	   800000	   100000	14
chr12	  3150000	  3600000	9
chr12	  5750000	  4950000	16
chr12	  6700000	  6200000	10
chr12	  7050000	  8250000	24
chr12	  7900000	  9050000	23
chr12	 10050000	 11250000	24
chr12	 10750000	 11500000	15
chr12	 12350000	 13750000	28
chr12	 15900000	 17150000	25
chr12	 15950000	 14550000	28
chr12	 16650000	 17550000	18
chr12	 18250000	 16600000	33
chr12	 18450000	 19850000	28
chr12	 18550000	 17850000	14
chr12	 20000000	 20800000	16
chr12	 20450000	 20150000	6
chr12	 25850000	 26650000	16
chr12	 26250000	 24550000	34
chr12	 28250000	 27100000	23
chr12	 34350000	 36150000	36
chr12	 35800000	 38200000	48
chr12	 38900000	 37950000	19
chr12	 39450000	 38450000	20
chr12	 40700000	 39000000	34
chr12	 41700000	 40050000	33
chr12	 41850000	 42900000	21
chr12	 43250000	 44050000	16
chr12	 46700000	 47850000	23
chr12	 47650000	 49350000	34
chr12	 51800000	 50850000	19
chr12	 61000000	 60450000	11
chr12	 64500000	 64900000	8
chr12	 64850000	 63650000	24
chr12	 65200000	 65950000	15
chr12	 68150000	 67650000	10
chr12	 69100000	 68100000	20
chr12	 70350000	 72150000	36
chr12	 70900000	 72100000	24
chr12	 71400000	 69650000	35
chr12	 73400000	 72300000	22
chr12	 73550000	 75700000	43
chr12	 74200000	 72350000	37
chr12	 74550000	 73400000	23
chr12	 74850000	 74000000	17
chr12	 77650000	 77250000	8
chr12	 78350000	 77000000	27
chr12	 78850000	 78400000	9
chr12	 80050000	 81050000	20
chr12	 80950000	 83500000	51
chr12	 81150000	 80000000	23
chr12	 84950000	 83450000	30
chr12	 85500000	 85000000	10
chr12	 85700000	 86150000	9
chr12	 86450000	 87750000	26
chr12	 87000000	 84900000	42
chr12	 87050000	 86650000	8
chr12	 88200000	 87500000	14
chr12	 89250000	 89600000	7
chr12	 90100000	 91400000	26
chr12	 91300000	 86800000	90
chr12	 91800000	 91550000	5
chr12	 95250000	 96000000	15
chr12	 95250000	 97150000	38
chr12	 95300000	 94150000	23
chr12	 96350000	 97350000	20
chr12	 98500000	 97400000	22
chr12	 98700000	 99350000	13
chr12	 99800000	 98250000	31
chr12	101300000	100000000	26
chr12	102200000	103100000	18
chr12	102600000	100100000	50
chr12	103300000	102500000	16
chr12	104100000	103200000	18
chr12	105250000	105700000	9
chr12	105600000	105150000	9
chr12	105850000	104300000	31
chr12	106700000	105700000	20
chr12	107900000	109600000	34
chr12	108900000	108050000	17
chr12	110100000	109450000	13
chr12	113850000	115000000	23
chr12	113900000	113250000	13
chr12	115500000	118650000	63
chr12	116050000	115500000	11
chr12	116550000	115550000	20
chr13	  1450000	   600000	17
chr13	  4350000	  3350000	20
chr13	  5500000	  7300000	36
chr13	  6300000	  7000000	14
chr13	 10400000	  9450000	19
chr13	 11000000	 12600000	32
chr13	 11600000	 12650000	21
chr13	 13400000	 12050000	27
chr13	 14500000	 14900000	8
chr13	 14650000	 13650000	20
chr13	 15650000	 14700000	19
chr13	 15850000	 14700000	23
chr13	 18100000	 14850000	65
chr13	 18100000	 18500000	8
chr13	 18300000	 17600000	14
chr13	 19550000	 19850000	6
chr13	 22000000	 23500000	30
chr13	 22900000	 22350000	11
chr13	 23550000	 20850000	54
chr13	 23700000	 22400000	26
chr13	 25950000	 25500000	9
chr13	 27400000	 26550000	17
chr13	 28550000	 28000000	11
chr13	 29700000	 29050000	13
chr13	 31450000	 28200000	65
chr13	 31750000	 30750000	20
chr13	 31800000	 29500000	46
chr13	 32550000	 32100000	9
chr13	 32600000	 32050000	11
chr13	 34000000	 31050000	59
chr13	 34050000	 35450000	28
chr13	 37600000	 35550000	41
chr13	 40000000	 40600000	12
chr13	 40600000	 44250000	73
chr13	 41850000	 40250000	32
chr13	 42600000	 39650000	59
chr13	 42800000	 41600000	24
chr13	 44200000	 45500000	26
chr13	 44850000	 44050000	16
chr13	 47150000	 48550000	28
chr13	 47600000	 48500000	18
chr13	 47650000	 45300000	47
chr13	 49750000	 48850000	18
chr13	 50600000	 55150000	91
chr13	 53300000	 55200000	38
chr13	 53800000	 52450000	27
chr13	 54000000	 55300000	26
chr13	 54400000	 53650000	15
chr13	 55850000	 54800000	21
chr13	 56400000	 57100000	14
chr13	 58000000	 59800000	36
chr13	 58250000	 59250000	20
chr13	 59550000	 60500000	19
chr13	 62050000	 60900000	23
chr13	 64700000	 65850000	23
chr13	 66000000	 65700000	6
chr13	 66650000	 65450000	24
chr13	 67200000	 66850000	7
chr13	 68200000	 67450000	15
chr13	 69350000	 71000000	33
chr13	 71200000	 71750000	11
chr13	 73750000	 74550000	16
chr13	 74800000	 73600000	24
chr13	 75700000	 77850000	43
chr13	 78750000	 77750000	20
chr13	 79500000	 78350000	23
chr13	 82000000	 80850000	23
chr13	 82050000	 82650000	12
chr13	 84700000	 87300000	52
chr13	 85150000	 84550000	12
chr13	 85500000	 84150000	27
chr13	 86350000	 86900000	11
chr13	 86600000	 87200000	12
chr13	 87950000	 87450000	10
chr13	 92900000	 93800000	18
chr13	 95700000	 94050000	33
chr13	 99050000	 98000000	21
chr13	 99250000	100000000	15
chr13	100000000	101150000	23
chr13	103900000	105650000	35
chr13	104550000	103150000	28
chr13	105100000	106550000	29
chr13	107550000	108250000	14
chr13	109750000	110650000	18
chr13	110400000	109800000	12
chr13	112450000	110950000	30
chr13	112750000	113950000	24
chr13	113350000	112250000	22
chr13	115050000	114750000	6
chr13	119300000	120300000	20
chr13	120250000	119200000	21
chr14	   600000	  1350000	15
chr14	  2550000	  2900000	7
chr14	  2850000	  3300000	9
chr14	  7100000	  7750000	13
chr14	  8600000	  7600000	20
chr14	 11000000	 10000000	20
chr14	 11750000	 11450000	6
chr14	 15400000	 17150000	35
chr14	 19050000	 18300000	15
chr14	 23100000	 23600000	10
chr14	 25250000	 22900000	47
chr14	 27300000	 28050000	15
chr14	 27500000	 29850000	47
chr14	 27600000	 26900000	14
chr14	 28600000	 29900000	26
chr14	 31750000	 31350000	8
chr14	 31850000	 31700000	3
chr14	 33050000	 31750000	26
chr14	 33450000	 33950000	10
chr14	 34100000	 32550000	31
chr14	 35450000	 35250000	4
chr14	 36400000	 34800000	32
chr14	 37700000	 36500000	24
chr14	 38450000	 40000000	31
chr14	 39000000	 39800000	16
chr14	 40950000	 42350000	28
chr14	 42850000	 41900000	19
chr14	 43000000	 42350000	13
chr14	 45600000	 44550000	21
chr14	 46100000	 45350000	15
chr14	 46900000	 45950000	19
chr14	 49500000	 47700000	36
chr14	 53150000	 54100000	19
chr14	 54900000	 56450000	31
chr14	 55800000	 56800000	20
chr14	 58650000	 59500000	17
chr14	 58900000	 59700000	16
chr14	 60500000	 59800000	14
chr14	 61600000	 62350000	15
chr14	 63350000	 64550000	24
chr14	 64650000	 61450000	64
chr14	 66500000	 67750000	25
chr14	 67300000	 66400000	18
chr14	 68000000	 66800000	24
chr14	 70750000	 71300000	11
chr14	 70800000	 71900000	22
chr14	 71350000	 70100000	25
chr14	 71450000	 73150000	34
chr14	 77200000	 80100000	58
chr14	 78600000	 79300000	14
chr14	 79800000	 80950000	23
chr14	 80200000	 80950000	15
chr14	 80300000	 79350000	19
chr14	 80600000	 79800000	16
chr14	 83500000	 81350000	43
chr14	 87900000	 88450000	11
chr14	 88950000	 89350000	8
chr14	 89750000	 90450000	14
chr14	 89800000	 88950000	17
chr14	 91000000	 91650000	13
chr14	 91550000	 92350000	16
chr14	 92150000	 91850000	6
chr14	 93650000	 95200000	31
chr14	 95350000	 93950000	28
chr14	 95700000	 97100000	28
chr14	 96500000	 94950000	31
chr14	 96750000	 95500000	25
chr14	 97850000	 98250000	8
chr14	100450000	 95850000	92
chr14	102000000	 99950000	41
chr14	104050000	103400000	13
chr14	105050000	105600000	11
chr14	109850000	110850000	20
chr14	112100000	112850000	15
chr14	113450000	112000000	29
chr14	116100000	117000000	18
chr14	116400000	117350000	19
chr14	117450000	118300000	17
chr14	117500000	118100000	12
chr14	118550000	117000000	31
chr14	118950000	118350000	12
chr14	119050000	119500000	9
chr14	120150000	121200000	21
chr14	120400000	122950000	51
chr14	120550000	121200000	13
chr14	121700000	119550000	43
chr14	121900000	120950000	19
chr15	  2750000	  1950000	16
chr15	  4050000	  5550000	30
chr15	  5050000	  4400000	13
chr15	  6600000	  8000000	28
chr15	  7150000	  5350000	36
chr15	  7350000	  6650000	14
chr15	  7500000	  6300000	24
chr15	  8150000	 10850000	54
chr15	  9650000	  9200000	9
chr15	 10400000	 11450000	21
chr15	 11000000	 11700000	14
chr15	 11500000	 13050000	31
chr15	 11600000	 10900000	14
chr15	 12500000	 11400000	22
chr15	 14600000	 13450000	23
chr15	 16050000	 17750000	34
chr15	 17600000	 19050000	29
chr15	 18250000	 18050000	4
chr15	 19900000	 19550000	7
chr15	 20150000	 19100000	21
chr15	 20250000	 20650000	8
chr15	 20500000	 19850000	13
chr15	 22600000	 23700000	22
chr15	 22750000	 24000000	25
chr15	 23100000	 24800000	34
chr15	 23150000	 24000000	17
chr15	 24450000	 26900000	49
chr15	 25600000	 26100000	10
chr15	 26300000	 28300000	40
chr15	 26650000	 24250000	48
chr15	 26850000	 26200000	13
chr15	 27600000	 28650000	21
chr15	 29800000	 30350000	11
chr15	 30600000	 32400000	36
chr15	 30750000	 29600000	23
chr15	 31000000	 31700000	14
chr15	 35450000	 34000000	29
chr15	 36350000	 35550000	16
chr15	 37050000	 35200000	37
chr15	 37300000	 37700000	8
chr15	 37650000	 36100000	31
chr15	 37900000	 39350000	29
chr15	 38050000	 36750000	26
chr15	 38600000	 39350000	15
chr15	 38800000	 37750000	21
chr15	 39250000	 41650000	48
chr15	 40750000	 41800000	21
chr15	 43250000	 44150000	18
chr15	 45750000	 42300000	69
chr15	 45900000	 45450000	9
chr15	 46050000	 45050000	20
chr15	 47300000	 46250000	21
chr15	 48950000	 49650000	14
chr15	 49400000	 48600000	16
chr15	 50600000	 51850000	25
chr15	 53100000	 52000000	22
chr15	 54050000	 52100000	39
chr15	 58800000	 59800000	20
chr15	 58950000	 57500000	29
chr15	 59750000	 58850000	18
chr15	 68300000	 66600000	34
chr15	 68350000	 67600000	15
chr15	 70750000	 73600000	57
chr15	 72050000	 73400000	27
chr15	 74350000	 75000000	13
chr15	 77650000	 78250000	12
chr15	 82250000	 81200000	21
chr15	 82350000	 83900000	31
chr15	 82500000	 84000000	30
chr15	 84600000	 86050000	29
chr15	 87600000	 88350000	15
chr15	 87800000	 88450000	13
chr15	 88300000	 87500000	16
chr15	 90900000	 91300000	8
chr15	 91300000	 91750000	9
chr15	 92250000	 90100000	43
chr15	 92500000	 93950000	29
chr15	 96600000	 95900000	14
chr15	 96700000	 94800000	38
chr15	 96850000	 97600000	15
chr15	 97000000	 96000000	20
chr15	 97650000	 96550000	22
chr15	100700000	101850000	23
chr15	101350000	100950000	8
chr15	101950000	100900000	21
chr15	103750000	102050000	34
chr16	  2900000	  3750000	17
chr16	  2900000	  4050000	23
chr16	  5650000	  4150000	30
chr16	  6100000	  6550000	9
chr16	  6850000	  5400000	29
chr16	  7450000	  7950000	10
chr16	  8950000	  4100000	97
chr16	  9450000	  9900000	9
chr16	 10200000	  9450000	15
chr16	 10600000	  9950000	13
chr16	 14850000	 16200000	27
chr16	 19500000	 19400000	2
chr16	 21550000	 22450000	18
chr16	 24800000	 25850000	21
chr16	 25450000	 24450000	20
chr16	 28050000	 26450000	32
chr16	 28900000	 27800000	22
chr16	 29300000	 31950000	53
chr16	 29450000	 29300000	3
chr16	 33750000	 35000000	25
chr16	 34650000	 35450000	16
chr16	 35400000	 33750000	33
chr16	 39350000	 39950000	12
chr16	 39750000	 41250000	30
chr16	 40650000	 41350000	14
chr16	 42300000	 40200000	42
chr16	 44050000	 43050000	20
chr16	 46800000	 45050000	35
chr16	 47650000	 46400000	25
chr16	 47850000	 46850000	20
chr16	 49850000	 51400000	31
chr16	 49900000	 50700000	16
chr16	 49950000	 51200000	25
chr16	 50200000	 51350000	23
chr16	 50700000	 51700000	20
chr16	 54000000	 51600000	48
chr16	 54800000	 56100000	26
chr16	 55750000	 53850000	38
chr16	 61050000	 63350000	46
chr16	 64950000	 65800000	17
chr16	 65100000	 65300000	4
chr16	 66950000	 68350000	28
chr16	 67100000	 68100000	20
chr16	 68100000	 72050000	79
chr16	 68350000	 67800000	11
chr16	 68400000	 69050000	13
chr16	 68900000	 67850000	21
chr16	 69100000	 70200000	22
chr16	 69100000	 70400000	26
chr16	 71350000	 67800000	71
chr16	 72800000	 74650000	37
chr16	 73300000	 74600000	26
chr16	 74000000	 73350000	13
chr16	 75000000	 75750000	15
chr16	 75700000	 75050000	13
chr16	 78700000	 80950000	45
chr16	 79400000	 80100000	14
chr16	 79450000	 79050000	8
chr16	 80200000	 78450000	35
chr16	 80500000	 79100000	28
chr16	 80700000	 79750000	19
chr16	 84250000	 83600000	13
chr16	 87450000	 86750000	14
chr16	 88100000	 88450000	7
chr16	 94250000	 95100000	17
chr16	 94950000	 96250000	26
chr16	 96300000	 97200000	18
chr16	 96850000	 97850000	20
chr16	 97050000	 96100000	19
chr17	  1900000	   700000	24
chr17	  3300000	  3700000	8
chr17	  3600000	  1000000	52
chr17	  4050000	  3050000	20
chr17	  4350000	  2650000	34
chr17	  8250000	  9450000	24
chr17	  9850000	 10550000	14
chr17	 10700000	 12600000	38
chr17	 14950000	 12100000	57
chr17	 15350000	 12900000	49
chr17	 18200000	 17350000	17
chr17	 20550000	 21800000	25
chr17	 21200000	 22350000	23
chr17	 24700000	 23650000	21
chr17	 26350000	 25850000	10
chr17	 27150000	 27600000	9
chr17	 29900000	 30500000	12
chr17	 30700000	 30000000	14
chr17	 32050000	 32750000	14
chr17	 33400000	 32500000	18
chr17	 34450000	 35300000	17
chr17	 34600000	 33050000	31
chr17	 34950000	 34400000	11
chr17	 35550000	 34250000	26
chr17	 36500000	 34700000	36
chr17	 37100000	 38700000	32
chr17	 38200000	 39300000	22
chr17	 39800000	 40300000	10
chr17	 40050000	 40350000	6
chr17	 41050000	 43050000	40
chr17	 41850000	 41150000	14
chr17	 42050000	 43050000	20
chr17	 42550000	 42950000	8
chr17	 43600000	 46400000	56
chr17	 43800000	 44450000	13
chr17	 44000000	 45850000	37
chr17	 45300000	 43750000	31
chr17	 45550000	 43950000	32
chr17	 46550000	 45400000	23
chr17	 46750000	 48000000	25
chr17	 48250000	 47400000	17
chr17	 53150000	 54650000	30
chr17	 53650000	 53200000	9
chr17	 53900000	 52550000	27
chr17	 54150000	 54650000	10
chr17	 54250000	 51000000	65
chr17	 55300000	 54600000	14
chr17	 56650000	 58050000	28
chr17	 56950000	 56000000	19
chr17	 57050000	 56200000	17
chr17	 57350000	 56300000	21
chr17	 57550000	 58100000	11
chr17	 58550000	 58000000	11
chr17	 60600000	 61600000	20
chr17	 61500000	 62800000	26
chr17	 64600000	 66050000	29
chr17	 66550000	 66250000	6
chr17	 68800000	 67800000	20
chr17	 68800000	 69750000	19
chr17	 70000000	 70800000	16
chr17	 70400000	 67950000	49
chr17	 71300000	 70850000	9
chr17	 72200000	 73200000	20
chr17	 72550000	 73700000	23
chr17	 72850000	 71250000	32
chr17	 74850000	 75950000	22
chr17	 76700000	 75950000	15
chr17	 77600000	 78500000	18
chr17	 77850000	 78450000	12
chr17	 79500000	 77650000	37
chr17	 79800000	 80600000	16
chr17	 81950000	 81200000	15
chr17	 87250000	 86550000	14
chr17	 88150000	 87650000	10
chr17	 91700000	 90100000	32
chr17	 93800000	 94200000	8
chr18	  2350000	  1750000	12
chr18	  2450000	  3250000	16
chr18	  2750000	  4650000	38
chr18	  3350000	  4200000	17
chr18	  5200000	  4050000	23
chr18	  6750000	  8100000	27
chr18	  8000000	  6150000	37
chr18	  9600000	  8900000	14
chr18	 11000000	 12250000	25
chr18	 11300000	 10700000	12
chr18	 11750000	 10300000	29
chr18	 12350000	 13400000	21
chr18	 13800000	 14700000	18
chr18	 17100000	 17700000	12
chr18	 18150000	 19150000	20
chr18	 18450000	 19600000	23
chr18	 23900000	 21850000	41
chr18	 26100000	 26900000	16
chr18	 26900000	 26400000	10
chr18	 27500000	 26600000	18
chr18	 31650000	 30150000	30
chr18	 31700000	 32250000	11
chr18	 33450000	 35300000	37
chr18	 34350000	 34650000	6
chr18	 34600000	 35600000	20
chr18	 36800000	 37250000	9
chr18	 37700000	 38400000	14
chr18	 39000000	 37850000	23
chr18	 40300000	 41050000	15
chr18	 40550000	 38350000	44
chr18	 41650000	 43250000	32
chr18	 41900000	 40800000	22
chr18	 42300000	 41450000	17
chr18	 42300000	 43700000	28
chr18	 43250000	 42400000	17
chr18	 43600000	 42700000	18
chr18	 44600000	 43750000	17
chr18	 46150000	 47150000	20
chr18	 46350000	 47900000	31
chr18	 47700000	 48500000	16
chr18	 49000000	 49650000	13
chr18	 49400000	 50350000	19
chr18	 52550000	 51050000	30
chr18	 53700000	 54350000	13
chr18	 58800000	 57350000	29
chr18	 59800000	 60100000	6
chr18	 60050000	 59200000	17
chr18	 60800000	 58050000	55
chr18	 61950000	 60850000	22
chr18	 62900000	 62600000	6
chr18	 63200000	 62600000	12
chr18	 63600000	 64350000	15
chr18	 63750000	 64450000	14
chr18	 64650000	 65200000	11
chr18	 68200000	 69700000	30
chr18	 69900000	 69200000	14
chr18	 71450000	 72500000	21
chr18	 71650000	 70500000	23
chr18	 71950000	 69900000	41
chr18	 72000000	 71700000	6
chr18	 72850000	 72050000	16
chr18	 77200000	 76000000	24
chr18	 78750000	 81250000	50
chr18	 78850000	 78250000	12
chr18	 81750000	 80700000	21
chr18	 82300000	 81800000	10
chr18	 82950000	 81900000	21
chr18	 83950000	 82050000	38
chr18	 86150000	 87450000	26
chr18	 87350000	 86950000	8
chr19	   600000	  1400000	16
chr19	  1650000	   150000	30
chr19	  1650000	  2000000	7
chr19	  2100000	  1500000	12
chr19	  3550000	  5100000	31
chr19	  3800000	  4400000	12
chr19	  5050000	  5450000	8
chr19	  9000000	  9800000	16
chr19	  9750000	 10400000	13
chr19	 10050000	 11900000	37
chr19	 10150000	 10900000	15
chr19	 11800000	  9900000	38
chr19	 12050000	 13800000	35
chr19	 12450000	 14400000	39
chr19	 14900000	 13150000	35
chr19	 15500000	 15850000	7
chr19	 16200000	 15050000	23
chr19	 16700000	 16300000	8
chr19	 17450000	 15750000	34
chr19	 25450000	 24550000	18
chr19	 25450000	 24800000	13
chr19	 26850000	 26200000	13
chr19	 26950000	 26450000	10
chr19	 27650000	 28250000	12
chr19	 28400000	 26800000	32
chr19	 29800000	 30400000	12
chr19	 30350000	 30950000	12
chr19	 32550000	 31650000	18
chr19	 34050000	 33500000	11
chr19	 37350000	 38250000	18
chr19	 38500000	 37600000	18
chr19	 41500000	 40800000	14
chr19	 42400000	 41750000	13
chr19	 43650000	 44150000	10
chr19	 44350000	 46050000	34
chr19	 46850000	 47600000	15
chr19	 47700000	 46800000	18
chr19	 51150000	 51750000	12
chr19	 51200000	 50700000	10
chr19	 52450000	 50400000	41
chr19	 55300000	 53600000	34
chr19	 58300000	 56350000	39
chr19	 58950000	 59750000	16
chr19	 59800000	 61000000	24
chr2	   950000	  2250000	26
chr2	  2000000	  3300000	26
chr2	  6400000	  8100000	34
chr2	  6650000	  7400000	15
chr2	  7250000	  8700000	29
chr2	 11150000	 11350000	4
chr2	 12200000	 13350000	23
chr2	 13050000	 11300000	35
chr2	 13250000	 14200000	19
chr2	 13700000	 16750000	61
chr2	 16750000	 15500000	25
chr2	 19050000	 17700000	27
chr2	 19350000	 18850000	10
chr2	 20700000	 22600000	38
chr2	 21950000	 22500000	11
chr2	 22050000	 21400000	13
chr2	 22900000	 23300000	8
chr2	 23250000	 22550000	14
chr2	 23300000	 22200000	22
chr2	 24150000	 24950000	16
chr2	 25800000	 26350000	11
chr2	 26250000	 25400000	17
chr2	 29000000	 30550000	31
chr2	 29550000	 27600000	39
chr2	 30050000	 31400000	27
chr2	 33500000	 34750000	25
chr2	 34550000	 35850000	26
chr2	 34950000	 35500000	11
chr2	 37400000	 37050000	7
chr2	 37850000	 36550000	26
chr2	 38700000	 37950000	15
chr2	 41550000	 41050000	10
chr2	 45750000	 44450000	26
chr2	 45850000	 46250000	8
chr2	 46200000	 44150000	41
chr2	 47800000	 46700000	22
chr2	 48700000	 50150000	29
chr2	 49550000	 50200000	13
chr2	 50450000	 51150000	14
chr2	 53250000	 52400000	17
chr2	 53400000	 55450000	41
chr2	 55900000	 54950000	19
chr2	 56150000	 57450000	26
chr2	 56300000	 54650000	33
chr2	 56750000	 57300000	11
chr2	 56950000	 55250000	34
chr2	 58450000	 59100000	13
chr2	 59500000	 59500000	0
chr2	 60450000	 59050000	28
chr2	 61900000	 61700000	4
chr2	 63700000	 63150000	11
chr2	 64850000	 64150000	14
chr2	 65600000	 65850000	5
chr2	 67050000	 66300000	15
chr2	 67500000	 68550000	21
chr2	 68400000	 66700000	34
chr2	 69800000	 70700000	18
chr2	 74400000	 73150000	25
chr2	 77100000	 78500000	28
chr2	 77550000	 77000000	11
chr2	 78950000	 77450000	30
chr2	 82200000	 83250000	21
chr2	 84500000	 83300000	24
chr2	 90200000	 89850000	7
chr2	 90850000	 91900000	21
chr2	 91600000	 93250000	33
chr2	 93600000	 92650000	19
chr2	 93750000	 94500000	15
chr2	 94050000	 92850000	24
chr2	 95100000	 96050000	19
chr2	 95150000	 93450000	34
chr2	 97900000	 99650000	35
chr2	 98550000	 96450000	42
chr2	 99250000	 99900000	13
chr2	 99750000	 96200000	71
chr2	 99850000	102300000	49
chr2	102400000	101600000	16
chr2	104750000	103500000	25
chr2	107600000	106200000	28
chr2	107650000	105950000	34
chr2	108400000	107150000	25
chr2	108600000	106300000	46
chr2	109800000	109100000	14
chr2	110500000	109400000	22
chr2	111100000	111850000	15
chr2	112800000	115500000	54
chr2	118800000	119650000	17
chr2	120700000	122250000	31
chr2	120850000	120200000	13
chr2	121750000	121100000	13
chr2	122550000	121850000	14
chr2	122900000	120300000	52
chr2	124650000	123200000	29
chr2	125050000	123650000	28
chr2	125950000	129150000	64
chr2	126100000	124700000	28
chr2	126300000	125500000	16
chr2	126600000	126350000	5
chr2	126600000	128800000	44
chr2	127350000	129900000	51
chr2	127750000	129400000	33
chr2	128300000	127100000	24
chr2	128450000	125600000	57
chr2	128450000	127050000	28
chr2	129350000	130950000	32
chr2	131750000	133650000	38
chr2	133850000	132950000	18
chr2	135050000	134000000	21
chr2	136500000	136050000	9
chr2	137550000	138550000	20
chr2	139450000	138300000	23
chr2	143500000	142500000	20
chr2	143800000	144400000	12
chr2	144950000	145600000	13
chr2	145850000	147100000	25
chr2	146450000	145300000	23
chr2	147200000	145950000	25
chr2	147750000	148800000	21
chr2	149300000	150250000	19
chr2	149800000	148450000	27
chr2	153900000	154600000	14
chr2	155000000	156650000	33
chr2	159750000	158350000	28
chr2	160000000	161400000	28
chr2	162050000	160750000	26
chr2	162150000	160600000	31
chr2	163000000	161950000	21
chr2	165900000	164800000	22
chr2	168100000	167600000	10
chr2	169200000	168800000	8
chr2	169950000	171900000	39
chr2	171850000	171050000	16
chr2	171950000	173600000	33
chr2	173700000	172550000	23
chr2	173950000	172850000	22
chr2	174300000	172900000	28
chr2	176600000	175650000	19
chr2	177150000	178050000	18
chr2	178900000	177850000	21
chr2	179600000	178300000	26
chr2	180000000	178700000	26
chr2	181200000	180850000	7
chr3	   900000	  2050000	23
chr3	  1550000	   350000	24
chr3	  3450000	  5100000	33
chr3	  3800000	  4800000	20
chr3	  8450000	  7700000	15
chr3	  9200000	  7750000	29
chr3	  9800000	 11050000	25
chr3	 10250000	  9100000	23
chr3	 10750000	  9300000	29
chr3	 11100000	  8800000	46
chr3	 13900000	 15350000	29
chr3	 21750000	 21750000	0
chr3	 22600000	 21000000	32
chr3	 23550000	 25100000	31
chr3	 23900000	 22900000	20
chr3	 24850000	 25750000	18
chr3	 26650000	 27100000	9
chr3	 27250000	 28500000	25
chr3	 27650000	 28300000	13
chr3	 29100000	 28050000	21
chr3	 29950000	 29250000	14
chr3	 31100000	 33100000	40
chr3	 33950000	 35050000	22
chr3	 36850000	 37150000	6
chr3	 37450000	 38250000	16
chr3	 39000000	 38200000	16
chr3	 39850000	 40100000	5
chr3	 42300000	 43050000	15
chr3	 42950000	 41500000	29
chr3	 44850000	 42650000	44
chr3	 45900000	 45550000	7
chr3	 48600000	 50350000	35
chr3	 54200000	 55700000	30
chr3	 55900000	 54150000	35
chr3	 60700000	 61400000	14
chr3	 61200000	 62500000	26
chr3	 61850000	 61000000	17
chr3	 62100000	 63750000	33
chr3	 63500000	 64350000	17
chr3	 64150000	 62950000	24
chr3	 66700000	 67650000	19
chr3	 68550000	 69250000	14
chr3	 69100000	 70600000	30
chr3	 69700000	 67700000	40
chr3	 70000000	 69000000	20
chr3	 70100000	 71200000	22
chr3	 71550000	 70900000	13
chr3	 72250000	 71050000	24
chr3	 72450000	 71850000	12
chr3	 72600000	 74400000	36
chr3	 74900000	 76200000	26
chr3	 76350000	 75450000	18
chr3	 79050000	 80450000	28
chr3	 80200000	 80800000	12
chr3	 80350000	 79800000	11
chr3	 82050000	 81200000	17
chr3	 84700000	 85300000	12
chr3	 84900000	 84250000	13
chr3	 87750000	 85850000	38
chr3	 88800000	 89700000	18
chr3	 90300000	 91100000	16
chr3	 93800000	 94150000	7
chr3	 94850000	 93350000	30
chr3	 96100000	 95550000	11
chr3	 96300000	 96100000	4
chr3	102200000	103000000	16
chr3	102250000	102750000	10
chr3	102650000	103800000	23
chr3	103500000	101650000	37
chr3	106100000	108450000	47
chr3	106950000	107700000	15
chr3	109450000	107700000	35
chr3	109900000	111100000	24
chr3	110250000	109150000	22
chr3	112800000	113400000	12
chr3	114000000	114500000	10
chr3	116300000	114250000	41
chr3	116550000	117150000	12
chr3	121250000	119900000	27
chr3	122950000	124850000	38
chr3	124150000	125150000	20
chr3	125800000	125150000	13
chr3	126750000	126350000	8
chr3	127900000	126050000	37
chr3	128000000	126550000	29
chr3	128800000	129400000	12
chr3	130350000	130650000	6
chr3	130950000	130100000	17
chr3	132700000	131150000	31
chr3	133600000	132550000	21
chr3	133800000	134050000	5
chr3	134800000	138200000	68
chr3	135150000	133000000	43
chr3	137100000	137650000	11
chr3	138600000	139400000	16
chr3	139500000	138600000	18
chr3	140100000	140400000	6
chr3	140150000	140450000	6
chr3	140550000	139350000	24
chr3	140850000	142050000	24
chr3	141400000	140900000	10
chr3	141950000	140900000	21
chr3	142700000	142700000	0
chr3	142950000	141750000	24
chr3	144350000	146000000	33
chr3	145750000	144650000	22
chr3	147100000	145300000	36
chr3	148900000	149400000	10
chr3	149100000	149750000	13
chr3	152250000	150500000	35
chr3	154850000	157150000	46
chr3	155250000	154700000	11
chr3	155950000	156450000	10
chr3	158350000	159500000	23
chr3	158450000	157750000	14
chr3	159300000	157550000	35
chr3	159500000	158500000	20
chr4	  1750000	  3700000	39
chr4	  2800000	  2250000	11
chr4	  2850000	  4350000	30
chr4	  3450000	  2550000	18
chr4	  5500000	  4050000	29
chr4	  5500000	  5150000	7
chr4	  6650000	  7900000	25
chr4	  7100000	  5750000	27
chr4	  7900000	  7300000	12
chr4	  8500000	  8850000	7
chr4	  9150000	 10050000	18
chr4	  9400000	 10650000	25
chr4	 11050000	  9750000	26
chr4	 14150000	 12200000	39
chr4	 14550000	 14150000	8
chr4	 15200000	 12950000	45
chr4	 16900000	 17850000	19
chr4	 17200000	 16800000	8
chr4	 18300000	 19200000	18
chr4	 19500000	 20300000	16
chr4	 20900000	 22750000	37
chr4	 25300000	 21700000	72
chr4	 25750000	 26650000	18
chr4	 27100000	 28350000	25
chr4	 28600000	 27850000	15
chr4	 29050000	 30850000	36
chr4	 31350000	 29900000	29
chr4	 33700000	 31900000	36
chr4	 34300000	 34850000	11
chr4	 35000000	 33350000	33
chr4	 35850000	 37900000	41
chr4	 37100000	 37700000	12
chr4	 37250000	 37700000	9
chr4	 40500000	 40950000	9
chr4	 40900000	 41850000	19
chr4	 47050000	 46200000	17
chr4	 47950000	 49050000	22
chr4	 48100000	 49400000	26
chr4	 51000000	 49150000	37
chr4	 51000000	 52300000	26
chr4	 51450000	 50500000	19
chr4	 53500000	 54400000	18
chr4	 54250000	 53550000	14
chr4	 54500000	 56500000	40
chr4	 57500000	 56850000	13
chr4	 57550000	 55900000	33
chr4	 62400000	 63150000	15
chr4	 63350000	 63950000	12
chr4	 64450000	 63350000	22
chr4	 64500000	 63250000	25
chr4	 65000000	 63250000	35
chr4	 69350000	 68750000	12
chr4	 69550000	 68950000	12
chr4	 74550000	 74850000	6
chr4	 75400000	 72850000	51
chr4	 76050000	 74700000	27
chr4	 76500000	 77600000	22
chr4	 76600000	 75700000	18
chr4	 76800000	 77500000	14
chr4	 76950000	 77400000	9
chr4	 78000000	 76250000	35
chr4	 78850000	 77800000	21
chr4	 80250000	 81550000	26
chr4	 81600000	 81050000	11
chr4	 83350000	 82750000	12
chr4	 83850000	 83350000	10
chr4	 84550000	 85900000	27
chr4	 85200000	 82300000	58
chr4	 86100000	 85200000	18
chr4	 86650000	 85950000	14
chr4	 89350000	 89150000	4
chr4	 89800000	 90850000	21
chr4	 90950000	 92200000	25
chr4	 91100000	 90300000	16
chr4	 94650000	 92950000	34
chr4	 95850000	 97250000	28
chr4	 95900000	 96700000	16
chr4	 96350000	 97200000	17
chr4	 97750000	 99900000	43
chr4	 98150000	 99400000	25
chr4	 98450000	 99500000	21
chr4	 99400000	 98900000	10
chr4	 99850000	 98400000	29
chr4	100050000	 98050000	40
chr4	100150000	 99550000	12
chr4	102750000	101600000	23
chr4	106150000	106800000	13
chr4	107500000	110250000	55
chr4	109550000	110650000	22
chr4	110600000	111700000	22
chr4	110850000	108650000	44
chr4	115300000	116950000	33
chr4	115900000	115900000	0
chr4	117050000	115800000	25
chr4	117500000	118650000	23
chr4	120650000	119600000	21
chr4	121200000	120300000	18
chr4	121650000	122300000	13
chr4	122200000	122900000	14
chr4	122300000	121600000	14
chr4	126450000	125600000	17
chr4	126450000	125950000	10
chr4	129750000	132300000	51
chr4	130050000	129150000	18
chr4	133500000	134000000	10
chr4	133850000	132900000	19
chr4	135600000	134350000	25
chr4	135750000	136650000	18
chr4	137750000	137200000	11
chr4	137900000	138400000	10
chr4	138100000	136850000	25
chr4	138500000	138850000	7
chr4	139000000	137700000	26
chr4	139000000	139250000	5
chr4	141000000	143300000	46
chr4	143000000	144150000	23
chr4	143650000	143400000	5
chr4	145150000	144150000	20
chr4	145500000	147000000	30
chr4	145650000	147050000	28
chr4	146550000	146050000	10
chr4	147100000	146450000	13
chr4	148450000	147250000	24
chr4	148500000	149850000	27
chr4	149150000	147750000	28
chr4	149350000	148250000	22
chr4	153400000	154200000	16
chr4	153550000	155100000	31
chr5	  1650000	   850000	16
chr5	  4400000	  3850000	11
chr5	  4400000	  5550000	23
chr5	  5850000	  6650000	16
chr5	  7550000	  7000000	11
chr5	  9900000	 13250000	67
chr5	 10100000	  8450000	33
chr5	 10200000	 11500000	26
chr5	 11000000	 12700000	34
chr5	 14150000	 17050000	58
chr5	 16100000	 16100000	0
chr5	 18000000	 18950000	19
chr5	 19000000	 18300000	14
chr5	 19150000	 18300000	17
chr5	 21700000	 20900000	16
chr5	 24000000	 24600000	12
chr5	 25450000	 24750000	14
chr5	 26800000	 27450000	13
chr5	 29200000	 28000000	24
chr5	 31750000	 33400000	33
chr5	 33000000	 32400000	12
chr5	 33750000	 32600000	23
chr5	 33750000	 34300000	11
chr5	 35600000	 34400000	24
chr5	 37300000	 35950000	27
chr5	 37450000	 38500000	21
chr5	 38000000	 40500000	50
chr5	 39650000	 40750000	22
chr5	 41100000	 41650000	11
chr5	 42000000	 43250000	25
chr5	 42750000	 43550000	16
chr5	 45050000	 45250000	4
chr5	 45500000	 44700000	16
chr5	 45900000	 43550000	47
chr5	 47100000	 48600000	30
chr5	 48600000	 47150000	29
chr5	 48700000	 49500000	16
chr5	 50800000	 52900000	42
chr5	 51700000	 49900000	36
chr5	 54500000	 55900000	28
chr5	 54750000	 53600000	23
chr5	 55050000	 55800000	15
chr5	 56250000	 57750000	30
chr5	 56900000	 54600000	46
chr5	 59250000	 58500000	15
chr5	 59900000	 59100000	16
chr5	 62250000	 61500000	15
chr5	 64900000	 64600000	6
chr5	 66150000	 67050000	18
chr5	 67650000	 66000000	33
chr5	 68050000	 69050000	20
chr5	 68650000	 66050000	52
chr5	 68850000	 68350000	10
chr5	 70650000	 68450000	44
chr5	 71300000	 70850000	9
chr5	 71400000	 70200000	24
chr5	 74850000	 75700000	17
chr5	 75800000	 73800000	40
chr5	 77100000	 77900000	16
chr5	 78150000	 78750000	12
chr5	 78250000	 79700000	29
chr5	 78900000	 78200000	14
chr5	 79150000	 79650000	10
chr5	 79450000	 78950000	10
chr5	 79750000	 78750000	20
chr5	 79750000	 81850000	42
chr5	 80200000	 78800000	28
chr5	 81850000	 81850000	0
chr5	 81950000	 82600000	13
chr5	 82800000	 81350000	29
chr5	 83700000	 85000000	26
chr5	 84300000	 84950000	13
chr5	 84400000	 83900000	10
chr5	 84650000	 81650000	60
chr5	 87750000	 88400000	13
chr5	 88350000	 87300000	21
chr5	 89700000	 88050000	33
chr5	 91550000	 92950000	28
chr5	 91850000	 92650000	16
chr5	 92400000	 91750000	13
chr5	 94450000	 96050000	32
chr5	 94500000	 92650000	37
chr5	 94850000	 96900000	41
chr5	 95550000	 96700000	23
chr5	 97850000	 95150000	54
chr5	 98600000	 97750000	17
chr5	100750000	100950000	4
chr5	103800000	106200000	48
chr5	104150000	104650000	10
chr5	104800000	103000000	36
chr5	105050000	108550000	70
chr5	106400000	107850000	29
chr5	107150000	104950000	44
chr5	108300000	109150000	17
chr5	108750000	105650000	62
chr5	108850000	109450000	12
chr5	110200000	112250000	41
chr5	111750000	111050000	14
chr5	113100000	113550000	9
chr5	114450000	115400000	19
chr5	114650000	112150000	50
chr5	117100000	115800000	26
chr5	119000000	118000000	20
chr5	120150000	119250000	18
chr5	121000000	120000000	20
chr5	121850000	122500000	13
chr5	122400000	122850000	9
chr5	122450000	123650000	24
chr5	122750000	123700000	19
chr5	123200000	119850000	67
chr5	123600000	124650000	21
chr5	126500000	127550000	21
chr5	129500000	129900000	8
chr5	130600000	128800000	36
chr5	130700000	129500000	24
chr5	130950000	131600000	13
chr5	132500000	133000000	10
chr5	134050000	132950000	22
chr5	134700000	133300000	28
chr5	134950000	136000000	21
chr5	135600000	136550000	19
chr5	136400000	135950000	9
chr5	138800000	139800000	20
chr5	140200000	137800000	48
chr5	140900000	138850000	41
chr5	141200000	140800000	8
chr5	141800000	139550000	45
chr5	144850000	145500000	13
chr5	146500000	145350000	23
chr5	146600000	145550000	21
chr5	146900000	145950000	19
chr5	147550000	146500000	21
chr5	148000000	148300000	6
chr5	148000000	148800000	16
chr5	148150000	148450000	6
chr5	148550000	149300000	15
chr5	148800000	149800000	20
chr5	148900000	150600000	34
chr6	  2850000	  3800000	19
chr6	  5150000	  4100000	21
chr6	  6800000	  5750000	21
chr6	  7000000	  6250000	15
chr6	  8350000	  7600000	15
chr6	  9850000	 10100000	5
chr6	 10500000	 12950000	49
chr6	 10750000	 10300000	9
chr6	 11750000	  8700000	61
chr6	 15350000	 16250000	18
chr6	 16000000	 17100000	22
chr6	 17350000	 16600000	15
chr6	 18800000	 17350000	29
chr6	 18800000	 17650000	23
chr6	 19600000	 18450000	23
chr6	 20800000	 22550000	35
chr6	 21050000	 20050000	20
chr6	 22700000	 20950000	35
chr6	 22850000	 23450000	12
chr6	 23600000	 24200000	12
chr6	 24150000	 25100000	19
chr6	 31450000	 33700000	45
chr6	 31750000	 32900000	23
chr6	 32550000	 31800000	15
chr6	 33600000	 34950000	27
chr6	 33850000	 32550000	26
chr6	 35000000	 33300000	34
chr6	 35250000	 34800000	9
chr6	 37650000	 35600000	41
chr6	 38300000	 38950000	13
chr6	 38900000	 39950000	21
chr6	 40050000	 41900000	37
chr6	 41050000	 43600000	51
chr6	 41700000	 42200000	10
chr6	 44450000	 42700000	35
chr6	 48150000	 46650000	30
chr6	 48250000	 47750000	10
chr6	 49350000	 48450000	18
chr6	 50350000	 48650000	34
chr6	 50400000	 51550000	23
chr6	 50450000	 52850000	48
chr6	 51050000	 52400000	27
chr6	 53900000	 52700000	24
chr6	 56300000	 55700000	12
chr6	 56500000	 56800000	6
chr6	 58350000	 57950000	8
chr6	 60250000	 61300000	21
chr6	 61000000	 60050000	19
chr6	 61050000	 60700000	7
chr6	 64200000	 66250000	41
chr6	 66150000	 63950000	44
chr6	 66750000	 65150000	32
chr6	 67350000	 64600000	55
chr6	 71900000	 70950000	19
chr6	 73000000	 73250000	5
chr6	 73700000	 73250000	9
chr6	 74800000	 75500000	14
chr6	 76900000	 76300000	12
chr6	 77000000	 77850000	17
chr6	 78100000	 79550000	29
chr6	 80700000	 79400000	26
chr6	 81000000	 78250000	55
chr6	 83750000	 84100000	7
chr6	 83850000	 84450000	12
chr6	 84250000	 81800000	49
chr6	 84950000	 86350000	28
chr6	 85000000	 82800000	44
chr6	 86550000	 85300000	25
chr6	 86750000	 86350000	8
chr6	 89150000	 92550000	68
chr6	 90800000	 91750000	19
chr6	 90900000	 91350000	9
chr6	 90950000	 88950000	40
chr6	 92200000	 92900000	14
chr6	 93900000	 94900000	20
chr6	 95700000	 98350000	53
chr6	 97150000	 96050000	22
chr6	 98300000	 97600000	14
chr6	 99950000	100950000	20
chr6	100300000	 99550000	15
chr6	101050000	 99700000	27
chr6	102600000	103700000	22
chr6	103350000	104350000	20
chr6	103350000	106150000	56
chr6	103550000	101900000	33
chr6	104850000	105600000	15
chr6	105300000	105550000	5
chr6	107000000	108350000	27
chr6	107450000	108150000	14
chr6	107450000	109400000	39
chr6	107500000	106550000	19
chr6	109700000	110200000	10
chr6	115450000	113500000	39
chr6	115800000	115650000	3
chr6	117800000	116600000	24
chr6	118450000	120050000	32
chr6	127050000	126700000	7
chr6	129050000	129950000	18
chr6	129250000	127500000	35
chr6	130450000	129550000	18
chr6	131250000	129850000	28
chr6	131700000	132700000	20
chr6	133400000	132550000	17
chr6	133450000	132850000	12
chr6	134550000	132100000	49
chr6	135350000	135050000	6
chr6	135600000	136100000	10
chr6	136500000	134600000	38
chr6	136600000	136600000	0
chr6	137700000	136750000	19
chr6	137800000	136950000	17
chr6	138000000	136700000	26
chr6	141300000	140250000	21
chr6	141450000	143450000	40
chr6	144250000	145250000	20
chr6	146100000	145000000	22
chr6	146650000	146200000	9
chr6	146850000	148300000	29
chr6	148100000	149100000	20
chr6	148200000	147900000	6
chr6	148600000	149350000	15
chr6	149300000	148450000	17
chr7	   450000	  2700000	45
chr7	  2750000	  1400000	27
chr7	  3550000	  2650000	18
chr7	  3950000	  5200000	25
chr7	  5100000	  4000000	22
chr7	  6650000	  6000000	13
chr7	  7300000	  6550000	15
chr7	  7400000	  6700000	14
chr7	  9750000	 10700000	19
chr7	 11050000	  9650000	28
chr7	 11550000	  9550000	40
chr7	 11650000	 10400000	25
chr7	 12450000	 11800000	13
chr7	 13650000	 15300000	33
chr7	 18150000	 19050000	18
chr7	 18700000	 21500000	56
chr7	 20150000	 19350000	16
chr7	 20400000	 18950000	29
chr7	 21500000	 23250000	35
chr7	 22400000	 23050000	13
chr7	 22700000	 23250000	11
chr7	 22950000	 21850000	22
chr7	 24650000	 25100000	9
chr7	 26600000	 27250000	13
chr7	 34350000	 34650000	6
chr7	 35450000	 34450000	20
chr7	 36500000	 37400000	18
chr7	 37050000	 37600000	11
chr7	 40400000	 41250000	17
chr7	 42250000	 42800000	11
chr7	 45050000	 46250000	24
chr7	 45700000	 43050000	53
chr7	 47900000	 45200000	54
chr7	 47950000	 49000000	21
chr7	 48850000	 49850000	20
chr7	 50050000	 51500000	29
chr7	 55450000	 57550000	42
chr7	 57850000	 57300000	11
chr7	 65200000	 66700000	30
chr7	 66700000	 65950000	15
chr7	 67300000	 66450000	17
chr7	 68250000	 69650000	28
chr7	 69200000	 66850000	47
chr7	 69750000	 70650000	18
chr7	 70300000	 69850000	9
chr7	 72400000	 71450000	19
chr7	 72750000	 71850000	18
chr7	 72800000	 74400000	32
chr7	 76450000	 77000000	11
chr7	 80500000	 81250000	15
chr7	 80900000	 82600000	34
chr7	 81200000	 82100000	18
chr7	 81950000	 80900000	21
chr7	 82850000	 84500000	33
chr7	 85150000	 86750000	32
chr7	 85800000	 86800000	20
chr7	 86300000	 82600000	74
chr7	 87600000	 88800000	24
chr7	 87800000	 86450000	27
chr7	 88400000	 87950000	9
chr7	 89500000	 87400000	42
chr7	 89900000	 92050000	43
chr7	 94150000	 94550000	8
chr7	 97150000	 98200000	21
chr7	 98050000	 96950000	22
chr7	 98250000	 96350000	38
chr7	 98950000	 99600000	13
chr7	 99300000	 99100000	4
chr7	101400000	102600000	24
chr7	102350000	101100000	25
chr7	105900000	103250000	53
chr7	106000000	107300000	26
chr7	106100000	105600000	10
chr7	108400000	105400000	60
chr7	109850000	111600000	35
chr7	111300000	112750000	29
chr7	112000000	108400000	72
chr7	112500000	112950000	9
chr7	117150000	116250000	18
chr7	118950000	120300000	27
chr7	122100000	121200000	18
chr7	122350000	123150000	16
chr7	122500000	123550000	21
chr7	122550000	122850000	6
chr7	122900000	124550000	33
chr7	125450000	126250000	16
chr7	126700000	125100000	32
chr7	127400000	129500000	42
chr7	128850000	127050000	36
chr7	131850000	130450000	28
chr7	132400000	129600000	56
chr7	136250000	138000000	35
chr7	137750000	137300000	9
chr7	138700000	139900000	24
chr7	139250000	138850000	8
chr7	139450000	138500000	19
chr7	140250000	139300000	19
chr7	141700000	142350000	13
chr7	144100000	142900000	24
chr7	144850000	144350000	10
chr7	144950000	145350000	8
chr8	  2600000	  2100000	10
chr8	  3250000	  4550000	26
chr8	  3400000	  4700000	26
chr8	  3550000	  4200000	13
chr8	  4350000	  6150000	36
chr8	  4650000	  4400000	5
chr8	  5750000	  4300000	29
chr8	  7350000	  7850000	10
chr8	  8200000	  8500000	6
chr8	  8300000	 10500000	44
chr8	  9200000	 10500000	26
chr8	  9300000	  9650000	7
chr8	 11300000	 11550000	5
chr8	 13300000	 11750000	31
chr8	 13750000	 14250000	10
chr8	 13900000	 14600000	14
chr8	 16550000	 16950000	8
chr8	 17150000	 18500000	27
chr8	 17600000	 16800000	16
chr8	 17800000	 16950000	17
chr8	 18050000	 19950000	38
chr8	 18850000	 19950000	22
chr8	 20700000	 22000000	26
chr8	 25400000	 29200000	76
chr8	 27750000	 26700000	21
chr8	 30050000	 31600000	31
chr8	 33050000	 32600000	9
chr8	 34800000	 36150000	27
chr8	 37000000	 38350000	27
chr8	 37850000	 36650000	24
chr8	 37850000	 38400000	11
chr8	 38950000	 38400000	11
chr8	 41100000	 40550000	11
chr8	 43000000	 42300000	14
chr8	 46200000	 46900000	14
chr8	 47000000	 46350000	13
chr8	 48400000	 47000000	28
chr8	 48900000	 48300000	12
chr8	 49500000	 48950000	11
chr8	 50700000	 49950000	15
chr8	 50950000	 51800000	17
chr8	 51650000	 53450000	36
chr8	 52600000	 54050000	29
chr8	 53100000	 53950000	17
chr8	 53750000	 52450000	26
chr8	 53800000	 54850000	21
chr8	 54350000	 53450000	18
chr8	 55800000	 57250000	29
chr8	 56950000	 56400000	11
chr8	 56950000	 56700000	5
chr8	 57800000	 57350000	9
chr8	 58050000	 56450000	32
chr8	 59000000	 59800000	16
chr8	 59050000	 59150000	2
chr8	 59650000	 60800000	23
chr8	 61600000	 61150000	9
chr8	 63850000	 64650000	16
chr8	 65100000	 64300000	16
chr8	 66000000	 64500000	30
chr8	 66700000	 69200000	50
chr8	 66950000	 67800000	17
chr8	 68900000	 66900000	40
chr8	 70050000	 68750000	26
chr8	 70550000	 69200000	27
chr8	 71400000	 70850000	11
chr8	 72100000	 72550000	9
chr8	 72900000	 71450000	29
chr8	 72900000	 71800000	22
chr8	 74250000	 75500000	25
chr8	 74750000	 73000000	35
chr8	 76700000	 73400000	66
chr8	 77750000	 76600000	23
chr8	 80600000	 81250000	13
chr8	 80700000	 80300000	8
chr8	 80800000	 79800000	20
chr8	 81100000	 81700000	12
chr8	 81350000	 82450000	22
chr8	 81800000	 83150000	27
chr8	 82050000	 81450000	12
chr8	 82150000	 81400000	15
chr8	 82400000	 83100000	14
chr8	 82800000	 83250000	9
chr8	 83450000	 82500000	19
chr8	 84350000	 83500000	17
chr8	 85100000	 86050000	19
chr8	 87900000	 88600000	14
chr8	 87950000	 88650000	14
chr8	 88250000	 87550000	14
chr8	 88400000	 87500000	18
chr8	 93050000	 91700000	27
chr8	 93200000	 95300000	42
chr8	 93450000	 92350000	22
chr8	 94150000	 94550000	8
chr8	 94250000	 93650000	12
chr8	 95800000	 94950000	17
chr8	 96950000	 95400000	31
chr8	 98300000	 99150000	17
chr8	101650000	102850000	24
chr8	102350000	103350000	20
chr8	102550000	100850000	34
chr8	103850000	102850000	20
chr8	104400000	106400000	40
chr8	105050000	104650000	8
chr8	106600000	108450000	37
chr8	113800000	113600000	4
chr8	114000000	115050000	21
chr8	114750000	112650000	42
chr8	116200000	115250000	19
chr8	116450000	114450000	40
chr8	116850000	116150000	14
chr8	117250000	116150000	22
chr8	117300000	117550000	5
chr8	119250000	121150000	38
chr8	119850000	120900000	21
chr8	122750000	122350000	8
chr8	123700000	124300000	12
chr8	124750000	124450000	6
chr8	125600000	126350000	15
chr8	128550000	127800000	15
chr8	128850000	127600000	25
chr9	  2450000	  1350000	22
chr9	  2800000	  3050000	5
chr9	  5300000	  7050000	35
chr9	  6450000	  7350000	18
chr9	  7500000	  8600000	22
chr9	  9000000	  7600000	28
chr9	  9900000	  9150000	15
chr9	 10300000	  8900000	28
chr9	 14450000	 12750000	34
chr9	 14500000	 15100000	12
chr9	 14600000	 15050000	9
chr9	 15800000	 15800000	0
chr9	 16150000	 16900000	15
chr9	 16550000	 15750000	16
chr9	 17950000	 18300000	7
chr9	 20150000	 19600000	11
chr9	 23050000	 21550000	30
chr9	 24800000	 23550000	25
chr9	 27600000	 22650000	99
chr9	 28800000	 26400000	48
chr9	 28800000	 29650000	17
chr9	 29000000	 27800000	24
chr9	 29700000	 28900000	16
chr9	 30550000	 31100000	11
chr9	 30700000	 30150000	11
chr9	 31450000	 32950000	30
chr9	 32300000	 32800000	10
chr9	 34500000	 33000000	30
chr9	 35550000	 36150000	12
chr9	 36350000	 37200000	17
chr9	 38050000	 39150000	22
chr9	 38400000	 39750000	27
chr9	 42450000	 41600000	17
chr9	 44950000	 45350000	8
chr9	 46200000	 47200000	20
chr9	 46600000	 45500000	22
chr9	 46650000	 47100000	9
chr9	 46750000	 45250000	30
chr9	 47450000	 45450000	40
chr9	 49400000	 50900000	30
chr9	 50150000	 49100000	21
chr9	 51000000	 52000000	20
chr9	 51150000	 49800000	27
chr9	 51800000	 51500000	6
chr9	 55100000	 55400000	6
chr9	 55400000	 57600000	44
chr9	 57500000	 56100000	28
chr9	 60550000	 59750000	16
chr9	 62550000	 61100000	29
chr9	 64700000	 65050000	7
chr9	 65900000	 66900000	20
chr9	 66800000	 67600000	16
chr9	 68950000	 67300000	33
chr9	 70200000	 72950000	55
chr9	 70350000	 72000000	33
chr9	 71050000	 70050000	20
chr9	 72300000	 71600000	14
chr9	 73250000	 70950000	46
chr9	 73750000	 72900000	17
chr9	 74250000	 72650000	32
chr9	 74250000	 74650000	8
chr9	 74300000	 73450000	17
chr9	 74550000	 75650000	22
chr9	 76000000	 76350000	7
chr9	 76400000	 75450000	19
chr9	 76400000	 76400000	0
chr9	 76850000	 75050000	36
chr9	 78500000	 77700000	16
chr9	 80550000	 81900000	27
chr9	 81350000	 80100000	25
chr9	 81950000	 81950000	0
chr9	 83000000	 83700000	14
chr9	 83300000	 84300000	20
chr9	 85450000	 84300000	23
chr9	 86700000	 88350000	33
chr9	 87400000	 86400000	20
chr9	 88200000	 89550000	27
chr9	 88250000	 89400000	23
chr9	 90450000	 91450000	20
chr9	 90700000	 91950000	25
chr9	 91650000	 90400000	25
chr9	 93200000	 91400000	36
chr9	 93300000	 92100000	24
chr9	 95200000	 94650000	11
chr9	 96550000	 95750000	16
chr9	 98550000	 97350000	24
chr9	 99900000	 98650000	25
chr9	101250000	100500000	15
chr9	101700000	100850000	17
chr9	102200000	101000000	24
chr9	103700000	103000000	14
chr9	104150000	103550000	12
chr9	104850000	101750000	62
chr9	105900000	104250000	33
chr9	106050000	103800000	45
chr9	106650000	105850000	16
chr9	110300000	111050000	15
chr9	110850000	109050000	36
chr9	114150000	115500000	27
chr9	114950000	115300000	7
chr9	115300000	116000000	14
chr9	115950000	114700000	25
chr9	118600000	119500000	18
chr9	118750000	119650000	18
chr9	118850000	122200000	67
chr9	120450000	121250000	16
chr9	121000000	120600000	8
chr9	122800000	123350000	11
chr9	123400000	122550000	17
chrX	  2650000	  3600000	19
chrX	  2850000	  4150000	26
chrX	  5850000	  6950000	22
chrX	  6450000	  7400000	19
chrX	  6500000	  7350000	17
chrX	  7100000	  7450000	7
chrX	  7850000	  7350000	10
chrX	  9400000	  9900000	10
chrX	  9950000	 10700000	15
chrX	 11750000	 13100000	27
chrX	 12050000	 10450000	32
chrX	 13050000	 12100000	19
chrX	 15500000	 16650000	23
chrX	 16600000	 15450000	23
chrX	 19650000	 20250000	12
chrX	 27050000	 25150000	38
chrX	 29700000	 30250000	11
chrX	 30450000	 29750000	14
chrX	 32000000	 33400000	28
chrX	 34350000	 35450000	22
chrX	 35950000	 37600000	33
chrX	 38400000	 39300000	18
chrX	 39400000	 37650000	35
chrX	 39800000	 38500000	26
chrX	 40900000	 39350000	31
chrX	 41000000	 40050000	19
chrX	 43650000	 41450000	44
chrX	 44900000	 44150000	15
chrX	 45550000	 45850000	6
chrX	 45850000	 46700000	17
chrX	 46600000	 47600000	20
chrX	 47050000	 45400000	33
chrX	 48050000	 49050000	20
chrX	 48600000	 47900000	14
chrX	 49100000	 47100000	40
chrX	 51200000	 49650000	31
chrX	 51250000	 52300000	21
chrX	 51600000	 51250000	7
chrX	 51700000	 53450000	35
chrX	 56100000	 54050000	41
chrX	 57550000	 55900000	33
chrX	 57700000	 56550000	23
chrX	 59500000	 60200000	14
chrX	 60650000	 62050000	28
chrX	 61400000	 62150000	15
chrX	 62750000	 63700000	19
chrX	 63700000	 64850000	23
chrX	 65700000	 64850000	17
chrX	 65950000	 67950000	40
chrX	 66800000	 65900000	18
chrX	 67300000	 66450000	17
chrX	 68200000	 68200000	0
chrX	 68300000	 66950000	27
chrX	 69000000	 70600000	32
chrX	 69850000	 70850000	20
chrX	 71200000	 70500000	14
chrX	 71650000	 73700000	41
chrX	 71750000	 73700000	39
chrX	 72350000	 71650000	14
chrX	 73150000	 72050000	22
chrX	 73300000	 74200000	18
chrX	 73350000	 74200000	17
chrX	 73400000	 72400000	20
chrX	 78250000	 76450000	36
chrX	 78500000	 77100000	28
chrX	 79000000	 79800000	16
chrX	 79300000	 80400000	22
chrX	 80700000	 77700000	60
chrX	 83400000	 81450000	39
chrX	 84900000	 83850000	21
chrX	 86450000	 87600000	23
chrX	 87350000	 86150000	24
chrX	 88800000	 88300000	10
chrX	 89150000	 88250000	18
chrX	 90600000	 89550000	21
chrX	 90650000	 91400000	15
chrX	 90750000	 92300000	31
chrX	 90850000	 91750000	18
chrX	 91350000	 93450000	42
chrX	 91700000	 93150000	29
chrX	 92350000	 93400000	21
chrX	 92750000	 93950000	24
chrX	 94500000	 95050000	11
chrX	 97150000	 97750000	12
chrX	 97900000	 96750000	23
chrX	100500000	 99900000	12
chrX	100750000	102050000	26
chrX	102550000	103500000	19
chrX	102600000	101550000	21
chrX	103900000	101750000	43
chrX	105000000	104250000	15
chrX	105000000	105800000	16
chrX	105150000	105950000	16
chrX	105500000	104200000	26
chrX	107050000	107800000	15
chrX	107450000	108300000	17
chrX	107500000	108450000	19
chrX	107800000	106650000	23
chrX	109100000	111350000	45
chrX	112550000	112000000	11
chrX	114150000	113100000	21
chrX	115750000	112250000	70
chrX	116200000	117700000	30
chrX	116400000	115150000	25
chrX	117400000	115850000	31
chrX	119150000	118550000	12
chrX	121800000	122650000	17
chrX	123100000	124050000	19
chrX	123250000	122350000	18
chrX	123500000	122400000	22
chrX	123850000	124900000	21
chrX	126350000	128850000	50
chrX	128250000	129550000	26
chrX	129750000	129100000	13
chrX	130100000	129300000	16
chrX	130300000	128900000	28
chrX	134200000	134750000	11
chrX	137000000	137750000	15
chrX	137350000	136250000	22
chrX	138450000	139950000	30
chrX	139350000	138400000	19
chrX	140900000	140250000	13
chrX	141050000	141700000	13
chrX	141950000	143750000	36
chrX	146750000	147500000	15
chrX	149350000	150550000	24
chrX	150700000	150450000	5
chrX	150850000	150500000	7
chrX	153200000	152350000	17
chrX	153650000	152250000	28
chrX	156300000	157200000	18
chrX	157450000	158550000	22
chrX	159400000	160800000	28
chrX	160150000	159300000	17
chrX	161200000	160450000	15
chrX	162700000	164200000	30
chrX	163050000	164500000	29
chrX	163350000	164200000	17
chrX	164350000	164000000	7
chrX	165550000	167300000	35
chrY	  1650000	  2000000	7
chrY	  2600000	  1750000	17
chrY	  3200000	  3850000	13
chrY	  3950000	  4700000	15
chrY	  7850000	  6350000	30
chrY	  9900000	  8250000	33
chrY	 10400000	 11750000	27
chrY	 10700000	  9500000	24
chrY	 12900000	 12150000	15
chrY	 13300000	 11300000	40
chrY	 13800000	 13250000	11
chrY	 14350000	 13600000	15
chrY	 17250000	 18350000	22
chrY	 18100000	 16800000	26
chrY	 19750000	 19750000	0
chrY	 23700000	 21900000	36
chrY	 26350000	 27550000	24
chrY	 26700000	 25800000	18
chrY	 29800000	 30900000	22
chrY	 33500000	 32600000	18
chrY	 35400000	 38350000	59
chrY	 37350000	 36750000	12
chrY	 37600000	 36700000	18
chrY	 40800000	 41250000	9
chrY	 42150000	 43300000	23
chrY	 42750000	 41600000	23
chrY	 45750000	 43500000	45
chrY	 45800000	 46500000	14
chrY	 45850000	 46950000	22
chrY	 46200000	 45650000	11
chrY	 46800000	 47850000	21
chrY	 47450000	 46500000	19
chrY	 47750000	 49850000	42
chrY	 48650000	 50000000	27
chrY	 48800000	 49800000	20
chrY	 50300000	 51400000	22
chrY	 50400000	 55050000	93
chrY	 53150000	 51300000	37
chrY	 55600000	 56300000	14
chrY	 57400000	 58650000	25
chrY	 57850000	 57150000	14
chrY	 59400000	 60800000	28
chrY	 60600000	 61550000	19
chrY	 60750000	 58800000	39
chrY	 62650000	 63850000	24
chrY	 63400000	 64450000	21
chrY	 64050000	 61100000	59
chrY	 65250000	 66400000	23
chrY	 66800000	 66150000	13
chrY	 70400000	 68500000	38
chrY	 70450000	 69650000	16
chrY	 71150000	 71350000	4
chrY	 71450000	 74300000	57
chrY	 71750000	 67900000	77
chrY	 73550000	 72750000	16
chrY	 74700000	 73700000	20
chrY	 77500000	 79100000	32
chrY	 78600000	 77600000	20
chrY	 80000000	 79150000	17
chrY	 80550000	 79750000	16
chrY	 85450000	 84600000	17
chrY	 91400000	 90150000	25
