chr1	   550000	  2200000	33
chr1	  6100000	  5550000	11
chr1	  8100000	  5200000	58
chr1	  8800000	  9350000	11
chr1	 12000000	 12950000	19
chr1	 12750000	 11000000	35
chr1	 13450000	 12350000	22
chr1	 15150000	 14100000	21
chr1	 19550000	 20100000	11
chr1	 20850000	 22850000	40
chr1	 21250000	 19900000	27
chr1	 21300000	 20650000	13
chr1	 24600000	 25250000	13
chr1	 24700000	 25700000	20
chr1	 25650000	 26400000	15
chr1	 25850000	 25300000	11
chr1	 26800000	 27350000	11
chr1	 26900000	 27900000	20
chr1	 27000000	 25300000	34
chr1	 32350000	 30800000	31
chr1	 33900000	 35700000	36
chr1	 34200000	 33550000	13
chr1	 35250000	 33250000	40
chr1	 35900000	 36900000	20
chr1	 39000000	 37850000	23
chr1	 39150000	 40150000	20
chr1	 39200000	 40500000	26
chr1	 41950000	 42900000	19
chr1	 45700000	 44800000	18
chr1	 45950000	 45250000	14
chr1	 46300000	 43800000	50
chr1	 48050000	 46950000	22
chr1	 48300000	 47100000	24
chr1	 50200000	 49050000	23
chr1	 52450000	 53100000	13
chr1	 54150000	 55050000	18
chr1	 57150000	 57800000	13
chr1	 58600000	 57300000	26
chr1	 59550000	 60850000	26
chr1	 60350000	 58200000	43
chr1	 63850000	 64750000	18
chr1	 64500000	 65850000	27
chr1	 66550000	 65850000	14
chr1	 67750000	 69150000	28
chr1	 70900000	 71500000	12
chr1	 71750000	 70450000	26
chr1	 74300000	 75550000	25
chr1	 74650000	 75300000	13
chr1	 75400000	 76700000	26
chr1	 75500000	 76450000	19
chr1	 77300000	 75800000	30
chr1	 77700000	 77150000	11
chr1	 78300000	 79200000	18
chr1	 78950000	 80750000	36
chr1	 81700000	 82650000	19
chr1	 81850000	 81850000	0
chr1	 82200000	 81300000	18
chr1	 82200000	 81550000	13
chr1	 83200000	 84050000	17
chr1	 84350000	 83900000	9
chr1	 84650000	 85100000	9
chr1	 85550000	 84600000	19
chr1	 86250000	 86850000	12
chr1	 86300000	 86450000	3
chr1	 87600000	 88350000	15
chr1	 89000000	 90350000	27
chr1	 93550000	 91500000	41
chr1	 95550000	 94250000	26
chr1	 96750000	 98200000	29
chr1	 97800000	 97250000	11
chr1	 98400000	 99600000	24
chr1	 99350000	101000000	33
chr1	 99550000	 98850000	14
chr1	100300000	 98300000	40
chr1	100500000	 98450000	41
chr1	100750000	100200000	11
chr1	100900000	101800000	18
chr1	100950000	 99550000	28
chr1	101700000	103750000	41
chr1	102100000	103450000	27
chr1	103850000	105050000	24
chr1	104000000	105850000	37
chr1	105300000	106550000	25
chr1	106250000	106750000	10
chr1	109800000	109000000	16
chr1	111550000	109450000	42
chr1	112800000	113350000	11
chr1	113200000	114750000	31
chr1	116500000	115000000	30
chr1	118000000	118000000	0
chr1	118050000	118250000	4
chr1	121200000	122750000	31
chr1	121600000	122900000	26
chr1	124900000	121400000	70
chr1	125250000	126650000	28
chr1	128450000	127800000	13
chr1	129650000	132050000	48
chr1	131500000	129150000	47
chr1	133450000	134200000	15
chr1	134100000	133300000	16
chr1	135250000	133600000	33
chr1	137950000	136550000	28
chr1	138100000	139350000	25
chr1	141400000	143100000	34
chr1	141500000	140650000	17
chr1	142300000	143250000	19
chr1	143000000	141200000	36
chr1	143300000	140850000	49
chr1	143400000	142850000	11
chr1	145400000	144450000	19
chr1	146250000	145250000	20
chr1	146300000	147000000	14
chr1	147250000	149700000	49
chr1	147650000	146050000	32
chr1	148400000	149900000	30
chr1	148750000	149550000	16
chr1	149450000	150250000	16
chr1	149750000	150250000	10
chr1	150350000	149300000	21
chr1	152400000	153300000	18
chr1	153100000	153950000	17
chr1	154700000	154700000	0
chr1	154900000	153400000	30
chr1	158650000	157300000	27
chr1	158750000	158000000	15
chr1	159200000	158550000	13
chr1	159300000	158550000	15
chr1	161250000	161950000	14
chr1	162350000	159600000	55
chr1	165400000	166250000	17
chr1	166000000	167500000	30
chr1	168500000	169200000	14
chr1	171100000	174050000	59
chr1	171150000	171750000	12
chr1	172400000	171400000	20
chr1	174300000	175050000	15
chr1	175100000	173200000	38
chr1	175150000	174300000	17
chr1	175300000	174400000	18
chr1	176050000	175050000	20
chr1	176100000	173650000	49
chr1	178000000	178250000	5
chr1	179100000	179750000	13
chr1	181650000	183100000	29
chr1	182650000	184200000	31
chr1	182900000	183550000	13
chr1	183350000	183750000	8
chr1	185050000	186700000	33
chr1	187150000	186450000	14
chr1	192350000	193200000	17
chr10	  2150000	  3050000	18
chr10	  2500000	  3950000	29
chr10	  3350000	  3600000	5
chr10	  4450000	  4100000	7
chr10	  5650000	  2600000	61
chr10	  6650000	  7150000	10
chr10	  6700000	  5950000	15
chr10	  7000000	  5550000	29
chr10	  8600000	  9900000	26
chr10	  8700000	  5450000	65
chr10	 10950000	 12650000	34
chr10	 12200000	 13000000	16
chr10	 12900000	 12350000	11
chr10	 13750000	 14400000	13
chr10	 14350000	 15900000	31
chr10	 15100000	 14650000	9
chr10	 16800000	 16450000	7
chr10	 16900000	 17550000	13
chr10	 17850000	 16450000	28
chr10	 18450000	 17650000	16
chr10	 19950000	 19300000	13
chr10	 22750000	 21500000	25
chr10	 25350000	 24050000	26
chr10	 25950000	 26750000	16
chr10	 27550000	 27950000	8
chr10	 28300000	 29250000	19
chr10	 31250000	 31900000	13
chr10	 32000000	 33250000	25
chr10	 33550000	 34050000	10
chr10	 33900000	 34500000	12
chr10	 34150000	 35200000	21
chr10	 35650000	 34300000	27
chr10	 36850000	 35700000	23
chr10	 38150000	 39700000	31
chr10	 38850000	 39950000	22
chr10	 40850000	 42250000	28
chr10	 41900000	 42450000	11
chr10	 42000000	 40950000	21
chr10	 43350000	 42200000	23
chr10	 43900000	 43150000	15
chr10	 45800000	 43900000	38
chr10	 49750000	 50750000	20
chr10	 50950000	 49950000	20
chr10	 51200000	 48400000	56
chr10	 51250000	 51650000	8
chr10	 54200000	 55150000	19
chr10	 54550000	 53600000	19
chr10	 57700000	 57250000	9
chr10	 58150000	 58550000	8
chr10	 58500000	 59250000	15
chr10	 58500000	 60500000	40
chr10	 58800000	 59550000	15
chr10	 59250000	 57900000	27
chr10	 59700000	 58650000	21
chr10	 60300000	 60050000	5
chr10	 62200000	 61050000	23
chr10	 65000000	 64350000	13
chr10	 66200000	 64900000	26
chr10	 66750000	 69200000	49
chr10	 67100000	 67450000	7
chr10	 69600000	 70950000	27
chr10	 72750000	 72200000	11
chr10	 73550000	 73900000	7
chr10	 73900000	 75550000	33
chr10	 75150000	 74050000	22
chr10	 78050000	 77000000	21
chr10	 78150000	 77550000	12
chr10	 78800000	 78000000	16
chr10	 79500000	 80400000	18
chr10	 82100000	 82800000	14
chr10	 83750000	 82750000	20
chr10	 85400000	 84800000	12
chr10	 86150000	 85750000	8
chr10	 88400000	 89150000	15
chr10	 91250000	 94850000	72
chr10	 91300000	 92850000	31
chr10	 91800000	 95000000	64
chr10	 93350000	 92800000	11
chr10	 93900000	 95000000	22
chr10	 95800000	 94700000	22
chr10	 98050000	 98350000	6
chr10	 98600000	 96900000	34
chr10	 98900000	 98100000	16
chr10	102050000	101550000	10
chr10	102550000	103650000	22
chr10	104700000	103600000	22
chr10	105900000	105700000	4
chr10	109200000	110250000	21
chr10	110050000	111050000	20
chr10	111300000	112950000	33
chr10	111600000	112100000	10
chr10	111750000	109650000	42
chr10	113050000	112450000	12
chr10	117650000	118350000	14
chr10	121000000	123350000	47
chr10	121800000	121800000	0
chr10	121900000	119900000	40
chr10	121900000	119950000	39
chr10	126550000	125800000	15
chr10	126600000	124850000	35
chr10	128400000	128100000	6
chr10	130650000	129900000	15
chr11	  1400000	  2150000	15
chr11	  2950000	  1950000	20
chr11	  3050000	  5250000	44
chr11	  4050000	  4750000	14
chr11	  4350000	  2750000	32
chr11	  5750000	  6150000	8
chr11	  6950000	  8100000	23
chr11	  8850000	  9850000	20
chr11	 10200000	 11050000	17
chr11	 11700000	  9950000	35
chr11	 12900000	 12450000	9
chr11	 13400000	 13750000	7
chr11	 14450000	 12650000	36
chr11	 16300000	 15000000	26
chr11	 16500000	 21050000	91
chr11	 16850000	 20000000	63
chr11	 18100000	 19000000	18
chr11	 20300000	 21650000	27
chr11	 20600000	 21900000	26
chr11	 21250000	 18750000	50
chr11	 21950000	 22900000	19
chr11	 22350000	 23050000	14
chr11	 22400000	 21500000	18
chr11	 22400000	 21550000	17
chr11	 22450000	 21550000	18
chr11	 24450000	 25650000	24
chr11	 24750000	 25750000	20
chr11	 27600000	 27600000	0
chr11	 29550000	 28650000	18
chr11	 30150000	 28550000	32
chr11	 30700000	 31150000	9
chr11	 32000000	 31000000	20
chr11	 33700000	 34650000	19
chr11	 33750000	 34250000	10
chr11	 34950000	 37750000	56
chr11	 35150000	 35850000	14
chr11	 36000000	 36250000	5
chr11	 36350000	 33750000	52
chr11	 38350000	 39350000	20
chr11	 38550000	 35550000	60
chr11	 39350000	 38100000	25
chr11	 39750000	 41600000	37
chr11	 41000000	 40200000	16
chr11	 41000000	 40250000	15
chr11	 41300000	 42050000	15
chr11	 41650000	 43200000	31
chr11	 43250000	 43950000	14
chr11	 44950000	 44200000	15
chr11	 47250000	 46150000	22
chr11	 48650000	 49100000	9
chr11	 52500000	 51650000	17
chr11	 54750000	 54000000	15
chr11	 56350000	 57200000	17
chr11	 56700000	 55850000	17
chr11	 56800000	 56300000	10
chr11	 58200000	 57100000	22
chr11	 58300000	 58700000	8
chr11	 61000000	 61950000	19
chr11	 61350000	 60400000	19
chr11	 62350000	 60050000	46
chr11	 62550000	 61750000	16
chr11	 62750000	 60800000	39
chr11	 63400000	 64450000	21
chr11	 64550000	 63750000	16
chr11	 64900000	 63550000	27
chr11	 66650000	 65850000	16
chr11	 69350000	 68250000	22
chr11	 70500000	 69750000	15
chr11	 73600000	 73350000	5
chr11	 74100000	 74650000	11
chr11	 74600000	 72800000	36
chr11	 77150000	 78850000	34
chr11	 77500000	 78450000	19
chr11	 79550000	 81400000	37
chr11	 83000000	 82600000	8
chr11	 83150000	 81900000	25
chr11	 83400000	 84450000	21
chr11	 86100000	 82750000	67
chr11	 86250000	 83750000	50
chr11	 86800000	 88100000	26
chr11	 88000000	 87050000	19
chr11	 88150000	 88950000	16
chr11	 88450000	 91300000	57
chr11	 89150000	 90300000	23
chr11	 89500000	 90600000	22
chr11	 90600000	 89650000	19
chr11	 90900000	 91850000	19
chr11	 92150000	 92900000	15
chr11	 98000000	 98700000	14
chr11	100150000	102500000	47
chr11	100350000	 98300000	41
chr11	102450000	101500000	19
chr11	102900000	101450000	29
chr11	105450000	105050000	8
chr11	106200000	107900000	34
chr11	107750000	108750000	20
chr11	109100000	110750000	33
chr11	110800000	109600000	24
chr11	111500000	112650000	23
chr11	111950000	110700000	25
chr11	114750000	115600000	17
chr11	115000000	115800000	16
chr11	116350000	118550000	44
chr11	117500000	118800000	26
chr12	  1200000	  2050000	17
chr12	  1750000	  3300000	31
chr12	  4400000	  6350000	39
chr12	  5900000	  5050000	17
chr12	  6050000	  5150000	18
chr12	  6400000	  7250000	17
chr12	  6600000	  5650000	19
chr12	  7150000	  6000000	23
chr12	  9200000	 10350000	23
chr12	  9550000	  7900000	33
chr12	 10450000	 11600000	23
chr12	 11050000	 11800000	15
chr12	 12500000	 11650000	17
chr12	 14850000	 14650000	4
chr12	 15200000	 18350000	63
chr12	 16550000	 19000000	49
chr12	 16850000	 16250000	12
chr12	 17650000	 16500000	23
chr12	 18250000	 16500000	35
chr12	 21950000	 24500000	51
chr12	 25050000	 25850000	16
chr12	 26900000	 27750000	17
chr12	 28000000	 28350000	7
chr12	 28150000	 29350000	24
chr12	 29000000	 29700000	14
chr12	 30250000	 29800000	9
chr12	 30750000	 29800000	19
chr12	 30750000	 31450000	14
chr12	 32300000	 33400000	22
chr12	 33300000	 31850000	29
chr12	 35600000	 37500000	38
chr12	 36750000	 35950000	16
chr12	 38100000	 38550000	9
chr12	 38500000	 37200000	26
chr12	 39900000	 40850000	19
chr12	 40250000	 38750000	30
chr12	 40700000	 42700000	40
chr12	 46250000	 48250000	40
chr12	 46400000	 47900000	30
chr12	 47100000	 45600000	30
chr12	 47850000	 49150000	26
chr12	 48300000	 49250000	19
chr12	 48650000	 50350000	34
chr12	 50300000	 47700000	52
chr12	 52700000	 52950000	5
chr12	 54400000	 54500000	2
chr12	 55600000	 55200000	8
chr12	 55850000	 57050000	24
chr12	 56050000	 55000000	21
chr12	 56300000	 55550000	15
chr12	 58150000	 57850000	6
chr12	 58400000	 59000000	12
chr12	 62900000	 63950000	21
chr12	 66400000	 67450000	21
chr12	 67850000	 67450000	8
chr12	 68800000	 67750000	21
chr12	 72000000	 71000000	20
chr12	 78050000	 76700000	27
chr12	 79450000	 79150000	6
chr12	 79600000	 78450000	23
chr12	 80650000	 83100000	49
chr12	 82150000	 83750000	32
chr12	 82800000	 82450000	7
chr12	 83100000	 82550000	11
chr12	 83900000	 82200000	34
chr12	 84700000	 85300000	12
chr12	 86000000	 85600000	8
chr12	 86750000	 86150000	12
chr12	 87200000	 85250000	39
chr12	 88450000	 87450000	20
chr12	 89200000	 87800000	28
chr12	 90750000	 91450000	14
chr12	 90950000	 90000000	19
chr12	 91400000	 90000000	28
chr12	 91550000	 90500000	21
chr12	 93550000	 92850000	14
chr12	 95600000	 96300000	14
chr12	 97350000	 96200000	23
chr12	 97750000	 99500000	35
chr12	100850000	101900000	21
chr12	101500000	100800000	14
chr12	103550000	102350000	24
chr12	104350000	105000000	13
chr12	107000000	107650000	13
chr12	107300000	108950000	33
chr12	108800000	107400000	28
chr12	109100000	108050000	21
chr12	109300000	108050000	25
chr12	109850000	111250000	28
chr12	111550000	112400000	17
chr12	111850000	114000000	43
chr12	112600000	111750000	17
chr12	113850000	112250000	32
chr12	114500000	113700000	16
chr12	116550000	117100000	11
chr12	117950000	118800000	17
chr13	  2650000	   650000	40
chr13	  2750000	  3250000	10
chr13	  3950000	  3150000	16
chr13	  5650000	  5000000	13
chr13	 10350000	  5850000	90
chr13	 13300000	 14150000	17
chr13	 13400000	 14300000	18
chr13	 13500000	 12150000	27
chr13	 15400000	 15800000	8
chr13	 15600000	 15050000	11
chr13	 15700000	 16700000	20
chr13	 16450000	 15350000	22
chr13	 17000000	 18000000	20
chr13	 17650000	 16800000	17
chr13	 17700000	 16800000	18
chr13	 17750000	 16950000	16
chr13	 18900000	 20250000	27
chr13	 18950000	 21550000	52
chr13	 25350000	 25050000	6
chr13	 26100000	 24550000	31
chr13	 27950000	 27550000	8
chr13	 28850000	 30500000	33
chr13	 31000000	 29250000	35
chr13	 31050000	 28400000	53
chr13	 31400000	 29900000	30
chr13	 31400000	 30650000	15
chr13	 34900000	 33650000	25
chr13	 37250000	 35700000	31
chr13	 37450000	 38700000	25
chr13	 40300000	 40900000	12
chr13	 41900000	 42350000	9
chr13	 43150000	 44100000	19
chr13	 43700000	 44250000	11
chr13	 43900000	 42950000	19
chr13	 43950000	 44600000	13
chr13	 46950000	 49450000	50
chr13	 47300000	 47750000	9
chr13	 47450000	 48200000	15
chr13	 48400000	 47300000	22
chr13	 49750000	 51950000	44
chr13	 49800000	 50600000	16
chr13	 49950000	 49250000	14
chr13	 50350000	 51200000	17
chr13	 50500000	 51500000	20
chr13	 51000000	 53200000	44
chr13	 51400000	 52500000	22
chr13	 53450000	 54000000	11
chr13	 54200000	 53050000	23
chr13	 54250000	 53800000	9
chr13	 55100000	 55600000	10
chr13	 55550000	 53300000	45
chr13	 56500000	 55350000	23
chr13	 56600000	 55700000	18
chr13	 58050000	 60100000	41
chr13	 58250000	 58700000	9
chr13	 59400000	 58350000	21
chr13	 59950000	 61150000	24
chr13	 60350000	 59150000	24
chr13	 61250000	 58850000	48
chr13	 61250000	 59950000	26
chr13	 65050000	 64300000	15
chr13	 65250000	 65700000	9
chr13	 66300000	 64850000	29
chr13	 69800000	 68950000	17
chr13	 71300000	 70350000	19
chr13	 71950000	 72900000	19
chr13	 73500000	 74850000	27
chr13	 74150000	 73100000	21
chr13	 75100000	 74350000	15
chr13	 76900000	 78900000	40
chr13	 79400000	 79000000	8
chr13	 79550000	 79250000	6
chr13	 79650000	 78700000	19
chr13	 81200000	 82050000	17
chr13	 82400000	 81750000	13
chr13	 85450000	 87450000	40
chr13	 86450000	 85550000	18
chr13	 87500000	 86300000	24
chr13	 88700000	 90450000	35
chr13	 91200000	 89800000	28
chr13	 92050000	 90000000	41
chr13	 93350000	 94500000	23
chr13	 96950000	 97600000	13
chr13	 96950000	 98550000	32
chr13	 99200000	 98700000	10
chr13	 99850000	100600000	15
chr13	100100000	100700000	12
chr13	101350000	102800000	29
chr13	103600000	102450000	23
chr13	106750000	107200000	9
chr13	108200000	109550000	27
chr13	108900000	110350000	29
chr13	110550000	111050000	10
chr13	111600000	113650000	41
chr13	111950000	113000000	21
chr13	112300000	111000000	26
chr13	113850000	113450000	8
chr13	113850000	114550000	14
chr13	114400000	114200000	4
chr13	117550000	118250000	14
chr13	117650000	118850000	24
chr13	118750000	118050000	14
chr13	119250000	117550000	34
chr14	  1100000	   400000	14
chr14	  2600000	  3050000	9
chr14	  3050000	  1550000	30
chr14	  3550000	  2100000	29
chr14	  3900000	  5000000	22
chr14	  5400000	  4650000	15
chr14	  7450000	  8350000	18
chr14	 10600000	 10000000	12
chr14	 11250000	 10700000	11
chr14	 11550000	  8650000	58
chr14	 12300000	 12950000	13
chr14	 12750000	 10550000	44
chr14	 13000000	 12050000	19
chr14	 14450000	 15300000	17
chr14	 15150000	 16450000	26
chr14	 15350000	 15800000	9
chr14	 17450000	 16550000	18
chr14	 19450000	 20300000	17
chr14	 19550000	 20250000	14
chr14	 19900000	 20950000	21
chr14	 20350000	 20050000	6
chr14	 23600000	 25500000	38
chr14	 23700000	 22750000	19
chr14	 23850000	 25450000	32
chr14	 24050000	 23450000	12
chr14	 24250000	 22850000	28
chr14	 27900000	 26850000	21
chr14	 28200000	 27000000	24
chr14	 28400000	 31750000	67
chr14	 30300000	 32400000	42
chr14	 31350000	 30050000	26
chr14	 32250000	 33550000	26
chr14	 32500000	 33500000	20
chr14	 32550000	 33850000	26
chr14	 33000000	 30450000	51
chr14	 34850000	 33700000	23
chr14	 35500000	 36250000	15
chr14	 37250000	 37550000	6
chr14	 37800000	 35100000	54
chr14	 40000000	 38300000	34
chr14	 42200000	 41700000	10
chr14	 42700000	 40400000	46
chr14	 48100000	 47700000	8
chr14	 48400000	 50050000	33
chr14	 50500000	 50850000	7
chr14	 50500000	 51400000	18
chr14	 52250000	 50500000	35
chr14	 53000000	 51400000	32
chr14	 55500000	 55150000	7
chr14	 55850000	 56350000	10
chr14	 58100000	 56350000	35
chr14	 58600000	 58600000	0
chr14	 60400000	 61850000	29
chr14	 61700000	 60500000	24
chr14	 62550000	 63300000	15
chr14	 63000000	 61350000	33
chr14	 63150000	 62650000	10
chr14	 63950000	 64600000	13
chr14	 64150000	 64750000	12
chr14	 64600000	 64900000	6
chr14	 65050000	 67000000	39
chr14	 65300000	 64600000	14
chr14	 68650000	 67800000	17
chr14	 71450000	 70400000	21
chr14	 72200000	 70300000	38
chr14	 72350000	 71250000	22
chr14	 73900000	 75750000	37
chr14	 78800000	 80500000	34
chr14	 81950000	 82650000	14
chr14	 83950000	 80000000	79
chr14	 85800000	 87850000	41
chr14	 86300000	 86850000	11
chr14	 86800000	 87000000	4
chr14	 88400000	 90050000	33
chr14	 88500000	 86900000	32
chr14	 90800000	 91600000	16
chr14	 91550000	 92100000	11
chr14	 91750000	 89900000	37
chr14	 94100000	 95250000	23
chr14	 95300000	 95750000	9
chr14	 95800000	 96750000	19
chr14	 95850000	 93550000	46
chr14	102350000	101250000	22
chr14	105250000	103550000	34
chr14	107050000	104000000	61
chr14	108000000	109800000	36
chr14	109050000	110350000	26
chr14	109300000	108700000	12
chr14	109400000	108750000	13
chr14	109550000	111200000	33
chr14	111050000	110850000	4
chr14	111250000	112200000	19
chr14	113200000	112350000	17
chr14	113300000	113950000	13
chr14	113550000	111950000	32
chr14	113700000	115200000	30
chr14	117000000	118000000	20
chr14	117550000	118350000	16
chr14	118200000	118900000	14
chr14	120100000	118550000	31
chr14	121300000	120000000	26
chr14	121750000	122800000	21
chr14	124750000	123950000	16
chr15	  1300000	   650000	13
chr15	  3350000	  3900000	11
chr15	  5050000	  2600000	49
chr15	  6400000	  6100000	6
chr15	  6700000	  8200000	30
chr15	  7650000	  9100000	29
chr15	  8550000	  8450000	2
chr15	  9200000	  7150000	41
chr15	 10050000	  9300000	15
chr15	 10050000	 10850000	16
chr15	 13850000	 15700000	37
chr15	 17400000	 16350000	21
chr15	 20800000	 21600000	16
chr15	 22700000	 24200000	30
chr15	 25350000	 23950000	28
chr15	 28150000	 29550000	28
chr15	 28550000	 27450000	22
chr15	 30100000	 31100000	20
chr15	 31900000	 34250000	47
chr15	 32100000	 31250000	17
chr15	 38750000	 37750000	20
chr15	 39650000	 40150000	10
chr15	 40400000	 39800000	12
chr15	 41450000	 40050000	28
chr15	 41900000	 40950000	19
chr15	 42250000	 40850000	28
chr15	 43100000	 45700000	52
chr15	 43750000	 45050000	26
chr15	 46200000	 47250000	21
chr15	 46700000	 45000000	34
chr15	 49500000	 50750000	25
chr15	 49900000	 49900000	0
chr15	 50400000	 55250000	97
chr15	 50750000	 52000000	25
chr15	 52300000	 53350000	21
chr15	 52500000	 52850000	7
chr15	 54900000	 55650000	15
chr15	 55200000	 53550000	33
chr15	 57250000	 58600000	27
chr15	 59450000	 60750000	26
chr15	 59800000	 60850000	21
chr15	 60750000	 61800000	21
chr15	 61950000	 61450000	10
chr15	 62350000	 60950000	28
chr15	 62750000	 63200000	9
chr15	 63600000	 62450000	23
chr15	 65700000	 66000000	6
chr15	 66400000	 67450000	21
chr15	 68350000	 67500000	17
chr15	 68550000	 67400000	23
chr15	 68650000	 66400000	45
chr15	 69750000	 68350000	28
chr15	 70300000	 69850000	9
chr15	 70800000	 69750000	21
chr15	 74100000	 75350000	25
chr15	 74650000	 75350000	14
chr15	 74650000	 75950000	26
chr15	 75400000	 76400000	20
chr15	 75600000	 74550000	21
chr15	 76250000	 80850000	92
chr15	 78050000	 77250000	16
chr15	 79050000	 79750000	14
chr15	 80750000	 80000000	15
chr15	 81350000	 83100000	35
chr15	 81750000	 83800000	41
chr15	 85500000	 83650000	37
chr15	 86950000	 86150000	16
chr15	 87500000	 87100000	8
chr15	 89500000	 90200000	14
chr15	 91850000	 90600000	25
chr15	 93250000	 94050000	16
chr15	 94850000	 97800000	59
chr15	 96300000	 98000000	34
chr15	 96600000	 96000000	12
chr15	 96800000	 94250000	51
chr15	 98050000	 99500000	29
chr15	100150000	 99300000	17
chr15	101150000	100800000	7
chr15	101700000	100150000	31
chr15	101900000	101150000	15
chr16	   400000	  3850000	69
chr16	  1100000	   350000	15
chr16	  2550000	  1550000	20
chr16	  3000000	  3900000	18
chr16	  3250000	   950000	46
chr16	  4850000	  3050000	36
chr16	  4950000	  4400000	11
chr16	  6800000	  6200000	12
chr16	 10500000	 11200000	14
chr16	 10600000	 12600000	40
chr16	 11350000	 10700000	13
chr16	 12150000	 12800000	13
chr16	 14450000	 15300000	17
chr16	 15150000	 14400000	15
chr16	 15850000	 16450000	12
chr16	 17550000	 18300000	15
chr16	 20350000	 20700000	7
chr16	 21100000	 20500000	12
chr16	 24350000	 24600000	5
chr16	 24750000	 25450000	14
chr16	 26550000	 25750000	16
chr16	 26800000	 25650000	23
chr16	 27550000	 25500000	41
chr16	 29650000	 30250000	12
chr16	 29900000	 29050000	17
chr16	 30000000	 30500000	10
chr16	 31950000	 33150000	24
chr16	 32700000	 31900000	16
chr16	 34050000	 33400000	13
chr16	 34100000	 32950000	23
chr16	 35400000	 36000000	12
chr16	 36050000	 35250000	16
chr16	 36200000	 34200000	40
chr16	 36700000	 36150000	11
chr16	 38000000	 40700000	54
chr16	 38750000	 37500000	25
chr16	 40500000	 41300000	16
chr16	 40650000	 39400000	25
chr16	 42800000	 43200000	8
chr16	 44150000	 44900000	15
chr16	 45100000	 44500000	12
chr16	 50050000	 49350000	14
chr16	 50100000	 49350000	15
chr16	 50200000	 50950000	15
chr16	 53450000	 52850000	12
chr16	 55500000	 55750000	5
chr16	 57900000	 59000000	22
chr16	 60300000	 61350000	21
chr16	 62150000	 63100000	19
chr16	 63300000	 64450000	23
chr16	 64800000	 65250000	9
chr16	 66800000	 66150000	13
chr16	 67050000	 67900000	17
chr16	 69900000	 71650000	35
chr16	 69950000	 68950000	20
chr16	 71350000	 71100000	5
chr16	 72750000	 71600000	23
chr16	 76100000	 75250000	17
chr16	 76850000	 73750000	62
chr16	 77600000	 78500000	18
chr16	 77700000	 78500000	16
chr16	 80200000	 80900000	14
chr16	 82300000	 81400000	18
chr16	 88850000	 90450000	32
chr16	 90450000	 91250000	16
chr16	 91300000	 90300000	20
chr16	 92550000	 91050000	30
chr16	 93700000	 94750000	21
chr16	 96150000	 94500000	33
chr16	 96550000	 95650000	18
chr16	 97750000	 96050000	34
chr17	  3700000	  2200000	30
chr17	  4400000	  3700000	14
chr17	  4450000	  2000000	49
chr17	  5100000	  7450000	47
chr17	  6550000	  5500000	21
chr17	  7250000	  8250000	20
chr17	  8950000	  9550000	12
chr17	  9950000	 10350000	8
chr17	 11600000	 10000000	32
chr17	 11600000	 12600000	20
chr17	 13800000	 14100000	6
chr17	 15150000	 16050000	18
chr17	 16750000	 16000000	15
chr17	 17650000	 17200000	9
chr17	 18350000	 16800000	31
chr17	 18650000	 18100000	11
chr17	 20600000	 18300000	46
chr17	 21450000	 20300000	23
chr17	 23800000	 24600000	16
chr17	 24350000	 26000000	33
chr17	 29700000	 31100000	28
chr17	 29850000	 31250000	28
chr17	 30450000	 31100000	13
chr17	 35400000	 32650000	55
chr17	 35950000	 38200000	45
chr17	 36100000	 36450000	7
chr17	 40500000	 39900000	12
chr17	 42650000	 43350000	14
chr17	 43450000	 45250000	36
chr17	 45350000	 46250000	18
chr17	 45950000	 43500000	49
chr17	 49500000	 49200000	6
chr17	 52300000	 51150000	23
chr17	 53050000	 51550000	30
chr17	 53850000	 52550000	26
chr17	 54400000	 55850000	29
chr17	 55950000	 58300000	47
chr17	 56850000	 57450000	12
chr17	 57200000	 56750000	9
chr17	 58800000	 58300000	10
chr17	 59100000	 59800000	14
chr17	 59250000	 57950000	26
chr17	 59650000	 61000000	27
chr17	 61100000	 59800000	26
chr17	 63300000	 64500000	24
chr17	 64850000	 66100000	25
chr17	 65400000	 64600000	16
chr17	 65500000	 66050000	11
chr17	 70450000	 70950000	10
chr17	 71700000	 75450000	75
chr17	 72350000	 72200000	3
chr17	 73450000	 71500000	39
chr17	 75250000	 73350000	38
chr17	 76350000	 76850000	10
chr17	 76450000	 75050000	28
chr17	 76850000	 77500000	13
chr17	 83650000	 85050000	28
chr17	 85300000	 81500000	76
chr17	 87300000	 88350000	21
chr17	 87950000	 89200000	25
chr17	 91400000	 91050000	7
chr17	 93400000	 93900000	10
chr17	 93450000	 92150000	26
chr18	  1450000	   700000	15
chr18	  2250000	  1600000	13
chr18	  2900000	  2250000	13
chr18	  4250000	  3500000	15
chr18	  5250000	  5850000	12
chr18	  6050000	  5300000	15
chr18	  6600000	  5700000	18
chr18	  8250000	 11200000	59
chr18	  8450000	  8450000	0
chr18	 10900000	 12100000	24
chr18	 11500000	 10650000	17
chr18	 11750000	 12450000	14
chr18	 14250000	 13600000	13
chr18	 14700000	 13200000	30
chr18	 15150000	 13200000	39
chr18	 15700000	 16300000	12
chr18	 16000000	 18100000	42
chr18	 16450000	 16950000	10
chr18	 17700000	 19700000	40
chr18	 18950000	 18250000	14
chr18	 19050000	 21200000	43
chr18	 19600000	 18650000	19
chr18	 20950000	 23100000	43
chr18	 21150000	 19850000	26
chr18	 21800000	 20450000	27
chr18	 22500000	 21550000	19
chr18	 23550000	 24600000	21
chr18	 24050000	 27900000	77
chr18	 24600000	 23300000	26
chr18	 27100000	 26600000	10
chr18	 27500000	 28300000	16
chr18	 28650000	 27700000	19
chr18	 30400000	 29000000	28
chr18	 32200000	 33100000	18
chr18	 32650000	 32900000	5
chr18	 32900000	 31850000	21
chr18	 34000000	 33600000	8
chr18	 37650000	 38000000	7
chr18	 38300000	 37450000	17
chr18	 40400000	 41300000	18
chr18	 42100000	 42800000	14
chr18	 43750000	 44000000	5
chr18	 44200000	 45250000	21
chr18	 46500000	 47950000	29
chr18	 46600000	 47450000	17
chr18	 47850000	 49800000	39
chr18	 48000000	 47500000	10
chr18	 50350000	 49300000	21
chr18	 51450000	 49650000	36
chr18	 54400000	 53350000	21
chr18	 55000000	 53300000	34
chr18	 55500000	 56850000	27
chr18	 55750000	 56450000	14
chr18	 55850000	 53850000	40
chr18	 56950000	 56400000	11
chr18	 58250000	 57950000	6
chr18	 58950000	 59650000	14
chr18	 62750000	 60050000	54
chr18	 62900000	 61850000	21
chr18	 63500000	 62700000	16
chr18	 64200000	 64850000	13
chr18	 69050000	 71300000	45
chr18	 71700000	 70850000	17
chr18	 71950000	 70800000	23
chr18	 72300000	 73300000	20
chr18	 77950000	 76150000	36
chr18	 79300000	 78600000	14
chr18	 79350000	 80900000	31
chr18	 80300000	 78150000	43
chr18	 80900000	 80400000	10
chr18	 84350000	 83700000	13
chr18	 87650000	 88400000	15
chr18	 90700000	 90300000	8
chr19	   250000	  1950000	34
chr19	  1750000	  2450000	14
chr19	  2100000	  3700000	32
chr19	  4700000	  4000000	14
chr19	  7500000	  6500000	20
chr19	 11200000	 10100000	22
chr19	 12050000	 13200000	23
chr19	 12550000	 12950000	8
chr19	 12600000	 13350000	15
chr19	 12700000	 13250000	11
chr19	 12750000	 12750000	0
chr19	 14500000	 15450000	19
chr19	 15250000	 16600000	27
chr19	 17550000	 18600000	21
chr19	 19400000	 19750000	7
chr19	 19800000	 16400000	68
chr19	 20550000	 17000000	71
chr19	 20850000	 20000000	17
chr19	 21000000	 19850000	23
chr19	 22350000	 20250000	42
chr19	 24150000	 23850000	6
chr19	 24800000	 26000000	24
chr19	 26250000	 25600000	13
chr19	 26550000	 25450000	22
chr19	 27000000	 24650000	47
chr19	 27450000	 25200000	45
chr19	 28800000	 27750000	21
chr19	 29200000	 28650000	11
chr19	 30450000	 29950000	10
chr19	 31800000	 32950000	23
chr19	 32400000	 32850000	9
chr19	 34300000	 35500000	24
chr19	 38650000	 40450000	36
chr19	 39500000	 41600000	42
chr19	 42350000	 40200000	43
chr19	 42400000	 41300000	22
chr19	 45000000	 45250000	5
chr19	 46900000	 47900000	20
chr19	 47250000	 46700000	11
chr19	 48050000	 50050000	40
chr19	 48800000	 49100000	6
chr19	 50350000	 50900000	11
chr19	 50650000	 51950000	26
chr19	 53550000	 52950000	12
chr19	 54800000	 56500000	34
chr19	 56800000	 57950000	23
chr19	 59250000	 58450000	16
chr19	 59850000	 60450000	12
chr2	   950000	  2150000	24
chr2	  1500000	  3350000	37
chr2	  1950000	  3150000	24
chr2	  4300000	  3550000	15
chr2	  5750000	  6350000	12
chr2	  7700000	  5700000	40
chr2	  7800000	  8850000	21
chr2	  9000000	 10600000	32
chr2	 12600000	 11100000	30
chr2	 15650000	 15000000	13
chr2	 18300000	 17400000	18
chr2	 19950000	 19650000	6
chr2	 23350000	 24350000	20
chr2	 29600000	 28200000	28
chr2	 30200000	 31600000	28
chr2	 32500000	 33900000	28
chr2	 33950000	 32950000	20
chr2	 35350000	 33900000	29
chr2	 35550000	 34000000	31
chr2	 36900000	 35800000	22
chr2	 38600000	 38250000	7
chr2	 39600000	 37850000	35
chr2	 42400000	 40400000	40
chr2	 47300000	 46450000	17
chr2	 49200000	 47750000	29
chr2	 54150000	 55450000	26
chr2	 54700000	 55850000	23
chr2	 56550000	 57250000	14
chr2	 58100000	 56350000	35
chr2	 61800000	 62300000	10
chr2	 65400000	 60750000	93
chr2	 65850000	 67200000	27
chr2	 69400000	 71050000	33
chr2	 69550000	 68950000	12
chr2	 75550000	 75250000	6
chr2	 75650000	 72950000	54
chr2	 75900000	 75100000	16
chr2	 76200000	 77600000	28
chr2	 76300000	 75200000	22
chr2	 77150000	 78000000	17
chr2	 77450000	 78950000	30
chr2	 80300000	 82400000	42
chr2	 80950000	 78200000	55
chr2	 83300000	 81850000	29
chr2	 85650000	 86400000	15
chr2	 88850000	 86600000	45
chr2	 89300000	 88450000	17
chr2	 90800000	 89700000	22
chr2	 94100000	 92400000	34
chr2	 95250000	 93650000	32
chr2	 95400000	 94300000	22
chr2	 96400000	 98250000	37
chr2	 98500000	 99750000	25
chr2	 99350000	 98300000	21
chr2	100100000	 99350000	15
chr2	101700000	101200000	10
chr2	102000000	100800000	24
chr2	103500000	102700000	16
chr2	103950000	105800000	37
chr2	105450000	104000000	29
chr2	105450000	106500000	21
chr2	105900000	106500000	12
chr2	108000000	105250000	55
chr2	109100000	111350000	45
chr2	109700000	109100000	12
chr2	111500000	109450000	41
chr2	111550000	112800000	25
chr2	112200000	114350000	43
chr2	112350000	112750000	8
chr2	112750000	111800000	19
chr2	114550000	116400000	37
chr2	117650000	116250000	28
chr2	117750000	116550000	24
chr2	119650000	119100000	11
chr2	121550000	122150000	12
chr2	123850000	124500000	13
chr2	124150000	122950000	24
chr2	124400000	122750000	33
chr2	125750000	126850000	22
chr2	126600000	127700000	22
chr2	127300000	124900000	48
chr2	128250000	128550000	6
chr2	128550000	129850000	26
chr2	131650000	131400000	5
chr2	132100000	131300000	16
chr2	132100000	131600000	10
chr2	133950000	132750000	24
chr2	136950000	135850000	22
chr2	137600000	138900000	26
chr2	138850000	138000000	17
chr2	139300000	138750000	11
chr2	140000000	138350000	33
chr2	140000000	141650000	33
chr2	142250000	143500000	25
chr2	142400000	139400000	60
chr2	144000000	142750000	25
chr2	145800000	144800000	20
chr2	146650000	147000000	7
chr2	146700000	147850000	23
chr2	146850000	145350000	30
chr2	146950000	145050000	38
chr2	147200000	147000000	4
chr2	148800000	146550000	45
chr2	152250000	151200000	21
chr2	154000000	154600000	12
chr2	154650000	155100000	9
chr2	155900000	157550000	33
chr2	156100000	157250000	23
chr2	156950000	157750000	16
chr2	158250000	156600000	33
chr2	158850000	157250000	32
chr2	159900000	158850000	21
chr2	160600000	159800000	16
chr2	163200000	164300000	22
chr2	163300000	161750000	31
chr2	167000000	165900000	22
chr2	168550000	171500000	59
chr2	169150000	168100000	21
chr2	169200000	168000000	24
chr2	169250000	168650000	12
chr2	170050000	168700000	27
chr2	170600000	170050000	11
chr2	172300000	173450000	23
chr2	175550000	179100000	71
chr2	177800000	176050000	35
chr2	178900000	180800000	38
chr2	179500000	179050000	9
chr2	180850000	179950000	18
chr3	  1050000	  2450000	28
chr3	  3450000	  2350000	22
chr3	  4750000	  4000000	15
chr3	  6300000	  5800000	10
chr3	  9600000	 11350000	35
chr3	  9800000	  9400000	8
chr3	 10600000	  9450000	23
chr3	 13350000	 13800000	9
chr3	 14600000	 15750000	23
chr3	 14800000	 15750000	19
chr3	 16000000	 16550000	11
chr3	 16450000	 17700000	25
chr3	 18100000	 16350000	35
chr3	 20500000	 18750000	35
chr3	 21250000	 20850000	8
chr3	 23800000	 22100000	34
chr3	 24550000	 23700000	17
chr3	 25150000	 26650000	30
chr3	 25500000	 24400000	22
chr3	 26300000	 24500000	36
chr3	 26650000	 27300000	13
chr3	 26850000	 25700000	23
chr3	 27850000	 29150000	26
chr3	 28050000	 29900000	37
chr3	 29300000	 30100000	16
chr3	 31250000	 32100000	17
chr3	 31650000	 34050000	48
chr3	 32650000	 31650000	20
chr3	 32900000	 32450000	9
chr3	 34950000	 36000000	21
chr3	 38950000	 38350000	12
chr3	 40800000	 40100000	14
chr3	 41950000	 42800000	17
chr3	 42750000	 42250000	10
chr3	 43200000	 44550000	27
chr3	 43300000	 42800000	10
chr3	 43350000	 44000000	13
chr3	 46150000	 47100000	19
chr3	 46750000	 45950000	16
chr3	 49000000	 50400000	28
chr3	 49600000	 48900000	14
chr3	 50050000	 50650000	12
chr3	 52900000	 54000000	22
chr3	 53850000	 55400000	31
chr3	 54200000	 53500000	14
chr3	 54650000	 53000000	33
chr3	 55950000	 54250000	34
chr3	 56300000	 56950000	13
chr3	 57800000	 58000000	4
chr3	 60000000	 58650000	27
chr3	 60050000	 59200000	17
chr3	 61000000	 60200000	16
chr3	 61350000	 62550000	24
chr3	 62950000	 64600000	33
chr3	 63100000	 60900000	44
chr3	 63200000	 64250000	21
chr3	 66800000	 65650000	23
chr3	 67000000	 66550000	9
chr3	 67600000	 66900000	14
chr3	 69450000	 70400000	19
chr3	 70650000	 69650000	20
chr3	 73150000	 71800000	27
chr3	 73450000	 71350000	42
chr3	 76150000	 78000000	37
chr3	 77000000	 77850000	17
chr3	 83300000	 85050000	35
chr3	 83350000	 82800000	11
chr3	 86400000	 85900000	10
chr3	 86750000	 87150000	8
chr3	 87400000	 86400000	20
chr3	 90200000	 94100000	78
chr3	 90500000	 91900000	28
chr3	 91600000	 92000000	8
chr3	 94400000	 93800000	12
chr3	 94650000	 93300000	27
chr3	 94750000	 96000000	25
chr3	 95200000	 95800000	12
chr3	 97350000	 98200000	17
chr3	 98450000	 96450000	40
chr3	101700000	100700000	20
chr3	102400000	100000000	48
chr3	102500000	101100000	28
chr3	105000000	103800000	24
chr3	105550000	106900000	27
chr3	106000000	104400000	32
chr3	106150000	107550000	28
chr3	106650000	107200000	11
chr3	107850000	108700000	17
chr3	109800000	110700000	18
chr3	110400000	111300000	18
chr3	113350000	112250000	22
chr3	114400000	112200000	44
chr3	118400000	119350000	19
chr3	119100000	118600000	10
chr3	119100000	118750000	7
chr3	119300000	118250000	21
chr3	120400000	118600000	36
chr3	120500000	119050000	29
chr3	120800000	119500000	26
chr3	122100000	122600000	10
chr3	122150000	121500000	13
chr3	122250000	123850000	32
chr3	124350000	126500000	43
chr3	126000000	125350000	13
chr3	126400000	127400000	20
chr3	126500000	125450000	21
chr3	126550000	126250000	6
chr3	130300000	130950000	13
chr3	135450000	137550000	42
chr3	139450000	142050000	52
chr3	139750000	141050000	26
chr3	140150000	142050000	38
chr3	143250000	145100000	37
chr3	144150000	146750000	52
chr3	144200000	141650000	51
chr3	145750000	147200000	29
chr3	146150000	147350000	24
chr3	147650000	146700000	19
chr3	152850000	151950000	18
chr3	155150000	156500000	27
chr3	157250000	158450000	24
chr4	  6100000	  6800000	14
chr4	  9950000	  8150000	36
chr4	 10650000	 14350000	74
chr4	 14100000	 12850000	25
chr4	 14750000	 13600000	23
chr4	 16400000	 17050000	13
chr4	 17800000	 17000000	16
chr4	 19050000	 20000000	19
chr4	 21050000	 18050000	60
chr4	 23450000	 24050000	12
chr4	 23500000	 24150000	13
chr4	 25300000	 25550000	5
chr4	 27050000	 25350000	34
chr4	 27250000	 28000000	15
chr4	 27300000	 28400000	22
chr4	 28400000	 27100000	26
chr4	 29350000	 28800000	11
chr4	 30150000	 31350000	24
chr4	 30600000	 31100000	10
chr4	 31300000	 32200000	18
chr4	 31550000	 30800000	15
chr4	 31750000	 32900000	23
chr4	 31750000	 33200000	29
chr4	 31850000	 31300000	11
chr4	 33350000	 34000000	13
chr4	 33500000	 33200000	6
chr4	 33850000	 35600000	35
chr4	 34300000	 33700000	12
chr4	 34500000	 37700000	64
chr4	 35850000	 34400000	29
chr4	 36200000	 35000000	24
chr4	 38250000	 36300000	39
chr4	 38950000	 39200000	5
chr4	 40250000	 39150000	22
chr4	 40900000	 40600000	6
chr4	 41350000	 42800000	29
chr4	 41650000	 41800000	3
chr4	 41800000	 42450000	13
chr4	 41950000	 42450000	10
chr4	 42850000	 43150000	6
chr4	 42950000	 45900000	59
chr4	 43200000	 42000000	24
chr4	 44550000	 44950000	8
chr4	 46000000	 43900000	42
chr4	 46300000	 47650000	27
chr4	 47900000	 46300000	32
chr4	 48900000	 48350000	11
chr4	 48950000	 48950000	0
chr4	 49900000	 48800000	22
chr4	 50050000	 49350000	14
chr4	 51050000	 50500000	11
chr4	 51550000	 50850000	14
chr4	 51550000	 52050000	10
chr4	 53100000	 55200000	42
chr4	 53150000	 52250000	18
chr4	 53650000	 54550000	18
chr4	 55650000	 54900000	15
chr4	 56500000	 57200000	14
chr4	 57350000	 58550000	24
chr4	 60000000	 59350000	13
chr4	 61450000	 59650000	36
chr4	 63100000	 61500000	32
chr4	 63400000	 62050000	27
chr4	 67350000	 68700000	27
chr4	 68050000	 66950000	22
chr4	 69400000	 70200000	16
chr4	 70250000	 69500000	15
chr4	 72300000	 71600000	14
chr4	 74950000	 72700000	45
chr4	 75300000	 74000000	26
chr4	 76650000	 77450000	16
chr4	 77150000	 75800000	27
chr4	 77650000	 79300000	33
chr4	 78050000	 79750000	34
chr4	 81400000	 80400000	20
chr4	 81650000	 81250000	8
chr4	 82650000	 83800000	23
chr4	 85350000	 83150000	44
chr4	 89000000	 91050000	41
chr4	 91300000	 88600000	54
chr4	 91750000	 92200000	9
chr4	 92100000	 90850000	25
chr4	 92200000	 92900000	14
chr4	 92250000	 92900000	13
chr4	 92650000	 93350000	14
chr4	 93250000	 94100000	17
chr4	 93750000	 94550000	16
chr4	 94050000	 93750000	6
chr4	 94150000	 93250000	18
chr4	 95900000	 94650000	25
chr4	 99100000	 98250000	17
chr4	 99600000	 98050000	31
chr4	102150000	100600000	31
chr4	102300000	103600000	26
chr4	102900000	102500000	8
chr4	103000000	101300000	34
chr4	103600000	102250000	27
chr4	107100000	106550000	11
chr4	107150000	108300000	23
chr4	107300000	109050000	35
chr4	109200000	109850000	13
chr4	112450000	113300000	17
chr4	112650000	113450000	16
chr4	113150000	114100000	19
chr4	113400000	114200000	16
chr4	113400000	114250000	17
chr4	113650000	113450000	4
chr4	116350000	115450000	18
chr4	116500000	115900000	12
chr4	116550000	115750000	16
chr4	117300000	115650000	33
chr4	118950000	120050000	22
chr4	119050000	117150000	38
chr4	119750000	120500000	15
chr4	120300000	118700000	32
chr4	122500000	123500000	20
chr4	122750000	120850000	38
chr4	125150000	128000000	57
chr4	126400000	124950000	29
chr4	129400000	131150000	35
chr4	132700000	133350000	13
chr4	134900000	133900000	20
chr4	137250000	136650000	12
chr4	137250000	138000000	15
chr4	140350000	141450000	22
chr4	142750000	141350000	28
chr4	143600000	144450000	17
chr4	143800000	143300000	10
chr4	145150000	143900000	25
chr4	146400000	147750000	27
chr4	146500000	145000000	30
chr4	147500000	147500000	0
chr4	147700000	146300000	28
chr4	148350000	148800000	9
chr4	152600000	153500000	18
chr4	152700000	152050000	13
chr4	152800000	154100000	26
chr4	153650000	154100000	9
chr4	153950000	154500000	11
chr4	155250000	154950000	6
chr4	156000000	154700000	26
chr5	  2350000	  2800000	9
chr5	  3250000	  3700000	9
chr5	  6100000	  6600000	10
chr5	  6100000	  6700000	12
chr5	  6300000	  4800000	30
chr5	  7100000	  8000000	18
chr5	  9650000	  8600000	21
chr5	 10350000	 12300000	39
chr5	 10900000	 11900000	20
chr5	 12000000	 13200000	24
chr5	 14450000	 13650000	16
chr5	 15400000	 14850000	11
chr5	 17150000	 18800000	33
chr5	 20100000	 19350000	15
chr5	 21200000	 18350000	57
chr5	 21750000	 21050000	14
chr5	 21950000	 21350000	12
chr5	 23500000	 22250000	25
chr5	 24000000	 24750000	15
chr5	 25050000	 23550000	30
chr5	 25200000	 23950000	25
chr5	 25650000	 26950000	26
chr5	 27050000	 28000000	19
chr5	 27400000	 26000000	28
chr5	 27900000	 29850000	39
chr5	 29450000	 28050000	28
chr5	 29950000	 28600000	27
chr5	 30650000	 29700000	19
chr5	 34000000	 33550000	9
chr5	 35650000	 34150000	30
chr5	 35700000	 34000000	34
chr5	 37250000	 37800000	11
chr5	 39700000	 38650000	21
chr5	 40150000	 39200000	19
chr5	 40400000	 41200000	16
chr5	 40700000	 42300000	32
chr5	 41750000	 42100000	7
chr5	 44300000	 45300000	20
chr5	 44400000	 43000000	28
chr5	 44650000	 45450000	16
chr5	 46000000	 45300000	14
chr5	 46400000	 44500000	38
chr5	 47100000	 45650000	29
chr5	 50700000	 50100000	12
chr5	 54400000	 53050000	27
chr5	 58200000	 59700000	30
chr5	 63700000	 62450000	25
chr5	 65150000	 65700000	11
chr5	 66450000	 64600000	37
chr5	 66500000	 67050000	11
chr5	 67450000	 66600000	17
chr5	 68500000	 69400000	18
chr5	 70200000	 73850000	73
chr5	 70850000	 70200000	13
chr5	 74000000	 73200000	16
chr5	 74000000	 75050000	21
chr5	 75700000	 74600000	22
chr5	 82550000	 84400000	37
chr5	 84500000	 85550000	21
chr5	 86700000	 88600000	38
chr5	 86900000	 86200000	14
chr5	 87250000	 86850000	8
chr5	 87850000	 87300000	11
chr5	 88100000	 90400000	46
chr5	 89900000	 91550000	33
chr5	 91250000	 89400000	37
chr5	 91250000	 90500000	15
chr5	 98600000	101250000	53
chr5	100700000	101550000	17
chr5	104250000	104250000	0
chr5	106750000	107050000	6
chr5	107950000	107350000	12
chr5	108100000	108750000	13
chr5	110350000	108850000	30
chr5	111750000	112750000	20
chr5	112250000	113400000	23
chr5	112700000	113550000	17
chr5	114400000	112650000	35
chr5	114950000	115300000	7
chr5	115600000	114500000	22
chr5	117350000	119600000	45
chr5	117450000	116850000	12
chr5	120650000	121450000	16
chr5	121050000	119950000	22
chr5	121050000	122000000	19
chr5	122300000	120750000	31
chr5	122300000	121050000	25
chr5	122350000	122550000	4
chr5	125000000	125500000	10
chr5	125250000	125100000	3
chr5	126900000	126050000	17
chr5	127800000	126250000	31
chr5	130000000	129150000	17
chr5	130100000	125150000	99
chr5	131950000	130600000	27
chr5	132000000	132500000	10
chr5	132100000	133450000	27
chr5	132750000	133950000	24
chr5	136050000	137350000	26
chr5	136550000	137150000	12
chr5	138950000	139550000	12
chr5	139050000	138450000	12
chr5	139900000	139550000	7
chr5	141650000	143600000	39
chr5	144550000	146050000	30
chr5	144550000	146100000	31
chr5	145600000	146200000	12
chr5	146500000	144650000	37
chr5	146950000	147900000	19
chr5	147050000	147950000	18
chr5	147700000	148900000	24
chr5	150900000	149950000	19
chr5	151150000	150150000	20
chr6	   800000	  1900000	22
chr6	  1350000	  4250000	58
chr6	  1800000	  3050000	25
chr6	  4400000	  3250000	23
chr6	  5600000	  5300000	6
chr6	  6300000	  7200000	18
chr6	  6350000	  8100000	35
chr6	  7200000	 10550000	67
chr6	  7350000	  6500000	17
chr6	 10200000	 11150000	19
chr6	 10250000	  8500000	35
chr6	 10400000	 11700000	26
chr6	 13100000	 15400000	46
chr6	 15650000	 16850000	24
chr6	 15700000	 16400000	14
chr6	 18550000	 19550000	20
chr6	 19200000	 16550000	53
chr6	 20450000	 21400000	19
chr6	 21000000	 21750000	15
chr6	 22200000	 25000000	56
chr6	 22250000	 22600000	7
chr6	 23250000	 22700000	11
chr6	 24050000	 22800000	25
chr6	 27150000	 26250000	18
chr6	 29650000	 30550000	18
chr6	 32300000	 34100000	36
chr6	 32500000	 35800000	66
chr6	 35750000	 33350000	48
chr6	 38950000	 40350000	28
chr6	 39800000	 40100000	6
chr6	 41000000	 40200000	16
chr6	 41500000	 40600000	18
chr6	 44150000	 45500000	27
chr6	 45950000	 47200000	25
chr6	 47800000	 47400000	8
chr6	 48550000	 48900000	7
chr6	 49850000	 50850000	20
chr6	 51650000	 54050000	48
chr6	 51950000	 52950000	20
chr6	 52700000	 53450000	15
chr6	 54400000	 53500000	18
chr6	 63000000	 64250000	25
chr6	 65550000	 64300000	25
chr6	 65650000	 67050000	28
chr6	 67450000	 68750000	26
chr6	 69000000	 69900000	18
chr6	 73250000	 72350000	18
chr6	 73850000	 74600000	15
chr6	 73850000	 74650000	16
chr6	 74200000	 75900000	34
chr6	 75700000	 75100000	12
chr6	 76650000	 77600000	19
chr6	 77500000	 79600000	42
chr6	 78600000	 77600000	20
chr6	 79350000	 80200000	17
chr6	 79450000	 78650000	16
chr6	 79950000	 80850000	18
chr6	 82900000	 84600000	34
chr6	 85050000	 84650000	8
chr6	 85600000	 88100000	50
chr6	 86350000	 84550000	36
chr6	 87200000	 85950000	25
chr6	 87250000	 88650000	28
chr6	 87450000	 85600000	37
chr6	 89150000	 90050000	18
chr6	 89800000	 91800000	40
chr6	 90250000	 89750000	10
chr6	 92400000	 90750000	33
chr6	 92950000	 92000000	19
chr6	 93200000	 94250000	21
chr6	 93450000	 93100000	7
chr6	 94100000	 94700000	12
chr6	 95200000	 93050000	43
chr6	 97200000	 96650000	11
chr6	 98400000	 99400000	20
chr6	 99050000	 97750000	26
chr6	100500000	 99500000	20
chr6	100850000	101850000	20
chr6	105050000	103850000	24
chr6	105650000	104450000	24
chr6	111300000	112550000	25
chr6	111350000	110150000	24
chr6	111650000	111000000	13
chr6	112050000	109550000	50
chr6	112800000	114250000	29
chr6	114500000	115650000	23
chr6	114550000	115600000	21
chr6	115000000	115850000	17
chr6	115950000	117400000	29
chr6	117750000	119200000	29
chr6	118000000	119650000	33
chr6	118350000	117100000	25
chr6	118650000	119300000	13
chr6	119050000	120750000	34
chr6	119900000	122700000	56
chr6	122050000	123050000	20
chr6	123050000	124700000	33
chr6	123300000	121700000	32
chr6	125300000	124400000	18
chr6	127550000	128100000	11
chr6	127600000	126600000	20
chr6	128300000	128900000	12
chr6	130650000	131650000	20
chr6	130700000	129250000	29
chr6	131350000	130450000	18
chr6	131600000	129800000	36
chr6	132350000	131900000	9
chr6	133600000	134850000	25
chr6	136300000	135800000	10
chr6	138450000	141550000	62
chr6	138500000	138500000	0
chr6	140800000	141500000	14
chr6	141150000	142000000	17
chr6	141250000	140350000	18
chr6	142050000	143600000	31
chr6	142200000	141800000	8
chr6	142500000	140700000	36
chr6	143600000	144100000	10
chr6	145000000	144450000	11
chr6	145250000	146200000	19
chr6	145650000	146300000	13
chr6	146100000	144150000	39
chr6	147800000	146300000	30
chr7	   550000	  1800000	25
chr7	  2250000	  1200000	21
chr7	  4050000	  5500000	29
chr7	  5150000	  4650000	10
chr7	  7250000	  5850000	28
chr7	  7750000	  6200000	31
chr7	 10300000	 11800000	30
chr7	 12300000	 13350000	21
chr7	 12950000	 14200000	25
chr7	 13700000	 14900000	24
chr7	 14950000	 11550000	68
chr7	 16650000	 16200000	9
chr7	 18150000	 16950000	24
chr7	 22800000	 22800000	0
chr7	 25000000	 26150000	23
chr7	 28300000	 29300000	20
chr7	 28850000	 29400000	11
chr7	 29500000	 30050000	11
chr7	 33200000	 34200000	20
chr7	 34050000	 36900000	57
chr7	 34850000	 40850000	120
chr7	 35500000	 35950000	9
chr7	 37600000	 38900000	26
chr7	 38150000	 39250000	22
chr7	 40750000	 41950000	24
chr7	 43500000	 44050000	11
chr7	 46600000	 47550000	19
chr7	 47300000	 46500000	16
chr7	 48800000	 46500000	46
chr7	 49400000	 48400000	20
chr7	 50900000	 52100000	24
chr7	 51250000	 52150000	18
chr7	 51800000	 53000000	24
chr7	 55450000	 57000000	31
chr7	 56450000	 57600000	23
chr7	 56650000	 54700000	39
chr7	 57500000	 56250000	25
chr7	 58250000	 55500000	55
chr7	 61400000	 62900000	30
chr7	 62100000	 62750000	13
chr7	 64000000	 64900000	18
chr7	 64500000	 63250000	25
chr7	 65050000	 63850000	24
chr7	 65100000	 65850000	15
chr7	 66400000	 67450000	21
chr7	 68550000	 66400000	43
chr7	 70800000	 69900000	18
chr7	 72100000	 71200000	18
chr7	 75200000	 73900000	26
chr7	 77200000	 76400000	16
chr7	 79400000	 80600000	24
chr7	 80200000	 79500000	14
chr7	 82150000	 82350000	4
chr7	 82600000	 81050000	31
chr7	 82650000	 82200000	9
chr7	 83400000	 81700000	34
chr7	 84400000	 85850000	29
chr7	 84400000	 86150000	35
chr7	 85150000	 85600000	9
chr7	 86050000	 84800000	25
chr7	 86150000	 84750000	28
chr7	 86700000	 85150000	31
chr7	 89550000	 90700000	23
chr7	 92150000	 90250000	38
chr7	 93200000	 93800000	12
chr7	 94100000	 95300000	24
chr7	 95050000	 97150000	42
chr7	 95100000	 95900000	16
chr7	 95300000	 94150000	23
chr7	 95600000	 93800000	36
chr7	 96400000	 96150000	5
chr7	 97050000	 96400000	13
chr7	 98100000	 96700000	28
chr7	 99250000	100700000	29
chr7	100350000	 98300000	41
chr7	101250000	101650000	8
chr7	102850000	104700000	37
chr7	105000000	105550000	11
chr7	107450000	106900000	11
chr7	111350000	112550000	24
chr7	112350000	111150000	24
chr7	113850000	113350000	10
chr7	118200000	119300000	22
chr7	118250000	119200000	19
chr7	118550000	118250000	6
chr7	120600000	119250000	27
chr7	122100000	121550000	11
chr7	124700000	126600000	38
chr7	126350000	124200000	43
chr7	126550000	125650000	18
chr7	128050000	127350000	14
chr7	128050000	130100000	41
chr7	130100000	130550000	9
chr7	131800000	130800000	20
chr7	132050000	131700000	7
chr7	132450000	133400000	19
chr7	132700000	131400000	26
chr7	132750000	133600000	17
chr7	134750000	136550000	36
chr7	135300000	134300000	20
chr7	137200000	136150000	21
chr7	137650000	136800000	17
chr7	137800000	137200000	12
chr7	139250000	137750000	30
chr7	139550000	138750000	16
chr7	139600000	138750000	17
chr7	142700000	143500000	16
chr8	  1100000	  4200000	62
chr8	  3850000	  3600000	5
chr8	  4250000	  4700000	9
chr8	  4550000	  4050000	10
chr8	  7300000	  6300000	20
chr8	  7300000	  7800000	10
chr8	  8100000	  8450000	7
chr8	  8200000	  6850000	27
chr8	  9150000	  9650000	10
chr8	 10300000	 10300000	0
chr8	 15800000	 17550000	35
chr8	 17600000	 20150000	51
chr8	 20850000	 22000000	23
chr8	 21450000	 20600000	17
chr8	 22800000	 24000000	24
chr8	 24800000	 24100000	14
chr8	 27550000	 25750000	36
chr8	 31050000	 31550000	10
chr8	 31350000	 29900000	29
chr8	 31600000	 29200000	48
chr8	 33050000	 31550000	30
chr8	 34850000	 33600000	25
chr8	 34950000	 34150000	16
chr8	 35400000	 36500000	22
chr8	 38000000	 38750000	15
chr8	 39350000	 37550000	36
chr8	 40200000	 39300000	18
chr8	 40750000	 39500000	25
chr8	 42200000	 42850000	13
chr8	 47100000	 48350000	25
chr8	 49500000	 51150000	33
chr8	 50050000	 49050000	20
chr8	 53250000	 52850000	8
chr8	 54650000	 55250000	12
chr8	 55450000	 55850000	8
chr8	 56100000	 57050000	19
chr8	 56450000	 55550000	18
chr8	 57150000	 56500000	13
chr8	 58350000	 59600000	25
chr8	 58900000	 59250000	7
chr8	 62650000	 61600000	21
chr8	 62700000	 63750000	21
chr8	 62900000	 63600000	14
chr8	 64250000	 65450000	24
chr8	 65500000	 66750000	25
chr8	 66550000	 65150000	28
chr8	 66950000	 68150000	24
chr8	 70600000	 70100000	10
chr8	 70600000	 71400000	16
chr8	 71250000	 71750000	10
chr8	 71700000	 73450000	35
chr8	 73150000	 72950000	4
chr8	 73200000	 72650000	11
chr8	 75350000	 76900000	31
chr8	 76100000	 76800000	14
chr8	 79150000	 78350000	16
chr8	 79550000	 79100000	9
chr8	 79800000	 79350000	9
chr8	 82550000	 83150000	12
chr8	 82750000	 80950000	36
chr8	 83100000	 84200000	22
chr8	 86200000	 87400000	24
chr8	 88800000	 89850000	21
chr8	 88950000	 90050000	22
chr8	 89100000	 88650000	9
chr8	 89550000	 89800000	5
chr8	 90200000	 89250000	19
chr8	 91300000	 90400000	18
chr8	 93750000	 91800000	39
chr8	 97800000	 98650000	17
chr8	 99950000	102350000	48
chr8	100550000	 99750000	16
chr8	101450000	102650000	24
chr8	101500000	100800000	14
chr8	105850000	106450000	12
chr8	106350000	107150000	16
chr8	109300000	107850000	29
chr8	109300000	111550000	45
chr8	109900000	110500000	12
chr8	110450000	113100000	53
chr8	113900000	114600000	14
chr8	117700000	118800000	22
chr8	118600000	117200000	28
chr8	119150000	119800000	13
chr8	120050000	119200000	17
chr8	122600000	123650000	21
chr8	123550000	121850000	34
chr8	124200000	122800000	28
chr8	125150000	124100000	21
chr8	125900000	125350000	11
chr8	127150000	128000000	17
chr8	127400000	126550000	17
chr8	128450000	127700000	15
chr9	   450000	  1450000	20
chr9	  2850000	  3950000	22
chr9	  4150000	  5700000	31
chr9	  6400000	  5950000	9
chr9	  8600000	  9400000	16
chr9	  8750000	 10200000	29
chr9	  9050000	  9650000	12
chr9	 10600000	 11600000	20
chr9	 12300000	 12550000	5
chr9	 14200000	 14600000	8
chr9	 14700000	 15850000	23
chr9	 14800000	 15500000	14
chr9	 16200000	 17600000	28
chr9	 17800000	 16150000	33
chr9	 18550000	 19700000	23
chr9	 19100000	 19900000	16
chr9	 21100000	 22300000	24
chr9	 21700000	 20850000	17
chr9	 27100000	 27850000	15
chr9	 27900000	 25850000	41
chr9	 28300000	 27600000	14
chr9	 29300000	 30400000	22
chr9	 31200000	 30000000	24
chr9	 34200000	 35000000	16
chr9	 34400000	 33250000	23
chr9	 34950000	 34000000	19
chr9	 37700000	 36600000	22
chr9	 38050000	 39450000	28
chr9	 39100000	 40200000	22
chr9	 40850000	 42650000	36
chr9	 43200000	 45150000	39
chr9	 43400000	 42250000	23
chr9	 44000000	 45100000	22
chr9	 46700000	 47400000	14
chr9	 48200000	 48700000	10
chr9	 49650000	 52550000	58
chr9	 51850000	 51050000	16
chr9	 52150000	 51250000	18
chr9	 54850000	 53650000	24
chr9	 58350000	 58050000	6
chr9	 58550000	 59350000	16
chr9	 61450000	 62550000	22
chr9	 62850000	 64400000	31
chr9	 67000000	 66500000	10
chr9	 68700000	 69700000	20
chr9	 70000000	 69100000	18
chr9	 70300000	 72050000	35
chr9	 70550000	 68350000	44
chr9	 71000000	 69950000	21
chr9	 72050000	 71450000	12
chr9	 72950000	 73650000	14
chr9	 73150000	 75000000	37
chr9	 73450000	 74150000	14
chr9	 74300000	 73650000	13
chr9	 76500000	 77800000	26
chr9	 78000000	 78600000	12
chr9	 78250000	 76450000	36
chr9	 78700000	 80400000	34
chr9	 79600000	 77850000	35
chr9	 80150000	 79350000	16
chr9	 85250000	 84250000	20
chr9	 99950000	100600000	13
chr9	100400000	101700000	26
chr9	102100000	101900000	4
chr9	102800000	103700000	18
chr9	103500000	101300000	44
chr9	104400000	105550000	23
chr9	104850000	105600000	15
chr9	104850000	105800000	19
chr9	105800000	105050000	15
chr9	105800000	106650000	17
chr9	107350000	108250000	18
chr9	110800000	109150000	33
chr9	112100000	111400000	14
chr9	113600000	115000000	28
chr9	114600000	115350000	15
chr9	114900000	113000000	38
chr9	115300000	114050000	25
chr9	117900000	117250000	13
chr9	118700000	119550000	17
chr9	119700000	120900000	24
chr9	121900000	122800000	18
chr9	122050000	120950000	22
chr9	123200000	122700000	10
chr9	123350000	122050000	26
chr9	123600000	123250000	7
chrX	   450000	   950000	10
chrX	  2700000	  4200000	30
chrX	  3700000	  4100000	8
chrX	  3850000	  2350000	30
chrX	  6200000	  6900000	14
chrX	  6650000	  8750000	42
chrX	  9150000	  7700000	29
chrX	  9850000	  8400000	29
chrX	 10650000	 12000000	27
chrX	 12400000	 11400000	20
chrX	 14500000	 13850000	13
chrX	 17350000	 18500000	23
chrX	 19350000	 18350000	20
chrX	 20050000	 19150000	18
chrX	 20500000	 21300000	16
chrX	 21250000	 22000000	15
chrX	 29050000	 26750000	46
chrX	 29800000	 29000000	16
chrX	 29950000	 28800000	23
chrX	 31400000	 32450000	21
chrX	 31600000	 32350000	15
chrX	 32000000	 31000000	20
chrX	 34700000	 35100000	8
chrX	 36500000	 37850000	27
chrX	 37850000	 36050000	36
chrX	 39100000	 40450000	27
chrX	 39550000	 37950000	32
chrX	 42450000	 41400000	21
chrX	 43050000	 42650000	8
chrX	 43900000	 44300000	8
chrX	 44400000	 42800000	32
chrX	 44800000	 43800000	20
chrX	 45350000	 44050000	26
chrX	 46850000	 46500000	7
chrX	 47050000	 46600000	9
chrX	 48650000	 49000000	7
chrX	 48850000	 49600000	15
chrX	 51150000	 48900000	45
chrX	 51800000	 50900000	18
chrX	 52250000	 51500000	15
chrX	 52950000	 52550000	8
chrX	 53250000	 52600000	13
chrX	 53600000	 54450000	17
chrX	 54900000	 53000000	38
chrX	 56550000	 57100000	11
chrX	 56900000	 55800000	22
chrX	 59450000	 60200000	15
chrX	 60600000	 62150000	31
chrX	 61550000	 62650000	22
chrX	 61600000	 62300000	14
chrX	 63050000	 64450000	28
chrX	 63900000	 62600000	26
chrX	 66450000	 65000000	29
chrX	 67150000	 67700000	11
chrX	 67750000	 68500000	15
chrX	 68650000	 68100000	11
chrX	 69050000	 70750000	34
chrX	 72000000	 70600000	28
chrX	 72000000	 73500000	30
chrX	 72500000	 71250000	25
chrX	 73600000	 74150000	11
chrX	 76000000	 75150000	17
chrX	 76450000	 75300000	23
chrX	 76600000	 75800000	16
chrX	 76900000	 77200000	6
chrX	 79050000	 77750000	26
chrX	 80700000	 82650000	39
chrX	 80900000	 80500000	8
chrX	 81700000	 82800000	22
chrX	 81800000	 80700000	22
chrX	 83750000	 81700000	41
chrX	 84050000	 86050000	40
chrX	 84950000	 81700000	65
chrX	 88100000	 87600000	10
chrX	 90100000	 91350000	25
chrX	 90250000	 91300000	21
chrX	 90700000	 89100000	32
chrX	 91400000	 92300000	18
chrX	 93250000	 94150000	18
chrX	 95800000	 97600000	36
chrX	 97750000	 98600000	17
chrX	 98300000	 97150000	23
chrX	 98600000	 97250000	27
chrX	 99750000	 99200000	11
chrX	100750000	 98200000	51
chrX	101300000	100600000	14
chrX	102650000	102100000	11
chrX	102850000	101700000	23
chrX	103250000	 99750000	70
chrX	103600000	104050000	9
chrX	103800000	104650000	17
chrX	105000000	104050000	19
chrX	106450000	106750000	6
chrX	106850000	107550000	14
chrX	106950000	106400000	11
chrX	109600000	109350000	5
chrX	111700000	110650000	21
chrX	112450000	111950000	10
chrX	113700000	114650000	19
chrX	114100000	116600000	50
chrX	114600000	115300000	14
chrX	115400000	113200000	44
chrX	117100000	115500000	32
chrX	117750000	118750000	20
chrX	118750000	117950000	16
chrX	119000000	118400000	12
chrX	122350000	120750000	32
chrX	122450000	123900000	29
chrX	123650000	124550000	18
chrX	125200000	125550000	7
chrX	125950000	125550000	8
chrX	129400000	129000000	8
chrX	130100000	130700000	12
chrX	130500000	129150000	27
chrX	131500000	129450000	41
chrX	132650000	132300000	7
chrX	135250000	134500000	15
chrX	136250000	136550000	6
chrX	137350000	136850000	10
chrX	137400000	136950000	9
chrX	138550000	138000000	11
chrX	139500000	135900000	72
chrX	144100000	142850000	25
chrX	144750000	145150000	8
chrX	146050000	145050000	20
chrX	146600000	148150000	31
chrX	146950000	145900000	21
chrX	148250000	149500000	25
chrX	148350000	149250000	18
chrX	149250000	148250000	20
chrX	149300000	147850000	29
chrX	150800000	150050000	15
chrX	154300000	155700000	28
chrX	155250000	153650000	32
chrX	158100000	157100000	20
chrX	158350000	159300000	19
chrX	158900000	159850000	19
chrX	160500000	161400000	18
chrX	162050000	161700000	7
chrX	163950000	166550000	52
chrX	169500000	168400000	22
chrY	   500000	  1400000	18
chrY	   650000	  2600000	39
chrY	  1750000	   800000	19
chrY	  2150000	  1650000	10
chrY	  2800000	  1600000	24
chrY	  3150000	  3950000	16
chrY	  4100000	  3100000	20
chrY	  4950000	  6100000	23
chrY	  7950000	  8600000	13
chrY	  8050000	  7100000	19
chrY	  8650000	  7600000	21
chrY	 10700000	 11850000	23
chrY	 11100000	 12850000	35
chrY	 11400000	 10000000	28
chrY	 12100000	 11650000	9
chrY	 12100000	 13150000	21
chrY	 13550000	 12200000	27
chrY	 13700000	 14650000	19
chrY	 14400000	 15100000	14
chrY	 15100000	 17650000	51
chrY	 15750000	 15400000	7
chrY	 18050000	 19800000	35
chrY	 18800000	 19850000	21
chrY	 19250000	 20100000	17
chrY	 19450000	 17500000	39
chrY	 20750000	 22200000	29
chrY	 21200000	 22850000	33
chrY	 23350000	 24000000	13
chrY	 23450000	 24550000	22
chrY	 24050000	 23200000	17
chrY	 24350000	 22850000	30
chrY	 26250000	 24650000	32
chrY	 27450000	 29350000	38
chrY	 28700000	 31200000	50
chrY	 31150000	 30150000	20
chrY	 32350000	 29100000	65
chrY	 34000000	 33200000	16
chrY	 39950000	 41650000	34
chrY	 41500000	 42100000	12
chrY	 43050000	 42600000	9
chrY	 45100000	 45950000	17
chrY	 45650000	 43300000	47
chrY	 47450000	 48500000	21
chrY	 47800000	 48300000	10
chrY	 48150000	 46850000	26
chrY	 48800000	 48800000	0
chrY	 52550000	 53600000	21
chrY	 56300000	 57350000	21
chrY	 57150000	 58250000	22
chrY	 65700000	 66400000	14
chrY	 66100000	 65550000	11
chrY	 69300000	 67100000	44
chrY	 69600000	 71000000	28
chrY	 72400000	 73150000	15
chrY	 73750000	 72050000	34
chrY	 74500000	 73350000	23
chrY	 75850000	 76750000	18
chrY	 77150000	 78050000	18
chrY	 77600000	 78600000	20
chrY	 78750000	 76850000	38
chrY	 79550000	 81000000	29
chrY	 80750000	 81900000	23
chrY	 84250000	 82900000	27
chrY	 84300000	 83200000	22
chrY	 84350000	 83350000	20
chrY	 84550000	 86400000	37
chrY	 84950000	 86050000	22
chrY	 85350000	 83850000	30
chrY	 88250000	 88950000	14
chrY	 88350000	 89350000	20
chrY	 88800000	 89850000	21
