chr1	  4900000	  7350000	49
chr1	  5050000	  4250000	16
chr1	  5550000	  4750000	16
chr1	  5850000	  6350000	10
chr1	  6850000	  7500000	13
chr1	  8050000	  7350000	14
chr1	  8750000	 10350000	32
chr1	 10100000	  8350000	35
chr1	 10250000	 11650000	28
chr1	 10600000	 11700000	22
chr1	 14350000	 16350000	40
chr1	 18350000	 17200000	23
chr1	 18750000	 19850000	22
chr1	 25150000	 26700000	31
chr1	 25800000	 24350000	29
chr1	 29200000	 30000000	16
chr1	 29350000	 27200000	43
chr1	 29850000	 30500000	13
chr1	 30250000	 31100000	17
chr1	 31500000	 32900000	28
chr1	 31850000	 33950000	42
chr1	 32200000	 34300000	42
chr1	 33500000	 32300000	24
chr1	 34200000	 32700000	30
chr1	 34600000	 34300000	6
chr1	 37900000	 39450000	31
chr1	 38250000	 38900000	13
chr1	 38350000	 38900000	11
chr1	 38400000	 36100000	46
chr1	 39450000	 38200000	25
chr1	 40450000	 38450000	40
chr1	 42950000	 41650000	26
chr1	 44300000	 45450000	23
chr1	 50700000	 49500000	24
chr1	 51350000	 50750000	12
chr1	 52050000	 50450000	32
chr1	 52450000	 53100000	13
chr1	 54300000	 52050000	45
chr1	 55050000	 54750000	6
chr1	 55200000	 54550000	13
chr1	 58350000	 55000000	67
chr1	 59050000	 58000000	21
chr1	 61350000	 59650000	34
chr1	 64200000	 62250000	39
chr1	 64700000	 65500000	16
chr1	 64750000	 65600000	17
chr1	 66250000	 67650000	28
chr1	 66350000	 64800000	31
chr1	 66650000	 65500000	23
chr1	 69500000	 70750000	25
chr1	 71700000	 73150000	29
chr1	 73100000	 74100000	20
chr1	 73650000	 75000000	27
chr1	 75100000	 74550000	11
chr1	 75200000	 75850000	13
chr1	 75750000	 76950000	24
chr1	 76850000	 75700000	23
chr1	 78000000	 80100000	42
chr1	 79050000	 77750000	26
chr1	 79300000	 75950000	67
chr1	 80500000	 82000000	30
chr1	 82700000	 83600000	18
chr1	 83550000	 84300000	15
chr1	 84900000	 85600000	14
chr1	 85400000	 85650000	5
chr1	 86400000	 86900000	10
chr1	 87600000	 86800000	16
chr1	 87750000	 86650000	22
chr1	 89900000	 88650000	25
chr1	 91600000	 93250000	33
chr1	 91650000	 88500000	63
chr1	 92000000	 91000000	20
chr1	 92000000	 91200000	16
chr1	 92500000	 92900000	8
chr1	 93650000	 89150000	90
chr1	 93950000	 95750000	36
chr1	 94500000	 95800000	26
chr1	 94550000	 94050000	10
chr1	 95450000	 96250000	16
chr1	 95600000	 96550000	19
chr1	 98550000	 97600000	19
chr1	 98650000	 97750000	18
chr1	 99350000	 99800000	9
chr1	102450000	103200000	15
chr1	102800000	104250000	29
chr1	104150000	104500000	7
chr1	106700000	111250000	91
chr1	109300000	108250000	21
chr1	110150000	109400000	15
chr1	111450000	113000000	31
chr1	112550000	113800000	25
chr1	115250000	114500000	15
chr1	115700000	117100000	28
chr1	115950000	115700000	5
chr1	116700000	117850000	23
chr1	117900000	117500000	8
chr1	118500000	117300000	24
chr1	120600000	121900000	26
chr1	123900000	123250000	13
chr1	124750000	124000000	15
chr1	125450000	127700000	45
chr1	126450000	128150000	34
chr1	126500000	125450000	21
chr1	129100000	127550000	31
chr1	130600000	132850000	45
chr1	131900000	132800000	18
chr1	132450000	133200000	15
chr1	134800000	133850000	19
chr1	135600000	136100000	10
chr1	136050000	135100000	19
chr1	136500000	135350000	23
chr1	138200000	136850000	27
chr1	138500000	138950000	9
chr1	139750000	138350000	28
chr1	143400000	141500000	38
chr1	143450000	143850000	8
chr1	143600000	144550000	19
chr1	144150000	145850000	34
chr1	144650000	145000000	7
chr1	146950000	145550000	28
chr1	149500000	147350000	43
chr1	149900000	152650000	55
chr1	150100000	152750000	53
chr1	150650000	151350000	14
chr1	151600000	153400000	36
chr1	151900000	152400000	10
chr1	152700000	150650000	41
chr1	153150000	152850000	6
chr1	155000000	154400000	12
chr1	155900000	155500000	8
chr1	158100000	158250000	3
chr1	160100000	158450000	33
chr1	161100000	160850000	5
chr1	162300000	163000000	14
chr1	162550000	162900000	7
chr1	163900000	164500000	12
chr1	168950000	168150000	16
chr1	172350000	170550000	36
chr1	173750000	175100000	27
chr1	174350000	175000000	13
chr1	174350000	177400000	61
chr1	175400000	173950000	29
chr1	177850000	178700000	17
chr1	179100000	178500000	12
chr1	180850000	179900000	19
chr1	181750000	182600000	17
chr1	183650000	184700000	21
chr1	184150000	183400000	15
chr1	186750000	184700000	41
chr1	188000000	189000000	20
chr1	190650000	188150000	50
chr1	191200000	192250000	21
chr1	191800000	191450000	7
chr1	192550000	193450000	18
chr1	192800000	193400000	12
chr1	193300000	194150000	17
chr1	193350000	192450000	18
chr10	   400000	  1450000	21
chr10	  1250000	  2050000	16
chr10	  1350000	  2850000	30
chr10	  3200000	  4300000	22
chr10	  3350000	  5150000	36
chr10	  4450000	  3100000	27
chr10	  7300000	  5850000	29
chr10	  9550000	 10150000	12
chr10	 10800000	 12200000	28
chr10	 12900000	 13300000	8
chr10	 16100000	 17150000	21
chr10	 16650000	 16050000	12
chr10	 16750000	 15800000	19
chr10	 18700000	 18100000	12
chr10	 19850000	 19750000	2
chr10	 22400000	 21550000	17
chr10	 25950000	 24250000	34
chr10	 27250000	 25500000	35
chr10	 27350000	 27850000	10
chr10	 28850000	 28200000	13
chr10	 31600000	 30500000	22
chr10	 32250000	 30500000	35
chr10	 34000000	 35050000	21
chr10	 34650000	 36650000	40
chr10	 34900000	 35400000	10
chr10	 36450000	 37100000	13
chr10	 38050000	 38900000	17
chr10	 38400000	 37000000	28
chr10	 38650000	 37900000	15
chr10	 40450000	 41050000	12
chr10	 41200000	 42850000	33
chr10	 41750000	 43100000	27
chr10	 43250000	 43950000	14
chr10	 44900000	 45650000	15
chr10	 45400000	 43700000	34
chr10	 45900000	 45300000	12
chr10	 47650000	 49850000	44
chr10	 48050000	 49300000	25
chr10	 48200000	 49300000	22
chr10	 48400000	 47750000	13
chr10	 48600000	 49250000	13
chr10	 49150000	 50000000	17
chr10	 52900000	 52400000	10
chr10	 53150000	 52350000	16
chr10	 54200000	 56100000	38
chr10	 55750000	 56950000	24
chr10	 56350000	 57500000	23
chr10	 59050000	 60000000	19
chr10	 60800000	 61450000	13
chr10	 61900000	 60950000	19
chr10	 61950000	 61000000	19
chr10	 64250000	 66150000	38
chr10	 66100000	 66750000	13
chr10	 69150000	 68600000	11
chr10	 69900000	 69050000	17
chr10	 70850000	 70150000	14
chr10	 71050000	 72800000	35
chr10	 73250000	 72600000	13
chr10	 74500000	 75050000	11
chr10	 74550000	 73600000	19
chr10	 74650000	 75050000	8
chr10	 75800000	 75200000	12
chr10	 76050000	 77050000	20
chr10	 77200000	 76100000	22
chr10	 77750000	 77500000	5
chr10	 81150000	 80400000	15
chr10	 82000000	 81450000	11
chr10	 84850000	 85500000	13
chr10	 86500000	 85150000	27
chr10	 87450000	 83650000	76
chr10	 88150000	 87800000	7
chr10	 89750000	 90950000	24
chr10	 91000000	 92850000	37
chr10	 93500000	 92800000	14
chr10	 93650000	 94650000	20
chr10	 93650000	 95050000	28
chr10	 97000000	 98300000	26
chr10	101850000	102950000	22
chr10	102350000	103250000	18
chr10	103950000	104650000	14
chr10	105600000	104300000	26
chr10	106050000	106900000	17
chr10	106450000	107700000	25
chr10	110400000	110400000	0
chr10	110650000	111400000	15
chr10	111050000	110050000	20
chr10	111250000	111500000	5
chr10	112350000	111150000	24
chr10	113350000	113050000	6
chr10	115600000	114700000	18
chr10	117750000	116050000	34
chr10	120200000	122250000	41
chr10	126550000	125000000	31
chr10	127800000	128650000	17
chr10	127950000	125850000	42
chr10	128300000	127250000	21
chr10	128850000	126750000	42
chr10	129750000	129450000	6
chr11	  3800000	  2350000	29
chr11	  4300000	  3200000	22
chr11	  6650000	  4450000	44
chr11	  6650000	  8150000	30
chr11	  7450000	  5350000	42
chr11	  9350000	  8300000	21
chr11	  9850000	 10200000	7
chr11	 11600000	  9900000	34
chr11	 14800000	 12550000	45
chr11	 14800000	 16050000	25
chr11	 14950000	 13550000	28
chr11	 15300000	 15850000	11
chr11	 17500000	 18100000	12
chr11	 23800000	 24350000	11
chr11	 24150000	 21850000	46
chr11	 26450000	 27200000	15
chr11	 27100000	 25500000	32
chr11	 29150000	 28450000	14
chr11	 29750000	 29750000	0
chr11	 32900000	 31050000	37
chr11	 33900000	 33250000	13
chr11	 34100000	 35300000	24
chr11	 34900000	 35450000	11
chr11	 35150000	 36500000	27
chr11	 36700000	 37450000	15
chr11	 43600000	 43200000	8
chr11	 45200000	 44600000	12
chr11	 47000000	 47900000	18
chr11	 47550000	 48350000	16
chr11	 50650000	 51350000	14
chr11	 52150000	 53050000	18
chr11	 53550000	 53100000	9
chr11	 54350000	 53150000	24
chr11	 57000000	 56300000	14
chr11	 58850000	 59700000	17
chr11	 58950000	 57900000	21
chr11	 59400000	 60850000	29
chr11	 60300000	 62250000	39
chr11	 62300000	 63300000	20
chr11	 63550000	 62250000	26
chr11	 63650000	 64650000	20
chr11	 64050000	 62900000	23
chr11	 65900000	 66550000	13
chr11	 66150000	 64600000	31
chr11	 66150000	 66700000	11
chr11	 69750000	 67700000	41
chr11	 70150000	 69100000	21
chr11	 72250000	 71850000	8
chr11	 73100000	 71600000	30
chr11	 74050000	 75050000	20
chr11	 74800000	 74050000	15
chr11	 75900000	 74800000	22
chr11	 75900000	 76550000	13
chr11	 75900000	 77550000	33
chr11	 76100000	 77500000	28
chr11	 76800000	 77350000	11
chr11	 77600000	 78750000	23
chr11	 80200000	 79200000	20
chr11	 82250000	 80750000	30
chr11	 83800000	 81650000	43
chr11	 84100000	 84650000	11
chr11	 85350000	 86550000	24
chr11	 86150000	 84550000	32
chr11	 86350000	 84550000	36
chr11	 86350000	 86700000	7
chr11	 86850000	 88600000	35
chr11	 86950000	 87700000	15
chr11	 87600000	 88900000	26
chr11	 90950000	 92200000	25
chr11	 94400000	 95650000	25
chr11	 94750000	 96200000	29
chr11	 97050000	 96500000	11
chr11	 97800000	 96550000	25
chr11	 98850000	 99400000	11
chr11	 99100000	 99650000	11
chr11	 99300000	 97300000	40
chr11	100700000	101800000	22
chr11	101050000	102200000	23
chr11	103550000	104750000	24
chr11	106200000	106750000	11
chr11	110450000	109800000	13
chr11	110700000	110400000	6
chr11	111200000	109500000	34
chr11	112100000	113750000	33
chr11	113150000	112300000	17
chr11	113800000	113350000	9
chr11	114200000	115300000	22
chr11	114550000	115300000	15
chr11	115800000	114750000	21
chr11	119550000	118950000	12
chr12	  1000000	  1650000	13
chr12	  2150000	   750000	28
chr12	  3750000	  1750000	40
chr12	  7400000	  5750000	33
chr12	  9000000	 10800000	36
chr12	 12200000	 13300000	22
chr12	 14650000	 15800000	23
chr12	 14750000	 16000000	25
chr12	 15300000	 16300000	20
chr12	 17000000	 18600000	32
chr12	 20000000	 20550000	11
chr12	 20450000	 21150000	14
chr12	 21950000	 22750000	16
chr12	 22500000	 21700000	16
chr12	 23600000	 22400000	24
chr12	 24650000	 22650000	40
chr12	 25050000	 24100000	19
chr12	 25300000	 25300000	0
chr12	 26900000	 28050000	23
chr12	 27150000	 27650000	10
chr12	 27850000	 26350000	30
chr12	 28000000	 26450000	31
chr12	 30450000	 28100000	47
chr12	 30950000	 29750000	24
chr12	 33000000	 31700000	26
chr12	 38200000	 36300000	38
chr12	 39100000	 40150000	21
chr12	 41200000	 39150000	41
chr12	 41250000	 42000000	15
chr12	 45050000	 43150000	38
chr12	 46250000	 48300000	41
chr12	 46800000	 47400000	12
chr12	 46900000	 48200000	26
chr12	 47050000	 47900000	17
chr12	 50850000	 51600000	15
chr12	 52350000	 52900000	11
chr12	 53600000	 57300000	74
chr12	 54750000	 55050000	6
chr12	 55500000	 54350000	23
chr12	 56200000	 55600000	12
chr12	 56400000	 54200000	44
chr12	 59750000	 58150000	32
chr12	 60200000	 61350000	23
chr12	 60800000	 61350000	11
chr12	 61250000	 61750000	10
chr12	 62100000	 61650000	9
chr12	 63050000	 61650000	28
chr12	 64500000	 67150000	53
chr12	 65000000	 66500000	30
chr12	 67200000	 68100000	18
chr12	 69100000	 70050000	19
chr12	 69150000	 68550000	12
chr12	 69250000	 68650000	12
chr12	 69700000	 71200000	30
chr12	 71950000	 72600000	13
chr12	 72000000	 70900000	22
chr12	 73350000	 74150000	16
chr12	 74600000	 74000000	12
chr12	 75050000	 73850000	24
chr12	 76450000	 76850000	8
chr12	 78050000	 75950000	42
chr12	 78550000	 77650000	18
chr12	 79650000	 78850000	16
chr12	 79950000	 78950000	20
chr12	 81250000	 82250000	20
chr12	 82800000	 83350000	11
chr12	 83500000	 81500000	40
chr12	 83800000	 84500000	14
chr12	 84750000	 85600000	17
chr12	 84950000	 86000000	21
chr12	 85950000	 86500000	11
chr12	 86000000	 86350000	7
chr12	 86000000	 90650000	93
chr12	 87100000	 87600000	10
chr12	 87150000	 88050000	18
chr12	 89350000	 90400000	21
chr12	 93000000	 94100000	22
chr12	 94150000	 95500000	27
chr12	 96350000	 98600000	45
chr12	 96600000	 98000000	28
chr12	 99050000	 97100000	39
chr12	100600000	102250000	33
chr12	100650000	102650000	40
chr12	102300000	103250000	19
chr12	102550000	103600000	21
chr12	103500000	104600000	22
chr12	106300000	105000000	26
chr12	106850000	106050000	16
chr12	110050000	109050000	20
chr12	112050000	112750000	14
chr12	112650000	110450000	44
chr12	113350000	112900000	9
chr12	114600000	115700000	22
chr12	115750000	113950000	36
chr12	116700000	118250000	31
chr12	117250000	118150000	18
chr12	118600000	117750000	17
chr12	118800000	117950000	17
chr12	120100000	119750000	7
chr13	   100000	   850000	15
chr13	  1400000	  2350000	19
chr13	  1550000	  1950000	8
chr13	  4900000	  5700000	16
chr13	  5250000	  4500000	15
chr13	  9750000	  7150000	52
chr13	 10150000	  8450000	34
chr13	 12400000	 13850000	29
chr13	 12700000	 13600000	18
chr13	 13200000	 12250000	19
chr13	 14400000	 13750000	13
chr13	 15650000	 14500000	23
chr13	 16200000	 17350000	23
chr13	 16750000	 15800000	19
chr13	 21550000	 20850000	14
chr13	 24100000	 22800000	26
chr13	 25750000	 24700000	21
chr13	 26100000	 24850000	25
chr13	 27050000	 26050000	20
chr13	 27600000	 29550000	39
chr13	 29250000	 26250000	60
chr13	 29950000	 31600000	33
chr13	 30250000	 29450000	16
chr13	 31000000	 32800000	36
chr13	 31600000	 30550000	21
chr13	 35400000	 34400000	20
chr13	 36700000	 36000000	14
chr13	 39050000	 38650000	8
chr13	 39950000	 40600000	13
chr13	 40250000	 39200000	21
chr13	 45950000	 46550000	12
chr13	 46250000	 47800000	31
chr13	 46700000	 47150000	9
chr13	 46950000	 48700000	35
chr13	 47400000	 46500000	18
chr13	 48700000	 48100000	12
chr13	 48950000	 49900000	19
chr13	 49450000	 47250000	44
chr13	 49600000	 50350000	15
chr13	 52200000	 50800000	28
chr13	 53850000	 52900000	19
chr13	 55000000	 55700000	14
chr13	 56950000	 55300000	33
chr13	 56950000	 56550000	8
chr13	 58450000	 57050000	28
chr13	 58500000	 59700000	24
chr13	 58650000	 57650000	20
chr13	 59650000	 58400000	25
chr13	 61650000	 62500000	17
chr13	 64650000	 62150000	50
chr13	 65700000	 66250000	11
chr13	 66100000	 66600000	10
chr13	 68750000	 67850000	18
chr13	 70550000	 72700000	43
chr13	 71600000	 71200000	8
chr13	 71750000	 72900000	23
chr13	 72600000	 73400000	16
chr13	 72950000	 74100000	23
chr13	 73350000	 75200000	37
chr13	 73400000	 72550000	17
chr13	 75500000	 72250000	65
chr13	 76200000	 75400000	16
chr13	 76750000	 75900000	17
chr13	 78250000	 76450000	36
chr13	 78550000	 77950000	12
chr13	 79100000	 77250000	37
chr13	 79500000	 80200000	14
chr13	 81650000	 82200000	11
chr13	 82500000	 82900000	8
chr13	 82650000	 82650000	0
chr13	 83000000	 84050000	21
chr13	 84400000	 85500000	22
chr13	 88250000	 86300000	39
chr13	 90250000	 91700000	29
chr13	 93000000	 92350000	13
chr13	 94450000	 93800000	13
chr13	 95250000	 94400000	17
chr13	 95250000	 94550000	14
chr13	 95750000	 95150000	12
chr13	 97650000	100100000	49
chr13	100050000	101600000	31
chr13	100700000	 99000000	34
chr13	100800000	 99800000	20
chr13	101850000	102650000	16
chr13	103200000	101700000	30
chr13	104850000	103800000	21
chr13	105600000	103400000	44
chr13	105600000	106400000	16
chr13	106250000	105050000	24
chr13	106850000	105800000	21
chr13	107350000	106150000	24
chr13	111050000	110150000	18
chr13	112150000	113450000	26
chr13	113100000	112100000	20
chr13	114800000	112750000	41
chr13	115600000	114800000	16
chr13	115850000	117150000	26
chr13	115950000	113850000	42
chr13	116350000	117150000	16
chr13	117650000	118700000	21
chr13	117800000	116350000	29
chr14	  3750000	  3450000	6
chr14	  3800000	  5350000	31
chr14	  3900000	  2350000	31
chr14	  6000000	  7350000	27
chr14	  7000000	  9450000	49
chr14	  7350000	  6950000	8
chr14	  9500000	  8650000	17
chr14	  9700000	  9400000	6
chr14	 11450000	 10600000	17
chr14	 12250000	 13450000	24
chr14	 15850000	 15100000	15
chr14	 16550000	 15800000	15
chr14	 20050000	 21000000	19
chr14	 23850000	 22850000	20
chr14	 23850000	 23000000	17
chr14	 25800000	 25000000	16
chr14	 26250000	 25350000	18
chr14	 26650000	 25400000	25
chr14	 27500000	 26400000	22
chr14	 29800000	 28950000	17
chr14	 29800000	 30750000	19
chr14	 31050000	 30600000	9
chr14	 33200000	 32500000	14
chr14	 33650000	 34050000	8
chr14	 34950000	 35950000	20
chr14	 36450000	 35300000	23
chr14	 37600000	 37800000	4
chr14	 46500000	 47650000	23
chr14	 46800000	 43800000	60
chr14	 47500000	 48650000	23
chr14	 49750000	 51050000	26
chr14	 51600000	 50600000	20
chr14	 51950000	 52300000	7
chr14	 52550000	 53350000	16
chr14	 53650000	 55100000	29
chr14	 54150000	 55850000	34
chr14	 55000000	 53900000	22
chr14	 56050000	 57200000	23
chr14	 56700000	 58400000	34
chr14	 57550000	 58150000	12
chr14	 60300000	 61000000	14
chr14	 60450000	 60950000	10
chr14	 62950000	 62250000	14
chr14	 65150000	 64300000	17
chr14	 65400000	 63600000	36
chr14	 65800000	 63850000	39
chr14	 66400000	 67750000	27
chr14	 69000000	 67450000	31
chr14	 70300000	 69500000	16
chr14	 70350000	 70050000	6
chr14	 70950000	 72800000	37
chr14	 75500000	 77750000	45
chr14	 75900000	 77000000	22
chr14	 76450000	 76150000	6
chr14	 76550000	 75650000	18
chr14	 82250000	 83100000	17
chr14	 83400000	 86350000	59
chr14	 84750000	 85400000	13
chr14	 85350000	 83850000	30
chr14	 86100000	 85000000	22
chr14	 88000000	 85150000	57
chr14	 88650000	 90000000	27
chr14	 91050000	 90100000	19
chr14	 93450000	 94100000	13
chr14	 94000000	 94850000	17
chr14	 94400000	 93600000	16
chr14	 95750000	 96900000	23
chr14	 96750000	 95350000	28
chr14	 96850000	 97750000	18
chr14	 97150000	 95250000	38
chr14	 97450000	 96200000	25
chr14	100350000	101300000	19
chr14	101100000	 99750000	27
chr14	103400000	104150000	15
chr14	105900000	106650000	15
chr14	106050000	104000000	41
chr14	106700000	107300000	12
chr14	107050000	108050000	20
chr14	108000000	111400000	68
chr14	110250000	111350000	22
chr14	113000000	114400000	28
chr14	113150000	112050000	22
chr14	113500000	114550000	21
chr14	114100000	115000000	18
chr14	116950000	117800000	17
chr14	117550000	117100000	9
chr14	117800000	116450000	27
chr14	117850000	116800000	21
chr14	118050000	116000000	41
chr15	    50000	  1450000	28
chr15	  1400000	  2650000	25
chr15	  2050000	  2950000	18
chr15	  2300000	   950000	27
chr15	  3100000	  4000000	18
chr15	  3250000	  1400000	37
chr15	  4800000	  4100000	14
chr15	  5750000	  7100000	27
chr15	  6600000	  7500000	18
chr15	  9350000	  9850000	10
chr15	 10650000	  9950000	14
chr15	 11650000	  9750000	38
chr15	 13900000	 17400000	70
chr15	 16300000	 14700000	32
chr15	 16850000	 17300000	9
chr15	 19350000	 19800000	9
chr15	 20050000	 19100000	19
chr15	 21550000	 20300000	25
chr15	 24350000	 23500000	17
chr15	 24400000	 23250000	23
chr15	 24500000	 23800000	14
chr15	 27800000	 28450000	13
chr15	 28150000	 26100000	41
chr15	 30550000	 29200000	27
chr15	 36200000	 35050000	23
chr15	 36650000	 35750000	18
chr15	 36800000	 35400000	28
chr15	 40350000	 38800000	31
chr15	 40550000	 43000000	49
chr15	 40750000	 41950000	24
chr15	 41900000	 42200000	6
chr15	 44300000	 45000000	14
chr15	 45500000	 44600000	18
chr15	 46450000	 48450000	40
chr15	 48800000	 50500000	34
chr15	 48900000	 48000000	18
chr15	 49200000	 48800000	8
chr15	 49300000	 49800000	10
chr15	 50950000	 51750000	16
chr15	 53900000	 54700000	16
chr15	 57950000	 59550000	32
chr15	 58000000	 56700000	26
chr15	 58450000	 60600000	43
chr15	 59150000	 61550000	48
chr15	 60350000	 60800000	9
chr15	 61350000	 62150000	16
chr15	 66750000	 64150000	52
chr15	 66950000	 65800000	23
chr15	 71250000	 71650000	8
chr15	 73900000	 73450000	9
chr15	 74250000	 73000000	25
chr15	 74500000	 75050000	11
chr15	 75150000	 74300000	17
chr15	 75550000	 76350000	16
chr15	 77050000	 78050000	20
chr15	 77350000	 75750000	32
chr15	 77950000	 76600000	27
chr15	 78500000	 79200000	14
chr15	 85000000	 86750000	35
chr15	 85800000	 84850000	19
chr15	 87950000	 88450000	10
chr15	 88600000	 87350000	25
chr15	 89950000	 89400000	11
chr15	 90800000	 92100000	26
chr15	 92050000	 91450000	12
chr15	 92650000	 91250000	28
chr15	 93350000	 93000000	7
chr15	 94500000	 92100000	48
chr15	 96700000	 95900000	16
chr15	 97500000	100950000	69
chr15	 98300000	 99250000	19
chr15	 99100000	 96700000	48
chr15	 99900000	101850000	39
chr15	102250000	101300000	19
chr15	102600000	100600000	40
chr16	  1050000	  1600000	11
chr16	  2850000	  2200000	13
chr16	  4350000	  3800000	11
chr16	  4450000	  4000000	9
chr16	  6000000	  3300000	54
chr16	  6100000	  6950000	17
chr16	  9150000	  7850000	26
chr16	  9700000	 10000000	6
chr16	  9900000	  9350000	11
chr16	 15100000	 16250000	23
chr16	 15800000	 14900000	18
chr16	 17200000	 19100000	38
chr16	 22500000	 23800000	26
chr16	 22700000	 23300000	12
chr16	 23100000	 21400000	34
chr16	 23150000	 21700000	29
chr16	 24650000	 25150000	10
chr16	 25500000	 28200000	54
chr16	 28750000	 27800000	19
chr16	 30750000	 31100000	7
chr16	 32000000	 34550000	51
chr16	 33050000	 35800000	55
chr16	 34500000	 35100000	12
chr16	 39850000	 39050000	16
chr16	 41100000	 39600000	30
chr16	 43350000	 44800000	29
chr16	 44150000	 45700000	31
chr16	 47900000	 46100000	36
chr16	 51450000	 52400000	19
chr16	 52550000	 54350000	36
chr16	 53200000	 51600000	32
chr16	 53300000	 54350000	21
chr16	 59100000	 60300000	24
chr16	 59600000	 60300000	14
chr16	 60750000	 61800000	21
chr16	 61100000	 60700000	8
chr16	 61250000	 61450000	4
chr16	 63600000	 64550000	19
chr16	 64950000	 66400000	29
chr16	 65050000	 63800000	25
chr16	 66300000	 64900000	28
chr16	 68950000	 67600000	27
chr16	 71350000	 70650000	14
chr16	 77600000	 78300000	14
chr16	 81700000	 82350000	13
chr16	 86250000	 87450000	24
chr16	 86950000	 88600000	33
chr16	 88150000	 89150000	20
chr16	 91250000	 92250000	20
chr16	 91750000	 92900000	23
chr16	 92900000	 93100000	4
chr16	 93650000	 91050000	52
chr16	 93700000	 92450000	25
chr16	 96750000	 95350000	28
chr17	   650000	  2850000	44
chr17	  1800000	  2700000	18
chr17	  2900000	  1450000	29
chr17	  2950000	  1450000	30
chr17	  3250000	  1900000	27
chr17	  5350000	  4350000	20
chr17	  6750000	  8000000	25
chr17	  7150000	  7900000	15
chr17	  9250000	  8750000	10
chr17	 10300000	 10100000	4
chr17	 10850000	  9650000	24
chr17	 12150000	 10500000	33
chr17	 13100000	 10000000	62
chr17	 13250000	 16650000	68
chr17	 17950000	 16200000	35
chr17	 21450000	 23200000	35
chr17	 22850000	 22500000	7
chr17	 24250000	 24800000	11
chr17	 28600000	 28050000	11
chr17	 29500000	 31450000	39
chr17	 29900000	 29400000	10
chr17	 30800000	 32600000	36
chr17	 31650000	 32700000	21
chr17	 32050000	 35150000	62
chr17	 36800000	 38350000	31
chr17	 37250000	 34700000	51
chr17	 37550000	 36600000	19
chr17	 38100000	 38550000	9
chr17	 39300000	 38350000	19
chr17	 41300000	 42050000	15
chr17	 41350000	 40350000	20
chr17	 41700000	 43050000	27
chr17	 42900000	 43600000	14
chr17	 45750000	 46850000	22
chr17	 48900000	 50650000	35
chr17	 52850000	 53700000	17
chr17	 53600000	 52700000	18
chr17	 58500000	 59550000	21
chr17	 59450000	 60150000	14
chr17	 60800000	 59500000	26
chr17	 62550000	 63150000	12
chr17	 62950000	 62150000	16
chr17	 63850000	 62100000	35
chr17	 64000000	 64700000	14
chr17	 65150000	 64400000	15
chr17	 66750000	 67650000	18
chr17	 66900000	 65850000	21
chr17	 70200000	 68450000	35
chr17	 72350000	 71700000	13
chr17	 73300000	 72750000	11
chr17	 73500000	 74800000	26
chr17	 74200000	 73450000	15
chr17	 75000000	 73950000	21
chr17	 75000000	 76450000	29
chr17	 75350000	 74000000	27
chr17	 82250000	 82000000	5
chr17	 82450000	 80650000	36
chr17	 82500000	 80350000	43
chr17	 83000000	 84750000	35
chr17	 83850000	 85050000	24
chr17	 85650000	 84850000	16
chr17	 86600000	 84450000	43
chr17	 88350000	 89600000	25
chr17	 90350000	 91100000	15
chr17	 91050000	 91650000	12
chr17	 92850000	 92100000	15
chr17	 93550000	 94250000	14
chr17	 93700000	 93200000	10
chr18	  2850000	  4950000	42
chr18	  2900000	  4100000	24
chr18	  2900000	  4550000	33
chr18	  3750000	  4150000	8
chr18	  3950000	  3450000	10
chr18	  5100000	  4450000	13
chr18	  5650000	  6800000	23
chr18	  5900000	  7800000	38
chr18	  7350000	  8700000	27
chr18	  8000000	  8700000	14
chr18	  8900000	  9450000	11
chr18	 10400000	 11800000	28
chr18	 10800000	  9950000	17
chr18	 11850000	 13550000	34
chr18	 12000000	  9400000	52
chr18	 15000000	 15900000	18
chr18	 16100000	 15100000	20
chr18	 16150000	 13650000	50
chr18	 19750000	 18950000	16
chr18	 20100000	 18950000	23
chr18	 21000000	 19100000	38
chr18	 22550000	 21500000	21
chr18	 22800000	 22000000	16
chr18	 23750000	 22850000	18
chr18	 23850000	 26000000	43
chr18	 24950000	 24200000	15
chr18	 26200000	 25600000	12
chr18	 26900000	 27500000	12
chr18	 27200000	 26450000	15
chr18	 27800000	 28250000	9
chr18	 31350000	 32250000	18
chr18	 34100000	 34700000	12
chr18	 35100000	 36750000	33
chr18	 36600000	 37350000	15
chr18	 37650000	 36950000	14
chr18	 38850000	 36900000	39
chr18	 39900000	 39050000	17
chr18	 41250000	 43000000	35
chr18	 42400000	 41200000	24
chr18	 42450000	 43350000	18
chr18	 43200000	 43550000	7
chr18	 44400000	 43950000	9
chr18	 46600000	 47950000	27
chr18	 49400000	 50050000	13
chr18	 50000000	 48850000	23
chr18	 53350000	 54400000	21
chr18	 54600000	 55900000	26
chr18	 56450000	 55800000	13
chr18	 57550000	 60300000	55
chr18	 58500000	 57050000	29
chr18	 59050000	 60100000	21
chr18	 59150000	 58450000	14
chr18	 64700000	 66150000	29
chr18	 64700000	 66650000	39
chr18	 68050000	 64400000	73
chr18	 68150000	 68950000	16
chr18	 69600000	 68550000	21
chr18	 72650000	 72100000	11
chr18	 72900000	 74300000	28
chr18	 74400000	 73950000	9
chr18	 76800000	 78200000	28
chr18	 77550000	 76450000	22
chr18	 79200000	 76700000	50
chr18	 79950000	 79200000	15
chr18	 80350000	 79350000	20
chr18	 81200000	 79600000	32
chr18	 84800000	 87300000	50
chr18	 85150000	 83750000	28
chr18	 86000000	 83100000	58
chr18	 87000000	 87850000	17
chr18	 87100000	 86150000	19
chr18	 87550000	 87150000	8
chr19	   950000	  3650000	54
chr19	  1650000	  3650000	40
chr19	  1950000	  3050000	22
chr19	  2100000	  2850000	15
chr19	  2450000	  3200000	15
chr19	  2900000	  1350000	31
chr19	  2950000	  1700000	25
chr19	 10400000	 11000000	12
chr19	 12050000	 10150000	38
chr19	 12250000	 11850000	8
chr19	 12450000	 11350000	22
chr19	 15150000	 16300000	23
chr19	 17900000	 18700000	16
chr19	 18300000	 16650000	33
chr19	 19900000	 21200000	26
chr19	 20450000	 19450000	20
chr19	 21200000	 19550000	33
chr19	 22300000	 21250000	21
chr19	 27900000	 29050000	23
chr19	 28600000	 26950000	33
chr19	 29700000	 31100000	28
chr19	 30400000	 29100000	26
chr19	 31300000	 32450000	23
chr19	 32850000	 32850000	0
chr19	 33200000	 31400000	36
chr19	 33600000	 34500000	18
chr19	 35300000	 34700000	12
chr19	 35400000	 33900000	30
chr19	 35600000	 34500000	22
chr19	 35950000	 36700000	15
chr19	 36300000	 35200000	22
chr19	 36600000	 38050000	29
chr19	 36650000	 35350000	26
chr19	 37350000	 38000000	13
chr19	 38300000	 37700000	12
chr19	 38350000	 38700000	7
chr19	 38650000	 39150000	10
chr19	 38750000	 38050000	14
chr19	 38850000	 40250000	28
chr19	 40350000	 39800000	11
chr19	 41550000	 42650000	22
chr19	 43200000	 41550000	33
chr19	 43400000	 44550000	23
chr19	 43700000	 42700000	20
chr19	 43850000	 44350000	10
chr19	 44350000	 46750000	48
chr19	 50050000	 50900000	17
chr19	 51950000	 51000000	19
chr19	 52850000	 53750000	18
chr19	 52900000	 49950000	59
chr19	 54100000	 53400000	14
chr19	 54700000	 56450000	35
chr19	 57050000	 58100000	21
chr19	 57800000	 58550000	15
chr19	 58400000	 56900000	30
chr2	    50000	  1400000	27
chr2	  1200000	   200000	20
chr2	  3950000	  6250000	46
chr2	  4100000	  2800000	26
chr2	  4850000	  7950000	62
chr2	  5550000	  6100000	11
chr2	  5800000	  5300000	10
chr2	  5850000	  6550000	14
chr2	  7900000	  5500000	48
chr2	  8300000	  9100000	16
chr2	  8600000	  9050000	9
chr2	 11700000	 12550000	17
chr2	 13150000	 14000000	17
chr2	 13150000	 15650000	50
chr2	 14900000	 15750000	17
chr2	 16000000	 14500000	30
chr2	 16450000	 17600000	23
chr2	 16700000	 19200000	50
chr2	 16850000	 16400000	9
chr2	 17100000	 16000000	22
chr2	 18900000	 20400000	30
chr2	 22000000	 22900000	18
chr2	 22400000	 21950000	9
chr2	 23000000	 24000000	20
chr2	 25050000	 24200000	17
chr2	 25500000	 25000000	10
chr2	 28450000	 27300000	23
chr2	 29300000	 28350000	19
chr2	 30350000	 29800000	11
chr2	 30400000	 28900000	30
chr2	 32800000	 33900000	22
chr2	 35550000	 37550000	40
chr2	 37050000	 35550000	30
chr2	 37500000	 36450000	21
chr2	 37500000	 36700000	16
chr2	 39800000	 40500000	14
chr2	 39900000	 40900000	20
chr2	 41200000	 41650000	9
chr2	 41600000	 41000000	12
chr2	 41700000	 40300000	28
chr2	 44050000	 45050000	20
chr2	 44250000	 43200000	21
chr2	 44400000	 43400000	20
chr2	 45300000	 46000000	14
chr2	 45750000	 44750000	20
chr2	 47000000	 47900000	18
chr2	 47150000	 48000000	17
chr2	 49650000	 50800000	23
chr2	 50450000	 48650000	36
chr2	 51150000	 50950000	4
chr2	 52550000	 51300000	25
chr2	 52950000	 52450000	10
chr2	 54150000	 55400000	25
chr2	 54200000	 54200000	0
chr2	 54600000	 54050000	11
chr2	 56800000	 58650000	37
chr2	 57100000	 55300000	36
chr2	 57900000	 57200000	14
chr2	 58400000	 57650000	15
chr2	 59000000	 57800000	24
chr2	 60400000	 59400000	20
chr2	 61950000	 60500000	29
chr2	 62850000	 63250000	8
chr2	 66200000	 67550000	27
chr2	 66800000	 68600000	36
chr2	 67550000	 66200000	27
chr2	 68050000	 67300000	15
chr2	 71300000	 72400000	22
chr2	 71550000	 73900000	47
chr2	 74150000	 73150000	20
chr2	 76050000	 77800000	35
chr2	 76300000	 76850000	11
chr2	 77850000	 75950000	38
chr2	 77850000	 78650000	16
chr2	 78000000	 76550000	29
chr2	 78700000	 80000000	26
chr2	 83100000	 83900000	16
chr2	 83850000	 84650000	16
chr2	 85200000	 83550000	33
chr2	 86850000	 88800000	39
chr2	 87100000	 88200000	22
chr2	 88450000	 87850000	12
chr2	 89450000	 88400000	21
chr2	 90200000	 89000000	24
chr2	 90650000	 88800000	37
chr2	 91150000	 92400000	25
chr2	 91250000	 90350000	18
chr2	 92950000	 91600000	27
chr2	 94450000	 94800000	7
chr2	 96900000	 96150000	15
chr2	 97050000	 98300000	25
chr2	 99050000	 98400000	13
chr2	100600000	 99600000	20
chr2	100750000	103150000	48
chr2	102550000	104400000	37
chr2	103150000	101850000	26
chr2	105200000	105900000	14
chr2	108000000	108400000	8
chr2	115050000	116450000	28
chr2	115500000	114950000	11
chr2	116850000	115200000	33
chr2	117000000	115700000	26
chr2	118250000	117650000	12
chr2	118250000	119750000	30
chr2	118700000	119250000	11
chr2	122900000	122000000	18
chr2	123600000	122750000	17
chr2	125650000	125000000	13
chr2	126550000	126100000	9
chr2	127950000	126950000	20
chr2	130700000	131400000	14
chr2	131300000	132950000	33
chr2	131400000	132050000	13
chr2	131400000	132500000	22
chr2	132700000	132200000	10
chr2	133700000	132650000	21
chr2	136400000	138750000	47
chr2	136600000	135850000	15
chr2	136800000	137500000	14
chr2	137450000	139250000	36
chr2	138300000	137400000	18
chr2	139200000	140900000	34
chr2	140300000	140750000	9
chr2	140550000	137050000	70
chr2	143850000	145650000	36
chr2	144850000	143650000	24
chr2	145450000	144300000	23
chr2	147150000	146350000	16
chr2	148150000	147200000	19
chr2	148750000	147900000	17
chr2	150100000	150500000	8
chr2	150800000	150250000	11
chr2	152950000	151900000	21
chr2	155650000	155350000	6
chr2	157000000	155600000	28
chr2	157050000	156550000	10
chr2	160000000	161700000	34
chr2	161850000	161150000	14
chr2	163400000	161900000	30
chr2	163400000	162800000	12
chr2	165850000	166300000	9
chr2	166750000	166450000	6
chr2	169400000	167350000	41
chr2	171800000	170800000	20
chr2	172550000	171750000	16
chr2	173150000	174950000	36
chr2	173350000	173000000	7
chr2	174150000	174750000	12
chr2	176000000	175250000	15
chr2	176900000	177500000	12
chr2	177200000	176000000	24
chr2	181100000	181550000	9
chr3	   450000	  2800000	47
chr3	  3400000	  4700000	26
chr3	  3950000	  4400000	9
chr3	  4400000	  2650000	35
chr3	  4900000	  6100000	24
chr3	 13700000	 12950000	15
chr3	 16150000	 16550000	8
chr3	 18100000	 16650000	29
chr3	 18450000	 17400000	21
chr3	 19950000	 21050000	22
chr3	 20450000	 19150000	26
chr3	 20700000	 21950000	25
chr3	 23400000	 21850000	31
chr3	 23450000	 22150000	26
chr3	 24350000	 23800000	11
chr3	 26550000	 29550000	60
chr3	 28000000	 29700000	34
chr3	 29800000	 31000000	24
chr3	 30350000	 29400000	19
chr3	 32350000	 33750000	28
chr3	 32950000	 34000000	21
chr3	 33450000	 34550000	22
chr3	 34800000	 35250000	9
chr3	 39600000	 38600000	20
chr3	 41100000	 42050000	19
chr3	 42050000	 40650000	28
chr3	 43000000	 42150000	17
chr3	 44150000	 42600000	31
chr3	 49000000	 51500000	50
chr3	 50200000	 49950000	5
chr3	 51050000	 52250000	24
chr3	 56600000	 56350000	5
chr3	 57300000	 58700000	28
chr3	 58200000	 58000000	4
chr3	 59500000	 56950000	51
chr3	 61350000	 65250000	78
chr3	 64550000	 63700000	17
chr3	 65100000	 66650000	31
chr3	 66200000	 64350000	37
chr3	 68300000	 67300000	20
chr3	 70100000	 70950000	17
chr3	 70400000	 70700000	6
chr3	 71100000	 72200000	22
chr3	 73300000	 72000000	26
chr3	 75550000	 76550000	20
chr3	 76150000	 75200000	19
chr3	 78200000	 78450000	5
chr3	 78550000	 77200000	27
chr3	 78800000	 77700000	22
chr3	 79900000	 81100000	24
chr3	 81100000	 82700000	32
chr3	 81450000	 82250000	16
chr3	 83100000	 85150000	41
chr3	 84850000	 85900000	21
chr3	 86000000	 85100000	18
chr3	 86000000	 87500000	30
chr3	 88000000	 88000000	0
chr3	 90400000	 93250000	57
chr3	 90800000	 89600000	24
chr3	 90850000	 89800000	21
chr3	 91200000	 90850000	7
chr3	 91550000	 90500000	21
chr3	 96700000	 97450000	15
chr3	100850000	 99500000	27
chr3	105650000	104900000	15
chr3	107250000	105800000	29
chr3	109050000	108050000	20
chr3	110000000	109500000	10
chr3	110750000	113200000	49
chr3	111150000	113700000	51
chr3	114150000	113100000	21
chr3	114600000	112950000	33
chr3	114800000	115600000	16
chr3	116900000	118050000	23
chr3	120600000	120400000	4
chr3	121850000	120200000	33
chr3	122250000	123150000	18
chr3	122350000	123400000	21
chr3	122950000	123400000	9
chr3	123700000	124400000	14
chr3	125800000	127050000	25
chr3	125850000	127350000	30
chr3	126900000	127250000	7
chr3	129200000	128100000	22
chr3	130450000	129150000	26
chr3	130550000	131650000	22
chr3	132750000	131850000	18
chr3	134300000	135350000	21
chr3	134700000	135350000	13
chr3	134900000	136150000	25
chr3	134950000	134400000	11
chr3	136900000	137900000	20
chr3	137150000	133600000	71
chr3	137500000	134150000	67
chr3	138750000	140850000	42
chr3	139400000	141800000	48
chr3	140900000	140050000	17
chr3	141100000	140250000	17
chr3	141700000	142700000	20
chr3	144450000	143400000	21
chr3	146150000	147250000	22
chr3	146450000	147350000	18
chr3	147500000	149800000	46
chr3	148300000	149050000	15
chr3	150850000	151800000	19
chr3	151450000	152750000	26
chr3	153400000	152500000	18
chr3	155200000	154300000	18
chr3	155600000	154600000	20
chr3	158550000	159200000	13
chr4	  2850000	  2000000	17
chr4	  3550000	  4550000	20
chr4	  4000000	  5600000	32
chr4	  4350000	  3300000	21
chr4	  4350000	  5900000	31
chr4	  5100000	  6650000	31
chr4	  5300000	  6650000	27
chr4	  5600000	  6150000	11
chr4	  6050000	  7350000	26
chr4	  6300000	  5250000	21
chr4	  6400000	  5550000	17
chr4	  7950000	  6850000	22
chr4	  9100000	 10850000	35
chr4	  9400000	  9650000	5
chr4	 11750000	 13250000	30
chr4	 12350000	 13150000	16
chr4	 13000000	 10400000	52
chr4	 16600000	 15950000	13
chr4	 18850000	 18550000	6
chr4	 19400000	 18750000	13
chr4	 20350000	 22100000	35
chr4	 21850000	 22700000	17
chr4	 22650000	 21650000	20
chr4	 24400000	 23400000	20
chr4	 24800000	 23900000	18
chr4	 25300000	 24750000	11
chr4	 26500000	 25500000	20
chr4	 26750000	 27050000	6
chr4	 28250000	 27900000	7
chr4	 29050000	 30200000	23
chr4	 29400000	 28700000	14
chr4	 30650000	 31250000	12
chr4	 31150000	 28600000	51
chr4	 31600000	 32300000	14
chr4	 32000000	 32950000	19
chr4	 36600000	 34700000	38
chr4	 38500000	 39350000	17
chr4	 39600000	 40350000	15
chr4	 41200000	 40250000	19
chr4	 42700000	 43350000	13
chr4	 43250000	 43800000	11
chr4	 46000000	 44900000	22
chr4	 46250000	 44900000	27
chr4	 47150000	 47550000	8
chr4	 47200000	 48400000	24
chr4	 47500000	 48650000	23
chr4	 53350000	 50100000	65
chr4	 53850000	 58450000	92
chr4	 54050000	 55100000	21
chr4	 54100000	 52950000	23
chr4	 54350000	 53550000	16
chr4	 56050000	 57250000	24
chr4	 56550000	 57600000	21
chr4	 56700000	 57250000	11
chr4	 57400000	 56100000	26
chr4	 57900000	 57500000	8
chr4	 58300000	 57650000	13
chr4	 64900000	 63900000	20
chr4	 65000000	 64400000	12
chr4	 65450000	 65000000	9
chr4	 67050000	 66050000	20
chr4	 70850000	 68850000	40
chr4	 71200000	 69350000	37
chr4	 71450000	 70400000	21
chr4	 72100000	 71450000	13
chr4	 73750000	 76400000	53
chr4	 74550000	 75250000	14
chr4	 77350000	 78800000	29
chr4	 77550000	 78850000	26
chr4	 78000000	 77300000	14
chr4	 79350000	 79850000	10
chr4	 80500000	 80800000	6
chr4	 81700000	 81700000	0
chr4	 82200000	 83500000	26
chr4	 82250000	 82950000	14
chr4	 83200000	 86800000	72
chr4	 85200000	 83500000	34
chr4	 85500000	 85950000	9
chr4	 86850000	 85450000	28
chr4	 87300000	 88050000	15
chr4	 87400000	 88650000	25
chr4	 87850000	 89450000	32
chr4	 89050000	 88350000	14
chr4	 91500000	 90950000	11
chr4	 92250000	 91350000	18
chr4	 93100000	 91400000	34
chr4	 93750000	 92500000	25
chr4	 95000000	 95500000	10
chr4	 96650000	 95300000	27
chr4	 99200000	100500000	26
chr4	100100000	 99250000	17
chr4	100350000	101250000	18
chr4	101950000	101250000	14
chr4	103350000	101950000	28
chr4	103900000	103400000	10
chr4	107000000	106150000	17
chr4	108800000	110050000	25
chr4	113600000	115650000	41
chr4	114200000	113350000	17
chr4	115350000	116000000	13
chr4	115400000	114000000	28
chr4	117400000	116650000	15
chr4	117850000	116600000	25
chr4	121500000	122600000	22
chr4	122750000	124300000	31
chr4	123550000	122650000	18
chr4	124050000	122700000	27
chr4	124050000	125000000	19
chr4	125300000	124850000	9
chr4	125950000	125000000	19
chr4	126050000	125750000	6
chr4	126450000	127650000	24
chr4	126600000	127400000	16
chr4	126800000	127650000	17
chr4	126900000	125100000	36
chr4	126950000	125950000	20
chr4	131550000	129900000	33
chr4	133150000	132500000	13
chr4	137300000	138050000	15
chr4	139750000	140100000	7
chr4	140050000	141250000	24
chr4	140700000	140250000	9
chr4	141500000	140600000	18
chr4	141900000	139600000	46
chr4	142250000	142950000	14
chr4	145200000	145050000	3
chr4	146800000	147850000	21
chr4	147950000	147400000	11
chr4	149200000	150000000	16
chr4	149300000	150550000	25
chr4	154100000	154700000	12
chr4	154550000	153850000	14
chr5	   250000	  1950000	34
chr5	  4700000	  5250000	11
chr5	  5000000	  4150000	17
chr5	  5700000	  7700000	40
chr5	  8100000	  8850000	15
chr5	  9900000	  8600000	26
chr5	 12200000	 12700000	10
chr5	 12700000	 12000000	14
chr5	 13350000	 14500000	23
chr5	 14050000	 14650000	12
chr5	 15400000	 18600000	64
chr5	 15650000	 14300000	27
chr5	 18800000	 16350000	49
chr5	 19950000	 21950000	40
chr5	 20300000	 17700000	52
chr5	 23600000	 24200000	12
chr5	 23750000	 23350000	8
chr5	 23850000	 22750000	22
chr5	 24250000	 23400000	17
chr5	 27350000	 24900000	49
chr5	 30800000	 31400000	12
chr5	 32550000	 33400000	17
chr5	 32950000	 32700000	5
chr5	 33550000	 33850000	6
chr5	 36000000	 35150000	17
chr5	 36350000	 35200000	23
chr5	 36600000	 37200000	12
chr5	 36900000	 37650000	15
chr5	 37400000	 38700000	26
chr5	 38600000	 41050000	49
chr5	 39900000	 38550000	27
chr5	 41350000	 40750000	12
chr5	 41800000	 40800000	20
chr5	 42000000	 43650000	33
chr5	 44350000	 42300000	41
chr5	 44750000	 43050000	34
chr5	 46650000	 45100000	31
chr5	 47300000	 49100000	36
chr5	 48450000	 49300000	17
chr5	 49050000	 51000000	39
chr5	 49700000	 48750000	19
chr5	 57350000	 59250000	38
chr5	 58100000	 59400000	26
chr5	 59000000	 58700000	6
chr5	 59450000	 60200000	15
chr5	 60450000	 59950000	10
chr5	 60600000	 61050000	9
chr5	 62250000	 63500000	25
chr5	 63950000	 62950000	20
chr5	 65100000	 65900000	16
chr5	 65150000	 66400000	25
chr5	 65250000	 67800000	51
chr5	 65300000	 66200000	18
chr5	 66850000	 63000000	77
chr5	 67050000	 67400000	7
chr5	 67250000	 67250000	0
chr5	 67600000	 68150000	11
chr5	 69350000	 69900000	11
chr5	 73000000	 73850000	17
chr5	 73300000	 71900000	28
chr5	 74850000	 75400000	11
chr5	 76750000	 74750000	40
chr5	 77500000	 75100000	48
chr5	 77700000	 75650000	41
chr5	 79500000	 79000000	10
chr5	 82500000	 81800000	14
chr5	 83550000	 82250000	26
chr5	 85150000	 85500000	7
chr5	 85850000	 85550000	6
chr5	 86250000	 85750000	10
chr5	 88950000	 89250000	6
chr5	 89250000	 88850000	8
chr5	 89850000	 90250000	8
chr5	 90550000	 90000000	11
chr5	 92000000	 90950000	21
chr5	 92450000	 91950000	10
chr5	 93650000	 92200000	29
chr5	 94850000	 95650000	16
chr5	 94900000	 96000000	22
chr5	 97450000	 98550000	22
chr5	 99400000	 98900000	10
chr5	101800000	104050000	45
chr5	101900000	101900000	0
chr5	102750000	100400000	47
chr5	104200000	103250000	19
chr5	104750000	105550000	16
chr5	105100000	105650000	11
chr5	105250000	104250000	20
chr5	105450000	107400000	39
chr5	106200000	105550000	13
chr5	107450000	105700000	35
chr5	110950000	109700000	25
chr5	111950000	111950000	0
chr5	114900000	116250000	27
chr5	115100000	115700000	12
chr5	115350000	115050000	6
chr5	116150000	115250000	18
chr5	117500000	118400000	18
chr5	117750000	116750000	20
chr5	118200000	119550000	27
chr5	122950000	122250000	14
chr5	123250000	124250000	20
chr5	123350000	124050000	14
chr5	125900000	124150000	35
chr5	125900000	124350000	31
chr5	127050000	126750000	6
chr5	129350000	127200000	43
chr5	129400000	131700000	46
chr5	130450000	132300000	37
chr5	133500000	135550000	41
chr5	134300000	132550000	35
chr5	135200000	134200000	20
chr5	135550000	136100000	11
chr5	139450000	137950000	30
chr5	140500000	141850000	27
chr5	141350000	142200000	17
chr5	143550000	142900000	13
chr5	143750000	140150000	72
chr5	144000000	144750000	15
chr5	144650000	145800000	23
chr5	145000000	143800000	24
chr5	150000000	147800000	44
chr5	151200000	149600000	32
chr6	   200000	   600000	8
chr6	  2950000	  2300000	13
chr6	  4200000	  3400000	16
chr6	  4250000	  3250000	20
chr6	  4550000	  5100000	11
chr6	  7600000	  6750000	17
chr6	 10200000	 10200000	0
chr6	 10350000	  9850000	10
chr6	 13700000	 15550000	37
chr6	 15000000	 16600000	32
chr6	 15350000	 16100000	15
chr6	 16000000	 15200000	16
chr6	 17400000	 16200000	24
chr6	 18350000	 19650000	26
chr6	 18600000	 17500000	22
chr6	 22450000	 23400000	19
chr6	 22750000	 23100000	7
chr6	 25850000	 26500000	13
chr6	 27150000	 26350000	16
chr6	 27450000	 25850000	32
chr6	 29550000	 30400000	17
chr6	 30200000	 31600000	28
chr6	 30500000	 30000000	10
chr6	 31400000	 33300000	38
chr6	 32200000	 31900000	6
chr6	 35000000	 34350000	13
chr6	 35600000	 34000000	32
chr6	 36950000	 37400000	9
chr6	 40650000	 36700000	79
chr6	 42300000	 40650000	33
chr6	 42800000	 43550000	15
chr6	 45000000	 46850000	37
chr6	 47350000	 46400000	19
chr6	 48250000	 47350000	18
chr6	 48500000	 50050000	31
chr6	 50150000	 48100000	41
chr6	 50900000	 50200000	14
chr6	 51400000	 52300000	18
chr6	 52800000	 53750000	19
chr6	 53300000	 54300000	20
chr6	 55150000	 55800000	13
chr6	 55450000	 56250000	16
chr6	 56500000	 57350000	17
chr6	 57200000	 58900000	34
chr6	 58100000	 59250000	23
chr6	 58650000	 58300000	7
chr6	 58800000	 59300000	10
chr6	 63650000	 64250000	12
chr6	 67750000	 68300000	11
chr6	 70800000	 71900000	22
chr6	 70950000	 69250000	34
chr6	 71050000	 70100000	19
chr6	 74250000	 73050000	24
chr6	 75250000	 75650000	8
chr6	 82250000	 82600000	7
chr6	 84800000	 83600000	24
chr6	 86000000	 85000000	20
chr6	 88800000	 89700000	18
chr6	 89800000	 90150000	7
chr6	 90250000	 89550000	14
chr6	 91600000	 93850000	45
chr6	 91950000	 92900000	19
chr6	 92250000	 91300000	19
chr6	 93800000	 92600000	24
chr6	 94500000	 96900000	48
chr6	 95600000	 96200000	12
chr6	 96900000	 95750000	23
chr6	 98150000	 97350000	16
chr6	 98200000	100850000	53
chr6	 98650000	 98200000	9
chr6	100400000	101550000	23
chr6	101450000	100900000	11
chr6	104250000	104850000	12
chr6	105000000	105850000	17
chr6	105150000	106500000	27
chr6	106000000	105350000	13
chr6	106400000	105450000	19
chr6	106450000	107500000	21
chr6	111300000	113200000	38
chr6	114500000	114350000	3
chr6	114750000	111950000	56
chr6	115700000	117350000	33
chr6	118600000	119950000	27
chr6	120250000	120900000	13
chr6	121150000	122450000	26
chr6	121850000	121000000	17
chr6	124500000	124800000	6
chr6	124850000	124350000	10
chr6	125600000	127100000	30
chr6	125800000	124450000	27
chr6	128850000	128400000	9
chr6	130800000	130150000	13
chr6	133500000	134050000	11
chr6	133800000	133000000	16
chr6	133800000	135200000	28
chr6	135200000	135550000	7
chr6	136150000	137550000	28
chr6	136450000	136450000	0
chr6	139000000	138200000	16
chr6	139350000	140200000	17
chr6	139450000	138850000	12
chr6	144800000	147100000	46
chr6	145200000	144400000	16
chr6	145400000	142100000	66
chr6	147200000	148600000	28
chr7	   900000	  2050000	23
chr7	  1050000	   800000	5
chr7	  4100000	  2450000	33
chr7	  4800000	  6000000	24
chr7	  5750000	   800000	99
chr7	  6250000	  6900000	13
chr7	  6850000	  7850000	20
chr7	 12250000	 11400000	17
chr7	 14300000	 15050000	15
chr7	 15200000	 16600000	28
chr7	 19300000	 17050000	45
chr7	 19450000	 21150000	34
chr7	 19550000	 22250000	54
chr7	 19650000	 20250000	12
chr7	 23000000	 21200000	36
chr7	 25600000	 24450000	23
chr7	 25700000	 27000000	26
chr7	 26650000	 25050000	32
chr7	 27000000	 25950000	21
chr7	 27250000	 27650000	8
chr7	 28700000	 29900000	24
chr7	 29850000	 30250000	8
chr7	 30050000	 28300000	35
chr7	 33500000	 32950000	11
chr7	 33850000	 32150000	34
chr7	 34600000	 33950000	13
chr7	 36050000	 36450000	8
chr7	 36450000	 35500000	19
chr7	 37100000	 37700000	12
chr7	 38300000	 37900000	8
chr7	 39650000	 38850000	16
chr7	 42200000	 40100000	42
chr7	 42400000	 41950000	9
chr7	 44400000	 45300000	18
chr7	 44900000	 45850000	19
chr7	 45350000	 44850000	10
chr7	 50250000	 49950000	6
chr7	 50450000	 52200000	35
chr7	 51500000	 49800000	34
chr7	 53050000	 54100000	21
chr7	 53500000	 55700000	44
chr7	 54800000	 57700000	58
chr7	 56650000	 58900000	45
chr7	 58150000	 59200000	21
chr7	 59900000	 61400000	30
chr7	 60000000	 60550000	11
chr7	 61400000	 60600000	16
chr7	 65300000	 63350000	39
chr7	 66000000	 66400000	8
chr7	 67550000	 68400000	17
chr7	 68400000	 69450000	21
chr7	 69150000	 69150000	0
chr7	 72000000	 73100000	22
chr7	 77200000	 76150000	21
chr7	 77800000	 76250000	31
chr7	 78150000	 77150000	20
chr7	 83950000	 83050000	18
chr7	 84000000	 84950000	19
chr7	 84200000	 80950000	65
chr7	 87000000	 85500000	30
chr7	 87000000	 85750000	25
chr7	 87550000	 88250000	14
chr7	 87650000	 86200000	29
chr7	 88550000	 91500000	59
chr7	 89150000	 90400000	25
chr7	 89400000	 88250000	23
chr7	 90750000	 91450000	14
chr7	 93000000	 92200000	16
chr7	 93400000	 94900000	30
chr7	 97650000	 98800000	23
chr7	 97750000	 97050000	14
chr7	 98250000	 97300000	19
chr7	 99150000	 99650000	10
chr7	 99500000	100250000	15
chr7	101850000	103600000	35
chr7	102600000	103700000	22
chr7	103650000	101600000	41
chr7	104050000	103300000	15
chr7	105750000	103550000	44
chr7	107600000	104650000	59
chr7	109450000	110750000	26
chr7	113550000	114050000	10
chr7	113600000	115050000	29
chr7	116550000	115550000	20
chr7	116850000	115400000	29
chr7	117100000	118500000	28
chr7	117800000	117550000	5
chr7	117850000	117450000	8
chr7	119950000	118550000	28
chr7	120300000	119800000	10
chr7	122100000	119400000	54
chr7	122550000	123550000	20
chr7	124350000	122750000	32
chr7	124350000	123700000	13
chr7	124900000	123800000	22
chr7	125300000	126800000	30
chr7	125700000	127200000	30
chr7	127850000	127100000	15
chr7	129650000	124800000	97
chr7	130100000	128800000	26
chr7	131800000	131050000	15
chr7	132200000	131850000	7
chr7	133000000	132450000	11
chr7	134000000	133550000	9
chr7	134100000	137050000	59
chr7	134750000	135800000	21
chr7	136450000	137350000	18
chr7	137700000	139100000	28
chr7	138850000	140150000	26
chr7	140700000	139650000	21
chr7	143000000	144450000	29
chr7	144550000	141950000	52
chr8	  2600000	  3250000	13
chr8	  2700000	  2100000	12
chr8	  3550000	  2250000	26
chr8	  4150000	  3450000	14
chr8	  4200000	  3000000	24
chr8	  6150000	  6650000	10
chr8	  7100000	  9450000	47
chr8	 12150000	 13050000	18
chr8	 12450000	 11500000	19
chr8	 13150000	 13800000	13
chr8	 13200000	 14950000	35
chr8	 17000000	 14200000	56
chr8	 17700000	 17000000	14
chr8	 18600000	 20550000	39
chr8	 19550000	 19200000	7
chr8	 21400000	 20900000	10
chr8	 23300000	 22600000	14
chr8	 28150000	 26600000	31
chr8	 28250000	 27600000	13
chr8	 30000000	 27700000	46
chr8	 30100000	 31450000	27
chr8	 31300000	 32700000	28
chr8	 32300000	 32900000	12
chr8	 33100000	 32350000	15
chr8	 33450000	 31950000	30
chr8	 37750000	 36300000	29
chr8	 38000000	 36450000	31
chr8	 38950000	 40100000	23
chr8	 40450000	 39050000	28
chr8	 41850000	 41250000	12
chr8	 42800000	 41650000	23
chr8	 43700000	 42650000	21
chr8	 44150000	 45600000	29
chr8	 44700000	 43500000	24
chr8	 45200000	 45950000	15
chr8	 46950000	 46200000	15
chr8	 47000000	 45650000	27
chr8	 50300000	 48650000	33
chr8	 50900000	 53050000	43
chr8	 51550000	 50850000	14
chr8	 51750000	 52250000	10
chr8	 51900000	 51100000	16
chr8	 52250000	 52450000	4
chr8	 55250000	 56000000	15
chr8	 56350000	 55950000	8
chr8	 59400000	 58550000	17
chr8	 60500000	 61200000	14
chr8	 61300000	 62800000	30
chr8	 61350000	 62450000	22
chr8	 61900000	 58750000	63
chr8	 62200000	 61150000	21
chr8	 62450000	 64050000	32
chr8	 62500000	 61400000	22
chr8	 62900000	 61650000	25
chr8	 62950000	 63600000	13
chr8	 63100000	 62050000	21
chr8	 64550000	 65850000	26
chr8	 64600000	 65600000	20
chr8	 65100000	 64600000	10
chr8	 66150000	 67250000	22
chr8	 66700000	 65550000	23
chr8	 68900000	 71250000	47
chr8	 69550000	 69050000	10
chr8	 70200000	 70450000	5
chr8	 70500000	 70950000	9
chr8	 70700000	 69750000	19
chr8	 71450000	 70050000	28
chr8	 71550000	 73150000	32
chr8	 77250000	 78350000	22
chr8	 78850000	 77250000	32
chr8	 79250000	 79950000	14
chr8	 79500000	 81450000	39
chr8	 80300000	 79250000	21
chr8	 80900000	 82000000	22
chr8	 83850000	 84450000	12
chr8	 84750000	 83750000	20
chr8	 85450000	 84300000	23
chr8	 85900000	 86550000	13
chr8	 86100000	 87450000	27
chr8	 90400000	 86850000	71
chr8	 93950000	 95400000	29
chr8	 94750000	 94300000	9
chr8	 95850000	 96750000	18
chr8	 96200000	 96700000	10
chr8	 96200000	 97250000	21
chr8	 96350000	 95550000	16
chr8	 97100000	 96600000	10
chr8	 98000000	 96800000	24
chr8	 98150000	 97000000	23
chr8	 99850000	 98950000	18
chr8	103900000	103700000	4
chr8	105100000	102250000	57
chr8	105150000	104750000	8
chr8	107150000	106750000	8
chr8	108650000	109350000	14
chr8	108650000	110450000	36
chr8	109150000	110000000	17
chr8	111200000	112150000	19
chr8	114700000	116550000	37
chr8	115050000	113600000	29
chr8	116800000	115900000	18
chr8	117550000	116500000	21
chr8	118350000	116900000	29
chr8	119800000	117950000	37
chr8	120500000	122250000	35
chr8	121700000	120000000	34
chr8	121750000	121400000	7
chr8	125300000	123900000	28
chr8	125350000	124600000	15
chr8	127050000	128100000	21
chr8	128500000	127400000	22
chr8	128650000	128050000	12
chr9	   400000	  1050000	13
chr9	   450000	  2050000	32
chr9	  3050000	  4950000	38
chr9	  3350000	  4400000	21
chr9	  4600000	  5150000	11
chr9	  6850000	  8700000	37
chr9	  7150000	  7300000	3
chr9	  8450000	  9800000	27
chr9	 10850000	 12050000	24
chr9	 12700000	 11200000	30
chr9	 12700000	 11350000	27
chr9	 13000000	 11550000	29
chr9	 13700000	 14900000	24
chr9	 14100000	 14700000	12
chr9	 14950000	 16900000	39
chr9	 17450000	 16950000	10
chr9	 17800000	 15700000	42
chr9	 17850000	 15050000	56
chr9	 19100000	 17850000	25
chr9	 21650000	 22900000	25
chr9	 22200000	 20500000	34
chr9	 24400000	 23300000	22
chr9	 25150000	 26400000	25
chr9	 26700000	 25250000	29
chr9	 27000000	 25600000	28
chr9	 32450000	 34100000	33
chr9	 32600000	 34050000	29
chr9	 33400000	 35100000	34
chr9	 35700000	 35300000	8
chr9	 40850000	 40450000	8
chr9	 41200000	 42300000	22
chr9	 45300000	 45800000	10
chr9	 45550000	 45550000	0
chr9	 47050000	 48050000	20
chr9	 48750000	 49200000	9
chr9	 50750000	 49100000	33
chr9	 51400000	 52700000	26
chr9	 51900000	 52450000	11
chr9	 53800000	 53000000	16
chr9	 54550000	 52900000	33
chr9	 56200000	 57350000	23
chr9	 57950000	 58900000	19
chr9	 58500000	 58850000	7
chr9	 58550000	 58050000	10
chr9	 63550000	 63300000	5
chr9	 67400000	 64650000	55
chr9	 67750000	 68800000	21
chr9	 67850000	 67100000	15
chr9	 67950000	 68300000	7
chr9	 68950000	 68450000	10
chr9	 69950000	 71550000	32
chr9	 71150000	 72400000	25
chr9	 71400000	 69700000	34
chr9	 73150000	 72500000	13
chr9	 75550000	 74650000	18
chr9	 75950000	 75250000	14
chr9	 76000000	 77200000	24
chr9	 77850000	 77400000	9
chr9	 79600000	 78650000	19
chr9	 80800000	 81850000	21
chr9	 82450000	 81750000	14
chr9	 84900000	 81850000	61
chr9	 85550000	 87150000	32
chr9	 86550000	 85700000	17
chr9	 86700000	 86200000	10
chr9	 87450000	 87750000	6
chr9	 90500000	 88500000	40
chr9	 92900000	 90000000	58
chr9	 94250000	 95450000	24
chr9	 94900000	 93650000	25
chr9	 95450000	 93950000	30
chr9	 98800000	 98400000	8
chr9	101500000	102450000	19
chr9	102850000	101600000	25
chr9	103600000	102750000	17
chr9	103850000	102350000	30
chr9	106250000	107450000	24
chr9	106400000	104400000	40
chr9	106800000	107900000	22
chr9	106900000	105800000	22
chr9	107400000	106500000	18
chr9	107550000	108350000	16
chr9	109700000	109150000	11
chr9	109850000	111100000	25
chr9	110000000	109100000	18
chr9	110650000	111300000	13
chr9	111300000	113000000	34
chr9	112950000	113900000	19
chr9	118050000	120250000	44
chr9	118200000	118600000	8
chr9	119350000	121500000	43
chr9	120950000	122700000	35
chr9	121850000	121350000	10
chr9	122200000	121750000	9
chrX	  1000000	  2000000	20
chrX	  2050000	  1800000	5
chrX	  2250000	  3250000	20
chrX	  3000000	  4000000	20
chrX	  3300000	  4250000	19
chrX	  5800000	  5600000	4
chrX	  6600000	  7650000	21
chrX	  6650000	  8750000	42
chrX	  7550000	  9400000	37
chrX	  9350000	 11650000	46
chrX	 10150000	  8900000	25
chrX	 10350000	  8550000	36
chrX	 11100000	 12850000	35
chrX	 14050000	 13200000	17
chrX	 15200000	 15200000	0
chrX	 15650000	 14750000	18
chrX	 16100000	 14950000	23
chrX	 18300000	 19700000	28
chrX	 20350000	 19900000	9
chrX	 21500000	 20100000	28
chrX	 22550000	 23700000	23
chrX	 26650000	 25650000	20
chrX	 28450000	 28250000	4
chrX	 29250000	 29000000	5
chrX	 32750000	 31950000	16
chrX	 34600000	 35800000	24
chrX	 34950000	 33900000	21
chrX	 35300000	 38100000	56
chrX	 36800000	 36550000	5
chrX	 39400000	 36850000	51
chrX	 39700000	 40450000	15
chrX	 40650000	 41650000	20
chrX	 40800000	 41200000	8
chrX	 41150000	 43400000	45
chrX	 41750000	 44600000	57
chrX	 44500000	 43300000	24
chrX	 45000000	 44550000	9
chrX	 46100000	 47600000	30
chrX	 47700000	 49350000	33
chrX	 48450000	 47750000	14
chrX	 48700000	 49600000	18
chrX	 49300000	 50850000	31
chrX	 49900000	 49100000	16
chrX	 50150000	 48650000	30
chrX	 51300000	 51600000	6
chrX	 51400000	 52400000	20
chrX	 51400000	 52650000	25
chrX	 51900000	 52150000	5
chrX	 52600000	 52050000	11
chrX	 54750000	 55550000	16
chrX	 54850000	 56700000	37
chrX	 54950000	 52200000	55
chrX	 55050000	 53900000	23
chrX	 57600000	 56150000	29
chrX	 57950000	 58800000	17
chrX	 59600000	 60300000	14
chrX	 62300000	 61000000	26
chrX	 65750000	 66600000	17
chrX	 66250000	 66800000	11
chrX	 66600000	 65650000	19
chrX	 68300000	 69600000	26
chrX	 69200000	 68400000	16
chrX	 69550000	 68950000	12
chrX	 70350000	 69200000	23
chrX	 70950000	 70050000	18
chrX	 72200000	 71250000	19
chrX	 74250000	 73050000	24
chrX	 74600000	 77800000	64
chrX	 77600000	 79450000	37
chrX	 77900000	 77250000	13
chrX	 78600000	 78500000	2
chrX	 79800000	 78950000	17
chrX	 80000000	 82450000	49
chrX	 80400000	 81650000	25
chrX	 80550000	 81250000	14
chrX	 81550000	 80750000	16
chrX	 84400000	 82400000	40
chrX	 85900000	 87200000	26
chrX	 86200000	 84600000	32
chrX	 86300000	 87000000	14
chrX	 91600000	 93800000	44
chrX	 92950000	 93200000	5
chrX	 99400000	100000000	12
chrX	100550000	 99900000	13
chrX	100800000	101600000	16
chrX	102000000	101100000	18
chrX	103500000	105100000	32
chrX	104150000	102450000	34
chrX	112150000	114250000	42
chrX	114100000	113650000	9
chrX	116650000	114900000	35
chrX	117100000	116100000	20
chrX	117800000	116850000	19
chrX	118800000	118350000	9
chrX	121050000	121800000	15
chrX	121300000	120300000	20
chrX	121950000	122850000	18
chrX	123400000	124500000	22
chrX	125450000	124800000	13
chrX	126050000	124700000	27
chrX	128000000	128900000	18
chrX	129250000	129850000	12
chrX	130200000	132100000	38
chrX	131050000	131250000	4
chrX	131250000	129300000	39
chrX	132100000	133350000	25
chrX	133650000	139650000	120
chrX	133700000	133000000	14
chrX	136200000	138000000	36
chrX	137950000	138750000	16
chrX	140050000	141650000	32
chrX	141250000	142650000	28
chrX	142200000	142700000	10
chrX	144700000	145250000	11
chrX	145300000	144550000	15
chrX	145600000	145000000	12
chrX	147700000	146600000	22
chrX	147800000	148000000	4
chrX	148850000	149400000	11
chrX	149600000	149250000	7
chrX	150750000	149950000	16
chrX	151100000	154000000	58
chrX	152900000	152100000	16
chrX	152900000	154150000	25
chrX	153050000	153650000	12
chrX	157650000	158250000	12
chrX	158450000	157750000	14
chrX	159600000	159950000	7
chrX	162700000	163500000	16
chrX	168250000	167100000	23
chrX	168950000	167850000	22
chrX	169550000	168350000	24
chrY	   550000	  1450000	18
chrY	  2250000	  2950000	14
chrY	  3600000	  1950000	33
chrY	  3750000	  1800000	39
chrY	  4600000	  6850000	45
chrY	  5150000	  4700000	9
chrY	  8350000	  9250000	18
chrY	  8900000	  9850000	19
chrY	  9100000	  7450000	33
chrY	 15550000	 13200000	47
chrY	 16600000	 16900000	6
chrY	 18350000	 22100000	75
chrY	 18500000	 20400000	38
chrY	 19400000	 20350000	19
chrY	 19800000	 19100000	14
chrY	 20600000	 19800000	16
chrY	 21000000	 21550000	11
chrY	 21200000	 22450000	25
chrY	 22750000	 24200000	29
chrY	 23700000	 25550000	37
chrY	 24250000	 24950000	14
chrY	 24700000	 22900000	36
chrY	 26550000	 25900000	13
chrY	 29100000	 30450000	27
chrY	 31950000	 31150000	16
chrY	 32800000	 31900000	18
chrY	 34000000	 33500000	10
chrY	 34200000	 33600000	12
chrY	 36650000	 37050000	8
chrY	 40300000	 41050000	15
chrY	 40700000	 41150000	9
chrY	 40850000	 42300000	29
chrY	 43850000	 43000000	17
chrY	 44150000	 43150000	20
chrY	 45650000	 47200000	31
chrY	 46100000	 47800000	34
chrY	 47050000	 47500000	9
chrY	 47550000	 48600000	21
chrY	 48150000	 47150000	20
chrY	 48300000	 48850000	11
chrY	 48750000	 50750000	40
chrY	 50300000	 49200000	22
chrY	 50500000	 51500000	20
chrY	 52400000	 52900000	10
chrY	 54350000	 53600000	15
chrY	 54700000	 55800000	22
chrY	 55550000	 54250000	26
chrY	 58900000	 60100000	24
chrY	 59850000	 59250000	12
chrY	 59850000	 61050000	24
chrY	 60200000	 58750000	29
chrY	 60600000	 59450000	23
chrY	 61600000	 63350000	35
chrY	 62850000	 61800000	21
chrY	 65250000	 64100000	23
chrY	 65650000	 64900000	15
chrY	 66050000	 65150000	18
chrY	 66200000	 64950000	25
chrY	 66900000	 66250000	13
chrY	 67050000	 66550000	10
chrY	 67700000	 69250000	31
chrY	 71650000	 72500000	17
chrY	 71700000	 72650000	19
chrY	 73050000	 72300000	15
chrY	 73200000	 72400000	16
chrY	 74500000	 75200000	14
chrY	 74650000	 73400000	25
chrY	 75450000	 74300000	23
chrY	 76750000	 78050000	26
chrY	 77300000	 76100000	24
chrY	 78550000	 79350000	16
chrY	 78600000	 77850000	15
chrY	 78750000	 77550000	24
chrY	 79750000	 78100000	33
chrY	 79900000	 79150000	15
chrY	 79950000	 81550000	32
chrY	 80850000	 81450000	12
chrY	 80950000	 80100000	17
chrY	 81650000	 80350000	26
chrY	 83500000	 82550000	19
chrY	 83950000	 82500000	29
chrY	 84500000	 82850000	33
chrY	 84500000	 83200000	26
chrY	 87600000	 87300000	6
chrY	 87850000	 86000000	37
chrY	 90500000	 89600000	18
chrY	 90600000	 91450000	17
