chr1	  2750000	  3750000	20
chr1	  4150000	  1550000	52
chr1	  4450000	  3700000	15
chr1	  5250000	  6200000	19
chr1	  6100000	  5400000	14
chr1	  6200000	  8100000	38
chr1	 11050000	 10150000	18
chr1	 12800000	 14000000	24
chr1	 15650000	 16000000	7
chr1	 17150000	 16400000	15
chr1	 18850000	 17800000	21
chr1	 19300000	 17750000	31
chr1	 22400000	 21750000	13
chr1	 22600000	 21500000	22
chr1	 26250000	 25100000	23
chr1	 27100000	 27700000	12
chr1	 28350000	 28950000	12
chr1	 29000000	 28200000	16
chr1	 29150000	 29400000	5
chr1	 30200000	 29050000	23
chr1	 30700000	 31200000	10
chr1	 31750000	 30950000	16
chr1	 32600000	 33750000	23
chr1	 32900000	 32900000	0
chr1	 34700000	 33000000	34
chr1	 35150000	 33200000	39
chr1	 38950000	 40250000	26
chr1	 39050000	 39950000	18
chr1	 39650000	 39050000	12
chr1	 39750000	 41500000	35
chr1	 40300000	 39900000	8
chr1	 41650000	 39950000	34
chr1	 42200000	 40800000	28
chr1	 43850000	 44450000	12
chr1	 45050000	 44550000	10
chr1	 45250000	 46100000	17
chr1	 48350000	 49200000	17
chr1	 50550000	 50900000	7
chr1	 52750000	 51500000	25
chr1	 54050000	 55550000	30
chr1	 54550000	 51450000	62
chr1	 54900000	 55750000	17
chr1	 54900000	 56100000	24
chr1	 56200000	 57350000	23
chr1	 61750000	 64050000	46
chr1	 65800000	 67050000	25
chr1	 67300000	 66400000	18
chr1	 67300000	 68250000	19
chr1	 67450000	 66650000	16
chr1	 67800000	 66900000	18
chr1	 68300000	 67550000	15
chr1	 69800000	 68600000	24
chr1	 70450000	 69300000	23
chr1	 72200000	 73550000	27
chr1	 72350000	 70200000	43
chr1	 78100000	 79900000	36
chr1	 82400000	 81800000	12
chr1	 83150000	 82600000	11
chr1	 83850000	 84750000	18
chr1	 84000000	 83300000	14
chr1	 86050000	 87150000	22
chr1	 92300000	 90500000	36
chr1	 93850000	 92550000	26
chr1	 94250000	 93650000	12
chr1	 94250000	 95100000	17
chr1	 95600000	 96100000	10
chr1	 97150000	102000000	97
chr1	 98050000	 98500000	9
chr1	 99050000	 99750000	14
chr1	101400000	101700000	6
chr1	103200000	103850000	13
chr1	104800000	106300000	30
chr1	108950000	109350000	8
chr1	110000000	108650000	27
chr1	111950000	111350000	12
chr1	112350000	114900000	51
chr1	112500000	113700000	24
chr1	113300000	111600000	34
chr1	113400000	113850000	9
chr1	113600000	112600000	20
chr1	114000000	112200000	36
chr1	115700000	114150000	31
chr1	118700000	117900000	16
chr1	119900000	120750000	17
chr1	121500000	120150000	27
chr1	121800000	120750000	21
chr1	121900000	123100000	24
chr1	123300000	122300000	20
chr1	123300000	124150000	17
chr1	123700000	123150000	11
chr1	124950000	125900000	19
chr1	126100000	124900000	24
chr1	126650000	125700000	19
chr1	127750000	128950000	24
chr1	128450000	128900000	9
chr1	129150000	128400000	15
chr1	129250000	129850000	12
chr1	130250000	128150000	42
chr1	131950000	131450000	10
chr1	132050000	133300000	25
chr1	132550000	132200000	7
chr1	133000000	134400000	28
chr1	133700000	133450000	5
chr1	133900000	134850000	19
chr1	135350000	134500000	17
chr1	136050000	136900000	17
chr1	136100000	136650000	11
chr1	137000000	137500000	10
chr1	137050000	135750000	26
chr1	137800000	138750000	19
chr1	138900000	139350000	9
chr1	141100000	139850000	25
chr1	147800000	148750000	19
chr1	149200000	149750000	11
chr1	151750000	154350000	52
chr1	154350000	151900000	49
chr1	154900000	155600000	14
chr1	155250000	154350000	18
chr1	156300000	156600000	6
chr1	158500000	160350000	37
chr1	160250000	158600000	33
chr1	161950000	160200000	35
chr1	163400000	164900000	30
chr1	165550000	167500000	39
chr1	166700000	167550000	17
chr1	167050000	165750000	26
chr1	167750000	166300000	29
chr1	167750000	166900000	17
chr1	167950000	167950000	0
chr1	168250000	167400000	17
chr1	168850000	168000000	17
chr1	169850000	167250000	52
chr1	175450000	175050000	8
chr1	175950000	177400000	29
chr1	177000000	174100000	58
chr1	177850000	178900000	21
chr1	177850000	179000000	23
chr1	177950000	177200000	15
chr1	178350000	177100000	25
chr1	178400000	178500000	2
chr1	179350000	180950000	32
chr1	180650000	181850000	24
chr1	185450000	186350000	18
chr1	185750000	185000000	15
chr1	185800000	184750000	21
chr1	187550000	187900000	7
chr1	190000000	191250000	25
chr1	190100000	190850000	15
chr1	192400000	193200000	16
chr1	192950000	191150000	36
chr1	193650000	195300000	33
chr10	   450000	  1750000	26
chr10	  2250000	   700000	31
chr10	  5500000	  3650000	37
chr10	  5650000	  6650000	20
chr10	  5800000	  6750000	19
chr10	  7150000	  7950000	16
chr10	  7200000	  5700000	30
chr10	  8300000	  8900000	12
chr10	  8450000	  8900000	9
chr10	  9950000	  6500000	69
chr10	 10250000	  8850000	28
chr10	 10800000	 11500000	14
chr10	 11300000	 10250000	21
chr10	 13550000	 12850000	14
chr10	 17050000	 16400000	13
chr10	 18550000	 15350000	64
chr10	 19650000	 21100000	29
chr10	 19900000	 20550000	13
chr10	 20700000	 19350000	27
chr10	 22200000	 22200000	0
chr10	 22600000	 23850000	25
chr10	 23050000	 23350000	6
chr10	 24600000	 22500000	42
chr10	 26050000	 26500000	9
chr10	 27100000	 28250000	23
chr10	 27850000	 27500000	7
chr10	 28300000	 27150000	23
chr10	 30200000	 29200000	20
chr10	 32000000	 30950000	21
chr10	 40550000	 41550000	20
chr10	 41050000	 39800000	25
chr10	 41300000	 41000000	6
chr10	 41850000	 43400000	31
chr10	 42600000	 43600000	20
chr10	 47100000	 48400000	26
chr10	 48950000	 49900000	19
chr10	 51100000	 52900000	36
chr10	 51250000	 52200000	19
chr10	 55850000	 56950000	22
chr10	 55850000	 57450000	32
chr10	 56650000	 57550000	18
chr10	 59900000	 59300000	12
chr10	 61800000	 62200000	8
chr10	 62000000	 61200000	16
chr10	 62300000	 63000000	14
chr10	 64100000	 63400000	14
chr10	 67100000	 66150000	19
chr10	 68900000	 69150000	5
chr10	 73100000	 71250000	37
chr10	 73950000	 72600000	27
chr10	 74050000	 74400000	7
chr10	 75200000	 74750000	9
chr10	 75400000	 76250000	17
chr10	 75600000	 77300000	34
chr10	 76050000	 77550000	30
chr10	 76800000	 78150000	27
chr10	 78500000	 79800000	26
chr10	 79900000	 80800000	18
chr10	 80050000	 77800000	45
chr10	 81050000	 80000000	21
chr10	 81750000	 81350000	8
chr10	 82100000	 83200000	22
chr10	 85350000	 84100000	25
chr10	 87700000	 87200000	10
chr10	 88650000	 89700000	21
chr10	 89300000	 88600000	14
chr10	 94400000	 93700000	14
chr10	 95450000	 97100000	33
chr10	 95650000	 94700000	19
chr10	 95700000	 95300000	8
chr10	 95800000	 94450000	27
chr10	 96550000	 97350000	16
chr10	 96700000	 94850000	37
chr10	 98150000	 99300000	23
chr10	 98200000	 98750000	11
chr10	 98500000	 99700000	24
chr10	 99350000	100450000	22
chr10	 99350000	100500000	23
chr10	100750000	102200000	29
chr10	102200000	103050000	17
chr10	105300000	105800000	10
chr10	105900000	105200000	14
chr10	109250000	109900000	13
chr10	110050000	111650000	32
chr10	110500000	110950000	9
chr10	110650000	112050000	28
chr10	111400000	109850000	31
chr10	112250000	111850000	8
chr10	113000000	112500000	10
chr10	114700000	115950000	25
chr10	117600000	117300000	6
chr10	118250000	115750000	50
chr10	119100000	120200000	22
chr10	119250000	118300000	19
chr10	122400000	121750000	13
chr10	125250000	125700000	9
chr10	127800000	129150000	27
chr10	130450000	128450000	40
chr11	   400000	  2400000	40
chr11	  3650000	  1900000	35
chr11	  3950000	  4850000	18
chr11	  4600000	  5200000	12
chr11	  5700000	  7450000	35
chr11	  7850000	 10700000	57
chr11	  7900000	  9450000	31
chr11	  8650000	  9350000	14
chr11	 10450000	 10750000	6
chr11	 12200000	 13300000	22
chr11	 13200000	 11400000	36
chr11	 14800000	 16800000	40
chr11	 15300000	 17400000	42
chr11	 16450000	 17250000	16
chr11	 19750000	 22100000	47
chr11	 20250000	 19350000	18
chr11	 21100000	 21850000	15
chr11	 21500000	 20350000	23
chr11	 22100000	 21200000	18
chr11	 22800000	 24850000	41
chr11	 22850000	 21750000	22
chr11	 23850000	 22650000	24
chr11	 25350000	 26500000	23
chr11	 26100000	 25550000	11
chr11	 26800000	 27650000	17
chr11	 28750000	 30450000	34
chr11	 29250000	 28300000	19
chr11	 32100000	 31250000	17
chr11	 33150000	 34150000	20
chr11	 34350000	 34650000	6
chr11	 35400000	 32200000	64
chr11	 37700000	 32750000	99
chr11	 40050000	 39150000	18
chr11	 44400000	 43350000	21
chr11	 44500000	 44950000	9
chr11	 45100000	 46850000	35
chr11	 48450000	 46200000	45
chr11	 51300000	 52550000	25
chr11	 52200000	 53350000	23
chr11	 54150000	 52800000	27
chr11	 54500000	 51400000	62
chr11	 56250000	 55200000	21
chr11	 57050000	 56200000	17
chr11	 62100000	 61000000	22
chr11	 63150000	 62300000	17
chr11	 70000000	 69050000	19
chr11	 70500000	 69650000	17
chr11	 70550000	 69900000	13
chr11	 71650000	 73800000	43
chr11	 74100000	 73650000	9
chr11	 74900000	 73800000	22
chr11	 76250000	 75050000	24
chr11	 78550000	 77950000	12
chr11	 78700000	 78050000	13
chr11	 81900000	 81800000	2
chr11	 84100000	 85750000	33
chr11	 86450000	 84000000	49
chr11	 88400000	 90000000	32
chr11	 88550000	 89500000	19
chr11	 89000000	 87150000	37
chr11	 89200000	 88500000	14
chr11	 90500000	 89400000	22
chr11	 90650000	 92250000	32
chr11	 90800000	 93100000	46
chr11	 91850000	 90900000	19
chr11	 92050000	 92400000	7
chr11	 92350000	 93200000	17
chr11	 93300000	 96150000	57
chr11	 95400000	 93250000	43
chr11	 99500000	 97800000	34
chr11	 99750000	 98900000	17
chr11	100800000	100300000	10
chr11	105050000	104600000	9
chr11	105550000	104900000	13
chr11	105750000	104850000	18
chr11	107450000	108650000	24
chr11	109700000	109150000	11
chr11	110450000	111550000	22
chr11	117650000	117950000	6
chr11	118200000	118700000	10
chr11	120250000	121350000	22
chr12	   400000	  2300000	38
chr12	  2500000	  1300000	24
chr12	  3850000	  1700000	43
chr12	  6850000	  6000000	17
chr12	  7950000	  7300000	13
chr12	  9600000	 11650000	41
chr12	 12950000	 11450000	30
chr12	 14100000	 13350000	15
chr12	 14150000	 16250000	42
chr12	 14200000	 13650000	11
chr12	 15250000	 17250000	40
chr12	 18950000	 19400000	9
chr12	 23100000	 22350000	15
chr12	 32500000	 33000000	10
chr12	 32750000	 31700000	21
chr12	 33200000	 31850000	27
chr12	 38300000	 37500000	16
chr12	 41200000	 40100000	22
chr12	 41650000	 40350000	26
chr12	 42450000	 45850000	68
chr12	 44050000	 44450000	8
chr12	 44200000	 42650000	31
chr12	 46350000	 45850000	10
chr12	 46900000	 47750000	17
chr12	 50000000	 50400000	8
chr12	 54650000	 53050000	32
chr12	 55100000	 54250000	17
chr12	 58050000	 58850000	16
chr12	 59100000	 57700000	28
chr12	 59700000	 59050000	13
chr12	 59700000	 60700000	20
chr12	 60200000	 59550000	13
chr12	 61600000	 60100000	30
chr12	 63350000	 64100000	15
chr12	 64500000	 63350000	23
chr12	 65100000	 67250000	43
chr12	 65350000	 64350000	20
chr12	 67800000	 66700000	22
chr12	 67950000	 69450000	30
chr12	 68700000	 69250000	11
chr12	 70500000	 69500000	20
chr12	 70700000	 70050000	13
chr12	 71000000	 73100000	42
chr12	 73150000	 71950000	24
chr12	 73650000	 74250000	12
chr12	 73750000	 74800000	21
chr12	 74500000	 73550000	19
chr12	 75100000	 74650000	9
chr12	 78200000	 79550000	27
chr12	 78300000	 77550000	15
chr12	 79550000	 81550000	40
chr12	 81050000	 81350000	6
chr12	 81750000	 82100000	7
chr12	 83900000	 83050000	17
chr12	 86300000	 85550000	15
chr12	 86550000	 85250000	26
chr12	 89250000	 87600000	33
chr12	 90850000	 90200000	13
chr12	 91050000	 89850000	24
chr12	 91050000	 90000000	21
chr12	 91200000	 89950000	25
chr12	 92750000	 96450000	74
chr12	 94450000	 95700000	25
chr12	 97600000	 96500000	22
chr12	 97900000	 95250000	53
chr12	 98400000	 99500000	22
chr12	103000000	103600000	12
chr12	103000000	104800000	36
chr12	108200000	105300000	58
chr12	108250000	111000000	55
chr12	111050000	112750000	34
chr12	111750000	110200000	31
chr12	113300000	111450000	37
chr12	113800000	114350000	11
chr12	114750000	115550000	16
chr12	116600000	116600000	0
chr12	118700000	119450000	15
chr12	119750000	117750000	40
chr13	        0	   350000	7
chr13	  2100000	   250000	37
chr13	  3750000	  1800000	39
chr13	  4000000	  4400000	8
chr13	  7700000	  7200000	10
chr13	 11550000	 10400000	23
chr13	 11550000	 12950000	28
chr13	 12150000	 12900000	15
chr13	 13400000	 12450000	19
chr13	 13650000	 14250000	12
chr13	 14150000	 14700000	11
chr13	 15550000	 16600000	21
chr13	 17650000	 16200000	29
chr13	 18750000	 19600000	17
chr13	 20050000	 19100000	19
chr13	 21600000	 21000000	12
chr13	 22900000	 25150000	45
chr13	 25300000	 26450000	23
chr13	 26700000	 24800000	38
chr13	 30000000	 32400000	48
chr13	 30850000	 31450000	12
chr13	 31350000	 32950000	32
chr13	 33850000	 32700000	23
chr13	 34550000	 34300000	5
chr13	 34550000	 35200000	13
chr13	 34900000	 33300000	32
chr13	 35050000	 33700000	27
chr13	 36300000	 35750000	11
chr13	 36850000	 37900000	21
chr13	 38300000	 39000000	14
chr13	 38300000	 39150000	17
chr13	 38350000	 37300000	21
chr13	 40900000	 39950000	19
chr13	 43250000	 44550000	26
chr13	 43900000	 43550000	7
chr13	 44250000	 43450000	16
chr13	 44900000	 43750000	23
chr13	 45200000	 45500000	6
chr13	 46000000	 45350000	13
chr13	 47000000	 46450000	11
chr13	 47200000	 48150000	19
chr13	 48900000	 51200000	46
chr13	 49100000	 51150000	41
chr13	 49200000	 50950000	35
chr13	 49550000	 49150000	8
chr13	 50550000	 51850000	26
chr13	 51100000	 50050000	21
chr13	 54950000	 57150000	44
chr13	 55900000	 54550000	27
chr13	 56400000	 55800000	12
chr13	 60300000	 61850000	31
chr13	 60350000	 62100000	35
chr13	 61350000	 62250000	18
chr13	 62200000	 62850000	13
chr13	 63000000	 61900000	22
chr13	 65800000	 66750000	19
chr13	 68050000	 66150000	38
chr13	 71100000	 69550000	31
chr13	 72400000	 73200000	16
chr13	 72950000	 71100000	37
chr13	 74700000	 76200000	30
chr13	 77000000	 74700000	46
chr13	 78250000	 77500000	15
chr13	 80400000	 78450000	39
chr13	 81850000	 83100000	25
chr13	 82350000	 83250000	18
chr13	 82900000	 84950000	41
chr13	 83750000	 83050000	14
chr13	 87250000	 87850000	12
chr13	 89500000	 87850000	33
chr13	 91000000	 89300000	34
chr13	 92200000	 92750000	11
chr13	 93450000	 94150000	14
chr13	 94250000	 95550000	26
chr13	 94750000	 95600000	17
chr13	 96700000	 95250000	29
chr13	 98000000	 97450000	11
chr13	 98850000	 99800000	19
chr13	 99600000	 95950000	73
chr13	101400000	103850000	49
chr13	101500000	102900000	28
chr13	101550000	102300000	15
chr13	103700000	105000000	26
chr13	103850000	104500000	13
chr13	104050000	104350000	6
chr13	104100000	103700000	8
chr13	104950000	106550000	32
chr13	105750000	105050000	14
chr13	105750000	106850000	22
chr13	105950000	107500000	31
chr13	106900000	104450000	49
chr13	107150000	106600000	11
chr13	107550000	109050000	30
chr13	110000000	110500000	10
chr13	111400000	112400000	20
chr13	112450000	113200000	15
chr13	113050000	111800000	25
chr13	113200000	114950000	35
chr13	113250000	114100000	17
chr13	113550000	112150000	28
chr13	113550000	114550000	20
chr13	114900000	113700000	24
chr13	118050000	119350000	26
chr14	  3850000	  2950000	18
chr14	  6600000	  5850000	15
chr14	  7950000	  7200000	15
chr14	  8550000	  8950000	8
chr14	 11750000	 12450000	14
chr14	 12700000	 13550000	17
chr14	 13250000	 12050000	24
chr14	 15350000	 14200000	23
chr14	 15350000	 16200000	17
chr14	 17000000	 17400000	8
chr14	 17550000	 18600000	21
chr14	 17850000	 16850000	20
chr14	 21400000	 19900000	30
chr14	 21650000	 20050000	32
chr14	 23250000	 25200000	39
chr14	 23800000	 22500000	26
chr14	 24000000	 23500000	10
chr14	 25950000	 23400000	51
chr14	 28250000	 27400000	17
chr14	 28300000	 28550000	5
chr14	 28500000	 27200000	26
chr14	 29400000	 28500000	18
chr14	 30550000	 32000000	29
chr14	 32300000	 31300000	20
chr14	 33700000	 34900000	24
chr14	 35200000	 36000000	16
chr14	 37400000	 36500000	18
chr14	 39450000	 38550000	18
chr14	 40750000	 42000000	25
chr14	 40950000	 39950000	20
chr14	 42850000	 42550000	6
chr14	 43200000	 43850000	13
chr14	 44750000	 44000000	15
chr14	 47300000	 49150000	37
chr14	 50650000	 49950000	14
chr14	 51100000	 50100000	20
chr14	 51300000	 52350000	21
chr14	 51650000	 52350000	14
chr14	 54150000	 56200000	41
chr14	 55450000	 55850000	8
chr14	 55700000	 54050000	33
chr14	 58500000	 59550000	21
chr14	 58650000	 59850000	24
chr14	 59400000	 60400000	20
chr14	 59550000	 58400000	23
chr14	 59950000	 59000000	19
chr14	 61450000	 59550000	38
chr14	 62400000	 60150000	45
chr14	 64400000	 65750000	27
chr14	 64850000	 65700000	17
chr14	 66600000	 67100000	10
chr14	 68150000	 67650000	10
chr14	 70700000	 68750000	39
chr14	 71600000	 70300000	26
chr14	 72000000	 71500000	10
chr14	 73050000	 71150000	38
chr14	 75100000	 74050000	21
chr14	 75100000	 75600000	10
chr14	 76800000	 75450000	27
chr14	 78500000	 76800000	34
chr14	 79650000	 80150000	10
chr14	 80300000	 80750000	9
chr14	 80450000	 79900000	11
chr14	 80550000	 78650000	38
chr14	 82750000	 81300000	29
chr14	 83700000	 83100000	12
chr14	 84150000	 86050000	38
chr14	 85300000	 84650000	13
chr14	 87250000	 87800000	11
chr14	 87400000	 86150000	25
chr14	 88850000	 87800000	21
chr14	 89100000	 89450000	7
chr14	 89750000	 90150000	8
chr14	 91200000	 90050000	23
chr14	 92300000	 93550000	25
chr14	 92800000	 92100000	14
chr14	 93750000	 92600000	23
chr14	 94000000	 92450000	31
chr14	 95400000	 93900000	30
chr14	 95450000	 95050000	8
chr14	 97200000	 98100000	18
chr14	 97750000	 96300000	29
chr14	 98100000	 97600000	10
chr14	 98950000	100250000	26
chr14	 99600000	100650000	21
chr14	100250000	100800000	11
chr14	100800000	101300000	10
chr14	104950000	103550000	28
chr14	105250000	103750000	30
chr14	106800000	105550000	25
chr14	107050000	104700000	47
chr14	107500000	106950000	11
chr14	108300000	106600000	34
chr14	108500000	107350000	23
chr14	111300000	109900000	28
chr14	111950000	113400000	29
chr14	112050000	114700000	53
chr14	112250000	109500000	55
chr14	118050000	119450000	28
chr14	122900000	122000000	18
chr14	124200000	122300000	38
chr15	   500000	  2150000	33
chr15	   950000	  1950000	20
chr15	  3600000	  2950000	13
chr15	  4250000	  3100000	23
chr15	  5450000	  4650000	16
chr15	  6200000	  3950000	45
chr15	  7850000	  7000000	17
chr15	  9600000	  8850000	15
chr15	  9900000	  8450000	29
chr15	 10400000	 11400000	20
chr15	 11850000	 12550000	14
chr15	 12700000	 13550000	17
chr15	 13150000	 14350000	24
chr15	 13650000	 12450000	24
chr15	 14550000	 13550000	20
chr15	 17100000	 16650000	9
chr15	 18200000	 17450000	15
chr15	 19700000	 20500000	16
chr15	 21900000	 22250000	7
chr15	 23100000	 22100000	20
chr15	 23900000	 23200000	14
chr15	 25900000	 26450000	11
chr15	 26200000	 24250000	39
chr15	 26450000	 27050000	12
chr15	 26800000	 27500000	14
chr15	 28800000	 29700000	18
chr15	 29850000	 28950000	18
chr15	 30500000	 30000000	10
chr15	 30800000	 31550000	15
chr15	 37800000	 38900000	22
chr15	 39950000	 39250000	14
chr15	 40650000	 40000000	13
chr15	 41450000	 42600000	23
chr15	 41900000	 42700000	16
chr15	 42100000	 43650000	31
chr15	 42500000	 41300000	24
chr15	 43600000	 40500000	62
chr15	 44950000	 43300000	33
chr15	 46150000	 46900000	15
chr15	 46350000	 48100000	35
chr15	 47700000	 46000000	34
chr15	 49300000	 47350000	39
chr15	 51350000	 48600000	55
chr15	 53250000	 52650000	12
chr15	 53900000	 53250000	13
chr15	 57650000	 58050000	8
chr15	 58550000	 57900000	13
chr15	 58800000	 58200000	12
chr15	 59150000	 61000000	37
chr15	 60800000	 61500000	14
chr15	 63200000	 61150000	41
chr15	 66900000	 67800000	18
chr15	 67100000	 67700000	12
chr15	 68750000	 69950000	24
chr15	 69700000	 70900000	24
chr15	 70200000	 68450000	35
chr15	 70850000	 72250000	28
chr15	 70950000	 72950000	40
chr15	 71050000	 71900000	17
chr15	 72950000	 71850000	22
chr15	 74800000	 73650000	23
chr15	 75600000	 76550000	19
chr15	 76550000	 78550000	40
chr15	 76700000	 75700000	20
chr15	 77100000	 78600000	30
chr15	 78000000	 76800000	24
chr15	 78450000	 79500000	21
chr15	 82200000	 83000000	16
chr15	 83450000	 84300000	17
chr15	 85050000	 85850000	16
chr15	 85700000	 86700000	20
chr15	 88550000	 90950000	48
chr15	 89700000	 90550000	17
chr15	 90400000	 92500000	42
chr15	 91250000	 91800000	11
chr15	 93900000	 94500000	12
chr15	 95050000	 93700000	27
chr15	 95800000	 98300000	50
chr15	100250000	103150000	58
chr15	100650000	100200000	9
chr15	100750000	101600000	17
chr15	103900000	101600000	46
chr16	  1150000	  3050000	38
chr16	  2900000	  4600000	34
chr16	  3500000	  6050000	51
chr16	  3800000	  4600000	16
chr16	  8700000	  9450000	15
chr16	  9750000	  7650000	42
chr16	 11050000	 12200000	23
chr16	 11150000	  9950000	24
chr16	 11600000	 13050000	29
chr16	 13300000	 14500000	24
chr16	 13600000	 12600000	20
chr16	 14750000	 14950000	4
chr16	 16250000	 15300000	19
chr16	 16400000	 14600000	36
chr16	 18950000	 20450000	30
chr16	 21650000	 20900000	15
chr16	 21900000	 21100000	16
chr16	 24750000	 23950000	16
chr16	 30100000	 30800000	14
chr16	 31300000	 29550000	35
chr16	 32950000	 34150000	24
chr16	 34250000	 35550000	26
chr16	 35200000	 35200000	0
chr16	 37250000	 35700000	31
chr16	 37950000	 37500000	9
chr16	 39400000	 40400000	20
chr16	 39900000	 39200000	14
chr16	 40500000	 41150000	13
chr16	 40950000	 42350000	28
chr16	 42400000	 44050000	33
chr16	 42500000	 43850000	27
chr16	 42550000	 43050000	10
chr16	 42650000	 43150000	10
chr16	 44300000	 45950000	33
chr16	 45200000	 44150000	21
chr16	 46550000	 47950000	28
chr16	 47450000	 46150000	26
chr16	 47500000	 48750000	25
chr16	 49450000	 50150000	14
chr16	 50450000	 49250000	24
chr16	 51000000	 50050000	19
chr16	 52200000	 54000000	36
chr16	 52950000	 52200000	15
chr16	 55000000	 55000000	0
chr16	 55850000	 53850000	40
chr16	 56600000	 57450000	17
chr16	 57300000	 57750000	9
chr16	 58100000	 59050000	19
chr16	 58150000	 56450000	34
chr16	 58400000	 62950000	91
chr16	 58450000	 59750000	26
chr16	 60600000	 61650000	21
chr16	 60750000	 61150000	8
chr16	 60900000	 59550000	27
chr16	 64950000	 66750000	36
chr16	 66300000	 65550000	15
chr16	 66400000	 64700000	34
chr16	 66650000	 67350000	14
chr16	 66850000	 67350000	10
chr16	 67600000	 65650000	39
chr16	 68200000	 68950000	15
chr16	 69850000	 70450000	12
chr16	 70550000	 70100000	9
chr16	 71500000	 72350000	17
chr16	 73550000	 72950000	12
chr16	 74300000	 75450000	23
chr16	 75100000	 74550000	11
chr16	 79100000	 77150000	39
chr16	 79400000	 82200000	56
chr16	 80800000	 79000000	36
chr16	 81400000	 83750000	47
chr16	 82700000	 81800000	18
chr16	 84000000	 84700000	14
chr16	 84050000	 85500000	29
chr16	 84900000	 85950000	21
chr16	 85150000	 84700000	9
chr16	 85600000	 85000000	12
chr16	 87850000	 86700000	23
chr16	 90400000	 89950000	9
chr16	 93400000	 93950000	11
chr16	 95450000	 96450000	20
chr16	 97000000	 98200000	24
chr17	  1750000	  3400000	33
chr17	  4900000	  2200000	54
chr17	  7450000	  8200000	15
chr17	  8800000	  7100000	34
chr17	 12900000	 14450000	31
chr17	 14000000	 14400000	8
chr17	 14900000	 13850000	21
chr17	 16200000	 14600000	32
chr17	 16900000	 16600000	6
chr17	 17150000	 16100000	21
chr17	 17650000	 17000000	13
chr17	 17750000	 17300000	9
chr17	 18900000	 20100000	24
chr17	 20700000	 20100000	12
chr17	 21750000	 21000000	15
chr17	 23800000	 24250000	9
chr17	 24800000	 25350000	11
chr17	 26900000	 28550000	33
chr17	 29800000	 30500000	14
chr17	 30200000	 31600000	28
chr17	 30750000	 30750000	0
chr17	 30900000	 31050000	3
chr17	 31450000	 30000000	29
chr17	 32600000	 30200000	48
chr17	 33000000	 31900000	22
chr17	 33100000	 32450000	13
chr17	 34900000	 34500000	8
chr17	 36500000	 38150000	33
chr17	 37200000	 38000000	16
chr17	 37450000	 36800000	13
chr17	 38750000	 39600000	17
chr17	 39600000	 41050000	29
chr17	 42650000	 43050000	8
chr17	 43500000	 41800000	34
chr17	 44250000	 43550000	14
chr17	 44350000	 42550000	36
chr17	 44850000	 47000000	43
chr17	 45100000	 44050000	21
chr17	 48200000	 47350000	17
chr17	 50700000	 52200000	30
chr17	 50850000	 49950000	18
chr17	 51800000	 52450000	13
chr17	 52500000	 54300000	36
chr17	 53650000	 54650000	20
chr17	 53850000	 53000000	17
chr17	 53950000	 55350000	28
chr17	 54250000	 55350000	22
chr17	 56450000	 57200000	15
chr17	 57250000	 58500000	25
chr17	 61950000	 63050000	22
chr17	 64600000	 65300000	14
chr17	 64650000	 65950000	26
chr17	 64800000	 64450000	7
chr17	 66850000	 66350000	10
chr17	 67000000	 68300000	26
chr17	 68100000	 69500000	28
chr17	 68550000	 69700000	23
chr17	 70150000	 68750000	28
chr17	 72650000	 71600000	21
chr17	 72800000	 69650000	63
chr17	 74450000	 73200000	25
chr17	 74650000	 76250000	32
chr17	 75100000	 73800000	26
chr17	 75900000	 76450000	11
chr17	 76200000	 76550000	7
chr17	 79100000	 78450000	13
chr17	 79850000	 80950000	22
chr17	 80800000	 82100000	26
chr17	 82050000	 81150000	18
chr17	 83300000	 84750000	29
chr17	 84350000	 83950000	8
chr17	 85600000	 84750000	17
chr17	 85750000	 86500000	15
chr17	 86100000	 87100000	20
chr17	 87550000	 84600000	59
chr17	 87900000	 88750000	17
chr17	 88900000	 89850000	19
chr17	 89850000	 88300000	31
chr17	 90050000	 90750000	14
chr17	 91200000	 89950000	25
chr17	 91700000	 93550000	37
chr17	 94400000	 94950000	11
chr18	   150000	   600000	9
chr18	  3700000	  2450000	25
chr18	  5450000	  3600000	37
chr18	  9200000	  7800000	28
chr18	  9950000	 10600000	13
chr18	 11550000	 12400000	17
chr18	 12300000	 13450000	23
chr18	 15400000	 14850000	11
chr18	 15950000	 16550000	12
chr18	 17000000	 18100000	22
chr18	 17150000	 16400000	15
chr18	 17300000	 18400000	22
chr18	 17700000	 18400000	14
chr18	 17950000	 18650000	14
chr18	 18000000	 17650000	7
chr18	 20650000	 21650000	20
chr18	 20950000	 22650000	34
chr18	 21400000	 21750000	7
chr18	 23900000	 22350000	31
chr18	 26150000	 27750000	32
chr18	 26300000	 24950000	27
chr18	 29400000	 28500000	18
chr18	 31250000	 30300000	19
chr18	 31950000	 31200000	15
chr18	 32450000	 34500000	41
chr18	 33400000	 33100000	6
chr18	 35350000	 36100000	15
chr18	 43700000	 43150000	11
chr18	 49800000	 48400000	28
chr18	 51300000	 50050000	25
chr18	 52450000	 52450000	0
chr18	 54150000	 52750000	28
chr18	 55550000	 55000000	11
chr18	 55950000	 56750000	16
chr18	 56200000	 55400000	16
chr18	 56550000	 55100000	29
chr18	 57150000	 57850000	14
chr18	 58950000	 58350000	12
chr18	 60050000	 61400000	27
chr18	 60500000	 61400000	18
chr18	 61700000	 60800000	18
chr18	 63050000	 62100000	19
chr18	 63550000	 64700000	23
chr18	 66500000	 65850000	13
chr18	 69400000	 71200000	36
chr18	 75550000	 77050000	30
chr18	 75650000	 77050000	28
chr18	 77100000	 76100000	20
chr18	 77900000	 78850000	19
chr18	 78150000	 78300000	3
chr18	 78800000	 78600000	4
chr18	 80050000	 80950000	18
chr18	 80400000	 79600000	16
chr18	 81050000	 78750000	46
chr18	 81850000	 80850000	20
chr18	 83000000	 81650000	27
chr18	 83700000	 83000000	14
chr18	 84050000	 85100000	21
chr18	 85950000	 85300000	13
chr18	 86400000	 85400000	20
chr19	  3200000	  4800000	32
chr19	  3900000	  3100000	16
chr19	  4200000	  3250000	19
chr19	  4350000	  4900000	11
chr19	  4600000	  5100000	10
chr19	  4800000	  6350000	31
chr19	  4800000	  6450000	33
chr19	  5750000	  6650000	18
chr19	  5750000	  6750000	20
chr19	  6450000	  6950000	10
chr19	  8400000	  9700000	26
chr19	 13650000	 12400000	25
chr19	 14350000	 15650000	26
chr19	 15250000	 15100000	3
chr19	 15300000	 17500000	44
chr19	 15650000	 16350000	14
chr19	 16200000	 16400000	4
chr19	 16600000	 15250000	27
chr19	 17600000	 18250000	13
chr19	 19550000	 17600000	39
chr19	 20250000	 21000000	15
chr19	 21250000	 22650000	28
chr19	 21950000	 20800000	23
chr19	 21950000	 21550000	8
chr19	 22250000	 23300000	21
chr19	 24000000	 24400000	8
chr19	 24300000	 25350000	21
chr19	 24900000	 27750000	57
chr19	 26350000	 25700000	13
chr19	 26600000	 27400000	16
chr19	 27450000	 26950000	10
chr19	 28350000	 26300000	41
chr19	 30000000	 28950000	21
chr19	 31850000	 30100000	35
chr19	 32000000	 31200000	16
chr19	 33600000	 34850000	25
chr19	 35100000	 35900000	16
chr19	 36250000	 35200000	21
chr19	 36950000	 38100000	23
chr19	 37550000	 38350000	16
chr19	 38250000	 37600000	13
chr19	 39100000	 39650000	11
chr19	 41300000	 40350000	19
chr19	 42300000	 41150000	23
chr19	 43400000	 42700000	14
chr19	 44950000	 46250000	26
chr19	 50650000	 50400000	5
chr19	 51000000	 49250000	35
chr19	 52800000	 53350000	11
chr19	 53350000	 52550000	16
chr19	 54000000	 56800000	56
chr19	 54200000	 53900000	6
chr19	 54300000	 54850000	11
chr19	 54700000	 55400000	14
chr19	 55350000	 54800000	11
chr19	 56150000	 57100000	19
chr19	 61200000	 59950000	25
chr2	  2800000	  2350000	9
chr2	  4700000	  1200000	70
chr2	  5200000	  4450000	15
chr2	  6800000	  7100000	6
chr2	  6850000	  5700000	23
chr2	  7250000	  5600000	33
chr2	 10650000	  7600000	61
chr2	 10900000	 11700000	16
chr2	 11900000	 10850000	21
chr2	 12300000	 13300000	20
chr2	 13450000	 14000000	11
chr2	 14300000	 16350000	41
chr2	 16900000	 17600000	14
chr2	 18000000	 19300000	26
chr2	 18800000	 17550000	25
chr2	 19350000	 20400000	21
chr2	 20600000	 19800000	16
chr2	 24450000	 23050000	28
chr2	 25250000	 26400000	23
chr2	 25400000	 23150000	45
chr2	 27650000	 26500000	23
chr2	 28000000	 29050000	21
chr2	 28150000	 30100000	39
chr2	 29350000	 28050000	26
chr2	 30750000	 31500000	15
chr2	 34750000	 33950000	16
chr2	 35450000	 33250000	44
chr2	 37500000	 37200000	6
chr2	 37650000	 36800000	17
chr2	 37950000	 36500000	29
chr2	 37950000	 39150000	24
chr2	 38800000	 37650000	23
chr2	 39950000	 38700000	25
chr2	 40400000	 40000000	8
chr2	 40500000	 39550000	19
chr2	 41350000	 46000000	93
chr2	 44550000	 44900000	7
chr2	 46400000	 48000000	32
chr2	 48250000	 49300000	21
chr2	 49950000	 48050000	38
chr2	 50900000	 52000000	22
chr2	 52950000	 51850000	22
chr2	 52950000	 54400000	29
chr2	 55550000	 56500000	19
chr2	 59850000	 59250000	12
chr2	 60400000	 59050000	27
chr2	 61050000	 62500000	29
chr2	 62200000	 60950000	25
chr2	 62600000	 64150000	31
chr2	 64250000	 64600000	7
chr2	 65550000	 68000000	49
chr2	 66650000	 67850000	24
chr2	 69650000	 68600000	21
chr2	 69900000	 68050000	37
chr2	 70100000	 69400000	14
chr2	 75350000	 76250000	18
chr2	 77450000	 78300000	17
chr2	 78100000	 79500000	28
chr2	 80300000	 80950000	13
chr2	 82550000	 83700000	23
chr2	 83400000	 83700000	6
chr2	 83500000	 84600000	22
chr2	 85150000	 85650000	10
chr2	 86700000	 85850000	17
chr2	 90300000	 92500000	44
chr2	 91750000	 90350000	28
chr2	 95200000	 95800000	12
chr2	 95900000	 95000000	18
chr2	 96800000	 94750000	41
chr2	 96950000	 97750000	16
chr2	 99050000	 97850000	24
chr2	104900000	107350000	49
chr2	105600000	105000000	12
chr2	106900000	108650000	35
chr2	109250000	107600000	33
chr2	111800000	113450000	33
chr2	112100000	110900000	24
chr2	113450000	112100000	27
chr2	114200000	112750000	29
chr2	114250000	114950000	14
chr2	114900000	113600000	26
chr2	116250000	114000000	45
chr2	116450000	115800000	13
chr2	116800000	115500000	26
chr2	118150000	119050000	18
chr2	118300000	119300000	20
chr2	123200000	125700000	50
chr2	125800000	124300000	30
chr2	126800000	125800000	20
chr2	130100000	130350000	5
chr2	130600000	131450000	17
chr2	132250000	131650000	12
chr2	132450000	133350000	18
chr2	133350000	132200000	23
chr2	135050000	134300000	15
chr2	135450000	135000000	9
chr2	136150000	137150000	20
chr2	137450000	138250000	16
chr2	137900000	136650000	25
chr2	139900000	140900000	20
chr2	142250000	140950000	26
chr2	145300000	146800000	30
chr2	146300000	147000000	14
chr2	148200000	147800000	8
chr2	149350000	149100000	5
chr2	152350000	151050000	26
chr2	152400000	151600000	16
chr2	154600000	153700000	18
chr2	156250000	155100000	23
chr2	159450000	158600000	17
chr2	159500000	158600000	18
chr2	159500000	160400000	18
chr2	160250000	159500000	15
chr2	163750000	162950000	16
chr2	167100000	168550000	29
chr2	168300000	168950000	13
chr2	169250000	168500000	15
chr2	170650000	169450000	24
chr2	171050000	167900000	63
chr2	171350000	173000000	33
chr2	172800000	170600000	44
chr2	172900000	172100000	16
chr2	181050000	181650000	12
chr3	  1900000	  2550000	13
chr3	  3150000	  4200000	21
chr3	  3550000	  6050000	50
chr3	  5300000	   800000	90
chr3	  5650000	  7300000	33
chr3	  6800000	  7550000	15
chr3	  6800000	  8350000	31
chr3	  9050000	 10450000	28
chr3	 11100000	 10250000	17
chr3	 12600000	 13500000	18
chr3	 12750000	 13700000	19
chr3	 13000000	 14650000	33
chr3	 13850000	 12150000	34
chr3	 14250000	 13250000	20
chr3	 14600000	 13300000	26
chr3	 16400000	 17900000	30
chr3	 19650000	 20050000	8
chr3	 20050000	 18200000	37
chr3	 20500000	 21850000	27
chr3	 20550000	 18200000	47
chr3	 24900000	 23850000	21
chr3	 25350000	 26250000	18
chr3	 26000000	 27200000	24
chr3	 28750000	 28450000	6
chr3	 28800000	 28050000	15
chr3	 30000000	 28000000	40
chr3	 34000000	 32800000	24
chr3	 35000000	 33950000	21
chr3	 36300000	 37100000	16
chr3	 41550000	 39700000	37
chr3	 43250000	 44300000	21
chr3	 43650000	 44400000	15
chr3	 44450000	 45650000	24
chr3	 45300000	 46500000	24
chr3	 49250000	 50800000	31
chr3	 51100000	 49450000	33
chr3	 53000000	 53550000	11
chr3	 53000000	 54100000	22
chr3	 53500000	 52900000	12
chr3	 56050000	 57500000	29
chr3	 56250000	 55150000	22
chr3	 58950000	 57900000	21
chr3	 60950000	 60350000	12
chr3	 62650000	 64200000	31
chr3	 63650000	 61650000	40
chr3	 63750000	 60150000	72
chr3	 66400000	 67900000	30
chr3	 67250000	 66800000	9
chr3	 69300000	 68000000	26
chr3	 73200000	 73650000	9
chr3	 80600000	 79900000	14
chr3	 81900000	 81250000	13
chr3	 82750000	 83950000	24
chr3	 84450000	 83550000	18
chr3	 85600000	 86500000	18
chr3	 85750000	 84500000	25
chr3	 90150000	 91250000	22
chr3	 95300000	 96750000	29
chr3	 98150000	 97150000	20
chr3	101500000	100250000	25
chr3	103000000	103450000	9
chr3	104200000	103550000	13
chr3	105050000	103700000	27
chr3	105150000	104650000	10
chr3	105200000	105950000	15
chr3	106650000	104400000	45
chr3	109800000	110300000	10
chr3	112450000	113950000	30
chr3	114650000	112900000	35
chr3	116500000	114900000	32
chr3	119650000	119250000	8
chr3	121550000	122200000	13
chr3	121650000	120850000	16
chr3	121800000	122250000	9
chr3	122250000	123200000	19
chr3	122400000	123200000	16
chr3	122700000	125700000	60
chr3	122950000	122600000	7
chr3	123300000	122300000	20
chr3	123800000	124650000	17
chr3	124050000	123250000	16
chr3	124100000	124700000	12
chr3	127150000	127500000	7
chr3	127900000	128900000	20
chr3	128300000	129950000	33
chr3	130350000	132200000	37
chr3	133450000	132800000	13
chr3	135250000	137050000	36
chr3	135850000	135500000	7
chr3	137500000	136900000	12
chr3	137700000	138650000	19
chr3	141400000	142100000	14
chr3	142900000	139900000	60
chr3	145300000	144100000	24
chr3	146350000	147450000	22
chr3	147600000	148700000	22
chr3	148050000	148900000	17
chr3	148550000	147800000	15
chr3	151850000	152150000	6
chr3	152000000	152450000	9
chr3	152250000	151000000	25
chr3	152950000	154200000	25
chr3	153700000	154400000	14
chr3	158150000	156700000	29
chr3	158650000	157900000	15
chr3	158900000	157850000	21
chr3	159000000	158400000	12
chr4	  1550000	   450000	22
chr4	  2800000	  3300000	10
chr4	  2850000	  4250000	28
chr4	  3100000	  3450000	7
chr4	  3550000	  2750000	16
chr4	  4150000	  2700000	29
chr4	  5200000	  7000000	36
chr4	  8400000	 10000000	32
chr4	  8450000	  6500000	39
chr4	 10000000	  8650000	27
chr4	 12250000	 13300000	21
chr4	 14100000	 12700000	28
chr4	 15450000	 16550000	22
chr4	 16900000	 15700000	24
chr4	 17150000	 15800000	27
chr4	 17200000	 18650000	29
chr4	 18200000	 16950000	25
chr4	 18600000	 22150000	71
chr4	 21900000	 23250000	27
chr4	 24450000	 22900000	31
chr4	 26600000	 25150000	29
chr4	 27850000	 27250000	12
chr4	 28050000	 30600000	51
chr4	 30600000	 31150000	11
chr4	 30650000	 28600000	41
chr4	 31050000	 32600000	31
chr4	 31100000	 29850000	25
chr4	 31850000	 31350000	10
chr4	 32250000	 32750000	10
chr4	 32400000	 31850000	11
chr4	 32750000	 33100000	7
chr4	 33650000	 32550000	22
chr4	 39800000	 38900000	18
chr4	 40600000	 41050000	9
chr4	 41400000	 42850000	29
chr4	 41800000	 43000000	24
chr4	 43000000	 43700000	14
chr4	 43850000	 44300000	9
chr4	 44600000	 45650000	21
chr4	 45350000	 44800000	11
chr4	 45400000	 44550000	17
chr4	 46650000	 47700000	21
chr4	 47350000	 47900000	11
chr4	 48000000	 48000000	0
chr4	 48750000	 46250000	50
chr4	 52100000	 53950000	37
chr4	 52650000	 52100000	11
chr4	 53150000	 52300000	17
chr4	 54100000	 53450000	13
chr4	 54900000	 53800000	22
chr4	 55700000	 55400000	6
chr4	 56350000	 51750000	92
chr4	 56550000	 57550000	20
chr4	 56850000	 58050000	24
chr4	 56900000	 58550000	33
chr4	 57250000	 56400000	17
chr4	 59050000	 61050000	40
chr4	 59750000	 60300000	11
chr4	 60200000	 57250000	59
chr4	 60600000	 59450000	23
chr4	 61000000	 62400000	28
chr4	 63900000	 64550000	13
chr4	 64250000	 61750000	50
chr4	 67650000	 66600000	21
chr4	 69750000	 70600000	17
chr4	 72250000	 73300000	21
chr4	 72800000	 70950000	37
chr4	 74450000	 75600000	23
chr4	 74550000	 76000000	29
chr4	 75100000	 74750000	7
chr4	 76400000	 76650000	5
chr4	 79650000	 80800000	23
chr4	 80100000	 79500000	12
chr4	 80150000	 83650000	70
chr4	 82050000	 82650000	12
chr4	 82250000	 81400000	17
chr4	 83400000	 82650000	15
chr4	 83450000	 84250000	16
chr4	 84350000	 82900000	29
chr4	 86100000	 87850000	35
chr4	 89650000	 91450000	36
chr4	 93850000	 94700000	17
chr4	 94350000	 93300000	21
chr4	 96300000	 96700000	8
chr4	 97250000	 96550000	14
chr4	 99100000	 98800000	6
chr4	 99800000	100900000	22
chr4	102050000	103650000	32
chr4	102100000	104300000	44
chr4	102200000	100850000	27
chr4	102350000	104050000	34
chr4	103050000	100450000	52
chr4	105500000	106300000	16
chr4	106100000	103550000	51
chr4	106550000	105200000	27
chr4	108500000	107600000	18
chr4	113250000	109350000	78
chr4	116350000	117750000	28
chr4	116450000	116150000	6
chr4	118750000	117800000	19
chr4	119250000	120500000	25
chr4	119900000	121400000	30
chr4	120400000	121050000	13
chr4	121300000	119450000	37
chr4	121550000	122300000	15
chr4	122700000	122000000	14
chr4	124950000	126900000	39
chr4	125400000	124400000	20
chr4	125450000	124750000	14
chr4	126900000	125800000	22
chr4	127450000	125750000	34
chr4	127600000	130650000	61
chr4	127850000	129650000	36
chr4	131750000	131450000	6
chr4	132050000	130650000	28
chr4	134300000	135800000	30
chr4	134400000	140400000	120
chr4	135000000	136450000	29
chr4	136650000	136100000	11
chr4	136800000	137600000	16
chr4	137200000	139550000	47
chr4	138650000	140150000	30
chr4	142200000	143650000	29
chr4	142300000	141800000	10
chr4	143600000	142850000	15
chr4	144200000	141400000	56
chr4	144350000	145050000	14
chr4	145300000	144100000	24
chr4	145750000	144950000	16
chr4	147100000	146100000	20
chr4	149550000	148950000	12
chr4	150950000	150050000	18
chr4	151400000	153750000	47
chr4	152500000	151950000	11
chr4	152950000	154400000	29
chr4	153500000	152750000	15
chr4	155050000	153450000	32
chr4	155250000	153500000	35
chr4	155300000	154550000	15
chr5	   200000	   600000	8
chr5	  1350000	   450000	18
chr5	  2100000	  4700000	52
chr5	  2250000	  3550000	26
chr5	  3100000	  4150000	21
chr5	  4450000	  2050000	48
chr5	  6050000	  5550000	10
chr5	  6350000	  8450000	42
chr5	  7750000	 11100000	67
chr5	 10000000	  9450000	11
chr5	 10500000	 11350000	17
chr5	 12000000	 11300000	14
chr5	 12050000	 12400000	7
chr5	 14700000	 13450000	25
chr5	 15600000	 16850000	25
chr5	 17000000	 18650000	33
chr5	 17300000	 16400000	18
chr5	 23650000	 22250000	28
chr5	 24850000	 22200000	53
chr5	 25950000	 27850000	38
chr5	 27750000	 26150000	32
chr5	 28000000	 27050000	19
chr5	 29450000	 29000000	9
chr5	 29900000	 28950000	19
chr5	 31200000	 30750000	9
chr5	 32050000	 32300000	5
chr5	 32500000	 33950000	29
chr5	 32900000	 35650000	55
chr5	 33200000	 31200000	40
chr5	 33900000	 32950000	19
chr5	 35250000	 35450000	4
chr5	 35650000	 36750000	22
chr5	 36450000	 35450000	20
chr5	 38150000	 37350000	16
chr5	 41350000	 39750000	32
chr5	 41550000	 42150000	12
chr5	 42350000	 42850000	10
chr5	 43500000	 39700000	76
chr5	 43500000	 42900000	12
chr5	 45150000	 44300000	17
chr5	 45250000	 46950000	34
chr5	 51150000	 49900000	25
chr5	 53100000	 54650000	31
chr5	 56850000	 56000000	17
chr5	 57450000	 56850000	12
chr5	 58750000	 58300000	9
chr5	 59600000	 58950000	13
chr5	 62700000	 62100000	12
chr5	 64150000	 63500000	13
chr5	 65650000	 67850000	44
chr5	 65800000	 65100000	14
chr5	 66500000	 63100000	68
chr5	 67000000	 66000000	20
chr5	 67850000	 68900000	21
chr5	 68700000	 67750000	19
chr5	 69250000	 70150000	18
chr5	 71200000	 70150000	21
chr5	 72200000	 71300000	18
chr5	 72650000	 72950000	6
chr5	 73100000	 71450000	33
chr5	 74300000	 75250000	19
chr5	 74400000	 75100000	14
chr5	 78050000	 76150000	38
chr5	 78250000	 79500000	25
chr5	 79550000	 80450000	18
chr5	 80150000	 80150000	0
chr5	 81750000	 81750000	0
chr5	 85100000	 86400000	26
chr5	 87250000	 85750000	30
chr5	 89100000	 86900000	44
chr5	 89100000	 89700000	12
chr5	 90850000	 91750000	18
chr5	 92850000	 92200000	13
chr5	 93050000	 92500000	11
chr5	 94950000	 94250000	14
chr5	 96500000	 95550000	19
chr5	 99050000	 99450000	8
chr5	 99500000	 98600000	18
chr5	103150000	103950000	16
chr5	103800000	102850000	19
chr5	110400000	109950000	9
chr5	111150000	111950000	16
chr5	112750000	114150000	28
chr5	113100000	112400000	14
chr5	114700000	113900000	16
chr5	114850000	116000000	23
chr5	117400000	116300000	22
chr5	118900000	120050000	23
chr5	120050000	121350000	26
chr5	120900000	121550000	13
chr5	122000000	120300000	34
chr5	122050000	120300000	35
chr5	122350000	123000000	13
chr5	122600000	121450000	23
chr5	124150000	124800000	13
chr5	124900000	126300000	28
chr5	125150000	124300000	17
chr5	126250000	125700000	11
chr5	127450000	126800000	13
chr5	128150000	126800000	27
chr5	128800000	129200000	8
chr5	129550000	130550000	20
chr5	131150000	132650000	30
chr5	131250000	132800000	31
chr5	131500000	132750000	25
chr5	132200000	131950000	5
chr5	133800000	132800000	20
chr5	135700000	137400000	34
chr5	138400000	138950000	11
chr5	139450000	139900000	9
chr5	141700000	142700000	20
chr5	142100000	140700000	28
chr5	143500000	144500000	20
chr5	143550000	142750000	16
chr5	143800000	144650000	17
chr5	145000000	144000000	20
chr5	145250000	146300000	21
chr5	145850000	147800000	39
chr5	146050000	145500000	11
chr5	149200000	148200000	20
chr5	149800000	150450000	13
chr6	  3200000	  1200000	40
chr6	  3200000	  1650000	31
chr6	  4850000	  6600000	35
chr6	  5050000	  5550000	10
chr6	  6550000	  8100000	31
chr6	  7250000	  6250000	20
chr6	  7800000	  5700000	42
chr6	  8500000	  8700000	4
chr6	  8700000	  7400000	26
chr6	 10150000	  8550000	32
chr6	 10150000	  9650000	10
chr6	 11100000	 11100000	0
chr6	 11200000	 12250000	21
chr6	 12050000	 12450000	8
chr6	 12200000	 12800000	12
chr6	 12700000	 10900000	36
chr6	 18050000	 18950000	18
chr6	 18950000	 18000000	19
chr6	 19800000	 21100000	26
chr6	 22200000	 23900000	34
chr6	 23650000	 23200000	9
chr6	 24000000	 25000000	20
chr6	 25050000	 24200000	17
chr6	 27150000	 27900000	15
chr6	 27350000	 26400000	19
chr6	 28000000	 28950000	19
chr6	 28500000	 26850000	33
chr6	 30050000	 28200000	37
chr6	 33850000	 33150000	14
chr6	 38250000	 39400000	23
chr6	 38450000	 38650000	4
chr6	 38750000	 37500000	25
chr6	 39800000	 38800000	20
chr6	 40100000	 39150000	19
chr6	 40950000	 40050000	18
chr6	 41950000	 40700000	25
chr6	 42900000	 41950000	19
chr6	 43200000	 40900000	46
chr6	 46300000	 47150000	17
chr6	 49500000	 49050000	9
chr6	 49900000	 47750000	43
chr6	 50350000	 49050000	26
chr6	 50550000	 50100000	9
chr6	 53200000	 52800000	8
chr6	 55400000	 56300000	18
chr6	 56300000	 58000000	34
chr6	 57800000	 57500000	6
chr6	 59700000	 59500000	4
chr6	 60450000	 61650000	24
chr6	 67100000	 65350000	35
chr6	 68350000	 67800000	11
chr6	 71000000	 69850000	23
chr6	 73050000	 73850000	16
chr6	 74200000	 73100000	22
chr6	 75100000	 76700000	32
chr6	 79100000	 79900000	16
chr6	 79650000	 80250000	12
chr6	 81150000	 78200000	59
chr6	 82550000	 81600000	19
chr6	 82750000	 81500000	25
chr6	 82850000	 84350000	30
chr6	 84850000	 80900000	79
chr6	 85500000	 86650000	23
chr6	 86100000	 85600000	10
chr6	 86200000	 88100000	38
chr6	 87150000	 86400000	15
chr6	 88850000	 89750000	18
chr6	 92800000	 93800000	20
chr6	 93400000	 92150000	25
chr6	 94350000	 95100000	15
chr6	 95300000	 94200000	22
chr6	 95800000	 97450000	33
chr6	 97050000	 96250000	16
chr6	 98250000	 97450000	16
chr6	 98600000	 97400000	24
chr6	 98800000	 99700000	18
chr6	102000000	100200000	36
chr6	102050000	101050000	20
chr6	102800000	103900000	22
chr6	103000000	104500000	30
chr6	103400000	104000000	12
chr6	104250000	103150000	22
chr6	105050000	104750000	6
chr6	105450000	104600000	17
chr6	108500000	110500000	40
chr6	109650000	111000000	27
chr6	109700000	108850000	17
chr6	109950000	111650000	34
chr6	110050000	111000000	19
chr6	110750000	110350000	8
chr6	110950000	110300000	13
chr6	111650000	111450000	4
chr6	112000000	112900000	18
chr6	115500000	114900000	12
chr6	116150000	115650000	10
chr6	117250000	117850000	12
chr6	118250000	117250000	20
chr6	118350000	120750000	48
chr6	118850000	120050000	24
chr6	120450000	121550000	22
chr6	120500000	119950000	11
chr6	121950000	122650000	14
chr6	122400000	121050000	27
chr6	122850000	121800000	21
chr6	122950000	122400000	11
chr6	125000000	125900000	18
chr6	125550000	124950000	12
chr6	126300000	125850000	9
chr6	126750000	127450000	14
chr6	127000000	124550000	49
chr6	127650000	129050000	28
chr6	129900000	130300000	8
chr6	130650000	131300000	13
chr6	132600000	131750000	17
chr6	133100000	132700000	8
chr6	134900000	133850000	21
chr6	135950000	135450000	10
chr6	138100000	140700000	52
chr6	141150000	143150000	40
chr6	143650000	142000000	33
chr6	144900000	142900000	40
chr6	145300000	145900000	12
chr6	146200000	145000000	24
chr6	146400000	145600000	16
chr6	147450000	145650000	36
chr7	   950000	  1700000	15
chr7	  1300000	    50000	25
chr7	  2300000	  3100000	16
chr7	  2600000	  3050000	9
chr7	  5000000	  8250000	65
chr7	  5700000	  6300000	12
chr7	  5900000	  5000000	18
chr7	  6000000	  5450000	11
chr7	  6500000	  5800000	14
chr7	  7250000	  6200000	21
chr7	 10050000	  9100000	19
chr7	 10950000	 13150000	44
chr7	 11650000	 12750000	22
chr7	 12050000	 11250000	16
chr7	 14600000	 13450000	23
chr7	 14700000	 13900000	16
chr7	 14800000	 13950000	17
chr7	 16100000	 16800000	14
chr7	 16550000	 15000000	31
chr7	 18300000	 17600000	14
chr7	 20650000	 20100000	11
chr7	 22750000	 21350000	28
chr7	 22900000	 23400000	10
chr7	 26750000	 27450000	14
chr7	 26800000	 27400000	12
chr7	 27500000	 26350000	23
chr7	 29400000	 27850000	31
chr7	 31550000	 32850000	26
chr7	 31950000	 32700000	15
chr7	 33650000	 34200000	11
chr7	 37300000	 35700000	32
chr7	 38250000	 39000000	15
chr7	 39550000	 38950000	12
chr7	 40250000	 39250000	20
chr7	 40500000	 42150000	33
chr7	 40950000	 41600000	13
chr7	 41500000	 40600000	18
chr7	 42400000	 44600000	44
chr7	 43050000	 44000000	19
chr7	 43100000	 44600000	30
chr7	 43650000	 43400000	5
chr7	 45500000	 44400000	22
chr7	 45950000	 45050000	18
chr7	 46250000	 46950000	14
chr7	 46750000	 48750000	40
chr7	 47450000	 46400000	21
chr7	 48450000	 48800000	7
chr7	 49550000	 48550000	20
chr7	 49950000	 49100000	17
chr7	 50000000	 48250000	35
chr7	 52350000	 53000000	13
chr7	 55050000	 55800000	15
chr7	 55850000	 54650000	24
chr7	 56900000	 56100000	16
chr7	 58200000	 58750000	11
chr7	 58250000	 59350000	22
chr7	 60450000	 62100000	33
chr7	 60550000	 59700000	17
chr7	 61200000	 60500000	14
chr7	 62100000	 63900000	36
chr7	 63150000	 65100000	39
chr7	 64000000	 65500000	30
chr7	 64400000	 62500000	38
chr7	 64750000	 63750000	20
chr7	 64800000	 65500000	14
chr7	 65450000	 66100000	13
chr7	 66500000	 67250000	15
chr7	 66900000	 68650000	35
chr7	 67400000	 66600000	16
chr7	 69100000	 66100000	60
chr7	 72850000	 74250000	28
chr7	 76450000	 77150000	14
chr7	 76600000	 75500000	22
chr7	 76700000	 79950000	65
chr7	 77150000	 77950000	16
chr7	 78650000	 81100000	49
chr7	 79350000	 78350000	20
chr7	 80550000	 79950000	12
chr7	 80900000	 82950000	41
chr7	 81800000	 82550000	15
chr7	 82650000	 81900000	15
chr7	 84200000	 83400000	16
chr7	 85600000	 84500000	22
chr7	 86000000	 84700000	26
chr7	 86100000	 88250000	43
chr7	 86550000	 84500000	41
chr7	 88850000	 86650000	44
chr7	 91700000	 92200000	10
chr7	 91900000	 90000000	38
chr7	 92650000	 93400000	15
chr7	 96000000	 94250000	35
chr7	 96150000	 95350000	16
chr7	 97300000	 98450000	23
chr7	 97600000	 97600000	0
chr7	 98350000	 97700000	13
chr7	 99850000	 98750000	22
chr7	100650000	100850000	4
chr7	104050000	103150000	18
chr7	107000000	106050000	19
chr7	107950000	107950000	0
chr7	111200000	112800000	32
chr7	113700000	115200000	30
chr7	115850000	114300000	31
chr7	116150000	115000000	23
chr7	117300000	119700000	48
chr7	117650000	115600000	41
chr7	119100000	118600000	10
chr7	120150000	119250000	18
chr7	125750000	126500000	15
chr7	128950000	128100000	17
chr7	129550000	127750000	36
chr7	130050000	128950000	22
chr7	132250000	130800000	29
chr7	133100000	133550000	9
chr7	134600000	136600000	40
chr7	135450000	135100000	7
chr7	137500000	136400000	22
chr7	137900000	139500000	32
chr7	139550000	138650000	18
chr7	140350000	139300000	21
chr7	144150000	143850000	6
chr7	145200000	144150000	21
chr8	  1150000	  2000000	17
chr8	  1400000	   750000	13
chr8	  2500000	  3250000	15
chr8	  4750000	  5050000	6
chr8	  4900000	  4350000	11
chr8	  6750000	  6100000	13
chr8	  8750000	  7700000	21
chr8	  8850000	  9800000	19
chr8	  9600000	  8200000	28
chr8	  9850000	 10400000	11
chr8	 11850000	 11100000	15
chr8	 15200000	 14200000	20
chr8	 15700000	 16900000	24
chr8	 16200000	 14850000	27
chr8	 17550000	 17900000	7
chr8	 19100000	 18050000	21
chr8	 19400000	 20050000	13
chr8	 20050000	 20650000	12
chr8	 23300000	 22000000	26
chr8	 24100000	 23300000	16
chr8	 24150000	 22900000	25
chr8	 25850000	 26950000	22
chr8	 26300000	 25350000	19
chr8	 26650000	 25350000	26
chr8	 27450000	 29200000	35
chr8	 29250000	 30900000	33
chr8	 31200000	 33300000	42
chr8	 33900000	 36600000	54
chr8	 34300000	 33750000	11
chr8	 37350000	 36200000	23
chr8	 39300000	 41000000	34
chr8	 39800000	 39100000	14
chr8	 40350000	 41050000	14
chr8	 40450000	 41150000	14
chr8	 42850000	 40700000	43
chr8	 43150000	 43550000	8
chr8	 43850000	 41800000	41
chr8	 45900000	 44950000	19
chr8	 48950000	 48700000	5
chr8	 49000000	 49550000	11
chr8	 49350000	 51850000	50
chr8	 50850000	 53550000	54
chr8	 51800000	 52750000	19
chr8	 53850000	 53050000	16
chr8	 54800000	 55400000	12
chr8	 55300000	 53950000	27
chr8	 57650000	 56450000	24
chr8	 58750000	 60750000	40
chr8	 58800000	 57350000	29
chr8	 59950000	 61800000	37
chr8	 61100000	 62150000	21
chr8	 62900000	 64950000	41
chr8	 64050000	 63150000	18
chr8	 64100000	 64850000	15
chr8	 64500000	 65550000	21
chr8	 64650000	 63650000	20
chr8	 65150000	 66350000	24
chr8	 66700000	 67500000	16
chr8	 66800000	 65900000	18
chr8	 67600000	 69700000	42
chr8	 68100000	 66750000	27
chr8	 68800000	 69500000	14
chr8	 69150000	 68500000	13
chr8	 70400000	 67050000	67
chr8	 71200000	 72550000	27
chr8	 71700000	 70700000	20
chr8	 72250000	 73150000	18
chr8	 76750000	 77850000	22
chr8	 82050000	 80750000	26
chr8	 83600000	 81950000	33
chr8	 84850000	 86900000	41
chr8	 84900000	 86250000	27
chr8	 84950000	 85300000	7
chr8	 85550000	 86000000	9
chr8	 86400000	 85400000	20
chr8	 86800000	 85050000	35
chr8	 87250000	 87750000	10
chr8	 90550000	 89900000	13
chr8	 90950000	 89650000	26
chr8	 91700000	 93450000	35
chr8	 94250000	 93900000	7
chr8	 97850000	 98450000	12
chr8	 98650000	 98950000	6
chr8	 98750000	100350000	32
chr8	 99700000	100200000	10
chr8	 99850000	 99400000	9
chr8	101450000	 99900000	31
chr8	101450000	102850000	28
chr8	102050000	103950000	38
chr8	102600000	101450000	23
chr8	102950000	102500000	9
chr8	107050000	105200000	37
chr8	107500000	107900000	8
chr8	107500000	108550000	21
chr8	108350000	108800000	9
chr8	109450000	108850000	12
chr8	110250000	112150000	38
chr8	116600000	115450000	23
chr8	118100000	117650000	9
chr8	118550000	117100000	29
chr8	119950000	118900000	21
chr8	122000000	120900000	22
chr8	123550000	122150000	28
chr8	125100000	125350000	5
chr8	125400000	126200000	16
chr8	128150000	127650000	10
chr8	129100000	126800000	46
chr9	   500000	  2000000	30
chr9	  1900000	   600000	26
chr9	  2250000	  2950000	14
chr9	  2700000	   950000	35
chr9	  4900000	  2200000	54
chr9	  5100000	  6100000	20
chr9	  7050000	  7800000	15
chr9	  7050000	  8500000	29
chr9	  9800000	 10950000	23
chr9	  9950000	  7000000	59
chr9	 12200000	  9450000	55
chr9	 12550000	 13900000	27
chr9	 14550000	 13650000	18
chr9	 14650000	 13250000	28
chr9	 16050000	 17000000	19
chr9	 16400000	 17450000	21
chr9	 18700000	 17000000	34
chr9	 18750000	 16350000	48
chr9	 18900000	 17600000	26
chr9	 20350000	 18950000	28
chr9	 20550000	 24100000	71
chr9	 20750000	 20100000	13
chr9	 20950000	 21800000	17
chr9	 21550000	 22400000	17
chr9	 21950000	 23000000	21
chr9	 22050000	 23500000	29
chr9	 23650000	 25050000	28
chr9	 24650000	 26450000	36
chr9	 26300000	 26800000	10
chr9	 26900000	 24700000	44
chr9	 30600000	 31900000	26
chr9	 30750000	 31750000	20
chr9	 31200000	 31200000	0
chr9	 32400000	 30650000	35
chr9	 32800000	 31650000	23
chr9	 33450000	 31550000	38
chr9	 37200000	 36700000	10
chr9	 40150000	 36550000	72
chr9	 40600000	 43400000	56
chr9	 41250000	 41600000	7
chr9	 42250000	 41900000	7
chr9	 43100000	 41800000	26
chr9	 45800000	 46300000	10
chr9	 46200000	 45250000	19
chr9	 48500000	 47100000	28
chr9	 51350000	 52300000	19
chr9	 52450000	 51850000	12
chr9	 52850000	 51500000	27
chr9	 54800000	 53150000	33
chr9	 61700000	 62600000	18
chr9	 65600000	 67000000	28
chr9	 66000000	 66250000	5
chr9	 70200000	 68950000	25
chr9	 70550000	 69050000	30
chr9	 73050000	 75750000	54
chr9	 73400000	 72600000	16
chr9	 74750000	 75100000	7
chr9	 77500000	 76350000	23
chr9	 79000000	 79700000	14
chr9	 80350000	 80900000	11
chr9	 81900000	 83050000	23
chr9	 82850000	 82100000	15
chr9	 83200000	 83200000	0
chr9	 83850000	 83000000	17
chr9	 84350000	 85550000	24
chr9	 84550000	 85350000	16
chr9	 87550000	 88600000	21
chr9	 89950000	 91150000	24
chr9	 91050000	 91950000	18
chr9	 91200000	 89250000	39
chr9	 92500000	 91300000	24
chr9	 93650000	 92950000	14
chr9	 94650000	 93650000	20
chr9	 95050000	 95450000	8
chr9	 95800000	 95150000	13
chr9	 96000000	 96400000	8
chr9	 97500000	 97750000	5
chr9	 97700000	 96000000	34
chr9	 97700000	 97150000	11
chr9	100400000	100900000	10
chr9	102150000	103200000	21
chr9	107400000	104850000	51
chr9	109500000	108700000	16
chr9	110550000	108800000	35
chr9	110650000	110850000	4
chr9	111400000	115150000	75
chr9	111700000	110400000	26
chr9	113950000	114550000	12
chr9	116450000	119300000	57
chr9	118550000	119250000	14
chr9	118700000	120100000	28
chr9	119800000	121100000	26
chr9	123800000	122750000	21
chrX	  2050000	   350000	34
chrX	  3350000	  1850000	30
chrX	  5150000	  2200000	59
chrX	  5200000	  3700000	30
chrX	  6300000	  7250000	19
chrX	  8750000	 11100000	47
chrX	  8900000	  8200000	14
chrX	 10650000	 11900000	25
chrX	 11000000	  9600000	28
chrX	 11400000	 10400000	20
chrX	 13250000	 12400000	17
chrX	 14050000	 15650000	32
chrX	 14650000	 16150000	30
chrX	 15100000	 18450000	67
chrX	 16200000	 16600000	8
chrX	 16800000	 17200000	8
chrX	 16900000	 17100000	4
chrX	 18150000	 17350000	16
chrX	 20950000	 20200000	15
chrX	 22800000	 25050000	45
chrX	 23800000	 25100000	26
chrX	 24950000	 26200000	25
chrX	 27600000	 28750000	23
chrX	 29200000	 28800000	8
chrX	 30000000	 30750000	15
chrX	 30250000	 28950000	26
chrX	 30850000	 28450000	48
chrX	 32400000	 31200000	24
chrX	 32400000	 34000000	32
chrX	 33700000	 35050000	27
chrX	 35900000	 34500000	28
chrX	 36050000	 34800000	25
chrX	 37100000	 37850000	15
chrX	 37200000	 36150000	21
chrX	 39550000	 40100000	11
chrX	 40150000	 38000000	43
chrX	 40850000	 39750000	22
chrX	 41200000	 41700000	10
chrX	 41350000	 40050000	26
chrX	 47150000	 48600000	29
chrX	 47600000	 47300000	6
chrX	 49250000	 47600000	33
chrX	 49500000	 51200000	34
chrX	 51400000	 52500000	22
chrX	 52200000	 52900000	14
chrX	 52550000	 52950000	8
chrX	 52800000	 51050000	35
chrX	 54750000	 55350000	12
chrX	 55350000	 54000000	27
chrX	 56350000	 57150000	16
chrX	 56800000	 59700000	58
chrX	 64450000	 65650000	24
chrX	 64800000	 66150000	27
chrX	 65200000	 64300000	18
chrX	 65550000	 66350000	16
chrX	 65950000	 67250000	26
chrX	 66100000	 66750000	13
chrX	 68150000	 66900000	25
chrX	 70200000	 71600000	28
chrX	 75800000	 74700000	22
chrX	 76750000	 78400000	33
chrX	 77100000	 76600000	10
chrX	 77250000	 76650000	12
chrX	 80900000	 82950000	41
chrX	 85500000	 83800000	34
chrX	 85700000	 84300000	28
chrX	 86850000	 88000000	23
chrX	 87450000	 88700000	25
chrX	 88050000	 89050000	20
chrX	 90700000	 91850000	23
chrX	 92900000	 89050000	77
chrX	 93450000	 95150000	34
chrX	 93650000	 95350000	34
chrX	 95850000	 94750000	22
chrX	 96550000	 97000000	9
chrX	 97650000	 98600000	19
chrX	 99050000	 98050000	20
chrX	100150000	 99250000	18
chrX	103500000	101950000	31
chrX	105350000	103900000	29
chrX	106600000	107300000	14
chrX	107000000	107750000	15
chrX	107550000	106650000	18
chrX	108150000	108950000	16
chrX	109500000	111000000	30
chrX	111150000	109350000	36
chrX	113850000	111550000	46
chrX	118700000	120000000	26
chrX	120750000	120200000	11
chrX	121850000	122950000	22
chrX	122800000	122050000	15
chrX	123500000	122600000	18
chrX	126800000	125700000	22
chrX	127300000	126500000	16
chrX	127350000	126350000	20
chrX	130400000	129900000	10
chrX	133700000	131950000	35
chrX	135000000	134200000	16
chrX	136450000	137450000	20
chrX	139000000	137050000	39
chrX	140650000	142050000	28
chrX	143300000	144100000	16
chrX	144050000	142250000	36
chrX	144500000	146900000	48
chrX	144800000	145300000	10
chrX	144950000	145600000	13
chrX	146600000	146250000	7
chrX	148700000	147650000	21
chrX	149400000	150300000	18
chrX	151950000	151400000	11
chrX	152200000	151400000	16
chrX	154500000	155450000	19
chrX	157050000	156100000	19
chrX	157600000	156850000	15
chrX	157650000	158650000	20
chrX	158800000	157900000	18
chrX	159250000	159100000	3
chrX	160250000	161100000	17
chrX	161700000	162400000	14
chrX	162700000	163600000	18
chrX	163200000	164550000	27
chrX	164250000	164800000	11
chrX	164400000	163300000	22
chrX	164750000	164050000	14
chrX	165350000	164600000	15
chrX	165850000	164500000	27
chrX	166200000	163950000	45
chrX	167900000	168500000	12
chrX	169350000	170300000	19
chrY	   550000	  1200000	13
chrY	  1050000	  1900000	17
chrY	  1100000	  2100000	20
chrY	  2100000	  1000000	22
chrY	  4300000	  4100000	4
chrY	  4450000	  5450000	20
chrY	  5000000	  5850000	17
chrY	  5850000	  7200000	27
chrY	  6350000	  4550000	36
chrY	  6350000	  6050000	6
chrY	  8100000	 10050000	39
chrY	  8300000	  5850000	49
chrY	  8650000	  7450000	24
chrY	  9000000	  8500000	10
chrY	 10900000	 11700000	16
chrY	 11450000	 12500000	21
chrY	 11600000	  9450000	43
chrY	 12400000	 10050000	47
chrY	 15800000	 14350000	29
chrY	 16200000	 14800000	28
chrY	 19450000	 19700000	5
chrY	 21000000	 21600000	12
chrY	 23450000	 23850000	8
chrY	 24950000	 24100000	17
chrY	 25750000	 24600000	23
chrY	 26200000	 26450000	5
chrY	 29750000	 29550000	4
chrY	 31250000	 30700000	11
chrY	 31450000	 32400000	19
chrY	 31950000	 33200000	25
chrY	 35350000	 37600000	45
chrY	 35750000	 34450000	26
chrY	 37100000	 37650000	11
chrY	 37250000	 35000000	45
chrY	 42150000	 41500000	13
chrY	 43500000	 44700000	24
chrY	 45600000	 45050000	11
chrY	 48000000	 46400000	32
chrY	 50100000	 47500000	52
chrY	 50300000	 50050000	5
chrY	 50550000	 50000000	11
chrY	 54600000	 54950000	7
chrY	 58000000	 54700000	66
chrY	 58500000	 59900000	28
chrY	 59700000	 58650000	21
chrY	 60350000	 59350000	20
chrY	 61550000	 62700000	23
chrY	 61650000	 62750000	22
chrY	 62050000	 62550000	10
chrY	 62450000	 59950000	50
chrY	 64150000	 64750000	12
chrY	 68700000	 66150000	51
chrY	 68950000	 67950000	20
chrY	 69850000	 69600000	5
chrY	 70450000	 71500000	21
chrY	 75000000	 74300000	14
chrY	 75600000	 74500000	22
chrY	 76000000	 77000000	20
chrY	 76800000	 77600000	16
chrY	 77800000	 74550000	65
chrY	 79950000	 82050000	42
chrY	 80300000	 79800000	10
chrY	 81250000	 80200000	21
chrY	 82050000	 82700000	13
chrY	 82100000	 80300000	36
chrY	 82900000	 83900000	20
chrY	 83200000	 80550000	53
chrY	 83700000	 83200000	10
chrY	 83900000	 86000000	42
chrY	 84550000	 84950000	8
chrY	 86400000	 87100000	14
chrY	 88000000	 89000000	20
chrY	 88300000	 86200000	42
chrY	 88750000	 89250000	10
chrY	 88750000	 90100000	27
chrY	 91000000	 91300000	6
