chr1	   650000	        0	13
chr1	  1650000	  3700000	41
chr1	  1950000	  3450000	30
chr1	  3100000	  4700000	32
chr1	  4100000	  2050000	41
chr1	  5300000	  4400000	18
chr1	  6350000	  5800000	11
chr1	  6400000	  7550000	23
chr1	  6400000	  8000000	32
chr1	  7700000	  6500000	24
chr1	 10200000	  9050000	23
chr1	 11100000	  8500000	52
chr1	 11150000	 10700000	9
chr1	 11550000	 10950000	12
chr1	 12300000	 13250000	19
chr1	 13450000	 15000000	31
chr1	 14900000	 16200000	26
chr1	 19250000	 18350000	18
chr1	 19300000	 18600000	14
chr1	 24200000	 23250000	19
chr1	 24200000	 25100000	18
chr1	 26400000	 25100000	26
chr1	 30250000	 31600000	27
chr1	 30400000	 31350000	19
chr1	 33400000	 34350000	19
chr1	 37200000	 38200000	20
chr1	 37350000	 35500000	37
chr1	 37600000	 36800000	16
chr1	 42300000	 41050000	25
chr1	 42950000	 41200000	35
chr1	 48950000	 51900000	59
chr1	 49200000	 48050000	23
chr1	 50800000	 52400000	32
chr1	 51000000	 51650000	13
chr1	 53700000	 52950000	15
chr1	 53700000	 55200000	30
chr1	 53900000	 53050000	17
chr1	 59450000	 60600000	23
chr1	 61050000	 62150000	22
chr1	 63550000	 64900000	27
chr1	 66950000	 65700000	25
chr1	 71350000	 72900000	31
chr1	 73350000	 72650000	14
chr1	 73550000	 74150000	12
chr1	 74250000	 73700000	11
chr1	 74650000	 75400000	15
chr1	 75650000	 75150000	10
chr1	 75750000	 74650000	22
chr1	 75800000	 76450000	13
chr1	 77200000	 78600000	28
chr1	 78100000	 77250000	17
chr1	 78900000	 80050000	23
chr1	 79650000	 81300000	33
chr1	 80350000	 76650000	74
chr1	 84700000	 83700000	20
chr1	 84750000	 87150000	48
chr1	 87600000	 89050000	29
chr1	 91250000	 93200000	39
chr1	 91800000	 90050000	35
chr1	 92800000	 91750000	21
chr1	 93150000	 94650000	30
chr1	 94600000	 92500000	42
chr1	 94950000	 91650000	66
chr1	 95000000	 93850000	23
chr1	 95900000	 97900000	40
chr1	 97100000	 98700000	32
chr1	 99850000	101550000	34
chr1	101500000	102800000	26
chr1	101950000	100900000	21
chr1	102800000	103850000	21
chr1	103350000	100400000	59
chr1	103600000	104550000	19
chr1	103950000	103000000	19
chr1	104200000	103700000	10
chr1	104900000	102500000	48
chr1	106600000	108600000	40
chr1	107850000	109800000	39
chr1	110650000	111700000	21
chr1	111900000	113700000	36
chr1	113400000	111500000	38
chr1	114500000	113750000	15
chr1	117500000	117150000	7
chr1	118550000	116150000	48
chr1	121250000	123050000	36
chr1	122350000	124800000	49
chr1	124900000	126100000	24
chr1	125050000	124000000	21
chr1	125300000	123550000	35
chr1	126400000	124550000	37
chr1	128850000	127200000	33
chr1	128900000	132150000	65
chr1	130150000	129300000	17
chr1	132100000	131300000	16
chr1	132500000	130200000	46
chr1	133650000	132150000	30
chr1	134700000	133600000	22
chr1	135400000	134700000	14
chr1	137050000	136000000	21
chr1	138750000	137900000	17
chr1	139650000	139900000	5
chr1	139700000	138900000	16
chr1	144400000	143200000	24
chr1	145100000	146000000	18
chr1	146750000	146350000	8
chr1	147200000	149650000	49
chr1	147600000	148700000	22
chr1	150350000	148750000	32
chr1	151550000	152500000	19
chr1	154450000	153700000	15
chr1	157700000	156150000	31
chr1	160350000	160900000	11
chr1	162450000	161550000	18
chr1	164000000	165250000	25
chr1	164200000	165100000	18
chr1	164250000	165200000	19
chr1	164550000	165050000	10
chr1	165450000	166450000	20
chr1	167100000	168900000	36
chr1	170750000	169950000	16
chr1	170850000	170500000	7
chr1	172400000	171450000	19
chr1	178450000	179200000	15
chr1	179200000	180250000	21
chr1	180900000	181550000	13
chr1	182550000	182900000	7
chr1	182700000	185650000	59
chr1	183000000	181450000	31
chr1	184200000	183300000	18
chr1	185600000	184800000	16
chr1	186500000	184600000	38
chr1	188850000	189900000	21
chr1	189100000	190200000	22
chr10	  1800000	  1400000	8
chr10	  1950000	  1100000	17
chr10	  2000000	  1500000	10
chr10	  3050000	  1450000	32
chr10	  4250000	  5100000	17
chr10	  4450000	  3150000	26
chr10	  6500000	  5800000	14
chr10	  6750000	  6050000	14
chr10	  8000000	  9550000	31
chr10	  8900000	  8700000	4
chr10	  9550000	  7300000	45
chr10	 10500000	 10100000	8
chr10	 11150000	 10800000	7
chr10	 12150000	 13250000	22
chr10	 12150000	 14600000	49
chr10	 14700000	 13850000	17
chr10	 16850000	 16200000	13
chr10	 17100000	 18000000	18
chr10	 17600000	 16250000	27
chr10	 19100000	 18100000	20
chr10	 19350000	 17950000	28
chr10	 20050000	 21100000	21
chr10	 20550000	 21400000	17
chr10	 20750000	 22250000	30
chr10	 21500000	 22300000	16
chr10	 23750000	 22550000	24
chr10	 26050000	 26700000	13
chr10	 26250000	 27850000	32
chr10	 26850000	 24900000	39
chr10	 27400000	 26800000	12
chr10	 27950000	 27200000	15
chr10	 30050000	 28950000	22
chr10	 31250000	 31500000	5
chr10	 32500000	 33100000	12
chr10	 33700000	 34250000	11
chr10	 36950000	 34050000	58
chr10	 42450000	 43800000	27
chr10	 42750000	 44400000	33
chr10	 43050000	 44000000	19
chr10	 44050000	 44050000	0
chr10	 46100000	 46650000	11
chr10	 46450000	 45650000	16
chr10	 46550000	 45400000	23
chr10	 48450000	 47750000	14
chr10	 48550000	 50200000	33
chr10	 48850000	 48650000	4
chr10	 49250000	 48800000	9
chr10	 49500000	 50550000	21
chr10	 50650000	 50000000	13
chr10	 50700000	 52050000	27
chr10	 51000000	 50300000	14
chr10	 51050000	 50250000	16
chr10	 51350000	 50800000	11
chr10	 52700000	 54250000	31
chr10	 53000000	 51650000	27
chr10	 54150000	 52600000	31
chr10	 54750000	 53800000	19
chr10	 55000000	 54450000	11
chr10	 60500000	 58300000	44
chr10	 60900000	 61400000	10
chr10	 62800000	 64450000	33
chr10	 63400000	 62950000	9
chr10	 65300000	 64150000	23
chr10	 66300000	 66750000	9
chr10	 66700000	 67700000	20
chr10	 69000000	 69500000	10
chr10	 69050000	 70150000	22
chr10	 72650000	 71300000	27
chr10	 72650000	 71650000	20
chr10	 72700000	 71650000	21
chr10	 73150000	 73550000	8
chr10	 73600000	 72550000	21
chr10	 74200000	 75600000	28
chr10	 75100000	 74500000	12
chr10	 75400000	 76600000	24
chr10	 75850000	 74300000	31
chr10	 76300000	 74250000	41
chr10	 76450000	 75750000	14
chr10	 77350000	 75700000	33
chr10	 78250000	 76750000	30
chr10	 78650000	 79700000	21
chr10	 79350000	 77750000	32
chr10	 84200000	 82800000	28
chr10	 84300000	 85300000	20
chr10	 84450000	 83600000	17
chr10	 84550000	 84150000	8
chr10	 84850000	 86700000	37
chr10	 85250000	 85900000	13
chr10	 86000000	 87750000	35
chr10	 88300000	 90250000	39
chr10	 88800000	 89550000	15
chr10	 89300000	 88100000	24
chr10	 91850000	 92500000	13
chr10	 92050000	 91750000	6
chr10	 93400000	 94100000	14
chr10	 93800000	 95050000	25
chr10	 94850000	 93500000	27
chr10	 95050000	 94200000	17
chr10	 95250000	 94700000	11
chr10	 96250000	 94950000	26
chr10	 96400000	 98350000	39
chr10	100500000	 99250000	25
chr10	100800000	102200000	28
chr10	101150000	100300000	17
chr10	101550000	100150000	28
chr10	107650000	106850000	16
chr10	112000000	110800000	24
chr10	112900000	112050000	17
chr10	113150000	112650000	10
chr10	113200000	115000000	36
chr10	113300000	114200000	18
chr10	113600000	112550000	21
chr10	113800000	112350000	29
chr10	118150000	121100000	59
chr10	120650000	119050000	32
chr10	121200000	123100000	38
chr10	122450000	121800000	13
chr10	123600000	125050000	29
chr10	127900000	126500000	28
chr10	128300000	130550000	45
chr10	128800000	129300000	10
chr10	129500000	127300000	44
chr10	129750000	128250000	30
chr11	  1450000	  2250000	16
chr11	  1550000	  2250000	14
chr11	  6000000	  6800000	16
chr11	  8700000	  7400000	26
chr11	 11600000	 11050000	11
chr11	 15350000	 15600000	5
chr11	 15500000	 16950000	29
chr11	 17100000	 15800000	26
chr11	 17200000	 16700000	10
chr11	 17650000	 17150000	10
chr11	 18100000	 16400000	34
chr11	 18200000	 18700000	10
chr11	 20850000	 19000000	37
chr11	 22450000	 22450000	0
chr11	 24400000	 25400000	20
chr11	 30100000	 30950000	17
chr11	 32350000	 31300000	21
chr11	 34650000	 37100000	49
chr11	 36100000	 33600000	50
chr11	 36950000	 38650000	34
chr11	 38950000	 40150000	24
chr11	 44000000	 43600000	8
chr11	 44700000	 45900000	24
chr11	 45150000	 45650000	10
chr11	 47550000	 50050000	50
chr11	 49150000	 51250000	42
chr11	 49700000	 50400000	14
chr11	 50600000	 51400000	16
chr11	 57600000	 58450000	17
chr11	 58250000	 58800000	11
chr11	 59100000	 57000000	42
chr11	 62550000	 63200000	13
chr11	 63100000	 63350000	5
chr11	 63950000	 63350000	12
chr11	 64250000	 65600000	27
chr11	 66100000	 66200000	2
chr11	 68150000	 67050000	22
chr11	 68150000	 69300000	23
chr11	 70200000	 68950000	25
chr11	 71450000	 72500000	21
chr11	 71800000	 71100000	14
chr11	 71900000	 71000000	18
chr11	 72150000	 72150000	0
chr11	 72350000	 74150000	36
chr11	 72900000	 73900000	20
chr11	 73050000	 72150000	18
chr11	 76400000	 77450000	21
chr11	 76700000	 77700000	20
chr11	 80050000	 80850000	16
chr11	 80600000	 82000000	28
chr11	 80850000	 80050000	16
chr11	 83200000	 82600000	12
chr11	 83700000	 83100000	12
chr11	 84150000	 85000000	17
chr11	 84650000	 86350000	34
chr11	 85250000	 86050000	16
chr11	 86000000	 84550000	29
chr11	 86800000	 85350000	29
chr11	 89450000	 88650000	16
chr11	 93150000	 92450000	14
chr11	 95300000	 94500000	16
chr11	 98500000	 96850000	33
chr11	 98600000	100050000	29
chr11	 99300000	 97200000	42
chr11	 99300000	 98900000	8
chr11	 99750000	100450000	14
chr11	100450000	100150000	6
chr11	101050000	100350000	14
chr11	102450000	103600000	23
chr11	102500000	101950000	11
chr11	103300000	101900000	28
chr11	109250000	111800000	51
chr11	109650000	112750000	62
chr11	110900000	110500000	8
chr11	111800000	111000000	16
chr11	115000000	115950000	19
chr11	116100000	116400000	6
chr11	117000000	118050000	21
chr11	117250000	115900000	27
chr11	117400000	116600000	16
chr11	117400000	119050000	33
chr11	118250000	119950000	34
chr11	120950000	119750000	24
chr12	  2600000	  2600000	0
chr12	  3250000	  4200000	19
chr12	  4650000	  3200000	29
chr12	  5350000	  5950000	12
chr12	  8100000	  7550000	11
chr12	  8100000	  8450000	7
chr12	  8300000	  7950000	7
chr12	  9100000	 10350000	25
chr12	 12900000	 12300000	12
chr12	 12950000	 13700000	15
chr12	 17000000	 16400000	12
chr12	 17550000	 15400000	43
chr12	 18950000	 18000000	19
chr12	 23400000	 24000000	12
chr12	 24400000	 25800000	28
chr12	 27700000	 28400000	14
chr12	 28800000	 29150000	7
chr12	 30600000	 29800000	16
chr12	 32500000	 32050000	9
chr12	 36850000	 37900000	21
chr12	 38250000	 37050000	24
chr12	 39850000	 40550000	14
chr12	 41250000	 40200000	21
chr12	 41400000	 43150000	35
chr12	 41700000	 42050000	7
chr12	 44700000	 46550000	37
chr12	 50800000	 50000000	16
chr12	 50800000	 51350000	11
chr12	 51450000	 54650000	64
chr12	 52350000	 51650000	14
chr12	 53350000	 54550000	24
chr12	 54850000	 56200000	27
chr12	 55400000	 55750000	7
chr12	 56250000	 55300000	19
chr12	 57150000	 59200000	41
chr12	 58300000	 57600000	14
chr12	 59100000	 60400000	26
chr12	 59500000	 61550000	41
chr12	 59800000	 60650000	17
chr12	 60050000	 59200000	17
chr12	 60650000	 60050000	12
chr12	 61100000	 64450000	67
chr12	 61150000	 63700000	51
chr12	 61600000	 62350000	15
chr12	 62500000	 62050000	9
chr12	 62800000	 61150000	33
chr12	 63450000	 62450000	20
chr12	 65550000	 65000000	11
chr12	 66800000	 65300000	30
chr12	 68150000	 68900000	15
chr12	 69750000	 69450000	6
chr12	 69950000	 67250000	54
chr12	 73450000	 71550000	38
chr12	 74850000	 73300000	31
chr12	 75000000	 76450000	29
chr12	 76000000	 75500000	10
chr12	 76350000	 77050000	14
chr12	 76350000	 77300000	19
chr12	 77700000	 73750000	79
chr12	 78400000	 77300000	22
chr12	 78900000	 77400000	30
chr12	 81300000	 82050000	15
chr12	 83650000	 84850000	24
chr12	 84800000	 89450000	93
chr12	 85400000	 83350000	41
chr12	 85500000	 84950000	11
chr12	 86800000	 88550000	35
chr12	 86950000	 86200000	15
chr12	 88000000	 86300000	34
chr12	 89550000	 90000000	9
chr12	 89600000	 88900000	14
chr12	 89700000	 90650000	19
chr12	 91600000	 92200000	12
chr12	 92300000	 91650000	13
chr12	 92400000	 90500000	38
chr12	 93350000	 94150000	16
chr12	 95200000	 93800000	28
chr12	 95700000	 96950000	25
chr12	 96950000	 95600000	27
chr12	 97700000	 97250000	9
chr12	 98950000	 98450000	10
chr12	100400000	101850000	29
chr12	100750000	 99950000	16
chr12	101850000	102900000	21
chr12	102400000	100550000	37
chr12	103600000	103250000	7
chr12	104100000	103150000	19
chr12	105550000	103700000	37
chr12	105550000	104250000	26
chr12	105750000	107500000	35
chr12	106750000	105350000	28
chr12	108000000	107100000	18
chr12	109800000	110850000	21
chr12	111500000	112650000	23
chr12	114050000	114350000	6
chr12	114350000	116100000	35
chr12	115800000	117500000	34
chr12	117150000	115400000	35
chr12	119050000	118300000	15
chr12	120050000	119150000	18
chr13	  2250000	  1800000	9
chr13	  3850000	  5050000	24
chr13	  4300000	  6300000	40
chr13	  4400000	  6300000	38
chr13	  4450000	  6050000	32
chr13	  4800000	  5800000	20
chr13	  4850000	  3750000	22
chr13	  5250000	  3950000	26
chr13	  6800000	  7200000	8
chr13	  8100000	  6700000	28
chr13	  8500000	  9400000	18
chr13	 10950000	 12500000	31
chr13	 11200000	 10400000	16
chr13	 13050000	 10100000	59
chr13	 14200000	 13500000	14
chr13	 15100000	 15750000	13
chr13	 15250000	 14350000	18
chr13	 16350000	 15150000	24
chr13	 16600000	 17800000	24
chr13	 17050000	 18150000	22
chr13	 17250000	 17550000	6
chr13	 18200000	 16800000	28
chr13	 19250000	 18500000	15
chr13	 20000000	 21250000	25
chr13	 21350000	 19500000	37
chr13	 21650000	 21850000	4
chr13	 21700000	 20800000	18
chr13	 21850000	 21550000	6
chr13	 22900000	 21100000	36
chr13	 24100000	 23000000	22
chr13	 24350000	 25200000	17
chr13	 24900000	 24700000	4
chr13	 25150000	 23950000	24
chr13	 25700000	 24250000	29
chr13	 26150000	 25650000	10
chr13	 28650000	 29600000	19
chr13	 28900000	 28300000	12
chr13	 29050000	 29750000	14
chr13	 29100000	 28400000	14
chr13	 30800000	 31750000	19
chr13	 32300000	 29800000	50
chr13	 35600000	 34500000	22
chr13	 36250000	 35750000	10
chr13	 38700000	 37900000	16
chr13	 42500000	 43350000	17
chr13	 43300000	 42300000	20
chr13	 43850000	 42900000	19
chr13	 44950000	 45650000	14
chr13	 45850000	 44800000	21
chr13	 47700000	 49100000	28
chr13	 48000000	 47550000	9
chr13	 48400000	 47550000	17
chr13	 50950000	 52250000	26
chr13	 51550000	 52350000	16
chr13	 52600000	 53250000	13
chr13	 54500000	 55850000	27
chr13	 57450000	 56150000	26
chr13	 57650000	 58950000	26
chr13	 59450000	 58350000	22
chr13	 62850000	 63950000	22
chr13	 63150000	 61800000	27
chr13	 65700000	 66000000	6
chr13	 65850000	 64650000	24
chr13	 68300000	 67550000	15
chr13	 71500000	 70450000	21
chr13	 73650000	 75050000	28
chr13	 75650000	 73500000	43
chr13	 76000000	 76700000	14
chr13	 76200000	 77800000	32
chr13	 77500000	 78950000	29
chr13	 77750000	 79200000	29
chr13	 78000000	 77550000	9
chr13	 78150000	 76100000	41
chr13	 78150000	 78150000	0
chr13	 78650000	 77650000	20
chr13	 79850000	 81850000	40
chr13	 80650000	 79550000	22
chr13	 80750000	 81300000	11
chr13	 82350000	 81100000	25
chr13	 82650000	 83600000	19
chr13	 83250000	 82500000	15
chr13	 87450000	 82850000	92
chr13	 89400000	 88700000	14
chr13	 90100000	 89700000	8
chr13	 93150000	 91600000	31
chr13	 93950000	 92600000	27
chr13	 94200000	 93850000	7
chr13	 94950000	 94050000	18
chr13	 95350000	 94100000	25
chr13	 95500000	 94950000	11
chr13	 96300000	 97800000	30
chr13	 96650000	 96150000	10
chr13	 97250000	 97800000	11
chr13	 98250000	 97250000	20
chr13	 98300000	100150000	37
chr13	 99250000	101250000	40
chr13	 99700000	 98550000	23
chr13	100350000	101200000	17
chr13	101600000	 99950000	33
chr13	105000000	104550000	9
chr13	106750000	105550000	24
chr13	107500000	106100000	28
chr13	108850000	107600000	25
chr13	108900000	110050000	23
chr13	111200000	111950000	15
chr13	115150000	115650000	10
chr13	116800000	118800000	40
chr13	118400000	117400000	20
chr14	   850000	        0	17
chr14	  2250000	  4250000	40
chr14	  5750000	  4850000	18
chr14	  7700000	  8600000	18
chr14	  9500000	 10350000	17
chr14	 10100000	  9150000	19
chr14	 11150000	 12250000	22
chr14	 11350000	 13500000	43
chr14	 14650000	 13650000	20
chr14	 17150000	 15200000	39
chr14	 17300000	 15900000	28
chr14	 18350000	 18150000	4
chr14	 19450000	 20750000	26
chr14	 20500000	 18550000	39
chr14	 22650000	 25550000	58
chr14	 23050000	 24350000	26
chr14	 23900000	 24800000	18
chr14	 26200000	 26200000	0
chr14	 26350000	 25900000	9
chr14	 29600000	 29950000	7
chr14	 30250000	 28800000	29
chr14	 32750000	 31250000	30
chr14	 34700000	 36100000	28
chr14	 35100000	 34600000	10
chr14	 35150000	 36150000	20
chr14	 35250000	 34650000	12
chr14	 37250000	 37750000	10
chr14	 39000000	 37700000	26
chr14	 40750000	 41950000	24
chr14	 43700000	 43050000	13
chr14	 43900000	 43600000	6
chr14	 45100000	 46800000	34
chr14	 49150000	 50900000	35
chr14	 52550000	 52200000	7
chr14	 53800000	 54100000	6
chr14	 54950000	 55700000	15
chr14	 55300000	 57950000	53
chr14	 56150000	 53550000	52
chr14	 56900000	 55200000	34
chr14	 58150000	 59050000	18
chr14	 59450000	 59050000	8
chr14	 61550000	 60850000	14
chr14	 62500000	 63100000	12
chr14	 62650000	 61000000	33
chr14	 62750000	 63200000	9
chr14	 63850000	 63200000	13
chr14	 64800000	 66450000	33
chr14	 67750000	 68850000	22
chr14	 69350000	 68200000	23
chr14	 69450000	 71500000	41
chr14	 72150000	 71650000	10
chr14	 72200000	 72900000	14
chr14	 72250000	 73150000	18
chr14	 74150000	 75600000	29
chr14	 76200000	 81050000	97
chr14	 76700000	 75300000	28
chr14	 77050000	 78550000	30
chr14	 78450000	 77450000	20
chr14	 78600000	 77950000	13
chr14	 81800000	 81150000	13
chr14	 82350000	 78950000	68
chr14	 82700000	 81800000	18
chr14	 83150000	 83600000	9
chr14	 86600000	 84750000	37
chr14	 88350000	 88750000	8
chr14	 90900000	 90750000	3
chr14	 91350000	 91000000	7
chr14	 92050000	 90250000	36
chr14	 92650000	 93550000	18
chr14	 94250000	 93600000	13
chr14	 96750000	 97500000	15
chr14	 97250000	 95500000	35
chr14	 98250000	 97300000	19
chr14	 98600000	 99400000	16
chr14	 99650000	100250000	12
chr14	100950000	102600000	33
chr14	102050000	103850000	36
chr14	105200000	106650000	29
chr14	105450000	106750000	26
chr14	106500000	105900000	12
chr14	108050000	106700000	27
chr14	108950000	109650000	14
chr14	110000000	107300000	54
chr14	110900000	109800000	22
chr14	111300000	110950000	7
chr14	112750000	113250000	10
chr14	115700000	114150000	31
chr14	116600000	115950000	13
chr14	117450000	118450000	20
chr14	117800000	119700000	38
chr14	117950000	118900000	19
chr14	119200000	120600000	28
chr14	120550000	121450000	18
chr14	122400000	118900000	70
chr14	123000000	121850000	23
chr14	123100000	123950000	17
chr14	123200000	123700000	10
chr15	  1150000	   200000	19
chr15	  1700000	   700000	20
chr15	  5050000	  4400000	13
chr15	  5700000	  5700000	0
chr15	  6000000	  5700000	6
chr15	  6650000	  8750000	42
chr15	  8500000	  9700000	24
chr15	 13250000	 12600000	13
chr15	 16650000	 17800000	23
chr15	 18600000	 19700000	22
chr15	 19050000	 18450000	12
chr15	 21850000	 21100000	15
chr15	 23600000	 22650000	19
chr15	 23850000	 23550000	6
chr15	 24650000	 23350000	26
chr15	 25950000	 25000000	19
chr15	 26300000	 25450000	17
chr15	 26350000	 27300000	19
chr15	 28650000	 28200000	9
chr15	 29100000	 26550000	51
chr15	 32650000	 33300000	13
chr15	 33650000	 34500000	17
chr15	 34750000	 36800000	41
chr15	 38500000	 37750000	15
chr15	 38950000	 39800000	17
chr15	 40300000	 39650000	13
chr15	 40350000	 41050000	14
chr15	 45600000	 46050000	9
chr15	 47700000	 49600000	38
chr15	 48150000	 50450000	46
chr15	 49250000	 48450000	16
chr15	 50400000	 49150000	25
chr15	 50550000	 51600000	21
chr15	 51100000	 50650000	9
chr15	 51150000	 50400000	15
chr15	 52150000	 52700000	11
chr15	 52200000	 52800000	12
chr15	 52500000	 50700000	36
chr15	 56200000	 54550000	33
chr15	 57350000	 56050000	26
chr15	 58400000	 57350000	21
chr15	 58650000	 60550000	38
chr15	 60950000	 61550000	12
chr15	 62450000	 63250000	16
chr15	 63000000	 60300000	54
chr15	 63300000	 61150000	43
chr15	 65000000	 63800000	24
chr15	 66350000	 67600000	25
chr15	 67000000	 68600000	32
chr15	 68450000	 67300000	23
chr15	 68850000	 68450000	8
chr15	 72500000	 71600000	18
chr15	 73450000	 72000000	29
chr15	 74100000	 75800000	34
chr15	 76800000	 76000000	16
chr15	 78100000	 76750000	27
chr15	 79350000	 80300000	19
chr15	 80250000	 79450000	16
chr15	 80550000	 78150000	48
chr15	 80950000	 82450000	30
chr15	 81350000	 83600000	45
chr15	 81600000	 80300000	26
chr15	 82900000	 79750000	63
chr15	 83350000	 84150000	16
chr15	 83500000	 82200000	26
chr15	 84100000	 82950000	23
chr15	 85350000	 86350000	20
chr15	 90050000	 88950000	22
chr15	 91000000	 91650000	13
chr15	 91300000	 89900000	28
chr15	 91500000	 89950000	31
chr15	 94900000	 95400000	10
chr15	 94950000	 93900000	21
chr15	 96850000	 96450000	8
chr15	 97750000	 97200000	11
chr15	 99400000	 97600000	36
chr15	100900000	100000000	18
chr16	  2500000	  3800000	26
chr16	  3200000	  2400000	16
chr16	  5900000	  6650000	15
chr16	 12350000	 12850000	10
chr16	 13050000	 11450000	32
chr16	 13200000	 13650000	9
chr16	 15400000	 14850000	11
chr16	 15550000	 17000000	29
chr16	 18550000	 19150000	12
chr16	 19450000	 20250000	16
chr16	 21200000	 22450000	25
chr16	 21250000	 22300000	21
chr16	 21500000	 22300000	16
chr16	 22650000	 21650000	20
chr16	 24550000	 23500000	21
chr16	 26900000	 27750000	17
chr16	 27250000	 27550000	6
chr16	 27350000	 26600000	15
chr16	 29100000	 30000000	18
chr16	 29950000	 30500000	11
chr16	 32000000	 33650000	33
chr16	 33550000	 31150000	48
chr16	 36950000	 37600000	13
chr16	 37000000	 37600000	12
chr16	 37600000	 38800000	24
chr16	 38050000	 35500000	51
chr16	 38650000	 38950000	6
chr16	 39450000	 40150000	14
chr16	 39500000	 40350000	17
chr16	 40450000	 41800000	27
chr16	 40850000	 39750000	22
chr16	 41550000	 41150000	8
chr16	 41700000	 41150000	11
chr16	 43450000	 42800000	13
chr16	 43550000	 44800000	25
chr16	 44850000	 45700000	17
chr16	 45450000	 43600000	37
chr16	 45600000	 46600000	20
chr16	 46550000	 49400000	57
chr16	 46750000	 45400000	27
chr16	 47700000	 48250000	11
chr16	 48200000	 51000000	56
chr16	 49950000	 47050000	58
chr16	 50250000	 51450000	24
chr16	 50850000	 53100000	45
chr16	 51300000	 51950000	13
chr16	 53600000	 51350000	45
chr16	 57050000	 57600000	11
chr16	 57050000	 58000000	19
chr16	 59900000	 61850000	39
chr16	 61650000	 62550000	18
chr16	 62550000	 61450000	22
chr16	 66100000	 66500000	8
chr16	 68700000	 68350000	7
chr16	 68750000	 69650000	18
chr16	 69150000	 66850000	46
chr16	 69350000	 67650000	34
chr16	 69550000	 71550000	40
chr16	 71350000	 72050000	14
chr16	 74050000	 72800000	25
chr16	 75800000	 74300000	30
chr16	 81400000	 80550000	17
chr16	 82300000	 83550000	25
chr16	 82350000	 83400000	21
chr16	 86350000	 86100000	5
chr16	 88000000	 87150000	17
chr16	 88150000	 86900000	25
chr16	 88800000	 90150000	27
chr16	 88850000	 90500000	33
chr16	 89550000	 88650000	18
chr16	 90850000	 91600000	15
chr16	 90850000	 91700000	17
chr16	 92850000	 91700000	23
chr16	 93050000	 90950000	42
chr17	   250000	  2300000	41
chr17	   450000	   900000	9
chr17	  1200000	   350000	17
chr17	  1250000	  1850000	12
chr17	  9000000	  9750000	15
chr17	 10200000	  8750000	29
chr17	 13300000	 11100000	44
chr17	 13450000	 14950000	30
chr17	 14150000	 13700000	9
chr17	 15550000	 15150000	8
chr17	 17350000	 18150000	16
chr17	 20800000	 20300000	10
chr17	 20850000	 19650000	24
chr17	 20900000	 22400000	30
chr17	 23500000	 24250000	15
chr17	 26450000	 25650000	16
chr17	 28300000	 26900000	28
chr17	 29200000	 30150000	19
chr17	 30500000	 30100000	8
chr17	 31300000	 30400000	18
chr17	 32050000	 33300000	25
chr17	 36950000	 38000000	21
chr17	 41900000	 42200000	6
chr17	 43200000	 45500000	46
chr17	 43550000	 44750000	24
chr17	 44550000	 45800000	25
chr17	 45300000	 43500000	36
chr17	 47000000	 46400000	12
chr17	 47350000	 46200000	23
chr17	 47650000	 49350000	34
chr17	 49800000	 47950000	37
chr17	 52100000	 51100000	20
chr17	 52850000	 52300000	11
chr17	 54450000	 55000000	11
chr17	 57850000	 58900000	21
chr17	 59900000	 60200000	6
chr17	 62200000	 61150000	21
chr17	 62800000	 63600000	16
chr17	 64050000	 63450000	12
chr17	 66050000	 66450000	8
chr17	 69500000	 68700000	16
chr17	 72550000	 74900000	47
chr17	 74100000	 73100000	20
chr17	 74400000	 75000000	12
chr17	 78150000	 77700000	9
chr17	 78200000	 75350000	57
chr17	 78850000	 77800000	21
chr17	 79050000	 78200000	17
chr17	 79150000	 80350000	24
chr17	 80650000	 82850000	44
chr17	 82000000	 83250000	25
chr17	 85150000	 83900000	25
chr17	 86700000	 85950000	15
chr17	 87550000	 85700000	37
chr17	 88100000	 89300000	24
chr17	 88900000	 90350000	29
chr17	 89100000	 89850000	15
chr17	 89200000	 88050000	23
chr17	 89300000	 87900000	28
chr17	 89300000	 90650000	27
chr17	 89500000	 87750000	35
chr17	 89900000	 90500000	12
chr17	 90450000	 91600000	23
chr17	 90850000	 90350000	10
chr17	 91850000	 92950000	22
chr18	  3000000	  2550000	9
chr18	  3600000	  2100000	30
chr18	  5800000	  7050000	25
chr18	  6550000	  7950000	28
chr18	  7200000	  9250000	41
chr18	  7750000	  8700000	19
chr18	 10850000	 12100000	25
chr18	 11800000	 11250000	11
chr18	 15300000	 16350000	21
chr18	 17900000	 18400000	10
chr18	 19200000	 17400000	36
chr18	 19250000	 17750000	30
chr18	 21050000	 21600000	11
chr18	 22150000	 19500000	53
chr18	 23400000	 24100000	14
chr18	 26350000	 26100000	5
chr18	 28450000	 27200000	25
chr18	 31300000	 31900000	12
chr18	 31600000	 32550000	19
chr18	 36000000	 36850000	17
chr18	 37800000	 36050000	35
chr18	 38850000	 37200000	33
chr18	 39400000	 38650000	15
chr18	 39700000	 41100000	28
chr18	 39900000	 40400000	10
chr18	 41400000	 40050000	27
chr18	 41700000	 39650000	41
chr18	 42500000	 41600000	18
chr18	 43000000	 41250000	35
chr18	 44050000	 43450000	12
chr18	 45650000	 44850000	16
chr18	 48250000	 49150000	18
chr18	 48350000	 48950000	12
chr18	 49350000	 46850000	50
chr18	 51150000	 52800000	33
chr18	 52950000	 53550000	12
chr18	 53250000	 52700000	11
chr18	 59700000	 60600000	18
chr18	 59750000	 61300000	31
chr18	 60650000	 59550000	22
chr18	 62200000	 61750000	9
chr18	 66600000	 67350000	15
chr18	 68050000	 69050000	20
chr18	 68950000	 67850000	22
chr18	 68950000	 68950000	0
chr18	 69750000	 70600000	17
chr18	 70750000	 69100000	33
chr18	 71150000	 72100000	19
chr18	 71700000	 70700000	20
chr18	 71700000	 71150000	11
chr18	 72200000	 72900000	14
chr18	 72350000	 73400000	21
chr18	 74900000	 75150000	5
chr18	 78400000	 79750000	27
chr18	 81150000	 80600000	11
chr18	 82700000	 80800000	38
chr18	 82700000	 82050000	13
chr18	 83000000	 82000000	20
chr18	 83450000	 84100000	13
chr18	 83900000	 85650000	35
chr18	 84400000	 84000000	8
chr18	 85100000	 83950000	23
chr18	 87100000	 84350000	55
chr18	 87550000	 88500000	19
chr18	 88800000	 89900000	22
chr18	 89600000	 89300000	6
chr19	  2400000	  4400000	40
chr19	  2750000	  3450000	14
chr19	  3000000	  4200000	24
chr19	  4200000	  3200000	20
chr19	  4250000	  3600000	13
chr19	  4550000	  3600000	19
chr19	  4900000	  5550000	13
chr19	  5900000	  5000000	18
chr19	  6500000	  5450000	21
chr19	  6650000	  9400000	55
chr19	  6700000	  7100000	8
chr19	  6850000	  7450000	12
chr19	  8650000	  9700000	21
chr19	 10250000	 12250000	40
chr19	 11100000	 10150000	19
chr19	 13400000	 11000000	48
chr19	 16900000	 16000000	18
chr19	 17200000	 16450000	15
chr19	 17200000	 18100000	18
chr19	 18650000	 20050000	28
chr19	 20450000	 21300000	17
chr19	 20900000	 21600000	14
chr19	 21950000	 24100000	43
chr19	 23050000	 21500000	31
chr19	 23950000	 22900000	21
chr19	 25350000	 23900000	29
chr19	 25850000	 26550000	14
chr19	 26900000	 25700000	24
chr19	 28300000	 30700000	48
chr19	 28400000	 28000000	8
chr19	 28750000	 27700000	21
chr19	 29000000	 28100000	18
chr19	 29500000	 30250000	15
chr19	 30700000	 29350000	27
chr19	 30950000	 28950000	40
chr19	 34500000	 36600000	42
chr19	 35700000	 36600000	18
chr19	 38500000	 37650000	17
chr19	 44600000	 46000000	28
chr19	 45500000	 45000000	10
chr19	 47600000	 49300000	34
chr19	 53050000	 51700000	27
chr19	 53500000	 50400000	62
chr19	 55800000	 54600000	24
chr19	 56050000	 55450000	12
chr19	 56150000	 58400000	45
chr19	 56350000	 57250000	18
chr19	 60400000	 60850000	9
chr2	  1950000	  3500000	31
chr2	  2650000	  6200000	71
chr2	  2800000	  5400000	52
chr2	  3300000	  4250000	19
chr2	  6050000	  4600000	29
chr2	  7050000	  5250000	36
chr2	  8450000	  7050000	28
chr2	 11100000	 10100000	20
chr2	 11550000	 12650000	22
chr2	 14850000	 13050000	36
chr2	 17550000	 17950000	8
chr2	 19000000	 20450000	29
chr2	 19250000	 20450000	24
chr2	 21900000	 22100000	4
chr2	 25600000	 28300000	54
chr2	 26950000	 28800000	37
chr2	 28450000	 27700000	15
chr2	 28850000	 30500000	33
chr2	 29800000	 27350000	49
chr2	 31150000	 32200000	21
chr2	 33150000	 33850000	14
chr2	 39350000	 38350000	20
chr2	 39400000	 40650000	25
chr2	 40000000	 41100000	22
chr2	 41500000	 40350000	23
chr2	 42050000	 43350000	26
chr2	 42500000	 41550000	19
chr2	 43400000	 44100000	14
chr2	 45000000	 46200000	24
chr2	 45750000	 46650000	18
chr2	 46000000	 44450000	31
chr2	 49350000	 50300000	19
chr2	 50600000	 52500000	38
chr2	 51050000	 51850000	16
chr2	 52300000	 53600000	26
chr2	 52900000	 53600000	14
chr2	 53000000	 54150000	23
chr2	 54100000	 53100000	20
chr2	 54300000	 51450000	57
chr2	 56350000	 56100000	5
chr2	 57750000	 56800000	19
chr2	 60100000	 61850000	35
chr2	 62600000	 63400000	16
chr2	 63650000	 65250000	32
chr2	 65350000	 65800000	9
chr2	 65850000	 67250000	28
chr2	 66100000	 66800000	14
chr2	 66150000	 67450000	26
chr2	 67100000	 69700000	52
chr2	 67300000	 68600000	26
chr2	 68100000	 68700000	12
chr2	 72800000	 72300000	10
chr2	 73200000	 73950000	15
chr2	 73450000	 72900000	11
chr2	 73550000	 71800000	35
chr2	 73950000	 73950000	0
chr2	 74550000	 75450000	18
chr2	 76300000	 74900000	28
chr2	 76650000	 75900000	15
chr2	 77200000	 75550000	33
chr2	 78050000	 78900000	17
chr2	 79650000	 79050000	12
chr2	 79700000	 80950000	25
chr2	 79750000	 78550000	24
chr2	 80050000	 81800000	35
chr2	 80150000	 80950000	16
chr2	 81100000	 80600000	10
chr2	 81150000	 82650000	30
chr2	 81850000	 83000000	23
chr2	 81850000	 83750000	38
chr2	 82050000	 81250000	16
chr2	 86050000	 83850000	44
chr2	 86550000	 87550000	20
chr2	 87650000	 86100000	31
chr2	 88600000	 89850000	25
chr2	 88600000	 90050000	29
chr2	 90850000	 91200000	7
chr2	 91700000	 92200000	10
chr2	 93050000	 93850000	16
chr2	 93600000	 93150000	9
chr2	 98800000	 99700000	18
chr2	 99900000	 98200000	34
chr2	100200000	 98750000	29
chr2	101250000	 99700000	31
chr2	102850000	101850000	20
chr2	103000000	101750000	25
chr2	104400000	105350000	19
chr2	107250000	108150000	18
chr2	107550000	109600000	41
chr2	108350000	110000000	33
chr2	110000000	112700000	54
chr2	111050000	109650000	28
chr2	111050000	111400000	7
chr2	112500000	111650000	17
chr2	113150000	112550000	12
chr2	120200000	120900000	14
chr2	120500000	121750000	25
chr2	121500000	121600000	2
chr2	122250000	122800000	11
chr2	123250000	123900000	13
chr2	124200000	125000000	16
chr2	130250000	131850000	32
chr2	130450000	131350000	18
chr2	131050000	129650000	28
chr2	131800000	130850000	19
chr2	140750000	141350000	12
chr2	141400000	141150000	5
chr2	141950000	140000000	39
chr2	142750000	143650000	18
chr2	142950000	144050000	22
chr2	145150000	144200000	19
chr2	145350000	144700000	13
chr2	147700000	149300000	32
chr2	148900000	149900000	20
chr2	149600000	147850000	35
chr2	151800000	152850000	21
chr2	152900000	154050000	23
chr2	153000000	150850000	43
chr2	153500000	152400000	22
chr2	155100000	156700000	32
chr2	155450000	154150000	26
chr2	157650000	156300000	27
chr2	160200000	159950000	5
chr2	161100000	159700000	28
chr2	161400000	161950000	11
chr2	161650000	160550000	22
chr2	162600000	164850000	45
chr2	164200000	162400000	36
chr2	166900000	168150000	25
chr2	167800000	168450000	13
chr2	169050000	170450000	28
chr2	169250000	170950000	34
chr2	171350000	173750000	48
chr2	172200000	173200000	20
chr2	172600000	173800000	24
chr2	174200000	173000000	24
chr2	176350000	178600000	45
chr2	176950000	175800000	23
chr2	177200000	175800000	28
chr2	178000000	178500000	10
chr2	178400000	177950000	9
chr2	179500000	178550000	19
chr2	179950000	179500000	9
chr3	  1800000	  1350000	9
chr3	  4750000	  6000000	25
chr3	  5750000	  7350000	32
chr3	  8050000	  6600000	29
chr3	  8400000	  6700000	34
chr3	  9250000	  9850000	12
chr3	 11400000	 12600000	24
chr3	 11950000	 13150000	24
chr3	 14450000	 13450000	20
chr3	 15650000	 16350000	14
chr3	 16400000	 15750000	13
chr3	 16850000	 15550000	26
chr3	 17000000	 17600000	12
chr3	 17150000	 17900000	15
chr3	 18950000	 20050000	22
chr3	 19750000	 18600000	23
chr3	 20500000	 20800000	6
chr3	 20700000	 21700000	20
chr3	 21200000	 21450000	5
chr3	 21350000	 19700000	33
chr3	 21450000	 22600000	23
chr3	 22800000	 22050000	15
chr3	 22950000	 21150000	36
chr3	 23650000	 24650000	20
chr3	 23750000	 22350000	28
chr3	 24250000	 23600000	13
chr3	 24550000	 25800000	25
chr3	 24750000	 21500000	65
chr3	 25600000	 26600000	20
chr3	 25650000	 24600000	21
chr3	 26200000	 25300000	18
chr3	 28850000	 27550000	26
chr3	 29250000	 30350000	22
chr3	 30650000	 33900000	65
chr3	 31650000	 32300000	13
chr3	 34250000	 32650000	32
chr3	 35400000	 36100000	14
chr3	 35600000	 35100000	10
chr3	 37350000	 37350000	0
chr3	 40600000	 39750000	17
chr3	 40950000	 39700000	25
chr3	 41950000	 42750000	16
chr3	 43300000	 42100000	24
chr3	 43450000	 44700000	25
chr3	 44300000	 45250000	19
chr3	 44500000	 42700000	36
chr3	 49150000	 48450000	14
chr3	 49450000	 49250000	4
chr3	 49900000	 51000000	22
chr3	 50700000	 49200000	30
chr3	 52700000	 53750000	21
chr3	 53000000	 53750000	15
chr3	 56550000	 57800000	25
chr3	 57750000	 58200000	9
chr3	 58900000	 57800000	22
chr3	 62400000	 59900000	50
chr3	 62450000	 61750000	14
chr3	 62850000	 60650000	44
chr3	 64800000	 66150000	27
chr3	 65600000	 65750000	3
chr3	 68050000	 66850000	24
chr3	 69500000	 71800000	46
chr3	 70850000	 70200000	13
chr3	 70950000	 71550000	12
chr3	 73050000	 71900000	23
chr3	 73200000	 72550000	13
chr3	 76200000	 76800000	12
chr3	 77150000	 77900000	15
chr3	 77550000	 79750000	44
chr3	 77850000	 78350000	10
chr3	 82200000	 81850000	7
chr3	 82350000	 83150000	16
chr3	 82400000	 80400000	40
chr3	 82450000	 83400000	19
chr3	 83050000	 85900000	57
chr3	 83950000	 83050000	18
chr3	 84000000	 82600000	28
chr3	 84800000	 85650000	17
chr3	 86350000	 85650000	14
chr3	 88350000	 89200000	17
chr3	 88800000	 86750000	41
chr3	 88950000	 89850000	18
chr3	 89150000	 89850000	14
chr3	 92250000	 93250000	20
chr3	 92850000	 91700000	23
chr3	 94050000	 92900000	23
chr3	 95650000	 95050000	12
chr3	100500000	 99350000	23
chr3	102450000	103000000	11
chr3	104350000	103350000	20
chr3	105500000	107150000	33
chr3	107750000	108350000	12
chr3	108550000	109600000	21
chr3	110100000	109400000	14
chr3	110650000	111050000	8
chr3	112650000	110900000	35
chr3	113750000	113250000	10
chr3	114300000	115600000	26
chr3	116100000	115250000	17
chr3	120000000	120750000	15
chr3	120450000	122150000	34
chr3	121650000	120500000	23
chr3	122150000	122750000	12
chr3	123600000	123100000	10
chr3	124200000	125200000	20
chr3	124900000	124350000	11
chr3	126250000	127300000	21
chr3	126400000	125850000	11
chr3	127200000	128350000	23
chr3	131000000	129200000	36
chr3	131800000	130950000	17
chr3	133100000	134100000	20
chr3	134150000	132550000	32
chr3	136050000	135300000	15
chr3	137150000	139500000	47
chr3	137750000	139500000	35
chr3	138100000	137350000	15
chr3	139000000	138150000	17
chr3	140200000	139400000	16
chr3	140700000	141800000	22
chr3	142050000	140200000	37
chr3	142900000	142400000	10
chr3	144800000	146700000	38
chr3	144950000	146300000	27
chr3	145350000	146950000	32
chr3	147350000	147700000	7
chr3	149650000	150650000	20
chr3	150100000	146950000	63
chr3	150650000	149650000	20
chr3	151450000	150800000	13
chr3	151650000	151400000	5
chr3	155650000	155000000	13
chr3	157800000	157050000	15
chr3	158450000	159800000	27
chr4	  4450000	  3650000	16
chr4	  6200000	  6800000	12
chr4	  7200000	  6500000	14
chr4	 12150000	 13250000	22
chr4	 15200000	 15650000	9
chr4	 16150000	 15750000	8
chr4	 16350000	 14800000	31
chr4	 16400000	 15650000	15
chr4	 17150000	 16500000	13
chr4	 19750000	 19200000	11
chr4	 21950000	 23400000	29
chr4	 23550000	 23150000	8
chr4	 24800000	 26300000	30
chr4	 25050000	 23750000	26
chr4	 29850000	 27600000	45
chr4	 31300000	 30450000	17
chr4	 32050000	 30000000	41
chr4	 32250000	 32750000	10
chr4	 34200000	 32150000	41
chr4	 35700000	 36950000	25
chr4	 41300000	 40000000	26
chr4	 43150000	 41550000	32
chr4	 46050000	 47600000	31
chr4	 50750000	 47400000	67
chr4	 53700000	 53550000	3
chr4	 55250000	 55750000	10
chr4	 59600000	 59200000	8
chr4	 60750000	 60050000	14
chr4	 62850000	 64050000	24
chr4	 65500000	 62700000	56
chr4	 65600000	 65850000	5
chr4	 65850000	 67700000	37
chr4	 67100000	 66900000	4
chr4	 68350000	 69200000	17
chr4	 68550000	 70050000	30
chr4	 70300000	 71100000	16
chr4	 71200000	 70600000	12
chr4	 73850000	 73300000	11
chr4	 74250000	 72350000	38
chr4	 77600000	 78750000	23
chr4	 78850000	 79900000	21
chr4	 81200000	 81650000	9
chr4	 81300000	 83300000	40
chr4	 84000000	 84750000	15
chr4	 85350000	 84200000	23
chr4	 88700000	 89050000	7
chr4	 89350000	 85750000	72
chr4	 91300000	 92200000	18
chr4	 91600000	 91000000	12
chr4	 94450000	 95100000	13
chr4	 94900000	 95950000	21
chr4	 96100000	 95150000	19
chr4	 96700000	 95400000	26
chr4	 97700000	 98600000	18
chr4	 98250000	 97500000	15
chr4	 98350000	 99300000	19
chr4	 99750000	100800000	21
chr4	100750000	 99900000	17
chr4	101500000	100650000	17
chr4	103500000	103950000	9
chr4	105550000	103800000	35
chr4	105850000	106700000	17
chr4	106050000	106900000	17
chr4	108650000	106950000	34
chr4	109800000	110900000	22
chr4	117250000	118950000	34
chr4	118600000	117750000	17
chr4	120150000	120900000	15
chr4	120250000	119500000	15
chr4	121350000	121650000	6
chr4	123200000	124100000	18
chr4	124150000	124850000	14
chr4	125150000	125550000	8
chr4	125800000	124800000	20
chr4	126400000	124850000	31
chr4	127550000	126300000	25
chr4	128650000	127600000	21
chr4	129450000	131250000	36
chr4	130450000	129800000	13
chr4	132950000	134250000	26
chr4	134100000	133400000	14
chr4	134350000	135750000	28
chr4	135050000	136200000	23
chr4	136050000	134750000	26
chr4	137250000	139000000	35
chr4	137450000	136800000	13
chr4	138250000	137750000	10
chr4	139000000	139700000	14
chr4	140000000	139650000	7
chr4	143250000	144250000	20
chr4	144000000	141250000	55
chr4	144350000	144700000	7
chr4	146800000	146050000	15
chr4	146950000	144750000	44
chr4	147450000	148550000	22
chr4	148300000	148800000	10
chr4	150050000	150700000	13
chr4	151700000	152400000	14
chr4	154050000	152950000	22
chr5	   800000	  2150000	27
chr5	  1850000	  1550000	6
chr5	  3150000	  2600000	11
chr5	  3200000	  1850000	27
chr5	  9350000	 10500000	23
chr5	 10200000	  9200000	20
chr5	 10400000	 10850000	9
chr5	 12850000	 13400000	11
chr5	 13000000	 13600000	12
chr5	 13200000	 11050000	43
chr5	 15350000	 13100000	45
chr5	 17100000	 16300000	16
chr5	 17450000	 17000000	9
chr5	 18750000	 17450000	26
chr5	 22350000	 21500000	17
chr5	 23300000	 22900000	8
chr5	 23350000	 22550000	16
chr5	 24100000	 24500000	8
chr5	 24150000	 22750000	28
chr5	 24650000	 23050000	32
chr5	 26300000	 25650000	13
chr5	 26700000	 28200000	30
chr5	 30100000	 28450000	33
chr5	 30850000	 30000000	17
chr5	 31400000	 32450000	21
chr5	 32400000	 33750000	27
chr5	 32450000	 32700000	5
chr5	 32850000	 32200000	13
chr5	 34050000	 33500000	11
chr5	 35800000	 34600000	24
chr5	 36800000	 35550000	25
chr5	 38500000	 37950000	11
chr5	 39850000	 40850000	20
chr5	 40150000	 40900000	15
chr5	 41150000	 39950000	24
chr5	 41650000	 41050000	12
chr5	 41700000	 41500000	4
chr5	 47250000	 46400000	17
chr5	 49000000	 48550000	9
chr5	 49100000	 48150000	19
chr5	 49350000	 50650000	26
chr5	 49750000	 49100000	13
chr5	 50150000	 50550000	8
chr5	 50550000	 49500000	21
chr5	 52550000	 53600000	21
chr5	 54300000	 52400000	38
chr5	 54350000	 55650000	26
chr5	 55100000	 54650000	9
chr5	 55650000	 54450000	24
chr5	 56300000	 54350000	39
chr5	 56300000	 54800000	30
chr5	 56700000	 56200000	10
chr5	 56950000	 58000000	21
chr5	 57150000	 55500000	33
chr5	 58000000	 56700000	26
chr5	 58550000	 57550000	20
chr5	 59900000	 61050000	23
chr5	 60750000	 58350000	48
chr5	 61350000	 60850000	10
chr5	 62500000	 64850000	47
chr5	 62850000	 65450000	52
chr5	 63550000	 64200000	13
chr5	 64450000	 63350000	22
chr5	 64450000	 67450000	60
chr5	 66150000	 65650000	10
chr5	 66300000	 65450000	17
chr5	 67350000	 66450000	18
chr5	 68650000	 66850000	36
chr5	 69300000	 69300000	0
chr5	 69850000	 67850000	40
chr5	 70650000	 72000000	27
chr5	 70800000	 69150000	33
chr5	 70850000	 70250000	12
chr5	 71100000	 72550000	29
chr5	 71600000	 70200000	28
chr5	 73100000	 74450000	27
chr5	 73250000	 72000000	25
chr5	 74300000	 73200000	22
chr5	 75700000	 78050000	47
chr5	 76850000	 78300000	29
chr5	 78250000	 81000000	55
chr5	 78700000	 79650000	19
chr5	 79200000	 78350000	17
chr5	 81550000	 80350000	24
chr5	 81650000	 80650000	20
chr5	 81950000	 81550000	8
chr5	 82350000	 81400000	19
chr5	 82550000	 83800000	25
chr5	 83500000	 84200000	14
chr5	 84300000	 83150000	23
chr5	 87250000	 87900000	13
chr5	 87850000	 88600000	15
chr5	 89050000	 91100000	41
chr5	 89950000	 89400000	11
chr5	 90100000	 89650000	9
chr5	 92950000	 93700000	15
chr5	 95600000	 94550000	21
chr5	 95800000	 96900000	22
chr5	 97950000	 96800000	23
chr5	 98550000	 96400000	43
chr5	 99950000	 99200000	15
chr5	100000000	101200000	24
chr5	102750000	103850000	22
chr5	102800000	101550000	25
chr5	102900000	103400000	10
chr5	104150000	102700000	29
chr5	106400000	105550000	17
chr5	106500000	105600000	18
chr5	109850000	112200000	47
chr5	110600000	112300000	34
chr5	112650000	111600000	21
chr5	113350000	112150000	24
chr5	114250000	112950000	26
chr5	115000000	111200000	76
chr5	115800000	113300000	50
chr5	122400000	123650000	25
chr5	125000000	123350000	33
chr5	126900000	125800000	22
chr5	127400000	128150000	15
chr5	131250000	131800000	11
chr5	133500000	134000000	10
chr5	134350000	132700000	33
chr5	135000000	133500000	30
chr5	135150000	134450000	14
chr5	136350000	131400000	99
chr5	137400000	138450000	21
chr5	138550000	140100000	31
chr5	138700000	139600000	18
chr5	139250000	138300000	19
chr5	140300000	139800000	10
chr5	140750000	139050000	34
chr5	140800000	143300000	50
chr5	144500000	145450000	19
chr5	148250000	149650000	28
chr5	149700000	151100000	28
chr5	150000000	148700000	26
chr5	150750000	148750000	40
chr5	150750000	151300000	11
chr5	151150000	151550000	8
chr6	   150000	  1300000	23
chr6	  1450000	  2300000	17
chr6	  2100000	  1750000	7
chr6	  2100000	  2850000	15
chr6	  2450000	  1100000	27
chr6	  5700000	  8600000	58
chr6	  6600000	  5300000	26
chr6	  8200000	 10550000	47
chr6	  8650000	  7950000	14
chr6	  8700000	  9250000	11
chr6	 10250000	 12000000	35
chr6	 10700000	  9950000	15
chr6	 16550000	 13150000	68
chr6	 17650000	 18300000	13
chr6	 18950000	 21250000	46
chr6	 19000000	 18300000	14
chr6	 21000000	 20450000	11
chr6	 21250000	 19800000	29
chr6	 21450000	 20300000	23
chr6	 23100000	 22650000	9
chr6	 26550000	 27000000	9
chr6	 28350000	 29000000	13
chr6	 28900000	 30250000	27
chr6	 29500000	 27700000	36
chr6	 29550000	 28350000	24
chr6	 31600000	 32900000	26
chr6	 33300000	 33800000	10
chr6	 36450000	 37700000	25
chr6	 40400000	 40900000	10
chr6	 41050000	 41900000	17
chr6	 42100000	 41300000	16
chr6	 46300000	 47400000	22
chr6	 50600000	 51950000	27
chr6	 54050000	 53100000	19
chr6	 57150000	 58400000	25
chr6	 57200000	 58200000	20
chr6	 57900000	 59350000	29
chr6	 58000000	 58750000	15
chr6	 58100000	 57300000	16
chr6	 59100000	 57400000	34
chr6	 60250000	 60950000	14
chr6	 61400000	 62000000	12
chr6	 63400000	 62250000	23
chr6	 64850000	 63700000	23
chr6	 65900000	 65500000	8
chr6	 65900000	 66900000	20
chr6	 70450000	 72550000	42
chr6	 70650000	 69700000	19
chr6	 71550000	 72900000	27
chr6	 73750000	 72150000	32
chr6	 75850000	 74650000	24
chr6	 75950000	 74000000	39
chr6	 76200000	 75200000	20
chr6	 77250000	 78400000	23
chr6	 78100000	 76950000	23
chr6	 79500000	 75850000	73
chr6	 79750000	 77800000	39
chr6	 80600000	 81650000	21
chr6	 81900000	 80550000	27
chr6	 82100000	 81550000	11
chr6	 83150000	 84500000	27
chr6	 84600000	 85450000	17
chr6	 85550000	 84700000	17
chr6	 85750000	 83300000	49
chr6	 86750000	 85200000	31
chr6	 87850000	 87350000	10
chr6	 91000000	 91650000	13
chr6	 91750000	 92900000	23
chr6	 92350000	 92350000	0
chr6	 92500000	 91850000	13
chr6	 92700000	 93700000	20
chr6	 93600000	 92700000	18
chr6	 95600000	 93500000	42
chr6	 95700000	 94550000	23
chr6	 96150000	 94050000	42
chr6	 97350000	 98050000	14
chr6	102500000	103650000	23
chr6	103350000	102700000	13
chr6	103700000	103150000	11
chr6	103750000	105250000	30
chr6	104700000	104950000	5
chr6	105950000	105150000	16
chr6	106600000	105200000	28
chr6	108350000	106600000	35
chr6	110100000	109200000	18
chr6	111750000	112750000	20
chr6	112450000	113300000	17
chr6	113500000	112650000	17
chr6	113550000	111250000	46
chr6	113550000	113950000	8
chr6	113700000	114850000	23
chr6	114800000	114600000	4
chr6	119150000	119750000	12
chr6	120150000	120700000	11
chr6	122450000	123650000	24
chr6	125050000	124350000	14
chr6	128050000	127050000	20
chr6	129350000	128000000	27
chr6	129450000	130200000	15
chr6	130950000	130600000	7
chr6	132100000	131050000	21
chr6	134150000	135850000	34
chr6	135150000	134000000	23
chr6	135500000	134000000	30
chr6	135950000	137950000	40
chr6	140350000	138900000	29
chr6	141300000	140500000	16
chr6	142650000	143950000	26
chr6	147100000	148750000	33
chr7	   500000	  4250000	75
chr7	   550000	  2300000	35
chr7	   550000	  2700000	43
chr7	  1600000	   500000	22
chr7	  3150000	  3900000	15
chr7	  4000000	  4000000	0
chr7	  4700000	  3650000	21
chr7	  4850000	  4150000	14
chr7	  5300000	  6450000	23
chr7	  8900000	  7850000	21
chr7	  9850000	  9150000	14
chr7	 11700000	 10550000	23
chr7	 11900000	 13650000	35
chr7	 12150000	 11150000	20
chr7	 12550000	 11150000	28
chr7	 13500000	 14200000	14
chr7	 14100000	 14550000	9
chr7	 14300000	 13250000	21
chr7	 15000000	 13100000	38
chr7	 15600000	 16550000	19
chr7	 15750000	 15000000	15
chr7	 15950000	 17000000	21
chr7	 17300000	 16600000	14
chr7	 18150000	 16550000	32
chr7	 19200000	 20050000	17
chr7	 19800000	 17950000	37
chr7	 20550000	 20400000	3
chr7	 20550000	 21550000	20
chr7	 22950000	 22000000	19
chr7	 24750000	 26050000	26
chr7	 26050000	 25400000	13
chr7	 27100000	 28000000	18
chr7	 27450000	 26550000	18
chr7	 27850000	 28100000	5
chr7	 30900000	 29800000	22
chr7	 31150000	 31950000	16
chr7	 31500000	 30600000	18
chr7	 32400000	 33000000	12
chr7	 32450000	 33050000	12
chr7	 33200000	 33200000	0
chr7	 33800000	 33150000	13
chr7	 35050000	 36050000	20
chr7	 36100000	 34400000	34
chr7	 37850000	 36600000	25
chr7	 38000000	 38300000	6
chr7	 42600000	 43300000	14
chr7	 43700000	 44500000	16
chr7	 45100000	 42800000	46
chr7	 46050000	 45800000	5
chr7	 46800000	 47400000	12
chr7	 47300000	 45450000	37
chr7	 47750000	 47150000	12
chr7	 48850000	 50150000	26
chr7	 52400000	 54100000	34
chr7	 54400000	 54600000	4
chr7	 57750000	 58200000	9
chr7	 59250000	 60350000	22
chr7	 59900000	 58950000	19
chr7	 60700000	 61100000	8
chr7	 61650000	 62450000	16
chr7	 62850000	 63700000	17
chr7	 64300000	 65300000	20
chr7	 65300000	 64900000	8
chr7	 66800000	 67300000	10
chr7	 70150000	 68700000	29
chr7	 70150000	 71200000	21
chr7	 73250000	 72950000	6
chr7	 73350000	 73950000	12
chr7	 75000000	 73600000	28
chr7	 75700000	 76850000	23
chr7	 75750000	 74200000	31
chr7	 78700000	 77750000	19
chr7	 79750000	 79400000	7
chr7	 83850000	 83450000	8
chr7	 84100000	 85800000	34
chr7	 85000000	 84650000	7
chr7	 86500000	 89300000	56
chr7	 87650000	 88750000	22
chr7	 87700000	 87150000	11
chr7	 87750000	 87450000	6
chr7	 87800000	 86850000	19
chr7	 88700000	 89200000	10
chr7	 89650000	 89100000	11
chr7	 90750000	 91500000	15
chr7	 90800000	 91450000	13
chr7	 91050000	 88400000	53
chr7	 91450000	 91050000	8
chr7	 93650000	 92800000	17
chr7	 94000000	 92750000	25
chr7	 94450000	 93450000	20
chr7	 94600000	 97150000	51
chr7	 96000000	 95450000	11
chr7	 96350000	 97300000	19
chr7	100150000	 99350000	16
chr7	100500000	101400000	18
chr7	101000000	101950000	19
chr7	102150000	103150000	20
chr7	103150000	101650000	30
chr7	103950000	107400000	69
chr7	104950000	105500000	11
chr7	105950000	104850000	22
chr7	106550000	105250000	26
chr7	110700000	111750000	21
chr7	111800000	110850000	19
chr7	114150000	113700000	9
chr7	115650000	116750000	22
chr7	115650000	118300000	53
chr7	116150000	116450000	6
chr7	117050000	118050000	20
chr7	117100000	117750000	13
chr7	121000000	122600000	32
chr7	121150000	120100000	21
chr7	124400000	126250000	37
chr7	124650000	126750000	42
chr7	125000000	125800000	16
chr7	125400000	124750000	13
chr7	125450000	126300000	17
chr7	128600000	129800000	24
chr7	129400000	131100000	34
chr7	131800000	132900000	22
chr7	134550000	132600000	39
chr7	135750000	134950000	16
chr7	135900000	135100000	16
chr7	137650000	138200000	11
chr7	137750000	138800000	21
chr7	137900000	138950000	21
chr7	138250000	139150000	18
chr7	139750000	141050000	26
chr7	140150000	140650000	10
chr7	141000000	141650000	13
chr8	  1150000	   350000	16
chr8	  1250000	  1900000	13
chr8	  1350000	  2150000	16
chr8	  2250000	  2850000	12
chr8	  3300000	  4450000	23
chr8	  4450000	  2650000	36
chr8	  4650000	  5100000	9
chr8	  5750000	  6050000	6
chr8	  6950000	  7850000	18
chr8	  7000000	  5650000	27
chr8	  8700000	 10850000	43
chr8	 10100000	  9800000	6
chr8	 10700000	 11550000	17
chr8	 11250000	 10150000	22
chr8	 11700000	 12800000	22
chr8	 12200000	 10650000	31
chr8	 12950000	 10800000	43
chr8	 13400000	 15250000	37
chr8	 15400000	 15850000	9
chr8	 16100000	 15700000	8
chr8	 18250000	 17900000	7
chr8	 20950000	 20950000	0
chr8	 21500000	 19950000	31
chr8	 21700000	 20450000	25
chr8	 22350000	 23900000	31
chr8	 22800000	 21650000	23
chr8	 22850000	 23800000	19
chr8	 23150000	 24250000	22
chr8	 23900000	 21900000	40
chr8	 28950000	 27850000	22
chr8	 30650000	 28700000	39
chr8	 30950000	 31950000	20
chr8	 32700000	 30750000	39
chr8	 33350000	 34400000	21
chr8	 35000000	 33750000	25
chr8	 35100000	 35700000	12
chr8	 35200000	 34600000	12
chr8	 35250000	 35600000	7
chr8	 35900000	 35550000	7
chr8	 39100000	 37950000	23
chr8	 39500000	 38750000	15
chr8	 42800000	 43800000	20
chr8	 46850000	 45400000	29
chr8	 47850000	 49650000	36
chr8	 49550000	 51000000	29
chr8	 49600000	 48100000	30
chr8	 50400000	 49400000	20
chr8	 51750000	 50050000	34
chr8	 51900000	 52750000	17
chr8	 52000000	 52650000	13
chr8	 55200000	 56000000	16
chr8	 57800000	 57050000	15
chr8	 61550000	 61850000	6
chr8	 64750000	 66250000	30
chr8	 65750000	 67700000	39
chr8	 66850000	 64300000	51
chr8	 67700000	 69800000	42
chr8	 69500000	 68700000	16
chr8	 71550000	 72700000	23
chr8	 74200000	 75450000	25
chr8	 74600000	 75850000	25
chr8	 75900000	 77400000	30
chr8	 77200000	 76300000	18
chr8	 78650000	 79850000	24
chr8	 80950000	 80500000	9
chr8	 86950000	 87950000	20
chr8	 88850000	 90800000	39
chr8	 89250000	 89900000	13
chr8	 89300000	 88600000	14
chr8	 89700000	 88300000	28
chr8	 89900000	 91600000	34
chr8	 91600000	 90500000	22
chr8	 94350000	 93800000	11
chr8	 95200000	 94250000	19
chr8	 95850000	 97150000	26
chr8	 96100000	 94850000	25
chr8	102150000	100900000	25
chr8	104400000	104850000	9
chr8	105300000	106100000	16
chr8	107500000	106950000	11
chr8	109800000	110500000	14
chr8	111200000	108950000	45
chr8	111800000	110500000	26
chr8	112400000	111650000	15
chr8	112550000	111650000	18
chr8	114200000	114950000	15
chr8	115400000	114600000	16
chr8	121250000	119800000	29
chr8	122050000	122900000	17
chr8	122300000	123400000	22
chr8	122750000	124650000	38
chr8	123050000	123650000	12
chr8	123350000	121800000	31
chr8	123650000	124550000	18
chr8	123850000	124750000	18
chr8	127450000	129000000	31
chr8	127800000	127250000	11
chr9	   400000	  1550000	23
chr9	  1350000	        0	27
chr9	  5500000	  6200000	14
chr9	  5750000	  7150000	28
chr9	  6000000	  4950000	21
chr9	  8350000	 11400000	61
chr9	  8750000	 10400000	33
chr9	  9700000	  7900000	36
chr9	  9750000	  8450000	26
chr9	 10750000	 10450000	6
chr9	 11850000	 12800000	19
chr9	 13400000	 12100000	26
chr9	 13400000	 14700000	26
chr9	 14150000	 14600000	9
chr9	 15600000	 16350000	15
chr9	 16300000	 17750000	29
chr9	 16550000	 13050000	70
chr9	 16600000	 16100000	10
chr9	 18050000	 17000000	21
chr9	 21000000	 24050000	61
chr9	 22300000	 20550000	35
chr9	 22500000	 21100000	28
chr9	 22500000	 21850000	13
chr9	 23950000	 24750000	16
chr9	 25100000	 23900000	24
chr9	 25600000	 27250000	33
chr9	 27700000	 25450000	45
chr9	 29000000	 28200000	16
chr9	 29950000	 28600000	27
chr9	 31550000	 33500000	39
chr9	 35750000	 37350000	32
chr9	 37600000	 35000000	52
chr9	 40250000	 39550000	14
chr9	 40950000	 42250000	26
chr9	 41000000	 42350000	27
chr9	 45250000	 48450000	64
chr9	 45650000	 44350000	26
chr9	 46900000	 45750000	23
chr9	 46950000	 47850000	18
chr9	 48500000	 52050000	71
chr9	 53500000	 53200000	6
chr9	 54200000	 51850000	47
chr9	 55950000	 56550000	12
chr9	 56050000	 56800000	15
chr9	 56650000	 54200000	49
chr9	 56800000	 57550000	15
chr9	 57050000	 55500000	31
chr9	 58600000	 59400000	16
chr9	 58750000	 56900000	37
chr9	 59150000	 60600000	29
chr9	 61050000	 59300000	35
chr9	 65550000	 64750000	16
chr9	 67650000	 68700000	21
chr9	 70550000	 69900000	13
chr9	 72700000	 71100000	32
chr9	 73100000	 73550000	9
chr9	 73700000	 71150000	51
chr9	 73900000	 75600000	34
chr9	 76400000	 78000000	32
chr9	 77800000	 79300000	30
chr9	 78250000	 78850000	12
chr9	 80800000	 81850000	21
chr9	 81350000	 83000000	33
chr9	 81500000	 81900000	8
chr9	 82600000	 82200000	8
chr9	 82900000	 81000000	38
chr9	 83000000	 82300000	14
chr9	 83300000	 82500000	16
chr9	 86000000	 87300000	26
chr9	 86950000	 85550000	28
chr9	 87900000	 87050000	17
chr9	 89500000	 88400000	22
chr9	 90250000	 91250000	20
chr9	 91450000	 90300000	23
chr9	 92500000	 92100000	8
chr9	 94200000	 93700000	10
chr9	 95300000	 96500000	24
chr9	 97200000	 95700000	30
chr9	 98450000	 97400000	21
chr9	103100000	102550000	11
chr9	103250000	103750000	10
chr9	105350000	104700000	13
chr9	105650000	104650000	20
chr9	109950000	114500000	91
chr9	110900000	112200000	26
chr9	114950000	115950000	20
chr9	116500000	115650000	17
chr9	120800000	119750000	21
chr9	120900000	118700000	44
chr9	121250000	122150000	18
chr9	121750000	120750000	20
chr9	122000000	119500000	50
chr9	124100000	123300000	16
chrX	  1150000	  2500000	27
chrX	  1850000	   750000	22
chrX	  5850000	  8150000	46
chrX	  6950000	  7750000	16
chrX	  7850000	  8950000	22
chrX	 12050000	 11250000	16
chrX	 12450000	 12150000	6
chrX	 12500000	 11250000	25
chrX	 13200000	 14500000	26
chrX	 15300000	 14750000	11
chrX	 16000000	 14500000	30
chrX	 18200000	 17300000	18
chrX	 19000000	 17600000	28
chrX	 20900000	 20000000	18
chrX	 21350000	 19350000	40
chrX	 23400000	 22700000	14
chrX	 25650000	 24450000	24
chrX	 27500000	 29050000	31
chrX	 29650000	 28750000	18
chrX	 31500000	 25500000	120
chrX	 32050000	 31200000	17
chrX	 32250000	 30450000	36
chrX	 32450000	 33250000	16
chrX	 33900000	 32800000	22
chrX	 34500000	 35000000	10
chrX	 37250000	 35400000	37
chrX	 40050000	 41700000	33
chrX	 40150000	 41400000	25
chrX	 40700000	 41400000	14
chrX	 41050000	 40700000	7
chrX	 43750000	 42050000	34
chrX	 45550000	 44750000	16
chrX	 45750000	 44450000	26
chrX	 48350000	 47700000	13
chrX	 49400000	 50400000	20
chrX	 49450000	 50150000	14
chrX	 51500000	 50750000	15
chrX	 54600000	 53300000	26
chrX	 56350000	 55550000	16
chrX	 56450000	 55050000	28
chrX	 57350000	 56650000	14
chrX	 57400000	 56800000	12
chrX	 58050000	 56000000	41
chrX	 58150000	 58750000	12
chrX	 58950000	 56350000	52
chrX	 62500000	 64950000	49
chrX	 65050000	 65050000	0
chrX	 65750000	 64400000	27
chrX	 68200000	 69300000	22
chrX	 68350000	 69250000	18
chrX	 70500000	 71550000	21
chrX	 72500000	 73300000	16
chrX	 73900000	 73150000	15
chrX	 76500000	 74750000	35
chrX	 82500000	 80800000	34
chrX	 83000000	 82100000	18
chrX	 83400000	 82000000	28
chrX	 85900000	 84550000	27
chrX	 88200000	 88900000	14
chrX	 90400000	 88700000	34
chrX	 90600000	 90050000	11
chrX	 91900000	 90900000	20
chrX	 93300000	 92900000	8
chrX	 93550000	 92700000	17
chrX	 96700000	 96150000	11
chrX	 96700000	 97750000	21
chrX	 96800000	 93800000	60
chrX	 96950000	 96350000	12
chrX	 97150000	 96450000	14
chrX	 98300000	 95300000	60
chrX	 98350000	 98850000	10
chrX	 99800000	 95950000	77
chrX	100850000	101600000	15
chrX	100900000	102350000	29
chrX	101050000	 99150000	38
chrX	104450000	105350000	18
chrX	105250000	102500000	55
chrX	110050000	110600000	11
chrX	110350000	111800000	29
chrX	110450000	109250000	24
chrX	111300000	110800000	10
chrX	112300000	111600000	14
chrX	114200000	115650000	29
chrX	115200000	114000000	24
chrX	116350000	116900000	11
chrX	116400000	117200000	16
chrX	116950000	117900000	19
chrX	118100000	118650000	11
chrX	126350000	124350000	40
chrX	129650000	130800000	23
chrX	130450000	130050000	8
chrX	132150000	133150000	20
chrX	132400000	133250000	17
chrX	132500000	131300000	24
chrX	133600000	132900000	14
chrX	135850000	137500000	33
chrX	136600000	138800000	44
chrX	139300000	140950000	33
chrX	139900000	139200000	14
chrX	141350000	141000000	7
chrX	141600000	139850000	35
chrX	142150000	143000000	17
chrX	147850000	147250000	12
chrX	148100000	147750000	7
chrX	148400000	150350000	39
chrX	149950000	150700000	15
chrX	150200000	151150000	19
chrX	150400000	151300000	18
chrX	150650000	151700000	21
chrX	151500000	155400000	78
chrX	152550000	152050000	10
chrX	153250000	155250000	40
chrX	154500000	154900000	8
chrX	155350000	153950000	28
chrX	155650000	157100000	29
chrX	162700000	163750000	21
chrX	164150000	163100000	21
chrX	164200000	165400000	24
chrX	164200000	165600000	28
chrX	165850000	164700000	23
chrX	166050000	166950000	18
chrX	166100000	167200000	22
chrX	167400000	169600000	44
chrX	168650000	169550000	18
chrX	169700000	170650000	19
chrY	  4800000	  4250000	11
chrY	  5300000	  6800000	30
chrY	 12300000	 12650000	7
chrY	 13500000	 13800000	6
chrY	 14150000	 12450000	34
chrY	 16200000	 15950000	5
chrY	 16550000	 14350000	44
chrY	 18250000	 19000000	15
chrY	 19050000	 17550000	30
chrY	 19100000	 20200000	22
chrY	 19650000	 21450000	36
chrY	 21650000	 18050000	72
chrY	 24350000	 25150000	16
chrY	 25650000	 23200000	49
chrY	 26100000	 26950000	17
chrY	 26150000	 25250000	18
chrY	 29400000	 28200000	24
chrY	 29800000	 30550000	15
chrY	 31200000	 31950000	15
chrY	 31800000	 30950000	17
chrY	 32050000	 33850000	36
chrY	 33700000	 32150000	31
chrY	 33700000	 34100000	8
chrY	 33750000	 32750000	20
chrY	 34150000	 35000000	17
chrY	 35400000	 34750000	13
chrY	 36350000	 38450000	42
chrY	 38500000	 43000000	90
chrY	 39850000	 41650000	36
chrY	 40100000	 37300000	56
chrY	 41250000	 42750000	30
chrY	 41750000	 42750000	20
chrY	 42450000	 43150000	14
chrY	 44500000	 45500000	20
chrY	 46550000	 47800000	25
chrY	 48250000	 49050000	16
chrY	 50000000	 49600000	8
chrY	 50250000	 47900000	47
chrY	 50900000	 51600000	14
chrY	 51850000	 51250000	12
chrY	 54100000	 55100000	20
chrY	 57050000	 56500000	11
chrY	 57300000	 57850000	11
chrY	 57350000	 56500000	17
chrY	 57500000	 60600000	62
chrY	 57850000	 58600000	15
chrY	 59850000	 61000000	23
chrY	 60200000	 61800000	32
chrY	 60550000	 59550000	20
chrY	 61400000	 60700000	14
chrY	 61400000	 61700000	6
chrY	 61450000	 58100000	67
chrY	 63900000	 62400000	30
chrY	 64200000	 63000000	24
chrY	 64250000	 64000000	5
chrY	 64450000	 65100000	13
chrY	 67550000	 68550000	20
chrY	 68650000	 67700000	19
chrY	 69400000	 69200000	4
chrY	 71000000	 68900000	42
chrY	 73800000	 73350000	9
chrY	 75000000	 75500000	10
chrY	 75600000	 75000000	12
chrY	 76400000	 76650000	5
chrY	 76700000	 75600000	22
chrY	 77500000	 77150000	7
chrY	 78000000	 78200000	4
chrY	 79200000	 78350000	17
chrY	 81550000	 80800000	15
chrY	 84550000	 83950000	12
chrY	 84950000	 83900000	21
chrY	 86500000	 85950000	11
chrY	 87100000	 86100000	20
chrY	 88600000	 88900000	6
chrY	 89550000	 88900000	13
