chr1	        0	  1600000	32
chr1	   800000	  2950000	43
chr1	  1250000	  2150000	18
chr1	  4600000	  3200000	28
chr1	  5400000	  4200000	24
chr1	 10950000	 10200000	15
chr1	 11650000	 12100000	9
chr1	 12250000	 12900000	13
chr1	 12350000	 12950000	12
chr1	 15400000	 13000000	48
chr1	 17550000	 20650000	62
chr1	 17950000	 18300000	7
chr1	 18200000	 16700000	30
chr1	 19300000	 21000000	34
chr1	 19450000	 18600000	17
chr1	 19800000	 20650000	17
chr1	 20500000	 21350000	17
chr1	 22150000	 20700000	29
chr1	 22600000	 23600000	20
chr1	 23000000	 22050000	19
chr1	 25900000	 24100000	36
chr1	 26050000	 28950000	58
chr1	 26600000	 27050000	9
chr1	 26650000	 26250000	8
chr1	 28350000	 29350000	20
chr1	 30050000	 28850000	24
chr1	 30750000	 28950000	36
chr1	 33050000	 34150000	22
chr1	 33100000	 31050000	41
chr1	 33650000	 32250000	28
chr1	 35150000	 35800000	13
chr1	 38150000	 40500000	47
chr1	 39200000	 40900000	34
chr1	 40700000	 38700000	40
chr1	 41150000	 41700000	11
chr1	 42200000	 43050000	17
chr1	 43000000	 46000000	60
chr1	 43600000	 45050000	29
chr1	 44250000	 42850000	28
chr1	 44450000	 43350000	22
chr1	 44750000	 45650000	18
chr1	 45250000	 44250000	20
chr1	 46550000	 47200000	13
chr1	 47900000	 49100000	24
chr1	 50150000	 47750000	48
chr1	 50400000	 51700000	26
chr1	 51800000	 54800000	60
chr1	 51850000	 52750000	18
chr1	 52000000	 51300000	14
chr1	 52700000	 56300000	72
chr1	 52850000	 54900000	41
chr1	 53950000	 55750000	36
chr1	 58050000	 56700000	27
chr1	 58650000	 59150000	10
chr1	 58850000	 59600000	15
chr1	 59000000	 59550000	11
chr1	 61050000	 62200000	23
chr1	 61750000	 63100000	27
chr1	 62150000	 61000000	23
chr1	 64650000	 65300000	13
chr1	 64750000	 66300000	31
chr1	 65000000	 63400000	32
chr1	 69050000	 68550000	10
chr1	 69500000	 67200000	46
chr1	 69950000	 70750000	16
chr1	 70550000	 71750000	24
chr1	 71800000	 70700000	22
chr1	 74600000	 72700000	38
chr1	 74900000	 73900000	20
chr1	 76050000	 75350000	14
chr1	 76350000	 77700000	27
chr1	 77300000	 74350000	59
chr1	 78500000	 81000000	50
chr1	 85000000	 83350000	33
chr1	 87950000	 88450000	10
chr1	 88200000	 87200000	20
chr1	 89200000	 89550000	7
chr1	 89950000	 88950000	20
chr1	 92850000	 94500000	33
chr1	 92900000	 93450000	11
chr1	 98400000	 99700000	26
chr1	 99950000	 99050000	18
chr1	102000000	102300000	6
chr1	107200000	108950000	35
chr1	111250000	111600000	7
chr1	113950000	111750000	44
chr1	114200000	111200000	60
chr1	117900000	116650000	25
chr1	118200000	119200000	20
chr1	124850000	123000000	37
chr1	125400000	126000000	12
chr1	125600000	126400000	16
chr1	126900000	125650000	25
chr1	128250000	127300000	19
chr1	128750000	129950000	24
chr1	133250000	132800000	9
chr1	137250000	134100000	63
chr1	138350000	136800000	31
chr1	138550000	140050000	30
chr1	139550000	139200000	7
chr1	140600000	141850000	25
chr1	142750000	141500000	25
chr1	143400000	144150000	15
chr1	144050000	145050000	20
chr1	145450000	146900000	29
chr1	146850000	146050000	16
chr1	150100000	149450000	13
chr1	153400000	152950000	9
chr1	153700000	154750000	21
chr1	154700000	156400000	34
chr1	157500000	156600000	18
chr1	157500000	156950000	11
chr1	159050000	158350000	14
chr1	160550000	160400000	3
chr1	161750000	162700000	19
chr1	162950000	163800000	17
chr1	163550000	164600000	21
chr1	164400000	164400000	0
chr1	170950000	173200000	45
chr1	171350000	170300000	21
chr1	171550000	170700000	17
chr1	171750000	172550000	16
chr1	171800000	168950000	57
chr1	172400000	173050000	13
chr1	172500000	170550000	39
chr1	176050000	177350000	26
chr1	176150000	173050000	62
chr1	177450000	176800000	13
chr1	181550000	180150000	28
chr1	181850000	181000000	17
chr1	182450000	181450000	20
chr1	182550000	181350000	24
chr1	184550000	187850000	66
chr1	185600000	186850000	25
chr1	185900000	184550000	27
chr1	191050000	192000000	19
chr1	193000000	193550000	11
chr1	193850000	194600000	15
chr1	193900000	194750000	17
chr1	195400000	194800000	12
chr10	   450000	   800000	7
chr10	  1400000	  1050000	7
chr10	  2700000	  1750000	19
chr10	  3450000	  5300000	37
chr10	  4700000	  6000000	26
chr10	  5250000	  5550000	6
chr10	  5650000	  6250000	12
chr10	  5850000	  4300000	31
chr10	  7300000	  8000000	14
chr10	  7900000	  6800000	22
chr10	  8050000	  6950000	22
chr10	  8300000	  8500000	4
chr10	  9700000	  8500000	24
chr10	 10500000	 12150000	33
chr10	 11050000	 11850000	16
chr10	 11350000	 12000000	13
chr10	 12350000	 13100000	15
chr10	 15900000	 17150000	25
chr10	 17400000	 18250000	17
chr10	 17950000	 17450000	10
chr10	 18850000	 17400000	29
chr10	 19000000	 19800000	16
chr10	 22200000	 21300000	18
chr10	 22650000	 22250000	8
chr10	 23200000	 22250000	19
chr10	 24550000	 26250000	34
chr10	 25300000	 26750000	29
chr10	 28650000	 27200000	29
chr10	 28700000	 30450000	35
chr10	 30100000	 31600000	30
chr10	 30300000	 31300000	20
chr10	 30350000	 31200000	17
chr10	 30700000	 29550000	23
chr10	 32700000	 37550000	97
chr10	 33300000	 34350000	21
chr10	 35550000	 34550000	20
chr10	 36400000	 37500000	22
chr10	 37300000	 35350000	39
chr10	 38500000	 39450000	19
chr10	 39400000	 39150000	5
chr10	 40000000	 39000000	20
chr10	 40200000	 40950000	15
chr10	 40350000	 38250000	42
chr10	 40850000	 39400000	29
chr10	 42650000	 43500000	17
chr10	 42750000	 44650000	38
chr10	 43550000	 42150000	28
chr10	 43700000	 44150000	9
chr10	 44400000	 42600000	36
chr10	 44550000	 42700000	37
chr10	 46550000	 47650000	22
chr10	 46850000	 46150000	14
chr10	 48200000	 47600000	12
chr10	 52500000	 51250000	25
chr10	 52850000	 52150000	14
chr10	 54000000	 53000000	20
chr10	 55750000	 54300000	29
chr10	 56550000	 56100000	9
chr10	 56750000	 55600000	23
chr10	 56900000	 56550000	7
chr10	 57150000	 56400000	15
chr10	 57300000	 55150000	43
chr10	 57600000	 57600000	0
chr10	 58450000	 57050000	28
chr10	 59800000	 58350000	29
chr10	 62050000	 60950000	22
chr10	 64150000	 63350000	16
chr10	 65100000	 62450000	53
chr10	 65200000	 63650000	31
chr10	 65550000	 66550000	20
chr10	 65750000	 66500000	15
chr10	 66650000	 67250000	12
chr10	 66750000	 67150000	8
chr10	 67550000	 67950000	8
chr10	 70550000	 73100000	51
chr10	 71050000	 71600000	11
chr10	 71600000	 72600000	20
chr10	 72550000	 71850000	14
chr10	 75000000	 75400000	8
chr10	 75600000	 74850000	15
chr10	 75800000	 74500000	26
chr10	 76250000	 74950000	26
chr10	 77050000	 76600000	9
chr10	 77450000	 78650000	24
chr10	 77750000	 76150000	32
chr10	 79200000	 80400000	24
chr10	 81800000	 81150000	13
chr10	 82850000	 81200000	33
chr10	 89800000	 90500000	14
chr10	 91000000	 91700000	14
chr10	 91500000	 92600000	22
chr10	 91700000	 92500000	16
chr10	 93250000	 92650000	12
chr10	 94250000	 94750000	10
chr10	 94700000	 93450000	25
chr10	 96250000	 97950000	34
chr10	 96850000	 96050000	16
chr10	 98800000	 97800000	20
chr10	100100000	 99650000	9
chr10	103000000	103700000	14
chr10	104250000	103350000	18
chr10	109100000	108700000	8
chr10	109850000	109150000	14
chr10	110700000	109950000	15
chr10	111100000	110500000	12
chr10	114000000	115250000	25
chr10	114350000	114850000	10
chr10	114650000	114250000	8
chr10	114750000	113900000	17
chr10	115900000	116700000	16
chr10	116300000	117500000	24
chr10	118000000	117500000	10
chr10	118950000	118350000	12
chr10	118950000	119950000	20
chr10	120500000	120950000	9
chr10	120950000	122650000	34
chr10	123550000	123850000	6
chr10	126050000	127100000	21
chr10	127000000	128000000	20
chr10	127200000	128950000	35
chr10	127950000	126250000	34
chr11	  1050000	  2800000	35
chr11	  1100000	  1700000	12
chr11	  2450000	  3600000	23
chr11	  3250000	  2650000	12
chr11	  4550000	  5550000	20
chr11	  4950000	  5450000	10
chr11	  5500000	  6950000	29
chr11	  5950000	  7600000	33
chr11	  8050000	  6350000	34
chr11	  8500000	  7750000	15
chr11	 10350000	  9950000	8
chr11	 10400000	  9350000	21
chr11	 10450000	  8300000	43
chr11	 10500000	  8900000	32
chr11	 11550000	 12300000	15
chr11	 12700000	 11600000	22
chr11	 14250000	 13000000	25
chr11	 15150000	 16000000	17
chr11	 18000000	 17000000	20
chr11	 19800000	 20950000	23
chr11	 20450000	 21450000	20
chr11	 21700000	 22850000	23
chr11	 22800000	 23800000	20
chr11	 23550000	 24500000	19
chr11	 23800000	 21550000	45
chr11	 23800000	 22950000	17
chr11	 25750000	 24500000	25
chr11	 26450000	 25700000	15
chr11	 27300000	 26950000	7
chr11	 32100000	 30800000	26
chr11	 32250000	 33050000	16
chr11	 32350000	 32900000	11
chr11	 34700000	 33550000	23
chr11	 34750000	 34400000	7
chr11	 36050000	 35850000	4
chr11	 38300000	 36750000	31
chr11	 39900000	 40550000	13
chr11	 42550000	 42000000	11
chr11	 42550000	 43400000	17
chr11	 43450000	 44350000	18
chr11	 44900000	 44450000	9
chr11	 45600000	 44650000	19
chr11	 47550000	 46600000	19
chr11	 48550000	 51250000	54
chr11	 50900000	 51300000	8
chr11	 55500000	 54750000	15
chr11	 55700000	 56500000	16
chr11	 56000000	 54350000	33
chr11	 57200000	 56100000	22
chr11	 57800000	 57300000	10
chr11	 57850000	 56650000	24
chr11	 59750000	 58700000	21
chr11	 59750000	 60750000	20
chr11	 62100000	 62900000	16
chr11	 64150000	 65700000	31
chr11	 64750000	 59800000	99
chr11	 66650000	 67500000	17
chr11	 67350000	 65800000	31
chr11	 67500000	 68500000	20
chr11	 68300000	 67300000	20
chr11	 68450000	 68700000	5
chr11	 69950000	 71950000	40
chr11	 71000000	 70000000	20
chr11	 72200000	 71450000	15
chr11	 73450000	 76700000	65
chr11	 76850000	 78550000	34
chr11	 77950000	 76700000	25
chr11	 79900000	 79900000	0
chr11	 81500000	 80700000	16
chr11	 86250000	 85650000	12
chr11	 87350000	 86950000	8
chr11	 88950000	 88350000	12
chr11	 89400000	 90050000	13
chr11	 89550000	 87850000	34
chr11	 91250000	 89400000	37
chr11	 91250000	 91900000	13
chr11	 93950000	 95700000	35
chr11	 94400000	 93200000	24
chr11	 94750000	 94100000	13
chr11	 96600000	 97050000	9
chr11	 96850000	 97750000	18
chr11	 97350000	 99250000	38
chr11	 98000000	 96700000	26
chr11	 98700000	 99600000	18
chr11	 98800000	 98100000	14
chr11	100350000	101100000	15
chr11	100750000	101850000	22
chr11	100800000	 98700000	42
chr11	101750000	102300000	11
chr11	105100000	104700000	8
chr11	105600000	105050000	11
chr11	107600000	106500000	22
chr11	109200000	110850000	33
chr11	109950000	111550000	32
chr11	110150000	108350000	36
chr11	111500000	110350000	23
chr11	111600000	110550000	21
chr11	112000000	111400000	12
chr11	113600000	112100000	30
chr11	116450000	118150000	34
chr11	117900000	118600000	14
chr12	  4100000	  5200000	22
chr12	  5850000	  4900000	19
chr12	  6750000	  7650000	18
chr12	  7400000	  7950000	11
chr12	 12450000	 12150000	6
chr12	 13050000	 11200000	37
chr12	 14700000	 16400000	34
chr12	 14800000	 14250000	11
chr12	 16550000	 15450000	22
chr12	 17450000	 14750000	54
chr12	 17700000	 17200000	10
chr12	 21450000	 22050000	12
chr12	 22050000	 22800000	15
chr12	 22050000	 23900000	37
chr12	 23000000	 23700000	14
chr12	 24250000	 23400000	17
chr12	 25550000	 25250000	6
chr12	 25950000	 25200000	15
chr12	 26700000	 25550000	23
chr12	 26950000	 26050000	18
chr12	 27800000	 28250000	9
chr12	 30600000	 28500000	42
chr12	 30900000	 29150000	35
chr12	 32200000	 33250000	21
chr12	 38450000	 36200000	45
chr12	 39100000	 40100000	20
chr12	 39150000	 39350000	4
chr12	 40250000	 38450000	36
chr12	 42250000	 41350000	18
chr12	 43300000	 44100000	16
chr12	 46700000	 46100000	12
chr12	 49300000	 48300000	20
chr12	 49750000	 50850000	22
chr12	 53500000	 54050000	11
chr12	 57300000	 57850000	11
chr12	 57350000	 58850000	30
chr12	 59100000	 60650000	31
chr12	 60000000	 61050000	21
chr12	 63700000	 65200000	30
chr12	 63750000	 63000000	15
chr12	 64300000	 63450000	17
chr12	 64550000	 66200000	33
chr12	 66000000	 63250000	55
chr12	 66400000	 67450000	21
chr12	 67650000	 66600000	21
chr12	 69350000	 70000000	13
chr12	 71650000	 71050000	12
chr12	 72400000	 73950000	31
chr12	 75350000	 74350000	20
chr12	 75800000	 77050000	25
chr12	 75950000	 74900000	21
chr12	 75950000	 78650000	54
chr12	 77150000	 76350000	16
chr12	 79100000	 80200000	22
chr12	 81350000	 82550000	24
chr12	 82500000	 81100000	28
chr12	 82650000	 81950000	14
chr12	 85250000	 84650000	12
chr12	 85300000	 83850000	29
chr12	 85600000	 84950000	13
chr12	 86400000	 85050000	27
chr12	 86850000	 85700000	23
chr12	 86850000	 86400000	9
chr12	 91300000	 90100000	24
chr12	 94600000	 96350000	35
chr12	 94750000	 92700000	41
chr12	 96100000	 96700000	12
chr12	 96250000	 95650000	12
chr12	 97150000	 95200000	39
chr12	 98400000	 97650000	15
chr12	 98550000	 99450000	18
chr12	 99850000	 98200000	33
chr12	100200000	100500000	6
chr12	101050000	102100000	21
chr12	103100000	104550000	29
chr12	103500000	 99550000	79
chr12	104150000	102400000	35
chr12	104250000	105650000	28
chr12	106300000	106750000	9
chr12	106450000	105650000	16
chr12	108050000	107500000	11
chr12	108200000	108800000	12
chr12	108600000	106950000	33
chr12	108900000	110000000	22
chr12	109550000	108550000	20
chr12	109900000	111150000	25
chr12	111050000	110400000	13
chr12	114100000	115400000	26
chr12	117100000	116050000	21
chr12	117700000	116850000	17
chr13	  1200000	  2200000	20
chr13	  6450000	  4350000	42
chr13	  7050000	  4700000	47
chr13	  7250000	  6950000	6
chr13	  7350000	  6300000	21
chr13	  7900000	  9750000	37
chr13	  7950000	 10100000	43
chr13	  8800000	  8100000	14
chr13	  9450000	  7500000	39
chr13	  9650000	 10600000	19
chr13	 10100000	 10750000	13
chr13	 11250000	 10500000	15
chr13	 11600000	 11950000	7
chr13	 12950000	 11300000	33
chr13	 15650000	 16350000	14
chr13	 17800000	 16750000	21
chr13	 17900000	 15550000	47
chr13	 19650000	 20550000	18
chr13	 19900000	 18150000	35
chr13	 25150000	 23600000	31
chr13	 25450000	 24100000	27
chr13	 25900000	 25050000	17
chr13	 27600000	 25550000	41
chr13	 29050000	 27900000	23
chr13	 29600000	 31000000	28
chr13	 31500000	 32600000	22
chr13	 32100000	 32800000	14
chr13	 32950000	 34050000	22
chr13	 34150000	 33750000	8
chr13	 35850000	 36750000	18
chr13	 36000000	 34050000	39
chr13	 36800000	 37600000	16
chr13	 37950000	 38350000	8
chr13	 39150000	 39750000	12
chr13	 40050000	 41050000	20
chr13	 40550000	 41150000	12
chr13	 46550000	 45000000	31
chr13	 47550000	 46150000	28
chr13	 48950000	 48400000	11
chr13	 49950000	 50800000	17
chr13	 50100000	 47500000	52
chr13	 52550000	 53300000	15
chr13	 54950000	 55200000	5
chr13	 55600000	 56350000	15
chr13	 56000000	 54600000	28
chr13	 57200000	 57700000	10
chr13	 59250000	 61200000	39
chr13	 59550000	 60150000	12
chr13	 61950000	 60250000	34
chr13	 65100000	 65900000	16
chr13	 66250000	 63500000	55
chr13	 67200000	 67900000	14
chr13	 68600000	 67950000	13
chr13	 69800000	 69050000	15
chr13	 71300000	 68500000	56
chr13	 71650000	 70150000	30
chr13	 72000000	 73750000	35
chr13	 72300000	 73050000	15
chr13	 72350000	 71250000	22
chr13	 77650000	 76350000	26
chr13	 77700000	 74050000	73
chr13	 77750000	 78150000	8
chr13	 78650000	 77800000	17
chr13	 80300000	 78300000	40
chr13	 80950000	 79850000	22
chr13	 82000000	 81500000	10
chr13	 85600000	 85100000	10
chr13	 86900000	 88150000	25
chr13	 88600000	 87800000	16
chr13	 91900000	 93100000	24
chr13	 92900000	 91400000	30
chr13	 93300000	 92100000	24
chr13	 93550000	 95250000	34
chr13	 94000000	 93450000	11
chr13	 96900000	 96450000	9
chr13	 97050000	 97750000	14
chr13	 98650000	 98250000	8
chr13	 99650000	 97500000	43
chr13	102150000	101250000	18
chr13	104550000	103300000	25
chr13	106200000	108100000	38
chr13	106350000	106800000	9
chr13	108000000	109450000	29
chr13	109600000	109000000	12
chr13	110100000	109050000	21
chr13	112900000	113700000	16
chr13	114000000	112750000	25
chr13	114850000	113450000	28
chr13	116500000	117100000	12
chr13	116900000	116400000	10
chr13	117100000	118050000	19
chr13	118100000	118800000	14
chr14	  2850000	  1550000	26
chr14	  5700000	  4950000	15
chr14	  6700000	  5350000	27
chr14	  6800000	  5950000	17
chr14	  7550000	  7150000	8
chr14	  9950000	 11750000	36
chr14	 11500000	 12000000	10
chr14	 14550000	 15600000	21
chr14	 17250000	 16300000	19
chr14	 17550000	 18600000	21
chr14	 21750000	 23100000	27
chr14	 23150000	 21250000	38
chr14	 23850000	 24950000	22
chr14	 24250000	 24450000	4
chr14	 27150000	 26450000	14
chr14	 27750000	 29750000	40
chr14	 31800000	 32200000	8
chr14	 31800000	 32550000	15
chr14	 32350000	 33550000	24
chr14	 32550000	 34300000	35
chr14	 33600000	 35000000	28
chr14	 35100000	 36000000	18
chr14	 35200000	 34300000	18
chr14	 35550000	 32600000	59
chr14	 35650000	 36500000	17
chr14	 35850000	 35050000	16
chr14	 36650000	 34800000	37
chr14	 36750000	 37900000	23
chr14	 36750000	 38100000	27
chr14	 37450000	 36300000	23
chr14	 38250000	 40700000	49
chr14	 41300000	 41550000	5
chr14	 41300000	 41900000	12
chr14	 42700000	 41000000	34
chr14	 42950000	 42600000	7
chr14	 44200000	 42900000	26
chr14	 47050000	 46550000	10
chr14	 57050000	 57950000	18
chr14	 58650000	 57300000	27
chr14	 59350000	 60200000	17
chr14	 59650000	 63000000	67
chr14	 61300000	 59700000	32
chr14	 62850000	 62350000	10
chr14	 64450000	 63100000	27
chr14	 66800000	 67600000	16
chr14	 66950000	 67500000	11
chr14	 67550000	 66300000	25
chr14	 70400000	 71100000	14
chr14	 71900000	 71000000	18
chr14	 72300000	 72750000	9
chr14	 73800000	 74000000	4
chr14	 74650000	 73850000	16
chr14	 75200000	 77800000	52
chr14	 75850000	 75350000	10
chr14	 79500000	 80700000	24
chr14	 81400000	 82350000	19
chr14	 83100000	 83750000	13
chr14	 83750000	 82500000	25
chr14	 84300000	 83350000	19
chr14	 84450000	 83850000	12
chr14	 84450000	 85850000	28
chr14	 84750000	 88300000	71
chr14	 85650000	 86500000	17
chr14	 85950000	 83100000	57
chr14	 89550000	 87900000	33
chr14	 91650000	 89800000	37
chr14	 92100000	 88400000	74
chr14	 92350000	 91700000	13
chr14	 94250000	 95900000	33
chr14	 94600000	 95250000	13
chr14	 95200000	 94700000	10
chr14	 96600000	 96150000	9
chr14	 96850000	 95550000	26
chr14	 98400000	 97500000	18
chr14	101150000	101850000	14
chr14	102600000	103100000	10
chr14	102900000	103600000	14
chr14	103000000	103700000	14
chr14	103150000	105200000	41
chr14	107700000	109050000	27
chr14	107900000	106800000	22
chr14	110450000	108800000	33
chr14	114400000	113950000	9
chr14	118300000	119150000	17
chr14	118350000	120800000	49
chr14	119600000	117950000	33
chr14	120450000	121100000	13
chr14	121050000	120000000	21
chr15	  9100000	  6900000	44
chr15	  9500000	 10000000	10
chr15	  9900000	 10550000	13
chr15	  9950000	 11900000	39
chr15	 11850000	 10800000	21
chr15	 13550000	 13250000	6
chr15	 14950000	 14450000	10
chr15	 20300000	 16400000	78
chr15	 21050000	 19800000	25
chr15	 21900000	 22600000	14
chr15	 22650000	 22650000	0
chr15	 25400000	 24800000	12
chr15	 27300000	 26700000	12
chr15	 28200000	 27250000	19
chr15	 28950000	 30100000	23
chr15	 29750000	 31750000	40
chr15	 30400000	 27950000	49
chr15	 37350000	 37350000	0
chr15	 37600000	 37900000	6
chr15	 37900000	 38950000	21
chr15	 38300000	 38000000	6
chr15	 39050000	 41300000	45
chr15	 40600000	 41300000	14
chr15	 42200000	 40200000	40
chr15	 43800000	 42750000	21
chr15	 47850000	 47150000	14
chr15	 49600000	 48900000	14
chr15	 51800000	 51600000	4
chr15	 52000000	 51250000	15
chr15	 54650000	 53600000	21
chr15	 56400000	 55500000	18
chr15	 57750000	 56250000	30
chr15	 57900000	 56850000	21
chr15	 58450000	 60200000	35
chr15	 59500000	 60150000	13
chr15	 61450000	 62950000	30
chr15	 62050000	 62600000	11
chr15	 62800000	 62350000	9
chr15	 63000000	 61650000	27
chr15	 64200000	 63450000	15
chr15	 64650000	 63750000	18
chr15	 64700000	 65750000	21
chr15	 66750000	 67250000	10
chr15	 66750000	 67700000	19
chr15	 67100000	 66350000	15
chr15	 67300000	 66900000	8
chr15	 68100000	 66800000	26
chr15	 70300000	 70600000	6
chr15	 70750000	 71850000	22
chr15	 71400000	 72550000	23
chr15	 74800000	 73900000	18
chr15	 75550000	 74750000	16
chr15	 76500000	 78500000	40
chr15	 76900000	 77300000	8
chr15	 78300000	 77250000	21
chr15	 79050000	 77750000	26
chr15	 80750000	 79750000	20
chr15	 81150000	 82200000	21
chr15	 81300000	 79400000	38
chr15	 81850000	 81050000	16
chr15	 83250000	 84250000	20
chr15	 83650000	 85100000	29
chr15	 90000000	 90450000	9
chr15	 90000000	 91750000	35
chr15	 90050000	 88450000	32
chr15	 90100000	 91600000	30
chr15	 90800000	 90050000	15
chr15	 92450000	 92900000	9
chr15	 92650000	 91800000	17
chr15	 92800000	 94300000	30
chr15	 93850000	 94600000	15
chr15	 99400000	 99600000	4
chr15	 99500000	100350000	17
chr15	 99600000	100050000	9
chr15	100800000	101650000	17
chr16	  2200000	   650000	31
chr16	  2350000	  3100000	15
chr16	  4300000	  3950000	7
chr16	  4350000	  5450000	22
chr16	  6700000	  7250000	11
chr16	  8700000	  9200000	10
chr16	  9050000	  9950000	18
chr16	  9600000	 10800000	24
chr16	  9750000	 10550000	16
chr16	 12500000	 14200000	34
chr16	 13650000	 12350000	26
chr16	 15300000	 16450000	23
chr16	 15900000	 16750000	17
chr16	 16900000	 17800000	18
chr16	 17700000	 21200000	70
chr16	 17800000	 18500000	14
chr16	 18700000	 19550000	17
chr16	 19450000	 16950000	50
chr16	 21550000	 21050000	10
chr16	 21550000	 23050000	30
chr16	 24550000	 24300000	5
chr16	 24950000	 25900000	19
chr16	 28050000	 25650000	48
chr16	 30150000	 29250000	18
chr16	 34950000	 35300000	7
chr16	 35200000	 34700000	10
chr16	 35300000	 36400000	22
chr16	 44150000	 42300000	37
chr16	 44150000	 42350000	36
chr16	 45650000	 47800000	43
chr16	 49350000	 48900000	9
chr16	 50300000	 48650000	33
chr16	 51850000	 51700000	3
chr16	 52050000	 52550000	10
chr16	 53900000	 55450000	31
chr16	 54850000	 55550000	14
chr16	 55500000	 55100000	8
chr16	 55900000	 58400000	50
chr16	 57050000	 57550000	10
chr16	 57800000	 58850000	21
chr16	 58750000	 59450000	14
chr16	 62750000	 63850000	22
chr16	 66700000	 68400000	34
chr16	 66850000	 66050000	16
chr16	 67300000	 68250000	19
chr16	 67550000	 68350000	16
chr16	 68450000	 67150000	26
chr16	 72200000	 70450000	35
chr16	 72200000	 73200000	20
chr16	 74500000	 75700000	24
chr16	 74800000	 73800000	20
chr16	 77850000	 79050000	24
chr16	 78250000	 77600000	13
chr16	 78650000	 77600000	21
chr16	 79300000	 78850000	9
chr16	 80550000	 77400000	63
chr16	 80850000	 81200000	7
chr16	 81100000	 80200000	18
chr16	 81150000	 80500000	13
chr16	 83950000	 85800000	37
chr16	 84400000	 85300000	18
chr16	 84650000	 83650000	20
chr16	 84850000	 83900000	19
chr16	 86100000	 84550000	31
chr16	 86450000	 87250000	16
chr16	 86700000	 85900000	16
chr16	 88750000	 88100000	13
chr16	 88850000	 87900000	19
chr16	 90750000	 92300000	31
chr16	 91850000	 92450000	12
chr16	 92550000	 93250000	14
chr16	 92950000	 93550000	12
chr16	 93400000	 94650000	25
chr16	 97600000	 96100000	30
chr16	 97850000	 97550000	6
chr17	   750000	  2800000	41
chr17	   950000	  1900000	19
chr17	  2250000	  3150000	18
chr17	  2700000	   950000	35
chr17	  4500000	  5100000	12
chr17	  7000000	  8550000	31
chr17	  7400000	  6250000	23
chr17	  7500000	  7500000	0
chr17	  7900000	  9050000	23
chr17	  8450000	  7950000	10
chr17	 10250000	  8300000	39
chr17	 11000000	 10550000	9
chr17	 18150000	 19400000	25
chr17	 23350000	 22750000	12
chr17	 24850000	 25400000	11
chr17	 27650000	 27250000	8
chr17	 27700000	 26000000	34
chr17	 27850000	 28400000	11
chr17	 30850000	 31500000	13
chr17	 32000000	 32200000	4
chr17	 33200000	 32050000	23
chr17	 33250000	 35000000	35
chr17	 36700000	 38350000	33
chr17	 39800000	 38550000	25
chr17	 40550000	 41600000	21
chr17	 40600000	 42450000	37
chr17	 43500000	 42200000	26
chr17	 45800000	 43500000	46
chr17	 47300000	 47700000	8
chr17	 47700000	 46500000	24
chr17	 48200000	 50050000	37
chr17	 51250000	 50300000	19
chr17	 51700000	 50400000	26
chr17	 51750000	 53700000	39
chr17	 52550000	 54650000	42
chr17	 53100000	 53650000	11
chr17	 54900000	 55100000	4
chr17	 55100000	 54450000	13
chr17	 55300000	 54550000	15
chr17	 56000000	 57650000	33
chr17	 56050000	 54500000	31
chr17	 57550000	 56200000	27
chr17	 59550000	 58350000	24
chr17	 60000000	 61050000	21
chr17	 60850000	 61800000	19
chr17	 65300000	 66450000	23
chr17	 65550000	 66750000	24
chr17	 68150000	 70700000	51
chr17	 68500000	 68050000	9
chr17	 76550000	 77400000	17
chr17	 81500000	 82700000	24
chr17	 81650000	 80800000	17
chr17	 82750000	 83100000	7
chr17	 84900000	 84350000	11
chr17	 88900000	 89400000	10
chr17	 89750000	 88400000	27
chr17	 93550000	 91200000	47
chr17	 94950000	 93900000	21
chr18	   200000	  1900000	34
chr18	  2550000	  5800000	65
chr18	  4700000	  2750000	39
chr18	  4700000	  3650000	21
chr18	  5500000	  4850000	13
chr18	  5800000	  4800000	20
chr18	  5850000	  5200000	13
chr18	  8800000	  7450000	27
chr18	  9100000	  6450000	53
chr18	  9550000	  8750000	16
chr18	 11500000	 11000000	10
chr18	 11500000	 11750000	5
chr18	 14150000	 13200000	19
chr18	 14200000	 14600000	8
chr18	 17000000	 19100000	42
chr18	 17500000	 17850000	7
chr18	 17650000	 17950000	6
chr18	 18100000	 18700000	12
chr18	 18900000	 17800000	22
chr18	 22200000	 20950000	25
chr18	 24400000	 24100000	6
chr18	 29300000	 28050000	25
chr18	 29500000	 31250000	35
chr18	 31200000	 29850000	27
chr18	 31750000	 30350000	28
chr18	 32950000	 31700000	25
chr18	 33750000	 33450000	6
chr18	 34950000	 33800000	23
chr18	 35000000	 34300000	14
chr18	 35700000	 36600000	18
chr18	 36800000	 35700000	22
chr18	 37700000	 37150000	11
chr18	 39600000	 38650000	19
chr18	 40700000	 43050000	47
chr18	 41850000	 44400000	51
chr18	 43250000	 44100000	17
chr18	 43800000	 42700000	22
chr18	 46100000	 46100000	0
chr18	 48300000	 46950000	27
chr18	 49150000	 47250000	38
chr18	 49650000	 49300000	7
chr18	 50850000	 51650000	16
chr18	 51500000	 52650000	23
chr18	 52100000	 52600000	10
chr18	 52350000	 51400000	19
chr18	 56800000	 55900000	18
chr18	 57400000	 58450000	21
chr18	 60050000	 59800000	5
chr18	 61150000	 60100000	21
chr18	 61400000	 59000000	48
chr18	 61500000	 60550000	19
chr18	 62100000	 64700000	52
chr18	 63350000	 62000000	27
chr18	 63800000	 64950000	23
chr18	 64550000	 63050000	30
chr18	 64550000	 63350000	24
chr18	 65800000	 66950000	23
chr18	 66750000	 64700000	41
chr18	 68250000	 67950000	6
chr18	 68850000	 68100000	15
chr18	 68950000	 68550000	8
chr18	 70450000	 72000000	31
chr18	 70800000	 69000000	36
chr18	 76950000	 77650000	14
chr18	 79350000	 78450000	18
chr18	 79500000	 80850000	27
chr18	 81000000	 81550000	11
chr18	 82450000	 84650000	44
chr18	 84350000	 83500000	17
chr18	 86800000	 85800000	20
chr18	 88400000	 84650000	75
chr18	 89250000	 88350000	18
chr19	  1500000	   800000	14
chr19	  2500000	  1100000	28
chr19	  6550000	  5650000	18
chr19	  7300000	  7850000	11
chr19	 11100000	  9900000	24
chr19	 17650000	 19050000	28
chr19	 20650000	 21350000	14
chr19	 21500000	 19850000	33
chr19	 22000000	 23250000	25
chr19	 24300000	 23500000	16
chr19	 24400000	 25000000	12
chr19	 27000000	 29000000	40
chr19	 27600000	 28650000	21
chr19	 29250000	 30800000	31
chr19	 29400000	 28600000	16
chr19	 30050000	 29500000	11
chr19	 35500000	 34700000	16
chr19	 36000000	 35200000	16
chr19	 40100000	 40600000	10
chr19	 41600000	 39900000	34
chr19	 42550000	 43950000	28
chr19	 43050000	 43500000	9
chr19	 44850000	 43000000	37
chr19	 46000000	 47050000	21
chr19	 47300000	 46100000	24
chr19	 49900000	 51550000	33
chr19	 51350000	 49750000	32
chr19	 58150000	 58150000	0
chr2	  2050000	  2300000	5
chr2	  6100000	  7700000	32
chr2	  6550000	  8550000	40
chr2	  6650000	  5200000	29
chr2	  8750000	  5300000	69
chr2	  9750000	 10150000	8
chr2	 10950000	 11300000	7
chr2	 12300000	 13350000	21
chr2	 12600000	 11000000	32
chr2	 13600000	 13900000	6
chr2	 14550000	 13750000	16
chr2	 18250000	 19350000	22
chr2	 18400000	 17050000	27
chr2	 19450000	 18550000	18
chr2	 19950000	 17050000	58
chr2	 20050000	 18800000	25
chr2	 20050000	 20550000	10
chr2	 21050000	 20050000	20
chr2	 26400000	 25450000	19
chr2	 26650000	 25400000	25
chr2	 27600000	 28950000	27
chr2	 28300000	 29150000	17
chr2	 29200000	 29950000	15
chr2	 29300000	 31300000	40
chr2	 29950000	 31100000	23
chr2	 30200000	 31200000	20
chr2	 30500000	 29800000	14
chr2	 35150000	 35900000	15
chr2	 35700000	 37300000	32
chr2	 37350000	 36550000	16
chr2	 38750000	 38750000	0
chr2	 39600000	 40750000	23
chr2	 39900000	 39100000	16
chr2	 40300000	 41350000	21
chr2	 40300000	 42400000	42
chr2	 42150000	 40250000	38
chr2	 43650000	 44350000	14
chr2	 49400000	 50450000	21
chr2	 50950000	 51950000	20
chr2	 55600000	 57850000	45
chr2	 59200000	 57500000	34
chr2	 62050000	 61100000	19
chr2	 62200000	 61200000	20
chr2	 62300000	 63350000	21
chr2	 62350000	 63350000	20
chr2	 66200000	 65050000	23
chr2	 66400000	 65350000	21
chr2	 66650000	 68400000	35
chr2	 66700000	 67400000	14
chr2	 68000000	 67400000	12
chr2	 68200000	 66900000	26
chr2	 68600000	 67600000	20
chr2	 69050000	 70200000	23
chr2	 69300000	 68200000	22
chr2	 69600000	 69050000	11
chr2	 69850000	 68950000	18
chr2	 73300000	 74150000	17
chr2	 73650000	 74450000	16
chr2	 77450000	 78650000	24
chr2	 77850000	 80150000	46
chr2	 82350000	 84150000	36
chr2	 83200000	 83750000	11
chr2	 85050000	 82450000	52
chr2	 86050000	 87250000	24
chr2	 86500000	 87800000	26
chr2	 87200000	 85400000	36
chr2	 87750000	 86500000	25
chr2	 89150000	 90100000	19
chr2	 90950000	 91350000	8
chr2	 92450000	 93250000	16
chr2	 94100000	 93200000	18
chr2	 97550000	 95950000	32
chr2	 98250000	 96950000	26
chr2	 99000000	100250000	25
chr2	 99400000	 97550000	37
chr2	101400000	 99000000	48
chr2	102600000	103600000	20
chr2	102950000	103900000	19
chr2	103100000	103700000	12
chr2	103750000	106000000	45
chr2	106950000	105000000	39
chr2	107450000	108600000	23
chr2	109000000	109250000	5
chr2	110200000	108900000	26
chr2	110750000	111350000	12
chr2	111400000	110350000	21
chr2	112050000	112800000	15
chr2	113000000	113300000	6
chr2	113850000	114150000	6
chr2	114550000	115550000	20
chr2	114950000	116350000	28
chr2	117450000	115850000	32
chr2	119450000	118050000	28
chr2	120850000	120000000	17
chr2	121350000	119950000	28
chr2	122100000	120250000	37
chr2	122850000	121050000	36
chr2	123600000	122950000	13
chr2	123600000	124800000	24
chr2	123950000	122350000	32
chr2	126600000	125950000	13
chr2	127500000	128400000	18
chr2	132250000	131300000	19
chr2	134700000	133350000	27
chr2	134750000	134150000	12
chr2	137600000	138450000	17
chr2	138000000	141350000	67
chr2	139100000	139800000	14
chr2	142400000	143200000	16
chr2	142500000	142850000	7
chr2	143050000	143600000	11
chr2	143700000	144750000	21
chr2	146150000	147050000	18
chr2	146700000	147400000	14
chr2	147350000	148500000	23
chr2	148400000	146500000	38
chr2	149000000	148550000	9
chr2	149050000	147800000	25
chr2	150500000	151700000	24
chr2	150850000	151500000	13
chr2	152950000	153650000	14
chr2	153200000	154250000	21
chr2	155800000	151300000	90
chr2	156300000	155700000	12
chr2	157200000	156450000	15
chr2	158100000	156000000	42
chr2	158800000	157650000	23
chr2	161600000	163000000	28
chr2	165850000	166250000	8
chr2	168000000	168700000	14
chr2	168050000	167250000	16
chr2	172150000	171750000	8
chr2	172450000	171050000	28
chr2	173400000	175950000	51
chr2	173550000	173950000	8
chr2	174250000	175900000	33
chr2	175850000	175400000	9
chr2	178700000	179550000	17
chr2	179450000	178900000	11
chr2	180200000	177950000	45
chr3	   400000	  1750000	27
chr3	  2400000	  4350000	39
chr3	  3050000	  1650000	28
chr3	  3700000	   300000	68
chr3	  6150000	  7050000	18
chr3	  7100000	  8400000	26
chr3	  8750000	  8100000	13
chr3	 10250000	 10950000	14
chr3	 10250000	 12500000	45
chr3	 16450000	 17300000	17
chr3	 18450000	 19250000	16
chr3	 18750000	 18400000	7
chr3	 21500000	 20050000	29
chr3	 22000000	 21200000	16
chr3	 23100000	 23950000	17
chr3	 23300000	 22950000	7
chr3	 24600000	 24050000	11
chr3	 26250000	 27250000	20
chr3	 27350000	 25750000	32
chr3	 30800000	 31850000	21
chr3	 31450000	 30550000	18
chr3	 31650000	 30000000	33
chr3	 32350000	 32250000	2
chr3	 32750000	 30750000	40
chr3	 32900000	 35650000	55
chr3	 34200000	 32950000	25
chr3	 35150000	 37200000	41
chr3	 37150000	 38100000	19
chr3	 40300000	 39800000	10
chr3	 41350000	 41750000	8
chr3	 41850000	 43150000	26
chr3	 42450000	 41400000	21
chr3	 42600000	 43600000	20
chr3	 43050000	 41050000	40
chr3	 43200000	 43500000	6
chr3	 43900000	 41850000	41
chr3	 45950000	 43500000	49
chr3	 46100000	 46750000	13
chr3	 46250000	 46900000	13
chr3	 47400000	 45950000	29
chr3	 47950000	 48450000	10
chr3	 49800000	 47650000	43
chr3	 50550000	 49950000	12
chr3	 50900000	 50300000	12
chr3	 51450000	 49900000	31
chr3	 54200000	 55950000	35
chr3	 54700000	 55450000	15
chr3	 55900000	 55100000	16
chr3	 56050000	 55600000	9
chr3	 57500000	 56000000	30
chr3	 60350000	 59300000	21
chr3	 61100000	 61600000	10
chr3	 61550000	 62200000	13
chr3	 64200000	 62750000	29
chr3	 65550000	 66600000	21
chr3	 66150000	 67950000	36
chr3	 71550000	 71300000	5
chr3	 71650000	 69950000	34
chr3	 73250000	 72550000	14
chr3	 74000000	 72800000	24
chr3	 74700000	 74100000	12
chr3	 75000000	 72150000	57
chr3	 75000000	 74300000	14
chr3	 76150000	 74950000	24
chr3	 76400000	 76900000	10
chr3	 77050000	 77500000	9
chr3	 77300000	 78750000	29
chr3	 78650000	 77700000	19
chr3	 80250000	 79200000	21
chr3	 80550000	 79400000	23
chr3	 80850000	 82350000	30
chr3	 80900000	 81200000	6
chr3	 81200000	 81750000	11
chr3	 81350000	 82150000	16
chr3	 81750000	 80850000	18
chr3	 81950000	 82700000	15
chr3	 82750000	 81800000	19
chr3	 83250000	 84150000	18
chr3	 85200000	 85900000	14
chr3	 87300000	 87550000	5
chr3	 89500000	 88750000	15
chr3	 90050000	 89500000	11
chr3	 91250000	 91950000	14
chr3	 94900000	 93550000	27
chr3	 95100000	 95350000	5
chr3	 98000000	 97700000	6
chr3	 98000000	 98850000	17
chr3	 99200000	 98650000	11
chr3	100100000	100600000	10
chr3	100400000	102700000	46
chr3	100550000	101350000	16
chr3	102050000	101100000	19
chr3	102700000	106250000	71
chr3	103600000	102800000	16
chr3	107750000	109300000	31
chr3	108050000	107050000	20
chr3	109350000	108050000	26
chr3	111600000	114500000	58
chr3	115250000	116000000	15
chr3	115800000	118450000	53
chr3	121150000	122650000	30
chr3	123600000	125500000	38
chr3	125400000	124450000	19
chr3	126400000	125300000	22
chr3	126700000	124300000	48
chr3	132800000	134400000	32
chr3	133000000	132250000	15
chr3	134750000	135400000	13
chr3	135250000	135950000	14
chr3	136900000	138050000	23
chr3	137300000	137600000	6
chr3	139450000	141100000	33
chr3	140600000	136000000	92
chr3	140900000	140250000	13
chr3	142400000	143550000	23
chr3	145350000	143550000	36
chr3	145350000	146100000	15
chr3	146750000	147500000	15
chr3	148850000	148400000	9
chr3	149200000	150350000	23
chr3	151400000	152800000	28
chr3	151800000	150900000	18
chr3	153300000	151350000	39
chr3	153700000	152100000	32
chr3	154300000	153650000	13
chr3	154600000	153800000	16
chr3	155200000	156100000	18
chr3	157600000	156100000	30
chr3	157650000	157000000	13
chr3	157850000	158950000	22
chr4	  1800000	   550000	25
chr4	  4300000	  2950000	27
chr4	  5400000	  8350000	59
chr4	  5700000	  6200000	10
chr4	  6800000	  7100000	6
chr4	  6950000	  6500000	9
chr4	  8950000	  8350000	12
chr4	 10250000	 12650000	48
chr4	 10400000	 11650000	25
chr4	 11400000	 10200000	24
chr4	 11650000	 11050000	12
chr4	 12800000	 11500000	26
chr4	 13000000	  9950000	61
chr4	 14300000	 13050000	25
chr4	 14600000	 16800000	44
chr4	 14950000	 15400000	9
chr4	 15300000	 14400000	18
chr4	 17150000	 17850000	14
chr4	 17200000	 15700000	30
chr4	 19500000	 21950000	49
chr4	 19800000	 20550000	15
chr4	 20950000	 20950000	0
chr4	 23100000	 24450000	27
chr4	 23950000	 23000000	19
chr4	 25050000	 24000000	21
chr4	 25950000	 26750000	16
chr4	 29400000	 29800000	8
chr4	 31600000	 30800000	16
chr4	 32100000	 30500000	32
chr4	 32800000	 32450000	7
chr4	 34550000	 36300000	35
chr4	 36000000	 34850000	23
chr4	 37600000	 35550000	41
chr4	 40800000	 41650000	17
chr4	 41900000	 42400000	10
chr4	 42800000	 41100000	34
chr4	 42900000	 42150000	15
chr4	 43850000	 45500000	33
chr4	 46300000	 46700000	8
chr4	 46550000	 47400000	17
chr4	 46600000	 45100000	30
chr4	 48250000	 47400000	17
chr4	 48550000	 47750000	16
chr4	 49750000	 48350000	28
chr4	 54150000	 54850000	14
chr4	 55150000	 53800000	27
chr4	 55450000	 57000000	31
chr4	 59200000	 60850000	33
chr4	 60900000	 59500000	28
chr4	 60900000	 61750000	17
chr4	 64250000	 63550000	14
chr4	 65250000	 65600000	7
chr4	 68050000	 66950000	22
chr4	 68300000	 67650000	13
chr4	 68750000	 67550000	24
chr4	 71250000	 71850000	12
chr4	 72050000	 70450000	32
chr4	 73350000	 72150000	24
chr4	 73800000	 73100000	14
chr4	 73950000	 72550000	28
chr4	 76600000	 76050000	11
chr4	 76850000	 75300000	31
chr4	 81450000	 83500000	41
chr4	 82700000	 81900000	16
chr4	 82800000	 83850000	21
chr4	 84600000	 85350000	15
chr4	 84800000	 83900000	18
chr4	 86100000	 82900000	64
chr4	 87900000	 85050000	57
chr4	 90100000	 90500000	8
chr4	 90400000	 90400000	0
chr4	 91050000	 90400000	13
chr4	 91800000	 92400000	12
chr4	 94000000	 95400000	28
chr4	 94800000	 97050000	45
chr4	 97900000	 99450000	31
chr4	 99500000	 98200000	26
chr4	100600000	100150000	9
chr4	101600000	101050000	11
chr4	101900000	101250000	13
chr4	103050000	105350000	46
chr4	103150000	102000000	23
chr4	103900000	105400000	30
chr4	105950000	107250000	26
chr4	106800000	105000000	36
chr4	107150000	107000000	3
chr4	107300000	108250000	19
chr4	108950000	109900000	19
chr4	111750000	112250000	10
chr4	112250000	113000000	15
chr4	115400000	114250000	23
chr4	116000000	117650000	33
chr4	116600000	117750000	23
chr4	116650000	115000000	33
chr4	117150000	117850000	14
chr4	117300000	115650000	33
chr4	117800000	117200000	12
chr4	118150000	119200000	21
chr4	119500000	120750000	25
chr4	120000000	119250000	15
chr4	120100000	117600000	50
chr4	121150000	120600000	11
chr4	121400000	122500000	22
chr4	122250000	122750000	10
chr4	122700000	121850000	17
chr4	124300000	122500000	36
chr4	124600000	123800000	16
chr4	124600000	126000000	28
chr4	125050000	125500000	9
chr4	125300000	124000000	26
chr4	125450000	124650000	16
chr4	129400000	129100000	6
chr4	131000000	131450000	9
chr4	131250000	130000000	25
chr4	131600000	130250000	27
chr4	132200000	133650000	29
chr4	132550000	133850000	26
chr4	133400000	133900000	10
chr4	133650000	135700000	41
chr4	134050000	133800000	5
chr4	135050000	134500000	11
chr4	138450000	140200000	35
chr4	140350000	138950000	28
chr4	142300000	141350000	19
chr4	142850000	138200000	93
chr4	142900000	144100000	24
chr4	143750000	141650000	42
chr4	143850000	145550000	34
chr4	144550000	146350000	36
chr4	149350000	148200000	23
chr4	149700000	150550000	17
chr4	151100000	152400000	26
chr4	151350000	150250000	22
chr4	153100000	151500000	32
chr4	153450000	152350000	22
chr4	153650000	154600000	19
chr4	156300000	155800000	10
chr5	  2400000	   250000	43
chr5	  4800000	  3100000	34
chr5	  7550000	  8700000	23
chr5	  7600000	  9300000	34
chr5	  7900000	  6450000	29
chr5	 11100000	 10250000	17
chr5	 11500000	  9900000	32
chr5	 18700000	 19500000	16
chr5	 20500000	 19100000	28
chr5	 21250000	 20300000	19
chr5	 23500000	 24550000	21
chr5	 24700000	 24050000	13
chr5	 25150000	 26100000	19
chr5	 25200000	 24750000	9
chr5	 25700000	 23700000	40
chr5	 29300000	 27900000	28
chr5	 29500000	 27250000	45
chr5	 29550000	 31650000	42
chr5	 29650000	 28350000	26
chr5	 30950000	 31450000	10
chr5	 31250000	 30700000	11
chr5	 32800000	 31400000	28
chr5	 33400000	 34450000	21
chr5	 36850000	 36100000	15
chr5	 37150000	 38950000	36
chr5	 37200000	 35800000	28
chr5	 40150000	 39200000	19
chr5	 41450000	 42500000	21
chr5	 44000000	 45100000	22
chr5	 50000000	 51050000	21
chr5	 50900000	 51250000	7
chr5	 51750000	 50500000	25
chr5	 54250000	 56050000	36
chr5	 57900000	 59150000	25
chr5	 59450000	 58800000	13
chr5	 60400000	 60900000	10
chr5	 62350000	 60500000	37
chr5	 64000000	 63500000	10
chr5	 64000000	 65250000	25
chr5	 68050000	 70350000	46
chr5	 68550000	 69650000	22
chr5	 69050000	 71350000	46
chr5	 72950000	 72050000	18
chr5	 73450000	 74650000	24
chr5	 74150000	 76750000	52
chr5	 74300000	 75000000	14
chr5	 75650000	 74900000	15
chr5	 75750000	 74950000	16
chr5	 77550000	 78950000	28
chr5	 77800000	 74200000	72
chr5	 78200000	 81550000	67
chr5	 78800000	 80500000	34
chr5	 79650000	 78350000	26
chr5	 80650000	 77950000	54
chr5	 80750000	 78950000	36
chr5	 81300000	 80750000	11
chr5	 82000000	 81050000	19
chr5	 84800000	 83800000	20
chr5	 94600000	 94050000	11
chr5	 95850000	 94450000	28
chr5	 97250000	 97500000	5
chr5	100150000	100700000	11
chr5	102200000	101100000	22
chr5	102450000	 99950000	50
chr5	103250000	103550000	6
chr5	103900000	104950000	21
chr5	107800000	108500000	14
chr5	108100000	107350000	15
chr5	108150000	109550000	28
chr5	108750000	109600000	17
chr5	108800000	107450000	27
chr5	113450000	112700000	15
chr5	115000000	117150000	43
chr5	116550000	114850000	34
chr5	116650000	119000000	47
chr5	119400000	118800000	12
chr5	121300000	119950000	27
chr5	123050000	123750000	14
chr5	123700000	123100000	12
chr5	124850000	123650000	24
chr5	125050000	122950000	42
chr5	127100000	123850000	65
chr5	131450000	132500000	21
chr5	135600000	137200000	32
chr5	136700000	137850000	23
chr5	136900000	136100000	16
chr5	137900000	137500000	8
chr5	140550000	141400000	17
chr5	140700000	141600000	18
chr5	144150000	145150000	20
chr5	144250000	141850000	48
chr5	145100000	143650000	29
chr5	145600000	146550000	19
chr5	145900000	147350000	29
chr5	146000000	143450000	51
chr5	147650000	147900000	5
chr5	151050000	151750000	14
chr6	   250000	   950000	14
chr6	   950000	  1550000	12
chr6	  2200000	  2700000	10
chr6	  2900000	  1950000	19
chr6	  4600000	  6600000	40
chr6	  7400000	  6650000	15
chr6	  7400000	  8650000	25
chr6	  7950000	  5750000	44
chr6	  8650000	 10400000	35
chr6	 14250000	 13650000	12
chr6	 16250000	 20100000	77
chr6	 16550000	 15800000	15
chr6	 16800000	 14850000	39
chr6	 16950000	 18450000	30
chr6	 18300000	 18700000	8
chr6	 25550000	 26150000	12
chr6	 26200000	 24300000	38
chr6	 27000000	 27300000	6
chr6	 29150000	 29950000	16
chr6	 29200000	 29800000	12
chr6	 31450000	 31950000	10
chr6	 31500000	 31500000	0
chr6	 32300000	 33200000	18
chr6	 32900000	 31950000	19
chr6	 36350000	 37200000	17
chr6	 37200000	 35950000	25
chr6	 38300000	 37150000	23
chr6	 38900000	 39900000	20
chr6	 39300000	 38350000	19
chr6	 40850000	 39300000	31
chr6	 42350000	 40250000	42
chr6	 42850000	 41600000	25
chr6	 45250000	 46800000	31
chr6	 47600000	 48150000	11
chr6	 47900000	 48750000	17
chr6	 49150000	 48050000	22
chr6	 50400000	 51350000	19
chr6	 51000000	 48550000	49
chr6	 51600000	 50300000	26
chr6	 53250000	 54200000	19
chr6	 55100000	 54150000	19
chr6	 57000000	 57900000	18
chr6	 60350000	 57650000	54
chr6	 62200000	 63100000	18
chr6	 63600000	 64250000	13
chr6	 64200000	 65300000	22
chr6	 64800000	 63400000	28
chr6	 65000000	 64200000	16
chr6	 65650000	 63850000	36
chr6	 65850000	 66550000	14
chr6	 67750000	 68450000	14
chr6	 70350000	 69450000	18
chr6	 70500000	 68250000	45
chr6	 72250000	 67700000	91
chr6	 73450000	 72150000	26
chr6	 74650000	 75450000	16
chr6	 79150000	 78300000	17
chr6	 80000000	 81300000	26
chr6	 82600000	 83300000	14
chr6	 83500000	 82150000	27
chr6	 84450000	 85500000	21
chr6	 84750000	 85650000	18
chr6	 86250000	 85500000	15
chr6	 87550000	 86650000	18
chr6	 94950000	 93550000	28
chr6	 98850000	 96400000	49
chr6	 98950000	 98850000	2
chr6	 99000000	 96950000	41
chr6	100500000	 99400000	22
chr6	100950000	102250000	26
chr6	102050000	104550000	50
chr6	102500000	101000000	30
chr6	104050000	104600000	11
chr6	104250000	103850000	8
chr6	104700000	105800000	22
chr6	106050000	106900000	17
chr6	107450000	109200000	35
chr6	107650000	108050000	8
chr6	109000000	110500000	30
chr6	109300000	110500000	24
chr6	109800000	108900000	18
chr6	113450000	112200000	25
chr6	114800000	116100000	26
chr6	115300000	116750000	29
chr6	115500000	114700000	16
chr6	115800000	116500000	14
chr6	121250000	122600000	27
chr6	121350000	119750000	32
chr6	122700000	124050000	27
chr6	123250000	123750000	10
chr6	123700000	122500000	24
chr6	124850000	126000000	23
chr6	126350000	128050000	34
chr6	127050000	128050000	20
chr6	128000000	125800000	44
chr6	128600000	127700000	18
chr6	129850000	130550000	14
chr6	130200000	129450000	15
chr6	134250000	133550000	14
chr6	136500000	137500000	20
chr6	137300000	136700000	12
chr6	140250000	141750000	30
chr6	142500000	143550000	21
chr6	143400000	141350000	41
chr6	145400000	146750000	27
chr6	145500000	143850000	33
chr6	149000000	148100000	18
chr7	   300000	  1950000	33
chr7	  4200000	  4650000	9
chr7	  5900000	  4900000	20
chr7	  8950000	 10600000	33
chr7	 12000000	 11050000	19
chr7	 12150000	 13900000	35
chr7	 15450000	 14900000	11
chr7	 16600000	 15750000	17
chr7	 17350000	 18650000	26
chr7	 17950000	 16950000	20
chr7	 23800000	 25150000	27
chr7	 24650000	 22600000	41
chr7	 24800000	 26000000	24
chr7	 27500000	 28350000	17
chr7	 27950000	 28900000	19
chr7	 28200000	 28700000	10
chr7	 32950000	 33550000	12
chr7	 34000000	 34350000	7
chr7	 35350000	 33950000	28
chr7	 35350000	 36050000	14
chr7	 36150000	 37150000	20
chr7	 36800000	 36800000	0
chr7	 37450000	 38900000	29
chr7	 37750000	 36650000	22
chr7	 38200000	 36650000	31
chr7	 38600000	 38900000	6
chr7	 39350000	 40350000	20
chr7	 40000000	 38250000	35
chr7	 42700000	 44350000	33
chr7	 47750000	 48800000	21
chr7	 47900000	 47050000	17
chr7	 50350000	 50850000	10
chr7	 51100000	 53400000	46
chr7	 51200000	 53800000	52
chr7	 52550000	 50650000	38
chr7	 52600000	 49550000	61
chr7	 52850000	 54100000	25
chr7	 55750000	 54900000	17
chr7	 57600000	 56100000	30
chr7	 58150000	 59550000	28
chr7	 59350000	 61150000	36
chr7	 61400000	 62050000	13
chr7	 66800000	 65750000	21
chr7	 67750000	 67050000	14
chr7	 67800000	 68750000	19
chr7	 69600000	 68450000	23
chr7	 71650000	 72400000	15
chr7	 72550000	 74900000	47
chr7	 73650000	 72150000	30
chr7	 73950000	 76150000	44
chr7	 76200000	 77650000	29
chr7	 76550000	 74550000	40
chr7	 77500000	 76400000	22
chr7	 78500000	 76450000	41
chr7	 78500000	 76900000	32
chr7	 80850000	 80650000	4
chr7	 81250000	 80150000	22
chr7	 82500000	 80550000	39
chr7	 82550000	 81900000	13
chr7	 82550000	 84550000	40
chr7	 83300000	 84700000	28
chr7	 84200000	 82950000	25
chr7	 84550000	 85500000	19
chr7	 85500000	 84400000	22
chr7	 87000000	 87200000	4
chr7	 87200000	 88600000	28
chr7	 89450000	 88700000	15
chr7	 92600000	 90850000	35
chr7	 94050000	 93450000	12
chr7	 94500000	 95950000	29
chr7	 95150000	 93800000	27
chr7	 97600000	 99750000	43
chr7	102000000	102850000	17
chr7	103500000	104650000	23
chr7	103950000	104850000	18
chr7	104300000	103950000	7
chr7	105100000	107900000	56
chr7	107250000	108050000	16
chr7	107350000	108100000	15
chr7	108700000	109750000	21
chr7	109700000	111550000	37
chr7	110950000	109500000	29
chr7	113250000	112700000	11
chr7	113400000	112100000	26
chr7	114800000	115650000	17
chr7	114900000	113700000	24
chr7	118750000	117800000	19
chr7	119000000	119950000	19
chr7	120600000	121200000	12
chr7	121800000	123000000	24
chr7	124800000	123450000	27
chr7	124900000	124400000	10
chr7	125350000	124500000	17
chr7	126550000	127700000	23
chr7	127350000	127500000	3
chr7	129300000	130150000	17
chr7	130050000	129500000	11
chr7	130550000	131500000	19
chr7	130850000	130100000	15
chr7	132550000	133600000	21
chr7	133950000	134500000	11
chr7	134500000	134900000	8
chr7	136550000	137100000	11
chr7	137950000	137550000	8
chr7	138000000	137100000	18
chr7	141950000	142200000	5
chr7	142550000	140450000	42
chr7	143250000	140900000	47
chr7	143750000	144550000	16
chr7	144900000	142950000	39
chr8	  1100000	   250000	17
chr8	  1550000	  2000000	9
chr8	  2700000	  1450000	25
chr8	  3400000	  4050000	13
chr8	  7200000	  8650000	29
chr8	  9300000	 10400000	22
chr8	  9350000	  7850000	30
chr8	  9800000	  8750000	21
chr8	  9950000	 10700000	15
chr8	 12850000	 12250000	12
chr8	 14250000	 12400000	37
chr8	 15400000	 13850000	31
chr8	 17950000	 18150000	4
chr8	 19200000	 19900000	14
chr8	 20000000	 19750000	5
chr8	 20200000	 19100000	22
chr8	 26050000	 27350000	26
chr8	 26300000	 27700000	28
chr8	 26350000	 27300000	19
chr8	 26850000	 28350000	30
chr8	 27050000	 27900000	17
chr8	 29350000	 32100000	55
chr8	 30450000	 31550000	22
chr8	 31050000	 32150000	22
chr8	 33800000	 32950000	17
chr8	 36150000	 34400000	35
chr8	 36650000	 35900000	15
chr8	 37900000	 38800000	18
chr8	 38800000	 40700000	38
chr8	 40700000	 41050000	7
chr8	 44350000	 40950000	68
chr8	 44700000	 43850000	17
chr8	 49300000	 48450000	17
chr8	 49400000	 48700000	14
chr8	 51250000	 51800000	11
chr8	 51850000	 52700000	17
chr8	 52350000	 52000000	7
chr8	 52350000	 53000000	13
chr8	 57200000	 57700000	10
chr8	 58250000	 57350000	18
chr8	 59500000	 61500000	40
chr8	 60750000	 61750000	20
chr8	 61150000	 60050000	22
chr8	 61850000	 61150000	14
chr8	 61900000	 60150000	35
chr8	 63250000	 64500000	25
chr8	 63600000	 61800000	36
chr8	 69100000	 68500000	12
chr8	 70300000	 68100000	44
chr8	 71050000	 69600000	29
chr8	 71400000	 69450000	39
chr8	 72150000	 73650000	30
chr8	 73100000	 73450000	7
chr8	 74250000	 74250000	0
chr8	 77350000	 75500000	37
chr8	 77800000	 80200000	48
chr8	 79200000	 79900000	14
chr8	 80900000	 82400000	30
chr8	 81100000	 82250000	23
chr8	 82100000	 80600000	30
chr8	 83600000	 83250000	7
chr8	 84000000	 83250000	15
chr8	 87350000	 86450000	18
chr8	 88350000	 87100000	25
chr8	 88600000	 89650000	21
chr8	 89850000	 88450000	28
chr8	 90250000	 89100000	23
chr8	 91650000	 91150000	10
chr8	 93250000	 96200000	59
chr8	100400000	100950000	11
chr8	100500000	100000000	10
chr8	100850000	 99650000	24
chr8	101300000	 99800000	30
chr8	102100000	104050000	39
chr8	102550000	103750000	24
chr8	104150000	104700000	11
chr8	106750000	108050000	26
chr8	109400000	108800000	12
chr8	110200000	109450000	15
chr8	110650000	110000000	13
chr8	111650000	112100000	9
chr8	114200000	113400000	16
chr8	117100000	116300000	16
chr8	117250000	118550000	26
chr8	117600000	117000000	12
chr8	120200000	119600000	12
chr8	120850000	122150000	26
chr8	121600000	122350000	15
chr8	122650000	122100000	11
chr8	124750000	122850000	38
chr8	126000000	125150000	17
chr8	126150000	125750000	8
chr8	126400000	127950000	31
chr8	127200000	125950000	25
chr8	127400000	126600000	16
chr8	127500000	126650000	17
chr8	128150000	125200000	59
chr9	  1250000	  3100000	37
chr9	  1800000	  2350000	11
chr9	  2200000	  3200000	20
chr9	  2350000	   800000	31
chr9	  2950000	  3900000	19
chr9	  3000000	  1100000	38
chr9	  3050000	  1750000	26
chr9	  3300000	  4650000	27
chr9	  3850000	  2700000	23
chr9	  5850000	  5200000	13
chr9	  6150000	  5400000	15
chr9	  8200000	  7750000	9
chr9	  8400000	  7400000	20
chr9	 10050000	  9500000	11
chr9	 11450000	 12800000	27
chr9	 14100000	 13550000	11
chr9	 16400000	 17450000	21
chr9	 18150000	 16700000	29
chr9	 18850000	 18550000	6
chr9	 21400000	 23000000	32
chr9	 22000000	 22800000	16
chr9	 22050000	 23200000	23
chr9	 24150000	 25000000	17
chr9	 26000000	 25450000	11
chr9	 26200000	 27350000	23
chr9	 26800000	 23900000	58
chr9	 27550000	 26350000	24
chr9	 27750000	 28750000	20
chr9	 28050000	 30300000	45
chr9	 28650000	 27600000	21
chr9	 29700000	 31600000	38
chr9	 30600000	 29600000	20
chr9	 31400000	 30600000	16
chr9	 32650000	 34550000	38
chr9	 34550000	 32050000	50
chr9	 37900000	 35700000	44
chr9	 38750000	 37900000	17
chr9	 39200000	 40050000	17
chr9	 40500000	 41400000	18
chr9	 41800000	 44000000	44
chr9	 43800000	 44250000	9
chr9	 44700000	 45500000	16
chr9	 45200000	 44150000	21
chr9	 46150000	 44750000	28
chr9	 50500000	 48800000	34
chr9	 51350000	 52250000	18
chr9	 51750000	 52550000	16
chr9	 52350000	 53450000	22
chr9	 52700000	 50050000	53
chr9	 52850000	 51450000	28
chr9	 53000000	 53600000	12
chr9	 53350000	 54000000	13
chr9	 56000000	 54600000	28
chr9	 56450000	 55750000	14
chr9	 56550000	 59350000	56
chr9	 56600000	 53500000	62
chr9	 57550000	 57900000	7
chr9	 58400000	 55850000	51
chr9	 61100000	 61850000	15
chr9	 61100000	 62400000	26
chr9	 62600000	 61350000	25
chr9	 64350000	 63300000	21
chr9	 65400000	 64600000	16
chr9	 67650000	 69550000	38
chr9	 68000000	 69050000	21
chr9	 70200000	 71600000	28
chr9	 71550000	 71950000	8
chr9	 71900000	 73000000	22
chr9	 74300000	 73200000	22
chr9	 75750000	 75200000	11
chr9	 76650000	 75900000	15
chr9	 76650000	 78650000	40
chr9	 77800000	 79850000	41
chr9	 78850000	 79750000	18
chr9	 83050000	 86250000	64
chr9	 84000000	 83000000	20
chr9	 84500000	 85650000	23
chr9	 84700000	 85350000	13
chr9	 85350000	 86500000	23
chr9	 87900000	 89550000	33
chr9	 91300000	 92500000	24
chr9	 91350000	 90900000	9
chr9	 92000000	 90350000	33
chr9	 92550000	 93850000	26
chr9	 94850000	 93850000	20
chr9	 95950000	 95500000	9
chr9	 96050000	 94600000	29
chr9	 96450000	 95250000	24
chr9	 98400000	 99450000	21
chr9	101000000	 99600000	28
chr9	104150000	105000000	17
chr9	104450000	105550000	22
chr9	104650000	105750000	22
chr9	106200000	107650000	29
chr9	106750000	105600000	23
chr9	107550000	108750000	24
chr9	107750000	103950000	76
chr9	107950000	109150000	24
chr9	110050000	111050000	20
chr9	111150000	111350000	4
chr9	112000000	111000000	20
chr9	113250000	113650000	8
chr9	114900000	113800000	22
chr9	115300000	111800000	70
chr9	115550000	114900000	13
chr9	115650000	114700000	19
chr9	115900000	114850000	21
chr9	117350000	118200000	17
chr9	118400000	119400000	20
chr9	119600000	120500000	18
chr9	121500000	122350000	17
chr9	122200000	121300000	18
chrX	  1950000	  3050000	22
chrX	  2400000	  4450000	41
chrX	  3050000	  4200000	23
chrX	  3200000	  1750000	29
chrX	  3750000	  4400000	13
chrX	  3750000	  5050000	26
chrX	  5100000	  3650000	29
chrX	  6150000	  7050000	18
chrX	  6900000	  8700000	36
chrX	  9600000	  9950000	7
chrX	 12800000	 11350000	29
chrX	 13100000	 14100000	20
chrX	 13150000	 14350000	24
chrX	 13950000	 15150000	24
chrX	 16950000	 15650000	26
chrX	 17700000	 16900000	16
chrX	 18700000	 17400000	26
chrX	 19250000	 17850000	28
chrX	 19900000	 19350000	11
chrX	 19950000	 18600000	27
chrX	 20050000	 21350000	26
chrX	 22000000	 22400000	8
chrX	 22650000	 21350000	26
chrX	 23950000	 22850000	22
chrX	 24350000	 25000000	13
chrX	 26200000	 27200000	20
chrX	 27000000	 28700000	34
chrX	 27350000	 27800000	9
chrX	 27550000	 26350000	24
chrX	 28100000	 30050000	39
chrX	 29350000	 27500000	37
chrX	 32050000	 32700000	13
chrX	 32500000	 33950000	29
chrX	 33250000	 33600000	7
chrX	 36550000	 35850000	14
chrX	 36750000	 37900000	23
chrX	 37000000	 36050000	19
chrX	 37650000	 38900000	25
chrX	 38050000	 39850000	36
chrX	 38150000	 36800000	27
chrX	 38950000	 41100000	43
chrX	 39550000	 39950000	8
chrX	 40450000	 41750000	26
chrX	 41400000	 42500000	22
chrX	 42550000	 41900000	13
chrX	 43450000	 42800000	13
chrX	 43950000	 44500000	11
chrX	 44100000	 41300000	56
chrX	 47000000	 47300000	6
chrX	 49850000	 51350000	30
chrX	 51600000	 50850000	15
chrX	 52250000	 50550000	34
chrX	 53700000	 54200000	10
chrX	 53900000	 55150000	25
chrX	 54000000	 52850000	23
chrX	 54950000	 54150000	16
chrX	 56050000	 57350000	26
chrX	 56650000	 57800000	23
chrX	 57600000	 58200000	12
chrX	 57900000	 58400000	10
chrX	 57950000	 59050000	22
chrX	 60350000	 59150000	24
chrX	 60350000	 59200000	23
chrX	 60400000	 59400000	20
chrX	 62100000	 63400000	26
chrX	 63500000	 62050000	29
chrX	 64100000	 64750000	13
chrX	 65350000	 64550000	16
chrX	 66550000	 68300000	35
chrX	 66750000	 67150000	8
chrX	 67050000	 65900000	23
chrX	 68100000	 67350000	15
chrX	 68200000	 70200000	40
chrX	 69850000	 70400000	11
chrX	 71100000	 71600000	10
chrX	 71800000	 72850000	21
chrX	 72150000	 73150000	20
chrX	 74750000	 75850000	22
chrX	 75300000	 76600000	26
chrX	 76800000	 76100000	14
chrX	 77450000	 78250000	16
chrX	 77900000	 78900000	20
chrX	 78700000	 78450000	5
chrX	 80800000	 81600000	16
chrX	 82650000	 81750000	18
chrX	 82900000	 82350000	11
chrX	 87200000	 86250000	19
chrX	 87300000	 87050000	5
chrX	 89700000	 91600000	38
chrX	 90750000	 89850000	18
chrX	 91100000	 90250000	17
chrX	 91300000	 92450000	23
chrX	 91550000	 90700000	17
chrX	 92300000	 95050000	55
chrX	 93050000	 92050000	20
chrX	 94100000	 95550000	29
chrX	 94650000	 96250000	32
chrX	 96100000	 95350000	15
chrX	 97100000	 96450000	13
chrX	 97600000	 96800000	16
chrX	 97750000	 96400000	27
chrX	 97800000	 95700000	42
chrX	 99400000	100000000	12
chrX	 99750000	100450000	14
chrX	100450000	 99100000	27
chrX	100600000	 99550000	21
chrX	102250000	102850000	12
chrX	102900000	103850000	19
chrX	103200000	102800000	8
chrX	103300000	103850000	11
chrX	105350000	104350000	20
chrX	105350000	107050000	34
chrX	108700000	110500000	36
chrX	108800000	109900000	22
chrX	108950000	110350000	28
chrX	109350000	108100000	25
chrX	109900000	110750000	17
chrX	110900000	110100000	16
chrX	113650000	114850000	24
chrX	114100000	115000000	18
chrX	116000000	115250000	15
chrX	116250000	114750000	30
chrX	116350000	117050000	14
chrX	116750000	115300000	29
chrX	117600000	116000000	32
chrX	117850000	117300000	11
chrX	117900000	116550000	27
chrX	120100000	121400000	26
chrX	121850000	121050000	16
chrX	122050000	123700000	33
chrX	123900000	125050000	23
chrX	124400000	123050000	27
chrX	124450000	125350000	18
chrX	125200000	124300000	18
chrX	125650000	126250000	12
chrX	126350000	125050000	26
chrX	126900000	127700000	16
chrX	129000000	128550000	9
chrX	131700000	131450000	5
chrX	132700000	132350000	7
chrX	132900000	133400000	10
chrX	133100000	134300000	24
chrX	134050000	133150000	18
chrX	134250000	133650000	12
chrX	136000000	135450000	11
chrX	137450000	138500000	21
chrX	137800000	139300000	30
chrX	137900000	139350000	29
chrX	141950000	140250000	34
chrX	142950000	141400000	31
chrX	144650000	143600000	21
chrX	144950000	145950000	20
chrX	146050000	145650000	8
chrX	148750000	148200000	11
chrX	148800000	147350000	29
chrX	149900000	148700000	24
chrX	150150000	147950000	44
chrX	152050000	153150000	22
chrX	154600000	153600000	20
chrX	157150000	156500000	13
chrX	157650000	156550000	22
chrX	158750000	157700000	21
chrX	158750000	157750000	20
chrX	160750000	159250000	30
chrX	160900000	160600000	6
chrX	161550000	159050000	50
chrX	161750000	160000000	35
chrX	163000000	161200000	36
chrX	164600000	165300000	14
chrX	165950000	166500000	11
chrX	169850000	171000000	23
chrY	   250000	   900000	13
chrY	  2050000	  3000000	19
chrY	  2750000	  1500000	25
chrY	  3400000	  2700000	14
chrY	  3650000	  3000000	13
chrY	  4050000	  5850000	36
chrY	  5150000	  2850000	46
chrY	  7300000	  7950000	13
chrY	  9750000	  8200000	31
chrY	 11400000	  8850000	51
chrY	 12650000	 12200000	9
chrY	 13200000	 12200000	20
chrY	 13350000	 13850000	10
chrY	 13650000	 14500000	17
chrY	 13800000	 14450000	13
chrY	 18800000	 19700000	18
chrY	 19700000	 20250000	11
chrY	 22850000	 21900000	19
chrY	 24450000	 23750000	14
chrY	 25550000	 28000000	49
chrY	 29800000	 32400000	52
chrY	 30150000	 29400000	15
chrY	 30150000	 30750000	12
chrY	 30850000	 32050000	24
chrY	 34700000	 35350000	13
chrY	 34700000	 35500000	16
chrY	 36000000	 34750000	25
chrY	 38600000	 37600000	20
chrY	 40050000	 39750000	6
chrY	 40800000	 40050000	15
chrY	 41000000	 41600000	12
chrY	 41950000	 41600000	7
chrY	 42350000	 40750000	32
chrY	 43450000	 42300000	23
chrY	 45500000	 44600000	18
chrY	 46200000	 44850000	27
chrY	 47750000	 46000000	35
chrY	 50350000	 49900000	9
chrY	 50650000	 50650000	0
chrY	 50950000	 49600000	27
chrY	 53500000	 52350000	23
chrY	 55150000	 54250000	18
chrY	 55900000	 54500000	28
chrY	 56100000	 56800000	14
chrY	 56150000	 57100000	19
chrY	 58900000	 59200000	6
chrY	 59700000	 58150000	31
chrY	 61350000	 60500000	17
chrY	 62000000	 61300000	14
chrY	 63000000	 61800000	24
chrY	 66850000	 66100000	15
chrY	 71250000	 70250000	20
chrY	 74850000	 76150000	26
chrY	 75250000	 74300000	19
chrY	 76000000	 76700000	14
chrY	 76150000	 77150000	20
chrY	 76750000	 78200000	29
chrY	 76800000	 76150000	13
chrY	 77950000	 77550000	8
chrY	 78350000	 79150000	16
chrY	 79300000	 77650000	33
chrY	 79450000	 78750000	14
chrY	 79800000	 79250000	11
chrY	 80100000	 80750000	13
chrY	 80900000	 86900000	120
chrY	 81050000	 79450000	32
chrY	 81100000	 83100000	40
chrY	 83400000	 82900000	10
chrY	 84150000	 85750000	32
chrY	 84650000	 85100000	9
chrY	 87150000	 84950000	44
chrY	 87250000	 88650000	28
chrY	 88700000	 88700000	0
chrY	 89850000	 89200000	13
chrY	 90050000	 87600000	49
chrY	 90550000	 91550000	20
