chr1	  2250000	  1650000	12
chr1	  2300000	  3100000	16
chr1	  3950000	  2750000	24
chr1	  7400000	  7750000	7
chr1	  7750000	 10800000	61
chr1	  9150000	  7900000	25
chr1	 13800000	 13650000	3
chr1	 14350000	 15050000	14
chr1	 14800000	 16350000	31
chr1	 14850000	 14400000	9
chr1	 16550000	 18300000	35
chr1	 26150000	 27050000	18
chr1	 26900000	 27800000	18
chr1	 27500000	 26400000	22
chr1	 29450000	 31150000	34
chr1	 29950000	 31200000	25
chr1	 32750000	 31200000	31
chr1	 32950000	 33850000	18
chr1	 33250000	 32300000	19
chr1	 36400000	 39100000	54
chr1	 36750000	 33250000	70
chr1	 40050000	 40750000	14
chr1	 41150000	 42400000	25
chr1	 41700000	 40700000	20
chr1	 42000000	 41150000	17
chr1	 42450000	 43500000	21
chr1	 46150000	 46650000	10
chr1	 53700000	 54800000	22
chr1	 54100000	 52900000	24
chr1	 55350000	 52950000	48
chr1	 55500000	 54500000	20
chr1	 56850000	 58150000	26
chr1	 57500000	 54750000	55
chr1	 60050000	 59550000	10
chr1	 60950000	 62850000	38
chr1	 61400000	 60900000	10
chr1	 61550000	 62600000	21
chr1	 62950000	 60500000	49
chr1	 63300000	 62600000	14
chr1	 64000000	 65150000	23
chr1	 64200000	 65500000	26
chr1	 66500000	 65450000	21
chr1	 70350000	 71550000	24
chr1	 70800000	 71900000	22
chr1	 72050000	 70850000	24
chr1	 74450000	 73000000	29
chr1	 74650000	 76100000	29
chr1	 76150000	 74400000	35
chr1	 80100000	 77700000	48
chr1	 81350000	 82300000	19
chr1	 81550000	 81000000	11
chr1	 81650000	 82100000	9
chr1	 82650000	 80350000	46
chr1	 83650000	 84950000	26
chr1	 83850000	 83050000	16
chr1	 84550000	 85100000	11
chr1	 84800000	 85650000	17
chr1	 85050000	 83300000	35
chr1	 86650000	 86250000	8
chr1	 87400000	 88200000	16
chr1	 87700000	 88450000	15
chr1	 88150000	 89150000	20
chr1	 90350000	 90000000	7
chr1	 92050000	 91150000	18
chr1	 92600000	 93150000	11
chr1	 92950000	 92200000	15
chr1	 93000000	 94950000	39
chr1	 93250000	 94000000	15
chr1	 93800000	 95450000	33
chr1	 96300000	 97400000	22
chr1	 96750000	 97200000	9
chr1	 99000000	 96500000	50
chr1	 99750000	 98400000	27
chr1	100350000	103900000	71
chr1	100550000	 99600000	19
chr1	100550000	101450000	18
chr1	101450000	102300000	17
chr1	102200000	101050000	23
chr1	102200000	102650000	9
chr1	106350000	107800000	29
chr1	107750000	107100000	13
chr1	112200000	113650000	29
chr1	114800000	114000000	16
chr1	116000000	115600000	8
chr1	116600000	115950000	13
chr1	117150000	115200000	39
chr1	118850000	119400000	11
chr1	119450000	117350000	42
chr1	119500000	119950000	9
chr1	123650000	121750000	38
chr1	124650000	123400000	25
chr1	125400000	126550000	23
chr1	132200000	133150000	19
chr1	133950000	133550000	8
chr1	134550000	133950000	12
chr1	136750000	137600000	17
chr1	139200000	138100000	22
chr1	141050000	142900000	37
chr1	141500000	139750000	35
chr1	142850000	144600000	35
chr1	143950000	141600000	47
chr1	145150000	144650000	10
chr1	146950000	145600000	27
chr1	147000000	146600000	8
chr1	151200000	152400000	24
chr1	152250000	151050000	24
chr1	153200000	152450000	15
chr1	153650000	154700000	21
chr1	154900000	154400000	10
chr1	157200000	157000000	4
chr1	157950000	159550000	32
chr1	158700000	157600000	22
chr1	159000000	160100000	22
chr1	159300000	158050000	25
chr1	159500000	158950000	11
chr1	159500000	159500000	0
chr1	159850000	159150000	14
chr1	159900000	158550000	27
chr1	160150000	162750000	52
chr1	160450000	159200000	25
chr1	160450000	161700000	25
chr1	161400000	164050000	53
chr1	167250000	167950000	14
chr1	168150000	166450000	34
chr1	169000000	169350000	7
chr1	169100000	169850000	15
chr1	170250000	171150000	18
chr1	171450000	170150000	26
chr1	171650000	173050000	28
chr1	172700000	173350000	13
chr1	172750000	172450000	6
chr1	175700000	173350000	47
chr1	177350000	175400000	39
chr1	177950000	177600000	7
chr1	179500000	177600000	38
chr1	179600000	178950000	13
chr1	182350000	180400000	39
chr1	183200000	182700000	10
chr1	185650000	186250000	12
chr1	186400000	184300000	42
chr1	187500000	185350000	43
chr1	189900000	189100000	16
chr1	190650000	192150000	30
chr1	191450000	192800000	27
chr1	193450000	192950000	10
chr10	   800000	  2650000	37
chr10	  1150000	  2600000	29
chr10	  1300000	  3150000	37
chr10	  3450000	  2950000	10
chr10	  3800000	  1850000	39
chr10	  4350000	  3450000	18
chr10	  4750000	  4200000	11
chr10	  5550000	  4950000	12
chr10	  5950000	  6550000	12
chr10	  8550000	  7100000	29
chr10	 10050000	 11300000	25
chr10	 10150000	 11000000	17
chr10	 11300000	 10650000	13
chr10	 11750000	 14100000	47
chr10	 12250000	 13300000	21
chr10	 13900000	 12600000	26
chr10	 14100000	 15400000	26
chr10	 15400000	 16100000	14
chr10	 16150000	 16950000	16
chr10	 16250000	 15300000	19
chr10	 16250000	 15500000	15
chr10	 16400000	 15500000	18
chr10	 17750000	 16950000	16
chr10	 20050000	 21500000	29
chr10	 22750000	 23750000	20
chr10	 24600000	 26400000	36
chr10	 30050000	 31100000	21
chr10	 32250000	 33050000	16
chr10	 35250000	 36100000	17
chr10	 35750000	 36100000	7
chr10	 36400000	 37350000	19
chr10	 36600000	 37300000	14
chr10	 36850000	 35650000	24
chr10	 38100000	 36700000	28
chr10	 39600000	 38950000	13
chr10	 44600000	 46350000	35
chr10	 47000000	 45700000	26
chr10	 47150000	 47550000	8
chr10	 47350000	 46350000	20
chr10	 47500000	 45750000	35
chr10	 50600000	 48900000	34
chr10	 51400000	 50400000	20
chr10	 51600000	 52450000	17
chr10	 52800000	 54600000	36
chr10	 55150000	 51300000	77
chr10	 55150000	 56500000	27
chr10	 56400000	 55250000	23
chr10	 56400000	 55350000	21
chr10	 57800000	 58350000	11
chr10	 62150000	 62850000	14
chr10	 62600000	 64700000	42
chr10	 64100000	 62400000	34
chr10	 65450000	 66100000	13
chr10	 65900000	 64000000	38
chr10	 66050000	 67250000	24
chr10	 67200000	 65750000	29
chr10	 67500000	 69050000	31
chr10	 69350000	 68100000	25
chr10	 73050000	 73750000	14
chr10	 74100000	 75250000	23
chr10	 74600000	 76300000	34
chr10	 74850000	 75750000	18
chr10	 76600000	 77900000	26
chr10	 77600000	 76600000	20
chr10	 79000000	 80150000	23
chr10	 79500000	 80250000	15
chr10	 79950000	 79000000	19
chr10	 80800000	 80000000	16
chr10	 91350000	 91350000	0
chr10	 92050000	 92700000	13
chr10	 93050000	 92000000	21
chr10	 93450000	 93300000	3
chr10	 95550000	 96200000	13
chr10	 97100000	 96550000	11
chr10	 97200000	 94150000	61
chr10	 97500000	 98450000	19
chr10	 97850000	 96200000	33
chr10	 98500000	 98050000	9
chr10	 99500000	 99200000	6
chr10	100350000	101100000	15
chr10	101350000	102000000	13
chr10	102400000	101200000	24
chr10	103200000	104350000	23
chr10	103500000	104150000	13
chr10	103850000	104300000	9
chr10	104200000	104700000	10
chr10	106350000	106650000	6
chr10	107950000	108200000	5
chr10	111200000	112000000	16
chr10	112450000	108500000	79
chr10	114000000	112000000	40
chr10	114400000	115250000	17
chr10	114500000	113900000	12
chr10	115100000	116400000	26
chr10	115200000	116450000	25
chr10	115750000	117050000	26
chr10	115750000	117400000	33
chr10	116150000	113700000	49
chr10	117350000	118000000	13
chr10	118700000	117500000	24
chr10	123100000	124300000	24
chr10	125200000	123250000	39
chr10	126750000	128200000	29
chr10	127100000	126450000	13
chr10	128650000	129850000	24
chr10	128850000	128050000	16
chr10	129400000	127700000	34
chr10	130450000	128700000	35
chr11	  8700000	 10350000	33
chr11	 13450000	 14650000	24
chr11	 15250000	 16250000	20
chr11	 15500000	 13500000	40
chr11	 22350000	 21250000	22
chr11	 22850000	 23900000	21
chr11	 22950000	 22250000	14
chr11	 24750000	 23400000	27
chr11	 24850000	 24500000	7
chr11	 28700000	 27450000	25
chr11	 29400000	 27850000	31
chr11	 30100000	 30650000	11
chr11	 30150000	 31350000	24
chr11	 35300000	 36000000	14
chr11	 36150000	 35200000	19
chr11	 36750000	 37950000	24
chr11	 37250000	 37850000	12
chr11	 40900000	 40600000	6
chr11	 41600000	 41100000	10
chr11	 43050000	 42550000	10
chr11	 44850000	 42650000	44
chr11	 45300000	 43950000	27
chr11	 46100000	 45400000	14
chr11	 47700000	 47150000	11
chr11	 47950000	 49750000	36
chr11	 49950000	 50550000	12
chr11	 50300000	 49350000	19
chr11	 50800000	 53250000	49
chr11	 50850000	 51350000	10
chr11	 51500000	 50050000	29
chr11	 53800000	 52600000	24
chr11	 54650000	 54300000	7
chr11	 57050000	 56350000	14
chr11	 57450000	 59550000	42
chr11	 57500000	 56500000	20
chr11	 58500000	 57750000	15
chr11	 60400000	 59050000	27
chr11	 60800000	 59500000	26
chr11	 64300000	 65200000	18
chr11	 64350000	 65400000	21
chr11	 65450000	 62300000	63
chr11	 65850000	 66400000	11
chr11	 66700000	 65800000	18
chr11	 66800000	 65750000	21
chr11	 66800000	 68300000	30
chr11	 67800000	 67400000	8
chr11	 68750000	 68200000	11
chr11	 70300000	 66950000	67
chr11	 71000000	 71250000	5
chr11	 72900000	 73500000	12
chr11	 75300000	 74800000	10
chr11	 75350000	 77550000	44
chr11	 77550000	 76650000	18
chr11	 81450000	 80050000	28
chr11	 82050000	 81150000	18
chr11	 82350000	 81900000	9
chr11	 82600000	 84800000	44
chr11	 83200000	 83800000	12
chr11	 83350000	 84450000	22
chr11	 83500000	 82300000	24
chr11	 84550000	 83750000	16
chr11	 86050000	 84800000	25
chr11	 88300000	 87950000	7
chr11	 90600000	 91250000	13
chr11	 91450000	 90350000	22
chr11	 91750000	 92300000	11
chr11	 93500000	 94150000	13
chr11	 96050000	 96050000	0
chr11	 97300000	 97800000	10
chr11	 97950000	 97200000	15
chr11	102800000	100700000	42
chr11	103500000	104400000	18
chr11	104300000	107150000	57
chr11	106300000	106600000	6
chr11	110800000	109050000	35
chr11	113850000	115350000	30
chr11	115050000	115750000	14
chr11	115800000	114500000	26
chr11	116400000	117800000	28
chr11	116450000	115150000	26
chr11	117400000	119400000	40
chr11	118350000	117300000	21
chr11	119100000	119900000	16
chr12	  1950000	  3200000	25
chr12	  2800000	  3300000	10
chr12	  6000000	  6000000	0
chr12	  6100000	  5000000	22
chr12	  8850000	 10650000	36
chr12	  9000000	  7100000	38
chr12	  9650000	 10050000	8
chr12	 10800000	  9300000	30
chr12	 11200000	 11450000	5
chr12	 11950000	 10500000	29
chr12	 13750000	 14800000	21
chr12	 16750000	 17700000	19
chr12	 19900000	 19350000	11
chr12	 21100000	 20700000	8
chr12	 21900000	 24250000	47
chr12	 24250000	 22850000	28
chr12	 25600000	 24950000	13
chr12	 26250000	 24950000	26
chr12	 26650000	 27150000	10
chr12	 27150000	 28750000	32
chr12	 27350000	 26250000	22
chr12	 27750000	 29350000	32
chr12	 30850000	 30000000	17
chr12	 33200000	 34450000	25
chr12	 33400000	 32550000	17
chr12	 34600000	 33550000	21
chr12	 35950000	 36500000	11
chr12	 36800000	 37450000	13
chr12	 37350000	 38650000	26
chr12	 38750000	 38150000	12
chr12	 40150000	 39250000	18
chr12	 41100000	 43100000	40
chr12	 41250000	 40100000	23
chr12	 42150000	 39900000	45
chr12	 44900000	 44300000	12
chr12	 46350000	 45450000	18
chr12	 47500000	 46650000	17
chr12	 47600000	 48400000	16
chr12	 51100000	 48150000	59
chr12	 51250000	 52750000	30
chr12	 52000000	 51450000	11
chr12	 53450000	 56700000	65
chr12	 54000000	 52700000	26
chr12	 54450000	 55200000	15
chr12	 55250000	 54700000	11
chr12	 55450000	 57300000	37
chr12	 55600000	 55950000	7
chr12	 55700000	 56900000	24
chr12	 59850000	 60650000	16
chr12	 61300000	 62500000	24
chr12	 61450000	 60050000	28
chr12	 62000000	 62600000	12
chr12	 63500000	 64550000	21
chr12	 65950000	 65300000	13
chr12	 67000000	 66650000	7
chr12	 68450000	 69150000	14
chr12	 69950000	 69050000	18
chr12	 70800000	 73100000	46
chr12	 73450000	 74400000	19
chr12	 73600000	 72150000	29
chr12	 73900000	 72550000	27
chr12	 74150000	 75300000	23
chr12	 75600000	 75300000	6
chr12	 76600000	 75650000	19
chr12	 79950000	 80200000	5
chr12	 81300000	 82650000	27
chr12	 81650000	 83250000	32
chr12	 83800000	 84200000	8
chr12	 85300000	 86000000	14
chr12	 87000000	 86000000	20
chr12	 88650000	 87750000	18
chr12	 90100000	 89550000	11
chr12	 90250000	 92100000	37
chr12	 93550000	 94000000	9
chr12	 94550000	 95300000	15
chr12	 97450000	 96050000	28
chr12	 99300000	 97600000	34
chr12	 99350000	100300000	19
chr12	 99600000	100900000	26
chr12	100500000	102450000	39
chr12	100650000	101600000	19
chr12	105150000	106550000	28
chr12	105900000	107450000	31
chr12	106850000	107300000	9
chr12	111900000	112450000	11
chr12	112750000	113350000	12
chr12	113750000	112600000	23
chr12	115050000	116750000	34
chr12	118050000	117450000	12
chr13	  1150000	  2750000	32
chr13	  2600000	  1650000	19
chr13	  2750000	  3500000	15
chr13	  3750000	  3050000	14
chr13	  3900000	  3000000	18
chr13	  4850000	  5750000	18
chr13	  5600000	  5150000	9
chr13	  7500000	  8800000	26
chr13	  7750000	  9750000	40
chr13	  7950000	  9150000	24
chr13	 12550000	 12000000	11
chr13	 14300000	 15500000	24
chr13	 14900000	 15450000	11
chr13	 16050000	 14400000	33
chr13	 17650000	 18500000	17
chr13	 19650000	 20450000	16
chr13	 19800000	 21100000	26
chr13	 21150000	 20150000	20
chr13	 21250000	 20450000	16
chr13	 23100000	 22500000	12
chr13	 23850000	 25000000	23
chr13	 25150000	 25650000	10
chr13	 26300000	 25200000	22
chr13	 26550000	 25850000	14
chr13	 26750000	 27300000	11
chr13	 27400000	 27200000	4
chr13	 28400000	 26500000	38
chr13	 28450000	 29150000	14
chr13	 28900000	 29600000	14
chr13	 28950000	 29450000	10
chr13	 29950000	 29100000	17
chr13	 31100000	 32000000	18
chr13	 31350000	 29700000	33
chr13	 34900000	 38350000	69
chr13	 35200000	 35850000	13
chr13	 36300000	 31450000	97
chr13	 36350000	 35750000	12
chr13	 36750000	 35950000	16
chr13	 37750000	 38800000	21
chr13	 40600000	 39600000	20
chr13	 42900000	 39800000	62
chr13	 46500000	 45950000	11
chr13	 47450000	 45650000	36
chr13	 47450000	 48400000	19
chr13	 48850000	 48050000	16
chr13	 50450000	 48800000	33
chr13	 51800000	 48950000	57
chr13	 52250000	 51200000	21
chr13	 53150000	 52300000	17
chr13	 53600000	 53600000	0
chr13	 54750000	 56000000	25
chr13	 60050000	 58400000	33
chr13	 65000000	 67300000	46
chr13	 67050000	 65850000	24
chr13	 67700000	 68100000	8
chr13	 68600000	 69500000	18
chr13	 69350000	 71700000	47
chr13	 70950000	 70300000	13
chr13	 71650000	 72450000	16
chr13	 72100000	 72600000	10
chr13	 72500000	 71850000	13
chr13	 72900000	 73200000	6
chr13	 74600000	 76000000	28
chr13	 77250000	 76100000	23
chr13	 77700000	 76750000	19
chr13	 80250000	 79250000	20
chr13	 82550000	 81100000	29
chr13	 83800000	 83050000	15
chr13	 84300000	 83400000	18
chr13	 84350000	 85400000	21
chr13	 85100000	 86250000	23
chr13	 87700000	 86050000	33
chr13	 91400000	 87800000	72
chr13	 93350000	 91850000	30
chr13	 93500000	 93300000	4
chr13	 94050000	 93200000	17
chr13	 94350000	 93300000	21
chr13	 95150000	 95650000	10
chr13	 95550000	 94900000	13
chr13	 96000000	 95300000	14
chr13	 98200000	100700000	50
chr13	100300000	 99550000	15
chr13	100350000	100650000	6
chr13	100950000	101750000	16
chr13	101700000	101950000	5
chr13	102150000	102850000	14
chr13	103700000	105550000	37
chr13	104400000	106050000	33
chr13	104500000	103050000	29
chr13	104500000	103550000	19
chr13	105200000	104600000	12
chr13	105600000	103850000	35
chr13	105850000	105050000	16
chr13	107050000	109650000	52
chr13	108700000	107200000	30
chr13	109800000	106700000	62
chr13	109800000	109150000	13
chr13	109800000	110200000	8
chr13	110400000	109450000	19
chr13	111500000	110050000	29
chr13	111950000	112550000	12
chr13	113850000	112850000	20
chr13	116700000	115850000	17
chr13	119200000	117950000	25
chr13	119650000	118450000	24
chr14	   150000	   800000	13
chr14	  1400000	  2800000	28
chr14	  1750000	   550000	24
chr14	  3050000	  2050000	20
chr14	  4650000	  4250000	8
chr14	  5750000	  7600000	37
chr14	  7250000	  8200000	19
chr14	  7950000	  7650000	6
chr14	  8150000	 10800000	53
chr14	  8850000	  7100000	35
chr14	 10100000	 10800000	14
chr14	 10250000	  9100000	23
chr14	 10550000	 12350000	36
chr14	 11600000	 10200000	28
chr14	 11600000	 13150000	31
chr14	 11950000	 11550000	8
chr14	 13300000	 12400000	18
chr14	 17100000	 16350000	15
chr14	 18200000	 17800000	8
chr14	 18400000	 19250000	17
chr14	 19750000	 21500000	35
chr14	 20100000	 18700000	28
chr14	 21500000	 22750000	25
chr14	 24900000	 24500000	8
chr14	 26550000	 26950000	8
chr14	 29700000	 30750000	21
chr14	 30350000	 29400000	19
chr14	 32600000	 31800000	16
chr14	 33400000	 32400000	20
chr14	 34650000	 34400000	5
chr14	 37100000	 37400000	6
chr14	 37300000	 38050000	15
chr14	 38700000	 36300000	48
chr14	 38800000	 39750000	19
chr14	 39050000	 36450000	52
chr14	 39650000	 40550000	18
chr14	 41200000	 43800000	52
chr14	 41350000	 39900000	29
chr14	 43200000	 46000000	56
chr14	 43850000	 44400000	11
chr14	 44450000	 46050000	32
chr14	 45300000	 43900000	28
chr14	 45650000	 46050000	8
chr14	 46800000	 48550000	35
chr14	 48900000	 48350000	11
chr14	 49350000	 52750000	68
chr14	 50550000	 51550000	20
chr14	 51650000	 51300000	7
chr14	 53050000	 54950000	38
chr14	 56200000	 54750000	29
chr14	 57000000	 58300000	26
chr14	 57300000	 59000000	34
chr14	 57800000	 56400000	28
chr14	 59450000	 59150000	6
chr14	 60300000	 60850000	11
chr14	 60950000	 60350000	12
chr14	 61500000	 60400000	22
chr14	 63850000	 62950000	18
chr14	 66100000	 63500000	52
chr14	 67250000	 69150000	38
chr14	 70000000	 70900000	18
chr14	 70200000	 70950000	15
chr14	 70300000	 69450000	17
chr14	 70950000	 69450000	30
chr14	 74400000	 76000000	32
chr14	 75900000	 74550000	27
chr14	 76350000	 75250000	22
chr14	 77150000	 76650000	10
chr14	 77150000	 77850000	14
chr14	 79800000	 78900000	18
chr14	 79900000	 80300000	8
chr14	 82250000	 84250000	40
chr14	 83350000	 81800000	31
chr14	 84300000	 85300000	20
chr14	 85000000	 84100000	18
chr14	 85750000	 87300000	31
chr14	 86050000	 84050000	40
chr14	 86900000	 85650000	25
chr14	 88250000	 89600000	27
chr14	 90700000	 91550000	17
chr14	 92550000	 91950000	12
chr14	 93600000	 94900000	26
chr14	 96050000	 96900000	17
chr14	 96100000	 93350000	55
chr14	 96150000	 96850000	14
chr14	 97100000	 98150000	21
chr14	 98050000	 97650000	8
chr14	 99000000	 97500000	30
chr14	 99650000	 98850000	16
chr14	100050000	 99250000	16
chr14	100100000	 99000000	22
chr14	101400000	100200000	24
chr14	102300000	103600000	26
chr14	103600000	102600000	20
chr14	104000000	102100000	38
chr14	104900000	104150000	15
chr14	105650000	106700000	21
chr14	107900000	106200000	34
chr14	108400000	107750000	13
chr14	109900000	110950000	21
chr14	110200000	109050000	23
chr14	112350000	113400000	21
chr14	112850000	111750000	22
chr14	115150000	114150000	20
chr14	118300000	119400000	22
chr14	118450000	117300000	23
chr14	120150000	119150000	20
chr14	121150000	123000000	37
chr14	121650000	122800000	23
chr14	122150000	122600000	9
chr14	123550000	124750000	24
chr15	   600000	  1100000	10
chr15	  2800000	  2150000	13
chr15	  3650000	  2600000	21
chr15	  4350000	  8150000	76
chr15	  4500000	  6750000	45
chr15	  4750000	  5800000	21
chr15	  5650000	  5150000	10
chr15	  7300000	  8450000	23
chr15	  7850000	  7000000	17
chr15	  8750000	 10550000	36
chr15	 11250000	 13000000	35
chr15	 13700000	 12900000	16
chr15	 15550000	 14550000	20
chr15	 16800000	 18950000	43
chr15	 17050000	 18800000	35
chr15	 19800000	 18550000	25
chr15	 20800000	 19900000	18
chr15	 23900000	 24950000	21
chr15	 25000000	 26300000	26
chr15	 25700000	 26600000	18
chr15	 27150000	 28050000	18
chr15	 27800000	 26950000	17
chr15	 27900000	 28400000	10
chr15	 29050000	 31750000	54
chr15	 30500000	 30050000	9
chr15	 30800000	 29700000	22
chr15	 30900000	 30100000	16
chr15	 32800000	 32250000	11
chr15	 33900000	 35150000	25
chr15	 34100000	 35500000	28
chr15	 36100000	 36350000	5
chr15	 36800000	 37600000	16
chr15	 37150000	 38750000	32
chr15	 37800000	 36350000	29
chr15	 38100000	 37850000	5
chr15	 38400000	 36450000	39
chr15	 39400000	 41350000	39
chr15	 40400000	 43000000	52
chr15	 40900000	 43050000	43
chr15	 43500000	 43050000	9
chr15	 44650000	 45550000	18
chr15	 44850000	 43750000	22
chr15	 45450000	 47600000	43
chr15	 45850000	 46650000	16
chr15	 48450000	 47750000	14
chr15	 48600000	 48050000	11
chr15	 49000000	 47850000	23
chr15	 49100000	 51150000	41
chr15	 49600000	 49300000	6
chr15	 52600000	 53050000	9
chr15	 53200000	 54900000	34
chr15	 55900000	 57400000	30
chr15	 58600000	 58000000	12
chr15	 62700000	 63700000	20
chr15	 63350000	 61850000	30
chr15	 65900000	 68100000	44
chr15	 66950000	 68800000	37
chr15	 67050000	 68950000	38
chr15	 67450000	 68200000	15
chr15	 68050000	 67100000	19
chr15	 68450000	 68000000	9
chr15	 68750000	 69100000	7
chr15	 72100000	 71500000	12
chr15	 72200000	 69900000	46
chr15	 74600000	 75850000	25
chr15	 76350000	 77050000	14
chr15	 76450000	 73700000	55
chr15	 77250000	 73650000	72
chr15	 77250000	 76200000	21
chr15	 77400000	 75400000	40
chr15	 79350000	 78350000	20
chr15	 80200000	 78850000	27
chr15	 84500000	 83450000	21
chr15	 84850000	 82950000	38
chr15	 85800000	 86150000	7
chr15	 90700000	 89600000	22
chr15	 91050000	 89750000	26
chr15	 92150000	 94550000	48
chr15	 92950000	 95150000	44
chr15	 93100000	 94300000	24
chr15	 94450000	 96200000	35
chr15	 94650000	 93150000	30
chr15	 95400000	 96550000	23
chr15	 98200000	 98700000	10
chr15	 99900000	100800000	18
chr16	  2300000	  3600000	26
chr16	  2400000	  1700000	14
chr16	  4550000	  6600000	41
chr16	  6900000	  5250000	33
chr16	  8550000	 10200000	33
chr16	  9450000	  9150000	6
chr16	  9550000	  8450000	22
chr16	  9850000	 10250000	8
chr16	 13900000	 14950000	21
chr16	 14400000	 13700000	14
chr16	 17300000	 15850000	29
chr16	 17800000	 18700000	18
chr16	 18850000	 17800000	21
chr16	 21700000	 22100000	8
chr16	 21950000	 21500000	9
chr16	 23750000	 24700000	19
chr16	 23850000	 24900000	21
chr16	 23900000	 24450000	11
chr16	 24350000	 22800000	31
chr16	 25100000	 24200000	18
chr16	 26950000	 28350000	28
chr16	 29350000	 30100000	15
chr16	 29650000	 31600000	39
chr16	 32050000	 29250000	56
chr16	 34350000	 34650000	6
chr16	 35300000	 37800000	50
chr16	 35900000	 34150000	35
chr16	 36650000	 38500000	37
chr16	 36700000	 35550000	23
chr16	 36900000	 37450000	11
chr16	 37100000	 36550000	11
chr16	 37650000	 36750000	18
chr16	 37900000	 40150000	45
chr16	 38250000	 37450000	16
chr16	 38400000	 37950000	9
chr16	 38750000	 38000000	15
chr16	 43600000	 42550000	21
chr16	 44000000	 42750000	25
chr16	 47100000	 48050000	19
chr16	 50550000	 51600000	21
chr16	 53000000	 54050000	21
chr16	 55550000	 55300000	5
chr16	 58300000	 57500000	16
chr16	 58750000	 58750000	0
chr16	 60850000	 61700000	17
chr16	 61850000	 60800000	21
chr16	 65900000	 64150000	35
chr16	 67200000	 69600000	48
chr16	 68350000	 67650000	14
chr16	 68500000	 68950000	9
chr16	 69800000	 70300000	10
chr16	 70450000	 72450000	40
chr16	 71050000	 72700000	33
chr16	 71150000	 73200000	41
chr16	 73750000	 73300000	9
chr16	 74050000	 74600000	11
chr16	 74100000	 73150000	19
chr16	 74550000	 74900000	7
chr16	 74700000	 76000000	26
chr16	 76750000	 76350000	8
chr16	 78600000	 77700000	18
chr16	 79750000	 79000000	15
chr16	 80250000	 79400000	17
chr16	 81350000	 82550000	24
chr16	 84450000	 83750000	14
chr16	 84750000	 85400000	13
chr16	 86200000	 85200000	20
chr16	 87800000	 89150000	27
chr16	 88000000	 89600000	32
chr16	 88050000	 88850000	16
chr16	 89700000	 88000000	34
chr16	 90500000	 90500000	0
chr16	 90750000	 90000000	15
chr16	 91250000	 94050000	56
chr16	 92000000	 93050000	21
chr16	 93750000	 94050000	6
chr16	 95100000	 93250000	37
chr16	 95550000	 94700000	17
chr16	 95550000	 96000000	9
chr17	  2500000	  3200000	14
chr17	  5750000	  8300000	51
chr17	  7250000	  8450000	24
chr17	  8000000	  9100000	22
chr17	 11850000	 12800000	19
chr17	 12050000	 11450000	12
chr17	 12800000	 13250000	9
chr17	 14200000	 13650000	11
chr17	 14800000	 18000000	64
chr17	 16500000	 19750000	65
chr17	 20250000	 19050000	24
chr17	 20500000	 19350000	23
chr17	 20550000	 22650000	42
chr17	 22100000	 23450000	27
chr17	 22850000	 21300000	31
chr17	 22900000	 24200000	26
chr17	 29000000	 27900000	22
chr17	 29150000	 29950000	16
chr17	 29600000	 30450000	17
chr17	 31200000	 30550000	13
chr17	 33100000	 33750000	13
chr17	 33650000	 34950000	26
chr17	 33700000	 31400000	46
chr17	 34150000	 34700000	11
chr17	 34850000	 35950000	22
chr17	 36500000	 37450000	19
chr17	 37100000	 35700000	28
chr17	 37600000	 36850000	15
chr17	 40100000	 43500000	68
chr17	 40250000	 40250000	0
chr17	 41450000	 39800000	33
chr17	 41700000	 45400000	74
chr17	 41850000	 41100000	15
chr17	 42500000	 43650000	23
chr17	 42700000	 42000000	14
chr17	 45150000	 44300000	17
chr17	 45850000	 46200000	7
chr17	 47950000	 48350000	8
chr17	 50350000	 49600000	15
chr17	 51000000	 49750000	25
chr17	 51100000	 50750000	7
chr17	 51600000	 53250000	33
chr17	 53700000	 51250000	49
chr17	 54500000	 56000000	30
chr17	 55350000	 56100000	15
chr17	 55900000	 56600000	14
chr17	 57350000	 58450000	22
chr17	 58650000	 57650000	20
chr17	 58900000	 55800000	62
chr17	 59700000	 61850000	43
chr17	 60250000	 61150000	18
chr17	 60650000	 61700000	21
chr17	 60900000	 61300000	8
chr17	 61750000	 61200000	11
chr17	 62150000	 63200000	21
chr17	 63100000	 62550000	11
chr17	 65450000	 65100000	7
chr17	 69050000	 68250000	16
chr17	 69100000	 67950000	23
chr17	 69200000	 70500000	26
chr17	 69500000	 66650000	57
chr17	 70300000	 68850000	29
chr17	 72200000	 69950000	45
chr17	 75000000	 75700000	14
chr17	 75350000	 75750000	8
chr17	 77250000	 76550000	14
chr17	 77600000	 78100000	10
chr17	 77800000	 79000000	24
chr17	 78500000	 77750000	15
chr17	 80700000	 79350000	27
chr17	 83500000	 84150000	13
chr17	 86050000	 83600000	49
chr17	 87100000	 88700000	32
chr17	 88300000	 87500000	16
chr17	 88650000	 88200000	9
chr17	 89150000	 87700000	29
chr17	 89400000	 90350000	19
chr17	 91800000	 93150000	27
chr18	   800000	        0	16
chr18	  3500000	  1500000	40
chr18	  4550000	  5300000	15
chr18	  5750000	  6300000	11
chr18	  8300000	  9500000	24
chr18	  9350000	  7750000	32
chr18	 11000000	  9150000	37
chr18	 13500000	 11750000	35
chr18	 15700000	 16950000	25
chr18	 15800000	 14800000	20
chr18	 18050000	 16950000	22
chr18	 18400000	 17700000	14
chr18	 19450000	 18100000	27
chr18	 20450000	 20150000	6
chr18	 21950000	 20150000	36
chr18	 23600000	 24950000	27
chr18	 24400000	 23200000	24
chr18	 25150000	 24000000	23
chr18	 26000000	 25400000	12
chr18	 26600000	 26150000	9
chr18	 28800000	 27300000	30
chr18	 28850000	 27300000	31
chr18	 30050000	 29350000	14
chr18	 30050000	 30950000	18
chr18	 31000000	 30200000	16
chr18	 38850000	 38050000	16
chr18	 39350000	 39950000	12
chr18	 42750000	 41950000	16
chr18	 44400000	 45750000	27
chr18	 44600000	 45700000	22
chr18	 46550000	 47400000	17
chr18	 47100000	 45500000	32
chr18	 49450000	 50350000	18
chr18	 50100000	 51500000	28
chr18	 51700000	 52800000	22
chr18	 52000000	 52350000	7
chr18	 53200000	 54250000	21
chr18	 53200000	 54550000	27
chr18	 55500000	 56650000	23
chr18	 56150000	 54600000	31
chr18	 56200000	 55600000	12
chr18	 57450000	 58350000	18
chr18	 58250000	 58050000	4
chr18	 58750000	 60950000	44
chr18	 60250000	 61300000	21
chr18	 61750000	 60650000	22
chr18	 63150000	 63850000	14
chr18	 63300000	 64300000	20
chr18	 63550000	 62250000	26
chr18	 64000000	 64750000	15
chr18	 65750000	 64500000	25
chr18	 66350000	 64900000	29
chr18	 69050000	 70700000	33
chr18	 71550000	 72900000	27
chr18	 71750000	 70350000	28
chr18	 71800000	 69950000	37
chr18	 72050000	 71800000	5
chr18	 72450000	 73550000	22
chr18	 72800000	 74200000	28
chr18	 74200000	 73100000	22
chr18	 74800000	 73850000	19
chr18	 76150000	 75500000	13
chr18	 79950000	 77400000	51
chr18	 81800000	 79650000	43
chr18	 84250000	 83300000	19
chr18	 84400000	 83700000	14
chr18	 85100000	 86600000	30
chr18	 85950000	 84750000	24
chr18	 88050000	 88700000	13
chr19	  2950000	  3550000	12
chr19	  4800000	  2250000	51
chr19	  6500000	  7150000	13
chr19	  7900000	  9300000	28
chr19	  8700000	  7400000	26
chr19	 11750000	 11200000	11
chr19	 15600000	 17200000	32
chr19	 18200000	 19350000	23
chr19	 19750000	 19050000	14
chr19	 20750000	 21950000	24
chr19	 23550000	 24850000	26
chr19	 24300000	 21750000	51
chr19	 26550000	 27600000	21
chr19	 27200000	 27800000	12
chr19	 34950000	 33550000	28
chr19	 35700000	 37950000	45
chr19	 36150000	 36600000	9
chr19	 36400000	 37850000	29
chr19	 39250000	 40050000	16
chr19	 39450000	 40450000	20
chr19	 39900000	 41750000	37
chr19	 42350000	 42900000	11
chr19	 43300000	 42500000	16
chr19	 44300000	 45950000	33
chr19	 45500000	 43700000	36
chr19	 47750000	 47250000	10
chr19	 48550000	 48900000	7
chr19	 51450000	 49500000	39
chr19	 54200000	 53550000	13
chr19	 54250000	 53450000	16
chr19	 54600000	 53550000	21
chr19	 56100000	 57100000	20
chr2	  8050000	  7500000	11
chr2	  9700000	  8650000	21
chr2	  9900000	 10750000	17
chr2	 10250000	  9200000	21
chr2	 11150000	 11850000	14
chr2	 11900000	 11000000	18
chr2	 13350000	 14400000	21
chr2	 14550000	 13850000	14
chr2	 15650000	 16450000	16
chr2	 15700000	 14350000	27
chr2	 23850000	 22100000	35
chr2	 24050000	 24800000	15
chr2	 24200000	 24700000	10
chr2	 24900000	 24500000	8
chr2	 26050000	 25450000	12
chr2	 27650000	 28500000	17
chr2	 32750000	 31050000	34
chr2	 33150000	 31700000	29
chr2	 35250000	 36450000	24
chr2	 36050000	 37350000	26
chr2	 37500000	 38450000	19
chr2	 39100000	 37800000	26
chr2	 40500000	 39900000	12
chr2	 42650000	 43300000	13
chr2	 42950000	 41850000	22
chr2	 44050000	 42500000	31
chr2	 44400000	 45050000	13
chr2	 45200000	 44450000	15
chr2	 45250000	 46100000	17
chr2	 46300000	 44850000	29
chr2	 46300000	 47550000	25
chr2	 46700000	 41750000	99
chr2	 47250000	 50250000	60
chr2	 47800000	 49850000	41
chr2	 49400000	 49800000	8
chr2	 51400000	 50700000	14
chr2	 51750000	 51350000	8
chr2	 52300000	 53000000	14
chr2	 55250000	 54100000	23
chr2	 56300000	 57350000	21
chr2	 59750000	 60450000	14
chr2	 59950000	 61400000	29
chr2	 60050000	 61550000	30
chr2	 60150000	 59850000	6
chr2	 60750000	 60750000	0
chr2	 64800000	 63900000	18
chr2	 64900000	 63800000	22
chr2	 66350000	 65450000	18
chr2	 66400000	 65650000	15
chr2	 66500000	 67250000	15
chr2	 68550000	 71000000	49
chr2	 70400000	 71550000	23
chr2	 71000000	 69950000	21
chr2	 72150000	 71150000	20
chr2	 72150000	 73150000	20
chr2	 72400000	 71750000	13
chr2	 72950000	 71800000	23
chr2	 73150000	 71550000	32
chr2	 73900000	 75400000	30
chr2	 78100000	 79150000	21
chr2	 78850000	 77750000	22
chr2	 79350000	 80700000	27
chr2	 80250000	 80650000	8
chr2	 82800000	 83700000	18
chr2	 83650000	 81950000	34
chr2	 84100000	 81900000	44
chr2	 86400000	 85550000	17
chr2	 86500000	 88400000	38
chr2	 87650000	 89700000	41
chr2	 88200000	 87300000	18
chr2	 91300000	 92900000	32
chr2	 93900000	 94800000	18
chr2	 96700000	 96100000	12
chr2	 96900000	 97300000	8
chr2	 97300000	 96050000	25
chr2	 98000000	 96550000	29
chr2	 98600000	 97800000	16
chr2	 98650000	100150000	30
chr2	 99400000	 98800000	12
chr2	101450000	102450000	20
chr2	105550000	104000000	31
chr2	108000000	108950000	19
chr2	109600000	108600000	20
chr2	109700000	111100000	28
chr2	110750000	109400000	27
chr2	111950000	111250000	14
chr2	113700000	114250000	11
chr2	114050000	114900000	17
chr2	114700000	115700000	20
chr2	116350000	114750000	32
chr2	117650000	116600000	21
chr2	121050000	123100000	41
chr2	123050000	121450000	32
chr2	125000000	127400000	48
chr2	126250000	127300000	21
chr2	128450000	127850000	12
chr2	130800000	131900000	22
chr2	135550000	136800000	25
chr2	137800000	139100000	26
chr2	138650000	136750000	38
chr2	139200000	138400000	16
chr2	142650000	142350000	6
chr2	145400000	147500000	42
chr2	147200000	148750000	31
chr2	147600000	146800000	16
chr2	152700000	152200000	10
chr2	153200000	152100000	22
chr2	155450000	153600000	37
chr2	156000000	156800000	16
chr2	157550000	156600000	19
chr2	159900000	160900000	20
chr2	161450000	160800000	13
chr2	168700000	167750000	19
chr2	169700000	170200000	10
chr2	170550000	171200000	13
chr2	172550000	171850000	14
chr2	172650000	174250000	32
chr2	176400000	178050000	33
chr2	178650000	177250000	28
chr2	181600000	180750000	17
chr3	   800000	    50000	15
chr3	  1300000	   600000	14
chr3	  2950000	  4450000	30
chr3	  4900000	  4200000	14
chr3	  6400000	  5600000	16
chr3	  7750000	  8800000	21
chr3	  8450000	 10150000	34
chr3	 11250000	 12750000	30
chr3	 12050000	 12700000	13
chr3	 13550000	 14850000	26
chr3	 13750000	 13450000	6
chr3	 13800000	 13250000	11
chr3	 13900000	 13200000	14
chr3	 16300000	 17850000	31
chr3	 16450000	 15800000	13
chr3	 20000000	 21900000	38
chr3	 21700000	 22400000	14
chr3	 22200000	 24450000	45
chr3	 24050000	 22300000	35
chr3	 24250000	 23800000	9
chr3	 24750000	 25900000	23
chr3	 25950000	 26650000	14
chr3	 26100000	 26600000	10
chr3	 26650000	 28650000	40
chr3	 28050000	 30150000	42
chr3	 28200000	 30400000	44
chr3	 28250000	 28750000	10
chr3	 28550000	 26750000	36
chr3	 28900000	 28000000	18
chr3	 31000000	 29900000	22
chr3	 31300000	 33050000	35
chr3	 31450000	 30650000	16
chr3	 36850000	 36250000	12
chr3	 37800000	 37250000	11
chr3	 38600000	 40150000	31
chr3	 39550000	 39150000	8
chr3	 39900000	 40600000	14
chr3	 40400000	 38500000	38
chr3	 40750000	 41600000	17
chr3	 41450000	 41950000	10
chr3	 41800000	 42650000	17
chr3	 44150000	 43100000	21
chr3	 45550000	 46050000	10
chr3	 47250000	 46400000	17
chr3	 55200000	 55750000	11
chr3	 55600000	 54600000	20
chr3	 58650000	 59150000	10
chr3	 59050000	 58500000	11
chr3	 59850000	 61250000	28
chr3	 61400000	 62900000	30
chr3	 62300000	 62700000	8
chr3	 66800000	 66250000	11
chr3	 70350000	 68950000	28
chr3	 70500000	 71350000	17
chr3	 71050000	 70300000	15
chr3	 73250000	 74850000	32
chr3	 76950000	 77800000	17
chr3	 77850000	 78600000	15
chr3	 78150000	 76800000	27
chr3	 78750000	 76350000	48
chr3	 79000000	 79200000	4
chr3	 82750000	 83150000	8
chr3	 83150000	 82050000	22
chr3	 83150000	 82900000	5
chr3	 84500000	 82650000	37
chr3	 87100000	 86200000	18
chr3	 90100000	 89050000	21
chr3	 90700000	 90150000	11
chr3	 91600000	 89150000	49
chr3	 94850000	 94400000	9
chr3	 97200000	 98200000	20
chr3	100150000	102350000	44
chr3	103200000	104100000	18
chr3	103300000	104200000	18
chr3	103450000	104650000	24
chr3	104600000	107100000	50
chr3	104850000	105900000	21
chr3	105450000	106750000	26
chr3	105800000	105200000	12
chr3	108600000	109550000	19
chr3	108750000	109850000	22
chr3	108950000	105650000	66
chr3	110100000	110850000	15
chr3	110900000	111900000	20
chr3	112000000	114050000	41
chr3	112750000	111100000	33
chr3	113100000	111950000	23
chr3	114800000	115400000	12
chr3	115650000	116550000	18
chr3	116600000	117250000	13
chr3	118200000	116500000	34
chr3	119200000	120650000	29
chr3	120500000	119450000	21
chr3	120550000	119050000	30
chr3	121100000	120700000	8
chr3	122300000	121450000	17
chr3	125350000	125750000	8
chr3	126150000	127600000	29
chr3	126700000	125550000	23
chr3	126900000	126250000	13
chr3	128400000	125900000	50
chr3	132350000	130250000	42
chr3	133500000	133850000	7
chr3	133600000	133150000	9
chr3	133850000	136100000	45
chr3	135150000	134150000	20
chr3	135500000	134450000	21
chr3	140850000	140000000	17
chr3	143600000	144200000	12
chr3	143900000	143100000	16
chr3	144400000	144900000	10
chr3	144650000	144150000	10
chr3	146650000	145900000	15
chr3	148750000	150300000	31
chr3	151800000	151050000	15
chr3	153400000	152400000	20
chr3	154800000	154100000	14
chr3	155300000	156350000	21
chr3	155650000	154800000	17
chr3	155700000	154300000	28
chr4	   250000	  1800000	31
chr4	   400000	  1250000	17
chr4	  2800000	   900000	38
chr4	  3500000	  4250000	15
chr4	  5650000	  4650000	20
chr4	  8350000	  9750000	28
chr4	  8800000	  9550000	15
chr4	  8850000	  8300000	11
chr4	  9150000	 10800000	33
chr4	  9900000	  8950000	19
chr4	 10400000	  7900000	50
chr4	 10400000	  9300000	22
chr4	 11750000	 13550000	36
chr4	 12700000	 15200000	50
chr4	 13100000	 15150000	41
chr4	 13450000	 12600000	17
chr4	 13500000	 13250000	5
chr4	 19500000	 19000000	10
chr4	 20200000	 18800000	28
chr4	 20750000	 21100000	7
chr4	 23050000	 24050000	20
chr4	 23650000	 25000000	27
chr4	 24450000	 21550000	58
chr4	 25450000	 24550000	18
chr4	 27650000	 26700000	19
chr4	 27800000	 28650000	17
chr4	 27950000	 27100000	17
chr4	 31950000	 34300000	47
chr4	 33150000	 35250000	42
chr4	 34000000	 35800000	36
chr4	 34450000	 34200000	5
chr4	 38850000	 40050000	24
chr4	 40400000	 39450000	19
chr4	 40650000	 39550000	22
chr4	 41500000	 42050000	11
chr4	 42150000	 40750000	28
chr4	 42800000	 42300000	10
chr4	 45450000	 45800000	7
chr4	 46750000	 48250000	30
chr4	 47400000	 48000000	12
chr4	 50500000	 51500000	20
chr4	 51900000	 52850000	19
chr4	 53300000	 54150000	17
chr4	 53850000	 57500000	73
chr4	 54700000	 53550000	23
chr4	 55200000	 53900000	26
chr4	 55700000	 56150000	9
chr4	 56000000	 55000000	20
chr4	 58200000	 59050000	17
chr4	 59300000	 60100000	16
chr4	 59500000	 60500000	20
chr4	 60200000	 60400000	4
chr4	 60850000	 62250000	28
chr4	 61850000	 61250000	12
chr4	 62650000	 60300000	47
chr4	 62750000	 61200000	31
chr4	 64650000	 65400000	15
chr4	 64950000	 65850000	18
chr4	 66050000	 64500000	31
chr4	 68700000	 67800000	18
chr4	 70050000	 71250000	24
chr4	 70150000	 71650000	30
chr4	 74050000	 75650000	32
chr4	 76900000	 77250000	7
chr4	 77450000	 76450000	20
chr4	 77700000	 78050000	7
chr4	 77900000	 78700000	16
chr4	 78000000	 78900000	18
chr4	 78150000	 76900000	25
chr4	 81050000	 83000000	39
chr4	 82050000	 83750000	34
chr4	 82100000	 80400000	34
chr4	 82250000	 81300000	19
chr4	 82850000	 81450000	28
chr4	 84950000	 84850000	2
chr4	 85400000	 83600000	36
chr4	 85400000	 86950000	31
chr4	 85500000	 86050000	11
chr4	 86050000	 87000000	19
chr4	 87450000	 84550000	58
chr4	 89250000	 90400000	23
chr4	 95450000	 96050000	12
chr4	 97400000	 98450000	21
chr4	 97800000	 96850000	19
chr4	 99300000	100550000	25
chr4	100100000	 99300000	16
chr4	100100000	 99350000	15
chr4	101950000	101400000	11
chr4	103400000	104700000	26
chr4	104950000	103950000	20
chr4	105750000	106200000	9
chr4	106900000	107550000	13
chr4	107200000	106200000	20
chr4	109050000	110450000	28
chr4	109950000	108100000	37
chr4	112000000	114000000	40
chr4	113050000	113800000	15
chr4	113700000	113250000	9
chr4	114200000	112850000	27
chr4	114300000	115500000	24
chr4	114400000	113850000	11
chr4	114950000	116150000	24
chr4	116000000	115500000	10
chr4	117050000	118350000	26
chr4	117650000	116150000	30
chr4	117900000	119400000	30
chr4	118950000	119750000	16
chr4	120100000	120950000	17
chr4	123250000	123150000	2
chr4	123800000	124350000	11
chr4	124000000	123000000	20
chr4	125950000	126750000	16
chr4	126750000	127600000	17
chr4	131150000	132500000	27
chr4	131500000	131050000	9
chr4	132500000	133100000	12
chr4	133050000	133900000	17
chr4	133100000	132150000	19
chr4	136200000	134950000	25
chr4	136950000	137600000	13
chr4	137000000	135900000	22
chr4	140150000	140900000	15
chr4	140850000	142700000	37
chr4	140900000	141900000	20
chr4	141100000	141600000	10
chr4	142650000	143400000	15
chr4	145300000	148200000	58
chr4	146050000	145200000	17
chr4	146100000	145200000	18
chr4	146750000	147800000	21
chr4	148550000	150350000	36
chr4	148750000	147700000	21
chr4	150650000	149700000	19
chr4	150700000	148950000	35
chr4	151950000	153250000	26
chr4	154000000	153450000	11
chr4	155200000	154000000	24
chr4	155600000	154300000	26
chr4	156200000	155200000	20
chr5	  4650000	  5200000	11
chr5	  5550000	  5150000	8
chr5	  6450000	  6150000	6
chr5	  6650000	  7900000	25
chr5	  9550000	  9100000	9
chr5	 10200000	 12650000	49
chr5	 11000000	 11700000	14
chr5	 12000000	 11200000	16
chr5	 13800000	 13100000	14
chr5	 15150000	 17750000	52
chr5	 15550000	 14750000	16
chr5	 16650000	 17250000	12
chr5	 16700000	 18050000	27
chr5	 17500000	 16350000	23
chr5	 19550000	 16350000	64
chr5	 20550000	 19800000	15
chr5	 20800000	 21850000	21
chr5	 21600000	 21800000	4
chr5	 26000000	 25550000	9
chr5	 26400000	 25300000	22
chr5	 27850000	 29350000	30
chr5	 28050000	 29000000	19
chr5	 29700000	 28800000	18
chr5	 29800000	 31050000	25
chr5	 30850000	 31850000	20
chr5	 31450000	 32750000	26
chr5	 32050000	 31750000	6
chr5	 32450000	 34200000	35
chr5	 33850000	 33050000	16
chr5	 34200000	 35400000	24
chr5	 35350000	 34450000	18
chr5	 38000000	 38800000	16
chr5	 40200000	 42050000	37
chr5	 41050000	 41650000	12
chr5	 41300000	 43250000	39
chr5	 44150000	 46250000	42
chr5	 45250000	 44450000	16
chr5	 45650000	 45850000	4
chr5	 45950000	 45300000	13
chr5	 46700000	 48400000	34
chr5	 48700000	 48150000	11
chr5	 51600000	 50700000	18
chr5	 52000000	 51650000	7
chr5	 52200000	 51250000	19
chr5	 52450000	 52150000	6
chr5	 55750000	 57400000	33
chr5	 55900000	 57050000	23
chr5	 57500000	 58250000	15
chr5	 58550000	 59000000	9
chr5	 59600000	 60750000	23
chr5	 60000000	 61450000	29
chr5	 60250000	 61800000	31
chr5	 64400000	 63150000	25
chr5	 64700000	 64250000	9
chr5	 65550000	 66550000	20
chr5	 65650000	 66500000	17
chr5	 66250000	 66950000	14
chr5	 66950000	 67500000	11
chr5	 67750000	 67000000	15
chr5	 68000000	 69050000	21
chr5	 74050000	 75700000	33
chr5	 77100000	 78400000	26
chr5	 77350000	 76800000	11
chr5	 79150000	 80050000	18
chr5	 80500000	 81850000	27
chr5	 81250000	 80800000	9
chr5	 82050000	 81400000	13
chr5	 84750000	 85800000	21
chr5	 87900000	 86750000	23
chr5	 89150000	 89900000	15
chr5	 90600000	 91550000	19
chr5	 91150000	 90250000	18
chr5	 91850000	 92700000	17
chr5	 97500000	 97050000	9
chr5	103050000	104100000	21
chr5	103200000	102750000	9
chr5	103300000	102500000	16
chr5	104250000	103100000	23
chr5	105350000	102500000	57
chr5	107250000	108700000	29
chr5	108550000	107950000	12
chr5	110850000	110350000	10
chr5	111000000	112400000	28
chr5	112800000	114100000	26
chr5	113050000	111850000	24
chr5	113200000	112200000	20
chr5	113200000	113800000	12
chr5	114650000	116100000	29
chr5	115200000	113850000	27
chr5	115450000	116300000	17
chr5	116600000	117350000	15
chr5	119150000	118400000	15
chr5	120350000	119250000	22
chr5	122050000	120600000	29
chr5	122400000	121250000	23
chr5	124750000	123950000	16
chr5	127150000	127550000	8
chr5	127450000	126750000	14
chr5	127650000	129000000	27
chr5	128300000	127550000	15
chr5	128400000	127500000	18
chr5	128900000	131450000	51
chr5	128950000	133600000	93
chr5	129600000	128700000	18
chr5	133000000	134500000	30
chr5	133250000	132100000	23
chr5	133550000	134500000	19
chr5	134300000	133200000	22
chr5	134800000	136150000	27
chr5	135750000	134550000	24
chr5	137750000	136950000	16
chr5	137750000	139800000	41
chr5	139100000	137800000	26
chr5	141300000	140500000	16
chr5	142100000	140800000	26
chr5	143400000	142000000	28
chr5	143700000	142900000	16
chr5	144600000	142800000	36
chr5	144800000	143700000	22
chr5	146500000	148500000	40
chr5	147950000	147700000	5
chr5	149550000	148800000	15
chr5	149700000	150550000	17
chr5	150200000	148850000	27
chr5	150900000	149750000	23
chr5	151600000	150650000	19
chr6	   900000	   150000	15
chr6	  1100000	  2100000	20
chr6	  2350000	  3000000	13
chr6	  2450000	  6350000	78
chr6	  2550000	  3050000	10
chr6	  3050000	  4000000	19
chr6	  4350000	  5350000	20
chr6	  4700000	  5500000	16
chr6	  6550000	  4550000	40
chr6	  6950000	  6000000	19
chr6	  8250000	  6450000	36
chr6	 10350000	  9750000	12
chr6	 11200000	 10150000	21
chr6	 13750000	 12500000	25
chr6	 13800000	 14050000	5
chr6	 14400000	 17200000	56
chr6	 20300000	 19150000	23
chr6	 20800000	 19600000	24
chr6	 21650000	 20350000	26
chr6	 21900000	 23500000	32
chr6	 21950000	 20200000	35
chr6	 22150000	 21650000	10
chr6	 24250000	 23700000	11
chr6	 24500000	 23250000	25
chr6	 24950000	 24250000	14
chr6	 26350000	 25350000	20
chr6	 26700000	 25650000	21
chr6	 26900000	 25900000	20
chr6	 27550000	 28400000	17
chr6	 29050000	 29950000	18
chr6	 33200000	 33350000	3
chr6	 34100000	 36650000	51
chr6	 34200000	 34800000	12
chr6	 34900000	 35700000	16
chr6	 37550000	 35150000	48
chr6	 37750000	 37950000	4
chr6	 38250000	 36700000	31
chr6	 45400000	 44400000	20
chr6	 46450000	 45500000	19
chr6	 47600000	 48850000	25
chr6	 48800000	 48050000	15
chr6	 50750000	 52050000	26
chr6	 57850000	 59250000	28
chr6	 57950000	 56550000	28
chr6	 63150000	 64650000	30
chr6	 63350000	 65000000	33
chr6	 65200000	 66750000	31
chr6	 65850000	 66350000	10
chr6	 67250000	 66150000	22
chr6	 67450000	 69400000	39
chr6	 68150000	 65750000	48
chr6	 68350000	 69200000	17
chr6	 69000000	 69600000	12
chr6	 69250000	 69900000	13
chr6	 78650000	 79300000	13
chr6	 79750000	 80700000	19
chr6	 81050000	 79550000	30
chr6	 82650000	 81500000	23
chr6	 82900000	 78400000	90
chr6	 83600000	 85300000	34
chr6	 88300000	 87050000	25
chr6	 88600000	 90300000	34
chr6	 89100000	 89700000	12
chr6	 91250000	 89950000	26
chr6	 91250000	 91950000	14
chr6	 92500000	 91050000	29
chr6	 92800000	 92150000	13
chr6	 92800000	 92350000	9
chr6	 95900000	 94300000	32
chr6	 96100000	 97800000	34
chr6	 99050000	 97550000	30
chr6	 99050000	 99750000	14
chr6	100100000	 98050000	41
chr6	100950000	102550000	32
chr6	101700000	100450000	25
chr6	102500000	101600000	18
chr6	102650000	104300000	33
chr6	107050000	107750000	14
chr6	108350000	107800000	11
chr6	108750000	108300000	9
chr6	108900000	107250000	33
chr6	109050000	109700000	13
chr6	109700000	110750000	21
chr6	112400000	113350000	19
chr6	118250000	119100000	17
chr6	121700000	120500000	24
chr6	122100000	121800000	6
chr6	122450000	123450000	20
chr6	123400000	122700000	14
chr6	124750000	124550000	4
chr6	128200000	126800000	28
chr6	131350000	131900000	11
chr6	132000000	131600000	8
chr6	132150000	131200000	19
chr6	132200000	131550000	13
chr6	134700000	133500000	24
chr6	135850000	136250000	8
chr6	136200000	136500000	6
chr6	136500000	135750000	15
chr6	138900000	138300000	12
chr6	139200000	136500000	54
chr6	139650000	140600000	19
chr6	141950000	140000000	39
chr6	142650000	144050000	28
chr7	  1500000	   400000	22
chr7	  3500000	  4000000	10
chr7	  6650000	  4850000	36
chr7	 10050000	 10500000	9
chr7	 10550000	 11000000	9
chr7	 13700000	 14200000	10
chr7	 13950000	 13100000	17
chr7	 15800000	 13750000	41
chr7	 16750000	 18550000	36
chr7	 19200000	 19950000	15
chr7	 20200000	 17450000	55
chr7	 20700000	 20000000	14
chr7	 21950000	 20950000	20
chr7	 22750000	 23950000	24
chr7	 23300000	 24450000	23
chr7	 25250000	 23900000	27
chr7	 26750000	 27250000	10
chr7	 27150000	 25750000	28
chr7	 27300000	 27900000	12
chr7	 27950000	 29600000	33
chr7	 28300000	 28850000	11
chr7	 28450000	 29850000	28
chr7	 31500000	 30950000	11
chr7	 32100000	 31000000	22
chr7	 33300000	 34650000	27
chr7	 33550000	 34850000	26
chr7	 37350000	 38100000	15
chr7	 37850000	 35900000	39
chr7	 38000000	 38350000	7
chr7	 39400000	 40050000	13
chr7	 39900000	 41300000	28
chr7	 41550000	 42650000	22
chr7	 41600000	 41350000	5
chr7	 43400000	 42200000	24
chr7	 45050000	 47100000	41
chr7	 52350000	 53750000	28
chr7	 53100000	 51750000	27
chr7	 54600000	 55050000	9
chr7	 54650000	 53500000	23
chr7	 58500000	 57900000	12
chr7	 65650000	 63600000	41
chr7	 65800000	 67300000	30
chr7	 65800000	 68050000	45
chr7	 68200000	 67450000	15
chr7	 68300000	 67900000	8
chr7	 68400000	 67500000	18
chr7	 69050000	 67800000	25
chr7	 69550000	 67500000	41
chr7	 69850000	 72000000	43
chr7	 71050000	 69400000	33
chr7	 71100000	 71700000	12
chr7	 73250000	 72500000	15
chr7	 73400000	 75000000	32
chr7	 76150000	 77400000	25
chr7	 77300000	 76000000	26
chr7	 78050000	 77500000	11
chr7	 80350000	 79700000	13
chr7	 81450000	 80450000	20
chr7	 81450000	 82900000	29
chr7	 84250000	 83750000	10
chr7	 85700000	 84750000	19
chr7	 86650000	 87600000	19
chr7	 88900000	 88000000	18
chr7	 92000000	 93000000	20
chr7	 93200000	 91300000	38
chr7	 93600000	 93200000	8
chr7	 97400000	 97850000	9
chr7	 98550000	 97700000	17
chr7	 99200000	100350000	23
chr7	 99300000	 98650000	13
chr7	 99450000	100700000	25
chr7	100000000	 99050000	19
chr7	101100000	100300000	16
chr7	101700000	100600000	22
chr7	101700000	102550000	17
chr7	101950000	103150000	24
chr7	103550000	103200000	7
chr7	105000000	106000000	20
chr7	107000000	105950000	21
chr7	107100000	106500000	12
chr7	110050000	110800000	15
chr7	110950000	111650000	14
chr7	113350000	114450000	22
chr7	114650000	115600000	19
chr7	115350000	113800000	31
chr7	116550000	115750000	16
chr7	117100000	116100000	20
chr7	117600000	119100000	30
chr7	117750000	118500000	15
chr7	118050000	117650000	8
chr7	118550000	118950000	8
chr7	119050000	116900000	43
chr7	119850000	118850000	20
chr7	120900000	122100000	24
chr7	122150000	121650000	10
chr7	124300000	123650000	13
chr7	124700000	123400000	26
chr7	126450000	127950000	30
chr7	127050000	125850000	24
chr7	127950000	126900000	21
chr7	128050000	127400000	13
chr7	128900000	127850000	21
chr7	131550000	130800000	15
chr7	133650000	134700000	21
chr7	134150000	135650000	30
chr7	134450000	133550000	18
chr7	134600000	133200000	28
chr7	136100000	135400000	14
chr7	136950000	138200000	25
chr7	137000000	135950000	21
chr7	141600000	142100000	10
chr7	143350000	144200000	17
chr8	  4050000	  3100000	19
chr8	  4900000	  4300000	12
chr8	  5100000	  3450000	33
chr8	  5150000	  4550000	12
chr8	  6150000	  9400000	65
chr8	  6350000	  7600000	25
chr8	  6800000	  8650000	37
chr8	  7200000	  7900000	14
chr8	  7750000	  8900000	23
chr8	  7800000	  6800000	20
chr8	  9050000	  7650000	28
chr8	  9600000	  9900000	6
chr8	 11800000	 10200000	32
chr8	 11950000	 11050000	18
chr8	 15700000	 16750000	21
chr8	 15800000	 16250000	9
chr8	 16950000	 18050000	22
chr8	 17700000	 14750000	59
chr8	 18200000	 18950000	15
chr8	 21100000	 20550000	11
chr8	 22200000	 22850000	13
chr8	 25450000	 25450000	0
chr8	 26400000	 27550000	23
chr8	 27300000	 29100000	36
chr8	 28000000	 27400000	12
chr8	 29450000	 29450000	0
chr8	 29800000	 30450000	13
chr8	 31400000	 32750000	27
chr8	 32300000	 32650000	7
chr8	 32550000	 33850000	26
chr8	 34500000	 35500000	20
chr8	 38350000	 37350000	20
chr8	 39250000	 41250000	40
chr8	 39950000	 42100000	43
chr8	 41100000	 39100000	40
chr8	 42500000	 40950000	31
chr8	 42500000	 41650000	17
chr8	 45800000	 47050000	25
chr8	 46750000	 44450000	46
chr8	 46950000	 47800000	17
chr8	 47400000	 46700000	14
chr8	 50350000	 49750000	12
chr8	 53450000	 52550000	18
chr8	 54550000	 53950000	12
chr8	 54950000	 55950000	20
chr8	 57150000	 58500000	27
chr8	 59800000	 61600000	36
chr8	 60400000	 59750000	13
chr8	 60700000	 60100000	12
chr8	 61850000	 60900000	19
chr8	 62350000	 63150000	16
chr8	 65000000	 64600000	8
chr8	 67100000	 68400000	26
chr8	 69450000	 71250000	36
chr8	 69700000	 68850000	17
chr8	 71450000	 70350000	22
chr8	 72200000	 71900000	6
chr8	 73350000	 74250000	18
chr8	 73850000	 75300000	29
chr8	 76700000	 77850000	23
chr8	 76800000	 76800000	0
chr8	 77600000	 78600000	20
chr8	 78600000	 77800000	16
chr8	 78900000	 80450000	31
chr8	 79600000	 78450000	23
chr8	 80300000	 79600000	14
chr8	 84900000	 84150000	15
chr8	 85150000	 83450000	34
chr8	 85650000	 84050000	32
chr8	 87950000	 88950000	20
chr8	 88950000	 86000000	59
chr8	 89600000	 86450000	63
chr8	 89850000	 91050000	24
chr8	 90150000	 90350000	4
chr8	 90450000	 91900000	29
chr8	 91250000	 89500000	35
chr8	 91250000	 92950000	34
chr8	 92800000	 93050000	5
chr8	 93400000	 94050000	13
chr8	 98600000	 98950000	7
chr8	100300000	100950000	13
chr8	101400000	100300000	22
chr8	101800000	104500000	54
chr8	102750000	103950000	24
chr8	104800000	105400000	12
chr8	104850000	103700000	23
chr8	105000000	104800000	4
chr8	105000000	106800000	36
chr8	106100000	106750000	13
chr8	107500000	108650000	23
chr8	109450000	108100000	27
chr8	109550000	111100000	31
chr8	109600000	110100000	10
chr8	110250000	110000000	5
chr8	111850000	112550000	14
chr8	114200000	116350000	43
chr8	116900000	117900000	20
chr8	117500000	116600000	18
chr8	119150000	119450000	6
chr8	119300000	120450000	23
chr8	120350000	119250000	22
chr8	122050000	122750000	14
chr8	122600000	121950000	13
chr8	122650000	121400000	25
chr8	123650000	123650000	0
chr9	   100000	   800000	14
chr9	  1500000	  2650000	23
chr9	  6500000	  7650000	23
chr9	  6650000	  8900000	45
chr9	  9350000	 10850000	30
chr9	  9700000	 10500000	16
chr9	 10550000	  8900000	33
chr9	 11500000	 12800000	26
chr9	 12250000	 18250000	120
chr9	 14450000	 14300000	3
chr9	 14800000	 13000000	36
chr9	 15350000	 14250000	22
chr9	 17650000	 21200000	71
chr9	 17800000	 15550000	45
chr9	 17800000	 16150000	33
chr9	 17950000	 16600000	27
chr9	 18900000	 18400000	10
chr9	 21600000	 23350000	35
chr9	 21700000	 20400000	26
chr9	 24050000	 27000000	59
chr9	 25800000	 24300000	30
chr9	 31300000	 32550000	25
chr9	 35250000	 35850000	12
chr9	 35600000	 35000000	12
chr9	 36800000	 35800000	20
chr9	 38550000	 39650000	22
chr9	 38800000	 37200000	32
chr9	 39050000	 39900000	17
chr9	 39550000	 40150000	12
chr9	 40850000	 41150000	6
chr9	 42750000	 41950000	16
chr9	 47450000	 49100000	33
chr9	 47800000	 46050000	35
chr9	 48250000	 47200000	21
chr9	 48850000	 50000000	23
chr9	 52600000	 53450000	17
chr9	 54900000	 55700000	16
chr9	 56500000	 55050000	29
chr9	 57300000	 58250000	19
chr9	 57400000	 58550000	23
chr9	 58800000	 58250000	11
chr9	 61500000	 61200000	6
chr9	 61900000	 63300000	28
chr9	 62100000	 63850000	35
chr9	 62150000	 62900000	15
chr9	 62900000	 65200000	46
chr9	 64200000	 63600000	12
chr9	 64450000	 62800000	33
chr9	 65050000	 66100000	21
chr9	 66900000	 67850000	19
chr9	 67400000	 68300000	18
chr9	 67800000	 66650000	23
chr9	 68100000	 69700000	32
chr9	 73300000	 72800000	10
chr9	 74050000	 75700000	33
chr9	 74100000	 75900000	36
chr9	 74950000	 76500000	31
chr9	 81550000	 78550000	60
chr9	 81550000	 82050000	10
chr9	 83350000	 83000000	7
chr9	 83700000	 82300000	28
chr9	 83800000	 84700000	18
chr9	 84900000	 85700000	16
chr9	 86700000	 88500000	36
chr9	 87400000	 86300000	22
chr9	 87600000	 88600000	20
chr9	 87750000	 87350000	8
chr9	 88150000	 87800000	7
chr9	 90150000	 88750000	28
chr9	 91500000	 92250000	15
chr9	 91850000	 90350000	30
chr9	 92200000	 91050000	23
chr9	 93100000	 92400000	14
chr9	 94100000	 95300000	24
chr9	 97250000	 98100000	17
chr9	 97800000	 98850000	21
chr9	 98500000	 99350000	17
chr9	 99600000	100300000	14
chr9	102650000	103100000	9
chr9	106050000	106850000	16
chr9	107850000	108250000	8
chr9	108750000	106550000	44
chr9	108850000	107800000	21
chr9	109450000	108400000	21
chr9	110600000	110000000	12
chr9	111650000	112500000	17
chr9	111900000	110900000	20
chr9	112200000	112650000	9
chr9	113500000	114750000	25
chr9	113650000	114150000	10
chr9	114750000	116350000	32
chr9	116950000	117950000	20
chr9	117050000	116300000	15
chr9	118000000	119700000	34
chr9	122050000	120800000	25
chr9	122900000	121650000	25
chrX	    50000	  1750000	34
chrX	  1300000	  1700000	8
chrX	  1300000	  2550000	25
chrX	  2750000	  1600000	23
chrX	  2750000	  3050000	6
chrX	  3050000	  3050000	0
chrX	  3250000	  2300000	19
chrX	  4250000	  6050000	36
chrX	 10950000	 11950000	20
chrX	 11800000	 10550000	25
chrX	 12600000	 14000000	28
chrX	 13400000	 14600000	24
chrX	 14700000	 11200000	70
chrX	 15050000	 14400000	13
chrX	 17450000	 16500000	19
chrX	 18400000	 17400000	20
chrX	 24650000	 22900000	35
chrX	 25450000	 26450000	20
chrX	 25750000	 24650000	22
chrX	 26500000	 25900000	12
chrX	 27500000	 29200000	34
chrX	 27600000	 28400000	16
chrX	 30050000	 29200000	17
chrX	 30350000	 32650000	46
chrX	 30750000	 33000000	45
chrX	 32250000	 29350000	58
chrX	 32350000	 31100000	25
chrX	 33000000	 32150000	17
chrX	 34450000	 33650000	16
chrX	 34600000	 35100000	10
chrX	 36350000	 39700000	67
chrX	 36750000	 35600000	23
chrX	 38600000	 39100000	10
chrX	 41350000	 44050000	54
chrX	 42100000	 44100000	40
chrX	 43250000	 43850000	12
chrX	 46450000	 48550000	42
chrX	 47300000	 47000000	6
chrX	 50100000	 51450000	27
chrX	 53850000	 53300000	11
chrX	 56750000	 55400000	27
chrX	 58450000	 57350000	22
chrX	 58750000	 57400000	27
chrX	 59350000	 58700000	13
chrX	 60550000	 58950000	32
chrX	 60900000	 60050000	17
chrX	 61250000	 62400000	23
chrX	 61600000	 58250000	67
chrX	 63050000	 60500000	51
chrX	 63950000	 65400000	29
chrX	 65450000	 67000000	31
chrX	 67700000	 68200000	10
chrX	 71150000	 71800000	13
chrX	 73300000	 72700000	12
chrX	 73900000	 72550000	27
chrX	 75600000	 77700000	42
chrX	 75900000	 78350000	49
chrX	 77150000	 73400000	75
chrX	 77800000	 78750000	19
chrX	 78400000	 77350000	21
chrX	 78400000	 77650000	15
chrX	 80900000	 82200000	26
chrX	 81050000	 81750000	14
chrX	 82400000	 83100000	14
chrX	 82700000	 83200000	10
chrX	 84250000	 86150000	38
chrX	 86150000	 86600000	9
chrX	 86250000	 86850000	12
chrX	 86600000	 85900000	14
chrX	 86800000	 89450000	53
chrX	 86900000	 88350000	29
chrX	 87600000	 86850000	15
chrX	 88200000	 88900000	14
chrX	 88900000	 88200000	14
chrX	 89850000	 88000000	37
chrX	 91300000	 93300000	40
chrX	 91650000	 92450000	16
chrX	 92200000	 92200000	0
chrX	 92200000	 94850000	53
chrX	 92600000	 91750000	17
chrX	 93350000	 95350000	40
chrX	 94200000	 94900000	14
chrX	 95800000	 96850000	21
chrX	 99150000	 96850000	46
chrX	 99800000	 98500000	26
chrX	103200000	102400000	16
chrX	106500000	105650000	17
chrX	106600000	108850000	45
chrX	106850000	108900000	41
chrX	107500000	108350000	17
chrX	108350000	109250000	18
chrX	109650000	111600000	39
chrX	109950000	110200000	5
chrX	111600000	112400000	16
chrX	111600000	112700000	22
chrX	113500000	112100000	28
chrX	114100000	115500000	28
chrX	114150000	113200000	19
chrX	114400000	113300000	22
chrX	115800000	114650000	23
chrX	119700000	119700000	0
chrX	122300000	121850000	9
chrX	123100000	124800000	34
chrX	123600000	125800000	44
chrX	124300000	126350000	41
chrX	125200000	123800000	28
chrX	126350000	127000000	13
chrX	127800000	127250000	11
chrX	128950000	133500000	91
chrX	129250000	127150000	42
chrX	130900000	130100000	16
chrX	132950000	133800000	17
chrX	135500000	135850000	7
chrX	137350000	140300000	59
chrX	138150000	140300000	43
chrX	138500000	137250000	25
chrX	140700000	141250000	11
chrX	142000000	142850000	17
chrX	144600000	144250000	7
chrX	145650000	147350000	34
chrX	146450000	146000000	9
chrX	146950000	147500000	11
chrX	147400000	146200000	24
chrX	147850000	146700000	23
chrX	148400000	149100000	14
chrX	148600000	149400000	16
chrX	151050000	149800000	25
chrX	151950000	151650000	6
chrX	152250000	151450000	16
chrX	152550000	153050000	10
chrX	152600000	153850000	25
chrX	153600000	155000000	28
chrX	154750000	153400000	27
chrX	155150000	153450000	34
chrX	156000000	157200000	24
chrX	159150000	157600000	31
chrX	159250000	158350000	18
chrX	161900000	164400000	50
chrX	164050000	162100000	39
chrX	164250000	163350000	18
chrX	166250000	165550000	14
chrX	166300000	167150000	17
chrX	166350000	167700000	27
chrX	168200000	170950000	55
chrX	170600000	169700000	18
chrY	   800000	  2500000	34
chrY	  3300000	   950000	47
chrY	  6500000	  4300000	44
chrY	  6650000	  5800000	17
chrY	  8950000	  7300000	33
chrY	  9250000	 11050000	36
chrY	  9950000	  8250000	34
chrY	 11700000	 12350000	13
chrY	 11800000	 11150000	13
chrY	 11950000	 10850000	22
chrY	 13500000	 14350000	17
chrY	 15000000	 13350000	33
chrY	 18550000	 17550000	20
chrY	 18950000	 19650000	14
chrY	 19450000	 18250000	24
chrY	 20200000	 18350000	37
chrY	 20500000	 21600000	22
chrY	 23700000	 24450000	15
chrY	 24400000	 24150000	5
chrY	 26150000	 26900000	15
chrY	 26200000	 25500000	14
chrY	 26250000	 27950000	34
chrY	 26450000	 27900000	29
chrY	 29500000	 31550000	41
chrY	 30150000	 31550000	28
chrY	 30550000	 29450000	22
chrY	 31100000	 31400000	6
chrY	 34700000	 36750000	41
chrY	 36000000	 35150000	17
chrY	 36700000	 35250000	29
chrY	 39500000	 41250000	35
chrY	 40450000	 39300000	23
chrY	 40750000	 40100000	13
chrY	 41050000	 41800000	15
chrY	 47150000	 50150000	60
chrY	 47450000	 47250000	4
chrY	 47600000	 45600000	40
chrY	 52450000	 53450000	20
chrY	 54200000	 53600000	12
chrY	 55400000	 56350000	19
chrY	 56500000	 55750000	15
chrY	 56500000	 57350000	17
chrY	 61800000	 60250000	31
chrY	 64450000	 63700000	15
chrY	 67200000	 69150000	39
chrY	 69600000	 68400000	24
chrY	 70750000	 71550000	16
chrY	 71700000	 71300000	8
chrY	 73500000	 72200000	26
chrY	 73750000	 74850000	22
chrY	 74050000	 75850000	36
chrY	 74900000	 73500000	28
chrY	 77700000	 78800000	22
chrY	 77900000	 76900000	20
chrY	 78100000	 76450000	33
chrY	 78350000	 76900000	29
chrY	 79850000	 79500000	7
chrY	 80850000	 79600000	25
chrY	 81850000	 83750000	38
chrY	 82200000	 82850000	13
chrY	 85500000	 90100000	92
chrY	 86450000	 87000000	11
chrY	 87300000	 86950000	7
chrY	 87350000	 86400000	19
chrY	 87850000	 89550000	34
chrY	 89850000	 89350000	10
