chr1	  2100000	  1200000	18
chr1	  2950000	  3350000	8
chr1	  3150000	  1750000	28
chr1	  3200000	  4000000	16
chr1	  3350000	  4900000	31
chr1	  4700000	  9650000	99
chr1	  4750000	  3300000	29
chr1	  7850000	  8950000	22
chr1	  8550000	  6550000	40
chr1	 12350000	 10650000	34
chr1	 13500000	 12600000	18
chr1	 13950000	 12800000	23
chr1	 17750000	 18700000	19
chr1	 19200000	 18650000	11
chr1	 19250000	 18300000	19
chr1	 19300000	 18650000	13
chr1	 20150000	 19550000	12
chr1	 22050000	 22350000	6
chr1	 28000000	 30450000	49
chr1	 28700000	 29500000	16
chr1	 30100000	 31850000	35
chr1	 30200000	 29300000	18
chr1	 30500000	 29700000	16
chr1	 30700000	 30150000	11
chr1	 31800000	 33200000	28
chr1	 35700000	 33600000	42
chr1	 36200000	 37550000	27
chr1	 36450000	 37300000	17
chr1	 36950000	 37750000	16
chr1	 37500000	 40900000	68
chr1	 39300000	 41600000	46
chr1	 39450000	 37850000	32
chr1	 41200000	 41650000	9
chr1	 41750000	 43750000	40
chr1	 43250000	 43000000	5
chr1	 43700000	 42950000	15
chr1	 46300000	 45150000	23
chr1	 47850000	 47200000	13
chr1	 50550000	 49500000	21
chr1	 51750000	 51100000	13
chr1	 52000000	 52750000	15
chr1	 52750000	 53800000	21
chr1	 53150000	 52550000	12
chr1	 55550000	 56700000	23
chr1	 56050000	 56550000	10
chr1	 57950000	 57500000	9
chr1	 58100000	 58950000	17
chr1	 61600000	 62450000	17
chr1	 62700000	 66050000	67
chr1	 62750000	 61750000	20
chr1	 66100000	 66550000	9
chr1	 66450000	 68550000	42
chr1	 70750000	 71450000	14
chr1	 70950000	 70250000	14
chr1	 71250000	 73850000	52
chr1	 71300000	 70700000	12
chr1	 75050000	 73700000	27
chr1	 76300000	 77500000	24
chr1	 77100000	 79400000	46
chr1	 80700000	 82250000	31
chr1	 82500000	 81300000	24
chr1	 82650000	 84600000	39
chr1	 87550000	 90250000	54
chr1	 89300000	 90450000	23
chr1	 89950000	 88950000	20
chr1	 91850000	 92550000	14
chr1	 92500000	 92250000	5
chr1	 93000000	 91800000	24
chr1	 93500000	 92350000	23
chr1	 94250000	 92850000	28
chr1	 95500000	 93700000	36
chr1	 97250000	 98000000	15
chr1	 97300000	 96700000	12
chr1	101150000	102150000	20
chr1	101900000	102500000	12
chr1	103400000	104300000	18
chr1	104900000	103600000	26
chr1	105000000	103700000	26
chr1	105400000	104550000	17
chr1	109800000	109350000	9
chr1	111700000	109300000	48
chr1	112300000	113800000	30
chr1	113150000	111700000	29
chr1	113750000	114600000	17
chr1	114200000	115500000	26
chr1	114500000	115850000	27
chr1	116100000	116650000	11
chr1	117000000	116050000	19
chr1	118600000	119550000	19
chr1	120750000	119200000	31
chr1	120800000	122550000	35
chr1	122350000	123250000	18
chr1	124150000	123800000	7
chr1	125900000	127000000	22
chr1	126800000	125600000	24
chr1	133000000	134250000	25
chr1	133050000	131050000	40
chr1	134400000	135250000	17
chr1	135000000	134000000	20
chr1	135100000	134200000	18
chr1	135150000	134250000	18
chr1	137850000	138750000	18
chr1	138950000	141900000	59
chr1	140150000	139900000	5
chr1	142850000	142350000	10
chr1	143350000	146900000	71
chr1	143950000	142350000	32
chr1	146050000	143800000	45
chr1	147550000	148350000	16
chr1	149700000	150300000	12
chr1	150100000	148450000	33
chr1	150100000	151450000	27
chr1	150500000	151650000	23
chr1	151600000	152650000	21
chr1	152350000	151250000	22
chr1	152550000	153100000	11
chr1	157250000	158350000	22
chr1	161250000	162500000	25
chr1	162050000	163750000	34
chr1	162100000	161100000	20
chr1	163600000	164350000	15
chr1	166350000	167400000	21
chr1	167450000	168350000	18
chr1	171000000	171600000	12
chr1	171250000	171750000	10
chr1	173250000	171550000	34
chr1	173400000	173400000	0
chr1	177150000	178550000	28
chr1	178100000	178400000	6
chr1	178800000	177850000	19
chr1	180200000	181500000	26
chr1	180850000	181750000	18
chr1	181800000	182950000	23
chr1	183250000	184500000	25
chr1	183700000	183700000	0
chr1	185900000	187000000	22
chr1	187350000	188550000	24
chr1	188850000	189650000	16
chr1	188900000	189400000	10
chr1	191200000	189800000	28
chr1	191200000	190050000	23
chr1	193950000	192400000	31
chr10	   350000	  1450000	22
chr10	   400000	  1150000	15
chr10	  2750000	  4150000	28
chr10	  3900000	  4500000	12
chr10	  5750000	  4500000	25
chr10	  6400000	  6700000	6
chr10	  7350000	  6800000	11
chr10	 10400000	  9150000	25
chr10	 10800000	 12150000	27
chr10	 11300000	 12650000	27
chr10	 12600000	 14500000	38
chr10	 13050000	 11900000	23
chr10	 13950000	 13050000	18
chr10	 15400000	 16050000	13
chr10	 20150000	 19200000	19
chr10	 20650000	 19100000	31
chr10	 21250000	 22000000	15
chr10	 23100000	 24200000	22
chr10	 23250000	 24850000	32
chr10	 24650000	 25100000	9
chr10	 28400000	 26300000	42
chr10	 28700000	 29450000	15
chr10	 28950000	 27950000	20
chr10	 30350000	 29350000	20
chr10	 31850000	 33450000	32
chr10	 32850000	 35350000	50
chr10	 33250000	 32000000	25
chr10	 34150000	 35350000	24
chr10	 41750000	 42350000	12
chr10	 42100000	 41200000	18
chr10	 44000000	 45700000	34
chr10	 44700000	 46050000	27
chr10	 44750000	 45400000	13
chr10	 46450000	 47800000	27
chr10	 47400000	 48250000	17
chr10	 47950000	 47750000	4
chr10	 48250000	 49450000	24
chr10	 50100000	 48700000	28
chr10	 50300000	 48100000	44
chr10	 50800000	 51000000	4
chr10	 51450000	 49550000	38
chr10	 58150000	 56900000	25
chr10	 59800000	 58150000	33
chr10	 63400000	 62700000	14
chr10	 63750000	 65200000	29
chr10	 67150000	 68000000	17
chr10	 69300000	 69800000	10
chr10	 69600000	 69050000	11
chr10	 73150000	 72900000	5
chr10	 73200000	 75350000	43
chr10	 74300000	 73350000	19
chr10	 74600000	 73850000	15
chr10	 76250000	 77300000	21
chr10	 76800000	 73950000	57
chr10	 78850000	 80500000	33
chr10	 80250000	 78550000	34
chr10	 80250000	 80950000	14
chr10	 80450000	 80050000	8
chr10	 83150000	 84450000	26
chr10	 83900000	 84650000	15
chr10	 86150000	 85450000	14
chr10	 86500000	 85850000	13
chr10	 86550000	 85850000	14
chr10	 87600000	 88150000	11
chr10	 88650000	 86950000	34
chr10	 90200000	 92150000	39
chr10	 90300000	 91600000	26
chr10	 91900000	 91100000	16
chr10	 92450000	 93600000	23
chr10	 92500000	 92900000	8
chr10	 93750000	 94700000	19
chr10	 94150000	 93200000	19
chr10	 94150000	 93350000	16
chr10	 94950000	 93200000	35
chr10	 98800000	 99400000	12
chr10	100800000	102250000	29
chr10	102200000	101250000	19
chr10	102600000	101850000	15
chr10	104550000	105700000	23
chr10	105050000	106150000	22
chr10	105100000	108450000	67
chr10	105450000	104550000	18
chr10	105850000	104700000	23
chr10	106050000	106750000	14
chr10	106150000	105050000	22
chr10	108000000	108550000	11
chr10	108550000	109150000	12
chr10	110250000	108850000	28
chr10	111500000	110200000	26
chr10	111750000	109500000	45
chr10	111850000	113100000	25
chr10	112800000	114250000	29
chr10	114300000	113650000	13
chr10	114300000	115750000	29
chr10	116200000	114200000	40
chr10	119200000	116950000	45
chr10	125150000	125850000	14
chr10	126050000	127600000	31
chr10	128650000	127800000	17
chr10	128800000	127950000	17
chr10	129250000	128100000	23
chr10	129600000	129250000	7
chr11	  2700000	  2350000	7
chr11	  3350000	  2950000	8
chr11	  4100000	  4400000	6
chr11	  4150000	  6400000	45
chr11	  5950000	  6750000	16
chr11	  8600000	  9350000	15
chr11	  9050000	  7650000	28
chr11	  9650000	 11450000	36
chr11	 10250000	 13400000	63
chr11	 10950000	 11300000	7
chr11	 13100000	 10950000	43
chr11	 15050000	 16500000	29
chr11	 16150000	 18000000	37
chr11	 16350000	 15150000	24
chr11	 18300000	 18750000	9
chr11	 19900000	 18650000	25
chr11	 20650000	 21950000	26
chr11	 20950000	 21250000	6
chr11	 22300000	 24300000	40
chr11	 24300000	 25400000	22
chr11	 24350000	 23600000	15
chr11	 28100000	 28950000	17
chr11	 28550000	 27500000	21
chr11	 28650000	 29950000	26
chr11	 29050000	 28300000	15
chr11	 29900000	 29350000	11
chr11	 30700000	 31250000	11
chr11	 33200000	 32050000	23
chr11	 33350000	 30750000	52
chr11	 35950000	 38100000	43
chr11	 36600000	 35900000	14
chr11	 37750000	 37100000	13
chr11	 38050000	 37650000	8
chr11	 38750000	 41500000	55
chr11	 39300000	 37800000	30
chr11	 41950000	 40650000	26
chr11	 42400000	 44250000	37
chr11	 44700000	 45950000	25
chr11	 45500000	 46400000	18
chr11	 47050000	 46200000	17
chr11	 48750000	 49400000	13
chr11	 49850000	 51250000	28
chr11	 50000000	 51200000	24
chr11	 50950000	 50200000	15
chr11	 51250000	 52400000	23
chr11	 52600000	 53150000	11
chr11	 53800000	 56350000	51
chr11	 55050000	 56250000	24
chr11	 55250000	 55800000	11
chr11	 55500000	 57700000	44
chr11	 56300000	 59400000	62
chr11	 58500000	 59500000	20
chr11	 58750000	 59350000	12
chr11	 58950000	 58650000	6
chr11	 60350000	 60750000	8
chr11	 61150000	 62950000	36
chr11	 64950000	 64150000	16
chr11	 66450000	 67150000	14
chr11	 66950000	 66450000	10
chr11	 67950000	 67500000	9
chr11	 71600000	 70850000	15
chr11	 72900000	 72050000	17
chr11	 73550000	 73050000	10
chr11	 76850000	 77800000	19
chr11	 77650000	 78650000	20
chr11	 80050000	 81850000	36
chr11	 85550000	 84750000	16
chr11	 85850000	 86200000	7
chr11	 87250000	 88250000	20
chr11	 87350000	 87750000	8
chr11	 88900000	 89850000	19
chr11	 89450000	 90200000	15
chr11	 92500000	 91200000	26
chr11	 93400000	 94200000	16
chr11	 93650000	 92850000	16
chr11	 94500000	 93550000	19
chr11	 98700000	 98950000	5
chr11	 98850000	 99550000	14
chr11	100100000	 98000000	42
chr11	102350000	101050000	26
chr11	104650000	105450000	16
chr11	107850000	108650000	16
chr11	108650000	107400000	25
chr11	110250000	109600000	13
chr11	110550000	116550000	120
chr11	111400000	110200000	24
chr11	111850000	112100000	5
chr11	112500000	110200000	46
chr11	113600000	112350000	25
chr11	115300000	113850000	29
chr11	115400000	115900000	10
chr11	117550000	116450000	22
chr11	118050000	118900000	17
chr11	120300000	121000000	14
chr11	120400000	119850000	11
chr11	120450000	121500000	21
chr11	120550000	121000000	9
chr11	122050000	120600000	29
chr12	  1150000	  1250000	2
chr12	  1450000	  2200000	15
chr12	  1750000	  2950000	24
chr12	  1900000	   900000	20
chr12	  2700000	    50000	53
chr12	  4250000	  3650000	12
chr12	  6500000	  7100000	12
chr12	  8000000	  8500000	10
chr12	  8150000	  5250000	58
chr12	 11450000	 13200000	35
chr12	 11950000	 11250000	14
chr12	 13450000	 11450000	40
chr12	 13800000	 11900000	38
chr12	 17300000	 16950000	7
chr12	 18600000	 17950000	13
chr12	 18650000	 19500000	17
chr12	 20200000	 18050000	43
chr12	 21450000	 20550000	18
chr12	 21550000	 23150000	32
chr12	 23950000	 23350000	12
chr12	 25350000	 26500000	23
chr12	 25600000	 26950000	27
chr12	 26300000	 24700000	32
chr12	 29300000	 28600000	14
chr12	 29750000	 28450000	26
chr12	 30000000	 28800000	24
chr12	 34750000	 35750000	20
chr12	 35050000	 36100000	21
chr12	 42350000	 43850000	30
chr12	 44150000	 42550000	32
chr12	 44850000	 45900000	21
chr12	 45450000	 44850000	12
chr12	 45950000	 47150000	24
chr12	 50150000	 49100000	21
chr12	 52150000	 51750000	8
chr12	 53000000	 50750000	45
chr12	 54400000	 58150000	75
chr12	 54800000	 56250000	29
chr12	 55700000	 57600000	38
chr12	 56150000	 56800000	13
chr12	 56750000	 53750000	60
chr12	 57050000	 58400000	27
chr12	 57550000	 56950000	12
chr12	 59750000	 60550000	16
chr12	 60050000	 58050000	40
chr12	 60200000	 57800000	48
chr12	 60200000	 62900000	54
chr12	 60650000	 59900000	15
chr12	 61050000	 60700000	7
chr12	 64500000	 65550000	21
chr12	 67450000	 68150000	14
chr12	 67800000	 68400000	12
chr12	 67850000	 67150000	14
chr12	 67900000	 67100000	16
chr12	 68000000	 67400000	12
chr12	 68750000	 68250000	10
chr12	 69350000	 68100000	25
chr12	 71100000	 71950000	17
chr12	 73600000	 72550000	21
chr12	 73900000	 76600000	54
chr12	 76650000	 75850000	16
chr12	 77100000	 78650000	31
chr12	 77900000	 78700000	16
chr12	 78950000	 81150000	44
chr12	 81600000	 80200000	28
chr12	 83300000	 85450000	43
chr12	 85350000	 83900000	29
chr12	 85500000	 84450000	21
chr12	 85650000	 84800000	17
chr12	 86150000	 85150000	20
chr12	 86300000	 84700000	32
chr12	 89200000	 88550000	13
chr12	 93200000	 92350000	17
chr12	 93350000	 94200000	17
chr12	 94000000	 95000000	20
chr12	 94000000	 95450000	29
chr12	 94200000	 93700000	10
chr12	 94800000	 94150000	13
chr12	 94850000	 92100000	55
chr12	 95250000	 95700000	9
chr12	 95850000	 98300000	49
chr12	 97250000	 96850000	8
chr12	 97300000	 98700000	28
chr12	 97650000	 99050000	28
chr12	100300000	 98550000	35
chr12	101200000	101700000	10
chr12	101450000	101950000	10
chr12	101900000	100950000	19
chr12	102200000	101750000	9
chr12	103700000	103350000	7
chr12	104150000	105300000	23
chr12	106350000	107450000	22
chr12	106800000	108000000	24
chr12	107050000	107750000	14
chr12	107200000	106450000	15
chr12	109050000	108250000	16
chr12	109250000	107650000	32
chr12	110400000	109150000	25
chr12	110750000	109350000	28
chr12	111300000	110850000	9
chr12	112350000	112650000	6
chr12	112800000	114050000	25
chr12	114800000	114150000	13
chr12	116750000	115350000	28
chr12	118250000	117000000	25
chr12	119150000	118450000	14
chr13	  1650000	  2250000	12
chr13	  2150000	  4100000	39
chr13	  3300000	  2700000	12
chr13	  3500000	  4150000	13
chr13	  4450000	  3400000	21
chr13	  5300000	  6950000	33
chr13	  7100000	  7900000	16
chr13	  7350000	  7200000	3
chr13	  7900000	  6150000	35
chr13	  9750000	  9750000	0
chr13	 10400000	 11450000	21
chr13	 10900000	 11900000	20
chr13	 12300000	 11050000	25
chr13	 12950000	 12300000	13
chr13	 15200000	 15750000	11
chr13	 16000000	 15400000	12
chr13	 16150000	 17050000	18
chr13	 17400000	 18300000	18
chr13	 18350000	 17050000	26
chr13	 19200000	 22700000	70
chr13	 19300000	 19800000	10
chr13	 20900000	 20050000	17
chr13	 21650000	 22100000	9
chr13	 24000000	 24250000	5
chr13	 24500000	 23950000	11
chr13	 25150000	 24300000	17
chr13	 26300000	 27100000	16
chr13	 27900000	 29000000	22
chr13	 30850000	 30300000	11
chr13	 33400000	 35950000	51
chr13	 34650000	 37900000	65
chr13	 36450000	 35350000	22
chr13	 40250000	 42750000	50
chr13	 40800000	 40800000	0
chr13	 41350000	 42400000	21
chr13	 41900000	 43850000	39
chr13	 43550000	 44500000	19
chr13	 44450000	 43750000	14
chr13	 44500000	 43850000	13
chr13	 45600000	 44700000	18
chr13	 52600000	 53200000	12
chr13	 53200000	 52550000	13
chr13	 54650000	 54150000	10
chr13	 54700000	 55850000	23
chr13	 54800000	 54050000	15
chr13	 56200000	 56700000	10
chr13	 56450000	 54700000	35
chr13	 57250000	 56350000	18
chr13	 57550000	 56850000	14
chr13	 58250000	 58450000	4
chr13	 60000000	 61350000	27
chr13	 60300000	 58250000	41
chr13	 60650000	 62000000	27
chr13	 61750000	 63550000	36
chr13	 62050000	 60000000	41
chr13	 63900000	 62850000	21
chr13	 64500000	 65100000	12
chr13	 65950000	 67700000	35
chr13	 66700000	 65450000	25
chr13	 67050000	 65950000	22
chr13	 69600000	 70500000	18
chr13	 70200000	 69000000	24
chr13	 70400000	 69800000	12
chr13	 72400000	 71450000	19
chr13	 73600000	 73000000	12
chr13	 75700000	 74650000	21
chr13	 79050000	 79600000	11
chr13	 79300000	 81900000	52
chr13	 80000000	 80500000	10
chr13	 81000000	 79350000	33
chr13	 83050000	 83550000	10
chr13	 83200000	 84400000	24
chr13	 83350000	 84350000	20
chr13	 83450000	 83850000	8
chr13	 84950000	 84550000	8
chr13	 85850000	 86300000	9
chr13	 86250000	 86850000	12
chr13	 87700000	 88550000	17
chr13	 89150000	 87700000	29
chr13	 90250000	 91400000	23
chr13	 90850000	 89300000	31
chr13	 91450000	 90250000	24
chr13	 94450000	 93250000	24
chr13	 94750000	 93250000	30
chr13	 95750000	 96400000	13
chr13	 95900000	 96200000	6
chr13	 97450000	 96750000	14
chr13	 97750000	 98650000	18
chr13	 99000000	 99750000	15
chr13	100700000	 98850000	37
chr13	101950000	101050000	18
chr13	103750000	102600000	23
chr13	104650000	104050000	12
chr13	106200000	105650000	11
chr13	106250000	106750000	10
chr13	109800000	110250000	9
chr13	110250000	111200000	19
chr13	110800000	109000000	36
chr13	111700000	111050000	13
chr13	114300000	113500000	16
chr13	116300000	116050000	5
chr13	116850000	118500000	33
chr13	117200000	119300000	42
chr13	118250000	118600000	7
chr14	  1200000	  1500000	6
chr14	  1700000	  2050000	7
chr14	  1800000	   950000	17
chr14	  1900000	   550000	27
chr14	  2400000	  1700000	14
chr14	  6100000	  7150000	21
chr14	  9450000	  8350000	22
chr14	  9900000	  7650000	45
chr14	 10500000	 12250000	35
chr14	 12600000	 13450000	17
chr14	 14900000	 16200000	26
chr14	 16600000	 17950000	27
chr14	 17500000	 19600000	42
chr14	 17600000	 16850000	15
chr14	 18100000	 20050000	39
chr14	 18950000	 18000000	19
chr14	 20750000	 23050000	46
chr14	 22600000	 23200000	12
chr14	 27150000	 26750000	8
chr14	 29900000	 29150000	15
chr14	 31600000	 32100000	10
chr14	 31800000	 29950000	37
chr14	 32400000	 32900000	10
chr14	 32850000	 34250000	28
chr14	 35100000	 32500000	52
chr14	 35300000	 36050000	15
chr14	 35500000	 34500000	20
chr14	 35600000	 37800000	44
chr14	 36750000	 38550000	36
chr14	 37450000	 37900000	9
chr14	 38850000	 37650000	24
chr14	 39500000	 40800000	26
chr14	 39600000	 40400000	16
chr14	 42550000	 42000000	11
chr14	 43750000	 42750000	20
chr14	 46150000	 46550000	8
chr14	 47750000	 48650000	18
chr14	 48150000	 46700000	29
chr14	 48500000	 48500000	0
chr14	 49150000	 48450000	14
chr14	 51050000	 51900000	17
chr14	 52300000	 52600000	6
chr14	 52550000	 50850000	34
chr14	 53300000	 52800000	10
chr14	 53450000	 54000000	11
chr14	 54600000	 53900000	14
chr14	 54950000	 54000000	19
chr14	 55400000	 54650000	15
chr14	 55650000	 54700000	19
chr14	 56100000	 57400000	26
chr14	 57150000	 57950000	16
chr14	 58150000	 57650000	10
chr14	 58600000	 59450000	17
chr14	 59050000	 57550000	30
chr14	 60000000	 57800000	44
chr14	 60000000	 58500000	30
chr14	 61550000	 60300000	25
chr14	 61750000	 63750000	40
chr14	 61950000	 62250000	6
chr14	 62350000	 61850000	10
chr14	 65900000	 66750000	17
chr14	 67150000	 63900000	65
chr14	 67800000	 67400000	8
chr14	 68750000	 67000000	35
chr14	 69850000	 71700000	37
chr14	 70300000	 70950000	13
chr14	 74350000	 75650000	26
chr14	 74400000	 74250000	3
chr14	 75100000	 74900000	4
chr14	 76750000	 75000000	35
chr14	 76900000	 77200000	6
chr14	 77100000	 75700000	28
chr14	 77650000	 76250000	28
chr14	 77650000	 79900000	45
chr14	 81700000	 84900000	64
chr14	 85250000	 83350000	38
chr14	 85450000	 86400000	19
chr14	 85650000	 85150000	10
chr14	 85750000	 84450000	26
chr14	 89750000	 90700000	19
chr14	 90250000	 90750000	10
chr14	 91800000	 93200000	28
chr14	 92650000	 93950000	26
chr14	 93600000	 94800000	24
chr14	 94700000	 96350000	33
chr14	 95550000	 96600000	21
chr14	 96050000	 97650000	32
chr14	 96550000	 95700000	17
chr14	 96800000	 98450000	33
chr14	 98600000	 98050000	11
chr14	100300000	101400000	22
chr14	101200000	101950000	15
chr14	107450000	108500000	21
chr14	111650000	114650000	60
chr14	113000000	111100000	38
chr14	113050000	113900000	17
chr14	114900000	116200000	26
chr14	116250000	115450000	16
chr14	118450000	116750000	34
chr14	118650000	122250000	72
chr14	119550000	119550000	0
chr14	121950000	120750000	24
chr15	   200000	        0	4
chr15	  4500000	  5600000	22
chr15	  5550000	  6350000	16
chr15	  5650000	  5150000	10
chr15	  7200000	  9000000	36
chr15	  7450000	  5750000	34
chr15	  8050000	 10000000	39
chr15	 10250000	  9950000	6
chr15	 12300000	 13100000	16
chr15	 14850000	 16450000	32
chr15	 15850000	 15200000	13
chr15	 16000000	 16600000	12
chr15	 16400000	 15300000	22
chr15	 16900000	 18700000	36
chr15	 20350000	 19050000	26
chr15	 21750000	 22850000	22
chr15	 22200000	 20350000	37
chr15	 23250000	 24150000	18
chr15	 24350000	 24900000	11
chr15	 24500000	 25100000	12
chr15	 25250000	 24950000	6
chr15	 25550000	 26300000	15
chr15	 27850000	 25900000	39
chr15	 29400000	 27250000	43
chr15	 32500000	 31750000	15
chr15	 33850000	 32950000	18
chr15	 34500000	 35800000	26
chr15	 34650000	 35500000	17
chr15	 35350000	 35700000	7
chr15	 35650000	 36550000	18
chr15	 36850000	 37850000	20
chr15	 37550000	 38250000	14
chr15	 37800000	 36650000	23
chr15	 38600000	 39200000	12
chr15	 40100000	 39700000	8
chr15	 40300000	 41050000	15
chr15	 40950000	 40150000	16
chr15	 42950000	 44050000	22
chr15	 43250000	 44900000	33
chr15	 43450000	 42650000	16
chr15	 45200000	 44400000	16
chr15	 47700000	 48250000	11
chr15	 47700000	 48450000	15
chr15	 48600000	 47750000	17
chr15	 50250000	 48350000	38
chr15	 50400000	 50800000	8
chr15	 52550000	 54650000	42
chr15	 53150000	 51500000	33
chr15	 57100000	 56300000	16
chr15	 58500000	 59400000	18
chr15	 59150000	 56150000	60
chr15	 60100000	 59750000	7
chr15	 60200000	 60800000	12
chr15	 61150000	 58900000	45
chr15	 64800000	 65550000	15
chr15	 66000000	 65350000	13
chr15	 66200000	 66950000	15
chr15	 66800000	 67900000	22
chr15	 68300000	 67000000	26
chr15	 69000000	 69550000	11
chr15	 73500000	 72650000	17
chr15	 74050000	 75300000	25
chr15	 74600000	 75350000	15
chr15	 74600000	 75950000	27
chr15	 74750000	 73550000	24
chr15	 76300000	 77150000	17
chr15	 76600000	 75750000	17
chr15	 77150000	 75350000	36
chr15	 78250000	 77300000	19
chr15	 80750000	 80250000	10
chr15	 81200000	 80550000	13
chr15	 83200000	 84700000	30
chr15	 84250000	 83300000	19
chr15	 85050000	 83150000	38
chr15	 85500000	 84800000	14
chr15	 85850000	 85300000	11
chr15	 87900000	 87200000	14
chr15	 88750000	 90450000	34
chr15	 90650000	 90500000	3
chr15	 92150000	 89550000	52
chr15	 93650000	 92250000	28
chr15	 94450000	 95750000	26
chr15	 94850000	 93350000	30
chr15	 96500000	 95150000	27
chr15	 97850000	 97100000	15
chr16	   650000	  2400000	35
chr16	  1550000	   850000	14
chr16	  3000000	  1950000	21
chr16	  3700000	  4100000	8
chr16	  8350000	  8800000	9
chr16	  9800000	  9000000	16
chr16	 12100000	 11100000	20
chr16	 13150000	 15200000	41
chr16	 14000000	 14700000	14
chr16	 14050000	 15200000	23
chr16	 14150000	 15500000	27
chr16	 15200000	 16350000	23
chr16	 17100000	 16000000	22
chr16	 17400000	 15400000	40
chr16	 17900000	 16600000	26
chr16	 20700000	 21800000	22
chr16	 20900000	 25750000	97
chr16	 21700000	 25350000	73
chr16	 22300000	 21800000	10
chr16	 27250000	 28250000	20
chr16	 28100000	 27050000	21
chr16	 31200000	 30650000	11
chr16	 32100000	 31300000	16
chr16	 34400000	 33750000	13
chr16	 35250000	 35600000	7
chr16	 35450000	 34050000	28
chr16	 36000000	 36700000	14
chr16	 36100000	 34300000	36
chr16	 37400000	 38300000	18
chr16	 37450000	 38450000	20
chr16	 38500000	 37450000	21
chr16	 42200000	 43150000	19
chr16	 43500000	 42050000	29
chr16	 44450000	 44650000	4
chr16	 46600000	 45400000	24
chr16	 47000000	 46400000	12
chr16	 52100000	 54150000	41
chr16	 52650000	 53650000	20
chr16	 52650000	 54350000	34
chr16	 53300000	 51500000	36
chr16	 53900000	 53600000	6
chr16	 54600000	 53450000	23
chr16	 56850000	 54450000	48
chr16	 58650000	 59750000	22
chr16	 58950000	 56500000	49
chr16	 63100000	 64450000	27
chr16	 63300000	 62750000	11
chr16	 65700000	 64500000	24
chr16	 67000000	 65300000	34
chr16	 67300000	 64900000	48
chr16	 67600000	 64150000	69
chr16	 68650000	 69900000	25
chr16	 68950000	 68300000	13
chr16	 70650000	 70250000	8
chr16	 73350000	 73850000	10
chr16	 74450000	 75500000	21
chr16	 74900000	 75300000	8
chr16	 75950000	 79550000	72
chr16	 76450000	 75400000	21
chr16	 77150000	 78200000	21
chr16	 78600000	 78100000	10
chr16	 79150000	 79600000	9
chr16	 79400000	 80050000	13
chr16	 79450000	 78150000	26
chr16	 81200000	 79750000	29
chr16	 82200000	 81350000	17
chr16	 83100000	 84500000	28
chr16	 83550000	 87250000	74
chr16	 84900000	 87700000	56
chr16	 85150000	 86650000	30
chr16	 85200000	 84550000	13
chr16	 87400000	 89400000	40
chr16	 91300000	 90100000	24
chr16	 91300000	 92100000	16
chr16	 91750000	 90850000	18
chr16	 91800000	 90500000	26
chr16	 91950000	 93050000	22
chr16	 92050000	 92950000	18
chr16	 93250000	 93850000	12
chr16	 94550000	 96600000	41
chr17	   600000	  1400000	16
chr17	  1600000	  2050000	9
chr17	  2900000	  4100000	24
chr17	  3300000	  1550000	35
chr17	  3600000	  5400000	36
chr17	  7050000	  5850000	24
chr17	  7800000	  8700000	18
chr17	  9300000	 10200000	18
chr17	  9750000	  9350000	8
chr17	  9800000	  9500000	6
chr17	 10850000	 10000000	17
chr17	 11050000	  9650000	28
chr17	 14250000	 15200000	19
chr17	 14550000	 14050000	10
chr17	 17750000	 19250000	30
chr17	 18350000	 19800000	29
chr17	 19650000	 17650000	40
chr17	 20250000	 20850000	12
chr17	 20700000	 17850000	57
chr17	 23250000	 21200000	41
chr17	 23950000	 22700000	25
chr17	 27500000	 28350000	17
chr17	 28950000	 30450000	30
chr17	 29050000	 29500000	9
chr17	 29650000	 29900000	5
chr17	 29650000	 30950000	26
chr17	 30100000	 31800000	34
chr17	 33300000	 33900000	12
chr17	 34700000	 36200000	30
chr17	 37950000	 38800000	17
chr17	 38550000	 39800000	25
chr17	 43850000	 44300000	9
chr17	 43900000	 45550000	33
chr17	 44350000	 45000000	13
chr17	 45450000	 43450000	40
chr17	 46000000	 47150000	23
chr17	 50750000	 50100000	13
chr17	 50900000	 47950000	59
chr17	 51600000	 52850000	25
chr17	 52300000	 53300000	20
chr17	 59550000	 60700000	23
chr17	 60450000	 57400000	61
chr17	 60750000	 60750000	0
chr17	 62300000	 63000000	14
chr17	 63950000	 67900000	79
chr17	 64000000	 63550000	9
chr17	 64700000	 63600000	22
chr17	 65500000	 64800000	14
chr17	 66000000	 67000000	20
chr17	 67200000	 68450000	25
chr17	 67550000	 67750000	4
chr17	 77300000	 76250000	21
chr17	 77350000	 77950000	12
chr17	 77400000	 78500000	22
chr17	 78050000	 76750000	26
chr17	 79650000	 80600000	19
chr17	 82150000	 79500000	53
chr17	 84000000	 85400000	28
chr17	 84300000	 85250000	19
chr17	 85400000	 84300000	22
chr17	 85900000	 84250000	33
chr17	 86800000	 86050000	15
chr17	 87350000	 87700000	7
chr17	 87450000	 89500000	41
chr17	 89500000	 88300000	24
chr17	 90600000	 89300000	26
chr17	 92300000	 93950000	33
chr17	 92450000	 93050000	12
chr17	 94950000	 94250000	14
chr18	  1550000	   400000	23
chr18	  1600000	   200000	28
chr18	  5350000	  5850000	10
chr18	  6550000	  3600000	59
chr18	  9600000	  9500000	2
chr18	  9850000	 10450000	12
chr18	 10750000	 12150000	28
chr18	 12550000	 13600000	21
chr18	 12800000	 13850000	21
chr18	 13650000	 14100000	9
chr18	 16850000	 17500000	13
chr18	 18000000	 18950000	19
chr18	 18700000	 17600000	22
chr18	 19200000	 21100000	38
chr18	 19250000	 19000000	5
chr18	 19950000	 18900000	21
chr18	 20000000	 18650000	27
chr18	 20850000	 20250000	12
chr18	 21450000	 21950000	10
chr18	 26000000	 25000000	20
chr18	 26250000	 26850000	12
chr18	 26400000	 24550000	37
chr18	 27850000	 26100000	35
chr18	 30700000	 31750000	21
chr18	 30950000	 30750000	4
chr18	 31100000	 31700000	12
chr18	 34450000	 33100000	27
chr18	 37050000	 38150000	22
chr18	 37300000	 38750000	29
chr18	 37650000	 36750000	18
chr18	 38400000	 40000000	32
chr18	 38700000	 39750000	21
chr18	 39550000	 36650000	58
chr18	 41600000	 41050000	11
chr18	 43250000	 42000000	25
chr18	 45800000	 46750000	19
chr18	 46600000	 45600000	20
chr18	 48400000	 47700000	14
chr18	 48500000	 49150000	13
chr18	 49700000	 48650000	21
chr18	 51500000	 49550000	39
chr18	 52100000	 53150000	21
chr18	 53250000	 49900000	67
chr18	 53350000	 52600000	15
chr18	 57450000	 56700000	15
chr18	 58300000	 59150000	17
chr18	 59300000	 60250000	19
chr18	 60400000	 61250000	17
chr18	 65100000	 64500000	12
chr18	 65600000	 67000000	28
chr18	 68200000	 67550000	13
chr18	 69600000	 70950000	27
chr18	 69700000	 68150000	31
chr18	 70250000	 70800000	11
chr18	 71700000	 69600000	42
chr18	 71800000	 71300000	10
chr18	 72150000	 73100000	19
chr18	 72500000	 73000000	10
chr18	 74850000	 74150000	14
chr18	 76100000	 76800000	14
chr18	 76950000	 77700000	15
chr18	 77200000	 77900000	14
chr18	 78100000	 77350000	15
chr18	 78600000	 79400000	16
chr18	 78750000	 79050000	6
chr18	 82150000	 82150000	0
chr18	 84250000	 85950000	34
chr18	 84650000	 83550000	22
chr18	 86600000	 87600000	20
chr18	 86950000	 87550000	12
chr18	 87700000	 89500000	36
chr18	 88050000	 89050000	20
chr18	 88350000	 89100000	15
chr19	   850000	  1850000	20
chr19	  1850000	  2600000	15
chr19	  2300000	  1350000	19
chr19	  2300000	  4100000	36
chr19	  4600000	  5550000	19
chr19	  4800000	  4300000	10
chr19	  6550000	  6050000	10
chr19	  7600000	  9100000	30
chr19	  8550000	  7300000	25
chr19	 10150000	 10150000	0
chr19	 10200000	  9600000	12
chr19	 11400000	 13600000	44
chr19	 13350000	 14700000	27
chr19	 13950000	 13100000	17
chr19	 17750000	 18450000	14
chr19	 18450000	 20300000	37
chr19	 21500000	 23350000	37
chr19	 23100000	 22350000	15
chr19	 23900000	 24300000	8
chr19	 26350000	 24850000	30
chr19	 28350000	 27950000	8
chr19	 28900000	 28150000	15
chr19	 30350000	 30900000	11
chr19	 30500000	 30050000	9
chr19	 34850000	 32800000	41
chr19	 36300000	 35500000	16
chr19	 38400000	 37700000	14
chr19	 45900000	 46900000	20
chr19	 46150000	 47950000	36
chr19	 47250000	 48150000	18
chr19	 47600000	 48900000	26
chr19	 48650000	 46750000	38
chr19	 49000000	 47300000	34
chr19	 49200000	 47850000	27
chr19	 50250000	 51750000	30
chr19	 50800000	 51950000	23
chr19	 52200000	 51200000	20
chr19	 54700000	 55350000	13
chr19	 54950000	 53850000	22
chr19	 55650000	 56300000	13
chr19	 56350000	 56750000	8
chr19	 58850000	 59500000	13
chr2	   100000	  1450000	27
chr2	  1150000	  2200000	21
chr2	  2750000	  4800000	41
chr2	  3800000	  2550000	25
chr2	  5800000	  6600000	16
chr2	  8150000	  7650000	10
chr2	  9750000	  5200000	91
chr2	 10150000	  8950000	24
chr2	 11350000	 11650000	6
chr2	 11500000	 13500000	40
chr2	 12800000	 11700000	22
chr2	 13750000	 14600000	17
chr2	 14250000	 15550000	26
chr2	 15800000	 17500000	34
chr2	 17200000	 18150000	19
chr2	 18700000	 16350000	47
chr2	 21850000	 22500000	13
chr2	 22300000	 24050000	35
chr2	 23350000	 24850000	30
chr2	 23750000	 21850000	38
chr2	 23750000	 25000000	25
chr2	 24750000	 26550000	36
chr2	 25500000	 25150000	7
chr2	 28950000	 28600000	7
chr2	 32450000	 34800000	47
chr2	 33450000	 33100000	7
chr2	 33800000	 34650000	17
chr2	 35400000	 36450000	21
chr2	 36750000	 36050000	14
chr2	 37700000	 36200000	30
chr2	 39100000	 38700000	8
chr2	 39400000	 40550000	23
chr2	 39950000	 42700000	55
chr2	 40900000	 40200000	14
chr2	 41250000	 42200000	19
chr2	 41450000	 40450000	20
chr2	 42950000	 39100000	77
chr2	 43650000	 42350000	26
chr2	 46100000	 45250000	17
chr2	 47150000	 49200000	41
chr2	 48300000	 47850000	9
chr2	 52300000	 51250000	21
chr2	 54150000	 52250000	38
chr2	 56500000	 55700000	16
chr2	 57200000	 59200000	40
chr2	 58000000	 59250000	25
chr2	 59250000	 58050000	24
chr2	 61400000	 60900000	10
chr2	 63450000	 64100000	13
chr2	 64150000	 62300000	37
chr2	 66600000	 67300000	14
chr2	 67500000	 66800000	14
chr2	 67750000	 69900000	43
chr2	 68100000	 67150000	19
chr2	 71000000	 70400000	12
chr2	 74350000	 78950000	92
chr2	 75200000	 75900000	14
chr2	 75250000	 76900000	33
chr2	 79050000	 80750000	34
chr2	 79800000	 79450000	7
chr2	 81650000	 80300000	27
chr2	 84550000	 83600000	19
chr2	 87000000	 86250000	15
chr2	 95600000	 96850000	25
chr2	 95800000	 97800000	40
chr2	 96750000	 98500000	35
chr2	 97800000	 98650000	17
chr2	 98150000	 98800000	13
chr2	 98200000	 97500000	14
chr2	 98400000	 98750000	7
chr2	100950000	100300000	13
chr2	101300000	102300000	20
chr2	101600000	 99950000	33
chr2	101650000	104050000	48
chr2	103650000	102850000	16
chr2	104950000	106550000	32
chr2	106550000	108650000	42
chr2	107000000	105650000	27
chr2	110500000	110050000	9
chr2	112250000	114750000	50
chr2	112900000	111150000	35
chr2	115850000	115050000	16
chr2	117750000	115650000	42
chr2	118600000	117450000	23
chr2	120000000	121400000	28
chr2	122200000	120600000	32
chr2	122950000	122050000	18
chr2	124150000	122350000	36
chr2	124750000	123800000	19
chr2	125450000	126200000	15
chr2	125750000	124050000	34
chr2	125800000	125350000	9
chr2	127100000	127750000	13
chr2	128100000	126450000	33
chr2	131400000	132750000	27
chr2	141150000	140950000	4
chr2	144950000	143550000	28
chr2	146700000	145550000	23
chr2	147500000	148200000	14
chr2	147850000	146900000	19
chr2	148100000	150300000	44
chr2	149700000	148500000	24
chr2	151050000	153650000	52
chr2	152800000	149000000	76
chr2	153150000	156000000	57
chr2	153350000	155400000	41
chr2	154150000	153250000	18
chr2	155550000	157000000	29
chr2	157450000	158150000	14
chr2	157650000	156200000	29
chr2	159550000	161600000	41
chr2	161500000	161850000	7
chr2	163050000	162250000	16
chr2	166950000	166250000	14
chr2	170200000	171900000	34
chr2	173900000	173250000	13
chr2	174600000	172950000	33
chr2	175650000	174250000	28
chr2	175700000	177650000	39
chr2	176300000	176300000	0
chr2	176350000	176750000	8
chr2	176650000	177650000	20
chr2	178500000	179350000	17
chr2	181000000	181000000	0
chr3	  3850000	  2750000	22
chr3	  5050000	  3900000	23
chr3	  6100000	  5800000	6
chr3	  8100000	  7700000	8
chr3	 11200000	 10450000	15
chr3	 11300000	 10250000	21
chr3	 12950000	 10550000	48
chr3	 14300000	 16250000	39
chr3	 16950000	 18250000	26
chr3	 18150000	 16650000	30
chr3	 18950000	 18000000	19
chr3	 19050000	 20100000	21
chr3	 20050000	 18800000	25
chr3	 21450000	 19000000	49
chr3	 25450000	 26250000	16
chr3	 25850000	 26800000	19
chr3	 26200000	 25600000	12
chr3	 26200000	 27200000	20
chr3	 26500000	 24850000	33
chr3	 30400000	 31350000	19
chr3	 30550000	 27400000	63
chr3	 31300000	 30050000	25
chr3	 33900000	 34850000	19
chr3	 36050000	 37850000	36
chr3	 36450000	 40950000	90
chr3	 36500000	 35500000	20
chr3	 36700000	 38100000	28
chr3	 36800000	 37500000	14
chr3	 37950000	 36750000	24
chr3	 41400000	 40550000	17
chr3	 41800000	 39800000	40
chr3	 44350000	 42700000	33
chr3	 48400000	 49250000	17
chr3	 53700000	 52500000	24
chr3	 55750000	 56700000	19
chr3	 56350000	 57300000	19
chr3	 59250000	 58100000	23
chr3	 62500000	 60050000	49
chr3	 63350000	 62550000	16
chr3	 63600000	 62600000	20
chr3	 64500000	 65800000	26
chr3	 66950000	 68350000	28
chr3	 67250000	 66200000	21
chr3	 68450000	 68000000	9
chr3	 69250000	 68050000	24
chr3	 70850000	 68600000	45
chr3	 71200000	 68400000	56
chr3	 72300000	 69650000	53
chr3	 77650000	 79000000	27
chr3	 78000000	 76400000	32
chr3	 79100000	 78250000	17
chr3	 80900000	 79100000	36
chr3	 81700000	 82900000	24
chr3	 82050000	 83250000	24
chr3	 87500000	 86950000	11
chr3	 87550000	 89100000	31
chr3	 89100000	 87900000	24
chr3	 90150000	 88600000	31
chr3	 90300000	 88750000	31
chr3	 90550000	 89800000	15
chr3	 93200000	 91850000	27
chr3	 93800000	 94550000	15
chr3	 96200000	 95400000	16
chr3	 99400000	 98150000	25
chr3	101800000	 99300000	50
chr3	102500000	103700000	24
chr3	105950000	106800000	17
chr3	106600000	107700000	22
chr3	107400000	106450000	19
chr3	107750000	106350000	28
chr3	107850000	108450000	12
chr3	108650000	106100000	51
chr3	109150000	109500000	7
chr3	110400000	111400000	20
chr3	110650000	112050000	28
chr3	111400000	111900000	10
chr3	111950000	112200000	5
chr3	113600000	112900000	14
chr3	113900000	116300000	48
chr3	114650000	113750000	18
chr3	114650000	114850000	4
chr3	115950000	114850000	22
chr3	116000000	116700000	14
chr3	116250000	115450000	16
chr3	118300000	117250000	21
chr3	118600000	120000000	28
chr3	119000000	117650000	27
chr3	121200000	120950000	5
chr3	121250000	123450000	44
chr3	125450000	126950000	30
chr3	127450000	129250000	36
chr3	127550000	126700000	17
chr3	135750000	136300000	11
chr3	138400000	138900000	10
chr3	139500000	140450000	19
chr3	139850000	141150000	26
chr3	141850000	141450000	8
chr3	143300000	144400000	22
chr3	143550000	142200000	27
chr3	145450000	144150000	26
chr3	147900000	147550000	7
chr3	148900000	149850000	19
chr3	149600000	150100000	10
chr3	154100000	153600000	10
chr3	154850000	155600000	15
chr3	155350000	154250000	22
chr3	158550000	159100000	11
chr3	158950000	159500000	11
chr3	159000000	158000000	20
chr4	  4850000	  6350000	30
chr4	  5500000	  7050000	31
chr4	 10650000	  9500000	23
chr4	 13850000	 11300000	51
chr4	 15400000	 16750000	27
chr4	 15450000	 16050000	12
chr4	 17400000	 19350000	39
chr4	 21050000	 20400000	13
chr4	 21750000	 22350000	12
chr4	 23800000	 22050000	35
chr4	 27350000	 28150000	16
chr4	 27600000	 28700000	22
chr4	 27850000	 29100000	25
chr4	 28900000	 29950000	21
chr4	 28950000	 29300000	7
chr4	 31000000	 32600000	32
chr4	 32150000	 31300000	17
chr4	 32500000	 31800000	14
chr4	 37300000	 37900000	12
chr4	 37800000	 39450000	33
chr4	 38650000	 37100000	31
chr4	 39700000	 38550000	23
chr4	 41300000	 41850000	11
chr4	 41550000	 42100000	11
chr4	 42650000	 40700000	39
chr4	 42750000	 42100000	13
chr4	 43600000	 44300000	14
chr4	 44050000	 42800000	25
chr4	 48650000	 50550000	38
chr4	 50350000	 52100000	35
chr4	 51600000	 53000000	28
chr4	 51650000	 52100000	9
chr4	 54200000	 54750000	11
chr4	 54550000	 56900000	47
chr4	 54650000	 55050000	8
chr4	 54850000	 54100000	15
chr4	 55100000	 56550000	29
chr4	 58900000	 56950000	39
chr4	 61100000	 60500000	12
chr4	 63350000	 62350000	20
chr4	 63500000	 61900000	32
chr4	 64400000	 65200000	16
chr4	 64950000	 65950000	20
chr4	 67000000	 65600000	28
chr4	 68350000	 69500000	23
chr4	 68500000	 67800000	14
chr4	 73550000	 74300000	15
chr4	 73850000	 74650000	16
chr4	 74000000	 74000000	0
chr4	 75700000	 76400000	14
chr4	 78100000	 76850000	25
chr4	 78250000	 77050000	24
chr4	 79900000	 81200000	26
chr4	 80300000	 79100000	24
chr4	 83900000	 83100000	16
chr4	 90750000	 89550000	24
chr4	 91100000	 91400000	6
chr4	 92150000	 93300000	23
chr4	 93100000	 92550000	11
chr4	 93500000	 92850000	13
chr4	 97700000	 97250000	9
chr4	 98950000	100900000	39
chr4	 99500000	 98100000	28
chr4	 99550000	101050000	30
chr4	104400000	104700000	6
chr4	105200000	105900000	14
chr4	106400000	108500000	42
chr4	108050000	107750000	6
chr4	108450000	106900000	31
chr4	108500000	109800000	26
chr4	112150000	111400000	15
chr4	112400000	111050000	27
chr4	113700000	112800000	18
chr4	113850000	113300000	11
chr4	115700000	114500000	24
chr4	116150000	117550000	28
chr4	116400000	116100000	6
chr4	116600000	115600000	20
chr4	116950000	118800000	37
chr4	117450000	119300000	37
chr4	117800000	116300000	30
chr4	120000000	122450000	49
chr4	120050000	119250000	16
chr4	121000000	120200000	16
chr4	121550000	118600000	59
chr4	122550000	122000000	11
chr4	123450000	124500000	21
chr4	123600000	124500000	18
chr4	123950000	122550000	28
chr4	124500000	125350000	17
chr4	125950000	125300000	13
chr4	126550000	127800000	25
chr4	131300000	130400000	18
chr4	131800000	133650000	37
chr4	131950000	130850000	22
chr4	135000000	133650000	27
chr4	137950000	139700000	35
chr4	143750000	142600000	23
chr4	146000000	143950000	41
chr4	147200000	148650000	29
chr4	149850000	150550000	14
chr4	150000000	151650000	33
chr4	150500000	150000000	10
chr4	151150000	152400000	25
chr4	153800000	153350000	9
chr4	154050000	154950000	18
chr5	   100000	  1150000	21
chr5	   850000	   200000	13
chr5	  1100000	   700000	8
chr5	  2850000	  3350000	10
chr5	  3700000	  2700000	20
chr5	  3900000	  4250000	7
chr5	  7450000	  7050000	8
chr5	  9750000	  8700000	21
chr5	  9900000	 10950000	21
chr5	 13400000	 14900000	30
chr5	 13600000	 14300000	14
chr5	 13750000	 12600000	23
chr5	 14750000	 15800000	21
chr5	 16500000	 14150000	47
chr5	 16850000	 16500000	7
chr5	 17550000	 15700000	37
chr5	 20800000	 19550000	25
chr5	 21950000	 22750000	16
chr5	 22000000	 22800000	16
chr5	 22500000	 21950000	11
chr5	 23800000	 23250000	11
chr5	 23950000	 25400000	29
chr5	 24150000	 24800000	13
chr5	 24300000	 25500000	24
chr5	 29100000	 28950000	3
chr5	 31100000	 32050000	19
chr5	 31250000	 32350000	22
chr5	 32700000	 33550000	17
chr5	 32950000	 31500000	29
chr5	 36050000	 35300000	15
chr5	 37900000	 36200000	34
chr5	 37900000	 37350000	11
chr5	 39700000	 38700000	20
chr5	 41050000	 42750000	34
chr5	 47400000	 45700000	34
chr5	 49650000	 51650000	40
chr5	 50750000	 51650000	18
chr5	 50850000	 53050000	44
chr5	 53300000	 54700000	28
chr5	 53650000	 51700000	39
chr5	 58950000	 58150000	16
chr5	 59250000	 58450000	16
chr5	 61750000	 60200000	31
chr5	 61900000	 63500000	32
chr5	 62000000	 63750000	35
chr5	 62300000	 63650000	27
chr5	 65650000	 64650000	20
chr5	 66050000	 66500000	9
chr5	 66900000	 65800000	22
chr5	 68450000	 70250000	36
chr5	 73200000	 72300000	18
chr5	 74250000	 73450000	16
chr5	 74750000	 75400000	13
chr5	 76500000	 77150000	13
chr5	 77250000	 76950000	6
chr5	 77800000	 76800000	20
chr5	 81100000	 79100000	40
chr5	 81100000	 81700000	12
chr5	 81600000	 82150000	11
chr5	 81700000	 80150000	31
chr5	 83650000	 85250000	32
chr5	 84150000	 85700000	31
chr5	 84800000	 83750000	21
chr5	 85200000	 84200000	20
chr5	 85550000	 86250000	14
chr5	 85600000	 86900000	26
chr5	 91100000	 91350000	5
chr5	 94850000	 93900000	19
chr5	 98650000	 99250000	12
chr5	 98750000	102000000	65
chr5	100500000	 99900000	12
chr5	100900000	100050000	17
chr5	103350000	103700000	7
chr5	104700000	105100000	8
chr5	105150000	103750000	28
chr5	109650000	107950000	34
chr5	109750000	107050000	54
chr5	112300000	113350000	21
chr5	114700000	116350000	33
chr5	114950000	114050000	18
chr5	116000000	114650000	27
chr5	118150000	117700000	9
chr5	119450000	117350000	42
chr5	120900000	122300000	28
chr5	121000000	119950000	21
chr5	121700000	122700000	20
chr5	123050000	124150000	22
chr5	123250000	125750000	50
chr5	124200000	123750000	9
chr5	124350000	123800000	11
chr5	125900000	124200000	34
chr5	127350000	125600000	35
chr5	128400000	129500000	22
chr5	129500000	127650000	37
chr5	131350000	129750000	32
chr5	133800000	133100000	14
chr5	133850000	134750000	18
chr5	139400000	138550000	17
chr5	142550000	141650000	18
chr5	143350000	143950000	12
chr5	144550000	145650000	22
chr5	145900000	147200000	26
chr5	146150000	144250000	38
chr5	146300000	149800000	70
chr5	147200000	149150000	39
chr5	148700000	149100000	8
chr5	149150000	148100000	21
chr6	  1850000	  1050000	16
chr6	  2100000	   350000	35
chr6	  2450000	  3550000	22
chr6	  4850000	  2600000	45
chr6	  5100000	  6450000	27
chr6	  6150000	  4700000	29
chr6	  6950000	  8450000	30
chr6	  8250000	  9250000	20
chr6	  9000000	  8450000	11
chr6	  9050000	  9950000	18
chr6	  9450000	  9950000	10
chr6	  9450000	 10250000	16
chr6	  9700000	  8750000	19
chr6	 10000000	  9450000	11
chr6	 11550000	 12850000	26
chr6	 13200000	 12100000	22
chr6	 13300000	 12350000	19
chr6	 14050000	 15450000	28
chr6	 14150000	 14150000	0
chr6	 15450000	 14950000	10
chr6	 15750000	 16850000	22
chr6	 16900000	 15250000	33
chr6	 19500000	 18950000	11
chr6	 22700000	 21500000	24
chr6	 22750000	 23250000	10
chr6	 25350000	 24000000	27
chr6	 29200000	 28250000	19
chr6	 29300000	 28850000	9
chr6	 30750000	 32100000	27
chr6	 34850000	 33000000	37
chr6	 35500000	 36100000	12
chr6	 35800000	 33450000	47
chr6	 36050000	 36300000	5
chr6	 38500000	 37850000	13
chr6	 38900000	 39800000	18
chr6	 42150000	 38950000	64
chr6	 42200000	 41050000	23
chr6	 44700000	 46100000	28
chr6	 46850000	 47850000	20
chr6	 46950000	 45700000	25
chr6	 50900000	 52950000	41
chr6	 50950000	 52150000	24
chr6	 51150000	 52850000	34
chr6	 52150000	 52800000	13
chr6	 52150000	 53200000	21
chr6	 52300000	 53050000	15
chr6	 52800000	 53750000	19
chr6	 54550000	 55550000	20
chr6	 55650000	 54450000	24
chr6	 55950000	 56500000	11
chr6	 57050000	 56250000	16
chr6	 57050000	 57600000	11
chr6	 57200000	 59650000	49
chr6	 60150000	 58150000	40
chr6	 61250000	 61650000	8
chr6	 61400000	 62100000	14
chr6	 63100000	 62450000	13
chr6	 65100000	 65450000	7
chr6	 68450000	 69200000	15
chr6	 68650000	 67450000	24
chr6	 69600000	 68400000	24
chr6	 70700000	 71400000	14
chr6	 72000000	 70850000	23
chr6	 72100000	 73150000	21
chr6	 73600000	 73350000	5
chr6	 73600000	 76100000	50
chr6	 75200000	 73900000	26
chr6	 76700000	 77000000	6
chr6	 76750000	 76250000	10
chr6	 77400000	 77850000	9
chr6	 77500000	 76850000	13
chr6	 79400000	 79000000	8
chr6	 79450000	 80500000	21
chr6	 79500000	 76700000	56
chr6	 79600000	 78500000	22
chr6	 80500000	 79900000	12
chr6	 81600000	 83300000	34
chr6	 82400000	 81500000	18
chr6	 85600000	 87050000	29
chr6	 88250000	 89000000	15
chr6	 89650000	 88450000	24
chr6	 94600000	 93450000	23
chr6	 96200000	 96700000	10
chr6	 96400000	 96000000	8
chr6	 96950000	 95400000	31
chr6	 98500000	 99650000	23
chr6	 99050000	100050000	20
chr6	103300000	104100000	16
chr6	106250000	107700000	29
chr6	106350000	107800000	29
chr6	106800000	106300000	10
chr6	108000000	109000000	20
chr6	108150000	107500000	13
chr6	108800000	106200000	52
chr6	112000000	111200000	16
chr6	112800000	111750000	21
chr6	115700000	116550000	17
chr6	119200000	116850000	47
chr6	119250000	118200000	21
chr6	120250000	121500000	25
chr6	121900000	122200000	6
chr6	123100000	121650000	29
chr6	123200000	124000000	16
chr6	124850000	125700000	17
chr6	126150000	124750000	28
chr6	126200000	127500000	26
chr6	126250000	124850000	28
chr6	127100000	126250000	17
chr6	127400000	126700000	14
chr6	128700000	129950000	25
chr6	130100000	128600000	30
chr6	132350000	133350000	20
chr6	132650000	131450000	24
chr6	134900000	136550000	33
chr6	136050000	134800000	25
chr6	136400000	138550000	43
chr6	141550000	138900000	53
chr6	142750000	143750000	20
chr6	142900000	143950000	21
chr6	144100000	143100000	20
chr6	144550000	145650000	22
chr6	148600000	149300000	14
chr6	148850000	147600000	25
chr7	   700000	  1700000	20
chr7	  4400000	  3500000	18
chr7	  6100000	  7200000	22
chr7	  6550000	  8150000	32
chr7	  9350000	 11400000	41
chr7	 10150000	 11850000	34
chr7	 10350000	 11800000	29
chr7	 10650000	  9400000	25
chr7	 12400000	 13000000	12
chr7	 13300000	 15200000	38
chr7	 13500000	 12150000	27
chr7	 14450000	 15300000	17
chr7	 17350000	 18650000	26
chr7	 18350000	 17200000	23
chr7	 18600000	 17600000	20
chr7	 18850000	 17400000	29
chr7	 19050000	 18250000	16
chr7	 19300000	 16850000	49
chr7	 19750000	 20500000	15
chr7	 22250000	 23100000	17
chr7	 23850000	 26350000	50
chr7	 27400000	 26600000	16
chr7	 27600000	 25700000	38
chr7	 28550000	 27750000	16
chr7	 29550000	 28100000	29
chr7	 29800000	 29100000	14
chr7	 31950000	 35350000	68
chr7	 35200000	 34750000	9
chr7	 35500000	 34900000	12
chr7	 35600000	 37300000	34
chr7	 35700000	 34450000	25
chr7	 36100000	 36950000	17
chr7	 36650000	 35950000	14
chr7	 39450000	 41000000	31
chr7	 40200000	 39750000	9
chr7	 42350000	 40650000	34
chr7	 43000000	 42350000	13
chr7	 44150000	 43300000	17
chr7	 45050000	 46200000	23
chr7	 45700000	 46350000	13
chr7	 45750000	 44900000	17
chr7	 46450000	 45950000	10
chr7	 46650000	 47650000	20
chr7	 49750000	 46700000	61
chr7	 53200000	 54550000	27
chr7	 56000000	 57400000	28
chr7	 57300000	 56400000	18
chr7	 58500000	 57650000	17
chr7	 58650000	 59900000	25
chr7	 59900000	 60500000	12
chr7	 60950000	 59950000	20
chr7	 61200000	 61950000	15
chr7	 62700000	 62350000	7
chr7	 67950000	 68850000	18
chr7	 68450000	 67500000	19
chr7	 68500000	 69050000	11
chr7	 68950000	 70700000	35
chr7	 69000000	 68600000	8
chr7	 69800000	 71450000	33
chr7	 69850000	 70600000	15
chr7	 70300000	 69550000	15
chr7	 71200000	 70850000	7
chr7	 71350000	 72800000	29
chr7	 71400000	 72550000	23
chr7	 73600000	 74450000	17
chr7	 75150000	 75700000	11
chr7	 76900000	 78050000	23
chr7	 77350000	 79600000	45
chr7	 77600000	 76800000	16
chr7	 77650000	 79900000	45
chr7	 79750000	 79350000	8
chr7	 83650000	 82450000	24
chr7	 88700000	 89250000	11
chr7	 90100000	 91000000	18
chr7	 91100000	 91900000	16
chr7	 91150000	 91650000	10
chr7	 91350000	 92400000	21
chr7	 91450000	 90750000	14
chr7	 91650000	 90650000	20
chr7	 91650000	 92450000	16
chr7	 91800000	 90400000	28
chr7	 92450000	 90900000	31
chr7	 95300000	 92900000	48
chr7	 98000000	 98900000	18
chr7	 99300000	101800000	50
chr7	 99500000	100200000	14
chr7	101400000	100150000	25
chr7	101550000	 99450000	42
chr7	101550000	100900000	13
chr7	103000000	101650000	27
chr7	103600000	104150000	11
chr7	104650000	103450000	24
chr7	108000000	109450000	29
chr7	108200000	107200000	20
chr7	108800000	109350000	11
chr7	108950000	110050000	22
chr7	109250000	108350000	18
chr7	110250000	111250000	20
chr7	111800000	111800000	0
chr7	116900000	118550000	33
chr7	118450000	119600000	23
chr7	119900000	118750000	23
chr7	121700000	120950000	15
chr7	123000000	123400000	8
chr7	123550000	121850000	34
chr7	123700000	125150000	29
chr7	127200000	125650000	31
chr7	128350000	129400000	21
chr7	128600000	128050000	11
chr7	128850000	130000000	23
chr7	129850000	131750000	38
chr7	130550000	132300000	35
chr7	130700000	129800000	18
chr7	131600000	131100000	10
chr7	135550000	135050000	10
chr7	138100000	139900000	36
chr7	139950000	136400000	71
chr7	141350000	141800000	9
chr7	141800000	140850000	19
chr7	142750000	143050000	6
chr7	143300000	144400000	22
chr7	144650000	143100000	31
chr8	  1750000	  4650000	58
chr8	  3050000	  2050000	20
chr8	  3150000	  3800000	13
chr8	  3550000	  5250000	34
chr8	  3850000	  3100000	15
chr8	  5400000	  6250000	17
chr8	  8550000	  9400000	17
chr8	  9200000	  7900000	26
chr8	  9900000	 12050000	43
chr8	 10350000	  9450000	18
chr8	 10500000	 10850000	7
chr8	 11400000	 12300000	18
chr8	 12650000	  9550000	62
chr8	 14250000	 15050000	16
chr8	 14500000	 13200000	26
chr8	 14550000	 13550000	20
chr8	 15500000	 14700000	16
chr8	 17600000	 20150000	51
chr8	 17650000	 18050000	8
chr8	 17700000	 16050000	33
chr8	 20900000	 21350000	9
chr8	 24050000	 24950000	18
chr8	 24500000	 23450000	21
chr8	 25850000	 27450000	32
chr8	 28550000	 30200000	33
chr8	 28600000	 27500000	22
chr8	 29000000	 27950000	21
chr8	 29300000	 28750000	11
chr8	 29400000	 26650000	55
chr8	 30800000	 31550000	15
chr8	 31000000	 29150000	37
chr8	 31650000	 30050000	32
chr8	 32200000	 34550000	47
chr8	 33000000	 33700000	14
chr8	 35400000	 35000000	8
chr8	 37300000	 38600000	26
chr8	 38950000	 38050000	18
chr8	 40550000	 41250000	14
chr8	 41400000	 40250000	23
chr8	 41850000	 42550000	14
chr8	 42200000	 41350000	17
chr8	 44900000	 44050000	17
chr8	 47700000	 45400000	46
chr8	 48750000	 46550000	44
chr8	 49450000	 50550000	22
chr8	 52850000	 51700000	23
chr8	 53100000	 54500000	28
chr8	 53750000	 55300000	31
chr8	 55000000	 54650000	7
chr8	 55450000	 56100000	13
chr8	 56100000	 55300000	16
chr8	 56350000	 58650000	46
chr8	 58900000	 59750000	17
chr8	 61350000	 59750000	32
chr8	 63750000	 64850000	22
chr8	 66500000	 65000000	30
chr8	 67050000	 68650000	32
chr8	 67450000	 68550000	22
chr8	 67850000	 66900000	19
chr8	 67950000	 69050000	22
chr8	 68250000	 65450000	56
chr8	 69600000	 70450000	17
chr8	 69700000	 68950000	15
chr8	 71150000	 72050000	18
chr8	 72600000	 71950000	13
chr8	 75550000	 76450000	18
chr8	 75700000	 74400000	26
chr8	 77800000	 79100000	26
chr8	 79400000	 80900000	30
chr8	 80050000	 82100000	41
chr8	 81200000	 80050000	23
chr8	 81800000	 80900000	18
chr8	 81950000	 81400000	11
chr8	 83950000	 84400000	9
chr8	 85300000	 86350000	21
chr8	 85600000	 84950000	13
chr8	 88500000	 89700000	24
chr8	 88650000	 87750000	18
chr8	 89150000	 88400000	15
chr8	 90400000	 91000000	12
chr8	 91250000	 92150000	18
chr8	 92650000	 94950000	46
chr8	 92750000	 91900000	17
chr8	 93350000	 96050000	54
chr8	 93450000	 91800000	33
chr8	 96400000	 95400000	20
chr8	 96700000	 95950000	15
chr8	 97100000	 96450000	13
chr8	 97350000	 96350000	20
chr8	 98150000	 98600000	9
chr8	 99500000	 98900000	12
chr8	100200000	100950000	15
chr8	101400000	102200000	16
chr8	101650000	101250000	8
chr8	104250000	103600000	13
chr8	108500000	107050000	29
chr8	109150000	108750000	8
chr8	109450000	110750000	26
chr8	111950000	113250000	26
chr8	112000000	113450000	29
chr8	112200000	113250000	21
chr8	112750000	111800000	19
chr8	115350000	114550000	16
chr8	115400000	113850000	31
chr8	117350000	118300000	19
chr8	117500000	118000000	10
chr8	117850000	118550000	14
chr8	117900000	119150000	25
chr8	118750000	119450000	14
chr8	121150000	119550000	32
chr8	126000000	126850000	17
chr8	128500000	127450000	21
chr9	  1150000	  2450000	26
chr9	  2150000	   650000	30
chr9	  2950000	  4750000	36
chr9	  6150000	  5100000	21
chr9	  9550000	  9050000	10
chr9	 10100000	  9250000	17
chr9	 10350000	 12750000	48
chr9	 11350000	 10350000	20
chr9	 11600000	  9950000	33
chr9	 12200000	 12000000	4
chr9	 12300000	 13800000	30
chr9	 15900000	 14850000	21
chr9	 17900000	 17450000	9
chr9	 18150000	 19650000	30
chr9	 18850000	 18050000	16
chr9	 18950000	 19700000	15
chr9	 25100000	 24350000	15
chr9	 25100000	 24600000	10
chr9	 26650000	 26950000	6
chr9	 27500000	 28250000	15
chr9	 27700000	 29350000	33
chr9	 29100000	 27200000	38
chr9	 29900000	 30500000	12
chr9	 30100000	 31600000	30
chr9	 30400000	 31750000	27
chr9	 30850000	 30250000	12
chr9	 31400000	 28850000	51
chr9	 31600000	 32500000	18
chr9	 35300000	 36150000	17
chr9	 37750000	 39700000	39
chr9	 38650000	 39000000	7
chr9	 39200000	 39900000	14
chr9	 43150000	 42500000	13
chr9	 43200000	 42450000	15
chr9	 43550000	 43800000	5
chr9	 44600000	 44150000	9
chr9	 45400000	 46300000	18
chr9	 47000000	 46100000	18
chr9	 49200000	 49600000	8
chr9	 52450000	 54300000	37
chr9	 59500000	 58500000	20
chr9	 59750000	 60550000	16
chr9	 60200000	 57250000	59
chr9	 61300000	 59950000	27
chr9	 61550000	 62050000	10
chr9	 63250000	 65350000	42
chr9	 63600000	 64700000	22
chr9	 65700000	 66600000	18
chr9	 65900000	 67200000	26
chr9	 66700000	 66000000	14
chr9	 66850000	 65350000	30
chr9	 67300000	 69000000	34
chr9	 67400000	 68900000	30
chr9	 75650000	 73350000	46
chr9	 77800000	 76650000	23
chr9	 78350000	 78100000	5
chr9	 79350000	 80850000	30
chr9	 80100000	 79850000	5
chr9	 83550000	 84450000	18
chr9	 83700000	 81850000	37
chr9	 85000000	 85550000	11
chr9	 85800000	 86200000	8
chr9	 86400000	 86400000	0
chr9	 86600000	 88400000	36
chr9	 88050000	 85150000	58
chr9	 88050000	 87300000	15
chr9	 92900000	 91950000	19
chr9	 93750000	 95200000	29
chr9	 95700000	 97250000	31
chr9	 98300000	 98500000	4
chr9	100150000	 99600000	11
chr9	101100000	102100000	20
chr9	104650000	105200000	11
chr9	109900000	110200000	6
chr9	110450000	111600000	23
chr9	110800000	109100000	34
chr9	112100000	111050000	21
chr9	113350000	112650000	14
chr9	115200000	116150000	19
chr9	117200000	116050000	23
chr9	117650000	118450000	16
chr9	117950000	118600000	13
chr9	119300000	118450000	17
chr9	119450000	120500000	21
chr9	120350000	118750000	32
chr9	121150000	122750000	32
chr9	121550000	122250000	14
chr9	123500000	123800000	6
chr9	123750000	123000000	15
chrX	  3300000	  2550000	15
chrX	  4300000	  2450000	37
chrX	  4550000	  5200000	13
chrX	 11050000	 11900000	17
chrX	 12250000	 14700000	49
chrX	 12900000	 13900000	20
chrX	 13300000	 13950000	13
chrX	 13950000	 13300000	13
chrX	 15150000	 17200000	41
chrX	 15650000	 13500000	43
chrX	 16000000	 14950000	21
chrX	 16550000	 14800000	35
chrX	 17900000	 19050000	23
chrX	 18150000	 19300000	23
chrX	 19950000	 21700000	35
chrX	 20250000	 19950000	6
chrX	 21400000	 20400000	20
chrX	 22000000	 20950000	21
chrX	 24350000	 26700000	47
chrX	 25000000	 27200000	44
chrX	 31050000	 32050000	20
chrX	 32700000	 34250000	31
chrX	 36300000	 37200000	18
chrX	 38100000	 36950000	23
chrX	 40400000	 41550000	23
chrX	 43650000	 42700000	19
chrX	 44500000	 45600000	22
chrX	 45800000	 47250000	29
chrX	 47500000	 46900000	12
chrX	 48250000	 46550000	34
chrX	 51500000	 52050000	11
chrX	 51600000	 50500000	22
chrX	 53400000	 51350000	41
chrX	 53600000	 54600000	20
chrX	 54250000	 53200000	21
chrX	 56150000	 54950000	24
chrX	 57750000	 57100000	13
chrX	 58900000	 57950000	19
chrX	 59950000	 62150000	44
chrX	 61600000	 62650000	21
chrX	 62050000	 63700000	33
chrX	 62300000	 61700000	12
chrX	 65250000	 65700000	9
chrX	 65400000	 66100000	14
chrX	 65550000	 66150000	12
chrX	 66200000	 68950000	55
chrX	 66250000	 65700000	11
chrX	 69550000	 70000000	9
chrX	 72700000	 71200000	30
chrX	 72800000	 74750000	39
chrX	 73550000	 72600000	19
chrX	 74050000	 73300000	15
chrX	 74400000	 76150000	35
chrX	 74450000	 75750000	26
chrX	 74850000	 75650000	16
chrX	 76050000	 75000000	21
chrX	 76200000	 75200000	20
chrX	 76200000	 76950000	15
chrX	 76700000	 78700000	40
chrX	 77150000	 78400000	25
chrX	 77650000	 78750000	22
chrX	 81150000	 82100000	19
chrX	 83000000	 83650000	13
chrX	 83750000	 85000000	25
chrX	 84000000	 83300000	14
chrX	 84650000	 84100000	11
chrX	 85300000	 83900000	28
chrX	 86700000	 87650000	19
chrX	 87200000	 85900000	26
chrX	 89150000	 90050000	18
chrX	 89250000	 87350000	38
chrX	 91000000	 89450000	31
chrX	 91950000	 93600000	33
chrX	 92250000	 93800000	31
chrX	 92400000	 92850000	9
chrX	 92500000	 93400000	18
chrX	 93000000	 91750000	25
chrX	 95250000	 95950000	14
chrX	 96950000	 96050000	18
chrX	 97450000	 99100000	33
chrX	 97550000	 96700000	17
chrX	 99050000	 97550000	30
chrX	101200000	100250000	19
chrX	102250000	103250000	20
chrX	102400000	102400000	0
chrX	102500000	103750000	25
chrX	103500000	104850000	27
chrX	104700000	103500000	24
chrX	105850000	103900000	39
chrX	108600000	109750000	23
chrX	109650000	110050000	8
chrX	111200000	110650000	11
chrX	111800000	109500000	46
chrX	112050000	111350000	14
chrX	112750000	113850000	22
chrX	112800000	111550000	25
chrX	113600000	112800000	16
chrX	114900000	116650000	35
chrX	115250000	115850000	12
chrX	115850000	115000000	17
chrX	118500000	119400000	18
chrX	118900000	117150000	35
chrX	121250000	122300000	21
chrX	122400000	119100000	66
chrX	124850000	125850000	20
chrX	125150000	126950000	36
chrX	125550000	124750000	16
chrX	127400000	126500000	18
chrX	128450000	129550000	22
chrX	128600000	129150000	11
chrX	130750000	128900000	37
chrX	133750000	132450000	26
chrX	133750000	132750000	20
chrX	133950000	133350000	12
chrX	134650000	134350000	6
chrX	138150000	135050000	62
chrX	143500000	142450000	21
chrX	145150000	143750000	28
chrX	145900000	146300000	8
chrX	149000000	148200000	16
chrX	149800000	149350000	9
chrX	150100000	149400000	14
chrX	150700000	150000000	14
chrX	151700000	152600000	18
chrX	152100000	150550000	31
chrX	152750000	154200000	29
chrX	153150000	152900000	5
chrX	155750000	157400000	33
chrX	158450000	159000000	11
chrX	159000000	157750000	25
chrX	159500000	160400000	18
chrX	161050000	161400000	7
chrX	161500000	159900000	32
chrX	162700000	161250000	29
chrX	163150000	164200000	21
chrX	164200000	162650000	31
chrX	164300000	167150000	57
chrX	165450000	165200000	5
chrX	166100000	165100000	20
chrX	166400000	164750000	33
chrX	166450000	165600000	17
chrX	170150000	168850000	26
chrY	   200000	   750000	11
chrY	  1800000	  3150000	27
chrY	  5050000	  5850000	16
chrY	  5150000	  4100000	21
chrY	  6250000	  7800000	31
chrY	  7150000	  8150000	20
chrY	  7550000	  8500000	19
chrY	  8650000	  9850000	24
chrY	 12750000	 13700000	19
chrY	 14050000	 15900000	37
chrY	 16550000	 17000000	9
chrY	 16550000	 17500000	19
chrY	 16800000	 17950000	23
chrY	 21950000	 21450000	10
chrY	 22250000	 21150000	22
chrY	 23600000	 24450000	17
chrY	 24950000	 25700000	15
chrY	 25600000	 25200000	8
chrY	 26150000	 27500000	27
chrY	 26400000	 27100000	14
chrY	 28500000	 29000000	10
chrY	 28600000	 27350000	25
chrY	 29350000	 30500000	23
chrY	 31300000	 30300000	20
chrY	 31700000	 31050000	13
chrY	 33400000	 34500000	22
chrY	 35150000	 34700000	9
chrY	 36050000	 37200000	23
chrY	 36450000	 35900000	11
chrY	 37300000	 36750000	11
chrY	 38200000	 37100000	22
chrY	 40850000	 39850000	20
chrY	 41100000	 39650000	29
chrY	 41100000	 45750000	93
chrY	 42050000	 41150000	18
chrY	 42250000	 41900000	7
chrY	 42500000	 40700000	36
chrY	 42800000	 43800000	20
chrY	 43850000	 44350000	10
chrY	 47800000	 47350000	9
chrY	 49900000	 49050000	17
chrY	 52000000	 52400000	8
chrY	 52550000	 51150000	28
chrY	 55650000	 56850000	24
chrY	 56300000	 55100000	24
chrY	 56500000	 55300000	24
chrY	 58300000	 58500000	4
chrY	 60700000	 61300000	12
chrY	 62600000	 61500000	22
chrY	 62950000	 61500000	29
chrY	 64800000	 63600000	24
chrY	 65400000	 64500000	18
chrY	 65650000	 64500000	23
chrY	 66600000	 65450000	23
chrY	 67350000	 68300000	19
chrY	 68100000	 67300000	16
chrY	 68150000	 69200000	21
chrY	 69600000	 69900000	6
chrY	 73700000	 74450000	15
chrY	 75400000	 79300000	78
chrY	 76050000	 77550000	30
chrY	 76750000	 77550000	16
chrY	 77550000	 79700000	43
chrY	 80700000	 82000000	26
chrY	 80850000	 83400000	51
chrY	 82300000	 80500000	36
chrY	 82600000	 81200000	28
chrY	 83100000	 84250000	23
chrY	 83600000	 84650000	21
chrY	 83950000	 84500000	11
chrY	 85300000	 86150000	17
chrY	 85800000	 84400000	28
chrY	 85850000	 87350000	30
chrY	 86650000	 88200000	31
chrY	 86850000	 88200000	27
chrY	 87250000	 86200000	21
chrY	 88550000	 86950000	32
chrY	 89300000	 91050000	35
chrY	 90050000	 89700000	7
chrY	 90850000	 90400000	9
