chr1	  7200000	  8250000	21
chr1	  8150000	  7000000	23
chr1	  8700000	 10000000	26
chr1	  9650000	  9200000	9
chr1	 10300000	 11400000	22
chr1	 11400000	 13650000	45
chr1	 11500000	 10150000	27
chr1	 12700000	 10900000	36
chr1	 13350000	 11350000	40
chr1	 13400000	 11000000	48
chr1	 14000000	 14650000	13
chr1	 15650000	 13300000	47
chr1	 17450000	 17800000	7
chr1	 20550000	 21750000	24
chr1	 21100000	 20650000	9
chr1	 21450000	 20550000	18
chr1	 21950000	 24950000	60
chr1	 22050000	 22550000	10
chr1	 24800000	 25600000	16
chr1	 25350000	 26100000	15
chr1	 27400000	 28300000	18
chr1	 27450000	 28300000	17
chr1	 28150000	 29200000	21
chr1	 29700000	 29200000	10
chr1	 30200000	 30850000	13
chr1	 31600000	 29850000	35
chr1	 32850000	 33350000	10
chr1	 33500000	 33300000	4
chr1	 35850000	 37850000	40
chr1	 38500000	 39600000	22
chr1	 38650000	 37050000	32
chr1	 41350000	 40600000	15
chr1	 41650000	 40400000	25
chr1	 42500000	 43600000	22
chr1	 42950000	 44750000	36
chr1	 43150000	 41450000	34
chr1	 43350000	 44150000	16
chr1	 43600000	 42600000	20
chr1	 45600000	 46950000	27
chr1	 46750000	 45850000	18
chr1	 48100000	 47100000	20
chr1	 48150000	 49100000	19
chr1	 51200000	 54150000	59
chr1	 51300000	 50900000	8
chr1	 52450000	 53000000	11
chr1	 53500000	 56100000	52
chr1	 54150000	 52300000	37
chr1	 55050000	 53950000	22
chr1	 56200000	 55500000	14
chr1	 56500000	 55400000	22
chr1	 56900000	 58850000	39
chr1	 57250000	 58050000	16
chr1	 57800000	 56050000	35
chr1	 58050000	 57550000	10
chr1	 61750000	 63300000	31
chr1	 62400000	 63250000	17
chr1	 63400000	 64300000	18
chr1	 66400000	 64200000	44
chr1	 68250000	 67600000	13
chr1	 68800000	 69650000	17
chr1	 69950000	 71200000	25
chr1	 74100000	 75100000	20
chr1	 74850000	 74100000	15
chr1	 76250000	 75900000	7
chr1	 79450000	 80950000	30
chr1	 79500000	 78950000	11
chr1	 82300000	 80700000	32
chr1	 84400000	 86200000	36
chr1	 85400000	 87500000	42
chr1	 89050000	 91200000	43
chr1	 90100000	 89100000	20
chr1	 90300000	 90600000	6
chr1	 92050000	 92900000	17
chr1	 92750000	 91750000	20
chr1	 95700000	 92450000	65
chr1	 95750000	 93350000	48
chr1	 97250000	 96800000	9
chr1	 97350000	 99050000	34
chr1	 99150000	100650000	30
chr1	101650000	100950000	14
chr1	103450000	102600000	17
chr1	104250000	102900000	27
chr1	108000000	107550000	9
chr1	109550000	108650000	18
chr1	110850000	112750000	38
chr1	114100000	115350000	25
chr1	119150000	120250000	22
chr1	121950000	122950000	20
chr1	126050000	125200000	17
chr1	128200000	128750000	11
chr1	128400000	125100000	66
chr1	128750000	127250000	30
chr1	130600000	129200000	28
chr1	131100000	132700000	32
chr1	132500000	133500000	20
chr1	132600000	132950000	7
chr1	132600000	133450000	17
chr1	133250000	134200000	19
chr1	133500000	132300000	24
chr1	133850000	133300000	11
chr1	133900000	132750000	23
chr1	134750000	134500000	5
chr1	136000000	134200000	36
chr1	136150000	137850000	34
chr1	137950000	137950000	0
chr1	139300000	141600000	46
chr1	139700000	138800000	18
chr1	140100000	140800000	14
chr1	141400000	140850000	11
chr1	142250000	139750000	50
chr1	142500000	141350000	23
chr1	144150000	143600000	11
chr1	145900000	145200000	14
chr1	150050000	152550000	50
chr1	151150000	150350000	16
chr1	151600000	152900000	26
chr1	152850000	152300000	11
chr1	154250000	153300000	19
chr1	155750000	155250000	10
chr1	156400000	155400000	20
chr1	156450000	157600000	23
chr1	157250000	156650000	12
chr1	161300000	163000000	34
chr1	161400000	162650000	25
chr1	161850000	162950000	22
chr1	167650000	168350000	14
chr1	169150000	170350000	24
chr1	169750000	171050000	26
chr1	171150000	170550000	12
chr1	172250000	173200000	19
chr1	174800000	175400000	12
chr1	176500000	178400000	38
chr1	177100000	177900000	16
chr1	177250000	177800000	11
chr1	178350000	179400000	21
chr1	178400000	180250000	37
chr1	179400000	180650000	25
chr1	180850000	181350000	10
chr1	183000000	183750000	15
chr1	183200000	183900000	14
chr1	183300000	184600000	26
chr1	184200000	185100000	18
chr1	185350000	186000000	13
chr1	186300000	187350000	21
chr1	187000000	184050000	59
chr1	190250000	189650000	12
chr1	190550000	191150000	12
chr1	192950000	194350000	28
chr1	193100000	192350000	15
chr10	  2200000	  4600000	48
chr10	  2350000	  1750000	12
chr10	  6450000	  7150000	14
chr10	 12000000	 10800000	24
chr10	 13200000	 12050000	23
chr10	 16500000	 15550000	19
chr10	 19600000	 19350000	5
chr10	 19700000	 18450000	25
chr10	 23650000	 22300000	27
chr10	 26000000	 29650000	73
chr10	 28250000	 27750000	10
chr10	 28250000	 27800000	9
chr10	 30500000	 31600000	22
chr10	 31300000	 30650000	13
chr10	 32850000	 33850000	20
chr10	 34500000	 33500000	20
chr10	 34700000	 35250000	11
chr10	 36650000	 35800000	17
chr10	 39200000	 38300000	18
chr10	 41600000	 37800000	76
chr10	 44700000	 45250000	11
chr10	 46500000	 48550000	41
chr10	 47400000	 46000000	28
chr10	 47500000	 46650000	17
chr10	 49200000	 48500000	14
chr10	 49400000	 50450000	21
chr10	 49450000	 47450000	40
chr10	 51500000	 50650000	17
chr10	 52550000	 48650000	78
chr10	 52700000	 54400000	34
chr10	 53550000	 54650000	22
chr10	 54450000	 56000000	31
chr10	 54850000	 55800000	19
chr10	 55750000	 54450000	26
chr10	 61950000	 59100000	57
chr10	 63100000	 62050000	21
chr10	 63700000	 64300000	12
chr10	 65200000	 66000000	16
chr10	 66200000	 66850000	13
chr10	 70150000	 69450000	14
chr10	 70450000	 69900000	11
chr10	 70500000	 69300000	24
chr10	 71400000	 72250000	17
chr10	 72850000	 71800000	21
chr10	 73700000	 71500000	44
chr10	 74600000	 73450000	23
chr10	 75500000	 76700000	24
chr10	 75650000	 77200000	31
chr10	 78100000	 79050000	19
chr10	 79350000	 80500000	23
chr10	 79450000	 81600000	43
chr10	 79850000	 79500000	7
chr10	 80850000	 81900000	21
chr10	 87350000	 86200000	23
chr10	 90050000	 89300000	15
chr10	 91850000	 90300000	31
chr10	 92250000	 93650000	28
chr10	 94800000	 95850000	21
chr10	 95400000	 96900000	30
chr10	 96150000	 98000000	37
chr10	 96650000	 97400000	15
chr10	 97100000	 96550000	11
chr10	 99400000	102150000	55
chr10	 99450000	 99000000	9
chr10	102300000	103100000	16
chr10	104650000	106750000	42
chr10	110000000	109450000	11
chr10	110100000	110850000	15
chr10	110500000	110500000	0
chr10	112900000	114850000	39
chr10	115750000	115000000	15
chr10	118600000	119350000	15
chr10	119100000	118250000	17
chr10	119100000	119900000	16
chr10	120500000	120050000	9
chr10	124700000	123950000	15
chr10	126050000	127900000	37
chr10	127300000	128300000	20
chr11	  1550000	   950000	12
chr11	  1550000	  1150000	8
chr11	  3400000	  5050000	33
chr11	  4650000	  1300000	67
chr11	  5300000	  4450000	17
chr11	  9550000	  9950000	8
chr11	 11050000	 12400000	27
chr11	 11250000	 11750000	10
chr11	 11550000	 10450000	22
chr11	 11650000	 10450000	24
chr11	 12200000	 13950000	35
chr11	 12700000	 13500000	16
chr11	 13100000	 13900000	16
chr11	 13700000	 12150000	31
chr11	 15650000	 13850000	36
chr11	 19100000	 19100000	0
chr11	 22750000	 21850000	18
chr11	 22800000	 23600000	16
chr11	 24000000	 25050000	21
chr11	 24600000	 23850000	15
chr11	 24950000	 26150000	24
chr11	 30150000	 29200000	19
chr11	 31600000	 31000000	12
chr11	 32200000	 33000000	16
chr11	 32700000	 33650000	19
chr11	 33400000	 34350000	19
chr11	 34250000	 35900000	33
chr11	 37150000	 35650000	30
chr11	 37200000	 37850000	13
chr11	 37200000	 38150000	19
chr11	 38900000	 37200000	34
chr11	 38950000	 37700000	25
chr11	 40850000	 39800000	21
chr11	 41800000	 43750000	39
chr11	 41950000	 42400000	9
chr11	 44000000	 44750000	15
chr11	 44150000	 43050000	22
chr11	 44550000	 46300000	35
chr11	 45050000	 46650000	32
chr11	 45350000	 44800000	11
chr11	 45350000	 46400000	21
chr11	 45800000	 48000000	44
chr11	 47450000	 46250000	24
chr11	 47700000	 48650000	19
chr11	 48750000	 50200000	29
chr11	 49150000	 49750000	12
chr11	 50550000	 51150000	12
chr11	 51700000	 50250000	29
chr11	 54850000	 54300000	11
chr11	 55400000	 54750000	13
chr11	 56450000	 55500000	19
chr11	 57950000	 59150000	24
chr11	 58500000	 56800000	34
chr11	 59200000	 60150000	19
chr11	 59550000	 57800000	35
chr11	 60050000	 61100000	21
chr11	 60100000	 58100000	40
chr11	 64000000	 62200000	36
chr11	 65950000	 66750000	16
chr11	 66050000	 65450000	12
chr11	 68300000	 67200000	22
chr11	 70550000	 71700000	23
chr11	 72700000	 70800000	38
chr11	 72950000	 73550000	12
chr11	 75100000	 75800000	14
chr11	 77200000	 77450000	5
chr11	 77250000	 76250000	20
chr11	 77750000	 78600000	17
chr11	 78950000	 78150000	16
chr11	 79550000	 80950000	28
chr11	 80950000	 81500000	11
chr11	 83450000	 83200000	5
chr11	 84700000	 84000000	14
chr11	 85200000	 84500000	14
chr11	 85300000	 84000000	26
chr11	 86200000	 89650000	69
chr11	 87600000	 86850000	15
chr11	 88900000	 90700000	36
chr11	 93000000	 93900000	18
chr11	 93700000	 95600000	38
chr11	 94900000	 95600000	14
chr11	 95200000	 94200000	20
chr11	 95850000	 97000000	23
chr11	 96850000	 97600000	15
chr11	 96900000	 97700000	16
chr11	 98900000	 98200000	14
chr11	101300000	101000000	6
chr11	101800000	102150000	7
chr11	101850000	103350000	30
chr11	102750000	101500000	25
chr11	103700000	104650000	19
chr11	103900000	103500000	8
chr11	104050000	103350000	14
chr11	106850000	104700000	43
chr11	107300000	106700000	12
chr11	107400000	106300000	22
chr11	108950000	108250000	14
chr11	111550000	111550000	0
chr11	112050000	110100000	39
chr11	112600000	112050000	11
chr11	117050000	115300000	35
chr11	117550000	115550000	40
chr11	117850000	116850000	20
chr11	121850000	120450000	28
chr12	  2550000	  1500000	21
chr12	  3150000	  3850000	14
chr12	  4000000	  4350000	7
chr12	  4850000	  4000000	17
chr12	  7550000	  5550000	40
chr12	  7650000	  6250000	28
chr12	  8450000	  7950000	10
chr12	  8700000	  7850000	17
chr12	  8950000	  9350000	8
chr12	  9950000	  8650000	26
chr12	 10600000	  9100000	30
chr12	 12250000	 10450000	36
chr12	 13750000	 11950000	36
chr12	 14250000	 13750000	10
chr12	 16800000	 15250000	31
chr12	 17100000	 18300000	24
chr12	 18300000	 19400000	22
chr12	 20300000	 19650000	13
chr12	 24100000	 22950000	23
chr12	 24900000	 21200000	74
chr12	 25300000	 25750000	9
chr12	 26300000	 27150000	17
chr12	 27150000	 28250000	22
chr12	 27650000	 27250000	8
chr12	 28100000	 26800000	26
chr12	 30550000	 31850000	26
chr12	 34650000	 32450000	44
chr12	 34800000	 35400000	12
chr12	 36400000	 35200000	24
chr12	 38150000	 37500000	13
chr12	 38200000	 38600000	8
chr12	 40450000	 39650000	16
chr12	 43600000	 44250000	13
chr12	 45100000	 46250000	23
chr12	 49700000	 50900000	24
chr12	 49900000	 50800000	18
chr12	 51850000	 51300000	11
chr12	 51850000	 52850000	20
chr12	 54000000	 52550000	29
chr12	 54800000	 54550000	5
chr12	 56400000	 58250000	37
chr12	 56600000	 54400000	44
chr12	 57250000	 59350000	42
chr12	 57800000	 57700000	2
chr12	 58800000	 59750000	19
chr12	 60550000	 58950000	32
chr12	 61250000	 60450000	16
chr12	 61750000	 59600000	43
chr12	 62100000	 60850000	25
chr12	 62400000	 63700000	26
chr12	 64700000	 65500000	16
chr12	 66500000	 65250000	25
chr12	 66600000	 67200000	12
chr12	 68200000	 66600000	32
chr12	 69050000	 67600000	29
chr12	 70200000	 70600000	8
chr12	 71350000	 70400000	19
chr12	 75050000	 76800000	35
chr12	 75250000	 75700000	9
chr12	 81550000	 83000000	29
chr12	 83400000	 83050000	7
chr12	 83850000	 81850000	40
chr12	 85000000	 81050000	79
chr12	 85150000	 84850000	6
chr12	 85250000	 84900000	7
chr12	 87950000	 88600000	13
chr12	 89200000	 89850000	13
chr12	 89450000	 90350000	18
chr12	 90150000	 89750000	8
chr12	 90550000	 89900000	13
chr12	 91050000	 92350000	26
chr12	 91250000	 89500000	35
chr12	 93300000	 93550000	5
chr12	 95800000	 96450000	13
chr12	 95850000	 96300000	9
chr12	 98250000	 97300000	19
chr12	 98600000	 99350000	15
chr12	 98650000	 97350000	26
chr12	 99500000	 98750000	15
chr12	100500000	101050000	11
chr12	100750000	 98850000	38
chr12	103300000	104550000	25
chr12	104000000	103600000	8
chr12	105350000	102900000	49
chr12	105650000	106650000	20
chr12	107050000	108100000	21
chr12	107450000	107950000	10
chr12	108550000	107750000	16
chr12	108600000	109900000	26
chr12	109050000	110250000	24
chr12	110850000	111600000	15
chr12	110900000	112750000	37
chr12	111150000	112750000	32
chr12	111250000	111100000	3
chr12	112200000	112650000	9
chr12	113350000	113700000	7
chr12	119000000	118400000	12
chr13	  1100000	  1800000	14
chr13	  4000000	  2900000	22
chr13	  8150000	  9150000	20
chr13	  8300000	  7950000	7
chr13	  8400000	  7050000	27
chr13	 10500000	  8800000	34
chr13	 11450000	 12200000	15
chr13	 12100000	 11250000	17
chr13	 12750000	 10500000	45
chr13	 12800000	 12250000	11
chr13	 13600000	 13200000	8
chr13	 13850000	 14750000	18
chr13	 14550000	 15500000	19
chr13	 18900000	 16950000	39
chr13	 22100000	 20550000	31
chr13	 23350000	 24350000	20
chr13	 23400000	 24500000	22
chr13	 24200000	 23050000	23
chr13	 25000000	 24350000	13
chr13	 26350000	 25200000	23
chr13	 26850000	 25100000	35
chr13	 30350000	 29950000	8
chr13	 31000000	 29600000	28
chr13	 31200000	 32900000	34
chr13	 34800000	 37100000	46
chr13	 36200000	 35400000	16
chr13	 38250000	 38800000	11
chr13	 40100000	 39250000	17
chr13	 41350000	 40400000	19
chr13	 42300000	 40900000	28
chr13	 45300000	 45700000	8
chr13	 45600000	 44000000	32
chr13	 46100000	 45150000	19
chr13	 46400000	 43850000	51
chr13	 47450000	 45950000	30
chr13	 49600000	 48150000	29
chr13	 51200000	 49200000	40
chr13	 51200000	 51750000	11
chr13	 52750000	 54100000	27
chr13	 54350000	 55200000	17
chr13	 54850000	 54200000	13
chr13	 55500000	 55200000	6
chr13	 56100000	 54600000	30
chr13	 62400000	 61650000	15
chr13	 63150000	 61400000	35
chr13	 64700000	 66500000	36
chr13	 67750000	 66550000	24
chr13	 68950000	 69700000	15
chr13	 71350000	 72950000	32
chr13	 73200000	 72500000	14
chr13	 74450000	 75700000	25
chr13	 75700000	 75100000	12
chr13	 77400000	 78300000	18
chr13	 77800000	 77550000	5
chr13	 78050000	 78800000	15
chr13	 78100000	 80150000	41
chr13	 78350000	 76900000	29
chr13	 80100000	 81500000	28
chr13	 82100000	 83100000	20
chr13	 85100000	 82850000	45
chr13	 85100000	 84150000	19
chr13	 87650000	 87100000	11
chr13	 89100000	 88250000	17
chr13	 92050000	 91300000	15
chr13	 92700000	 91000000	34
chr13	 94550000	 93950000	12
chr13	 95950000	 98850000	58
chr13	 96450000	 97800000	27
chr13	 96550000	 95200000	27
chr13	 97600000	100700000	62
chr13	105750000	106300000	11
chr13	107550000	106100000	29
chr13	108200000	108600000	8
chr13	110200000	109400000	16
chr13	110250000	112250000	40
chr13	111000000	109950000	21
chr13	111650000	112300000	13
chr13	111650000	112550000	18
chr13	112000000	109850000	43
chr13	112450000	111800000	13
chr13	115950000	115950000	0
chr13	116950000	118050000	22
chr13	117700000	117450000	5
chr13	119800000	118800000	20
chr14	   850000	  1400000	11
chr14	  1750000	  4550000	56
chr14	  5700000	  4600000	22
chr14	  5950000	  7400000	29
chr14	  7600000	  6350000	25
chr14	  8900000	  9500000	12
chr14	 10450000	  9350000	22
chr14	 12200000	 11450000	15
chr14	 12400000	 13300000	18
chr14	 16000000	 17750000	35
chr14	 17500000	 18800000	26
chr14	 20850000	 20100000	15
chr14	 21750000	 22800000	21
chr14	 24350000	 22250000	42
chr14	 25200000	 26400000	24
chr14	 25400000	 26000000	12
chr14	 26100000	 25050000	21
chr14	 26350000	 24600000	35
chr14	 27700000	 26150000	31
chr14	 28050000	 26350000	34
chr14	 28400000	 27050000	27
chr14	 29050000	 27300000	35
chr14	 30850000	 33550000	54
chr14	 34300000	 33500000	16
chr14	 36400000	 37450000	21
chr14	 36700000	 35850000	17
chr14	 36900000	 37600000	14
chr14	 37900000	 36950000	19
chr14	 38950000	 40150000	24
chr14	 42350000	 41950000	8
chr14	 45400000	 44000000	28
chr14	 49850000	 46000000	77
chr14	 50150000	 51700000	31
chr14	 51350000	 50600000	15
chr14	 52700000	 54750000	41
chr14	 53350000	 54350000	20
chr14	 53950000	 53450000	10
chr14	 55000000	 56000000	20
chr14	 55150000	 56650000	30
chr14	 55350000	 57050000	34
chr14	 55400000	 56200000	16
chr14	 56800000	 58100000	26
chr14	 62150000	 61450000	14
chr14	 62850000	 62300000	11
chr14	 63600000	 62200000	28
chr14	 64300000	 62950000	27
chr14	 64650000	 64650000	0
chr14	 65000000	 63800000	24
chr14	 65700000	 65000000	14
chr14	 67250000	 68250000	20
chr14	 68050000	 67750000	6
chr14	 70200000	 71200000	20
chr14	 70600000	 70000000	12
chr14	 71950000	 72600000	13
chr14	 74500000	 74150000	7
chr14	 75000000	 76600000	32
chr14	 75800000	 77050000	25
chr14	 76650000	 74800000	37
chr14	 77800000	 79600000	36
chr14	 79100000	 78300000	16
chr14	 79800000	 80600000	16
chr14	 79900000	 78300000	32
chr14	 81450000	 79800000	33
chr14	 82750000	 85700000	59
chr14	 84000000	 83850000	3
chr14	 84250000	 83650000	12
chr14	 84450000	 84650000	4
chr14	 86500000	 84350000	43
chr14	 88450000	 87200000	25
chr14	 88800000	 89400000	12
chr14	 88950000	 89750000	16
chr14	 89600000	 90400000	16
chr14	 90150000	 87550000	52
chr14	 90250000	 89600000	13
chr14	 94250000	 93400000	17
chr14	 96750000	 96750000	0
chr14	 97700000	 95700000	40
chr14	 98950000	 97750000	24
chr14	 99350000	 97750000	32
chr14	100650000	103850000	64
chr14	100900000	 99750000	23
chr14	105850000	104750000	22
chr14	106150000	104200000	39
chr14	106400000	107300000	18
chr14	107100000	108700000	32
chr14	108400000	108100000	6
chr14	109100000	111550000	49
chr14	110450000	109350000	22
chr14	111000000	109050000	39
chr14	112150000	112650000	10
chr14	112200000	110800000	28
chr14	112450000	111250000	24
chr14	112950000	114000000	21
chr14	113600000	114750000	23
chr14	113750000	115000000	25
chr14	113900000	114150000	5
chr14	113900000	116450000	51
chr14	118450000	119300000	17
chr14	119250000	119800000	11
chr14	120550000	119050000	30
chr14	121700000	119200000	50
chr14	123500000	122450000	21
chr14	123850000	121200000	53
chr14	124250000	123250000	20
chr15	   500000	  1050000	11
chr15	  1150000	   700000	9
chr15	  3000000	  4000000	20
chr15	  3900000	  3250000	13
chr15	  4950000	  3900000	21
chr15	  5150000	  5950000	16
chr15	  5950000	  6850000	18
chr15	  7400000	  8650000	25
chr15	  7750000	  7550000	4
chr15	 10150000	  9400000	15
chr15	 11300000	 12250000	19
chr15	 12550000	 11350000	24
chr15	 12800000	 13450000	13
chr15	 14950000	 16150000	24
chr15	 15650000	 15000000	13
chr15	 16150000	 17000000	17
chr15	 16250000	 16750000	10
chr15	 17450000	 18300000	17
chr15	 18100000	 17450000	13
chr15	 20100000	 21200000	22
chr15	 20800000	 21200000	8
chr15	 21550000	 19400000	43
chr15	 21650000	 25000000	67
chr15	 21950000	 22350000	8
chr15	 22450000	 22050000	8
chr15	 22850000	 22000000	17
chr15	 24300000	 26450000	43
chr15	 25300000	 25950000	13
chr15	 25800000	 24850000	19
chr15	 28900000	 28200000	14
chr15	 31100000	 29650000	29
chr15	 32900000	 32000000	18
chr15	 33300000	 32300000	20
chr15	 33450000	 33800000	7
chr15	 34800000	 36200000	28
chr15	 37150000	 38550000	28
chr15	 37250000	 35450000	36
chr15	 37600000	 38800000	24
chr15	 38500000	 39300000	16
chr15	 39250000	 37900000	27
chr15	 42950000	 41350000	32
chr15	 43600000	 44500000	18
chr15	 45600000	 48700000	62
chr15	 45900000	 46550000	13
chr15	 46200000	 43800000	48
chr15	 48250000	 47500000	15
chr15	 48350000	 47500000	17
chr15	 50000000	 50650000	13
chr15	 51350000	 49100000	45
chr15	 53050000	 53700000	13
chr15	 53100000	 54100000	20
chr15	 54350000	 55900000	31
chr15	 57100000	 58300000	24
chr15	 57450000	 58900000	29
chr15	 58050000	 58650000	12
chr15	 60200000	 61250000	21
chr15	 60650000	 61450000	16
chr15	 62350000	 60900000	29
chr15	 62600000	 61550000	21
chr15	 62700000	 62450000	5
chr15	 66850000	 66000000	17
chr15	 67450000	 66900000	11
chr15	 68500000	 67900000	12
chr15	 68700000	 67950000	15
chr15	 69700000	 71400000	34
chr15	 70000000	 69100000	18
chr15	 72750000	 72350000	8
chr15	 79100000	 78000000	22
chr15	 79450000	 78450000	20
chr15	 80650000	 79700000	19
chr15	 81350000	 79900000	29
chr15	 82150000	 81250000	18
chr15	 88600000	 88050000	11
chr15	 91750000	 92450000	14
chr15	 93550000	 92700000	17
chr15	 94250000	 93550000	14
chr15	 94950000	 96450000	30
chr15	 96050000	 94650000	28
chr15	 97150000	 98800000	33
chr15	 97650000	 98700000	21
chr15	100100000	 98450000	33
chr15	101800000	 99500000	46
chr15	102100000	100900000	24
chr15	102850000	101950000	18
chr15	103800000	103000000	16
chr15	103900000	103250000	13
chr16	  4600000	  6000000	28
chr16	  6450000	  6800000	7
chr16	  9200000	  7400000	36
chr16	  9650000	 10100000	9
chr16	 13750000	 11200000	51
chr16	 14850000	 15700000	17
chr16	 16200000	 15900000	6
chr16	 16350000	 16800000	9
chr16	 16400000	 14800000	32
chr16	 16750000	 17200000	9
chr16	 17350000	 15350000	40
chr16	 19700000	 21050000	27
chr16	 19900000	 18900000	20
chr16	 20100000	 18050000	41
chr16	 22700000	 22550000	3
chr16	 26100000	 27100000	20
chr16	 27250000	 27900000	13
chr16	 28200000	 27050000	23
chr16	 30700000	 29850000	17
chr16	 30900000	 30600000	6
chr16	 30900000	 31600000	14
chr16	 31150000	 32650000	30
chr16	 32400000	 34000000	32
chr16	 32950000	 33400000	9
chr16	 38150000	 37700000	9
chr16	 41600000	 39400000	44
chr16	 42050000	 41050000	20
chr16	 42750000	 40900000	37
chr16	 44100000	 42800000	26
chr16	 44150000	 42050000	42
chr16	 46000000	 47100000	22
chr16	 46650000	 43700000	59
chr16	 48200000	 47500000	14
chr16	 49550000	 50400000	17
chr16	 50800000	 51700000	18
chr16	 52100000	 52800000	14
chr16	 52400000	 50550000	37
chr16	 52400000	 50700000	34
chr16	 52600000	 53300000	14
chr16	 52900000	 54550000	33
chr16	 53550000	 54500000	19
chr16	 53750000	 54550000	16
chr16	 55200000	 54050000	23
chr16	 55600000	 57850000	45
chr16	 56200000	 57650000	29
chr16	 56850000	 55400000	29
chr16	 57650000	 56350000	26
chr16	 57800000	 57550000	5
chr16	 57800000	 58650000	17
chr16	 59850000	 57250000	52
chr16	 61600000	 61000000	12
chr16	 62550000	 64000000	29
chr16	 62750000	 61350000	28
chr16	 64750000	 66000000	25
chr16	 66400000	 66900000	10
chr16	 66750000	 67450000	14
chr16	 68850000	 67500000	27
chr16	 69150000	 70550000	28
chr16	 69650000	 70250000	12
chr16	 70500000	 71200000	14
chr16	 71350000	 70550000	16
chr16	 73350000	 72450000	18
chr16	 73750000	 74450000	14
chr16	 77900000	 77300000	12
chr16	 78800000	 77750000	21
chr16	 79250000	 79850000	12
chr16	 80800000	 81600000	16
chr16	 82250000	 83250000	20
chr16	 85300000	 84300000	20
chr16	 86050000	 87000000	19
chr16	 87050000	 85350000	34
chr16	 88300000	 87700000	12
chr16	 90100000	 91800000	34
chr16	 90550000	 87750000	56
chr16	 90800000	 92100000	26
chr16	 91000000	 92150000	23
chr16	 91950000	 90500000	29
chr16	 92600000	 90850000	35
chr16	 93800000	 94850000	21
chr17	  3100000	  2750000	7
chr17	  3300000	  2550000	15
chr17	  3300000	  2600000	14
chr17	  7350000	  4500000	57
chr17	 13750000	 14300000	11
chr17	 13850000	 10300000	71
chr17	 17350000	 16700000	13
chr17	 19400000	 18100000	26
chr17	 21000000	 19250000	35
chr17	 21500000	 20350000	23
chr17	 22550000	 21800000	15
chr17	 22700000	 21650000	21
chr17	 22800000	 22100000	14
chr17	 22850000	 24100000	25
chr17	 26750000	 24500000	45
chr17	 27350000	 28700000	27
chr17	 27700000	 26650000	21
chr17	 28500000	 30300000	36
chr17	 28950000	 29300000	7
chr17	 29150000	 29700000	11
chr17	 33050000	 33800000	15
chr17	 33300000	 34100000	16
chr17	 34300000	 33400000	18
chr17	 35750000	 36200000	9
chr17	 36050000	 34650000	28
chr17	 36800000	 35550000	25
chr17	 38800000	 40700000	38
chr17	 39550000	 40950000	28
chr17	 39750000	 41600000	37
chr17	 40750000	 41100000	7
chr17	 44750000	 46800000	41
chr17	 45650000	 45150000	10
chr17	 45850000	 47900000	41
chr17	 46350000	 46800000	9
chr17	 50700000	 51750000	21
chr17	 51250000	 49900000	27
chr17	 51650000	 53200000	31
chr17	 53200000	 51900000	26
chr17	 55200000	 56350000	23
chr17	 57950000	 56950000	20
chr17	 59350000	 61700000	47
chr17	 62600000	 62100000	10
chr17	 62750000	 61800000	19
chr17	 64150000	 61400000	55
chr17	 66400000	 67100000	14
chr17	 67250000	 68750000	30
chr17	 67450000	 66350000	22
chr17	 67600000	 69000000	28
chr17	 67950000	 69500000	31
chr17	 68350000	 67100000	25
chr17	 68950000	 70000000	21
chr17	 70900000	 71400000	10
chr17	 71450000	 71800000	7
chr17	 72500000	 74400000	38
chr17	 72900000	 72300000	12
chr17	 73250000	 74300000	21
chr17	 73850000	 73300000	11
chr17	 74400000	 75200000	16
chr17	 74600000	 76000000	28
chr17	 75850000	 73900000	39
chr17	 76000000	 75450000	11
chr17	 76750000	 75950000	16
chr17	 77150000	 78050000	18
chr17	 80850000	 80650000	4
chr17	 81200000	 80750000	9
chr17	 82650000	 83450000	16
chr17	 82700000	 81300000	28
chr17	 82950000	 83400000	9
chr17	 84400000	 85400000	20
chr17	 85250000	 84600000	13
chr17	 86000000	 85450000	11
chr17	 86450000	 89200000	55
chr17	 87600000	 86700000	18
chr17	 89050000	 88800000	5
chr17	 89400000	 90350000	19
chr17	 91750000	 89800000	39
chr17	 91750000	 93150000	28
chr17	 93150000	 91550000	32
chr17	 94250000	 92550000	34
chr18	   400000	  1150000	15
chr18	   450000	  2250000	36
chr18	  2150000	  1250000	18
chr18	  3100000	  2250000	17
chr18	  3550000	  2650000	18
chr18	  5750000	  4850000	18
chr18	  5900000	  4500000	28
chr18	  7250000	  7900000	13
chr18	  7300000	  6000000	26
chr18	  7650000	  6600000	21
chr18	  8950000	  9800000	17
chr18	 10350000	 11200000	17
chr18	 10850000	 11950000	22
chr18	 11100000	 13700000	52
chr18	 11850000	 12800000	19
chr18	 11950000	 11300000	13
chr18	 15650000	 16800000	23
chr18	 16300000	 17600000	26
chr18	 16400000	 15650000	15
chr18	 17600000	 18100000	10
chr18	 19050000	 19900000	17
chr18	 20400000	 21050000	13
chr18	 20700000	 21200000	10
chr18	 21200000	 20050000	23
chr18	 21400000	 20800000	12
chr18	 22100000	 22500000	8
chr18	 22500000	 21200000	26
chr18	 24100000	 22200000	38
chr18	 25250000	 26150000	18
chr18	 26100000	 27850000	35
chr18	 26900000	 25850000	21
chr18	 27200000	 29350000	43
chr18	 28550000	 30100000	31
chr18	 31700000	 33000000	26
chr18	 34550000	 34050000	10
chr18	 35800000	 35400000	8
chr18	 36350000	 37450000	22
chr18	 37950000	 37250000	14
chr18	 40050000	 40600000	11
chr18	 40400000	 38600000	36
chr18	 40500000	 41100000	12
chr18	 41000000	 41600000	12
chr18	 41200000	 39800000	28
chr18	 42500000	 41500000	20
chr18	 43150000	 43900000	15
chr18	 44050000	 44450000	8
chr18	 44650000	 42250000	48
chr18	 44900000	 45950000	21
chr18	 45300000	 46450000	23
chr18	 47250000	 48700000	29
chr18	 48850000	 46450000	48
chr18	 49300000	 51250000	39
chr18	 49550000	 51100000	31
chr18	 51050000	 50250000	16
chr18	 53450000	 52400000	21
chr18	 54350000	 55150000	16
chr18	 54850000	 55650000	16
chr18	 57550000	 56700000	17
chr18	 58050000	 58050000	0
chr18	 58400000	 58050000	7
chr18	 58600000	 59200000	12
chr18	 60800000	 61650000	17
chr18	 61300000	 61650000	7
chr18	 61800000	 59950000	37
chr18	 65300000	 64300000	20
chr18	 66650000	 66350000	6
chr18	 68650000	 67800000	17
chr18	 68700000	 67850000	17
chr18	 68850000	 67250000	32
chr18	 70900000	 69550000	27
chr18	 71650000	 70050000	32
chr18	 72050000	 72800000	15
chr18	 72750000	 70550000	44
chr18	 72750000	 73500000	15
chr18	 75550000	 73950000	32
chr18	 76900000	 79150000	45
chr18	 82350000	 82800000	9
chr18	 83900000	 86000000	42
chr18	 85000000	 88350000	67
chr18	 85350000	 84100000	25
chr18	 85650000	 84650000	20
chr18	 85650000	 86500000	17
chr18	 88900000	 87450000	29
chr18	 89050000	 88300000	15
chr19	    50000	   400000	7
chr19	  1600000	  1750000	3
chr19	  1850000	  1000000	17
chr19	  2850000	  1450000	28
chr19	  3700000	  5700000	40
chr19	  4200000	  5800000	32
chr19	  5050000	  6650000	32
chr19	  5900000	  7450000	31
chr19	  7000000	  8200000	24
chr19	  7700000	 11450000	75
chr19	  9450000	 10000000	11
chr19	 10000000	 10550000	11
chr19	 11650000	 12250000	12
chr19	 12250000	 10000000	45
chr19	 14500000	 15650000	23
chr19	 14600000	 12400000	44
chr19	 16300000	 16650000	7
chr19	 17600000	 18800000	24
chr19	 20400000	 19400000	20
chr19	 23250000	 25000000	35
chr19	 27400000	 26600000	16
chr19	 28650000	 29250000	12
chr19	 30650000	 29800000	17
chr19	 30700000	 32650000	39
chr19	 31400000	 30850000	11
chr19	 32600000	 33550000	19
chr19	 33050000	 32200000	17
chr19	 35500000	 36800000	26
chr19	 38250000	 37700000	11
chr19	 39050000	 37900000	23
chr19	 42100000	 42850000	15
chr19	 42200000	 43250000	21
chr19	 44500000	 45300000	16
chr19	 46750000	 44750000	40
chr19	 48850000	 49550000	14
chr19	 50000000	 51000000	20
chr19	 53400000	 53700000	6
chr19	 54950000	 56050000	22
chr19	 59350000	 57850000	30
chr19	 60050000	 61400000	27
chr2	   550000	  1550000	20
chr2	  1500000	   500000	20
chr2	  2550000	  1650000	18
chr2	  3450000	  4100000	13
chr2	  6650000	  5700000	19
chr2	  9450000	  8300000	23
chr2	 10500000	  7850000	53
chr2	 10650000	 11100000	9
chr2	 11750000	 10800000	19
chr2	 13600000	 14800000	24
chr2	 13800000	 13350000	9
chr2	 18700000	 17700000	20
chr2	 19200000	 17850000	27
chr2	 22100000	 20900000	24
chr2	 22500000	 21150000	27
chr2	 23500000	 24650000	23
chr2	 23850000	 25100000	25
chr2	 27800000	 25750000	41
chr2	 28550000	 31450000	58
chr2	 29350000	 28100000	25
chr2	 31050000	 34150000	62
chr2	 32950000	 31500000	29
chr2	 34950000	 36200000	25
chr2	 35100000	 36200000	22
chr2	 36100000	 34950000	23
chr2	 36550000	 38250000	34
chr2	 36750000	 37950000	24
chr2	 38150000	 37150000	20
chr2	 40600000	 39950000	13
chr2	 42500000	 43850000	27
chr2	 46400000	 45050000	27
chr2	 47450000	 46450000	20
chr2	 51050000	 50150000	18
chr2	 53450000	 51800000	33
chr2	 53900000	 55550000	33
chr2	 53950000	 54350000	8
chr2	 54700000	 54100000	12
chr2	 57200000	 58350000	23
chr2	 60250000	 59950000	6
chr2	 60500000	 61000000	10
chr2	 62400000	 63000000	12
chr2	 63500000	 61800000	34
chr2	 63500000	 63150000	7
chr2	 64400000	 65100000	14
chr2	 64650000	 63750000	18
chr2	 66750000	 66400000	7
chr2	 68400000	 67450000	19
chr2	 70700000	 70500000	4
chr2	 71550000	 72200000	13
chr2	 72650000	 73600000	19
chr2	 75100000	 75550000	9
chr2	 77250000	 78600000	27
chr2	 78750000	 79400000	13
chr2	 81700000	 82400000	14
chr2	 84700000	 85100000	8
chr2	 86300000	 87350000	21
chr2	 87150000	 88700000	31
chr2	 87350000	 86500000	17
chr2	 88150000	 88900000	15
chr2	 89950000	 89950000	0
chr2	 95050000	 94150000	18
chr2	 95700000	 93900000	36
chr2	 97100000	 95200000	38
chr2	 98700000	 98000000	14
chr2	 98800000	 99000000	4
chr2	100750000	101050000	6
chr2	103000000	104000000	20
chr2	103950000	101600000	47
chr2	104150000	105400000	25
chr2	104700000	105350000	13
chr2	104750000	101200000	71
chr2	104800000	106150000	27
chr2	105600000	106200000	12
chr2	110950000	112300000	27
chr2	111450000	110400000	21
chr2	112750000	113800000	21
chr2	112950000	114500000	31
chr2	113600000	108650000	99
chr2	114350000	117250000	58
chr2	115350000	114400000	19
chr2	116250000	115600000	13
chr2	116250000	117000000	15
chr2	116450000	115700000	15
chr2	116700000	115800000	18
chr2	118050000	119500000	29
chr2	120450000	121050000	12
chr2	123700000	125050000	27
chr2	123950000	122500000	29
chr2	124550000	125950000	28
chr2	126100000	124850000	25
chr2	127800000	126500000	26
chr2	127950000	129400000	29
chr2	128100000	126900000	24
chr2	129800000	131200000	28
chr2	130450000	128900000	31
chr2	130750000	130200000	11
chr2	132650000	131050000	32
chr2	133600000	135200000	32
chr2	137450000	136900000	11
chr2	138150000	139250000	22
chr2	139850000	138650000	24
chr2	140900000	140300000	12
chr2	141850000	141300000	11
chr2	142150000	141100000	21
chr2	142800000	143200000	8
chr2	144650000	142550000	42
chr2	145000000	145600000	12
chr2	145200000	146350000	23
chr2	145700000	144350000	27
chr2	145800000	139800000	120
chr2	147100000	148200000	22
chr2	147500000	146500000	20
chr2	150800000	150150000	13
chr2	152550000	153650000	22
chr2	155350000	157050000	34
chr2	157900000	158400000	10
chr2	157950000	159200000	25
chr2	158350000	159100000	15
chr2	158650000	159150000	10
chr2	158800000	159650000	17
chr2	160250000	159700000	11
chr2	161550000	160900000	13
chr2	161750000	160600000	23
chr2	163300000	162600000	14
chr2	169750000	170300000	11
chr2	169900000	169600000	6
chr2	169950000	170750000	16
chr2	170100000	169100000	20
chr2	172300000	173600000	26
chr2	175200000	176350000	23
chr2	175800000	179050000	65
chr2	177800000	178200000	8
chr3	  2350000	   850000	30
chr3	  4150000	  3000000	23
chr3	  4700000	  3050000	33
chr3	  6100000	  7850000	35
chr3	  7050000	  5650000	28
chr3	  9500000	  8250000	25
chr3	 13450000	 12900000	11
chr3	 14800000	 16150000	27
chr3	 15500000	 17800000	46
chr3	 16450000	 15250000	24
chr3	 17400000	 16950000	9
chr3	 17700000	 18050000	7
chr3	 19300000	 18700000	12
chr3	 20450000	 19600000	17
chr3	 20750000	 19700000	21
chr3	 22500000	 21800000	14
chr3	 30100000	 29150000	19
chr3	 31600000	 32500000	18
chr3	 34700000	 32650000	41
chr3	 36200000	 35450000	15
chr3	 37050000	 34550000	50
chr3	 41250000	 40350000	18
chr3	 41350000	 40550000	16
chr3	 41750000	 42600000	17
chr3	 42050000	 43350000	26
chr3	 43100000	 43700000	12
chr3	 43800000	 41750000	41
chr3	 45350000	 46450000	22
chr3	 45850000	 44350000	30
chr3	 45900000	 45000000	18
chr3	 46000000	 46850000	17
chr3	 47300000	 46600000	14
chr3	 50400000	 51350000	19
chr3	 51500000	 50350000	23
chr3	 53900000	 53600000	6
chr3	 53900000	 54000000	2
chr3	 56000000	 55250000	15
chr3	 59200000	 60450000	25
chr3	 59800000	 58300000	30
chr3	 62200000	 61700000	10
chr3	 62500000	 63850000	27
chr3	 63350000	 65300000	39
chr3	 67350000	 70600000	65
chr3	 69300000	 71650000	47
chr3	 69950000	 68800000	23
chr3	 71000000	 70600000	8
chr3	 72250000	 71450000	16
chr3	 74350000	 73850000	10
chr3	 74500000	 75400000	18
chr3	 75300000	 74350000	19
chr3	 75600000	 76200000	12
chr3	 76100000	 78850000	55
chr3	 76850000	 78400000	31
chr3	 77650000	 78550000	18
chr3	 77850000	 79000000	23
chr3	 79750000	 80000000	5
chr3	 79850000	 81350000	30
chr3	 80150000	 77600000	51
chr3	 82300000	 84600000	46
chr3	 83700000	 84550000	17
chr3	 83950000	 83150000	16
chr3	 84400000	 87350000	59
chr3	 85650000	 86450000	16
chr3	 88050000	 86350000	34
chr3	 89050000	 90600000	31
chr3	 90100000	 91300000	24
chr3	 90450000	 91750000	26
chr3	 90600000	 89650000	19
chr3	 91700000	 90900000	16
chr3	 92050000	 89600000	49
chr3	 92450000	 91450000	20
chr3	 94050000	 95100000	21
chr3	 97950000	 97450000	10
chr3	100700000	 99900000	16
chr3	100800000	 99450000	27
chr3	100850000	100350000	10
chr3	102200000	103900000	34
chr3	104900000	105300000	8
chr3	110100000	109250000	17
chr3	113350000	112200000	23
chr3	113750000	114900000	23
chr3	116050000	115850000	4
chr3	117400000	116950000	9
chr3	118100000	116200000	38
chr3	118450000	116850000	32
chr3	119350000	118100000	25
chr3	121050000	121950000	18
chr3	125600000	126900000	26
chr3	129300000	132300000	60
chr3	130000000	130700000	14
chr3	134850000	135900000	21
chr3	137300000	136600000	14
chr3	138000000	139100000	22
chr3	139200000	139900000	14
chr3	139400000	138050000	27
chr3	139550000	138650000	18
chr3	142200000	143950000	35
chr3	142350000	140500000	37
chr3	143200000	142900000	6
chr3	143350000	143650000	6
chr3	148850000	147400000	29
chr3	149750000	148250000	30
chr3	150250000	148800000	29
chr3	152150000	153750000	32
chr3	154700000	156350000	33
chr3	154950000	155750000	16
chr3	155000000	155300000	6
chr3	156050000	154950000	22
chr3	157100000	156650000	9
chr3	157650000	158450000	16
chr3	157850000	159650000	36
chr3	158000000	156700000	26
chr4	   250000	  3400000	63
chr4	  1750000	  2500000	15
chr4	  2050000	  2900000	17
chr4	  2700000	  2200000	10
chr4	  4950000	  6250000	26
chr4	  5600000	  3950000	33
chr4	  8700000	  9850000	23
chr4	  9850000	  8400000	29
chr4	 11900000	 10600000	26
chr4	 11950000	 10100000	37
chr4	 13200000	 13650000	9
chr4	 13600000	 14500000	18
chr4	 13700000	 12050000	33
chr4	 13850000	 15200000	27
chr4	 14400000	 13000000	28
chr4	 15150000	 15550000	8
chr4	 15800000	 12300000	70
chr4	 17000000	 16600000	8
chr4	 18650000	 18200000	9
chr4	 20800000	 22750000	39
chr4	 22150000	 21250000	18
chr4	 23000000	 22400000	12
chr4	 24500000	 24250000	5
chr4	 25050000	 25350000	6
chr4	 27000000	 22400000	92
chr4	 27300000	 28250000	19
chr4	 32200000	 33400000	24
chr4	 32650000	 30800000	37
chr4	 34450000	 34150000	6
chr4	 35150000	 34700000	9
chr4	 36050000	 37450000	28
chr4	 36500000	 35250000	25
chr4	 36750000	 37500000	15
chr4	 37800000	 37400000	8
chr4	 39700000	 38750000	19
chr4	 40550000	 41000000	9
chr4	 41050000	 40500000	11
chr4	 41500000	 42000000	10
chr4	 42700000	 41050000	33
chr4	 45650000	 46500000	17
chr4	 45850000	 44850000	20
chr4	 46350000	 49950000	72
chr4	 46450000	 47350000	18
chr4	 47800000	 48500000	14
chr4	 48450000	 49200000	15
chr4	 50700000	 49900000	16
chr4	 50950000	 51850000	18
chr4	 53450000	 54150000	14
chr4	 54700000	 52150000	51
chr4	 55350000	 54900000	9
chr4	 57250000	 58650000	28
chr4	 59350000	 58850000	10
chr4	 61600000	 62550000	19
chr4	 62800000	 61450000	27
chr4	 64250000	 63150000	22
chr4	 64400000	 63050000	27
chr4	 64500000	 65750000	25
chr4	 65500000	 66300000	16
chr4	 65650000	 66600000	19
chr4	 68300000	 68700000	8
chr4	 70900000	 70100000	16
chr4	 71100000	 72900000	36
chr4	 71600000	 71600000	0
chr4	 72900000	 74200000	26
chr4	 75850000	 75150000	14
chr4	 76700000	 75900000	16
chr4	 79850000	 80550000	14
chr4	 79900000	 78900000	20
chr4	 82750000	 83700000	19
chr4	 85500000	 85950000	9
chr4	 89000000	 88050000	19
chr4	 90150000	 90450000	6
chr4	 90900000	 90200000	14
chr4	 91750000	 90700000	21
chr4	 91900000	 93750000	37
chr4	 92650000	 91800000	17
chr4	 94450000	 91950000	50
chr4	 95450000	 95700000	5
chr4	 95500000	 94350000	23
chr4	 98300000	 98950000	13
chr4	 98550000	 97500000	21
chr4	 99250000	100350000	22
chr4	 99500000	100350000	17
chr4	101450000	103100000	33
chr4	101500000	 99800000	34
chr4	101650000	 99900000	35
chr4	104200000	103250000	19
chr4	105400000	107050000	33
chr4	109900000	110400000	10
chr4	110600000	109600000	20
chr4	110750000	112750000	40
chr4	111700000	110900000	16
chr4	113350000	110900000	49
chr4	114100000	111800000	46
chr4	117050000	119050000	40
chr4	117400000	118600000	24
chr4	117450000	118050000	12
chr4	118300000	118500000	4
chr4	119050000	118050000	20
chr4	119650000	118550000	22
chr4	119700000	121800000	42
chr4	122150000	121450000	14
chr4	122150000	121550000	12
chr4	123050000	123950000	18
chr4	125500000	123800000	34
chr4	126250000	127200000	19
chr4	128200000	127050000	23
chr4	128250000	127450000	16
chr4	129200000	126000000	64
chr4	130150000	128950000	24
chr4	132850000	132450000	8
chr4	133050000	130800000	45
chr4	133550000	134850000	26
chr4	135100000	134350000	15
chr4	135500000	135200000	6
chr4	137350000	135850000	30
chr4	137800000	136250000	31
chr4	138350000	136150000	44
chr4	139900000	138700000	24
chr4	140350000	140150000	4
chr4	147150000	148450000	26
chr4	148000000	147450000	11
chr4	148550000	149850000	26
chr4	150500000	155050000	91
chr4	153150000	152700000	9
chr4	155150000	156050000	18
chr4	155700000	155050000	13
chr5	  2400000	  3250000	17
chr5	  2950000	  3200000	5
chr5	  4050000	  2400000	33
chr5	  4300000	  3300000	20
chr5	  6250000	  7400000	23
chr5	  6650000	  5250000	28
chr5	  9350000	 10050000	14
chr5	 10500000	  9300000	24
chr5	 15450000	 14950000	10
chr5	 15850000	 17950000	42
chr5	 17200000	 15700000	30
chr5	 17250000	 18700000	29
chr5	 19400000	 18900000	10
chr5	 19600000	 18500000	22
chr5	 20100000	 17900000	44
chr5	 26650000	 28500000	37
chr5	 28050000	 28600000	11
chr5	 28250000	 29000000	15
chr5	 28550000	 30700000	43
chr5	 28850000	 27850000	20
chr5	 31900000	 32550000	13
chr5	 32050000	 32950000	18
chr5	 32300000	 33050000	15
chr5	 33400000	 32850000	11
chr5	 33800000	 33050000	15
chr5	 33900000	 35100000	24
chr5	 34450000	 33250000	24
chr5	 36050000	 34000000	41
chr5	 36200000	 35200000	20
chr5	 36750000	 35300000	29
chr5	 36950000	 35800000	23
chr5	 37900000	 38650000	15
chr5	 37950000	 33450000	90
chr5	 38900000	 38250000	13
chr5	 39400000	 39050000	7
chr5	 39650000	 37750000	38
chr5	 39850000	 41650000	36
chr5	 41100000	 40250000	17
chr5	 41600000	 41300000	6
chr5	 46950000	 46200000	15
chr5	 48100000	 48550000	9
chr5	 50950000	 50000000	19
chr5	 51150000	 52050000	18
chr5	 51700000	 52000000	6
chr5	 52200000	 50500000	34
chr5	 52650000	 52900000	5
chr5	 54100000	 53400000	14
chr5	 56650000	 56150000	10
chr5	 58850000	 57950000	18
chr5	 62650000	 63800000	23
chr5	 64700000	 65350000	13
chr5	 66300000	 67000000	14
chr5	 66500000	 68400000	38
chr5	 66700000	 64250000	49
chr5	 67350000	 68350000	20
chr5	 67950000	 68350000	8
chr5	 69550000	 68850000	14
chr5	 69950000	 69000000	19
chr5	 71600000	 69900000	34
chr5	 72250000	 74700000	49
chr5	 73100000	 71350000	35
chr5	 76500000	 77750000	25
chr5	 77000000	 76000000	20
chr5	 77300000	 76750000	11
chr5	 78150000	 78700000	11
chr5	 78250000	 77450000	16
chr5	 79800000	 79600000	4
chr5	 81650000	 80900000	15
chr5	 82350000	 83000000	13
chr5	 82450000	 83650000	24
chr5	 83450000	 81800000	33
chr5	 84450000	 82650000	36
chr5	 90200000	 89250000	19
chr5	 99200000	 98000000	24
chr5	 99650000	 97250000	48
chr5	 99800000	 98500000	26
chr5	100800000	101700000	18
chr5	102550000	101800000	15
chr5	102650000	101100000	31
chr5	104100000	103050000	21
chr5	106100000	106400000	6
chr5	106150000	107150000	20
chr5	107000000	107950000	19
chr5	109450000	110500000	21
chr5	110150000	108400000	35
chr5	110450000	111500000	21
chr5	114650000	116500000	37
chr5	114750000	115850000	22
chr5	114850000	114150000	14
chr5	115150000	116400000	25
chr5	115600000	114500000	22
chr5	116600000	116300000	6
chr5	116650000	118200000	31
chr5	116850000	120450000	72
chr5	118800000	120450000	33
chr5	118850000	118500000	7
chr5	120500000	119750000	15
chr5	120500000	121100000	12
chr5	122800000	118150000	93
chr5	125800000	128400000	52
chr5	126150000	125250000	18
chr5	126150000	126450000	6
chr5	130450000	129600000	17
chr5	130450000	131650000	24
chr5	131700000	130500000	24
chr5	132600000	132850000	5
chr5	135150000	137250000	42
chr5	139800000	139100000	14
chr5	140400000	137800000	52
chr5	141100000	139700000	28
chr5	142250000	143400000	23
chr5	142700000	141750000	19
chr5	142950000	141600000	27
chr5	143100000	142300000	16
chr5	143250000	142200000	21
chr5	148550000	146900000	33
chr5	149600000	150150000	11
chr6	  2800000	  1800000	20
chr6	  3300000	  1950000	27
chr6	  5850000	  8500000	53
chr6	  6100000	  5800000	6
chr6	  8650000	  9600000	19
chr6	  9250000	  7900000	27
chr6	 14350000	 16050000	34
chr6	 16500000	 17600000	22
chr6	 18150000	 16600000	31
chr6	 19000000	 19950000	19
chr6	 20100000	 21800000	34
chr6	 20350000	 19850000	10
chr6	 20850000	 19350000	30
chr6	 23100000	 23950000	17
chr6	 23550000	 22500000	21
chr6	 23550000	 24050000	10
chr6	 24700000	 25900000	24
chr6	 26950000	 28250000	26
chr6	 29750000	 27900000	37
chr6	 30100000	 29500000	12
chr6	 30300000	 31650000	27
chr6	 31350000	 29900000	29
chr6	 32500000	 34600000	42
chr6	 32550000	 32050000	10
chr6	 33300000	 34450000	23
chr6	 34550000	 36250000	34
chr6	 35400000	 34400000	20
chr6	 38450000	 39250000	16
chr6	 38600000	 39250000	13
chr6	 41150000	 40150000	20
chr6	 41550000	 42600000	21
chr6	 42300000	 41050000	25
chr6	 43050000	 41950000	22
chr6	 44000000	 45000000	20
chr6	 44450000	 43600000	17
chr6	 44700000	 43850000	17
chr6	 45800000	 47450000	33
chr6	 46400000	 49900000	70
chr6	 47800000	 48150000	7
chr6	 50700000	 47850000	57
chr6	 51850000	 51450000	8
chr6	 53050000	 51850000	24
chr6	 53050000	 52000000	21
chr6	 53950000	 54850000	18
chr6	 55400000	 54600000	16
chr6	 57350000	 56650000	14
chr6	 58150000	 55850000	46
chr6	 58150000	 58750000	12
chr6	 58600000	 57200000	28
chr6	 58600000	 59200000	12
chr6	 58900000	 57800000	22
chr6	 61500000	 62950000	29
chr6	 62600000	 63100000	10
chr6	 64350000	 65750000	28
chr6	 66500000	 68050000	31
chr6	 67050000	 67800000	15
chr6	 67600000	 66950000	13
chr6	 69450000	 71200000	35
chr6	 71750000	 70700000	21
chr6	 73300000	 72950000	7
chr6	 74900000	 72050000	57
chr6	 76050000	 74650000	28
chr6	 77800000	 76250000	31
chr6	 80300000	 78550000	35
chr6	 82400000	 83500000	22
chr6	 82600000	 83650000	21
chr6	 83900000	 84900000	20
chr6	 84900000	 87350000	49
chr6	 87000000	 86000000	20
chr6	 91250000	 89800000	29
chr6	 92550000	 92950000	8
chr6	 93600000	 93150000	9
chr6	 98000000	 98650000	13
chr6	 99850000	101700000	37
chr6	101050000	 98450000	52
chr6	102500000	103200000	14
chr6	108050000	107500000	11
chr6	110550000	109750000	16
chr6	110900000	109850000	21
chr6	111200000	110350000	17
chr6	113050000	112350000	14
chr6	115350000	116650000	26
chr6	115700000	117400000	34
chr6	116150000	117350000	24
chr6	118500000	119750000	25
chr6	120500000	121000000	10
chr6	120600000	119700000	18
chr6	120650000	120000000	13
chr6	121300000	119400000	38
chr6	121300000	119950000	27
chr6	121400000	121850000	9
chr6	121750000	121750000	0
chr6	121750000	122650000	18
chr6	121900000	122900000	20
chr6	122300000	120900000	28
chr6	125850000	126450000	12
chr6	126550000	127750000	24
chr6	126700000	125300000	28
chr6	128200000	129700000	30
chr6	129050000	129750000	14
chr6	130000000	128100000	38
chr6	130750000	131650000	18
chr6	131350000	130050000	26
chr6	131400000	130050000	27
chr6	131700000	131250000	9
chr6	132650000	134100000	29
chr6	134300000	133350000	19
chr6	135300000	134050000	25
chr6	136850000	136300000	11
chr6	137050000	137850000	16
chr6	138850000	139750000	18
chr6	139600000	138900000	14
chr6	139750000	141450000	34
chr6	140900000	140350000	11
chr6	141000000	139900000	22
chr6	142000000	140900000	22
chr6	142750000	143700000	19
chr6	143300000	146050000	55
chr6	146550000	147250000	14
chr6	149000000	148500000	10
chr7	  1300000	  1900000	12
chr7	  1300000	  2950000	33
chr7	  2300000	  4750000	49
chr7	  4800000	  4400000	8
chr7	  5600000	  7400000	36
chr7	  6350000	  7850000	30
chr7	  6750000	  8500000	35
chr7	  7500000	  9550000	41
chr7	  7900000	  9150000	25
chr7	 10400000	  9100000	26
chr7	 11600000	 12400000	16
chr7	 12500000	 11400000	22
chr7	 13800000	 12100000	34
chr7	 14600000	 13800000	16
chr7	 16050000	 15500000	11
chr7	 16650000	 17450000	16
chr7	 16900000	 15250000	33
chr7	 16950000	 15800000	23
chr7	 17500000	 16850000	13
chr7	 18850000	 18050000	16
chr7	 18850000	 19400000	11
chr7	 19050000	 19550000	10
chr7	 21950000	 23050000	22
chr7	 22750000	 21500000	25
chr7	 22950000	 24000000	21
chr7	 23550000	 22500000	21
chr7	 23600000	 22550000	21
chr7	 31550000	 33850000	46
chr7	 31600000	 32500000	18
chr7	 32600000	 31900000	14
chr7	 33800000	 36200000	48
chr7	 35100000	 33700000	28
chr7	 38050000	 39100000	21
chr7	 38300000	 36950000	27
chr7	 40900000	 41550000	13
chr7	 41100000	 39950000	23
chr7	 43350000	 42500000	17
chr7	 45150000	 43000000	43
chr7	 46050000	 47950000	38
chr7	 47000000	 45050000	39
chr7	 47500000	 50000000	50
chr7	 49050000	 50200000	23
chr7	 49850000	 50900000	21
chr7	 50550000	 51150000	12
chr7	 52600000	 51150000	29
chr7	 54700000	 55350000	13
chr7	 55550000	 56300000	15
chr7	 56350000	 54650000	34
chr7	 56450000	 55400000	21
chr7	 58450000	 57900000	11
chr7	 58750000	 60350000	32
chr7	 59200000	 60850000	33
chr7	 61000000	 59350000	33
chr7	 62200000	 62750000	11
chr7	 63200000	 62700000	10
chr7	 64450000	 63450000	20
chr7	 65350000	 63150000	44
chr7	 66550000	 67500000	19
chr7	 67300000	 68800000	30
chr7	 68600000	 67550000	21
chr7	 71000000	 72250000	25
chr7	 72950000	 71350000	32
chr7	 73000000	 74000000	20
chr7	 73450000	 72250000	24
chr7	 74550000	 73650000	18
chr7	 74750000	 75150000	8
chr7	 75100000	 77000000	38
chr7	 75600000	 74750000	17
chr7	 79100000	 78000000	22
chr7	 79400000	 78350000	21
chr7	 80500000	 82300000	36
chr7	 81100000	 82100000	20
chr7	 81200000	 79600000	32
chr7	 81300000	 80650000	13
chr7	 82000000	 80200000	36
chr7	 82000000	 81550000	9
chr7	 82250000	 81450000	16
chr7	 83600000	 82700000	18
chr7	 86850000	 85950000	18
chr7	 87900000	 86650000	25
chr7	 91500000	 92850000	27
chr7	 91850000	 91350000	10
chr7	 92450000	 92900000	9
chr7	 93050000	 91750000	26
chr7	 93100000	 94850000	35
chr7	 93850000	 94350000	10
chr7	 95950000	 97600000	33
chr7	 97350000	 96400000	19
chr7	 99100000	100600000	30
chr7	100400000	 99350000	21
chr7	102550000	103300000	15
chr7	102700000	103050000	7
chr7	104100000	104600000	10
chr7	105450000	103900000	31
chr7	107750000	106250000	30
chr7	108750000	109350000	12
chr7	109000000	110550000	31
chr7	109500000	110500000	20
chr7	110450000	112000000	31
chr7	113350000	112650000	14
chr7	113750000	115250000	30
chr7	114350000	113300000	21
chr7	118100000	117400000	14
chr7	118600000	119200000	12
chr7	119650000	120650000	20
chr7	120600000	121000000	8
chr7	121350000	121750000	8
chr7	121950000	121600000	7
chr7	123650000	121600000	41
chr7	123850000	125800000	39
chr7	124050000	124450000	8
chr7	124900000	125750000	17
chr7	127300000	125800000	30
chr7	128500000	127400000	22
chr7	129800000	130550000	15
chr7	130100000	130800000	14
chr7	130750000	128800000	39
chr7	132250000	133100000	17
chr7	132850000	132000000	17
chr7	134150000	134650000	10
chr7	134450000	133600000	17
chr7	135700000	135400000	6
chr7	136950000	137250000	6
chr7	137550000	138050000	10
chr7	139350000	140150000	16
chr7	139950000	141450000	30
chr7	140700000	141200000	10
chr7	144800000	143850000	19
chr8	   400000	  1750000	27
chr8	  1050000	  1650000	12
chr8	  1750000	  1050000	14
chr8	  1750000	  2600000	17
chr8	  4450000	  3050000	28
chr8	  6850000	  6200000	13
chr8	  6900000	  6300000	12
chr8	  7250000	  8450000	24
chr8	  9800000	 11800000	40
chr8	 12050000	 14300000	45
chr8	 12650000	 15700000	61
chr8	 12900000	 13750000	17
chr8	 14000000	 15850000	37
chr8	 14100000	 15950000	37
chr8	 14650000	 12750000	38
chr8	 16350000	 15550000	16
chr8	 16450000	 14550000	38
chr8	 18050000	 18750000	14
chr8	 18750000	 19650000	18
chr8	 21400000	 22050000	13
chr8	 22300000	 23000000	14
chr8	 22550000	 20150000	48
chr8	 24250000	 22600000	33
chr8	 24600000	 26050000	29
chr8	 25000000	 26800000	36
chr8	 27450000	 28250000	16
chr8	 30400000	 31050000	13
chr8	 31200000	 32400000	24
chr8	 32050000	 29350000	54
chr8	 32650000	 30850000	36
chr8	 33050000	 34400000	27
chr8	 33900000	 34350000	9
chr8	 36950000	 35550000	28
chr8	 37350000	 39800000	49
chr8	 39650000	 40400000	15
chr8	 41950000	 41450000	10
chr8	 42300000	 41000000	26
chr8	 42400000	 42850000	9
chr8	 43100000	 45200000	42
chr8	 44350000	 45500000	23
chr8	 44600000	 43900000	14
chr8	 44750000	 44050000	14
chr8	 45950000	 46450000	10
chr8	 46300000	 46500000	4
chr8	 47500000	 48750000	25
chr8	 48200000	 46750000	29
chr8	 48350000	 49800000	29
chr8	 48700000	 47050000	33
chr8	 50850000	 51800000	19
chr8	 52600000	 54550000	39
chr8	 53100000	 54550000	29
chr8	 53400000	 56550000	63
chr8	 54550000	 55300000	15
chr8	 54700000	 55550000	17
chr8	 55250000	 52350000	58
chr8	 56700000	 57500000	16
chr8	 56950000	 58150000	24
chr8	 57100000	 58350000	25
chr8	 58800000	 60000000	24
chr8	 60500000	 61550000	21
chr8	 61400000	 62200000	16
chr8	 63400000	 64050000	13
chr8	 65250000	 66050000	16
chr8	 65900000	 64850000	21
chr8	 67050000	 67700000	13
chr8	 69600000	 71700000	42
chr8	 70050000	 71700000	33
chr8	 70150000	 69050000	22
chr8	 70950000	 71550000	12
chr8	 75100000	 76050000	19
chr8	 75850000	 77150000	26
chr8	 80500000	 79750000	15
chr8	 80900000	 79100000	36
chr8	 82800000	 83400000	12
chr8	 82800000	 83900000	22
chr8	 82850000	 81350000	30
chr8	 84500000	 83700000	16
chr8	 84650000	 83800000	17
chr8	 84700000	 86700000	40
chr8	 86700000	 86700000	0
chr8	 87150000	 87900000	15
chr8	 87200000	 85150000	41
chr8	 87900000	 87500000	8
chr8	 90750000	 89450000	26
chr8	 91850000	 93350000	30
chr8	 95000000	 94350000	13
chr8	 95400000	 96050000	13
chr8	 97400000	 96150000	25
chr8	 99550000	 94700000	97
chr8	100300000	100300000	0
chr8	100850000	102050000	24
chr8	102350000	101800000	11
chr8	102800000	102450000	7
chr8	105850000	106850000	20
chr8	106250000	107550000	26
chr8	111700000	112600000	18
chr8	112900000	113450000	11
chr8	113650000	112500000	23
chr8	113750000	116100000	47
chr8	113900000	114350000	9
chr8	114500000	111800000	54
chr8	115800000	116000000	4
chr8	119400000	118700000	14
chr8	119650000	118250000	28
chr8	121000000	120250000	15
chr8	123750000	125200000	29
chr8	124300000	125450000	23
chr8	124850000	124250000	12
chr9	   900000	   600000	6
chr9	  1350000	  2500000	23
chr9	  1700000	   700000	20
chr9	  2850000	  4350000	30
chr9	  4850000	  5850000	20
chr9	  4950000	  5850000	18
chr9	  7450000	  8550000	22
chr9	 10050000	  9500000	11
chr9	 11600000	 13350000	35
chr9	 12550000	 13150000	12
chr9	 13050000	 12750000	6
chr9	 17350000	 15050000	46
chr9	 17400000	 18000000	12
chr9	 20300000	 20900000	12
chr9	 21500000	 19800000	34
chr9	 23250000	 23550000	6
chr9	 23400000	 21600000	36
chr9	 24050000	 25150000	22
chr9	 25500000	 28050000	51
chr9	 26300000	 28500000	44
chr9	 27250000	 28250000	20
chr9	 32350000	 33950000	32
chr9	 32500000	 32100000	8
chr9	 34700000	 32050000	53
chr9	 36400000	 35100000	26
chr9	 37900000	 36850000	21
chr9	 38350000	 36900000	29
chr9	 38600000	 39750000	23
chr9	 39650000	 40100000	9
chr9	 40300000	 39050000	25
chr9	 41550000	 40500000	21
chr9	 42200000	 43600000	28
chr9	 44500000	 46550000	41
chr9	 44950000	 44150000	16
chr9	 47000000	 46350000	13
chr9	 47250000	 47800000	11
chr9	 50000000	 49000000	20
chr9	 51750000	 50700000	21
chr9	 59400000	 60500000	22
chr9	 60550000	 61700000	23
chr9	 62100000	 62100000	0
chr9	 62400000	 61300000	22
chr9	 62600000	 63350000	15
chr9	 63700000	 62300000	28
chr9	 64000000	 62650000	27
chr9	 64100000	 62950000	23
chr9	 64700000	 65100000	8
chr9	 66400000	 67700000	26
chr9	 67600000	 66850000	15
chr9	 69850000	 68550000	26
chr9	 69900000	 70550000	13
chr9	 71350000	 71950000	12
chr9	 71450000	 72100000	13
chr9	 71600000	 70350000	25
chr9	 72100000	 73250000	23
chr9	 72500000	 72900000	8
chr9	 73950000	 75100000	23
chr9	 74300000	 72900000	28
chr9	 76050000	 74000000	41
chr9	 76150000	 74800000	27
chr9	 76650000	 75600000	21
chr9	 77200000	 77950000	15
chr9	 78100000	 78550000	9
chr9	 78550000	 79650000	22
chr9	 79400000	 77450000	39
chr9	 80600000	 81400000	16
chr9	 81000000	 79850000	23
chr9	 81700000	 82950000	25
chr9	 83400000	 82650000	15
chr9	 86250000	 87250000	20
chr9	 88850000	 89350000	10
chr9	 94950000	 94050000	18
chr9	 98250000	 96600000	33
chr9	 98600000	 97700000	18
chr9	100550000	101100000	11
chr9	100850000	101350000	10
chr9	104150000	103750000	8
chr9	105450000	105000000	9
chr9	105650000	106950000	26
chr9	107700000	106400000	26
chr9	109600000	108850000	15
chr9	110250000	111350000	22
chr9	113500000	112600000	18
chr9	113950000	113050000	18
chr9	115750000	116450000	14
chr9	115900000	116800000	18
chr9	116050000	116650000	12
chr9	116450000	117550000	22
chr9	118650000	117500000	23
chr9	118800000	120050000	25
chr9	119250000	118300000	19
chr9	119550000	117700000	37
chr9	120400000	118950000	29
chr9	121450000	120500000	19
chr9	122900000	124450000	31
chr9	122950000	123550000	12
chrX	  1500000	  2800000	26
chrX	  5950000	  5050000	18
chrX	  6600000	  8950000	47
chrX	  6950000	  8200000	25
chrX	  7000000	  5800000	24
chrX	  9800000	 10550000	15
chrX	 10700000	  9600000	22
chrX	 10800000	  7800000	60
chrX	 11150000	 11350000	4
chrX	 11550000	 12550000	20
chrX	 11600000	 12650000	21
chrX	 14450000	 15400000	19
chrX	 15750000	 14250000	30
chrX	 17950000	 17100000	17
chrX	 19000000	 19450000	9
chrX	 19600000	 17950000	33
chrX	 19900000	 20950000	21
chrX	 19950000	 19450000	10
chrX	 22350000	 21600000	15
chrX	 22850000	 23550000	14
chrX	 25550000	 24600000	19
chrX	 28500000	 27500000	20
chrX	 33450000	 34000000	11
chrX	 33600000	 34100000	10
chrX	 33850000	 34500000	13
chrX	 34100000	 32450000	33
chrX	 35400000	 36550000	23
chrX	 37900000	 37350000	11
chrX	 38750000	 39850000	22
chrX	 39850000	 37350000	50
chrX	 42000000	 43300000	26
chrX	 46600000	 45800000	16
chrX	 47200000	 46600000	12
chrX	 48100000	 47050000	21
chrX	 48850000	 49950000	22
chrX	 49550000	 50250000	14
chrX	 50450000	 49950000	10
chrX	 50900000	 51850000	19
chrX	 51050000	 50650000	8
chrX	 51300000	 50750000	11
chrX	 55750000	 54600000	23
chrX	 58200000	 56200000	40
chrX	 58400000	 57350000	21
chrX	 58750000	 57900000	17
chrX	 59000000	 59850000	17
chrX	 59200000	 60050000	17
chrX	 59750000	 61400000	33
chrX	 65950000	 66950000	20
chrX	 66150000	 66850000	14
chrX	 67650000	 68750000	22
chrX	 69050000	 67800000	25
chrX	 69650000	 68900000	15
chrX	 69950000	 67950000	40
chrX	 71350000	 72050000	14
chrX	 72050000	 72550000	10
chrX	 73350000	 72700000	13
chrX	 73450000	 71700000	35
chrX	 74400000	 75600000	24
chrX	 75550000	 75550000	0
chrX	 75750000	 77150000	28
chrX	 76200000	 74550000	33
chrX	 77000000	 77850000	17
chrX	 77750000	 78550000	16
chrX	 78400000	 77850000	11
chrX	 79150000	 77900000	25
chrX	 80900000	 79400000	30
chrX	 81200000	 82350000	23
chrX	 86350000	 85450000	18
chrX	 86450000	 86000000	9
chrX	 87150000	 83750000	68
chrX	 88550000	 89050000	10
chrX	 89400000	 88600000	16
chrX	 89700000	 90950000	25
chrX	 93000000	 92300000	14
chrX	 93600000	 94350000	15
chrX	 94150000	 95050000	18
chrX	 96650000	 95150000	30
chrX	 98000000	101400000	68
chrX	 99200000	100400000	24
chrX	 99400000	 97400000	40
chrX	100950000	 98700000	45
chrX	104300000	105150000	17
chrX	105650000	104200000	29
chrX	106450000	108000000	31
chrX	108100000	109850000	35
chrX	108300000	109700000	28
chrX	108450000	107300000	23
chrX	109150000	108650000	10
chrX	109700000	110950000	25
chrX	111900000	110850000	21
chrX	112150000	112800000	13
chrX	112850000	112000000	17
chrX	113200000	112500000	14
chrX	114050000	112600000	29
chrX	115000000	115700000	14
chrX	115250000	113700000	31
chrX	115400000	117450000	41
chrX	116400000	114500000	38
chrX	117400000	116650000	15
chrX	117700000	116900000	16
chrX	118300000	117200000	22
chrX	120700000	119700000	20
chrX	121500000	123250000	35
chrX	122650000	121950000	14
chrX	124450000	123600000	17
chrX	125800000	126900000	22
chrX	126050000	123800000	45
chrX	129300000	130700000	28
chrX	130000000	132350000	47
chrX	132350000	130950000	28
chrX	133850000	133500000	7
chrX	135500000	135000000	10
chrX	136450000	135500000	19
chrX	137700000	137000000	14
chrX	137750000	136650000	22
chrX	138950000	140450000	30
chrX	139750000	138200000	31
chrX	140100000	140900000	16
chrX	141250000	143300000	41
chrX	141400000	141150000	5
chrX	143050000	142000000	21
chrX	145300000	142950000	47
chrX	147450000	146250000	24
chrX	148200000	149100000	18
chrX	150150000	148850000	26
chrX	154200000	153100000	22
chrX	157400000	158650000	25
chrX	161650000	160900000	15
chrX	164550000	163250000	26
chrX	164950000	162150000	56
chrX	165750000	165200000	11
chrX	168050000	169450000	28
chrY	   600000	  1200000	12
chrY	  3500000	  2250000	25
chrY	  3850000	  5150000	26
chrY	  5800000	  5400000	8
chrY	  8300000	 11100000	56
chrY	  8750000	  7700000	21
chrY	  9100000	 11600000	50
chrY	 11350000	 10500000	17
chrY	 13100000	 14500000	28
chrY	 13850000	 13100000	15
chrY	 14150000	 15800000	33
chrY	 15200000	 12150000	61
chrY	 16700000	 15250000	29
chrY	 17350000	 17850000	10
chrY	 20400000	 21600000	24
chrY	 21250000	 20350000	18
chrY	 22050000	 24750000	54
chrY	 24350000	 23900000	9
chrY	 24600000	 25550000	19
chrY	 25100000	 25100000	0
chrY	 28550000	 27750000	16
chrY	 29600000	 31000000	28
chrY	 29750000	 27700000	41
chrY	 30000000	 28350000	33
chrY	 30700000	 31750000	21
chrY	 35150000	 36150000	20
chrY	 38700000	 39500000	16
chrY	 38700000	 40000000	26
chrY	 39500000	 41250000	35
chrY	 40900000	 41850000	19
chrY	 41650000	 40650000	20
chrY	 41650000	 42000000	7
chrY	 43550000	 45200000	33
chrY	 44450000	 45350000	18
chrY	 45900000	 43800000	42
chrY	 46750000	 47450000	14
chrY	 47600000	 46700000	18
chrY	 48950000	 49800000	17
chrY	 50300000	 52850000	51
chrY	 55900000	 57050000	23
chrY	 56350000	 55800000	11
chrY	 59750000	 58700000	21
chrY	 60250000	 62200000	39
chrY	 61600000	 62250000	13
chrY	 62550000	 63700000	23
chrY	 67150000	 68050000	18
chrY	 67250000	 66050000	24
chrY	 69000000	 68750000	5
chrY	 69400000	 68150000	25
chrY	 70850000	 69550000	26
chrY	 71500000	 72150000	13
chrY	 73650000	 73300000	7
chrY	 74750000	 74450000	6
chrY	 75450000	 76400000	19
chrY	 76300000	 75800000	10
chrY	 76300000	 76800000	10
chrY	 82300000	 85000000	54
chrY	 83000000	 81700000	26
chrY	 85200000	 83850000	27
chrY	 90500000	 90150000	7
chrY	 91200000	 89850000	27
