chr1	   850000	  1200000	7
chr1	  1000000	   750000	5
chr1	  3750000	  2700000	21
chr1	  5000000	  5450000	9
chr1	  5500000	  4350000	23
chr1	  5750000	  7150000	28
chr1	 10750000	 11700000	19
chr1	 11800000	 10850000	19
chr1	 12900000	 13950000	21
chr1	 13000000	 10950000	41
chr1	 14200000	 13750000	9
chr1	 15150000	 14150000	20
chr1	 15400000	 13250000	43
chr1	 15850000	 16950000	22
chr1	 17500000	 18500000	20
chr1	 21600000	 20300000	26
chr1	 22250000	 20750000	30
chr1	 23150000	 21950000	24
chr1	 25400000	 26500000	22
chr1	 27250000	 28550000	26
chr1	 28150000	 27900000	5
chr1	 28200000	 27150000	21
chr1	 28300000	 27900000	8
chr1	 29650000	 28600000	21
chr1	 31650000	 30550000	22
chr1	 31950000	 30900000	21
chr1	 32700000	 30100000	52
chr1	 34300000	 34600000	6
chr1	 35500000	 34400000	22
chr1	 36200000	 36550000	7
chr1	 36650000	 36250000	8
chr1	 36650000	 37300000	13
chr1	 36950000	 38000000	21
chr1	 38600000	 37200000	28
chr1	 39600000	 38250000	27
chr1	 40050000	 41500000	29
chr1	 40350000	 39800000	11
chr1	 40700000	 39950000	15
chr1	 42300000	 43900000	32
chr1	 42600000	 41150000	29
chr1	 43350000	 45150000	36
chr1	 43800000	 42950000	17
chr1	 43900000	 44800000	18
chr1	 44550000	 45700000	23
chr1	 46750000	 46350000	8
chr1	 48050000	 47150000	18
chr1	 52800000	 51050000	35
chr1	 54700000	 56000000	26
chr1	 54900000	 55350000	9
chr1	 55150000	 54650000	10
chr1	 56200000	 57300000	22
chr1	 56950000	 55800000	23
chr1	 57350000	 57000000	7
chr1	 57450000	 57750000	6
chr1	 57750000	 58900000	23
chr1	 58700000	 57900000	16
chr1	 61850000	 60150000	34
chr1	 62250000	 67200000	99
chr1	 62800000	 62250000	11
chr1	 63900000	 65300000	28
chr1	 66900000	 64700000	44
chr1	 67250000	 67850000	12
chr1	 70500000	 71650000	23
chr1	 71550000	 70700000	17
chr1	 71700000	 73000000	26
chr1	 73750000	 72950000	16
chr1	 74550000	 76800000	45
chr1	 74800000	 76000000	24
chr1	 76700000	 77700000	20
chr1	 77050000	 75800000	25
chr1	 77400000	 76300000	22
chr1	 79100000	 80400000	26
chr1	 80050000	 80850000	16
chr1	 80200000	 79450000	15
chr1	 80800000	 77350000	69
chr1	 80850000	 80100000	15
chr1	 84650000	 82850000	36
chr1	 86300000	 85550000	15
chr1	 89000000	 87500000	30
chr1	 90700000	 91800000	22
chr1	 92750000	 91800000	19
chr1	 96050000	 96050000	0
chr1	 96650000	 95500000	23
chr1	 97450000	 97950000	10
chr1	 98100000	 98800000	14
chr1	 98650000	100150000	30
chr1	100600000	101500000	18
chr1	100900000	102000000	22
chr1	101950000	101150000	16
chr1	103900000	104750000	17
chr1	104550000	103900000	13
chr1	105500000	105750000	5
chr1	106150000	105850000	6
chr1	106200000	104450000	35
chr1	106300000	107850000	31
chr1	107100000	106500000	12
chr1	107100000	107400000	6
chr1	107700000	107200000	10
chr1	109250000	108550000	14
chr1	109900000	113250000	67
chr1	110500000	111900000	28
chr1	111850000	111300000	11
chr1	116000000	114400000	32
chr1	116350000	118200000	37
chr1	118100000	119600000	30
chr1	118700000	116700000	40
chr1	119400000	118350000	21
chr1	124000000	123300000	14
chr1	127250000	128400000	23
chr1	129500000	128800000	14
chr1	131150000	130850000	6
chr1	132500000	131550000	19
chr1	132500000	133100000	12
chr1	132700000	133150000	9
chr1	134000000	132800000	24
chr1	135600000	134300000	26
chr1	138500000	139700000	24
chr1	139500000	137850000	33
chr1	140850000	139350000	30
chr1	144000000	143450000	11
chr1	145700000	146800000	22
chr1	147000000	146450000	11
chr1	147050000	147950000	18
chr1	149350000	148550000	16
chr1	152900000	153900000	20
chr1	153900000	154450000	11
chr1	155750000	156300000	11
chr1	155800000	155050000	15
chr1	156000000	155000000	20
chr1	156500000	155450000	21
chr1	156600000	157350000	15
chr1	157150000	158450000	26
chr1	157650000	158450000	16
chr1	160550000	159900000	13
chr1	160600000	159550000	21
chr1	161550000	160300000	25
chr1	162250000	162850000	12
chr1	162850000	161900000	19
chr1	165650000	164700000	19
chr1	168000000	168450000	9
chr1	168650000	167250000	28
chr1	168750000	165800000	59
chr1	169050000	169450000	8
chr1	169300000	168300000	20
chr1	172600000	172100000	10
chr1	173000000	174650000	33
chr1	174500000	172950000	31
chr1	174700000	173400000	26
chr1	176950000	175750000	24
chr1	177050000	176350000	14
chr1	179150000	179750000	12
chr1	179450000	180250000	16
chr1	179900000	180900000	20
chr1	180250000	181050000	16
chr1	180750000	180100000	13
chr1	181600000	180550000	21
chr1	184450000	186250000	36
chr1	187700000	186200000	30
chr1	188600000	189300000	14
chr1	189850000	188800000	21
chr1	189950000	188650000	26
chr1	190900000	190250000	13
chr1	192350000	191650000	14
chr1	193550000	192200000	27
chr1	193850000	194300000	9
chr1	194150000	192900000	25
chr10	   450000	  1100000	13
chr10	  1800000	  2650000	17
chr10	  3900000	  4150000	5
chr10	  3900000	  5100000	24
chr10	  4600000	  2950000	33
chr10	  5350000	  6350000	20
chr10	  6700000	  4250000	49
chr10	  7150000	  8050000	18
chr10	  8550000	  9200000	13
chr10	 10250000	  9350000	18
chr10	 12500000	 14000000	30
chr10	 13200000	 11800000	28
chr10	 15000000	 12950000	41
chr10	 16050000	 13700000	47
chr10	 16100000	 14600000	30
chr10	 16200000	 17800000	32
chr10	 22050000	 22800000	15
chr10	 23500000	 22300000	24
chr10	 25100000	 26750000	33
chr10	 25700000	 23450000	45
chr10	 26200000	 26900000	14
chr10	 28250000	 28600000	7
chr10	 30750000	 29900000	17
chr10	 31200000	 30650000	11
chr10	 32150000	 30750000	28
chr10	 33650000	 35100000	29
chr10	 34750000	 33300000	29
chr10	 36600000	 40500000	78
chr10	 37100000	 37550000	9
chr10	 38250000	 37800000	9
chr10	 39200000	 38000000	24
chr10	 39650000	 40150000	10
chr10	 40650000	 41850000	24
chr10	 42400000	 41200000	24
chr10	 43850000	 43150000	14
chr10	 45300000	 47800000	50
chr10	 47200000	 46550000	13
chr10	 48200000	 46900000	26
chr10	 48300000	 51350000	61
chr10	 48700000	 48150000	11
chr10	 49450000	 50300000	17
chr10	 49600000	 51400000	36
chr10	 54800000	 54000000	16
chr10	 55450000	 55650000	4
chr10	 57000000	 55350000	33
chr10	 57200000	 58150000	19
chr10	 57850000	 56650000	24
chr10	 57950000	 57300000	13
chr10	 58450000	 57400000	21
chr10	 58850000	 59550000	14
chr10	 61450000	 62700000	25
chr10	 63900000	 64350000	9
chr10	 63950000	 63450000	10
chr10	 65050000	 66500000	29
chr10	 65500000	 64900000	12
chr10	 65950000	 64950000	20
chr10	 66250000	 68050000	36
chr10	 66300000	 64350000	39
chr10	 67600000	 69900000	46
chr10	 69950000	 70600000	13
chr10	 70700000	 70100000	12
chr10	 73700000	 74450000	15
chr10	 74000000	 73100000	18
chr10	 75800000	 73950000	37
chr10	 75850000	 74300000	31
chr10	 77550000	 75700000	37
chr10	 77750000	 77000000	15
chr10	 78950000	 79550000	12
chr10	 79350000	 77350000	40
chr10	 79900000	 80300000	8
chr10	 80600000	 79850000	15
chr10	 80700000	 81600000	18
chr10	 85050000	 86450000	28
chr10	 88650000	 89650000	20
chr10	 89450000	 91000000	31
chr10	 90350000	 91400000	21
chr10	 98000000	 97550000	9
chr10	 98200000	 98800000	12
chr10	 98650000	 98300000	7
chr10	104100000	102850000	25
chr10	105800000	106850000	21
chr10	106150000	106750000	12
chr10	108450000	107550000	18
chr10	108450000	107700000	15
chr10	111750000	108250000	70
chr10	111900000	111250000	13
chr10	115550000	114500000	21
chr10	116550000	114750000	36
chr10	117850000	118350000	10
chr10	117950000	116450000	30
chr10	118150000	117700000	9
chr10	118900000	118500000	8
chr10	119100000	121000000	38
chr10	122850000	122150000	14
chr10	124400000	127950000	71
chr10	125150000	126700000	31
chr10	125850000	124350000	30
chr10	126150000	124950000	24
chr10	126400000	125700000	14
chr10	126400000	128100000	34
chr10	127250000	127550000	6
chr10	127700000	126700000	20
chr10	128700000	127750000	19
chr10	128950000	130550000	32
chr10	130500000	130500000	0
chr11	  1600000	  2050000	9
chr11	  2750000	  5000000	45
chr11	  3100000	  3900000	16
chr11	  3650000	  4750000	22
chr11	  4250000	  5250000	20
chr11	  4750000	  2850000	38
chr11	  5750000	  3000000	55
chr11	  6700000	  7500000	16
chr11	  8050000	  7600000	9
chr11	  9450000	  7300000	43
chr11	 10600000	  9900000	14
chr11	 11000000	 10100000	18
chr11	 12500000	 11750000	15
chr11	 14300000	 14650000	7
chr11	 20150000	 21100000	19
chr11	 23300000	 21900000	28
chr11	 23650000	 22600000	21
chr11	 24150000	 25300000	23
chr11	 24250000	 23850000	8
chr11	 27600000	 29000000	28
chr11	 29250000	 28550000	14
chr11	 30850000	 30450000	8
chr11	 32800000	 32250000	11
chr11	 37150000	 36200000	19
chr11	 38050000	 37650000	8
chr11	 41400000	 41850000	9
chr11	 42300000	 43300000	20
chr11	 42550000	 42550000	0
chr11	 44500000	 43550000	19
chr11	 44600000	 45650000	21
chr11	 44800000	 45200000	8
chr11	 44850000	 45100000	5
chr11	 45400000	 43550000	37
chr11	 46700000	 47250000	11
chr11	 48350000	 48600000	5
chr11	 49200000	 47650000	31
chr11	 49650000	 48700000	19
chr11	 49650000	 50450000	16
chr11	 50100000	 48600000	30
chr11	 50650000	 48400000	45
chr11	 50900000	 49900000	20
chr11	 51200000	 52400000	24
chr11	 59350000	 60750000	28
chr11	 61400000	 60500000	18
chr11	 62350000	 63750000	28
chr11	 63800000	 64300000	10
chr11	 65300000	 66800000	30
chr11	 65350000	 66850000	30
chr11	 66000000	 66700000	14
chr11	 66400000	 66000000	8
chr11	 67200000	 66050000	23
chr11	 70350000	 69200000	23
chr11	 70700000	 69550000	23
chr11	 71100000	 71550000	9
chr11	 71500000	 70350000	23
chr11	 74600000	 75800000	24
chr11	 75400000	 74650000	15
chr11	 75500000	 76200000	14
chr11	 78750000	 79350000	12
chr11	 82450000	 83500000	21
chr11	 83850000	 85950000	42
chr11	 84100000	 84550000	9
chr11	 85150000	 85950000	16
chr11	 85400000	 86750000	27
chr11	 85700000	 85400000	6
chr11	 86000000	 84950000	21
chr11	 86800000	 86100000	14
chr11	 87100000	 88000000	18
chr11	 87300000	 88300000	20
chr11	 87650000	 88100000	9
chr11	 88750000	 89750000	20
chr11	 89050000	 89400000	7
chr11	 89100000	 88300000	16
chr11	 92100000	 92650000	11
chr11	 93950000	 94450000	10
chr11	 96250000	 95950000	6
chr11	 96600000	 97550000	19
chr11	 98250000	100000000	35
chr11	 98550000	 95550000	60
chr11	100250000	101200000	19
chr11	100600000	100150000	9
chr11	103200000	100350000	57
chr11	106750000	108050000	26
chr11	108500000	107450000	21
chr11	109500000	109850000	7
chr11	111500000	112800000	26
chr11	112050000	113000000	19
chr11	112250000	111350000	18
chr11	112400000	111150000	25
chr11	113900000	114750000	17
chr11	114800000	115450000	13
chr11	117050000	119100000	41
chr11	117600000	118250000	13
chr11	119050000	120200000	23
chr12	   550000	   550000	0
chr12	   850000	   450000	8
chr12	  1150000	  2000000	17
chr12	  1200000	  1600000	8
chr12	  4000000	  5500000	30
chr12	  6850000	  7600000	15
chr12	  7000000	  8550000	31
chr12	  8750000	  7800000	19
chr12	 12050000	 14950000	58
chr12	 12950000	 15500000	51
chr12	 13350000	 14450000	22
chr12	 14250000	 13950000	6
chr12	 16500000	 15800000	14
chr12	 16700000	 17700000	20
chr12	 17400000	 16700000	14
chr12	 19850000	 20650000	16
chr12	 20650000	 21550000	18
chr12	 21850000	 23000000	23
chr12	 25450000	 24850000	12
chr12	 25500000	 26300000	16
chr12	 27250000	 25600000	33
chr12	 30400000	 29400000	20
chr12	 32100000	 33200000	22
chr12	 34100000	 34400000	6
chr12	 34950000	 35550000	12
chr12	 37750000	 39650000	38
chr12	 38000000	 36850000	23
chr12	 39550000	 38600000	19
chr12	 40600000	 41100000	10
chr12	 40750000	 42450000	34
chr12	 41750000	 39800000	39
chr12	 41850000	 40050000	36
chr12	 42000000	 43650000	33
chr12	 43150000	 44600000	29
chr12	 44100000	 43150000	19
chr12	 44400000	 43850000	11
chr12	 44800000	 43800000	20
chr12	 45950000	 46950000	20
chr12	 46750000	 46000000	15
chr12	 47150000	 46150000	20
chr12	 50800000	 51400000	12
chr12	 51500000	 52350000	17
chr12	 52100000	 50700000	28
chr12	 54900000	 55600000	14
chr12	 55650000	 56750000	22
chr12	 56250000	 56900000	13
chr12	 58200000	 59200000	20
chr12	 58350000	 57550000	16
chr12	 59050000	 58650000	8
chr12	 63100000	 62000000	22
chr12	 64950000	 63850000	22
chr12	 67350000	 66000000	27
chr12	 68150000	 67100000	21
chr12	 68550000	 69050000	10
chr12	 68600000	 68000000	12
chr12	 69350000	 69900000	11
chr12	 69950000	 69000000	19
chr12	 73450000	 74100000	13
chr12	 74700000	 73700000	20
chr12	 74700000	 73750000	19
chr12	 76250000	 78050000	36
chr12	 77050000	 75150000	38
chr12	 79500000	 77300000	44
chr12	 79700000	 80900000	24
chr12	 83300000	 82650000	13
chr12	 85250000	 85900000	13
chr12	 87400000	 86150000	25
chr12	 88050000	 89650000	32
chr12	 90350000	 89500000	17
chr12	 91400000	 89950000	29
chr12	 92950000	 93300000	7
chr12	 93500000	 94400000	18
chr12	 96100000	 93550000	51
chr12	 96900000	 96300000	12
chr12	 97500000	 96300000	24
chr12	 97850000	 97150000	14
chr12	 98700000	 97850000	17
chr12	 98800000	100350000	31
chr12	 98900000	 95750000	63
chr12	100000000	 99000000	20
chr12	100200000	 99500000	14
chr12	100700000	101400000	14
chr12	102300000	101950000	7
chr12	102650000	100500000	43
chr12	104650000	105700000	21
chr12	104950000	103750000	24
chr12	106350000	105450000	18
chr12	106900000	107600000	14
chr12	108100000	107050000	21
chr12	108800000	112350000	71
chr12	110850000	109450000	28
chr12	110900000	110000000	18
chr12	111850000	111250000	12
chr12	113600000	114150000	11
chr12	113750000	114750000	20
chr12	114000000	115050000	21
chr12	114650000	116150000	30
chr12	115000000	113800000	24
chr12	115550000	114000000	31
chr12	115600000	112350000	65
chr12	116850000	117450000	12
chr12	118950000	119750000	16
chr12	119150000	118450000	14
chr12	119750000	118400000	27
chr13	   650000	  1950000	26
chr13	  1650000	  2100000	9
chr13	  4900000	  5600000	14
chr13	  5100000	  4150000	19
chr13	  5700000	  3050000	53
chr13	  6300000	  7600000	26
chr13	  6600000	  6600000	0
chr13	  6750000	  6100000	13
chr13	 11000000	 12150000	23
chr13	 14050000	 10450000	72
chr13	 16050000	 14900000	23
chr13	 16100000	 14450000	33
chr13	 16850000	 15800000	21
chr13	 17050000	 15050000	40
chr13	 17750000	 16850000	18
chr13	 18650000	 19900000	25
chr13	 23550000	 22250000	26
chr13	 23750000	 25000000	25
chr13	 24550000	 23700000	17
chr13	 25950000	 27000000	21
chr13	 26450000	 24800000	33
chr13	 27000000	 28550000	31
chr13	 28350000	 26650000	34
chr13	 28550000	 28900000	7
chr13	 29300000	 29950000	13
chr13	 30450000	 30950000	10
chr13	 31050000	 31900000	17
chr13	 32100000	 31350000	15
chr13	 32300000	 32300000	0
chr13	 32350000	 31900000	9
chr13	 33200000	 31950000	25
chr13	 33750000	 32600000	23
chr13	 34150000	 34800000	13
chr13	 36100000	 34400000	34
chr13	 36950000	 33000000	79
chr13	 37100000	 35000000	42
chr13	 37500000	 37850000	7
chr13	 37600000	 38050000	9
chr13	 38250000	 39900000	33
chr13	 38250000	 40400000	43
chr13	 39450000	 40050000	12
chr13	 39800000	 40450000	13
chr13	 41850000	 41200000	13
chr13	 48400000	 48000000	8
chr13	 48900000	 49300000	8
chr13	 49950000	 47250000	54
chr13	 50950000	 52600000	33
chr13	 51300000	 52650000	27
chr13	 52850000	 53600000	15
chr13	 53700000	 51800000	38
chr13	 53800000	 56100000	46
chr13	 54400000	 55750000	27
chr13	 55400000	 56600000	24
chr13	 56200000	 57750000	31
chr13	 57950000	 56450000	30
chr13	 58100000	 58750000	13
chr13	 58100000	 58850000	15
chr13	 58400000	 58950000	11
chr13	 59100000	 61400000	46
chr13	 59150000	 58450000	14
chr13	 59200000	 61150000	39
chr13	 59350000	 60800000	29
chr13	 60250000	 59250000	20
chr13	 61300000	 59600000	34
chr13	 61850000	 62700000	17
chr13	 62750000	 63250000	10
chr13	 63500000	 65250000	35
chr13	 64000000	 62500000	30
chr13	 64450000	 64100000	7
chr13	 65500000	 64800000	14
chr13	 66300000	 65850000	9
chr13	 68550000	 69800000	25
chr13	 68850000	 67850000	20
chr13	 69200000	 67550000	33
chr13	 71700000	 75350000	73
chr13	 74300000	 76250000	39
chr13	 75100000	 75650000	11
chr13	 75250000	 73750000	30
chr13	 76850000	 77800000	19
chr13	 77250000	 80650000	68
chr13	 79500000	 78700000	16
chr13	 80400000	 81300000	18
chr13	 84100000	 85050000	19
chr13	 84850000	 85750000	18
chr13	 86200000	 83200000	60
chr13	 87150000	 88150000	20
chr13	 90300000	 91000000	14
chr13	 92350000	 90650000	34
chr13	 95100000	 95750000	13
chr13	 95400000	 94150000	25
chr13	 95750000	 94750000	20
chr13	 97350000	 97150000	4
chr13	 98950000	100200000	25
chr13	 99650000	101000000	27
chr13	 99700000	 98950000	15
chr13	100600000	 99950000	13
chr13	102800000	100800000	40
chr13	103200000	102350000	17
chr13	103350000	104800000	29
chr13	104250000	103600000	13
chr13	105000000	103700000	26
chr13	105400000	106600000	24
chr13	106800000	108100000	26
chr13	108900000	107250000	33
chr13	110400000	108150000	45
chr13	110650000	112300000	33
chr13	111050000	111650000	12
chr13	111550000	113750000	44
chr13	112400000	112200000	4
chr13	115300000	116150000	17
chr13	117150000	118050000	18
chr13	119650000	118600000	21
chr13	120050000	118950000	22
chr14	   900000	  2100000	24
chr14	  3400000	  2000000	28
chr14	  4050000	  3350000	14
chr14	  4800000	  3600000	24
chr14	  9100000	  7800000	26
chr14	 10950000	  9100000	37
chr14	 11150000	 12100000	19
chr14	 12150000	 13250000	22
chr14	 14500000	 15800000	26
chr14	 15200000	 16950000	35
chr14	 16550000	 17750000	24
chr14	 17350000	 17850000	10
chr14	 17750000	 17350000	8
chr14	 18700000	 16950000	35
chr14	 19000000	 20150000	23
chr14	 19500000	 19300000	4
chr14	 21450000	 21150000	6
chr14	 21450000	 21800000	7
chr14	 23350000	 22350000	20
chr14	 23400000	 24650000	25
chr14	 24150000	 25600000	29
chr14	 24300000	 22300000	40
chr14	 26000000	 25150000	17
chr14	 26100000	 26900000	16
chr14	 28150000	 29500000	27
chr14	 28450000	 27200000	25
chr14	 29700000	 28650000	21
chr14	 29900000	 30300000	8
chr14	 30450000	 31100000	13
chr14	 35500000	 34300000	24
chr14	 36000000	 36600000	12
chr14	 37750000	 36150000	32
chr14	 38500000	 39400000	18
chr14	 40600000	 41300000	14
chr14	 41700000	 44050000	47
chr14	 42850000	 43750000	18
chr14	 43250000	 42700000	11
chr14	 43750000	 46400000	53
chr14	 44650000	 44300000	7
chr14	 46300000	 45800000	10
chr14	 48200000	 47250000	19
chr14	 50450000	 51650000	24
chr14	 51100000	 51650000	11
chr14	 53600000	 52600000	20
chr14	 55050000	 54350000	14
chr14	 60600000	 59200000	28
chr14	 63050000	 64300000	25
chr14	 63150000	 62300000	17
chr14	 63900000	 64750000	17
chr14	 64000000	 64700000	14
chr14	 64400000	 66050000	33
chr14	 67550000	 65850000	34
chr14	 68400000	 65500000	58
chr14	 70200000	 71450000	25
chr14	 71300000	 70650000	13
chr14	 73000000	 74750000	35
chr14	 79050000	 80150000	22
chr14	 79250000	 80050000	16
chr14	 79500000	 78700000	16
chr14	 80700000	 79650000	21
chr14	 82050000	 83500000	29
chr14	 83000000	 84400000	28
chr14	 83400000	 84250000	17
chr14	 85050000	 84300000	15
chr14	 85850000	 84650000	24
chr14	 86700000	 85950000	15
chr14	 88500000	 86550000	39
chr14	 88650000	 88300000	7
chr14	 89550000	 88800000	15
chr14	 92300000	 91450000	17
chr14	 92650000	 91450000	24
chr14	 97350000	 97950000	12
chr14	 98800000	 97950000	17
chr14	 98900000	 97600000	26
chr14	 99050000	 98250000	16
chr14	 99350000	101000000	33
chr14	101650000	102450000	16
chr14	102400000	103050000	13
chr14	102900000	101600000	26
chr14	104200000	103350000	17
chr14	104350000	107200000	57
chr14	107800000	109300000	30
chr14	107850000	106250000	32
chr14	107900000	107250000	13
chr14	108400000	109700000	26
chr14	110250000	109550000	14
chr14	111200000	112300000	22
chr14	112900000	111850000	21
chr14	113150000	112250000	18
chr14	113200000	114550000	27
chr14	116500000	115250000	25
chr14	116550000	117350000	16
chr14	117850000	116000000	37
chr14	118300000	117250000	21
chr14	119350000	120900000	31
chr14	119550000	120900000	27
chr14	120550000	122150000	32
chr14	121950000	120350000	32
chr14	122950000	124350000	28
chr15	   750000	  1450000	14
chr15	  1100000	  1650000	11
chr15	  1300000	  1050000	5
chr15	  1450000	   450000	20
chr15	  1450000	  3750000	46
chr15	  1650000	  1150000	10
chr15	  5050000	  5200000	3
chr15	  5250000	  6200000	19
chr15	  5400000	  6850000	29
chr15	  8500000	  9550000	21
chr15	  9400000	  8750000	13
chr15	 10250000	  9100000	23
chr15	 10600000	 11400000	16
chr15	 12600000	 13200000	12
chr15	 13650000	 12350000	26
chr15	 14050000	 15550000	30
chr15	 14550000	 15200000	13
chr15	 14700000	 15550000	17
chr15	 18200000	 18700000	10
chr15	 18550000	 19850000	26
chr15	 19800000	 21400000	32
chr15	 20550000	 19100000	29
chr15	 21950000	 24050000	42
chr15	 22100000	 20550000	31
chr15	 22150000	 21700000	9
chr15	 22500000	 18700000	76
chr15	 24600000	 23450000	23
chr15	 25850000	 25300000	11
chr15	 26200000	 28150000	39
chr15	 26650000	 27800000	23
chr15	 29150000	 29950000	16
chr15	 30550000	 29300000	25
chr15	 30750000	 29150000	32
chr15	 31050000	 28750000	46
chr15	 33300000	 32750000	11
chr15	 37950000	 38900000	19
chr15	 39100000	 39700000	12
chr15	 45800000	 44900000	18
chr15	 45850000	 45850000	0
chr15	 46600000	 45450000	23
chr15	 47200000	 46350000	17
chr15	 48250000	 49050000	16
chr15	 50550000	 51550000	20
chr15	 51900000	 53150000	25
chr15	 52250000	 53650000	28
chr15	 55250000	 55650000	8
chr15	 55850000	 56650000	16
chr15	 56500000	 56500000	0
chr15	 57400000	 56500000	18
chr15	 60150000	 58350000	36
chr15	 61800000	 62300000	10
chr15	 62700000	 61050000	33
chr15	 64750000	 66950000	44
chr15	 65200000	 63950000	25
chr15	 68200000	 69700000	30
chr15	 68900000	 67550000	27
chr15	 69750000	 70300000	11
chr15	 72900000	 72150000	15
chr15	 76050000	 76800000	15
chr15	 77400000	 76100000	26
chr15	 77650000	 78250000	12
chr15	 79100000	 76400000	54
chr15	 79550000	 80350000	16
chr15	 79850000	 81150000	26
chr15	 80000000	 79250000	15
chr15	 80850000	 79450000	28
chr15	 81200000	 80450000	15
chr15	 83200000	 84800000	32
chr15	 84550000	 85600000	21
chr15	 85950000	 87600000	33
chr15	 86450000	 85500000	19
chr15	 87900000	 86700000	24
chr15	 90000000	 88250000	35
chr15	 90650000	 89400000	25
chr15	 90900000	 91800000	18
chr15	 92100000	 91900000	4
chr15	 93150000	 92450000	14
chr15	 95300000	 96500000	24
chr15	 99250000	 98050000	24
chr16	   550000	  1750000	24
chr16	  3050000	  2000000	21
chr16	  4300000	  6550000	45
chr16	  8050000	  6000000	41
chr16	  8150000	  9000000	17
chr16	  8300000	  7350000	19
chr16	  8700000	  9900000	24
chr16	  8800000	  7950000	17
chr16	 11900000	 10400000	30
chr16	 12100000	 11300000	16
chr16	 12750000	 11450000	26
chr16	 13800000	 15500000	34
chr16	 15150000	 14050000	22
chr16	 15550000	 17250000	34
chr16	 21850000	 22600000	15
chr16	 24350000	 23250000	22
chr16	 28600000	 27750000	17
chr16	 29400000	 28350000	21
chr16	 29750000	 31050000	26
chr16	 31450000	 30200000	25
chr16	 40300000	 39000000	26
chr16	 43450000	 41750000	34
chr16	 45200000	 43250000	39
chr16	 45600000	 46150000	11
chr16	 46000000	 44300000	34
chr16	 47100000	 48750000	33
chr16	 47750000	 49150000	28
chr16	 48050000	 48950000	18
chr16	 49200000	 46300000	58
chr16	 49550000	 50100000	11
chr16	 50300000	 51900000	32
chr16	 52650000	 51450000	24
chr16	 53850000	 55700000	37
chr16	 54150000	 55000000	17
chr16	 54350000	 55400000	21
chr16	 55200000	 57500000	46
chr16	 57800000	 56450000	27
chr16	 64250000	 65100000	17
chr16	 65150000	 66750000	32
chr16	 65800000	 64450000	27
chr16	 66250000	 66800000	11
chr16	 66850000	 67950000	22
chr16	 67750000	 66300000	29
chr16	 69850000	 70300000	9
chr16	 72500000	 73750000	25
chr16	 72700000	 72000000	14
chr16	 75500000	 74200000	26
chr16	 76350000	 77250000	18
chr16	 77450000	 77900000	9
chr16	 79500000	 78800000	14
chr16	 81900000	 80850000	21
chr16	 82350000	 83000000	13
chr16	 84000000	 85900000	38
chr16	 87900000	 86150000	35
chr16	 89200000	 90000000	16
chr16	 89300000	 89750000	9
chr16	 90250000	 91250000	20
chr16	 90300000	 89450000	17
chr16	 91350000	 93200000	37
chr16	 92450000	 91800000	13
chr16	 92900000	 91950000	19
chr16	 92950000	 91950000	20
chr16	 96650000	 96200000	9
chr17	  4800000	  2250000	51
chr17	  7150000	  7850000	14
chr17	  7500000	  6800000	14
chr17	  7750000	  8800000	21
chr17	  8300000	  9300000	20
chr17	  9100000	  6600000	50
chr17	 11000000	 10500000	10
chr17	 12700000	 14100000	28
chr17	 13600000	 14550000	19
chr17	 14500000	 12350000	43
chr17	 16350000	 17050000	14
chr17	 16550000	 16050000	10
chr17	 19100000	 19750000	13
chr17	 19150000	 17900000	25
chr17	 19250000	 17900000	27
chr17	 19650000	 20250000	12
chr17	 19850000	 20750000	18
chr17	 20950000	 20100000	17
chr17	 22300000	 20300000	40
chr17	 22400000	 23250000	17
chr17	 24250000	 24850000	12
chr17	 24650000	 23850000	16
chr17	 24750000	 24450000	6
chr17	 28450000	 27450000	20
chr17	 29600000	 27850000	35
chr17	 30400000	 31200000	16
chr17	 31750000	 28800000	59
chr17	 35400000	 36300000	18
chr17	 36450000	 37050000	12
chr17	 37350000	 38000000	13
chr17	 38400000	 34550000	77
chr17	 38400000	 40050000	33
chr17	 41050000	 41700000	13
chr17	 44200000	 43400000	16
chr17	 45200000	 46750000	31
chr17	 45550000	 45000000	11
chr17	 47400000	 48350000	19
chr17	 48900000	 50900000	40
chr17	 50800000	 50300000	10
chr17	 52400000	 53250000	17
chr17	 52600000	 51900000	14
chr17	 58900000	 60550000	33
chr17	 60000000	 62350000	47
chr17	 60100000	 60800000	14
chr17	 61000000	 61800000	16
chr17	 62200000	 61250000	19
chr17	 63300000	 61550000	35
chr17	 65750000	 65250000	10
chr17	 66550000	 65600000	19
chr17	 66600000	 65850000	15
chr17	 67150000	 63950000	64
chr17	 67400000	 65500000	38
chr17	 68100000	 65700000	48
chr17	 77600000	 76900000	14
chr17	 78800000	 75700000	62
chr17	 79200000	 77450000	35
chr17	 80800000	 79700000	22
chr17	 82700000	 82150000	11
chr17	 85250000	 83700000	31
chr17	 86500000	 84550000	39
chr17	 88500000	 87450000	21
chr17	 88700000	 90150000	29
chr17	 90400000	 91200000	16
chr17	 90700000	 89150000	31
chr17	 91250000	 88450000	56
chr18	  1400000	    50000	27
chr18	  2150000	   700000	29
chr18	  3500000	  1600000	38
chr18	  3600000	  2850000	15
chr18	  5250000	  8000000	55
chr18	  6400000	  8000000	32
chr18	  7700000	  8300000	12
chr18	 11500000	 10200000	26
chr18	 11700000	 11450000	5
chr18	 12300000	 13050000	15
chr18	 12700000	 11550000	23
chr18	 13550000	 14950000	28
chr18	 16200000	 14950000	25
chr18	 16800000	 15100000	34
chr18	 19500000	 21750000	45
chr18	 20250000	 18650000	32
chr18	 20650000	 19450000	24
chr18	 21000000	 19550000	29
chr18	 23150000	 24050000	18
chr18	 24600000	 25600000	20
chr18	 27000000	 24600000	48
chr18	 27000000	 27600000	12
chr18	 28850000	 28000000	17
chr18	 28850000	 29900000	21
chr18	 30150000	 30750000	12
chr18	 31350000	 31800000	9
chr18	 31400000	 33200000	36
chr18	 33000000	 34350000	27
chr18	 33500000	 32900000	12
chr18	 34000000	 35100000	22
chr18	 36750000	 36150000	12
chr18	 36950000	 38300000	27
chr18	 38450000	 37900000	11
chr18	 38650000	 39550000	18
chr18	 39000000	 37850000	23
chr18	 40900000	 42000000	22
chr18	 43350000	 45200000	37
chr18	 46650000	 45900000	15
chr18	 46750000	 47050000	6
chr18	 47550000	 47100000	9
chr18	 48050000	 48350000	6
chr18	 48900000	 47450000	29
chr18	 49100000	 49750000	13
chr18	 50250000	 49600000	13
chr18	 51500000	 52000000	10
chr18	 53050000	 52750000	6
chr18	 53300000	 52950000	7
chr18	 53800000	 56000000	44
chr18	 55150000	 54100000	21
chr18	 55550000	 55050000	10
chr18	 60900000	 62000000	22
chr18	 61350000	 63750000	48
chr18	 61450000	 60650000	16
chr18	 61600000	 60750000	17
chr18	 63100000	 61900000	24
chr18	 67850000	 68400000	11
chr18	 68550000	 67950000	12
chr18	 69950000	 68750000	24
chr18	 70500000	 70050000	9
chr18	 70500000	 71000000	10
chr18	 74300000	 75250000	19
chr18	 74900000	 73150000	35
chr18	 76200000	 77200000	20
chr18	 77450000	 76650000	16
chr18	 78100000	 78750000	13
chr18	 80150000	 80300000	3
chr18	 82150000	 82650000	10
chr18	 84850000	 85250000	8
chr18	 85150000	 84500000	13
chr18	 86400000	 85050000	27
chr18	 88100000	 87600000	10
chr18	 89050000	 87350000	34
chr18	 89700000	 89100000	12
chr19	  1650000	   200000	29
chr19	  1850000	  1100000	15
chr19	  2000000	  1550000	9
chr19	  4100000	  2850000	25
chr19	  4700000	  3600000	22
chr19	  6850000	  6850000	0
chr19	  7000000	  8100000	22
chr19	  7550000	  9100000	31
chr19	  9250000	  8050000	24
chr19	 10450000	 11150000	14
chr19	 12850000	 11900000	19
chr19	 14400000	 14700000	6
chr19	 15450000	 16550000	22
chr19	 15950000	 17650000	34
chr19	 16000000	 17700000	34
chr19	 17700000	 19150000	29
chr19	 22300000	 20900000	28
chr19	 25900000	 26650000	15
chr19	 27700000	 27050000	13
chr19	 28450000	 29250000	16
chr19	 32800000	 32000000	16
chr19	 33950000	 32450000	30
chr19	 34850000	 37100000	45
chr19	 38200000	 39150000	19
chr19	 38600000	 39050000	9
chr19	 39700000	 41050000	27
chr19	 40550000	 41600000	21
chr19	 41800000	 42200000	8
chr19	 45150000	 43350000	36
chr19	 46800000	 47450000	13
chr19	 47700000	 46750000	19
chr19	 48550000	 47800000	15
chr19	 49450000	 50250000	16
chr19	 52150000	 51200000	19
chr19	 52400000	 51500000	18
chr19	 52400000	 51550000	17
chr19	 52700000	 53800000	22
chr19	 54550000	 55200000	13
chr19	 54950000	 53800000	23
chr19	 55100000	 56850000	35
chr19	 55900000	 55000000	18
chr19	 58050000	 57200000	17
chr19	 59900000	 58050000	37
chr19	 60650000	 61200000	11
chr2	  2700000	  4150000	29
chr2	  5500000	  4450000	21
chr2	  6000000	  5450000	11
chr2	  6800000	  5800000	20
chr2	  6800000	  8200000	28
chr2	  7600000	  8150000	11
chr2	  7800000	  6650000	23
chr2	  8300000	  8600000	6
chr2	  9450000	 10650000	24
chr2	 10550000	 11150000	12
chr2	 11400000	  9250000	43
chr2	 12700000	 13700000	20
chr2	 15750000	 16250000	10
chr2	 15900000	 17200000	26
chr2	 16000000	 16900000	18
chr2	 16200000	 17200000	20
chr2	 17900000	 16900000	20
chr2	 17900000	 18250000	7
chr2	 18750000	 18350000	8
chr2	 18850000	 19600000	15
chr2	 19750000	 17650000	42
chr2	 20950000	 22700000	35
chr2	 21350000	 22400000	21
chr2	 22250000	 21700000	11
chr2	 24100000	 23200000	18
chr2	 24450000	 23950000	10
chr2	 24850000	 26050000	24
chr2	 25650000	 24750000	18
chr2	 25750000	 22900000	57
chr2	 26400000	 24800000	32
chr2	 29000000	 28400000	12
chr2	 31300000	 29650000	33
chr2	 32850000	 34650000	36
chr2	 34100000	 34100000	0
chr2	 35550000	 33100000	49
chr2	 40500000	 42050000	31
chr2	 40550000	 39550000	20
chr2	 41600000	 43050000	29
chr2	 42900000	 41350000	31
chr2	 42900000	 41950000	19
chr2	 50750000	 51450000	14
chr2	 51650000	 49100000	51
chr2	 52500000	 54250000	35
chr2	 53300000	 51850000	29
chr2	 56100000	 57500000	28
chr2	 56900000	 55950000	19
chr2	 57200000	 55450000	35
chr2	 57700000	 57100000	12
chr2	 58150000	 57200000	19
chr2	 58500000	 61450000	59
chr2	 58700000	 55200000	70
chr2	 59550000	 59150000	8
chr2	 61000000	 62250000	25
chr2	 61900000	 62700000	16
chr2	 64550000	 64150000	8
chr2	 65150000	 64900000	5
chr2	 65550000	 64950000	12
chr2	 66650000	 68150000	30
chr2	 68500000	 68850000	7
chr2	 68600000	 69450000	17
chr2	 71400000	 70050000	27
chr2	 72350000	 71750000	12
chr2	 72550000	 73850000	26
chr2	 73700000	 75800000	42
chr2	 74100000	 73550000	11
chr2	 74800000	 75500000	14
chr2	 75800000	 76200000	8
chr2	 76300000	 76950000	13
chr2	 76500000	 74650000	37
chr2	 77600000	 75950000	33
chr2	 79950000	 81750000	36
chr2	 80250000	 81300000	21
chr2	 80350000	 81200000	17
chr2	 82750000	 81650000	22
chr2	 84200000	 85600000	28
chr2	 86350000	 84250000	42
chr2	 86850000	 87250000	8
chr2	 87150000	 87600000	9
chr2	 89350000	 90450000	22
chr2	 90500000	 90000000	10
chr2	 92250000	 93350000	22
chr2	 97750000	 97300000	9
chr2	 98050000	 98050000	0
chr2	 98600000	 97100000	30
chr2	 99750000	100800000	21
chr2	101500000	101000000	10
chr2	101600000	100450000	23
chr2	101650000	101100000	11
chr2	101750000	 99550000	44
chr2	101850000	102550000	14
chr2	103400000	104700000	26
chr2	104600000	105950000	27
chr2	107350000	107600000	5
chr2	108350000	107600000	15
chr2	108550000	107650000	18
chr2	111850000	114000000	43
chr2	112750000	110650000	42
chr2	113700000	113000000	14
chr2	114150000	114850000	14
chr2	116000000	116700000	14
chr2	116150000	115100000	21
chr2	117150000	118250000	22
chr2	118150000	118650000	10
chr2	118350000	119200000	17
chr2	119850000	120750000	18
chr2	119900000	118900000	20
chr2	122800000	121450000	27
chr2	123550000	120300000	65
chr2	125550000	122300000	65
chr2	126450000	127800000	27
chr2	127250000	127500000	5
chr2	128300000	125850000	49
chr2	129800000	130350000	11
chr2	129800000	130400000	12
chr2	131300000	129100000	44
chr2	131550000	132200000	13
chr2	134700000	133800000	18
chr2	134750000	134100000	13
chr2	137500000	136650000	17
chr2	138400000	139100000	14
chr2	139000000	139650000	13
chr2	139900000	138800000	22
chr2	140950000	139900000	21
chr2	141200000	140250000	19
chr2	145700000	146350000	13
chr2	146450000	148000000	31
chr2	148600000	146900000	34
chr2	149350000	147150000	44
chr2	151250000	150500000	15
chr2	152150000	152800000	13
chr2	158800000	159100000	6
chr2	159450000	160450000	20
chr2	165150000	165950000	16
chr2	169500000	172600000	62
chr2	169650000	170800000	23
chr2	171050000	171750000	14
chr2	171450000	172600000	23
chr2	171600000	172400000	16
chr2	171850000	170600000	25
chr2	173900000	172850000	21
chr2	174000000	175300000	26
chr2	174800000	174350000	9
chr2	175150000	175550000	8
chr2	176800000	177400000	12
chr2	177050000	177350000	6
chr2	177600000	176900000	14
chr2	179250000	180000000	15
chr2	179350000	177600000	35
chr3	  2450000	  4300000	37
chr3	  5750000	  3500000	45
chr3	  7050000	  8500000	29
chr3	  7500000	  6800000	14
chr3	  8150000	  7400000	15
chr3	 10350000	  8800000	31
chr3	 12950000	 12100000	17
chr3	 13000000	 11400000	32
chr3	 15200000	 15950000	15
chr3	 17500000	 16350000	23
chr3	 17650000	 18650000	20
chr3	 21500000	 22750000	25
chr3	 22150000	 23200000	21
chr3	 23350000	 23850000	10
chr3	 24300000	 25000000	14
chr3	 24700000	 23800000	18
chr3	 24750000	 25750000	20
chr3	 25050000	 25450000	8
chr3	 25300000	 24900000	8
chr3	 26650000	 25750000	18
chr3	 27950000	 27000000	19
chr3	 32800000	 31750000	21
chr3	 38250000	 39700000	29
chr3	 39550000	 39100000	9
chr3	 40300000	 41350000	21
chr3	 40700000	 40000000	14
chr3	 41100000	 42300000	24
chr3	 42200000	 41100000	22
chr3	 43650000	 44250000	12
chr3	 45500000	 44750000	15
chr3	 45900000	 45400000	10
chr3	 46400000	 45350000	21
chr3	 47000000	 45000000	40
chr3	 47250000	 47700000	9
chr3	 51400000	 52200000	16
chr3	 52850000	 52100000	15
chr3	 53550000	 54200000	13
chr3	 54900000	 53450000	29
chr3	 59450000	 59950000	10
chr3	 60050000	 60050000	0
chr3	 61000000	 62300000	26
chr3	 63050000	 62350000	14
chr3	 64000000	 64950000	19
chr3	 65150000	 65600000	9
chr3	 67250000	 66750000	10
chr3	 69800000	 71800000	40
chr3	 74000000	 72250000	35
chr3	 74100000	 75950000	37
chr3	 74850000	 74450000	8
chr3	 77000000	 79050000	41
chr3	 77550000	 78450000	18
chr3	 80600000	 82600000	40
chr3	 81250000	 82200000	19
chr3	 82200000	 83200000	20
chr3	 86550000	 85400000	23
chr3	 87100000	 84850000	45
chr3	 87550000	 85850000	34
chr3	 89100000	 88000000	22
chr3	 90700000	 91850000	23
chr3	 92650000	 92100000	11
chr3	 96200000	 94550000	33
chr3	 99150000	100350000	24
chr3	101450000	102550000	22
chr3	103650000	103950000	6
chr3	104850000	103500000	27
chr3	107400000	106250000	23
chr3	107600000	106350000	25
chr3	108150000	109350000	24
chr3	109400000	109950000	11
chr3	109900000	112650000	55
chr3	110200000	109400000	16
chr3	110850000	112000000	23
chr3	113100000	114000000	18
chr3	115750000	116600000	17
chr3	117250000	116450000	16
chr3	117500000	118500000	20
chr3	118200000	120200000	40
chr3	119650000	121600000	39
chr3	120950000	122500000	31
chr3	121100000	118750000	47
chr3	121800000	122650000	17
chr3	124950000	124600000	7
chr3	125700000	127550000	37
chr3	126500000	128050000	31
chr3	126650000	124750000	38
chr3	127550000	128250000	14
chr3	130500000	129650000	17
chr3	131500000	132750000	25
chr3	135500000	137000000	30
chr3	137400000	137950000	11
chr3	137700000	141300000	72
chr3	138250000	140700000	49
chr3	138600000	139650000	21
chr3	140300000	139400000	18
chr3	140350000	141450000	22
chr3	141650000	140500000	23
chr3	146100000	144350000	35
chr3	149050000	149800000	15
chr3	149450000	150600000	23
chr3	149850000	150400000	11
chr3	150450000	151450000	20
chr3	153850000	153450000	8
chr3	156400000	155550000	17
chr3	156500000	154100000	48
chr3	157200000	155700000	30
chr3	157900000	156300000	32
chr3	157950000	159050000	22
chr3	159100000	158050000	21
chr4	  3950000	  3700000	5
chr4	  4350000	  1250000	62
chr4	  5050000	  5700000	13
chr4	  5250000	  6500000	25
chr4	  7900000	  6850000	21
chr4	  8500000	 10000000	30
chr4	  9900000	  8300000	32
chr4	  9900000	 10900000	20
chr4	 11650000	 12550000	18
chr4	 14250000	 16300000	41
chr4	 17150000	 14500000	53
chr4	 19450000	 18550000	18
chr4	 22550000	 23900000	27
chr4	 24600000	 26000000	28
chr4	 26600000	 27750000	23
chr4	 27450000	 28000000	11
chr4	 27800000	 26800000	20
chr4	 29050000	 32000000	59
chr4	 31300000	 33850000	51
chr4	 36450000	 35550000	18
chr4	 38000000	 38600000	12
chr4	 41200000	 39400000	36
chr4	 43250000	 45050000	36
chr4	 45000000	 43950000	21
chr4	 45400000	 44350000	21
chr4	 45700000	 46800000	22
chr4	 51300000	 52100000	16
chr4	 52300000	 54200000	38
chr4	 52650000	 52650000	0
chr4	 54650000	 55100000	9
chr4	 57450000	 56500000	19
chr4	 59400000	 58100000	26
chr4	 59500000	 61250000	35
chr4	 59800000	 62300000	50
chr4	 60050000	 61350000	26
chr4	 62100000	 62600000	10
chr4	 62300000	 63300000	20
chr4	 63600000	 62900000	14
chr4	 66550000	 68350000	36
chr4	 67250000	 67650000	8
chr4	 67400000	 68500000	22
chr4	 67600000	 68750000	23
chr4	 70150000	 70750000	12
chr4	 70800000	 69750000	21
chr4	 71050000	 71450000	8
chr4	 73800000	 74500000	14
chr4	 74300000	 72300000	40
chr4	 77200000	 78100000	18
chr4	 78850000	 76150000	54
chr4	 80250000	 77100000	63
chr4	 80950000	 81700000	15
chr4	 81300000	 81900000	12
chr4	 82050000	 83200000	23
chr4	 85250000	 84750000	10
chr4	 86550000	 85450000	22
chr4	 87300000	 88100000	16
chr4	 87300000	 88450000	23
chr4	 89100000	 88200000	18
chr4	 95450000	 96600000	23
chr4	 98650000	 99250000	12
chr4	 99800000	 97000000	56
chr4	101300000	102300000	20
chr4	101550000	100150000	28
chr4	103900000	101750000	43
chr4	104650000	104900000	5
chr4	106550000	105750000	16
chr4	107500000	108150000	13
chr4	107550000	106400000	23
chr4	108800000	107900000	18
chr4	109050000	109500000	9
chr4	110650000	108950000	34
chr4	111150000	112100000	19
chr4	111200000	113000000	36
chr4	112050000	110750000	26
chr4	112300000	111050000	25
chr4	114300000	112750000	31
chr4	114600000	115250000	13
chr4	115600000	116400000	16
chr4	116750000	117850000	22
chr4	116900000	115550000	27
chr4	117600000	118150000	11
chr4	123050000	126400000	67
chr4	124300000	123700000	12
chr4	125900000	126950000	21
chr4	126700000	125350000	27
chr4	129450000	131200000	35
chr4	129650000	130600000	19
chr4	130450000	131800000	27
chr4	130700000	129900000	16
chr4	131500000	130900000	12
chr4	133350000	131300000	41
chr4	133350000	132550000	16
chr4	135650000	135000000	13
chr4	136100000	137900000	36
chr4	138950000	139350000	8
chr4	139350000	138100000	25
chr4	139850000	137250000	52
chr4	139850000	141150000	26
chr4	142000000	142850000	17
chr4	146500000	145750000	15
chr4	150050000	150850000	16
chr4	152250000	151400000	17
chr4	154350000	156500000	43
chr4	156050000	155900000	3
chr5	   300000	  2800000	50
chr5	   750000	  2450000	34
chr5	  2700000	  3600000	18
chr5	  4000000	  6000000	40
chr5	  4700000	  3950000	15
chr5	  5050000	  5900000	17
chr5	  7000000	  7200000	4
chr5	  8700000	  8350000	7
chr5	  9200000	  7700000	30
chr5	 10000000	  8950000	21
chr5	 10600000	 12000000	28
chr5	 14850000	 12650000	44
chr5	 16750000	 18350000	32
chr5	 17700000	 16650000	21
chr5	 20450000	 21000000	11
chr5	 21150000	 19750000	28
chr5	 21350000	 21700000	7
chr5	 21650000	 22950000	26
chr5	 22100000	 21000000	22
chr5	 22850000	 22100000	15
chr5	 24850000	 23450000	28
chr5	 26300000	 25700000	12
chr5	 26300000	 28250000	39
chr5	 26800000	 26300000	10
chr5	 27150000	 28650000	30
chr5	 28350000	 29500000	23
chr5	 29100000	 29850000	15
chr5	 29650000	 28500000	23
chr5	 33000000	 31650000	27
chr5	 33000000	 33800000	16
chr5	 35150000	 32700000	49
chr5	 38650000	 37400000	25
chr5	 39300000	 37900000	28
chr5	 39450000	 40750000	26
chr5	 39900000	 35250000	93
chr5	 40700000	 39650000	21
chr5	 41900000	 41150000	15
chr5	 43250000	 44000000	15
chr5	 43600000	 45700000	42
chr5	 49200000	 48300000	18
chr5	 53050000	 51700000	27
chr5	 55500000	 53650000	37
chr5	 55850000	 54900000	19
chr5	 58600000	 58500000	2
chr5	 59600000	 59800000	4
chr5	 60450000	 59850000	12
chr5	 60700000	 55850000	97
chr5	 61200000	 61200000	0
chr5	 61450000	 60550000	18
chr5	 61900000	 62400000	10
chr5	 65450000	 66750000	26
chr5	 67050000	 64300000	55
chr5	 68450000	 67500000	19
chr5	 70300000	 71450000	23
chr5	 70950000	 68200000	55
chr5	 71550000	 69750000	36
chr5	 73400000	 72650000	15
chr5	 73950000	 72800000	23
chr5	 75750000	 75200000	11
chr5	 77550000	 78400000	17
chr5	 78800000	 80000000	24
chr5	 80650000	 79500000	23
chr5	 84850000	 85950000	22
chr5	 87500000	 86850000	13
chr5	 89350000	 90150000	16
chr5	 90100000	 91150000	21
chr5	 91550000	 90700000	17
chr5	 92050000	 91550000	10
chr5	 93100000	 94150000	21
chr5	 94800000	 93900000	18
chr5	 96900000	 95400000	30
chr5	 97350000	 96300000	21
chr5	 98850000	100500000	33
chr5	 99800000	100300000	10
chr5	101500000	100350000	23
chr5	104800000	104000000	16
chr5	107200000	105850000	27
chr5	107350000	106600000	15
chr5	107800000	108650000	17
chr5	108000000	109050000	21
chr5	108400000	107050000	27
chr5	108950000	110500000	31
chr5	109200000	110100000	18
chr5	112800000	114100000	26
chr5	112900000	112450000	9
chr5	113100000	112300000	16
chr5	113900000	113300000	12
chr5	114150000	114950000	16
chr5	115850000	114300000	31
chr5	115950000	117450000	30
chr5	116150000	114100000	41
chr5	118450000	119300000	17
chr5	119400000	118050000	27
chr5	119600000	120300000	14
chr5	121700000	122200000	10
chr5	123300000	124000000	14
chr5	123900000	124050000	3
chr5	124450000	125300000	17
chr5	125200000	124750000	9
chr5	125300000	123650000	33
chr5	127050000	125750000	26
chr5	127500000	129650000	43
chr5	130600000	129800000	16
chr5	131600000	132250000	13
chr5	132000000	131250000	15
chr5	133550000	130750000	56
chr5	134550000	140550000	120
chr5	137900000	135450000	49
chr5	138350000	137500000	17
chr5	140150000	140950000	16
chr5	140200000	138250000	39
chr5	143050000	143450000	8
chr5	144750000	144050000	14
chr5	146350000	145000000	27
chr5	146500000	146750000	5
chr5	147050000	145250000	36
chr5	148150000	148900000	15
chr5	148300000	147150000	23
chr5	148750000	149700000	19
chr5	148800000	147350000	29
chr5	149250000	149800000	11
chr5	149300000	148600000	14
chr5	150600000	149450000	23
chr5	151000000	149950000	21
chr6	  4550000	  5800000	25
chr6	  4950000	  6600000	33
chr6	  6650000	  7450000	16
chr6	  6900000	  7700000	16
chr6	  7250000	  7850000	12
chr6	  7600000	  9200000	32
chr6	  7700000	  8250000	11
chr6	  8250000	  9250000	20
chr6	 11000000	 11750000	15
chr6	 11800000	 10100000	34
chr6	 13500000	 14650000	23
chr6	 14650000	 15150000	10
chr6	 14700000	 15050000	7
chr6	 15850000	 18850000	60
chr6	 16800000	 18150000	27
chr6	 20000000	 20800000	16
chr6	 21900000	 20900000	20
chr6	 24600000	 25150000	11
chr6	 27800000	 29100000	26
chr6	 29600000	 30550000	19
chr6	 30150000	 29750000	8
chr6	 30850000	 32550000	34
chr6	 32150000	 31050000	22
chr6	 33150000	 33450000	6
chr6	 35600000	 37650000	41
chr6	 36800000	 38700000	38
chr6	 37300000	 38250000	19
chr6	 40150000	 39200000	19
chr6	 44200000	 41000000	64
chr6	 44650000	 43800000	17
chr6	 45150000	 44750000	8
chr6	 45450000	 46100000	13
chr6	 46700000	 45600000	22
chr6	 47600000	 45900000	34
chr6	 48300000	 49150000	17
chr6	 48700000	 49300000	12
chr6	 48800000	 50750000	39
chr6	 50000000	 46250000	75
chr6	 51600000	 49700000	38
chr6	 52000000	 50900000	22
chr6	 52500000	 51850000	13
chr6	 53350000	 54200000	17
chr6	 53900000	 52850000	21
chr6	 56300000	 53700000	52
chr6	 57750000	 57100000	13
chr6	 58700000	 59400000	14
chr6	 59150000	 60100000	19
chr6	 60350000	 61350000	20
chr6	 63150000	 62000000	23
chr6	 65800000	 65000000	16
chr6	 65950000	 63950000	40
chr6	 66900000	 64950000	39
chr6	 67950000	 67400000	11
chr6	 68500000	 67600000	18
chr6	 70300000	 71550000	25
chr6	 71650000	 72000000	7
chr6	 72350000	 73800000	29
chr6	 72450000	 74200000	35
chr6	 75600000	 76050000	9
chr6	 75650000	 75000000	13
chr6	 76300000	 77050000	15
chr6	 76450000	 75700000	15
chr6	 76850000	 77600000	15
chr6	 78150000	 79300000	23
chr6	 80700000	 81700000	20
chr6	 83300000	 82800000	10
chr6	 85750000	 88700000	59
chr6	 87000000	 85750000	25
chr6	 87750000	 87500000	5
chr6	 90100000	 89000000	22
chr6	 94000000	 95250000	25
chr6	 94750000	 95250000	10
chr6	 95100000	 93750000	27
chr6	 95350000	 95850000	10
chr6	 97250000	 95050000	44
chr6	 97300000	 97000000	6
chr6	 98050000	 99300000	25
chr6	 98950000	 99850000	18
chr6	 99450000	100850000	28
chr6	100500000	 98700000	36
chr6	100800000	102950000	43
chr6	102050000	103950000	38
chr6	102450000	101400000	21
chr6	105200000	105750000	11
chr6	106050000	105200000	17
chr6	107250000	108350000	22
chr6	108200000	106800000	28
chr6	108300000	109200000	18
chr6	109150000	108250000	18
chr6	109800000	110750000	19
chr6	112850000	112300000	11
chr6	113200000	114050000	17
chr6	114100000	113200000	18
chr6	116300000	114650000	33
chr6	116500000	114100000	48
chr6	117600000	117300000	6
chr6	119250000	117150000	42
chr6	120200000	121900000	34
chr6	120700000	119700000	20
chr6	120950000	119200000	35
chr6	122250000	121500000	15
chr6	123350000	124100000	15
chr6	124000000	122100000	38
chr6	124450000	125600000	23
chr6	125100000	122550000	51
chr6	126450000	125900000	11
chr6	128000000	127700000	6
chr6	128500000	127200000	26
chr6	128650000	129850000	24
chr6	128800000	128350000	9
chr6	129150000	130400000	25
chr6	133100000	131550000	31
chr6	135400000	137500000	42
chr6	135750000	135250000	10
chr6	137400000	138900000	30
chr6	138100000	136400000	34
chr6	138500000	137850000	13
chr6	141050000	142600000	31
chr6	141800000	141200000	12
chr6	144050000	143350000	14
chr6	146150000	144850000	26
chr6	146750000	147500000	15
chr7	  2000000	   850000	23
chr7	  9300000	  8850000	9
chr7	 10500000	 11500000	20
chr7	 10550000	 12000000	29
chr7	 10600000	 11200000	12
chr7	 12100000	 13300000	24
chr7	 12800000	 11700000	22
chr7	 14850000	 15200000	7
chr7	 15850000	 16600000	15
chr7	 16400000	 14350000	41
chr7	 21650000	 21150000	10
chr7	 21850000	 21150000	14
chr7	 23300000	 23650000	7
chr7	 23350000	 21400000	39
chr7	 26150000	 26500000	7
chr7	 27500000	 26700000	16
chr7	 27900000	 26100000	36
chr7	 29050000	 28350000	14
chr7	 30100000	 29200000	18
chr7	 30900000	 31900000	20
chr7	 32550000	 32000000	11
chr7	 33200000	 32450000	15
chr7	 37500000	 35800000	34
chr7	 38300000	 39000000	14
chr7	 39100000	 36750000	47
chr7	 40050000	 40600000	11
chr7	 40150000	 39700000	9
chr7	 41700000	 40900000	16
chr7	 45000000	 43650000	27
chr7	 45300000	 43550000	35
chr7	 45300000	 44250000	21
chr7	 45400000	 43750000	33
chr7	 46000000	 44800000	24
chr7	 46550000	 45350000	24
chr7	 46850000	 44850000	40
chr7	 47500000	 49250000	35
chr7	 48100000	 49450000	27
chr7	 51300000	 52750000	29
chr7	 55950000	 57200000	25
chr7	 57800000	 58050000	5
chr7	 60300000	 61350000	21
chr7	 62800000	 64300000	30
chr7	 64350000	 65550000	24
chr7	 65600000	 64750000	17
chr7	 65600000	 64950000	13
chr7	 67150000	 66450000	14
chr7	 67750000	 66600000	23
chr7	 72450000	 73450000	20
chr7	 73450000	 74200000	15
chr7	 74450000	 76050000	32
chr7	 74550000	 73850000	14
chr7	 77200000	 78450000	25
chr7	 77900000	 76500000	28
chr7	 78100000	 80700000	52
chr7	 81450000	 82300000	17
chr7	 82400000	 83200000	16
chr7	 82450000	 81500000	19
chr7	 82450000	 83450000	20
chr7	 83000000	 80100000	58
chr7	 84050000	 85000000	19
chr7	 84650000	 83600000	21
chr7	 85400000	 84850000	11
chr7	 88350000	 87250000	22
chr7	 91500000	 92050000	11
chr7	 93550000	 92350000	24
chr7	 95750000	 96100000	7
chr7	 97000000	 97600000	12
chr7	 97150000	 95950000	24
chr7	 97300000	 96650000	13
chr7	 97950000	 97550000	8
chr7	 98250000	 99100000	17
chr7	100800000	 99400000	28
chr7	100950000	104300000	67
chr7	101850000	100900000	19
chr7	102050000	102850000	16
chr7	104900000	104500000	8
chr7	105900000	105450000	9
chr7	105950000	104800000	23
chr7	106100000	106450000	7
chr7	107050000	106350000	14
chr7	107650000	108800000	23
chr7	108000000	106600000	28
chr7	108750000	110050000	26
chr7	110550000	112250000	34
chr7	110900000	109900000	20
chr7	111500000	111100000	8
chr7	111800000	109750000	41
chr7	112800000	113950000	23
chr7	114150000	114550000	8
chr7	116050000	115050000	20
chr7	116050000	115150000	18
chr7	116800000	115700000	22
chr7	117450000	117750000	6
chr7	122250000	123650000	28
chr7	122450000	123000000	11
chr7	123100000	124900000	36
chr7	123800000	122400000	28
chr7	123850000	124800000	19
chr7	124000000	119500000	90
chr7	124750000	123500000	25
chr7	125250000	122550000	54
chr7	125650000	125050000	12
chr7	126450000	127750000	26
chr7	130350000	128400000	39
chr7	131700000	130450000	25
chr7	133700000	132700000	20
chr7	134950000	136150000	24
chr7	135250000	133900000	27
chr7	136850000	138500000	33
chr7	141550000	141250000	6
chr7	145150000	143300000	37
chr8	        0	  1150000	23
chr8	   550000	  1900000	27
chr8	  2550000	  4000000	29
chr8	  3100000	  3750000	13
chr8	  4000000	  2600000	28
chr8	  5550000	  7350000	36
chr8	  6200000	  7000000	16
chr8	  6300000	  5250000	21
chr8	  6800000	  8050000	25
chr8	  7350000	  7800000	9
chr8	  7650000	  8700000	21
chr8	  9700000	  7300000	48
chr8	 10100000	 10300000	4
chr8	 13150000	 14350000	24
chr8	 15300000	 15300000	0
chr8	 18100000	 17350000	15
chr8	 19800000	 19050000	15
chr8	 19850000	 18800000	21
chr8	 22500000	 20750000	35
chr8	 23950000	 25050000	22
chr8	 24550000	 23150000	28
chr8	 24750000	 24750000	0
chr8	 25750000	 25050000	14
chr8	 25950000	 25400000	11
chr8	 26750000	 25350000	28
chr8	 28350000	 30300000	39
chr8	 28400000	 27250000	23
chr8	 31100000	 30250000	17
chr8	 32750000	 33450000	14
chr8	 34800000	 35800000	20
chr8	 35050000	 32800000	45
chr8	 36550000	 38550000	40
chr8	 40000000	 39700000	6
chr8	 40600000	 39300000	26
chr8	 43800000	 43100000	14
chr8	 44300000	 44850000	11
chr8	 45250000	 43900000	27
chr8	 46800000	 47700000	18
chr8	 48100000	 48950000	17
chr8	 48800000	 50100000	26
chr8	 50100000	 49300000	16
chr8	 50300000	 48850000	29
chr8	 51150000	 52250000	22
chr8	 52400000	 49350000	61
chr8	 56250000	 57500000	25
chr8	 56600000	 58400000	36
chr8	 58100000	 56700000	28
chr8	 62300000	 63050000	15
chr8	 65150000	 62300000	57
chr8	 66350000	 67350000	20
chr8	 66400000	 65000000	28
chr8	 68150000	 66100000	41
chr8	 69500000	 68900000	12
chr8	 69950000	 69150000	16
chr8	 71000000	 69550000	29
chr8	 71450000	 71850000	8
chr8	 72700000	 73150000	9
chr8	 73950000	 72050000	38
chr8	 74000000	 71900000	42
chr8	 74150000	 71950000	44
chr8	 77700000	 78400000	14
chr8	 77900000	 78450000	11
chr8	 82000000	 83550000	31
chr8	 83450000	 81750000	34
chr8	 84950000	 85750000	16
chr8	 85900000	 85600000	6
chr8	 87500000	 86550000	19
chr8	 89450000	 88750000	14
chr8	 90600000	 88500000	42
chr8	 95300000	 95700000	8
chr8	 97400000	 97750000	7
chr8	 97800000	100000000	44
chr8	 99650000	100650000	20
chr8	101150000	 99500000	33
chr8	101500000	102500000	20
chr8	102550000	100150000	48
chr8	103300000	101850000	29
chr8	103400000	102800000	12
chr8	104200000	103100000	22
chr8	105150000	103900000	25
chr8	108450000	111250000	56
chr8	113950000	115050000	22
chr8	115550000	115350000	4
chr8	118500000	117950000	11
chr8	122250000	123550000	26
chr8	122500000	121750000	15
chr8	126450000	126700000	5
chr8	126950000	125600000	27
chr9	  4250000	  6750000	50
chr9	  4550000	  5950000	28
chr9	  5050000	  4550000	10
chr9	  5250000	  7300000	41
chr9	  5600000	  4750000	17
chr9	  6250000	  5750000	10
chr9	  6750000	  3450000	66
chr9	  7250000	  6000000	25
chr9	  9200000	 11550000	47
chr9	 11050000	  9800000	25
chr9	 11450000	 12300000	17
chr9	 11950000	 14300000	47
chr9	 12400000	 11500000	18
chr9	 14500000	 19100000	92
chr9	 18000000	 19500000	30
chr9	 19750000	 18950000	16
chr9	 20500000	 18900000	32
chr9	 21200000	 21950000	15
chr9	 21900000	 22900000	20
chr9	 25400000	 26550000	23
chr9	 27100000	 27700000	12
chr9	 28800000	 30300000	30
chr9	 34800000	 36200000	28
chr9	 34850000	 35300000	9
chr9	 36250000	 38300000	41
chr9	 36450000	 35450000	20
chr9	 36950000	 36100000	17
chr9	 37200000	 38200000	20
chr9	 37750000	 35300000	49
chr9	 41300000	 41650000	7
chr9	 42700000	 42050000	13
chr9	 44300000	 44000000	6
chr9	 46950000	 48150000	24
chr9	 47950000	 46700000	25
chr9	 48000000	 46400000	32
chr9	 48400000	 47200000	24
chr9	 50400000	 52100000	34
chr9	 51400000	 50050000	27
chr9	 52100000	 51700000	8
chr9	 55800000	 54700000	22
chr9	 56250000	 55750000	10
chr9	 60350000	 61800000	29
chr9	 60400000	 61000000	12
chr9	 62900000	 61350000	31
chr9	 64300000	 65200000	18
chr9	 65050000	 64300000	15
chr9	 65850000	 66450000	12
chr9	 65950000	 61400000	91
chr9	 66300000	 68700000	48
chr9	 66550000	 66800000	5
chr9	 66900000	 66050000	17
chr9	 69200000	 69500000	6
chr9	 69300000	 68600000	14
chr9	 69400000	 68500000	18
chr9	 69700000	 70050000	7
chr9	 73100000	 71900000	24
chr9	 74500000	 73400000	22
chr9	 75200000	 73800000	28
chr9	 77050000	 77450000	8
chr9	 78000000	 78600000	12
chr9	 78650000	 80100000	29
chr9	 79950000	 79300000	13
chr9	 80250000	 79150000	22
chr9	 80950000	 82350000	28
chr9	 82900000	 83450000	11
chr9	 84200000	 86650000	49
chr9	 84550000	 83600000	19
chr9	 85600000	 84750000	17
chr9	 85700000	 87400000	34
chr9	 87800000	 87050000	15
chr9	 91150000	 90150000	20
chr9	 92550000	 93650000	22
chr9	 93250000	 94150000	18
chr9	 93750000	 94600000	17
chr9	 93800000	 92800000	20
chr9	 94250000	 95700000	29
chr9	 95950000	 97050000	22
chr9	 96600000	 95600000	20
chr9	 97200000	 95350000	37
chr9	 98200000	 98850000	13
chr9	101250000	102000000	15
chr9	102250000	104050000	36
chr9	104000000	103250000	15
chr9	104800000	105750000	19
chr9	107050000	103350000	74
chr9	108800000	110650000	37
chr9	110300000	111600000	26
chr9	111550000	112200000	13
chr9	111800000	112700000	18
chr9	112100000	109650000	49
chr9	112200000	111650000	11
chr9	113100000	112200000	18
chr9	113700000	114700000	20
chr9	115950000	116650000	14
chr9	116100000	116300000	4
chr9	117600000	118200000	12
chr9	118650000	118550000	2
chr9	120400000	119150000	25
chr9	120700000	121650000	19
chr9	121500000	122600000	22
chr9	121600000	119950000	33
chr9	123050000	124400000	27
chrX	   600000	  1100000	10
chrX	  2950000	  3900000	19
chrX	  4500000	  5700000	24
chrX	  5100000	  6700000	32
chrX	  9200000	  7150000	41
chrX	 10050000	 10600000	11
chrX	 12400000	 14000000	32
chrX	 14200000	 15050000	17
chrX	 14450000	 16100000	33
chrX	 14600000	 15250000	13
chrX	 15450000	 14200000	25
chrX	 15800000	 13150000	53
chrX	 16250000	 17550000	26
chrX	 19600000	 18050000	31
chrX	 21700000	 22100000	8
chrX	 22500000	 22200000	6
chrX	 22750000	 24400000	33
chrX	 22900000	 23850000	19
chrX	 27650000	 28150000	10
chrX	 27650000	 28750000	22
chrX	 27950000	 27200000	15
chrX	 32200000	 30200000	40
chrX	 33100000	 34800000	34
chrX	 33150000	 31750000	28
chrX	 34500000	 33600000	18
chrX	 35000000	 34200000	16
chrX	 35100000	 34450000	13
chrX	 36250000	 36450000	4
chrX	 42400000	 43000000	12
chrX	 45200000	 43800000	28
chrX	 47750000	 49450000	34
chrX	 48000000	 50100000	42
chrX	 50050000	 49200000	17
chrX	 52850000	 54150000	26
chrX	 59650000	 62050000	48
chrX	 59750000	 58850000	18
chrX	 60300000	 59750000	11
chrX	 61850000	 62900000	21
chrX	 62550000	 64000000	29
chrX	 63550000	 62450000	22
chrX	 63950000	 64450000	10
chrX	 64550000	 61950000	52
chrX	 67450000	 68750000	26
chrX	 69100000	 68100000	20
chrX	 70350000	 72000000	33
chrX	 73150000	 72450000	14
chrX	 73750000	 71750000	40
chrX	 73750000	 73200000	11
chrX	 74950000	 77650000	54
chrX	 79750000	 77450000	46
chrX	 81800000	 82650000	17
chrX	 82000000	 82450000	9
chrX	 82150000	 83900000	35
chrX	 82600000	 80700000	38
chrX	 84200000	 82100000	42
chrX	 85600000	 86450000	17
chrX	 86150000	 87750000	32
chrX	 86450000	 88300000	37
chrX	 87600000	 88800000	24
chrX	 90300000	 91200000	18
chrX	 92450000	 93900000	29
chrX	 93600000	 94900000	26
chrX	 93650000	 95150000	30
chrX	 93900000	 95100000	24
chrX	 96450000	 98000000	31
chrX	 96550000	 97950000	28
chrX	 98600000	 99600000	20
chrX	 99550000	100850000	26
chrX	100500000	102350000	37
chrX	101250000	100700000	11
chrX	101350000	102250000	18
chrX	101550000	101050000	10
chrX	102150000	103850000	34
chrX	103250000	102100000	23
chrX	103850000	103500000	7
chrX	105800000	104900000	18
chrX	106600000	105550000	21
chrX	108950000	108200000	15
chrX	111300000	109800000	30
chrX	113200000	112950000	5
chrX	113700000	114800000	22
chrX	117800000	116350000	29
chrX	118850000	117400000	29
chrX	118950000	117000000	39
chrX	120400000	119350000	21
chrX	122750000	123700000	19
chrX	124800000	125400000	12
chrX	126200000	125400000	16
chrX	126350000	125450000	18
chrX	127000000	128350000	27
chrX	128700000	127500000	24
chrX	129300000	131600000	46
chrX	129400000	130750000	27
chrX	130200000	129400000	16
chrX	132600000	131750000	17
chrX	132700000	133500000	16
chrX	133000000	134200000	24
chrX	133100000	132300000	16
chrX	135550000	136200000	13
chrX	136400000	135450000	19
chrX	137450000	138250000	16
chrX	138700000	139050000	7
chrX	139200000	139700000	10
chrX	139250000	141300000	41
chrX	140900000	141700000	16
chrX	143750000	142900000	17
chrX	144400000	145200000	16
chrX	144850000	143800000	21
chrX	145100000	145600000	10
chrX	146000000	146500000	10
chrX	146300000	145000000	26
chrX	148150000	148800000	13
chrX	148850000	148550000	6
chrX	150800000	152700000	38
chrX	151000000	151950000	19
chrX	154050000	154650000	12
chrX	154750000	156000000	25
chrX	156200000	158200000	40
chrX	156950000	159300000	47
chrX	157200000	156650000	11
chrX	157200000	159750000	51
chrX	157650000	158000000	7
chrX	158200000	158900000	14
chrX	158500000	157100000	28
chrX	160150000	159650000	10
chrX	160400000	158650000	35
chrX	161550000	160600000	19
chrX	161700000	162100000	8
chrX	163800000	162400000	28
chrX	164950000	165550000	12
chrX	165200000	165950000	15
chrX	165200000	166200000	20
chrX	166050000	168350000	46
chrX	167050000	165800000	25
chrX	167800000	166650000	23
chrY	  2300000	   700000	32
chrY	  2450000	  1200000	25
chrY	  2650000	  4100000	29
chrY	  3350000	  4900000	31
chrY	  3950000	  3000000	19
chrY	  5150000	  6350000	24
chrY	  5900000	  3400000	50
chrY	  7400000	  5600000	36
chrY	  7700000	  9350000	33
chrY	  8900000	 10650000	35
chrY	 10000000	  8150000	37
chrY	 10300000	 10900000	12
chrY	 11250000	 12050000	16
chrY	 11900000	 10900000	20
chrY	 14700000	 16700000	40
chrY	 17300000	 16200000	22
chrY	 19150000	 20900000	35
chrY	 19400000	 20750000	27
chrY	 19800000	 17900000	38
chrY	 22500000	 23200000	14
chrY	 25100000	 24200000	18
chrY	 26000000	 25800000	4
chrY	 27700000	 27150000	11
chrY	 28050000	 29750000	34
chrY	 31250000	 31950000	14
chrY	 34750000	 33150000	32
chrY	 36550000	 37400000	17
chrY	 37550000	 40050000	50
chrY	 39750000	 41800000	41
chrY	 44350000	 44750000	8
chrY	 44850000	 46650000	36
chrY	 48250000	 47750000	10
chrY	 48950000	 48450000	10
chrY	 49450000	 50500000	21
chrY	 50000000	 52250000	45
chrY	 51350000	 50500000	17
chrY	 52350000	 51750000	12
chrY	 53250000	 52750000	10
chrY	 53700000	 53150000	11
chrY	 55400000	 56000000	12
chrY	 57150000	 57700000	11
chrY	 58050000	 56100000	39
chrY	 59100000	 59350000	5
chrY	 59900000	 60900000	20
chrY	 60150000	 59850000	6
chrY	 60350000	 62250000	38
chrY	 61200000	 60100000	22
chrY	 62550000	 60700000	37
chrY	 62850000	 61950000	18
chrY	 62950000	 60450000	50
chrY	 65350000	 64650000	14
chrY	 67000000	 64950000	41
chrY	 67100000	 66200000	18
chrY	 68100000	 67250000	17
chrY	 69000000	 68150000	17
chrY	 69450000	 70250000	16
chrY	 70150000	 68750000	28
chrY	 70750000	 69600000	23
chrY	 72150000	 69550000	52
chrY	 72850000	 73700000	17
chrY	 73700000	 73900000	4
chrY	 73750000	 71800000	39
chrY	 74450000	 75300000	17
chrY	 76300000	 77450000	23
chrY	 78300000	 76850000	29
chrY	 78950000	 81550000	52
chrY	 79550000	 78550000	20
chrY	 84000000	 87400000	68
chrY	 85350000	 86100000	15
chrY	 91450000	 90700000	15
