chr1	  2650000	  1700000	19
chr1	  3150000	  3700000	11
chr1	  4150000	  3450000	14
chr1	  4800000	  5950000	23
chr1	  5500000	  6450000	19
chr1	  5600000	  4650000	19
chr1	  6500000	  5850000	13
chr1	 10100000	  9350000	15
chr1	 12200000	 13500000	26
chr1	 13850000	 12900000	19
chr1	 14550000	 15200000	13
chr1	 14600000	 13750000	17
chr1	 15650000	 16850000	24
chr1	 17750000	 18200000	9
chr1	 20150000	 18500000	33
chr1	 20700000	 22450000	35
chr1	 20900000	 21950000	21
chr1	 21500000	 20300000	24
chr1	 22000000	 20850000	23
chr1	 22150000	 22550000	8
chr1	 25150000	 24400000	15
chr1	 26300000	 26950000	13
chr1	 31200000	 30250000	19
chr1	 33200000	 32750000	9
chr1	 33750000	 34800000	21
chr1	 35700000	 37250000	31
chr1	 36000000	 34850000	23
chr1	 36550000	 35400000	23
chr1	 37950000	 37250000	14
chr1	 38250000	 40200000	39
chr1	 40350000	 42000000	33
chr1	 40400000	 42500000	42
chr1	 42250000	 41350000	18
chr1	 43400000	 42650000	15
chr1	 43600000	 42600000	20
chr1	 44850000	 45800000	19
chr1	 45550000	 47000000	29
chr1	 46650000	 46250000	8
chr1	 46800000	 45300000	30
chr1	 46900000	 43900000	60
chr1	 48300000	 49650000	27
chr1	 48850000	 48050000	16
chr1	 49800000	 50650000	17
chr1	 50850000	 51800000	19
chr1	 50900000	 51800000	18
chr1	 53200000	 53900000	14
chr1	 53400000	 54950000	31
chr1	 53500000	 54900000	28
chr1	 53650000	 56150000	50
chr1	 56100000	 54950000	23
chr1	 57250000	 56750000	10
chr1	 57750000	 56650000	22
chr1	 58400000	 56750000	33
chr1	 59200000	 59750000	11
chr1	 59700000	 61500000	36
chr1	 61550000	 62250000	14
chr1	 62350000	 63350000	20
chr1	 63050000	 61000000	41
chr1	 64300000	 63550000	15
chr1	 67750000	 68300000	11
chr1	 69550000	 70750000	24
chr1	 70150000	 72250000	42
chr1	 72450000	 70800000	33
chr1	 73800000	 74050000	5
chr1	 74350000	 72350000	40
chr1	 75400000	 73450000	39
chr1	 79900000	 77850000	41
chr1	 80850000	 82150000	26
chr1	 81400000	 80400000	20
chr1	 81550000	 80700000	17
chr1	 86050000	 85000000	21
chr1	 87200000	 84550000	53
chr1	 87950000	 88800000	17
chr1	 88150000	 86350000	36
chr1	 89650000	 90950000	26
chr1	 91350000	 93000000	33
chr1	 92300000	 92950000	13
chr1	 92450000	 93150000	14
chr1	 92850000	 94400000	31
chr1	 92950000	 94000000	21
chr1	 93250000	 92700000	11
chr1	 95650000	 97800000	43
chr1	 97950000	 95850000	42
chr1	 98650000	 96550000	42
chr1	103000000	103650000	13
chr1	106000000	108100000	42
chr1	106350000	107350000	20
chr1	106500000	107250000	15
chr1	106900000	108900000	40
chr1	110600000	111900000	26
chr1	111750000	111000000	15
chr1	115000000	116900000	38
chr1	116100000	115450000	13
chr1	118200000	117900000	6
chr1	121200000	120250000	19
chr1	124100000	122400000	34
chr1	126150000	128250000	42
chr1	126850000	125700000	23
chr1	128200000	127250000	19
chr1	128400000	127500000	18
chr1	129000000	129950000	19
chr1	129200000	130600000	28
chr1	129400000	132300000	58
chr1	131150000	131750000	12
chr1	132400000	130150000	45
chr1	133100000	134550000	29
chr1	133150000	134600000	29
chr1	133300000	131800000	30
chr1	134500000	132250000	45
chr1	134550000	134050000	10
chr1	135200000	132250000	59
chr1	135900000	136650000	15
chr1	136300000	134800000	30
chr1	137450000	136050000	28
chr1	139600000	140800000	24
chr1	139650000	139050000	12
chr1	141750000	140900000	17
chr1	142550000	141200000	27
chr1	142600000	141550000	21
chr1	142800000	141750000	21
chr1	143600000	142000000	32
chr1	143600000	144900000	26
chr1	144350000	145750000	28
chr1	146800000	147750000	19
chr1	147250000	147550000	6
chr1	147650000	146800000	17
chr1	148800000	148050000	15
chr1	148800000	148350000	9
chr1	148850000	149750000	18
chr1	151900000	153000000	22
chr1	153250000	152650000	12
chr1	155350000	153350000	40
chr1	156150000	153200000	59
chr1	157950000	157100000	17
chr1	158150000	157850000	6
chr1	164850000	163800000	21
chr1	167500000	164850000	53
chr1	168950000	170200000	25
chr1	170150000	169300000	17
chr1	170550000	171350000	16
chr1	173600000	174450000	17
chr1	173850000	173100000	15
chr1	175550000	176250000	14
chr1	176350000	179900000	71
chr1	177050000	178600000	31
chr1	178650000	177600000	21
chr1	180000000	180600000	12
chr1	182100000	179000000	62
chr1	183800000	185150000	27
chr1	185850000	184800000	21
chr1	186450000	186750000	6
chr1	186900000	188300000	28
chr1	187550000	186850000	14
chr1	187900000	190400000	50
chr1	190500000	188300000	44
chr1	191450000	190750000	14
chr1	194300000	195100000	16
chr1	194800000	195400000	12
chr10	   750000	  2100000	27
chr10	  1000000	  2000000	20
chr10	  4750000	  3250000	30
chr10	  5200000	  5000000	4
chr10	  6450000	  6950000	10
chr10	  6550000	  6900000	7
chr10	  7700000	  8950000	25
chr10	  8650000	  8050000	12
chr10	  8800000	  7700000	22
chr10	 10650000	 10450000	4
chr10	 12700000	 11650000	21
chr10	 16450000	 15400000	21
chr10	 20000000	 20800000	16
chr10	 20150000	 19950000	4
chr10	 20950000	 20050000	18
chr10	 22400000	 23200000	16
chr10	 22550000	 21150000	28
chr10	 22650000	 23250000	12
chr10	 23500000	 22000000	30
chr10	 23800000	 22950000	17
chr10	 24650000	 23550000	22
chr10	 26150000	 24750000	28
chr10	 26350000	 26000000	7
chr10	 27750000	 25350000	48
chr10	 29950000	 30500000	11
chr10	 30150000	 28750000	28
chr10	 32850000	 33300000	9
chr10	 34800000	 33650000	23
chr10	 34850000	 36750000	38
chr10	 36650000	 36250000	8
chr10	 37300000	 38150000	17
chr10	 38250000	 39100000	17
chr10	 38250000	 39400000	23
chr10	 40950000	 40450000	10
chr10	 43950000	 44950000	20
chr10	 44800000	 42250000	51
chr10	 46900000	 44300000	52
chr10	 48550000	 47750000	16
chr10	 48650000	 46500000	43
chr10	 49500000	 48300000	24
chr10	 50550000	 51150000	12
chr10	 51150000	 50400000	15
chr10	 51350000	 52150000	16
chr10	 51650000	 53200000	31
chr10	 51650000	 53400000	35
chr10	 52050000	 51350000	14
chr10	 57600000	 58850000	25
chr10	 59350000	 58750000	12
chr10	 62050000	 61100000	19
chr10	 66950000	 67750000	16
chr10	 69000000	 67850000	23
chr10	 69400000	 68950000	9
chr10	 69900000	 69000000	18
chr10	 70200000	 68800000	28
chr10	 70250000	 71750000	30
chr10	 70450000	 68700000	35
chr10	 70750000	 71250000	10
chr10	 71500000	 71200000	6
chr10	 72600000	 69800000	56
chr10	 74900000	 75700000	16
chr10	 75000000	 74000000	20
chr10	 75000000	 78400000	68
chr10	 75100000	 72250000	57
chr10	 76050000	 76350000	6
chr10	 78450000	 79550000	22
chr10	 83750000	 82500000	25
chr10	 85100000	 86550000	29
chr10	 87000000	 88000000	20
chr10	 88100000	 86650000	29
chr10	 88250000	 88050000	4
chr10	 89300000	 90600000	26
chr10	 89750000	 90700000	19
chr10	 92050000	 90750000	26
chr10	 95500000	 94350000	23
chr10	 98950000	 98300000	13
chr10	100200000	 99900000	6
chr10	102150000	101450000	14
chr10	103050000	104150000	22
chr10	103150000	101800000	27
chr10	105550000	105050000	10
chr10	107700000	108500000	16
chr10	108900000	108450000	9
chr10	109500000	109050000	9
chr10	111550000	110350000	24
chr10	111950000	110100000	37
chr10	112350000	111150000	24
chr10	114000000	115750000	35
chr10	114750000	113800000	19
chr10	114800000	115350000	11
chr10	115800000	114500000	26
chr10	116300000	117500000	24
chr10	117350000	118200000	17
chr10	118350000	119100000	15
chr10	119650000	119250000	8
chr10	121450000	121950000	10
chr10	122900000	123500000	12
chr10	122950000	122050000	18
chr10	124600000	125050000	9
chr10	125500000	127450000	39
chr10	126850000	127350000	10
chr10	126950000	128050000	22
chr11	  1950000	  2200000	5
chr11	  4500000	  4700000	4
chr11	  5900000	  7750000	37
chr11	  6700000	  5600000	22
chr11	  8450000	  9100000	13
chr11	 12150000	 12950000	16
chr11	 14600000	 13450000	23
chr11	 15450000	 15200000	5
chr11	 16100000	 12400000	74
chr11	 17250000	 17950000	14
chr11	 18250000	 19250000	20
chr11	 24150000	 22800000	27
chr11	 25350000	 25950000	12
chr11	 25850000	 26600000	15
chr11	 26200000	 26600000	8
chr11	 28500000	 27450000	21
chr11	 31250000	 29500000	35
chr11	 31700000	 31100000	12
chr11	 31850000	 33600000	35
chr11	 33100000	 34750000	33
chr11	 33150000	 32600000	11
chr11	 33200000	 34600000	28
chr11	 33900000	 33150000	15
chr11	 33950000	 35900000	39
chr11	 34400000	 33400000	20
chr11	 35050000	 34550000	10
chr11	 38600000	 40350000	35
chr11	 39950000	 41700000	35
chr11	 40850000	 40200000	13
chr11	 43300000	 43100000	4
chr11	 44700000	 42150000	51
chr11	 45400000	 45750000	7
chr11	 47100000	 44700000	48
chr11	 47650000	 48400000	15
chr11	 48350000	 47450000	18
chr11	 53850000	 55000000	23
chr11	 54600000	 54000000	12
chr11	 55050000	 54050000	20
chr11	 55100000	 55700000	12
chr11	 57450000	 56650000	16
chr11	 58150000	 57750000	8
chr11	 58300000	 59850000	31
chr11	 58550000	 59900000	27
chr11	 60000000	 60650000	13
chr11	 60450000	 57750000	54
chr11	 60450000	 59050000	28
chr11	 60700000	 61400000	14
chr11	 65000000	 65550000	11
chr11	 65750000	 66800000	21
chr11	 66000000	 65700000	6
chr11	 66800000	 65050000	35
chr11	 67300000	 69700000	48
chr11	 67950000	 66100000	37
chr11	 68350000	 67600000	15
chr11	 68400000	 67150000	25
chr11	 71550000	 70850000	14
chr11	 72300000	 73150000	17
chr11	 72350000	 73800000	29
chr11	 74450000	 74950000	10
chr11	 75500000	 73700000	36
chr11	 76150000	 74800000	27
chr11	 77850000	 77450000	8
chr11	 78200000	 76950000	25
chr11	 78600000	 76950000	33
chr11	 81750000	 84600000	57
chr11	 82900000	 83650000	15
chr11	 83250000	 84650000	28
chr11	 83750000	 85150000	28
chr11	 85750000	 83600000	43
chr11	 85950000	 87150000	24
chr11	 88950000	 87550000	28
chr11	 92950000	 91750000	24
chr11	 93300000	 94750000	29
chr11	 93650000	 94300000	13
chr11	 94750000	 94150000	12
chr11	 96300000	 97300000	20
chr11	 96350000	 98700000	47
chr11	 97650000	 97100000	11
chr11	 99100000	 98550000	11
chr11	 99450000	101750000	46
chr11	 99600000	101500000	38
chr11	101300000	102200000	18
chr11	102550000	101200000	27
chr11	103400000	102900000	10
chr11	103700000	105000000	26
chr11	105100000	104200000	18
chr11	107850000	108450000	12
chr11	109100000	111400000	46
chr11	109650000	110750000	22
chr11	111600000	112150000	11
chr11	111800000	112550000	15
chr11	114000000	113250000	15
chr11	114050000	114950000	18
chr11	114150000	112800000	27
chr11	114800000	114250000	11
chr11	114950000	114300000	13
chr11	115050000	116550000	30
chr11	116100000	115600000	10
chr11	117350000	116550000	16
chr11	118050000	118800000	15
chr11	120100000	121550000	29
chr12	  2200000	   500000	34
chr12	  3200000	  3950000	15
chr12	  7050000	  8000000	19
chr12	  7750000	  8250000	10
chr12	  8150000	 11500000	67
chr12	  9900000	  9250000	13
chr12	 11200000	  9550000	33
chr12	 12350000	 11100000	25
chr12	 13400000	 14250000	17
chr12	 13900000	 14900000	20
chr12	 14250000	 13100000	23
chr12	 14700000	 13650000	21
chr12	 17000000	 18700000	34
chr12	 17150000	 15450000	34
chr12	 17700000	 18200000	10
chr12	 18100000	 19350000	25
chr12	 18350000	 17250000	22
chr12	 19050000	 17550000	30
chr12	 22750000	 21800000	19
chr12	 22800000	 24950000	43
chr12	 23000000	 23950000	19
chr12	 25050000	 24400000	13
chr12	 26500000	 25850000	13
chr12	 27250000	 28500000	25
chr12	 27750000	 26700000	21
chr12	 32600000	 31050000	31
chr12	 34900000	 36100000	24
chr12	 35400000	 36200000	16
chr12	 35700000	 35350000	7
chr12	 36950000	 35300000	33
chr12	 36950000	 38350000	28
chr12	 38400000	 37750000	13
chr12	 38800000	 40600000	36
chr12	 42050000	 45300000	65
chr12	 43150000	 42400000	15
chr12	 43800000	 44250000	9
chr12	 45050000	 45600000	11
chr12	 50300000	 49100000	24
chr12	 52200000	 50950000	25
chr12	 52800000	 53850000	21
chr12	 55100000	 56200000	22
chr12	 56450000	 57450000	20
chr12	 56700000	 57350000	13
chr12	 57250000	 57650000	8
chr12	 57450000	 59150000	34
chr12	 58500000	 59700000	24
chr12	 59150000	 59800000	13
chr12	 59950000	 60350000	8
chr12	 67400000	 67900000	10
chr12	 67900000	 67250000	13
chr12	 68500000	 67100000	28
chr12	 71150000	 69800000	27
chr12	 71400000	 71900000	10
chr12	 71700000	 72300000	12
chr12	 73450000	 74550000	22
chr12	 75000000	 76400000	28
chr12	 76900000	 77750000	17
chr12	 77350000	 78050000	14
chr12	 77450000	 76750000	14
chr12	 77450000	 78900000	29
chr12	 78400000	 78050000	7
chr12	 79100000	 79900000	16
chr12	 80750000	 79850000	18
chr12	 82350000	 84300000	39
chr12	 83600000	 82950000	13
chr12	 88750000	 90750000	40
chr12	 89400000	 87300000	42
chr12	 90100000	 91000000	18
chr12	 92100000	 91400000	14
chr12	 92200000	 90500000	34
chr12	 95100000	 96800000	34
chr12	 95850000	 97100000	25
chr12	 96800000	 95500000	26
chr12	 97000000	 95850000	23
chr12	 98150000	 99200000	21
chr12	100900000	 99950000	19
chr12	101950000	101550000	8
chr12	102850000	103200000	7
chr12	103550000	103000000	11
chr12	105550000	107050000	30
chr12	109550000	108900000	13
chr12	111350000	111350000	0
chr12	111600000	112300000	14
chr12	112650000	113700000	21
chr12	115500000	116000000	10
chr12	115950000	114250000	34
chr12	119800000	118400000	28
chr13	  1100000	  1350000	5
chr13	  1200000	  2450000	25
chr13	  1600000	  3350000	35
chr13	  2450000	  4700000	45
chr13	  5300000	  3950000	27
chr13	  5700000	  6850000	23
chr13	  7650000	  6800000	17
chr13	  8250000	  9300000	21
chr13	  8350000	  9000000	13
chr13	 10550000	  9050000	30
chr13	 13050000	 14100000	21
chr13	 14200000	 14850000	13
chr13	 14200000	 16050000	37
chr13	 14650000	 13350000	26
chr13	 15550000	 15050000	10
chr13	 16750000	 18050000	26
chr13	 18900000	 21750000	57
chr13	 19550000	 20500000	19
chr13	 21300000	 21650000	7
chr13	 23500000	 21700000	36
chr13	 23800000	 25300000	30
chr13	 24800000	 25950000	23
chr13	 27250000	 28750000	30
chr13	 30100000	 28450000	33
chr13	 30700000	 31500000	16
chr13	 32450000	 31600000	17
chr13	 33200000	 33700000	10
chr13	 38050000	 38350000	6
chr13	 40300000	 41000000	14
chr13	 40450000	 42750000	46
chr13	 43800000	 44100000	6
chr13	 45150000	 46100000	19
chr13	 45800000	 48200000	48
chr13	 47800000	 49850000	41
chr13	 47850000	 48950000	22
chr13	 48400000	 47750000	13
chr13	 54600000	 56650000	41
chr13	 56550000	 57600000	21
chr13	 59600000	 58450000	23
chr13	 60750000	 63250000	50
chr13	 62550000	 64950000	48
chr13	 66400000	 67800000	28
chr13	 66500000	 67500000	20
chr13	 67050000	 65950000	22
chr13	 67350000	 70100000	55
chr13	 67950000	 66100000	37
chr13	 70100000	 71000000	18
chr13	 70500000	 71600000	22
chr13	 74150000	 74900000	15
chr13	 75200000	 75400000	4
chr13	 75450000	 75800000	7
chr13	 77200000	 76450000	15
chr13	 77350000	 76650000	14
chr13	 78850000	 77400000	29
chr13	 80050000	 80750000	14
chr13	 90150000	 90950000	16
chr13	 90650000	 92000000	27
chr13	 91500000	 90700000	16
chr13	 93700000	 94800000	22
chr13	 94150000	 94950000	16
chr13	 94650000	 95950000	26
chr13	 97750000	 99300000	31
chr13	 98450000	 97350000	22
chr13	104650000	103550000	22
chr13	106850000	107550000	14
chr13	109900000	110550000	13
chr13	111250000	110550000	14
chr13	111350000	112050000	14
chr13	112400000	113000000	12
chr13	115650000	116150000	10
chr13	118850000	120100000	25
chr13	119050000	119600000	11
chr13	119850000	119050000	16
chr14	  1300000	   950000	7
chr14	  2300000	  2550000	5
chr14	  5700000	  7350000	33
chr14	  6200000	  5000000	24
chr14	  6200000	  7600000	28
chr14	  9450000	  8400000	21
chr14	 23250000	 24650000	28
chr14	 25750000	 24050000	34
chr14	 29350000	 28350000	20
chr14	 30750000	 31650000	18
chr14	 32450000	 31200000	25
chr14	 33200000	 33500000	6
chr14	 33250000	 33750000	10
chr14	 38100000	 40850000	55
chr14	 38600000	 39600000	20
chr14	 39000000	 41900000	58
chr14	 42050000	 43100000	21
chr14	 42050000	 46650000	92
chr14	 44550000	 42900000	33
chr14	 46100000	 47000000	18
chr14	 46900000	 45850000	21
chr14	 47500000	 47900000	8
chr14	 47700000	 48450000	15
chr14	 48600000	 45150000	69
chr14	 48900000	 49950000	21
chr14	 49700000	 49200000	10
chr14	 50050000	 49500000	11
chr14	 50500000	 51100000	12
chr14	 52300000	 53550000	25
chr14	 52900000	 53700000	16
chr14	 54300000	 55350000	21
chr14	 54950000	 54400000	11
chr14	 55050000	 55900000	17
chr14	 55900000	 53800000	42
chr14	 55900000	 56800000	18
chr14	 57700000	 59200000	30
chr14	 60850000	 60500000	7
chr14	 63650000	 62350000	26
chr14	 64150000	 64950000	16
chr14	 65750000	 67500000	35
chr14	 67250000	 66250000	20
chr14	 69450000	 68400000	21
chr14	 70200000	 69250000	19
chr14	 70500000	 71600000	22
chr14	 70700000	 69750000	19
chr14	 71500000	 70400000	22
chr14	 72600000	 71600000	20
chr14	 72900000	 72550000	7
chr14	 73100000	 77600000	90
chr14	 77350000	 76750000	12
chr14	 77600000	 78800000	24
chr14	 77650000	 78200000	11
chr14	 79450000	 77400000	41
chr14	 79900000	 78400000	30
chr14	 79900000	 79450000	9
chr14	 80350000	 79050000	26
chr14	 81900000	 82800000	18
chr14	 84700000	 85200000	10
chr14	 85850000	 84400000	29
chr14	 87300000	 86550000	15
chr14	 87900000	 86400000	30
chr14	 89650000	 88900000	15
chr14	 90450000	 89200000	25
chr14	 90700000	 90950000	5
chr14	 91050000	 91700000	13
chr14	 92850000	 91750000	22
chr14	 96100000	 93550000	51
chr14	 96350000	 96050000	6
chr14	 97300000	 96000000	26
chr14	 98000000	 99700000	34
chr14	 99350000	100400000	21
chr14	 99950000	 99400000	11
chr14	101350000	 99250000	42
chr14	105000000	105500000	10
chr14	105300000	106300000	20
chr14	105900000	106850000	19
chr14	106100000	107800000	34
chr14	110000000	110800000	16
chr14	110050000	111750000	34
chr14	111000000	110000000	20
chr14	113450000	114150000	14
chr14	113650000	112600000	21
chr14	115500000	114900000	12
chr14	116700000	117500000	16
chr14	118550000	116550000	40
chr14	118650000	118100000	11
chr14	118850000	118850000	0
chr14	121950000	122900000	19
chr14	124000000	122800000	24
chr15	   500000	  1400000	18
chr15	   950000	   100000	17
chr15	  1900000	  1400000	10
chr15	  3850000	  4700000	17
chr15	  4950000	  4150000	16
chr15	  5050000	  5400000	7
chr15	  6000000	  5300000	14
chr15	  6200000	  6500000	6
chr15	  7300000	  8100000	16
chr15	  7900000	  8300000	8
chr15	  9000000	  8100000	18
chr15	 10000000	  9750000	5
chr15	 11700000	 10700000	20
chr15	 13450000	 12900000	11
chr15	 15600000	 15200000	8
chr15	 17500000	 16600000	18
chr15	 19050000	 17000000	41
chr15	 21300000	 22550000	25
chr15	 21800000	 20650000	23
chr15	 26150000	 25100000	21
chr15	 26250000	 26250000	0
chr15	 26450000	 27250000	16
chr15	 27050000	 25150000	38
chr15	 28650000	 27400000	25
chr15	 29050000	 30050000	20
chr15	 29700000	 28700000	20
chr15	 30850000	 29950000	18
chr15	 31100000	 28850000	45
chr15	 32150000	 33050000	18
chr15	 33250000	 34000000	15
chr15	 35450000	 36850000	28
chr15	 36450000	 39800000	67
chr15	 37100000	 37550000	9
chr15	 37300000	 37750000	9
chr15	 38000000	 38450000	9
chr15	 38800000	 37600000	24
chr15	 39500000	 38750000	15
chr15	 40100000	 41700000	32
chr15	 41300000	 40300000	20
chr15	 41800000	 44050000	45
chr15	 48100000	 47200000	18
chr15	 50500000	 51400000	18
chr15	 51100000	 52950000	37
chr15	 52350000	 51850000	10
chr15	 53900000	 53150000	15
chr15	 54800000	 53600000	24
chr15	 55700000	 56800000	22
chr15	 57000000	 58200000	24
chr15	 58050000	 56800000	25
chr15	 58700000	 59550000	17
chr15	 61700000	 63000000	26
chr15	 64700000	 66450000	35
chr15	 65250000	 66550000	26
chr15	 66800000	 65150000	33
chr15	 67950000	 68650000	14
chr15	 68300000	 68900000	12
chr15	 71200000	 72300000	22
chr15	 71500000	 72600000	22
chr15	 72750000	 71400000	27
chr15	 74900000	 75450000	11
chr15	 76050000	 75250000	16
chr15	 78650000	 78000000	13
chr15	 80400000	 81600000	24
chr15	 80550000	 80550000	0
chr15	 82300000	 81050000	25
chr15	 84050000	 87650000	72
chr15	 85350000	 86000000	13
chr15	 85700000	 86300000	12
chr15	 85700000	 86950000	25
chr15	 87000000	 85700000	26
chr15	 89200000	 90100000	18
chr15	 92650000	 91850000	16
chr15	 93150000	 92150000	20
chr15	 94550000	 92300000	45
chr15	 95700000	 96900000	24
chr15	 96700000	 97500000	16
chr15	 99500000	 99950000	9
chr15	100550000	 98750000	36
chr16	   650000	  1650000	20
chr16	  4850000	  5650000	16
chr16	  6300000	  4050000	45
chr16	  7200000	  9100000	38
chr16	  7800000	  8700000	18
chr16	  9050000	  8150000	18
chr16	  9800000	  8650000	23
chr16	 10100000	  8450000	33
chr16	 10100000	 10800000	14
chr16	 12800000	 13300000	10
chr16	 14600000	 16300000	34
chr16	 15800000	 16800000	20
chr16	 16450000	 13200000	65
chr16	 17200000	 18250000	21
chr16	 17650000	 17100000	11
chr16	 18250000	 18650000	8
chr16	 19200000	 18150000	21
chr16	 26000000	 26200000	4
chr16	 26150000	 27550000	28
chr16	 27300000	 27800000	10
chr16	 29600000	 30450000	17
chr16	 29950000	 30400000	9
chr16	 31800000	 33500000	34
chr16	 32150000	 30550000	32
chr16	 35200000	 35750000	11
chr16	 35350000	 37000000	33
chr16	 36050000	 34300000	35
chr16	 37500000	 36750000	15
chr16	 39300000	 39950000	13
chr16	 40150000	 39450000	14
chr16	 40900000	 39800000	22
chr16	 41950000	 43300000	27
chr16	 43500000	 44850000	27
chr16	 44550000	 45900000	27
chr16	 47350000	 46450000	18
chr16	 48850000	 49350000	10
chr16	 52350000	 51500000	17
chr16	 54100000	 53600000	10
chr16	 54550000	 53700000	17
chr16	 54800000	 54200000	12
chr16	 55450000	 56400000	19
chr16	 59550000	 60950000	28
chr16	 60550000	 61700000	23
chr16	 61450000	 62800000	27
chr16	 62600000	 62050000	11
chr16	 67150000	 66100000	21
chr16	 67200000	 68100000	18
chr16	 67500000	 68350000	17
chr16	 68150000	 68550000	8
chr16	 69400000	 71000000	32
chr16	 69700000	 68800000	18
chr16	 70750000	 71700000	19
chr16	 72100000	 73750000	33
chr16	 74150000	 75850000	34
chr16	 75000000	 75850000	17
chr16	 76050000	 75250000	16
chr16	 77450000	 76150000	26
chr16	 77500000	 78750000	25
chr16	 80050000	 79150000	18
chr16	 81350000	 80100000	25
chr16	 83300000	 84750000	29
chr16	 84550000	 83800000	15
chr16	 84700000	 85600000	18
chr16	 87350000	 85000000	47
chr16	 89800000	 86700000	62
chr16	 91350000	 90150000	24
chr16	 92350000	 93000000	13
chr16	 93500000	 92150000	27
chr16	 93500000	 92550000	19
chr16	 93850000	 92650000	24
chr16	 94250000	 92950000	26
chr16	 94550000	 92150000	48
chr16	 94700000	 91400000	66
chr16	 95100000	 96700000	32
chr16	 95250000	 94300000	19
chr16	 98050000	 96700000	27
chr17	  2500000	  3350000	17
chr17	  4000000	  3100000	18
chr17	  5250000	  6000000	15
chr17	  8100000	  7050000	21
chr17	  8800000	  7400000	28
chr17	 12400000	 13600000	24
chr17	 12550000	 14150000	32
chr17	 13900000	 16400000	50
chr17	 14950000	 14250000	14
chr17	 16400000	 15650000	15
chr17	 18100000	 18850000	15
chr17	 19200000	 18400000	16
chr17	 24500000	 25450000	19
chr17	 24700000	 25550000	17
chr17	 26150000	 25400000	15
chr17	 26150000	 26600000	9
chr17	 27850000	 27050000	16
chr17	 28050000	 27200000	17
chr17	 30700000	 28150000	51
chr17	 31150000	 29600000	31
chr17	 32000000	 34000000	40
chr17	 34050000	 32750000	26
chr17	 36650000	 37850000	24
chr17	 38400000	 40900000	50
chr17	 39200000	 40450000	25
chr17	 40250000	 39250000	20
chr17	 44700000	 44000000	14
chr17	 46450000	 45500000	19
chr17	 47100000	 46450000	13
chr17	 47350000	 48750000	28
chr17	 49600000	 50850000	25
chr17	 53050000	 50100000	59
chr17	 53900000	 53900000	0
chr17	 54500000	 55900000	28
chr17	 55800000	 57550000	35
chr17	 56850000	 55700000	23
chr17	 59850000	 61300000	29
chr17	 64400000	 64000000	8
chr17	 64600000	 63900000	14
chr17	 66950000	 65900000	21
chr17	 68200000	 67200000	20
chr17	 69150000	 68250000	18
chr17	 69950000	 68600000	27
chr17	 73500000	 74150000	13
chr17	 73600000	 72600000	20
chr17	 74250000	 73450000	16
chr17	 78300000	 79250000	19
chr17	 78300000	 79750000	29
chr17	 79050000	 80550000	30
chr17	 81200000	 79800000	28
chr17	 81200000	 82400000	24
chr17	 81900000	 80650000	25
chr17	 83450000	 84550000	22
chr17	 85650000	 86150000	10
chr17	 87100000	 86100000	20
chr17	 89250000	 89600000	7
chr17	 90300000	 91350000	21
chr17	 90600000	 89500000	22
chr17	 90950000	 92400000	29
chr17	 93850000	 94850000	20
chr18	  1600000	  1200000	8
chr18	  5500000	  5100000	8
chr18	  6550000	  5900000	13
chr18	  8200000	  6500000	34
chr18	  8800000	  6850000	39
chr18	  9100000	  7250000	37
chr18	  9650000	  8750000	18
chr18	 10250000	  9050000	24
chr18	 11200000	  8000000	64
chr18	 11750000	 12450000	14
chr18	 12000000	 12700000	14
chr18	 12250000	 11600000	13
chr18	 13300000	 13850000	11
chr18	 15050000	 15750000	14
chr18	 16150000	 15000000	23
chr18	 18500000	 19650000	23
chr18	 20650000	 20150000	10
chr18	 20700000	 19150000	31
chr18	 22800000	 22100000	14
chr18	 23750000	 24950000	24
chr18	 24000000	 18000000	120
chr18	 26250000	 26050000	4
chr18	 26800000	 25700000	22
chr18	 26850000	 26300000	11
chr18	 27750000	 29400000	33
chr18	 30250000	 31250000	20
chr18	 31250000	 29200000	41
chr18	 33450000	 35650000	44
chr18	 35400000	 34200000	24
chr18	 35450000	 36950000	30
chr18	 37600000	 39500000	38
chr18	 37650000	 39150000	30
chr18	 38700000	 39800000	22
chr18	 39600000	 40150000	11
chr18	 40250000	 40750000	10
chr18	 40400000	 39700000	14
chr18	 43900000	 43000000	18
chr18	 44500000	 45200000	14
chr18	 45350000	 44950000	8
chr18	 47400000	 48700000	26
chr18	 48150000	 48900000	15
chr18	 48750000	 49900000	23
chr18	 49350000	 50550000	24
chr18	 50750000	 51900000	23
chr18	 51400000	 51850000	9
chr18	 51950000	 51450000	10
chr18	 52850000	 55150000	46
chr18	 54750000	 51700000	61
chr18	 55200000	 54100000	22
chr18	 55550000	 56550000	20
chr18	 56150000	 54550000	32
chr18	 58000000	 59650000	33
chr18	 59450000	 60200000	15
chr18	 59800000	 58550000	25
chr18	 61750000	 63600000	37
chr18	 62050000	 60600000	29
chr18	 62800000	 65250000	49
chr18	 63200000	 64000000	16
chr18	 64600000	 62700000	38
chr18	 67000000	 67350000	7
chr18	 67900000	 67050000	17
chr18	 68650000	 70450000	36
chr18	 68700000	 69250000	11
chr18	 69050000	 69350000	6
chr18	 69600000	 68000000	32
chr18	 70750000	 75300000	91
chr18	 71050000	 73500000	49
chr18	 71750000	 72550000	16
chr18	 72650000	 73400000	15
chr18	 73000000	 72300000	14
chr18	 75600000	 76450000	17
chr18	 76200000	 77200000	20
chr18	 78300000	 79650000	27
chr18	 82050000	 80600000	29
chr18	 82450000	 83100000	13
chr18	 83400000	 84400000	20
chr18	 84400000	 85250000	17
chr18	 84700000	 84100000	12
chr18	 87950000	 87000000	19
chr18	 88100000	 88750000	13
chr18	 88100000	 89650000	31
chr19	  4250000	  3250000	20
chr19	  7400000	  7700000	6
chr19	  8650000	  6950000	34
chr19	  8700000	  9850000	23
chr19	 10100000	 11100000	20
chr19	 10750000	 11900000	23
chr19	 11050000	 10300000	15
chr19	 12950000	 13950000	20
chr19	 14400000	 14100000	6
chr19	 15050000	 15700000	13
chr19	 15150000	 15800000	13
chr19	 15300000	 13150000	43
chr19	 16000000	 14850000	23
chr19	 16250000	 15200000	21
chr19	 17950000	 20250000	46
chr19	 18000000	 18950000	19
chr19	 19600000	 18600000	20
chr19	 21350000	 23500000	43
chr19	 21650000	 23700000	41
chr19	 21850000	 20450000	28
chr19	 22900000	 23600000	14
chr19	 26150000	 26900000	15
chr19	 27500000	 26650000	17
chr19	 28400000	 27600000	16
chr19	 29900000	 29550000	7
chr19	 31550000	 32950000	28
chr19	 31650000	 32050000	8
chr19	 37300000	 36250000	21
chr19	 37500000	 38350000	17
chr19	 38850000	 39350000	10
chr19	 39100000	 39650000	11
chr19	 39350000	 39750000	8
chr19	 40000000	 40500000	10
chr19	 41750000	 40650000	22
chr19	 46000000	 45300000	14
chr19	 48900000	 49350000	9
chr19	 49850000	 48950000	18
chr19	 50700000	 48650000	41
chr19	 52400000	 54400000	40
chr19	 52500000	 53950000	29
chr19	 56300000	 55400000	18
chr19	 56400000	 54850000	31
chr19	 60250000	 61350000	22
chr2	  3550000	  4150000	12
chr2	  3600000	  3250000	7
chr2	  5500000	  4200000	26
chr2	  6750000	  5450000	26
chr2	  7300000	  5500000	36
chr2	  8300000	  7900000	8
chr2	  8300000	 10650000	47
chr2	  8950000	 12450000	70
chr2	  9250000	 10050000	16
chr2	  9950000	 11950000	40
chr2	 12200000	 12750000	11
chr2	 13250000	 16250000	60
chr2	 18600000	 20300000	34
chr2	 21600000	 19950000	33
chr2	 24500000	 22450000	41
chr2	 24700000	 25300000	12
chr2	 25650000	 26950000	26
chr2	 25850000	 24300000	31
chr2	 29000000	 27800000	24
chr2	 29250000	 30750000	30
chr2	 30000000	 29700000	6
chr2	 31600000	 30600000	20
chr2	 32000000	 30050000	39
chr2	 33900000	 36100000	44
chr2	 35200000	 33950000	25
chr2	 36550000	 38000000	29
chr2	 36600000	 35100000	30
chr2	 37600000	 38600000	20
chr2	 42200000	 43800000	32
chr2	 43800000	 42500000	26
chr2	 44050000	 44550000	10
chr2	 44450000	 45150000	14
chr2	 46000000	 43450000	51
chr2	 47850000	 46750000	22
chr2	 48150000	 47550000	12
chr2	 49550000	 49150000	8
chr2	 51550000	 49700000	37
chr2	 51550000	 50700000	17
chr2	 51700000	 50800000	18
chr2	 51800000	 52350000	11
chr2	 52300000	 50850000	29
chr2	 52350000	 52000000	7
chr2	 52500000	 51500000	20
chr2	 56700000	 57800000	22
chr2	 61050000	 62500000	29
chr2	 61850000	 61400000	9
chr2	 61950000	 62450000	10
chr2	 64000000	 64550000	11
chr2	 64750000	 66300000	31
chr2	 65300000	 64200000	22
chr2	 65400000	 64600000	16
chr2	 66700000	 68350000	33
chr2	 67400000	 66800000	12
chr2	 68150000	 67500000	13
chr2	 69400000	 69200000	4
chr2	 72350000	 72950000	12
chr2	 72400000	 73350000	19
chr2	 78800000	 74150000	93
chr2	 78800000	 79550000	15
chr2	 79850000	 78450000	28
chr2	 80350000	 79600000	15
chr2	 81500000	 80100000	28
chr2	 81850000	 82800000	19
chr2	 82100000	 82950000	17
chr2	 85350000	 86650000	26
chr2	 87200000	 85850000	27
chr2	 87900000	 87000000	18
chr2	 88650000	 90350000	34
chr2	 88900000	 89700000	16
chr2	 94300000	 95800000	30
chr2	 97300000	 96450000	17
chr2	100700000	101900000	24
chr2	101100000	100050000	21
chr2	107350000	106150000	24
chr2	107550000	107900000	7
chr2	108750000	110200000	29
chr2	110250000	110950000	14
chr2	113400000	114450000	21
chr2	115950000	116600000	13
chr2	117000000	116250000	15
chr2	119200000	119750000	11
chr2	119600000	120500000	18
chr2	120550000	118950000	32
chr2	125600000	126050000	9
chr2	128900000	128000000	18
chr2	129350000	128500000	17
chr2	132150000	129950000	44
chr2	132400000	132950000	11
chr2	132650000	131650000	20
chr2	133650000	131750000	38
chr2	135900000	135300000	12
chr2	137850000	142800000	99
chr2	139600000	140550000	19
chr2	140800000	142150000	27
chr2	141250000	142350000	22
chr2	146550000	144800000	35
chr2	146850000	145550000	26
chr2	147000000	149800000	56
chr2	147950000	147400000	11
chr2	149350000	150650000	26
chr2	149400000	148550000	17
chr2	149950000	151400000	29
chr2	150500000	147900000	52
chr2	150950000	150500000	9
chr2	151300000	150000000	26
chr2	152750000	153100000	7
chr2	154350000	153250000	22
chr2	156150000	156550000	8
chr2	156250000	155650000	12
chr2	157150000	155600000	31
chr2	157200000	156000000	24
chr2	157700000	155750000	39
chr2	160200000	161550000	27
chr2	160750000	159400000	27
chr2	164700000	165450000	15
chr2	164900000	166300000	28
chr2	168950000	171050000	42
chr2	169400000	169950000	11
chr2	170950000	169400000	31
chr2	170950000	172900000	39
chr2	171150000	172900000	35
chr2	171500000	172350000	17
chr2	175800000	176650000	17
chr2	176300000	177350000	21
chr2	178650000	180650000	40
chr2	179350000	180250000	18
chr2	180250000	179600000	13
chr2	181900000	181350000	11
chr3	   550000	  2750000	44
chr3	  1200000	  2150000	19
chr3	  1350000	  2650000	26
chr3	  1500000	  3100000	32
chr3	  1800000	  2250000	9
chr3	  2550000	  3950000	28
chr3	  4000000	  5050000	21
chr3	  5050000	  3350000	34
chr3	  5950000	  7000000	21
chr3	  6750000	  7300000	11
chr3	  8000000	  9000000	20
chr3	  8250000	  6100000	43
chr3	  9350000	 10700000	27
chr3	 12400000	 12100000	6
chr3	 13250000	 13950000	14
chr3	 13350000	 12750000	12
chr3	 14350000	 15050000	14
chr3	 15950000	 14950000	20
chr3	 16950000	 15750000	24
chr3	 21650000	 22800000	23
chr3	 21750000	 21050000	14
chr3	 23000000	 21700000	26
chr3	 26100000	 25850000	5
chr3	 26900000	 26000000	18
chr3	 27800000	 25200000	52
chr3	 28050000	 26300000	35
chr3	 28300000	 28700000	8
chr3	 28950000	 27550000	28
chr3	 29050000	 29700000	13
chr3	 30100000	 31150000	21
chr3	 30750000	 29050000	34
chr3	 33950000	 33750000	4
chr3	 36200000	 34800000	28
chr3	 36200000	 36950000	15
chr3	 36550000	 35550000	20
chr3	 36750000	 37550000	16
chr3	 39050000	 38350000	14
chr3	 39550000	 38550000	20
chr3	 39850000	 37200000	53
chr3	 42850000	 41850000	20
chr3	 43950000	 44450000	10
chr3	 47200000	 46200000	20
chr3	 48600000	 48000000	12
chr3	 50400000	 54050000	73
chr3	 50600000	 52300000	34
chr3	 50850000	 51350000	10
chr3	 52250000	 53350000	22
chr3	 56300000	 55750000	11
chr3	 56300000	 55850000	9
chr3	 60150000	 61500000	27
chr3	 60750000	 59650000	22
chr3	 61600000	 60700000	18
chr3	 63700000	 62350000	27
chr3	 64700000	 64050000	13
chr3	 67400000	 67950000	11
chr3	 67950000	 66650000	26
chr3	 68750000	 67450000	26
chr3	 70950000	 70100000	17
chr3	 73700000	 72750000	19
chr3	 75150000	 74100000	21
chr3	 78400000	 79900000	30
chr3	 79100000	 80150000	21
chr3	 79750000	 78800000	19
chr3	 83300000	 82150000	23
chr3	 85650000	 86600000	19
chr3	 86050000	 86900000	17
chr3	 87000000	 87950000	19
chr3	 88400000	 90100000	34
chr3	 93550000	 92850000	14
chr3	 94350000	 93750000	12
chr3	 94950000	 95800000	17
chr3	 95100000	 94450000	13
chr3	 95250000	 94150000	22
chr3	 95400000	 95900000	10
chr3	 95900000	 94800000	22
chr3	 97950000	 95550000	48
chr3	 98550000	100450000	38
chr3	 98950000	 99600000	13
chr3	 99750000	101200000	29
chr3	100700000	101300000	12
chr3	100900000	 99900000	20
chr3	103400000	103550000	3
chr3	103700000	104300000	12
chr3	106350000	107300000	19
chr3	110550000	109000000	31
chr3	110650000	112200000	31
chr3	110750000	109750000	20
chr3	114350000	114350000	0
chr3	117100000	116400000	14
chr3	118400000	118100000	6
chr3	121450000	121950000	10
chr3	122400000	121400000	20
chr3	124000000	123100000	18
chr3	126800000	128400000	32
chr3	129400000	130750000	27
chr3	133400000	131600000	36
chr3	134250000	135450000	24
chr3	138000000	139300000	26
chr3	139150000	141000000	37
chr3	141250000	142400000	23
chr3	141350000	139750000	32
chr3	142700000	141500000	24
chr3	143550000	143950000	8
chr3	144000000	145150000	23
chr3	145150000	145950000	16
chr3	145550000	144850000	14
chr3	146950000	145450000	30
chr3	148650000	149100000	9
chr3	148950000	150150000	24
chr3	149400000	148650000	15
chr3	150050000	148250000	36
chr3	151400000	150350000	21
chr3	154000000	155050000	21
chr3	154600000	155100000	10
chr3	156950000	157550000	12
chr3	158450000	157500000	19
chr3	158750000	157150000	32
chr4	  1000000	  2850000	37
chr4	  2250000	  3350000	22
chr4	  3100000	  2400000	14
chr4	  3150000	  2550000	12
chr4	  3800000	  4350000	11
chr4	  7150000	  8850000	34
chr4	  7800000	  8250000	9
chr4	  8650000	  8050000	12
chr4	  9500000	  7450000	41
chr4	 10100000	 10900000	16
chr4	 10950000	 10950000	0
chr4	 12850000	 13850000	20
chr4	 15050000	 13900000	23
chr4	 15950000	 16900000	19
chr4	 17300000	 18050000	15
chr4	 19750000	 20800000	21
chr4	 20250000	 19850000	8
chr4	 21900000	 20600000	26
chr4	 21950000	 20150000	36
chr4	 24100000	 23200000	18
chr4	 26650000	 27200000	11
chr4	 28550000	 29550000	20
chr4	 30500000	 32850000	47
chr4	 31400000	 30350000	21
chr4	 31500000	 35450000	79
chr4	 34100000	 32900000	24
chr4	 34900000	 34550000	7
chr4	 35050000	 33950000	22
chr4	 35050000	 35950000	18
chr4	 35850000	 35050000	16
chr4	 39950000	 39950000	0
chr4	 41550000	 40250000	26
chr4	 43700000	 44550000	17
chr4	 49600000	 50300000	14
chr4	 51300000	 52150000	17
chr4	 51500000	 50100000	28
chr4	 51850000	 49650000	44
chr4	 54550000	 53100000	29
chr4	 56450000	 57200000	15
chr4	 56950000	 56300000	13
chr4	 58550000	 57400000	23
chr4	 58700000	 59100000	8
chr4	 59550000	 61150000	32
chr4	 60100000	 61000000	18
chr4	 60350000	 62150000	36
chr4	 61450000	 60700000	15
chr4	 64800000	 64000000	16
chr4	 64900000	 66400000	30
chr4	 68250000	 67250000	20
chr4	 68400000	 65150000	65
chr4	 69650000	 70200000	11
chr4	 69750000	 70600000	17
chr4	 69850000	 68800000	21
chr4	 70450000	 69350000	22
chr4	 70600000	 69700000	18
chr4	 74450000	 73350000	22
chr4	 74600000	 75500000	18
chr4	 77450000	 77000000	9
chr4	 77600000	 77150000	9
chr4	 78700000	 77050000	33
chr4	 83050000	 83500000	9
chr4	 83100000	 81550000	31
chr4	 84850000	 84100000	15
chr4	 85350000	 84850000	10
chr4	 85750000	 84500000	25
chr4	 85850000	 86500000	13
chr4	 85850000	 87450000	32
chr4	 87550000	 86650000	18
chr4	 88000000	 89750000	35
chr4	 88450000	 89500000	21
chr4	 89000000	 89750000	15
chr4	 92250000	 92150000	2
chr4	 99000000	102350000	67
chr4	 99050000	101650000	52
chr4	 99250000	 99850000	12
chr4	 99450000	101200000	35
chr4	100450000	 99900000	11
chr4	100800000	102200000	28
chr4	102050000	102950000	18
chr4	105850000	104800000	21
chr4	106000000	107850000	37
chr4	107800000	110100000	46
chr4	108750000	109800000	21
chr4	109350000	109850000	10
chr4	110850000	108700000	43
chr4	111850000	112900000	21
chr4	112100000	111550000	11
chr4	114550000	113300000	25
chr4	115400000	116600000	24
chr4	115950000	116200000	5
chr4	116450000	117850000	28
chr4	117700000	117450000	5
chr4	118150000	118850000	14
chr4	118300000	118600000	6
chr4	122200000	123150000	19
chr4	122550000	122550000	0
chr4	123550000	124400000	17
chr4	125950000	124950000	20
chr4	126350000	125000000	27
chr4	128950000	127750000	24
chr4	130450000	128850000	32
chr4	132250000	134200000	39
chr4	132750000	130600000	43
chr4	134800000	133400000	28
chr4	135550000	137350000	36
chr4	136950000	137800000	17
chr4	138050000	137000000	21
chr4	138350000	138700000	7
chr4	140350000	138950000	28
chr4	140950000	142050000	22
chr4	141950000	140950000	20
chr4	144300000	146650000	47
chr4	144450000	145750000	26
chr4	147150000	146300000	17
chr4	149050000	149950000	18
chr4	151550000	153200000	33
chr4	154200000	152400000	36
chr4	154900000	154100000	16
chr4	156000000	153400000	52
chr5	   950000	  2550000	32
chr5	  4150000	  2400000	35
chr5	  5300000	  6700000	28
chr5	  5450000	  7600000	43
chr5	  6450000	  8900000	49
chr5	  7100000	  6700000	8
chr5	  7500000	  7850000	7
chr5	  9200000	 10950000	35
chr5	  9450000	  9150000	6
chr5	 11800000	 13500000	34
chr5	 12600000	 11250000	27
chr5	 14700000	 14200000	10
chr5	 15300000	 16100000	16
chr5	 17700000	 19750000	41
chr5	 18100000	 16950000	23
chr5	 20200000	 19100000	22
chr5	 20550000	 22350000	36
chr5	 21300000	 20900000	8
chr5	 23250000	 24550000	26
chr5	 23950000	 25050000	22
chr5	 25050000	 22050000	60
chr5	 25750000	 24700000	21
chr5	 28150000	 27600000	11
chr5	 29000000	 29950000	19
chr5	 29050000	 28100000	19
chr5	 29300000	 28400000	18
chr5	 32350000	 31700000	13
chr5	 33300000	 34200000	18
chr5	 33750000	 32350000	28
chr5	 33900000	 33350000	11
chr5	 36100000	 34600000	30
chr5	 36350000	 37200000	17
chr5	 37750000	 36700000	21
chr5	 38100000	 36000000	42
chr5	 38900000	 40350000	29
chr5	 40050000	 43600000	71
chr5	 40450000	 39950000	10
chr5	 42100000	 42800000	14
chr5	 42450000	 39850000	52
chr5	 42700000	 43100000	8
chr5	 48550000	 47500000	21
chr5	 50350000	 49700000	13
chr5	 51150000	 53600000	49
chr5	 52500000	 51150000	27
chr5	 52550000	 51300000	25
chr5	 53100000	 53950000	17
chr5	 53300000	 54750000	29
chr5	 53900000	 55200000	26
chr5	 56250000	 57000000	15
chr5	 56300000	 57250000	19
chr5	 58350000	 58900000	11
chr5	 58800000	 59600000	16
chr5	 60450000	 61300000	17
chr5	 62300000	 61400000	18
chr5	 62550000	 62250000	6
chr5	 62950000	 63550000	12
chr5	 64150000	 64150000	0
chr5	 65800000	 67300000	30
chr5	 68650000	 67950000	14
chr5	 70500000	 71300000	16
chr5	 70700000	 71900000	24
chr5	 70950000	 73000000	41
chr5	 71150000	 72550000	28
chr5	 73900000	 73200000	14
chr5	 74700000	 73900000	16
chr5	 75300000	 75700000	8
chr5	 76250000	 75450000	16
chr5	 77550000	 78800000	25
chr5	 80350000	 79550000	16
chr5	 80500000	 81950000	29
chr5	 82150000	 80600000	31
chr5	 82400000	 83150000	15
chr5	 82500000	 79800000	54
chr5	 83350000	 83500000	3
chr5	 84500000	 87700000	64
chr5	 84750000	 86200000	29
chr5	 84950000	 86050000	22
chr5	 86100000	 86700000	12
chr5	 86250000	 88200000	39
chr5	 88700000	 89050000	7
chr5	 90050000	 91300000	25
chr5	 90150000	 91400000	25
chr5	 90300000	 92200000	38
chr5	 90800000	 91200000	8
chr5	 96200000	 97900000	34
chr5	 96250000	 95100000	23
chr5	 98400000	100100000	34
chr5	 98800000	 97800000	20
chr5	 99100000	 98050000	21
chr5	 99200000	102350000	63
chr5	 99600000	 98050000	31
chr5	 99800000	100350000	11
chr5	100350000	 98850000	30
chr5	106200000	107050000	17
chr5	108400000	109500000	22
chr5	108700000	108150000	11
chr5	110700000	108950000	35
chr5	112900000	112350000	11
chr5	113650000	114950000	26
chr5	113850000	115350000	30
chr5	115200000	116550000	27
chr5	120050000	122050000	40
chr5	121000000	123200000	44
chr5	121200000	119400000	36
chr5	122050000	121450000	12
chr5	122850000	123500000	13
chr5	123350000	122300000	21
chr5	123850000	123150000	14
chr5	124800000	126050000	25
chr5	125650000	124450000	24
chr5	127000000	126300000	14
chr5	130450000	131800000	27
chr5	130850000	129050000	36
chr5	131500000	130750000	15
chr5	132200000	130250000	39
chr5	133750000	136150000	48
chr5	134200000	134450000	5
chr5	136950000	138400000	29
chr5	139750000	139200000	11
chr5	140800000	141700000	18
chr5	141400000	143250000	37
chr5	142650000	142100000	11
chr5	143100000	141900000	24
chr5	143650000	144000000	7
chr5	147500000	147050000	9
chr5	147900000	144850000	61
chr6	   650000	  3150000	50
chr6	  1400000	   450000	19
chr6	  2050000	  2900000	17
chr6	  4850000	  5900000	21
chr6	  5650000	  6250000	12
chr6	  5700000	  6600000	18
chr6	 10150000	 10950000	16
chr6	 12850000	 13050000	4
chr6	 13850000	 10250000	72
chr6	 14300000	 15350000	21
chr6	 16800000	 15550000	25
chr6	 17450000	 19000000	31
chr6	 18200000	 18850000	13
chr6	 19600000	 20050000	9
chr6	 22150000	 22700000	11
chr6	 22200000	 23500000	26
chr6	 24200000	 22950000	25
chr6	 24850000	 26000000	23
chr6	 27950000	 28650000	14
chr6	 28350000	 25400000	59
chr6	 30050000	 29250000	16
chr6	 31250000	 30050000	24
chr6	 31650000	 33050000	28
chr6	 34400000	 35250000	17
chr6	 35550000	 36850000	26
chr6	 35750000	 36750000	20
chr6	 37550000	 37000000	11
chr6	 38150000	 38900000	15
chr6	 41550000	 42650000	22
chr6	 42500000	 41500000	20
chr6	 43500000	 40600000	58
chr6	 44150000	 44550000	8
chr6	 44550000	 45700000	23
chr6	 44950000	 47200000	45
chr6	 45550000	 42850000	54
chr6	 47400000	 48200000	16
chr6	 48000000	 48750000	15
chr6	 48150000	 50850000	54
chr6	 48500000	 50400000	38
chr6	 48650000	 47250000	28
chr6	 49750000	 49100000	13
chr6	 50550000	 51550000	20
chr6	 51150000	 49300000	37
chr6	 52250000	 53800000	31
chr6	 52250000	 53950000	34
chr6	 52950000	 54050000	22
chr6	 54950000	 55900000	19
chr6	 57500000	 55700000	36
chr6	 59300000	 57350000	39
chr6	 60950000	 61700000	15
chr6	 61600000	 62600000	20
chr6	 62050000	 62550000	10
chr6	 62300000	 61100000	24
chr6	 63900000	 65800000	38
chr6	 64550000	 63400000	23
chr6	 65000000	 64150000	17
chr6	 68400000	 67700000	14
chr6	 69550000	 70900000	27
chr6	 69650000	 70900000	25
chr6	 71000000	 72150000	23
chr6	 71500000	 72950000	29
chr6	 72800000	 73100000	6
chr6	 73500000	 74100000	12
chr6	 73500000	 74600000	22
chr6	 74750000	 75850000	22
chr6	 76100000	 76600000	10
chr6	 76600000	 77400000	16
chr6	 77750000	 80600000	57
chr6	 78100000	 77150000	19
chr6	 78450000	 77850000	12
chr6	 78450000	 80650000	44
chr6	 78700000	 80250000	31
chr6	 80800000	 82000000	24
chr6	 81250000	 80300000	19
chr6	 81400000	 80450000	19
chr6	 81600000	 80700000	18
chr6	 81700000	 78200000	70
chr6	 81700000	 81250000	9
chr6	 84950000	 85900000	19
chr6	 85600000	 86550000	19
chr6	 85900000	 86700000	16
chr6	 87750000	 88300000	11
chr6	 89900000	 90800000	18
chr6	 90250000	 89000000	25
chr6	 91000000	 90550000	9
chr6	 91400000	 90100000	26
chr6	 97700000	 99200000	30
chr6	 98150000	 97450000	14
chr6	 99400000	 99950000	11
chr6	 99900000	 98700000	24
chr6	100200000	 97700000	50
chr6	101400000	101850000	9
chr6	104100000	104950000	17
chr6	104200000	103400000	16
chr6	107450000	105700000	35
chr6	111550000	110650000	18
chr6	116750000	117050000	6
chr6	117350000	117700000	7
chr6	117450000	118950000	30
chr6	122500000	122200000	6
chr6	124750000	123800000	19
chr6	125150000	124550000	12
chr6	125650000	127250000	32
chr6	126050000	125550000	10
chr6	127150000	124400000	55
chr6	127700000	126600000	22
chr6	129150000	129900000	15
chr6	129250000	127900000	27
chr6	129650000	128850000	16
chr6	129650000	129100000	11
chr6	129650000	130300000	13
chr6	130500000	131350000	17
chr6	132200000	133750000	31
chr6	135150000	134750000	8
chr6	136800000	137650000	17
chr6	137150000	135350000	36
chr6	138600000	136850000	35
chr6	139900000	140450000	11
chr6	142500000	142250000	5
chr6	142550000	141150000	28
chr6	142600000	143350000	15
chr6	145400000	147450000	41
chr6	146650000	145250000	28
chr6	149400000	148650000	15
chr7	  3000000	  2350000	13
chr7	  3150000	  3750000	12
chr7	  3600000	  1800000	36
chr7	  3750000	  2850000	18
chr7	  5800000	  6750000	19
chr7	  7900000	  9050000	23
chr7	  8750000	  6900000	37
chr7	  9800000	  9500000	6
chr7	 10100000	 12350000	45
chr7	 10650000	  9900000	15
chr7	 11000000	 12000000	20
chr7	 12650000	 13950000	26
chr7	 12750000	 11900000	17
chr7	 12800000	 13500000	14
chr7	 13550000	 14850000	26
chr7	 14700000	 15750000	21
chr7	 14750000	 14400000	7
chr7	 15050000	 14050000	20
chr7	 16500000	 15650000	17
chr7	 17050000	 19400000	47
chr7	 18050000	 19300000	25
chr7	 18500000	 16750000	35
chr7	 18950000	 16550000	48
chr7	 20300000	 19200000	22
chr7	 20700000	 22150000	29
chr7	 23600000	 25050000	29
chr7	 24150000	 23150000	20
chr7	 25400000	 26850000	29
chr7	 26550000	 26150000	8
chr7	 27350000	 27600000	5
chr7	 28050000	 26300000	35
chr7	 28450000	 27800000	13
chr7	 30700000	 29500000	24
chr7	 35650000	 36850000	24
chr7	 37000000	 37700000	14
chr7	 37750000	 36850000	18
chr7	 38900000	 39150000	5
chr7	 39500000	 39050000	9
chr7	 40200000	 40600000	8
chr7	 41550000	 41150000	8
chr7	 42800000	 42550000	5
chr7	 44300000	 44900000	12
chr7	 45450000	 44600000	17
chr7	 45600000	 46600000	20
chr7	 46300000	 45550000	15
chr7	 46600000	 46250000	7
chr7	 47850000	 47300000	11
chr7	 48650000	 47100000	31
chr7	 49850000	 48050000	36
chr7	 50300000	 49050000	25
chr7	 53250000	 50750000	50
chr7	 55550000	 54000000	31
chr7	 55750000	 55400000	7
chr7	 56150000	 58150000	40
chr7	 56600000	 57750000	23
chr7	 58250000	 58700000	9
chr7	 58850000	 59450000	12
chr7	 59250000	 59250000	0
chr7	 60750000	 60300000	9
chr7	 61050000	 62150000	22
chr7	 61800000	 61350000	9
chr7	 63400000	 62050000	27
chr7	 65000000	 64550000	9
chr7	 65600000	 66450000	17
chr7	 65900000	 64350000	31
chr7	 66100000	 64800000	26
chr7	 67250000	 66100000	23
chr7	 67450000	 66200000	25
chr7	 70750000	 71750000	20
chr7	 79250000	 78800000	9
chr7	 82350000	 83050000	14
chr7	 84000000	 86000000	40
chr7	 84100000	 84700000	12
chr7	 85100000	 86150000	21
chr7	 85350000	 84600000	15
chr7	 86250000	 83950000	46
chr7	 87450000	 86850000	12
chr7	 87900000	 89250000	27
chr7	 90300000	 91800000	30
chr7	 95000000	 97000000	40
chr7	 95200000	 92550000	53
chr7	 95200000	 95600000	8
chr7	 98350000	100200000	37
chr7	 98850000	100000000	23
chr7	 99800000	 98250000	31
chr7	101300000	 99650000	33
chr7	101950000	101750000	4
chr7	104700000	103950000	15
chr7	105000000	104600000	8
chr7	105350000	104750000	12
chr7	105850000	102100000	75
chr7	107400000	105350000	41
chr7	107650000	106500000	23
chr7	107750000	108350000	12
chr7	107850000	107200000	13
chr7	109100000	110850000	35
chr7	110450000	111650000	24
chr7	110750000	111600000	17
chr7	111100000	110200000	18
chr7	113000000	115250000	45
chr7	113950000	114800000	17
chr7	114150000	113000000	23
chr7	117900000	119100000	24
chr7	118650000	117850000	16
chr7	119450000	120300000	17
chr7	120150000	118900000	25
chr7	120350000	119450000	18
chr7	120850000	123150000	46
chr7	122200000	124900000	54
chr7	122600000	122150000	9
chr7	122850000	120900000	39
chr7	123350000	122450000	18
chr7	123400000	125250000	37
chr7	124100000	124350000	5
chr7	124600000	123750000	17
chr7	125350000	126600000	25
chr7	126300000	125500000	16
chr7	128150000	128450000	6
chr7	128350000	127600000	15
chr7	129250000	131600000	47
chr7	131150000	132400000	25
chr7	131300000	130200000	22
chr7	131800000	131100000	14
chr7	132150000	131700000	9
chr7	136000000	135400000	12
chr7	137850000	135650000	44
chr7	139650000	140700000	21
chr7	139900000	140950000	21
chr7	141300000	139950000	27
chr7	142550000	141350000	24
chr7	143400000	143400000	0
chr7	143600000	145050000	29
chr7	144100000	145300000	24
chr8	  3450000	  4100000	13
chr8	  6100000	  6650000	11
chr8	  6250000	  7400000	23
chr8	  6300000	  6900000	12
chr8	  7600000	  6350000	25
chr8	  7850000	  9650000	36
chr8	  8050000	  6950000	22
chr8	  8650000	  9800000	23
chr8	  9100000	 11000000	38
chr8	 14750000	 14350000	8
chr8	 16850000	 16150000	14
chr8	 17300000	 19000000	34
chr8	 19550000	 18850000	14
chr8	 19600000	 21650000	41
chr8	 20700000	 20000000	14
chr8	 22050000	 21600000	9
chr8	 28650000	 27850000	16
chr8	 28800000	 27550000	25
chr8	 30150000	 30800000	13
chr8	 31050000	 32650000	32
chr8	 31150000	 32200000	21
chr8	 32150000	 33400000	25
chr8	 37100000	 38050000	19
chr8	 37700000	 34750000	59
chr8	 37750000	 39950000	44
chr8	 37850000	 36700000	23
chr8	 39000000	 39000000	0
chr8	 41600000	 42300000	14
chr8	 42150000	 41500000	13
chr8	 42900000	 42350000	11
chr8	 44550000	 43250000	26
chr8	 45750000	 47750000	40
chr8	 46050000	 47050000	20
chr8	 49050000	 47350000	34
chr8	 49150000	 50350000	24
chr8	 49950000	 49200000	15
chr8	 54050000	 53700000	7
chr8	 54450000	 55750000	26
chr8	 55550000	 54150000	28
chr8	 56300000	 55450000	17
chr8	 58200000	 57400000	16
chr8	 60150000	 59100000	21
chr8	 60300000	 59800000	10
chr8	 63050000	 62400000	13
chr8	 64200000	 63300000	18
chr8	 64750000	 65700000	19
chr8	 64750000	 67200000	49
chr8	 65500000	 64550000	19
chr8	 65650000	 65900000	5
chr8	 66650000	 65950000	14
chr8	 66800000	 65550000	25
chr8	 66900000	 68850000	39
chr8	 67100000	 65550000	31
chr8	 69350000	 68350000	20
chr8	 69700000	 68200000	30
chr8	 70000000	 71000000	20
chr8	 73200000	 74000000	16
chr8	 74300000	 77700000	68
chr8	 74600000	 76150000	31
chr8	 75800000	 74700000	22
chr8	 76100000	 75100000	20
chr8	 76300000	 77650000	27
chr8	 77250000	 79700000	49
chr8	 77750000	 78150000	8
chr8	 79250000	 78200000	21
chr8	 79250000	 79900000	13
chr8	 79550000	 83450000	78
chr8	 80750000	 81450000	14
chr8	 80850000	 80850000	0
chr8	 81050000	 82300000	25
chr8	 81650000	 82150000	10
chr8	 83100000	 84600000	30
chr8	 85400000	 87100000	34
chr8	 85550000	 83450000	42
chr8	 86300000	 85150000	23
chr8	 90100000	 88350000	35
chr8	 90250000	 91900000	33
chr8	 90800000	 92800000	40
chr8	 92200000	 90800000	28
chr8	 95200000	 95800000	12
chr8	 96350000	 94450000	38
chr8	100100000	102100000	40
chr8	103000000	101800000	24
chr8	104350000	103650000	14
chr8	104350000	105650000	26
chr8	106550000	104250000	46
chr8	106800000	108450000	33
chr8	107500000	108350000	17
chr8	109850000	109250000	12
chr8	113550000	113300000	5
chr8	116100000	115650000	9
chr8	118400000	117250000	23
chr8	119800000	121150000	27
chr8	120800000	119900000	18
chr8	122450000	123200000	15
chr8	125300000	124500000	16
chr8	125650000	126550000	18
chr8	125650000	126800000	23
chr8	128000000	128800000	16
chr8	128950000	127800000	23
chr9	  7100000	  5200000	38
chr9	  9450000	  8300000	23
chr9	  9450000	  9750000	6
chr9	 12150000	 11600000	11
chr9	 12750000	 13400000	13
chr9	 12950000	 14300000	27
chr9	 13150000	 13950000	16
chr9	 13350000	 14350000	20
chr9	 17600000	 15000000	52
chr9	 18200000	 19150000	19
chr9	 19650000	 18450000	24
chr9	 21000000	 22900000	38
chr9	 22000000	 22850000	17
chr9	 22300000	 23350000	21
chr9	 24500000	 23700000	16
chr9	 25350000	 27150000	36
chr9	 25600000	 25950000	7
chr9	 25800000	 26450000	13
chr9	 28350000	 27250000	22
chr9	 29800000	 29350000	9
chr9	 31400000	 32200000	16
chr9	 31550000	 32550000	20
chr9	 31600000	 32500000	18
chr9	 33100000	 32500000	12
chr9	 34600000	 35200000	12
chr9	 39400000	 39900000	10
chr9	 40450000	 41600000	23
chr9	 42800000	 44100000	26
chr9	 43500000	 42550000	19
chr9	 44250000	 41800000	49
chr9	 48050000	 49350000	26
chr9	 53650000	 53150000	10
chr9	 54050000	 53550000	10
chr9	 55250000	 54700000	11
chr9	 57100000	 55000000	42
chr9	 59350000	 57650000	34
chr9	 61700000	 60050000	33
chr9	 63350000	 62500000	17
chr9	 63350000	 64150000	16
chr9	 64600000	 65400000	16
chr9	 65150000	 64300000	17
chr9	 66900000	 67850000	19
chr9	 70450000	 69250000	24
chr9	 72050000	 73500000	29
chr9	 72550000	 72400000	3
chr9	 73350000	 72450000	18
chr9	 73400000	 72200000	24
chr9	 75000000	 74300000	14
chr9	 75500000	 76350000	17
chr9	 76100000	 75550000	11
chr9	 77150000	 77450000	6
chr9	 77300000	 78350000	21
chr9	 78350000	 80600000	45
chr9	 80550000	 78700000	37
chr9	 81050000	 79450000	32
chr9	 81150000	 78350000	56
chr9	 82300000	 80300000	40
chr9	 82500000	 83800000	26
chr9	 86150000	 86950000	16
chr9	 86400000	 86050000	7
chr9	 88050000	 89900000	37
chr9	 88550000	 89700000	23
chr9	 88700000	 87050000	33
chr9	 89800000	 88550000	25
chr9	 90650000	 92300000	33
chr9	 94300000	 96200000	38
chr9	 95400000	 95700000	6
chr9	 96400000	 95400000	20
chr9	 97900000	 99550000	33
chr9	 99900000	100050000	3
chr9	101550000	100100000	29
chr9	101600000	106450000	97
chr9	102300000	103600000	26
chr9	102300000	103700000	28
chr9	102450000	103600000	23
chr9	102700000	100800000	38
chr9	108350000	107700000	13
chr9	109850000	110750000	18
chr9	111450000	110650000	16
chr9	112450000	112350000	2
chr9	113850000	112700000	23
chr9	114450000	113900000	11
chr9	114650000	116350000	34
chr9	116050000	115350000	14
chr9	118450000	117500000	19
chr9	119550000	119950000	8
chr9	120450000	119200000	25
chr9	120500000	119950000	11
chr9	120900000	120050000	17
chr9	121750000	122050000	6
chr9	124350000	122750000	32
chr9	124450000	122750000	34
chrX	  1950000	  1150000	16
chrX	  5850000	  7950000	42
chrX	  6300000	  5400000	18
chrX	  7650000	  5600000	41
chrX	  7750000	  5750000	40
chrX	  7950000	  8950000	20
chrX	  9550000	 11200000	33
chrX	 10650000	  6850000	76
chrX	 13400000	 14150000	15
chrX	 14000000	 14400000	8
chrX	 14750000	 16250000	30
chrX	 15500000	 14050000	29
chrX	 17000000	 18850000	37
chrX	 20450000	 19400000	21
chrX	 20500000	 19100000	28
chrX	 20700000	 20100000	12
chrX	 21850000	 21000000	17
chrX	 23100000	 24200000	22
chrX	 23700000	 23350000	7
chrX	 24200000	 24950000	15
chrX	 25100000	 26150000	21
chrX	 27100000	 25450000	33
chrX	 32050000	 32750000	14
chrX	 32050000	 33700000	33
chrX	 32250000	 30200000	41
chrX	 32300000	 33100000	16
chrX	 33400000	 32050000	27
chrX	 34750000	 35050000	6
chrX	 34800000	 35900000	22
chrX	 35300000	 35800000	10
chrX	 36350000	 35050000	26
chrX	 36550000	 35450000	22
chrX	 36550000	 37500000	19
chrX	 39500000	 42250000	55
chrX	 40050000	 39150000	18
chrX	 40350000	 41350000	20
chrX	 41050000	 42200000	23
chrX	 43900000	 41450000	49
chrX	 44650000	 44250000	8
chrX	 44650000	 46450000	36
chrX	 44900000	 43100000	36
chrX	 44900000	 46850000	39
chrX	 46300000	 44550000	35
chrX	 51150000	 51550000	8
chrX	 51300000	 50250000	21
chrX	 53050000	 55800000	55
chrX	 54900000	 56150000	25
chrX	 57500000	 55050000	49
chrX	 58200000	 59800000	32
chrX	 58400000	 59500000	22
chrX	 58600000	 58000000	12
chrX	 59250000	 60250000	20
chrX	 60750000	 62400000	33
chrX	 60900000	 60650000	5
chrX	 61500000	 62250000	15
chrX	 62900000	 64000000	22
chrX	 64250000	 62800000	29
chrX	 65300000	 63350000	39
chrX	 65700000	 64700000	20
chrX	 66550000	 67000000	9
chrX	 72000000	 73300000	26
chrX	 72550000	 73500000	19
chrX	 73150000	 73500000	7
chrX	 73400000	 75050000	33
chrX	 73500000	 75100000	32
chrX	 77450000	 76800000	13
chrX	 80000000	 79100000	18
chrX	 80650000	 79800000	17
chrX	 80650000	 81450000	16
chrX	 81750000	 83250000	30
chrX	 82950000	 79850000	62
chrX	 83250000	 82550000	14
chrX	 86100000	 89950000	77
chrX	 87150000	 89100000	39
chrX	 87550000	 86850000	14
chrX	 89400000	 90200000	16
chrX	 90700000	 91900000	24
chrX	 91800000	 92950000	23
chrX	 92050000	 92750000	14
chrX	 92450000	 94450000	40
chrX	 92650000	 94400000	35
chrX	 92950000	 93400000	9
chrX	 93100000	 92300000	16
chrX	 98400000	 99750000	27
chrX	 98500000	 97900000	12
chrX	101150000	102200000	21
chrX	101500000	101050000	9
chrX	101550000	102400000	17
chrX	104900000	103650000	25
chrX	105800000	105800000	0
chrX	106150000	104800000	27
chrX	107950000	110150000	44
chrX	108250000	108600000	7
chrX	113100000	112500000	12
chrX	113400000	114050000	13
chrX	113500000	111700000	36
chrX	115200000	114050000	23
chrX	115650000	114650000	20
chrX	116900000	116350000	11
chrX	117200000	116100000	22
chrX	117450000	118150000	14
chrX	117600000	118250000	13
chrX	117750000	118350000	12
chrX	118250000	121150000	58
chrX	123100000	123700000	12
chrX	123500000	122800000	14
chrX	124750000	125250000	10
chrX	127400000	129950000	51
chrX	128100000	126650000	29
chrX	128500000	129250000	15
chrX	128700000	126700000	40
chrX	129500000	128050000	29
chrX	129500000	128350000	23
chrX	130200000	130650000	9
chrX	131000000	130300000	14
chrX	131600000	132350000	15
chrX	133300000	132050000	25
chrX	133750000	134550000	16
chrX	134150000	135650000	30
chrX	138300000	138800000	10
chrX	139450000	137300000	43
chrX	139600000	141500000	38
chrX	140850000	140350000	10
chrX	141950000	142650000	14
chrX	145200000	143400000	36
chrX	145400000	146150000	15
chrX	147600000	146450000	23
chrX	147900000	148750000	17
chrX	148850000	151200000	47
chrX	150400000	151850000	29
chrX	152200000	151600000	12
chrX	152500000	151850000	13
chrX	153150000	151350000	36
chrX	156750000	155650000	22
chrX	157750000	159350000	32
chrX	157800000	158300000	10
chrX	158700000	157800000	18
chrX	159550000	157000000	51
chrX	161700000	160900000	16
chrX	162200000	161650000	11
chrX	163400000	164950000	31
chrX	163500000	163100000	8
chrX	163550000	162300000	25
chrX	163750000	164450000	14
chrX	164850000	165800000	19
chrX	165300000	166250000	19
chrX	166650000	165700000	19
chrX	167050000	166400000	13
chrX	167600000	168350000	15
chrY	  2800000	  4350000	31
chrY	  3950000	  3000000	19
chrY	  4000000	  3200000	16
chrY	  5200000	  5850000	13
chrY	  5300000	  6300000	20
chrY	  6150000	  4300000	37
chrY	  7300000	  5700000	32
chrY	  7850000	  9450000	32
chrY	  7900000	  8950000	21
chrY	  9500000	  9000000	10
chrY	 11850000	 10450000	28
chrY	 12950000	 11650000	26
chrY	 13000000	 11050000	39
chrY	 17450000	 18250000	16
chrY	 18800000	 17800000	20
chrY	 19050000	 19300000	5
chrY	 19400000	 18450000	19
chrY	 19650000	 22450000	56
chrY	 21600000	 23200000	32
chrY	 22250000	 23850000	32
chrY	 22400000	 23300000	18
chrY	 22750000	 21650000	22
chrY	 23350000	 22850000	10
chrY	 24200000	 24850000	13
chrY	 24300000	 23300000	20
chrY	 26050000	 25250000	16
chrY	 26950000	 26400000	11
chrY	 27100000	 27400000	6
chrY	 27150000	 26200000	19
chrY	 27750000	 28800000	21
chrY	 28400000	 29600000	24
chrY	 29150000	 29800000	13
chrY	 29200000	 31450000	45
chrY	 30600000	 32100000	30
chrY	 32200000	 32650000	9
chrY	 32650000	 32650000	0
chrY	 32700000	 29550000	63
chrY	 34150000	 34900000	15
chrY	 34400000	 35750000	27
chrY	 35600000	 34450000	23
chrY	 37150000	 35900000	25
chrY	 37300000	 38350000	21
chrY	 39000000	 38300000	14
chrY	 41550000	 42000000	9
chrY	 42200000	 43050000	17
chrY	 43300000	 44600000	26
chrY	 44500000	 45250000	15
chrY	 44600000	 43950000	13
chrY	 46450000	 46950000	10
chrY	 47350000	 48100000	15
chrY	 48100000	 49750000	33
chrY	 50500000	 48850000	33
chrY	 50950000	 51650000	14
chrY	 51950000	 50900000	21
chrY	 52000000	 53300000	26
chrY	 53000000	 54400000	28
chrY	 54150000	 53300000	17
chrY	 55600000	 56400000	16
chrY	 55700000	 55300000	8
chrY	 57200000	 57800000	12
chrY	 57600000	 58750000	23
chrY	 58250000	 56750000	30
chrY	 58550000	 59700000	23
chrY	 59000000	 58550000	9
chrY	 61650000	 60800000	17
chrY	 69250000	 70650000	28
chrY	 69350000	 70950000	32
chrY	 70750000	 71500000	15
chrY	 73600000	 71750000	37
chrY	 75450000	 76900000	29
chrY	 76100000	 76700000	12
chrY	 76350000	 77400000	21
chrY	 77100000	 75950000	23
chrY	 77750000	 77150000	12
chrY	 81000000	 79650000	27
chrY	 82800000	 81900000	18
chrY	 84300000	 86500000	44
chrY	 84900000	 84300000	12
chrY	 85000000	 85350000	7
chrY	 85250000	 86100000	17
chrY	 88050000	 88750000	14
chrY	 91350000	 89600000	35
