chr1	  1450000	   500000	19
chr1	  1650000	  3000000	27
chr1	  2750000	  3850000	22
chr1	  2850000	  3900000	21
chr1	  3100000	  4450000	27
chr1	  3950000	  2050000	38
chr1	  4350000	  5350000	20
chr1	  7300000	  8150000	17
chr1	  7450000	  9650000	44
chr1	  7850000	  9800000	39
chr1	  7950000	  6750000	24
chr1	  8100000	  8850000	15
chr1	 10000000	  9350000	13
chr1	 10350000	 11050000	14
chr1	 11700000	 11200000	10
chr1	 11900000	 11350000	11
chr1	 14100000	 12700000	28
chr1	 16850000	 14600000	45
chr1	 17900000	 19100000	24
chr1	 19750000	 17950000	36
chr1	 22650000	 21600000	21
chr1	 23850000	 25450000	32
chr1	 24050000	 24400000	7
chr1	 24600000	 23650000	19
chr1	 24700000	 27150000	49
chr1	 24900000	 23650000	25
chr1	 25300000	 23450000	37
chr1	 27000000	 27500000	10
chr1	 27400000	 29800000	48
chr1	 28700000	 29850000	23
chr1	 29000000	 29100000	2
chr1	 29600000	 30150000	11
chr1	 32000000	 31300000	14
chr1	 32400000	 31750000	13
chr1	 32900000	 33700000	16
chr1	 34100000	 32900000	24
chr1	 34350000	 35050000	14
chr1	 34900000	 34000000	18
chr1	 36800000	 37900000	22
chr1	 38150000	 36500000	33
chr1	 38550000	 40200000	33
chr1	 40400000	 39950000	9
chr1	 40700000	 40000000	14
chr1	 41650000	 40450000	24
chr1	 45600000	 43800000	36
chr1	 46750000	 44750000	40
chr1	 47350000	 46050000	26
chr1	 50750000	 51750000	20
chr1	 52500000	 55200000	54
chr1	 54550000	 55550000	20
chr1	 54850000	 53550000	26
chr1	 57200000	 55850000	27
chr1	 59850000	 62350000	50
chr1	 59950000	 60750000	16
chr1	 61600000	 62750000	23
chr1	 62850000	 62050000	16
chr1	 63050000	 63750000	14
chr1	 65500000	 66200000	14
chr1	 65800000	 66600000	16
chr1	 67600000	 68450000	17
chr1	 70700000	 71750000	21
chr1	 70950000	 72250000	26
chr1	 71150000	 70100000	21
chr1	 72600000	 72850000	5
chr1	 74450000	 75000000	11
chr1	 77350000	 77350000	0
chr1	 78300000	 79150000	17
chr1	 78700000	 79650000	19
chr1	 79700000	 77400000	46
chr1	 80650000	 79050000	32
chr1	 81850000	 82300000	9
chr1	 82550000	 81250000	26
chr1	 88350000	 89700000	27
chr1	 88900000	 88050000	17
chr1	 92150000	 90200000	39
chr1	 92350000	 90650000	34
chr1	 92350000	 91850000	10
chr1	 93050000	 91350000	34
chr1	 93800000	 95050000	25
chr1	 95000000	 95750000	15
chr1	 95450000	 96050000	12
chr1	 96200000	 95600000	12
chr1	 96400000	 96200000	4
chr1	 96800000	 98450000	33
chr1	 99650000	101300000	33
chr1	 99750000	100700000	19
chr1	103550000	104700000	23
chr1	105000000	104100000	18
chr1	105100000	106050000	19
chr1	106900000	105750000	23
chr1	107200000	108600000	28
chr1	107700000	108400000	14
chr1	107800000	106500000	26
chr1	107950000	107650000	6
chr1	108850000	109100000	5
chr1	109200000	106800000	48
chr1	109300000	108750000	11
chr1	110450000	109400000	21
chr1	111400000	114250000	57
chr1	111700000	111000000	14
chr1	111950000	111400000	11
chr1	112450000	111400000	21
chr1	112700000	115250000	51
chr1	113100000	110550000	51
chr1	113250000	112250000	20
chr1	114450000	113600000	17
chr1	115600000	116100000	10
chr1	117350000	117900000	11
chr1	117350000	118550000	24
chr1	118900000	118050000	17
chr1	118950000	119800000	17
chr1	119200000	120250000	21
chr1	119850000	121750000	38
chr1	120700000	121100000	8
chr1	121100000	121550000	9
chr1	121300000	122100000	16
chr1	122100000	120600000	30
chr1	122200000	120600000	32
chr1	122450000	121800000	13
chr1	122550000	121350000	24
chr1	123800000	123000000	16
chr1	125200000	124900000	6
chr1	129550000	130700000	23
chr1	132800000	133650000	17
chr1	136800000	138050000	25
chr1	138950000	137350000	32
chr1	139050000	137600000	29
chr1	140600000	142150000	31
chr1	142700000	144200000	30
chr1	146300000	145300000	20
chr1	147850000	148250000	8
chr1	150200000	147800000	48
chr1	151550000	151150000	8
chr1	154600000	155800000	24
chr1	155650000	155200000	9
chr1	161950000	160700000	25
chr1	165300000	162700000	52
chr1	165400000	165050000	7
chr1	166000000	164050000	39
chr1	169750000	168750000	20
chr1	171750000	170500000	25
chr1	172150000	173400000	25
chr1	174400000	173450000	19
chr1	175900000	175150000	15
chr1	176200000	174750000	29
chr1	178450000	176200000	45
chr1	178600000	179350000	15
chr1	181850000	183100000	25
chr1	184200000	182750000	29
chr1	184300000	183300000	20
chr1	184750000	184350000	8
chr1	184900000	187000000	42
chr1	186000000	186700000	14
chr1	186700000	184050000	53
chr1	187950000	185850000	42
chr1	188600000	189750000	23
chr1	190450000	189300000	23
chr1	191300000	192950000	33
chr1	191950000	190050000	38
chr1	192500000	193400000	18
chr1	192550000	193350000	16
chr10	  1050000	  3000000	39
chr10	  2400000	  3500000	22
chr10	  3000000	  2550000	9
chr10	  3100000	  4500000	28
chr10	  4850000	  2150000	54
chr10	  5150000	  5700000	11
chr10	  5350000	  5850000	10
chr10	  6950000	  6700000	5
chr10	 10950000	  9600000	27
chr10	 11450000	 12000000	11
chr10	 12400000	 10950000	29
chr10	 13550000	 12850000	14
chr10	 14100000	 14700000	12
chr10	 14150000	 13250000	18
chr10	 16400000	 15900000	10
chr10	 16600000	 14950000	33
chr10	 16800000	 18300000	30
chr10	 17050000	 17400000	7
chr10	 17350000	 17850000	10
chr10	 20550000	 18950000	32
chr10	 21050000	 20200000	17
chr10	 21350000	 23150000	36
chr10	 22100000	 23250000	23
chr10	 24100000	 23450000	13
chr10	 26100000	 25250000	17
chr10	 26700000	 25500000	24
chr10	 28650000	 29500000	17
chr10	 30750000	 31200000	9
chr10	 31850000	 31350000	10
chr10	 33850000	 33200000	13
chr10	 35450000	 37500000	41
chr10	 36400000	 35550000	17
chr10	 36500000	 35300000	24
chr10	 37300000	 38250000	19
chr10	 39100000	 39450000	7
chr10	 39900000	 40200000	6
chr10	 41850000	 42800000	19
chr10	 42850000	 43550000	14
chr10	 43500000	 45300000	36
chr10	 44900000	 44000000	18
chr10	 46900000	 45500000	28
chr10	 50350000	 49600000	15
chr10	 51050000	 51350000	6
chr10	 54750000	 56950000	44
chr10	 55600000	 56350000	15
chr10	 55800000	 58050000	45
chr10	 57200000	 57950000	15
chr10	 60750000	 61950000	24
chr10	 61150000	 61800000	13
chr10	 62200000	 63550000	27
chr10	 63150000	 61300000	37
chr10	 63950000	 64800000	17
chr10	 66300000	 67100000	16
chr10	 68650000	 69150000	10
chr10	 68750000	 67000000	35
chr10	 69100000	 68700000	8
chr10	 73650000	 73050000	12
chr10	 74000000	 74750000	15
chr10	 76150000	 78400000	45
chr10	 76300000	 77200000	18
chr10	 77950000	 76650000	26
chr10	 77950000	 79850000	38
chr10	 78300000	 77600000	14
chr10	 78700000	 77750000	19
chr10	 80250000	 81600000	27
chr10	 80700000	 81350000	13
chr10	 81550000	 79500000	41
chr10	 82300000	 82700000	8
chr10	 82650000	 83350000	14
chr10	 82900000	 79250000	73
chr10	 83300000	 81300000	40
chr10	 84400000	 85000000	12
chr10	 85850000	 87250000	28
chr10	 86250000	 85350000	18
chr10	 93100000	 94600000	30
chr10	 95000000	 96600000	32
chr10	 96550000	 95650000	18
chr10	 97500000	 98050000	11
chr10	 97950000	 99000000	21
chr10	 98400000	 97800000	12
chr10	 99350000	100500000	23
chr10	106000000	107150000	23
chr10	106450000	107550000	22
chr10	106600000	108100000	30
chr10	112500000	113000000	10
chr10	112850000	113400000	11
chr10	115700000	114450000	25
chr10	116250000	116800000	11
chr10	116650000	117700000	21
chr10	116850000	117400000	11
chr10	119700000	120700000	20
chr10	121900000	123350000	29
chr10	125300000	124500000	16
chr10	125350000	126900000	31
chr10	125450000	128800000	67
chr10	125800000	124900000	18
chr10	127650000	128050000	8
chr10	128500000	127450000	21
chr11	   750000	   200000	11
chr11	  1550000	  1250000	6
chr11	  2500000	  1450000	21
chr11	  3350000	  3750000	8
chr11	  6000000	  1450000	91
chr11	  6200000	  7500000	26
chr11	  6750000	  6200000	11
chr11	 13650000	 16450000	56
chr11	 14500000	 13700000	16
chr11	 14700000	 15750000	21
chr11	 16150000	 15200000	19
chr11	 17050000	 18450000	28
chr11	 19000000	 16400000	52
chr11	 19000000	 20400000	28
chr11	 20050000	 20800000	15
chr11	 20600000	 22300000	34
chr11	 23150000	 24450000	26
chr11	 23700000	 21950000	35
chr11	 24350000	 23300000	21
chr11	 26200000	 25350000	17
chr11	 27750000	 26400000	27
chr11	 30350000	 32100000	35
chr11	 31000000	 30600000	8
chr11	 32600000	 31350000	25
chr11	 34750000	 36300000	31
chr11	 37050000	 35900000	23
chr11	 37600000	 38500000	18
chr11	 38100000	 36700000	28
chr11	 38450000	 39650000	24
chr11	 39400000	 39950000	11
chr11	 40850000	 41550000	14
chr11	 40900000	 39250000	33
chr11	 42100000	 42450000	7
chr11	 44950000	 46600000	33
chr11	 53350000	 54500000	23
chr11	 55200000	 55750000	11
chr11	 56250000	 57500000	25
chr11	 56400000	 58100000	34
chr11	 56450000	 57650000	24
chr11	 59050000	 60200000	23
chr11	 59300000	 58050000	25
chr11	 60200000	 58900000	26
chr11	 60850000	 59400000	29
chr11	 62900000	 63800000	18
chr11	 63450000	 62850000	12
chr11	 63500000	 64100000	12
chr11	 63950000	 62700000	25
chr11	 65350000	 65900000	11
chr11	 66350000	 65600000	15
chr11	 66850000	 65750000	22
chr11	 67000000	 67900000	18
chr11	 67850000	 71000000	63
chr11	 68000000	 67050000	19
chr11	 69050000	 65800000	65
chr11	 70800000	 71650000	17
chr11	 71350000	 70450000	18
chr11	 72800000	 71550000	25
chr11	 72950000	 70750000	44
chr11	 73350000	 74100000	15
chr11	 75350000	 77450000	42
chr11	 78100000	 76700000	28
chr11	 78800000	 79500000	14
chr11	 80500000	 81550000	21
chr11	 80600000	 80150000	9
chr11	 80850000	 81600000	15
chr11	 81200000	 80300000	18
chr11	 82200000	 81350000	17
chr11	 83700000	 84850000	23
chr11	 84500000	 85400000	18
chr11	 86750000	 88450000	34
chr11	 90050000	 91300000	25
chr11	 91900000	 94250000	47
chr11	 94000000	 94800000	16
chr11	 94200000	 93400000	16
chr11	 95700000	 97250000	31
chr11	 96200000	 96900000	14
chr11	 97100000	 95500000	32
chr11	 98800000	100050000	25
chr11	100750000	101400000	13
chr11	103200000	104150000	19
chr11	103250000	104550000	26
chr11	103850000	101950000	38
chr11	105200000	105000000	4
chr11	106650000	107550000	18
chr11	107100000	105300000	36
chr11	108600000	108050000	11
chr11	108850000	109550000	14
chr11	109100000	108300000	16
chr11	111300000	112750000	29
chr11	114800000	115600000	16
chr11	116700000	117400000	14
chr11	119950000	119450000	10
chr12	   300000	   300000	0
chr12	   600000	  1700000	22
chr12	  1350000	  2050000	14
chr12	  2400000	  3400000	20
chr12	  3200000	  5300000	42
chr12	  7750000	  8400000	13
chr12	  7900000	  8600000	14
chr12	  9750000	 10350000	12
chr12	  9900000	 12100000	44
chr12	 11050000	 10250000	16
chr12	 12000000	 13150000	23
chr12	 12400000	 13500000	22
chr12	 14600000	 14600000	0
chr12	 16700000	 15150000	31
chr12	 16900000	 15750000	23
chr12	 17100000	 14950000	43
chr12	 19000000	 18350000	13
chr12	 21500000	 19700000	36
chr12	 22100000	 23850000	35
chr12	 25550000	 26750000	24
chr12	 26050000	 24550000	30
chr12	 27400000	 26500000	18
chr12	 27400000	 28150000	15
chr12	 29400000	 28250000	23
chr12	 30050000	 29450000	12
chr12	 30400000	 28650000	35
chr12	 30600000	 29800000	16
chr12	 30850000	 31950000	22
chr12	 30950000	 33200000	45
chr12	 31950000	 30200000	35
chr12	 33350000	 30650000	54
chr12	 34500000	 32150000	47
chr12	 34650000	 34950000	6
chr12	 36100000	 37400000	26
chr12	 38750000	 40450000	34
chr12	 39100000	 40100000	20
chr12	 39700000	 39050000	13
chr12	 41050000	 41800000	15
chr12	 42000000	 40550000	29
chr12	 43400000	 42300000	22
chr12	 43700000	 46600000	58
chr12	 44600000	 48350000	75
chr12	 47750000	 46200000	31
chr12	 47800000	 47800000	0
chr12	 49650000	 52850000	64
chr12	 49800000	 50400000	12
chr12	 50450000	 50950000	10
chr12	 50700000	 52400000	34
chr12	 53150000	 51750000	28
chr12	 54050000	 57900000	77
chr12	 56700000	 56050000	13
chr12	 57900000	 58650000	15
chr12	 58500000	 61000000	50
chr12	 58900000	 57750000	23
chr12	 60850000	 59800000	21
chr12	 61250000	 60450000	16
chr12	 65850000	 65100000	15
chr12	 67500000	 66250000	25
chr12	 68950000	 67850000	22
chr12	 70750000	 72300000	31
chr12	 71050000	 70100000	19
chr12	 72950000	 74050000	22
chr12	 75850000	 75100000	15
chr12	 77450000	 78000000	11
chr12	 80750000	 78250000	50
chr12	 81400000	 83200000	36
chr12	 82050000	 82700000	13
chr12	 85100000	 84150000	19
chr12	 85350000	 89300000	79
chr12	 85500000	 86100000	12
chr12	 86150000	 85600000	11
chr12	 86850000	 87250000	8
chr12	 87250000	 86800000	9
chr12	 89700000	 89300000	8
chr12	 90650000	 85800000	97
chr12	 90900000	 91650000	15
chr12	 92500000	 93950000	29
chr12	 92550000	 93550000	20
chr12	 92850000	 93200000	7
chr12	 94150000	 93000000	23
chr12	 94250000	 95950000	34
chr12	 94950000	 95800000	17
chr12	 95000000	 93900000	22
chr12	 95200000	 98150000	59
chr12	 95250000	 96050000	16
chr12	 95400000	 93500000	38
chr12	 99150000	 98650000	10
chr12	 99600000	 98800000	16
chr12	100050000	100600000	11
chr12	100500000	101200000	14
chr12	106350000	108150000	36
chr12	107100000	107450000	7
chr12	108200000	106850000	27
chr12	108450000	108150000	6
chr12	112100000	113550000	29
chr12	114350000	113500000	17
chr12	114600000	116100000	30
chr12	116450000	117900000	29
chr12	119200000	117300000	38
chr13	        0	   750000	15
chr13	   700000	  2400000	34
chr13	  3150000	  1250000	38
chr13	  6700000	  5900000	16
chr13	  7700000	  6600000	22
chr13	 13850000	 14850000	20
chr13	 14000000	 12800000	24
chr13	 17400000	 18250000	17
chr13	 19700000	 20050000	7
chr13	 20600000	 20250000	7
chr13	 21150000	 20200000	19
chr13	 21350000	 20450000	18
chr13	 21350000	 22100000	15
chr13	 22400000	 23350000	19
chr13	 25150000	 23500000	33
chr13	 25400000	 23300000	42
chr13	 27700000	 26000000	34
chr13	 29850000	 28400000	29
chr13	 31750000	 30200000	31
chr13	 32850000	 32100000	15
chr13	 33450000	 32750000	14
chr13	 34050000	 35350000	26
chr13	 34950000	 33650000	26
chr13	 36050000	 36600000	11
chr13	 36400000	 37350000	19
chr13	 36700000	 37250000	11
chr13	 37950000	 38500000	11
chr13	 39800000	 41050000	25
chr13	 44750000	 46100000	27
chr13	 46700000	 45700000	20
chr13	 47200000	 46500000	14
chr13	 49650000	 48200000	29
chr13	 49950000	 48400000	31
chr13	 50800000	 50100000	14
chr13	 50900000	 52200000	26
chr13	 56450000	 55550000	18
chr13	 57550000	 58250000	14
chr13	 64950000	 65550000	12
chr13	 68100000	 68650000	11
chr13	 68450000	 69600000	23
chr13	 68950000	 70050000	22
chr13	 69450000	 70050000	12
chr13	 69550000	 68250000	26
chr13	 69700000	 72450000	55
chr13	 69950000	 68700000	25
chr13	 70150000	 73200000	61
chr13	 71300000	 73350000	41
chr13	 71450000	 72550000	22
chr13	 71600000	 71900000	6
chr13	 72300000	 70550000	35
chr13	 72400000	 71100000	26
chr13	 73050000	 72450000	12
chr13	 73500000	 74300000	16
chr13	 73700000	 72300000	28
chr13	 73700000	 73200000	10
chr13	 75900000	 74100000	36
chr13	 78400000	 80000000	32
chr13	 83250000	 81050000	44
chr13	 83900000	 85850000	39
chr13	 85650000	 85350000	6
chr13	 89550000	 88700000	17
chr13	 89800000	 89000000	16
chr13	 91150000	 91650000	10
chr13	 91450000	 91800000	7
chr13	 94300000	 98200000	78
chr13	 94750000	 93600000	23
chr13	 94900000	 94050000	17
chr13	 99450000	 98050000	28
chr13	101350000	102400000	21
chr13	101800000	103600000	36
chr13	101850000	101250000	12
chr13	101900000	103250000	27
chr13	103350000	104800000	29
chr13	105050000	105900000	17
chr13	106300000	104950000	27
chr13	107750000	106350000	28
chr13	108400000	109000000	12
chr13	109000000	110550000	31
chr13	109300000	107600000	34
chr13	111550000	112600000	21
chr13	114200000	113850000	7
chr13	116600000	117900000	26
chr13	118150000	116350000	36
chr13	118500000	120300000	36
chr14	  1000000	  1750000	15
chr14	  1700000	  3000000	26
chr14	  2250000	  2950000	14
chr14	  2550000	   300000	45
chr14	  6000000	  3950000	41
chr14	  7450000	  6150000	26
chr14	  8750000	  7100000	33
chr14	  9650000	  8750000	18
chr14	 10750000	 12000000	25
chr14	 11450000	 12300000	17
chr14	 11700000	 10700000	20
chr14	 12200000	 13750000	31
chr14	 12750000	 13400000	13
chr14	 13900000	 12900000	20
chr14	 14600000	 13900000	14
chr14	 16150000	 15350000	16
chr14	 16450000	 15400000	21
chr14	 17450000	 19650000	44
chr14	 18650000	 18200000	9
chr14	 19650000	 18550000	22
chr14	 20850000	 19150000	34
chr14	 21900000	 21250000	13
chr14	 23800000	 24600000	16
chr14	 25800000	 26950000	23
chr14	 26600000	 27100000	10
chr14	 27150000	 28100000	19
chr14	 27500000	 29500000	40
chr14	 28050000	 26550000	30
chr14	 28050000	 28850000	16
chr14	 28950000	 29400000	9
chr14	 30000000	 29200000	16
chr14	 30650000	 29200000	29
chr14	 32350000	 31600000	15
chr14	 33150000	 32900000	5
chr14	 34500000	 36250000	35
chr14	 35100000	 35600000	10
chr14	 35400000	 36350000	19
chr14	 35800000	 37350000	31
chr14	 36450000	 37650000	24
chr14	 37850000	 40150000	46
chr14	 38350000	 36400000	39
chr14	 38800000	 37450000	27
chr14	 39350000	 38750000	12
chr14	 40750000	 41800000	21
chr14	 43500000	 43800000	6
chr14	 43850000	 43850000	0
chr14	 44950000	 45950000	20
chr14	 45950000	 48000000	41
chr14	 48400000	 49100000	14
chr14	 50900000	 48400000	50
chr14	 51000000	 49450000	31
chr14	 53500000	 55350000	37
chr14	 54750000	 53550000	24
chr14	 55500000	 54500000	20
chr14	 57100000	 55850000	25
chr14	 57350000	 58650000	26
chr14	 59000000	 58100000	18
chr14	 59250000	 60100000	17
chr14	 59600000	 64550000	99
chr14	 60650000	 62300000	33
chr14	 65000000	 64150000	17
chr14	 67050000	 68000000	19
chr14	 67400000	 68300000	18
chr14	 74200000	 72450000	35
chr14	 74400000	 75800000	28
chr14	 76750000	 74450000	46
chr14	 76750000	 76150000	12
chr14	 76800000	 75650000	23
chr14	 78550000	 77150000	28
chr14	 79850000	 78600000	25
chr14	 81500000	 83200000	34
chr14	 82850000	 81200000	33
chr14	 83100000	 81950000	23
chr14	 83900000	 84750000	17
chr14	 83950000	 86300000	47
chr14	 84300000	 83600000	14
chr14	 84850000	 84150000	14
chr14	 86200000	 85350000	17
chr14	 91500000	 92500000	20
chr14	 92150000	 91300000	17
chr14	 92800000	 93900000	22
chr14	 93200000	 91550000	33
chr14	 93500000	 92650000	17
chr14	 95100000	 94200000	18
chr14	 97050000	 98700000	33
chr14	 98500000	 99650000	23
chr14	103500000	106850000	67
chr14	103950000	104950000	20
chr14	104300000	105350000	21
chr14	108550000	109650000	22
chr14	111650000	112550000	18
chr14	114400000	115550000	23
chr14	115700000	117100000	28
chr14	118000000	117450000	11
chr14	123650000	124900000	25
chr14	124100000	123050000	21
chr15	   500000	  1200000	14
chr15	  3350000	  4050000	14
chr15	  4050000	  5300000	25
chr15	  4450000	  3700000	15
chr15	  6050000	  6800000	15
chr15	  7650000	  9950000	46
chr15	  9150000	 12250000	62
chr15	 10350000	 11850000	30
chr15	 11650000	 12150000	10
chr15	 14400000	 14100000	6
chr15	 15400000	 14400000	20
chr15	 15850000	 17550000	34
chr15	 18100000	 17300000	16
chr15	 19500000	 20900000	28
chr15	 19950000	 21400000	29
chr15	 22600000	 21500000	22
chr15	 23450000	 24200000	15
chr15	 24200000	 23650000	11
chr15	 24600000	 24250000	7
chr15	 28000000	 30300000	46
chr15	 29200000	 27950000	25
chr15	 32400000	 33050000	13
chr15	 34750000	 36250000	30
chr15	 35700000	 35700000	0
chr15	 36100000	 36600000	10
chr15	 36650000	 38000000	27
chr15	 37950000	 37550000	8
chr15	 38650000	 40050000	28
chr15	 38850000	 38600000	5
chr15	 40200000	 38700000	30
chr15	 40950000	 42900000	39
chr15	 41750000	 43100000	27
chr15	 42000000	 40450000	31
chr15	 43250000	 44250000	20
chr15	 48250000	 46950000	26
chr15	 48350000	 51750000	68
chr15	 50700000	 48850000	37
chr15	 50850000	 48800000	41
chr15	 50900000	 51650000	15
chr15	 51200000	 52650000	29
chr15	 51950000	 52600000	13
chr15	 53000000	 52150000	17
chr15	 55000000	 53000000	40
chr15	 55800000	 56250000	9
chr15	 57650000	 56300000	27
chr15	 58850000	 57200000	33
chr15	 61250000	 59900000	27
chr15	 61250000	 60950000	6
chr15	 61450000	 63150000	34
chr15	 64400000	 65700000	26
chr15	 64800000	 65500000	14
chr15	 65350000	 64250000	22
chr15	 65550000	 64400000	23
chr15	 65750000	 64050000	34
chr15	 66150000	 64550000	32
chr15	 69550000	 67550000	40
chr15	 71450000	 72100000	13
chr15	 71500000	 70700000	16
chr15	 72700000	 73500000	16
chr15	 78000000	 79000000	20
chr15	 79200000	 81200000	40
chr15	 80350000	 81350000	20
chr15	 81200000	 82200000	20
chr15	 81600000	 80500000	22
chr15	 84050000	 82750000	26
chr15	 84950000	 86800000	37
chr15	 85750000	 86900000	23
chr15	 86850000	 85650000	24
chr15	 88450000	 87400000	21
chr15	 88950000	 91200000	45
chr15	 90300000	 91350000	21
chr15	 91100000	 90200000	18
chr15	 91750000	 93000000	25
chr15	 92100000	 92700000	12
chr15	 92450000	 93450000	20
chr15	 93350000	 94100000	15
chr15	 94000000	 92050000	39
chr15	 94600000	 96100000	30
chr15	 94900000	 93850000	21
chr15	 94900000	 95850000	19
chr15	 96200000	 98850000	53
chr15	 99050000	 97450000	32
chr15	 99350000	 98850000	10
chr15	 99450000	100450000	20
chr15	101700000	 99950000	35
chr16	  5400000	  7250000	37
chr16	  5750000	  5050000	14
chr16	  6250000	  5450000	16
chr16	  6700000	  8800000	42
chr16	  7550000	  6550000	20
chr16	  7950000	  6900000	21
chr16	 10700000	 11800000	22
chr16	 12100000	 11200000	18
chr16	 12450000	 11400000	21
chr16	 13000000	 11700000	26
chr16	 14450000	 15200000	15
chr16	 15050000	 16750000	34
chr16	 18750000	 18200000	11
chr16	 23700000	 23150000	11
chr16	 23800000	 24750000	19
chr16	 24450000	 25450000	20
chr16	 26100000	 26750000	13
chr16	 28200000	 27400000	16
chr16	 28600000	 26650000	39
chr16	 29250000	 28350000	18
chr16	 29850000	 27850000	40
chr16	 31150000	 31750000	12
chr16	 32950000	 34050000	22
chr16	 35200000	 32200000	60
chr16	 35350000	 34900000	9
chr16	 36050000	 36650000	12
chr16	 36150000	 37000000	17
chr16	 39250000	 40400000	23
chr16	 39750000	 40300000	11
chr16	 45350000	 44000000	27
chr16	 47700000	 47250000	9
chr16	 50150000	 48950000	24
chr16	 50200000	 48400000	36
chr16	 50850000	 51150000	6
chr16	 55000000	 53150000	37
chr16	 55850000	 55850000	0
chr16	 57150000	 56050000	22
chr16	 57400000	 56850000	11
chr16	 57500000	 56500000	20
chr16	 58400000	 60500000	42
chr16	 58700000	 58000000	14
chr16	 61500000	 60000000	30
chr16	 61750000	 63650000	38
chr16	 62300000	 61550000	15
chr16	 64150000	 63700000	9
chr16	 64900000	 66100000	24
chr16	 65050000	 63500000	31
chr16	 65450000	 63650000	36
chr16	 66900000	 67200000	6
chr16	 68550000	 68150000	8
chr16	 69750000	 70200000	9
chr16	 70500000	 69700000	16
chr16	 71500000	 72100000	12
chr16	 72850000	 71700000	23
chr16	 73050000	 74350000	26
chr16	 73700000	 72250000	29
chr16	 74200000	 76250000	41
chr16	 75050000	 75300000	5
chr16	 77150000	 76300000	17
chr16	 78000000	 77750000	5
chr16	 79900000	 80100000	4
chr16	 80100000	 79350000	15
chr16	 80200000	 79100000	22
chr16	 80450000	 79900000	11
chr16	 81750000	 82650000	18
chr16	 82750000	 80950000	36
chr16	 83350000	 81800000	31
chr16	 83800000	 83000000	16
chr16	 85700000	 86100000	8
chr16	 86100000	 85200000	18
chr16	 86600000	 86000000	12
chr16	 87800000	 86700000	22
chr16	 89150000	 89700000	11
chr16	 89450000	 90400000	19
chr16	 90500000	 88600000	38
chr16	 90800000	 93300000	50
chr16	 91450000	 91100000	7
chr16	 91650000	 93550000	38
chr16	 93900000	 92800000	22
chr16	 94650000	 93200000	29
chr16	 95150000	 96400000	25
chr16	 96700000	 97500000	16
chr16	 96900000	 97850000	19
chr17	   650000	  1750000	22
chr17	   800000	  1500000	14
chr17	  2250000	  5200000	59
chr17	  4400000	  4800000	8
chr17	  6000000	  4050000	39
chr17	  7150000	  8450000	26
chr17	  9000000	 11200000	44
chr17	 10150000	 11200000	21
chr17	 12050000	 13350000	26
chr17	 12650000	 13350000	14
chr17	 13400000	 14600000	24
chr17	 15250000	 13850000	28
chr17	 15350000	 16700000	27
chr17	 17250000	 17250000	0
chr17	 18850000	 20200000	27
chr17	 24500000	 23300000	24
chr17	 25600000	 24850000	15
chr17	 31300000	 31300000	0
chr17	 32550000	 31100000	29
chr17	 35400000	 36650000	25
chr17	 35800000	 34600000	24
chr17	 40800000	 39500000	26
chr17	 43800000	 44800000	20
chr17	 46950000	 47550000	12
chr17	 47950000	 47000000	19
chr17	 48650000	 49800000	23
chr17	 48950000	 48250000	14
chr17	 50250000	 48850000	28
chr17	 50850000	 49150000	34
chr17	 54900000	 56000000	22
chr17	 56450000	 59550000	62
chr17	 58900000	 58000000	18
chr17	 60100000	 58800000	26
chr17	 60650000	 61800000	23
chr17	 60950000	 62500000	31
chr17	 62050000	 62800000	15
chr17	 62400000	 63800000	28
chr17	 62850000	 64000000	23
chr17	 62900000	 64100000	24
chr17	 65850000	 65150000	14
chr17	 66550000	 67700000	23
chr17	 74800000	 75800000	20
chr17	 76250000	 77000000	15
chr17	 81100000	 81950000	17
chr17	 82400000	 83600000	24
chr17	 83650000	 83300000	7
chr17	 84100000	 82400000	34
chr17	 85900000	 85200000	14
chr17	 87000000	 87600000	12
chr17	 87900000	 85850000	41
chr17	 92850000	 93700000	17
chr17	 92950000	 92100000	17
chr17	 94200000	 94700000	10
chr18	  1100000	   900000	4
chr18	  1400000	  2650000	25
chr18	  2500000	  2050000	9
chr18	  5050000	  5650000	12
chr18	  5350000	  6000000	13
chr18	  6250000	  6950000	14
chr18	  7000000	  7600000	12
chr18	 12300000	 11300000	20
chr18	 13000000	 14700000	34
chr18	 13450000	 12050000	28
chr18	 14000000	 15400000	28
chr18	 15000000	 15450000	9
chr18	 18150000	 17700000	9
chr18	 20700000	 18950000	35
chr18	 22200000	 24300000	42
chr18	 22400000	 22800000	8
chr18	 22500000	 23550000	21
chr18	 24300000	 24950000	13
chr18	 25050000	 26500000	29
chr18	 26550000	 27300000	15
chr18	 28250000	 27400000	17
chr18	 29550000	 27450000	42
chr18	 30150000	 32100000	39
chr18	 33450000	 34900000	29
chr18	 34000000	 33000000	20
chr18	 34500000	 33350000	23
chr18	 38500000	 39400000	18
chr18	 38850000	 39700000	17
chr18	 39050000	 38150000	18
chr18	 39700000	 40900000	24
chr18	 42450000	 41050000	28
chr18	 43350000	 42800000	11
chr18	 43950000	 45000000	21
chr18	 44500000	 43600000	18
chr18	 44800000	 45200000	8
chr18	 45950000	 44800000	23
chr18	 46850000	 47750000	18
chr18	 47150000	 46100000	21
chr18	 47250000	 48750000	30
chr18	 48450000	 49450000	20
chr18	 51000000	 53900000	58
chr18	 52850000	 53600000	15
chr18	 55750000	 54850000	18
chr18	 58200000	 55850000	47
chr18	 58700000	 60350000	33
chr18	 59000000	 57600000	28
chr18	 60100000	 59600000	10
chr18	 63050000	 63700000	13
chr18	 64050000	 63000000	21
chr18	 65150000	 66350000	24
chr18	 67350000	 66300000	21
chr18	 67350000	 66350000	20
chr18	 70200000	 72050000	37
chr18	 70850000	 69150000	34
chr18	 71550000	 70350000	24
chr18	 72400000	 73500000	22
chr18	 73150000	 72200000	19
chr18	 74200000	 74600000	8
chr18	 74850000	 73350000	30
chr18	 75300000	 76700000	28
chr18	 76350000	 76100000	5
chr18	 77550000	 75000000	51
chr18	 77800000	 78900000	22
chr18	 79150000	 79800000	13
chr18	 80100000	 80850000	15
chr18	 80350000	 79300000	21
chr18	 83250000	 82250000	20
chr18	 83300000	 82800000	10
chr18	 85300000	 81850000	69
chr18	 86850000	 87450000	12
chr18	 90250000	 89000000	25
chr18	 90600000	 89400000	24
chr19	   650000	  1750000	22
chr19	   750000	  2550000	36
chr19	  2300000	  4150000	37
chr19	  2650000	  3300000	13
chr19	  3750000	  4300000	11
chr19	  4600000	  5350000	15
chr19	  7100000	  7750000	13
chr19	 14600000	 15600000	20
chr19	 16050000	 17100000	21
chr19	 17150000	 16050000	22
chr19	 17900000	 18600000	14
chr19	 18950000	 18150000	16
chr19	 19350000	 18700000	13
chr19	 20500000	 18700000	36
chr19	 22850000	 23650000	16
chr19	 23900000	 24150000	5
chr19	 24950000	 25650000	14
chr19	 24950000	 26500000	31
chr19	 25650000	 24700000	19
chr19	 28000000	 29550000	31
chr19	 29350000	 29700000	7
chr19	 29950000	 31100000	23
chr19	 30500000	 30200000	6
chr19	 30750000	 34250000	70
chr19	 33000000	 32450000	11
chr19	 33450000	 34250000	16
chr19	 34500000	 34250000	5
chr19	 35200000	 34000000	24
chr19	 35900000	 35100000	16
chr19	 36050000	 37100000	21
chr19	 39400000	 37350000	41
chr19	 40000000	 37400000	52
chr19	 40000000	 39200000	16
chr19	 41250000	 43550000	46
chr19	 41350000	 40450000	18
chr19	 44750000	 44100000	13
chr19	 46650000	 45450000	24
chr19	 47350000	 48000000	13
chr19	 49150000	 50200000	21
chr19	 50150000	 48750000	28
chr19	 50200000	 48900000	26
chr19	 53500000	 52900000	12
chr19	 57550000	 56550000	20
chr19	 58300000	 60050000	35
chr2	   900000	   100000	16
chr2	  6100000	  6800000	14
chr2	 10050000	  9250000	16
chr2	 12750000	 13900000	23
chr2	 13200000	 11750000	29
chr2	 14800000	 15150000	7
chr2	 15250000	 14350000	18
chr2	 17000000	 15650000	27
chr2	 21500000	 23400000	38
chr2	 22700000	 20850000	37
chr2	 24800000	 25850000	21
chr2	 27700000	 26800000	18
chr2	 29300000	 30500000	24
chr2	 30750000	 30400000	7
chr2	 31200000	 29900000	26
chr2	 33050000	 31850000	24
chr2	 34000000	 35200000	24
chr2	 35150000	 37600000	49
chr2	 36300000	 35050000	25
chr2	 38950000	 37650000	26
chr2	 43500000	 43500000	0
chr2	 44350000	 44950000	12
chr2	 44350000	 45200000	17
chr2	 45050000	 46650000	32
chr2	 45250000	 44450000	16
chr2	 45450000	 44150000	26
chr2	 47350000	 46600000	15
chr2	 47800000	 46550000	25
chr2	 48200000	 47400000	16
chr2	 48200000	 48950000	15
chr2	 49350000	 48900000	9
chr2	 54200000	 55300000	22
chr2	 56050000	 57550000	30
chr2	 61000000	 59950000	21
chr2	 61800000	 62950000	23
chr2	 62950000	 64250000	26
chr2	 66150000	 67000000	17
chr2	 67200000	 67550000	7
chr2	 70400000	 69750000	13
chr2	 71600000	 73050000	29
chr2	 72600000	 74450000	37
chr2	 72900000	 72100000	16
chr2	 74400000	 76850000	49
chr2	 75700000	 73700000	40
chr2	 79300000	 80500000	24
chr2	 79950000	 80500000	11
chr2	 80100000	 81850000	35
chr2	 80200000	 79150000	21
chr2	 80550000	 81300000	15
chr2	 80550000	 82850000	46
chr2	 83750000	 84700000	19
chr2	 84650000	 83700000	19
chr2	 85150000	 87400000	45
chr2	 86150000	 86550000	8
chr2	 88000000	 87050000	19
chr2	 88300000	 87550000	15
chr2	 90850000	 90550000	6
chr2	 91350000	 90750000	12
chr2	 92350000	 91300000	21
chr2	 93050000	 94250000	24
chr2	 93800000	 94800000	20
chr2	 94800000	 92950000	37
chr2	 95300000	 96300000	20
chr2	 96850000	 96250000	12
chr2	 97250000	 99000000	35
chr2	 97600000	 98750000	23
chr2	 99000000	 97650000	27
chr2	 99050000	100350000	26
chr2	100550000	 99300000	25
chr2	106800000	106100000	14
chr2	109000000	110350000	27
chr2	109800000	110800000	20
chr2	110350000	111200000	17
chr2	110750000	110250000	10
chr2	112900000	112550000	7
chr2	113350000	114350000	20
chr2	113650000	114500000	17
chr2	114400000	114900000	10
chr2	114500000	113300000	24
chr2	115700000	117050000	27
chr2	115850000	116600000	15
chr2	118300000	119900000	32
chr2	120150000	119350000	16
chr2	121700000	121250000	9
chr2	122100000	120700000	28
chr2	122350000	122850000	10
chr2	123100000	123700000	12
chr2	124900000	124600000	6
chr2	125150000	127850000	54
chr2	129300000	128750000	11
chr2	132150000	131550000	12
chr2	136050000	135300000	15
chr2	136450000	135800000	13
chr2	137500000	136250000	25
chr2	139050000	137900000	23
chr2	139900000	136950000	59
chr2	141150000	141950000	16
chr2	147350000	146100000	25
chr2	147500000	148200000	14
chr2	148400000	147350000	21
chr2	149300000	148250000	21
chr2	151350000	154500000	63
chr2	154200000	154700000	10
chr2	154550000	153500000	21
chr2	155250000	154150000	22
chr2	155250000	156050000	16
chr2	157550000	158050000	10
chr2	159300000	158500000	16
chr2	159300000	161500000	44
chr2	160600000	161500000	18
chr2	166700000	165350000	27
chr2	167950000	168250000	6
chr2	169150000	169500000	7
chr2	170800000	171850000	21
chr2	171450000	172750000	26
chr2	172350000	171000000	27
chr2	175350000	174800000	11
chr2	175600000	176250000	13
chr2	175650000	176950000	26
chr2	176000000	177800000	36
chr2	176550000	176400000	3
chr2	178050000	178500000	9
chr2	178300000	179900000	32
chr2	180950000	178050000	58
chr2	180950000	181400000	9
chr2	181350000	180500000	17
chr3	  1100000	  2150000	21
chr3	  3050000	  4050000	20
chr3	  4250000	  4450000	4
chr3	  5550000	  7200000	33
chr3	  6750000	  6000000	15
chr3	  8650000	  7050000	32
chr3	 10050000	  9400000	13
chr3	 12850000	 13500000	13
chr3	 13200000	 12000000	24
chr3	 13700000	 14650000	19
chr3	 13850000	 14650000	16
chr3	 16500000	 16350000	3
chr3	 20000000	 20850000	17
chr3	 20750000	 21700000	19
chr3	 21150000	 21950000	16
chr3	 21850000	 21250000	12
chr3	 21950000	 23350000	28
chr3	 24750000	 23100000	33
chr3	 25050000	 24650000	8
chr3	 25450000	 23700000	35
chr3	 25800000	 24950000	17
chr3	 25950000	 24900000	21
chr3	 26500000	 25500000	20
chr3	 27700000	 28850000	23
chr3	 30150000	 28950000	24
chr3	 31350000	 30550000	16
chr3	 33500000	 35000000	30
chr3	 33950000	 32200000	35
chr3	 34200000	 34800000	12
chr3	 34550000	 33800000	15
chr3	 36150000	 34400000	35
chr3	 36450000	 38400000	39
chr3	 36950000	 37350000	8
chr3	 38150000	 38700000	11
chr3	 40300000	 41050000	15
chr3	 41800000	 40650000	23
chr3	 42600000	 43600000	20
chr3	 43250000	 41800000	29
chr3	 44950000	 43800000	23
chr3	 45200000	 43250000	39
chr3	 45250000	 44350000	18
chr3	 47950000	 49350000	28
chr3	 48550000	 51100000	51
chr3	 49650000	 50600000	19
chr3	 50800000	 51900000	22
chr3	 51050000	 50750000	6
chr3	 52800000	 51800000	20
chr3	 52900000	 51900000	20
chr3	 53200000	 52200000	20
chr3	 53200000	 54450000	25
chr3	 54050000	 55650000	32
chr3	 56400000	 53850000	51
chr3	 57550000	 57000000	11
chr3	 57700000	 59750000	41
chr3	 58950000	 58500000	9
chr3	 60550000	 61650000	22
chr3	 62000000	 62750000	15
chr3	 62600000	 64450000	37
chr3	 63000000	 64100000	22
chr3	 64750000	 65800000	21
chr3	 66300000	 65900000	8
chr3	 67350000	 67950000	12
chr3	 69750000	 69100000	13
chr3	 70650000	 71750000	22
chr3	 72800000	 72300000	10
chr3	 74350000	 70550000	76
chr3	 75500000	 73700000	36
chr3	 76450000	 77050000	12
chr3	 76650000	 77200000	11
chr3	 78700000	 80500000	36
chr3	 80700000	 83700000	60
chr3	 82200000	 80700000	30
chr3	 84300000	 82900000	28
chr3	 87100000	 88400000	26
chr3	 87850000	 87500000	7
chr3	 88050000	 87500000	11
chr3	 88400000	 87300000	22
chr3	 88850000	 87700000	23
chr3	 89700000	 91750000	41
chr3	 89800000	 89250000	11
chr3	 90650000	 91700000	21
chr3	 92700000	 90550000	43
chr3	 93450000	 94100000	13
chr3	 94150000	 92800000	27
chr3	 94250000	 94000000	5
chr3	 96650000	 97300000	13
chr3	 98350000	 97350000	20
chr3	 99100000	100450000	27
chr3	100150000	101650000	30
chr3	101450000	103900000	49
chr3	101850000	102900000	21
chr3	103150000	104650000	30
chr3	103650000	104050000	8
chr3	104000000	103600000	8
chr3	105600000	106700000	22
chr3	106650000	108500000	37
chr3	109050000	111200000	43
chr3	110450000	111300000	17
chr3	111850000	111850000	0
chr3	112100000	111300000	16
chr3	112200000	110500000	34
chr3	112750000	114250000	30
chr3	113050000	112250000	16
chr3	115450000	116600000	23
chr3	118400000	119250000	17
chr3	118850000	121250000	48
chr3	119700000	117200000	50
chr3	120300000	119350000	19
chr3	120750000	120250000	10
chr3	121700000	124000000	46
chr3	123150000	124200000	21
chr3	123300000	121500000	36
chr3	125500000	127100000	32
chr3	125850000	126750000	18
chr3	131900000	132350000	9
chr3	136000000	134400000	32
chr3	136000000	135200000	16
chr3	139200000	137750000	29
chr3	140050000	140650000	12
chr3	140850000	139750000	22
chr3	141900000	140450000	29
chr3	142250000	142700000	9
chr3	142850000	141450000	28
chr3	144300000	143250000	21
chr3	147000000	147850000	17
chr3	149000000	147350000	33
chr3	149000000	149800000	16
chr3	149550000	148100000	29
chr3	154900000	156400000	30
chr3	155050000	154750000	6
chr3	156300000	157300000	20
chr3	157750000	156600000	23
chr3	158000000	158400000	8
chr3	158250000	159700000	29
chr4	  2200000	   850000	27
chr4	  4100000	  5150000	21
chr4	  4400000	  3150000	25
chr4	  5450000	  4100000	27
chr4	  5550000	  4450000	22
chr4	  6300000	  3900000	48
chr4	  6300000	  8350000	41
chr4	  6350000	  7150000	16
chr4	  7400000	 11100000	74
chr4	  7800000	  9650000	37
chr4	  8350000	  7300000	21
chr4	  9550000	  8950000	12
chr4	 11100000	 12400000	26
chr4	 12350000	 15150000	56
chr4	 16650000	 14400000	45
chr4	 17700000	 16500000	24
chr4	 19650000	 18450000	24
chr4	 22500000	 22000000	10
chr4	 23150000	 24250000	22
chr4	 23450000	 23100000	7
chr4	 24050000	 22550000	30
chr4	 24750000	 23750000	20
chr4	 25150000	 23650000	30
chr4	 25850000	 25400000	9
chr4	 26550000	 25400000	23
chr4	 26850000	 28750000	38
chr4	 27950000	 28750000	16
chr4	 29000000	 28000000	20
chr4	 29150000	 26700000	49
chr4	 30000000	 28950000	21
chr4	 30450000	 32450000	40
chr4	 31050000	 30250000	16
chr4	 32600000	 30800000	36
chr4	 34550000	 30950000	72
chr4	 35200000	 34200000	20
chr4	 38700000	 39600000	18
chr4	 40550000	 41500000	19
chr4	 41700000	 39950000	35
chr4	 42700000	 42050000	13
chr4	 42750000	 44200000	29
chr4	 44950000	 44500000	9
chr4	 48500000	 48950000	9
chr4	 48500000	 50150000	33
chr4	 51600000	 50900000	14
chr4	 52700000	 51000000	34
chr4	 53200000	 52900000	6
chr4	 54650000	 51100000	71
chr4	 54900000	 53800000	22
chr4	 55400000	 55400000	0
chr4	 55900000	 57050000	23
chr4	 56500000	 56750000	5
chr4	 58550000	 60300000	35
chr4	 58750000	 60700000	39
chr4	 59600000	 61000000	28
chr4	 59650000	 60600000	19
chr4	 60350000	 60600000	5
chr4	 61000000	 61650000	13
chr4	 61450000	 62500000	21
chr4	 61500000	 62950000	29
chr4	 62700000	 63500000	16
chr4	 69200000	 70050000	17
chr4	 69400000	 69600000	4
chr4	 69700000	 71400000	34
chr4	 71050000	 70050000	20
chr4	 72400000	 73250000	17
chr4	 74150000	 72650000	30
chr4	 75350000	 76200000	17
chr4	 77250000	 75500000	35
chr4	 78450000	 77800000	13
chr4	 82600000	 81550000	21
chr4	 83250000	 81500000	35
chr4	 86000000	 85350000	13
chr4	 87950000	 89400000	29
chr4	 89100000	 91700000	52
chr4	 89150000	 90050000	18
chr4	 90900000	 90000000	18
chr4	 91150000	 91550000	8
chr4	 91850000	 93600000	35
chr4	 92700000	 93500000	16
chr4	 93250000	 92050000	24
chr4	 95850000	 94650000	24
chr4	 96900000	 95900000	20
chr4	 97900000	 98800000	18
chr4	 98300000	 98800000	10
chr4	 98700000	 97150000	31
chr4	100500000	 99450000	21
chr4	100800000	101250000	9
chr4	102950000	103150000	4
chr4	105050000	101750000	66
chr4	106250000	106750000	10
chr4	106950000	104450000	50
chr4	108250000	107400000	17
chr4	109100000	109300000	4
chr4	110400000	112400000	40
chr4	113150000	113550000	8
chr4	113600000	111700000	38
chr4	113800000	114850000	21
chr4	113950000	114600000	13
chr4	114300000	114950000	13
chr4	114600000	115300000	14
chr4	116750000	117550000	16
chr4	117250000	116000000	25
chr4	117700000	116850000	17
chr4	118250000	117800000	9
chr4	120050000	119350000	14
chr4	120500000	117100000	68
chr4	122600000	121150000	29
chr4	123650000	125000000	27
chr4	124650000	125850000	24
chr4	126700000	126150000	11
chr4	128100000	124850000	65
chr4	131700000	132300000	12
chr4	132050000	131550000	10
chr4	133100000	131700000	28
chr4	136050000	136500000	9
chr4	137950000	138800000	17
chr4	139050000	139650000	12
chr4	139400000	140700000	26
chr4	141950000	143650000	34
chr4	142150000	139950000	44
chr4	142750000	140000000	55
chr4	143300000	142300000	20
chr4	144850000	142000000	57
chr4	145000000	146500000	30
chr4	150550000	149650000	18
chr4	151850000	152650000	16
chr4	153550000	152700000	17
chr4	156500000	155750000	15
chr5	  2700000	  2200000	10
chr5	  2800000	  1550000	25
chr5	  3150000	  4050000	18
chr5	  3450000	  2450000	20
chr5	  3450000	  4300000	17
chr5	  5900000	  5200000	14
chr5	  6350000	  6850000	10
chr5	  8700000	  8950000	5
chr5	  9250000	 10800000	31
chr5	 12900000	 12700000	4
chr5	 13050000	 13400000	7
chr5	 13900000	 15800000	38
chr5	 15000000	 13400000	32
chr5	 15750000	 15250000	10
chr5	 19750000	 19200000	11
chr5	 20050000	 20750000	14
chr5	 20350000	 19450000	18
chr5	 20850000	 22600000	35
chr5	 22550000	 21700000	17
chr5	 22600000	 23100000	10
chr5	 22650000	 24250000	32
chr5	 25700000	 26450000	15
chr5	 26200000	 25750000	9
chr5	 27150000	 27650000	10
chr5	 28050000	 29450000	28
chr5	 32200000	 33950000	35
chr5	 32500000	 33950000	29
chr5	 34950000	 37350000	48
chr5	 35800000	 34400000	28
chr5	 37550000	 37550000	0
chr5	 40850000	 41450000	12
chr5	 41950000	 41200000	15
chr5	 42200000	 41850000	7
chr5	 42500000	 43100000	12
chr5	 43700000	 45050000	27
chr5	 46450000	 46950000	10
chr5	 51200000	 52600000	28
chr5	 53000000	 53950000	19
chr5	 53300000	 54200000	18
chr5	 54600000	 55550000	19
chr5	 56800000	 55800000	20
chr5	 57350000	 56850000	10
chr5	 58050000	 58500000	9
chr5	 58900000	 59450000	11
chr5	 61350000	 61700000	7
chr5	 61400000	 58350000	61
chr5	 62450000	 63850000	28
chr5	 66650000	 64100000	51
chr5	 67500000	 68650000	23
chr5	 69400000	 68800000	12
chr5	 69550000	 68500000	21
chr5	 72650000	 73550000	18
chr5	 74000000	 75000000	20
chr5	 74650000	 76750000	42
chr5	 74800000	 75300000	10
chr5	 75050000	 75750000	14
chr5	 76050000	 73650000	48
chr5	 76500000	 77650000	23
chr5	 77450000	 76400000	21
chr5	 80450000	 81000000	11
chr5	 80500000	 79950000	11
chr5	 81700000	 82100000	8
chr5	 84400000	 82400000	40
chr5	 85250000	 87200000	39
chr5	 90600000	 86000000	92
chr5	 90750000	 90100000	13
chr5	 90750000	 91100000	7
chr5	 90800000	 91250000	9
chr5	 91250000	 92000000	15
chr5	 91900000	 92650000	15
chr5	 92950000	 92050000	18
chr5	 93350000	 94700000	27
chr5	 93800000	 92650000	23
chr5	 94500000	 95150000	13
chr5	 95050000	 93500000	31
chr5	 95200000	 93250000	39
chr5	 96100000	 94400000	34
chr5	 96700000	 96150000	11
chr5	 97100000	 97650000	11
chr5	 98150000	 97900000	5
chr5	 98600000	 99300000	14
chr5	 99300000	100100000	16
chr5	101550000	102400000	17
chr5	102250000	101500000	15
chr5	106150000	108900000	55
chr5	106950000	106200000	15
chr5	107350000	108700000	27
chr5	108750000	106150000	52
chr5	112250000	114950000	54
chr5	112450000	112000000	9
chr5	112900000	111950000	19
chr5	113150000	111750000	28
chr5	113450000	115900000	49
chr5	114600000	116100000	30
chr5	114750000	116300000	31
chr5	114950000	114050000	18
chr5	115700000	114100000	32
chr5	116300000	116950000	13
chr5	117200000	119000000	36
chr5	118550000	118750000	4
chr5	118900000	117950000	19
chr5	119000000	117650000	27
chr5	121150000	119900000	25
chr5	122500000	121400000	22
chr5	124750000	126600000	37
chr5	124850000	125450000	12
chr5	124850000	125950000	22
chr5	125250000	126400000	23
chr5	125300000	125100000	4
chr5	125550000	124800000	15
chr5	126300000	127450000	23
chr5	126600000	125350000	25
chr5	126900000	127950000	21
chr5	127400000	126650000	15
chr5	127850000	127550000	6
chr5	130750000	131750000	20
chr5	131250000	130150000	22
chr5	133950000	132600000	27
chr5	135200000	134050000	23
chr5	136850000	136400000	9
chr5	137400000	138050000	13
chr5	139900000	139200000	14
chr5	142100000	140550000	31
chr5	144150000	144900000	15
chr5	146500000	147350000	17
chr5	146900000	145700000	24
chr5	148350000	147450000	18
chr5	151100000	150300000	16
chr6	  3150000	  2300000	17
chr6	  4400000	  6850000	49
chr6	  7500000	  8350000	17
chr6	  8950000	  9600000	13
chr6	  9050000	  5700000	67
chr6	 10400000	  9150000	25
chr6	 10450000	 12400000	39
chr6	 14300000	 13650000	13
chr6	 16400000	 15700000	14
chr6	 17350000	 19500000	43
chr6	 19250000	 17100000	43
chr6	 20900000	 20300000	12
chr6	 21100000	 20250000	17
chr6	 21700000	 23850000	43
chr6	 22800000	 23650000	17
chr6	 23750000	 22400000	27
chr6	 24800000	 24050000	15
chr6	 25100000	 23800000	26
chr6	 27300000	 26350000	19
chr6	 28050000	 27100000	19
chr6	 28350000	 31200000	57
chr6	 28750000	 29450000	14
chr6	 29350000	 30750000	28
chr6	 29700000	 28650000	21
chr6	 29750000	 27950000	36
chr6	 30450000	 29400000	21
chr6	 31550000	 33250000	34
chr6	 31650000	 30650000	20
chr6	 32150000	 33400000	25
chr6	 32250000	 31500000	15
chr6	 33750000	 34700000	19
chr6	 38350000	 37050000	26
chr6	 38600000	 37600000	20
chr6	 39950000	 39550000	8
chr6	 40850000	 39750000	22
chr6	 41400000	 40400000	20
chr6	 45650000	 44900000	15
chr6	 45900000	 45300000	12
chr6	 48900000	 48150000	15
chr6	 49150000	 48400000	15
chr6	 49350000	 50950000	32
chr6	 50150000	 49600000	11
chr6	 52050000	 51600000	9
chr6	 56050000	 55650000	8
chr6	 56450000	 57300000	17
chr6	 57950000	 56700000	25
chr6	 60700000	 59900000	16
chr6	 61100000	 61800000	14
chr6	 62300000	 61700000	12
chr6	 64250000	 65150000	18
chr6	 65550000	 64400000	23
chr6	 67150000	 68050000	18
chr6	 68300000	 70500000	44
chr6	 68650000	 69750000	22
chr6	 69100000	 70300000	24
chr6	 69500000	 68250000	25
chr6	 69800000	 69400000	8
chr6	 70500000	 68650000	37
chr6	 71100000	 71750000	13
chr6	 72050000	 71250000	16
chr6	 72600000	 72250000	7
chr6	 73100000	 72100000	20
chr6	 78000000	 76600000	28
chr6	 78950000	 78500000	9
chr6	 79650000	 78700000	19
chr6	 80750000	 81850000	22
chr6	 81750000	 83050000	26
chr6	 83600000	 84250000	13
chr6	 84100000	 82300000	36
chr6	 86300000	 88300000	40
chr6	 86950000	 88950000	40
chr6	 87150000	 86300000	17
chr6	 87550000	 88550000	20
chr6	 94050000	 96250000	44
chr6	 94250000	 93750000	10
chr6	 94550000	 94550000	0
chr6	 96150000	 95100000	21
chr6	 96600000	 97200000	12
chr6	 97450000	100650000	64
chr6	 98050000	 98850000	16
chr6	 99350000	 98500000	17
chr6	100550000	100100000	9
chr6	101400000	100550000	17
chr6	101450000	101900000	9
chr6	101500000	102500000	20
chr6	102100000	100800000	26
chr6	102850000	105800000	59
chr6	103250000	104800000	31
chr6	109100000	108550000	11
chr6	109500000	110150000	13
chr6	111900000	112450000	11
chr6	112250000	111650000	12
chr6	121150000	119400000	35
chr6	121400000	121600000	4
chr6	124550000	123850000	14
chr6	125500000	127150000	33
chr6	126100000	124800000	26
chr6	126650000	125150000	30
chr6	129350000	128350000	20
chr6	129950000	130500000	11
chr6	133900000	134850000	19
chr6	134650000	137200000	51
chr6	135600000	135950000	7
chr6	138150000	139550000	28
chr6	138900000	138050000	17
chr6	139450000	141800000	47
chr6	140600000	139800000	16
chr6	141800000	144450000	53
chr6	142050000	140700000	27
chr6	142300000	141050000	25
chr6	145100000	145100000	0
chr6	145600000	145100000	10
chr6	145700000	145550000	3
chr6	145900000	146750000	17
chr6	147100000	145650000	29
chr6	148300000	148950000	13
chr7	  1150000	  2350000	24
chr7	  3000000	  4400000	28
chr7	  3150000	  4300000	23
chr7	  3950000	  7200000	65
chr7	  4200000	  3450000	15
chr7	  4800000	  4000000	16
chr7	  9050000	  7100000	39
chr7	 10500000	 12150000	33
chr7	 12100000	 10300000	36
chr7	 12100000	 13350000	25
chr7	 15100000	 15950000	17
chr7	 15300000	 15750000	9
chr7	 18350000	 19250000	18
chr7	 19650000	 19950000	6
chr7	 21600000	 24350000	55
chr7	 27000000	 25650000	27
chr7	 30700000	 31250000	11
chr7	 32500000	 33400000	18
chr7	 34150000	 36950000	56
chr7	 35250000	 37850000	52
chr7	 35350000	 33250000	42
chr7	 35650000	 36850000	24
chr7	 36100000	 37950000	37
chr7	 36900000	 36250000	13
chr7	 38300000	 39350000	21
chr7	 38900000	 38200000	14
chr7	 39050000	 38550000	10
chr7	 41350000	 40050000	26
chr7	 42950000	 43350000	8
chr7	 43200000	 41900000	26
chr7	 43450000	 44650000	24
chr7	 44200000	 44900000	14
chr7	 48800000	 49300000	10
chr7	 52950000	 54050000	22
chr7	 54450000	 55200000	15
chr7	 55550000	 56150000	12
chr7	 55850000	 55250000	12
chr7	 55950000	 55450000	10
chr7	 58850000	 59800000	19
chr7	 60150000	 60850000	14
chr7	 61100000	 60200000	18
chr7	 62000000	 61300000	14
chr7	 62400000	 61350000	21
chr7	 63400000	 62350000	21
chr7	 64650000	 64950000	6
chr7	 64850000	 66100000	25
chr7	 65750000	 67350000	32
chr7	 67300000	 65450000	37
chr7	 67950000	 66200000	35
chr7	 67950000	 68400000	9
chr7	 69800000	 68550000	25
chr7	 70000000	 71550000	31
chr7	 71300000	 71800000	10
chr7	 74950000	 75450000	10
chr7	 75200000	 77100000	38
chr7	 76050000	 74700000	27
chr7	 79150000	 78300000	17
chr7	 80800000	 81250000	9
chr7	 81650000	 81050000	12
chr7	 82950000	 80950000	40
chr7	 84600000	 84000000	12
chr7	 94550000	 94000000	11
chr7	 94750000	 93700000	21
chr7	 98500000	 97300000	24
chr7	102750000	104450000	34
chr7	102950000	103450000	10
chr7	103700000	104050000	7
chr7	104700000	106000000	26
chr7	105200000	103800000	28
chr7	107050000	106100000	19
chr7	107850000	108250000	8
chr7	110050000	108550000	30
chr7	110450000	109150000	26
chr7	111600000	112400000	16
chr7	112350000	113750000	28
chr7	112750000	113800000	21
chr7	112950000	113750000	16
chr7	117600000	118500000	18
chr7	119100000	123750000	93
chr7	119900000	120350000	9
chr7	121850000	122550000	14
chr7	121950000	121300000	13
chr7	123000000	125050000	41
chr7	123150000	122450000	14
chr7	124050000	123550000	10
chr7	127450000	126500000	19
chr7	128200000	129100000	18
chr7	128750000	127100000	33
chr7	129450000	128500000	19
chr7	129600000	131250000	33
chr7	133000000	132500000	10
chr7	135550000	136450000	18
chr7	140500000	141900000	28
chr7	141950000	143550000	32
chr7	142400000	144100000	34
chr7	142500000	141950000	11
chr7	142900000	141950000	19
chr7	143650000	143100000	11
chr7	144600000	144050000	11
chr8	  1900000	  3200000	26
chr8	  4450000	  3550000	18
chr8	  4600000	  5250000	13
chr8	  8450000	  8850000	8
chr8	  9300000	 10450000	23
chr8	  9700000	 10600000	18
chr8	 10800000	 11600000	16
chr8	 11100000	  9650000	29
chr8	 11600000	 10700000	18
chr8	 14000000	 13650000	7
chr8	 14400000	 12400000	40
chr8	 16500000	 15600000	18
chr8	 17100000	 19350000	45
chr8	 17450000	 18050000	12
chr8	 18650000	 17700000	19
chr8	 19800000	 20300000	10
chr8	 21900000	 19800000	42
chr8	 22350000	 22850000	10
chr8	 22800000	 23550000	15
chr8	 27050000	 27700000	13
chr8	 27650000	 25900000	35
chr8	 27700000	 28500000	16
chr8	 28300000	 27100000	24
chr8	 29200000	 26400000	56
chr8	 30100000	 30200000	2
chr8	 30450000	 28400000	41
chr8	 31850000	 33650000	36
chr8	 32000000	 33000000	20
chr8	 32500000	 31800000	14
chr8	 33100000	 31600000	30
chr8	 34100000	 35700000	32
chr8	 34450000	 33350000	22
chr8	 35000000	 37150000	43
chr8	 38650000	 39500000	17
chr8	 39200000	 38300000	18
chr8	 40900000	 41300000	8
chr8	 41250000	 41900000	13
chr8	 41600000	 42750000	23
chr8	 41600000	 45200000	72
chr8	 41850000	 41500000	7
chr8	 42800000	 42650000	3
chr8	 43200000	 42250000	19
chr8	 43400000	 42150000	25
chr8	 44850000	 43800000	21
chr8	 45400000	 46850000	29
chr8	 49600000	 48300000	26
chr8	 50550000	 49300000	25
chr8	 51150000	 50150000	20
chr8	 53300000	 53700000	8
chr8	 54500000	 53850000	13
chr8	 57700000	 57250000	9
chr8	 59400000	 59850000	9
chr8	 59950000	 60650000	14
chr8	 61450000	 63000000	31
chr8	 61700000	 59450000	45
chr8	 63050000	 63350000	6
chr8	 63550000	 64750000	24
chr8	 68100000	 67300000	16
chr8	 69350000	 68000000	27
chr8	 69650000	 73200000	71
chr8	 70300000	 69400000	18
chr8	 70750000	 69700000	21
chr8	 72200000	 73250000	21
chr8	 73150000	 74100000	19
chr8	 75500000	 73500000	40
chr8	 75800000	 74150000	33
chr8	 76200000	 75500000	14
chr8	 76350000	 75100000	25
chr8	 77700000	 75800000	38
chr8	 77950000	 79100000	23
chr8	 81400000	 82100000	14
chr8	 81850000	 80500000	27
chr8	 82250000	 82800000	11
chr8	 83400000	 82450000	19
chr8	 83600000	 82850000	15
chr8	 83700000	 84800000	22
chr8	 85400000	 85900000	10
chr8	 86800000	 84750000	41
chr8	 88000000	 86650000	27
chr8	 89100000	 89350000	5
chr8	 89350000	 89900000	11
chr8	 90400000	 91500000	22
chr8	 92200000	 91250000	19
chr8	 93950000	 93300000	13
chr8	 96100000	 99050000	59
chr8	 96250000	 97200000	19
chr8	 96750000	 97850000	22
chr8	 96900000	 98250000	27
chr8	 98350000	 97450000	18
chr8	 98400000	 97650000	15
chr8	 99500000	101200000	34
chr8	 99600000	 98100000	30
chr8	100350000	 99950000	8
chr8	101650000	101350000	6
chr8	103200000	102200000	20
chr8	103900000	103400000	10
chr8	105850000	106450000	12
chr8	106050000	103300000	55
chr8	106300000	105150000	23
chr8	107100000	107950000	17
chr8	108950000	106950000	40
chr8	109800000	109500000	6
chr8	112350000	111150000	24
chr8	112900000	112200000	14
chr8	113300000	114950000	33
chr8	117700000	115650000	41
chr8	118000000	115850000	43
chr8	118200000	119500000	26
chr8	118400000	119350000	19
chr8	120850000	123250000	48
chr8	122600000	121800000	16
chr8	124500000	126850000	47
chr8	126350000	123250000	62
chr8	127250000	127900000	13
chr8	127700000	126800000	18
chr8	127950000	127000000	19
chr9	  3100000	  3800000	14
chr9	  3650000	  2850000	16
chr9	  4850000	  4600000	5
chr9	  5850000	  6700000	17
chr9	  6100000	  5200000	18
chr9	  6300000	  7650000	27
chr9	  6950000	  5550000	28
chr9	  8400000	  7300000	22
chr9	  9200000	 10100000	18
chr9	  9850000	  8450000	28
chr9	 11600000	 14500000	58
chr9	 11700000	 12450000	15
chr9	 12700000	 13400000	14
chr9	 12800000	 13600000	16
chr9	 15950000	 16900000	19
chr9	 17400000	 18500000	22
chr9	 17750000	 15700000	41
chr9	 20750000	 21900000	23
chr9	 22550000	 21600000	19
chr9	 23200000	 22000000	24
chr9	 23700000	 22200000	30
chr9	 24550000	 23750000	16
chr9	 28200000	 30550000	47
chr9	 38200000	 38900000	14
chr9	 38350000	 39850000	30
chr9	 38600000	 39500000	18
chr9	 38650000	 39250000	12
chr9	 39250000	 38800000	9
chr9	 39650000	 40700000	21
chr9	 39950000	 39100000	17
chr9	 41250000	 42000000	15
chr9	 42300000	 39450000	57
chr9	 42400000	 43400000	20
chr9	 43300000	 44350000	21
chr9	 43850000	 41500000	47
chr9	 43950000	 42450000	30
chr9	 44550000	 43750000	16
chr9	 44900000	 45300000	8
chr9	 46350000	 44500000	37
chr9	 48550000	 49550000	20
chr9	 49100000	 47900000	24
chr9	 50200000	 49100000	22
chr9	 51650000	 50150000	30
chr9	 52900000	 53900000	20
chr9	 52950000	 51850000	22
chr9	 55150000	 54400000	15
chr9	 56850000	 56250000	12
chr9	 56950000	 56500000	9
chr9	 58050000	 60200000	43
chr9	 61600000	 60850000	15
chr9	 64200000	 65850000	33
chr9	 65650000	 65400000	5
chr9	 67250000	 68300000	21
chr9	 69700000	 68100000	32
chr9	 70200000	 70600000	8
chr9	 71250000	 69600000	33
chr9	 71350000	 70800000	11
chr9	 71450000	 70400000	21
chr9	 72000000	 70500000	30
chr9	 72800000	 72200000	12
chr9	 73100000	 71550000	31
chr9	 77150000	 77850000	14
chr9	 79150000	 80600000	29
chr9	 79800000	 80750000	19
chr9	 81550000	 80150000	28
chr9	 84700000	 85700000	20
chr9	 86950000	 84500000	49
chr9	 86950000	 88550000	32
chr9	 88950000	 87700000	25
chr9	 90850000	 91800000	19
chr9	 91050000	 92000000	19
chr9	 91950000	 92350000	8
chr9	 93750000	 95050000	26
chr9	 93800000	 93100000	14
chr9	 94600000	 95200000	12
chr9	 95100000	 97250000	43
chr9	 95650000	 97350000	34
chr9	 95750000	 96050000	6
chr9	 96950000	 96750000	4
chr9	 97450000	 98600000	23
chr9	 98500000	 97850000	13
chr9	 98550000	 97500000	21
chr9	 99800000	101200000	28
chr9	102300000	100900000	28
chr9	102400000	101400000	20
chr9	102400000	103600000	24
chr9	103200000	104750000	31
chr9	103450000	104900000	29
chr9	103700000	108200000	90
chr9	105350000	104750000	12
chr9	106000000	106550000	11
chr9	106900000	108550000	33
chr9	108600000	108300000	6
chr9	109150000	109700000	11
chr9	109200000	111300000	42
chr9	110800000	108400000	48
chr9	111550000	112750000	24
chr9	113200000	113950000	15
chr9	115100000	113700000	28
chr9	115400000	114800000	12
chr9	116100000	117050000	19
chr9	119550000	117950000	32
chr9	122150000	122850000	14
chr9	123000000	124300000	26
chrX	   250000	  1250000	20
chrX	  1550000	  3300000	35
chrX	  5550000	  6400000	17
chrX	  7750000	  6000000	35
chrX	  9500000	 10150000	13
chrX	  9900000	 10300000	8
chrX	 13000000	 12650000	7
chrX	 16250000	 17950000	34
chrX	 16750000	 16000000	15
chrX	 19700000	 21150000	29
chrX	 20250000	 21100000	17
chrX	 21800000	 21000000	16
chrX	 22550000	 23500000	19
chrX	 24100000	 26550000	49
chrX	 26500000	 25400000	22
chrX	 26550000	 28550000	40
chrX	 27250000	 27850000	12
chrX	 28850000	 28500000	7
chrX	 29600000	 30250000	13
chrX	 30800000	 29150000	33
chrX	 31350000	 31000000	7
chrX	 32350000	 31400000	19
chrX	 32550000	 31400000	23
chrX	 33850000	 34350000	10
chrX	 34100000	 33450000	13
chrX	 34100000	 36400000	46
chrX	 34500000	 33400000	22
chrX	 34650000	 37150000	50
chrX	 37550000	 34950000	52
chrX	 38200000	 38800000	12
chrX	 38450000	 40700000	45
chrX	 38650000	 40650000	40
chrX	 41250000	 40500000	15
chrX	 42100000	 41700000	8
chrX	 44650000	 45950000	26
chrX	 47000000	 48000000	20
chrX	 47250000	 46950000	6
chrX	 47400000	 48050000	13
chrX	 47600000	 45950000	33
chrX	 48550000	 48250000	6
chrX	 50050000	 50750000	14
chrX	 50950000	 51550000	12
chrX	 51450000	 52050000	12
chrX	 52100000	 52500000	8
chrX	 54850000	 53950000	18
chrX	 55150000	 54300000	17
chrX	 58600000	 56950000	33
chrX	 60600000	 59100000	30
chrX	 61350000	 62350000	20
chrX	 61500000	 63150000	33
chrX	 61850000	 60750000	22
chrX	 64600000	 63750000	17
chrX	 66300000	 65400000	18
chrX	 69550000	 67800000	35
chrX	 69800000	 69300000	10
chrX	 73450000	 74050000	12
chrX	 73850000	 74300000	9
chrX	 76600000	 75950000	13
chrX	 77100000	 75450000	33
chrX	 79000000	 78350000	13
chrX	 80050000	 79000000	21
chrX	 80400000	 79100000	26
chrX	 81200000	 83400000	44
chrX	 81750000	 82850000	22
chrX	 82700000	 80750000	39
chrX	 84200000	 82900000	26
chrX	 84450000	 86000000	31
chrX	 87300000	 87000000	6
chrX	 88000000	 86700000	26
chrX	 88600000	 89900000	26
chrX	 89650000	 89150000	10
chrX	 89700000	 88850000	17
chrX	 91500000	 88000000	70
chrX	 92750000	 93300000	11
chrX	 93400000	 94050000	13
chrX	 94000000	 92800000	24
chrX	 94050000	 95150000	22
chrX	 96850000	 95850000	20
chrX	 97050000	 95600000	29
chrX	101400000	 99650000	35
chrX	102100000	103450000	27
chrX	102500000	101250000	25
chrX	105450000	104200000	25
chrX	107950000	107200000	15
chrX	108200000	109350000	23
chrX	109500000	108150000	27
chrX	110500000	111200000	14
chrX	112250000	110200000	41
chrX	113100000	114050000	19
chrX	113250000	113700000	9
chrX	114400000	115700000	26
chrX	115400000	114600000	16
chrX	115800000	116200000	8
chrX	116500000	116000000	10
chrX	119000000	120900000	38
chrX	120700000	121950000	25
chrX	122650000	123750000	22
chrX	123200000	123900000	14
chrX	123400000	122200000	24
chrX	123850000	124100000	5
chrX	125100000	125850000	15
chrX	127950000	126150000	36
chrX	129250000	129250000	0
chrX	129850000	130800000	19
chrX	130050000	129450000	12
chrX	133800000	134350000	11
chrX	135350000	136400000	21
chrX	135700000	137400000	34
chrX	137750000	137350000	8
chrX	138350000	136800000	31
chrX	138850000	139450000	12
chrX	139200000	138950000	5
chrX	139350000	140000000	13
chrX	139400000	140350000	19
chrX	141300000	140900000	8
chrX	142400000	143450000	21
chrX	143050000	140950000	42
chrX	147350000	146450000	18
chrX	147750000	148100000	7
chrX	148200000	147100000	22
chrX	149000000	147000000	40
chrX	150000000	148150000	37
chrX	151400000	150700000	14
chrX	151950000	152650000	14
chrX	152450000	153350000	18
chrX	153400000	153850000	9
chrX	153800000	154750000	19
chrX	154650000	155500000	17
chrX	154750000	153150000	32
chrX	155900000	156700000	16
chrX	157300000	157000000	6
chrX	157750000	156050000	34
chrX	159200000	160000000	16
chrX	161900000	160900000	20
chrX	163850000	162200000	33
chrX	163950000	164850000	18
chrX	164000000	164700000	14
chrX	165800000	163950000	37
chrX	166550000	167500000	19
chrX	167250000	170250000	60
chrX	170450000	169900000	11
chrY	  2000000	   400000	32
chrY	  9250000	  8000000	25
chrY	  9550000	  8100000	29
chrY	 10250000	 12900000	53
chrY	 11400000	 10500000	18
chrY	 13600000	 14300000	14
chrY	 14100000	 13150000	19
chrY	 16350000	 17900000	31
chrY	 18200000	 17200000	20
chrY	 18400000	 17200000	24
chrY	 19350000	 18650000	14
chrY	 19500000	 18100000	28
chrY	 20850000	 20000000	17
chrY	 22350000	 22850000	10
chrY	 22550000	 21100000	29
chrY	 23000000	 24200000	24
chrY	 27200000	 26200000	20
chrY	 32800000	 32150000	13
chrY	 33950000	 34950000	20
chrY	 37750000	 39400000	33
chrY	 39050000	 38200000	17
chrY	 40300000	 41400000	22
chrY	 44200000	 43400000	16
chrY	 44850000	 45750000	18
chrY	 46250000	 47100000	17
chrY	 47350000	 48750000	28
chrY	 47700000	 46150000	31
chrY	 50250000	 50800000	11
chrY	 50900000	 51950000	21
chrY	 51400000	 50400000	20
chrY	 51550000	 50450000	22
chrY	 51700000	 50350000	27
chrY	 52200000	 52900000	14
chrY	 52350000	 51550000	16
chrY	 52900000	 53550000	13
chrY	 55600000	 56500000	18
chrY	 55750000	 55000000	15
chrY	 56100000	 57250000	23
chrY	 56600000	 55000000	32
chrY	 58750000	 56850000	38
chrY	 60400000	 61000000	12
chrY	 67000000	 66450000	11
chrY	 67450000	 61450000	120
chrY	 68350000	 67850000	10
chrY	 73650000	 73150000	10
chrY	 75750000	 76150000	8
chrY	 77100000	 78250000	23
chrY	 80500000	 79650000	17
chrY	 82550000	 81050000	30
chrY	 85200000	 87350000	43
chrY	 85650000	 84250000	28
chrY	 85650000	 84950000	14
chrY	 85900000	 87150000	25
chrY	 87050000	 86400000	13
chrY	 87150000	 86750000	8
chrY	 87500000	 88050000	11
chrY	 89550000	 88900000	13
chrY	 90400000	 91600000	24
