chr1	  2050000	   850000	24
chr1	  3800000	  3400000	8
chr1	  7550000	  7000000	11
chr1	  8750000	  7300000	29
chr1	  9050000	  8150000	18
chr1	  9500000	 10000000	10
chr1	 10250000	 11200000	19
chr1	 10350000	  8700000	33
chr1	 10350000	  9600000	15
chr1	 12000000	 11450000	11
chr1	 12750000	 13700000	19
chr1	 16750000	 17650000	18
chr1	 16900000	 15600000	26
chr1	 17200000	 18550000	27
chr1	 19750000	 23000000	65
chr1	 21250000	 20900000	7
chr1	 21550000	 22500000	19
chr1	 23650000	 21850000	36
chr1	 24300000	 23250000	21
chr1	 27650000	 26600000	21
chr1	 27750000	 26650000	22
chr1	 28200000	 29000000	16
chr1	 28700000	 27400000	26
chr1	 29150000	 30750000	32
chr1	 29300000	 31200000	38
chr1	 32400000	 31050000	27
chr1	 33350000	 37150000	76
chr1	 34100000	 34700000	12
chr1	 36350000	 35900000	9
chr1	 37250000	 36950000	6
chr1	 41300000	 41550000	5
chr1	 42650000	 43200000	11
chr1	 43150000	 42150000	20
chr1	 44600000	 43600000	20
chr1	 45650000	 43350000	46
chr1	 46950000	 46450000	10
chr1	 47300000	 48000000	14
chr1	 47350000	 47700000	7
chr1	 48300000	 47200000	22
chr1	 49350000	 49800000	9
chr1	 52700000	 54850000	43
chr1	 53100000	 54150000	21
chr1	 54250000	 53400000	17
chr1	 54250000	 55150000	18
chr1	 54500000	 55150000	13
chr1	 55000000	 54500000	10
chr1	 61400000	 62400000	20
chr1	 66250000	 67050000	16
chr1	 67300000	 66050000	25
chr1	 68550000	 68750000	4
chr1	 69700000	 68400000	26
chr1	 70750000	 71550000	16
chr1	 71450000	 71850000	8
chr1	 71500000	 71750000	5
chr1	 72750000	 73750000	20
chr1	 74450000	 76200000	35
chr1	 74800000	 73400000	28
chr1	 74800000	 73650000	23
chr1	 76250000	 77450000	24
chr1	 76500000	 75900000	12
chr1	 77150000	 76750000	8
chr1	 78700000	 80350000	33
chr1	 79300000	 80300000	20
chr1	 79500000	 80550000	21
chr1	 80450000	 81900000	29
chr1	 81900000	 82600000	14
chr1	 82450000	 83650000	24
chr1	 84900000	 85100000	4
chr1	 85850000	 89550000	74
chr1	 87900000	 86650000	25
chr1	 88150000	 89050000	18
chr1	 88450000	 87100000	27
chr1	 89150000	 88700000	9
chr1	 89750000	 91300000	31
chr1	 93050000	 91700000	27
chr1	 93400000	 94200000	16
chr1	 94600000	 95350000	15
chr1	 95100000	 96300000	24
chr1	 98200000	 98450000	5
chr1	102600000	103300000	14
chr1	107800000	105200000	52
chr1	108050000	109250000	24
chr1	110000000	110250000	5
chr1	110100000	108750000	27
chr1	112750000	113750000	20
chr1	113450000	114400000	19
chr1	113750000	112800000	19
chr1	113900000	112300000	32
chr1	115250000	116650000	28
chr1	116650000	116300000	7
chr1	117200000	116450000	15
chr1	118350000	119600000	25
chr1	121350000	122400000	21
chr1	122100000	123300000	24
chr1	124250000	125500000	25
chr1	126950000	125150000	36
chr1	130300000	131250000	19
chr1	130400000	131450000	21
chr1	131400000	129600000	36
chr1	132050000	131350000	14
chr1	133600000	135750000	43
chr1	137400000	134700000	54
chr1	137750000	139300000	31
chr1	138950000	139600000	13
chr1	139300000	138800000	10
chr1	139300000	139100000	4
chr1	141900000	140300000	32
chr1	142300000	143200000	18
chr1	142550000	143850000	26
chr1	143700000	142800000	18
chr1	145250000	143050000	44
chr1	145500000	144400000	22
chr1	149150000	147450000	34
chr1	149900000	150950000	21
chr1	149900000	151900000	40
chr1	151600000	149350000	45
chr1	152600000	153250000	13
chr1	153350000	154150000	16
chr1	153500000	153850000	7
chr1	154750000	156800000	41
chr1	155600000	156650000	21
chr1	163050000	162500000	11
chr1	163800000	164150000	7
chr1	163950000	164950000	20
chr1	164250000	162300000	39
chr1	165800000	164750000	21
chr1	166300000	167000000	14
chr1	166500000	167250000	15
chr1	167050000	166500000	11
chr1	169000000	165650000	67
chr1	169250000	171850000	52
chr1	170300000	170650000	7
chr1	170400000	169500000	18
chr1	170650000	171450000	16
chr1	171900000	170950000	19
chr1	175400000	174100000	26
chr1	176450000	174300000	43
chr1	177050000	178450000	28
chr1	177100000	176000000	22
chr1	179400000	178300000	22
chr1	179900000	178650000	25
chr1	182850000	181650000	24
chr1	183900000	183900000	0
chr1	184850000	187050000	44
chr1	185500000	184650000	17
chr1	188550000	189500000	19
chr1	189650000	190700000	21
chr1	190050000	190950000	18
chr1	191850000	193000000	23
chr10	  2550000	   550000	40
chr10	  3650000	  2300000	27
chr10	  4600000	  6000000	28
chr10	  5400000	  5000000	8
chr10	  6500000	  5300000	24
chr10	  7800000	  8850000	21
chr10	  8850000	 13500000	93
chr10	  8950000	  8100000	17
chr10	  9050000	  8350000	14
chr10	 11300000	 12050000	15
chr10	 11400000	 10350000	21
chr10	 15150000	 13500000	33
chr10	 15850000	 15350000	10
chr10	 16000000	 16750000	15
chr10	 17600000	 19450000	37
chr10	 18500000	 16650000	37
chr10	 18800000	 19750000	19
chr10	 19000000	 19500000	10
chr10	 19650000	 17800000	37
chr10	 20500000	 20050000	9
chr10	 21500000	 19200000	46
chr10	 22150000	 19250000	58
chr10	 22150000	 21300000	17
chr10	 23050000	 23700000	13
chr10	 25000000	 26250000	25
chr10	 25050000	 23400000	33
chr10	 25700000	 25000000	14
chr10	 26400000	 25400000	20
chr10	 26950000	 27800000	17
chr10	 29150000	 29900000	15
chr10	 30100000	 30700000	12
chr10	 33500000	 31750000	35
chr10	 37000000	 33900000	62
chr10	 38600000	 37900000	14
chr10	 40700000	 41550000	17
chr10	 43050000	 41750000	26
chr10	 43500000	 44450000	19
chr10	 43800000	 42100000	34
chr10	 46100000	 47050000	19
chr10	 48950000	 48400000	11
chr10	 51800000	 53700000	38
chr10	 53300000	 52200000	22
chr10	 53650000	 50800000	57
chr10	 54650000	 56200000	31
chr10	 56100000	 55300000	16
chr10	 58200000	 58900000	14
chr10	 59200000	 60450000	25
chr10	 65350000	 67750000	48
chr10	 69450000	 70250000	16
chr10	 71700000	 73100000	28
chr10	 72400000	 73100000	14
chr10	 72950000	 71900000	21
chr10	 73950000	 74350000	8
chr10	 75650000	 75150000	10
chr10	 76900000	 77900000	20
chr10	 79000000	 79600000	12
chr10	 81300000	 82250000	19
chr10	 82350000	 82900000	11
chr10	 83350000	 82350000	20
chr10	 85300000	 86850000	31
chr10	 85800000	 87100000	26
chr10	 87350000	 86950000	8
chr10	 88750000	 87600000	23
chr10	 90100000	 88200000	38
chr10	 98200000	 99650000	29
chr10	 98850000	100600000	35
chr10	 98900000	100950000	41
chr10	100400000	 98500000	38
chr10	100850000	101750000	18
chr10	105200000	104850000	7
chr10	105650000	106200000	11
chr10	106700000	105850000	17
chr10	106800000	106300000	10
chr10	110800000	109450000	27
chr10	111000000	110050000	19
chr10	112650000	111350000	26
chr10	112800000	115800000	60
chr10	113300000	114000000	14
chr10	113550000	115400000	37
chr10	113950000	114500000	11
chr10	114600000	115450000	17
chr10	114800000	115800000	20
chr10	114950000	116000000	21
chr10	119250000	120050000	16
chr10	121650000	119300000	47
chr10	121950000	120750000	24
chr10	126750000	126000000	15
chr10	128250000	129050000	16
chr11	  1300000	  2150000	17
chr11	  1450000	  2750000	26
chr11	  2000000	  3050000	21
chr11	  5500000	  4100000	28
chr11	  5800000	  6250000	9
chr11	  6300000	  5450000	17
chr11	  6600000	  2000000	92
chr11	 10100000	 11150000	21
chr11	 12050000	  8950000	62
chr11	 13900000	 13750000	3
chr11	 15550000	 14350000	24
chr11	 16200000	 18150000	39
chr11	 16950000	 17750000	16
chr11	 17250000	 18250000	20
chr11	 18000000	 17100000	18
chr11	 19900000	 20700000	16
chr11	 20200000	 20900000	14
chr11	 20600000	 19250000	27
chr11	 21250000	 19250000	40
chr11	 23100000	 25500000	48
chr11	 23500000	 24650000	23
chr11	 23550000	 22250000	26
chr11	 23850000	 22700000	23
chr11	 23900000	 22600000	26
chr11	 24800000	 26600000	36
chr11	 26850000	 27250000	8
chr11	 29250000	 30600000	27
chr11	 35750000	 36000000	5
chr11	 36000000	 32800000	64
chr11	 38450000	 38600000	3
chr11	 40500000	 43050000	51
chr11	 41150000	 40550000	12
chr11	 42050000	 43250000	24
chr11	 43100000	 44650000	31
chr11	 43400000	 45400000	40
chr11	 46700000	 46950000	5
chr11	 49950000	 49250000	14
chr11	 51750000	 53400000	33
chr11	 55300000	 56400000	22
chr11	 58100000	 59200000	22
chr11	 59750000	 61650000	38
chr11	 64550000	 65650000	22
chr11	 65200000	 64500000	14
chr11	 65350000	 66100000	15
chr11	 65700000	 66550000	17
chr11	 68100000	 67850000	5
chr11	 68350000	 67350000	20
chr11	 69600000	 70050000	9
chr11	 71400000	 70300000	22
chr11	 74150000	 71200000	59
chr11	 76000000	 75700000	6
chr11	 78350000	 77350000	20
chr11	 81150000	 80500000	13
chr11	 85450000	 83700000	35
chr11	 86050000	 86050000	0
chr11	 87400000	 86000000	28
chr11	 87800000	 88850000	21
chr11	 92450000	 93200000	15
chr11	 92850000	 93100000	5
chr11	 93800000	 93250000	11
chr11	 96650000	 95400000	25
chr11	 97300000	 96800000	10
chr11	102250000	102050000	4
chr11	104600000	103900000	14
chr11	110650000	108850000	36
chr11	111950000	111200000	15
chr11	115500000	116450000	19
chr11	116050000	115300000	15
chr11	116150000	115700000	9
chr11	116900000	117750000	17
chr11	118200000	117700000	10
chr11	121400000	122050000	13
chr11	121550000	119150000	48
chr12	        0	   450000	9
chr12	  1900000	  1200000	14
chr12	  3550000	  1500000	41
chr12	  3850000	  3550000	6
chr12	  8350000	  7000000	27
chr12	  8600000	  8150000	9
chr12	 16200000	 15200000	20
chr12	 16200000	 17200000	20
chr12	 17250000	 15950000	26
chr12	 17850000	 18600000	15
chr12	 20850000	 19400000	29
chr12	 21100000	 19250000	37
chr12	 22250000	 21400000	17
chr12	 23350000	 22300000	21
chr12	 25650000	 24400000	25
chr12	 27450000	 28750000	26
chr12	 29300000	 28600000	14
chr12	 31450000	 32200000	15
chr12	 37100000	 36400000	14
chr12	 39650000	 38800000	17
chr12	 39950000	 39200000	15
chr12	 42650000	 43450000	16
chr12	 42950000	 42100000	17
chr12	 43850000	 44700000	17
chr12	 45000000	 47700000	54
chr12	 46300000	 45800000	10
chr12	 49200000	 48500000	14
chr12	 49800000	 48750000	21
chr12	 51050000	 50200000	17
chr12	 52250000	 51600000	13
chr12	 56600000	 56300000	6
chr12	 58500000	 62000000	70
chr12	 58550000	 59750000	24
chr12	 58800000	 59150000	7
chr12	 59100000	 59750000	13
chr12	 61300000	 63050000	35
chr12	 61950000	 62600000	13
chr12	 67250000	 67000000	5
chr12	 67450000	 68200000	15
chr12	 68050000	 68700000	13
chr12	 68750000	 68000000	15
chr12	 68850000	 69400000	11
chr12	 69850000	 69250000	12
chr12	 70100000	 68400000	34
chr12	 71800000	 73250000	29
chr12	 73550000	 71050000	50
chr12	 77450000	 78750000	26
chr12	 78850000	 81600000	55
chr12	 79400000	 78300000	22
chr12	 79550000	 80550000	20
chr12	 82300000	 83700000	28
chr12	 83900000	 82100000	36
chr12	 84900000	 86450000	31
chr12	 86150000	 85650000	10
chr12	 86300000	 87100000	16
chr12	 87350000	 88650000	26
chr12	 87400000	 89100000	34
chr12	 87800000	 86200000	32
chr12	 89900000	 90200000	6
chr12	 91600000	 89150000	49
chr12	 91950000	 91400000	11
chr12	 92400000	 93550000	23
chr12	 92950000	 94000000	21
chr12	 94100000	 92700000	28
chr12	 94300000	 94000000	6
chr12	 94750000	 93400000	27
chr12	 96550000	 97700000	23
chr12	100400000	101450000	21
chr12	101450000	100650000	16
chr12	102750000	104050000	26
chr12	103200000	104750000	31
chr12	108250000	107500000	15
chr12	109000000	107950000	21
chr12	109050000	108250000	16
chr12	109550000	110750000	24
chr12	109850000	109300000	11
chr12	115100000	115650000	11
chr12	118400000	119500000	22
chr12	119400000	118150000	25
chr12	119500000	119950000	9
chr13	   750000	  1900000	23
chr13	  1300000	   900000	8
chr13	  1650000	  1950000	6
chr13	  1800000	  3150000	27
chr13	  3250000	  4150000	18
chr13	  4050000	  3250000	16
chr13	  6300000	  5600000	14
chr13	  7500000	  6550000	19
chr13	  8500000	  9450000	19
chr13	 11800000	 10600000	24
chr13	 12900000	 14050000	23
chr13	 14750000	 15050000	6
chr13	 15550000	 15000000	11
chr13	 15900000	 14200000	34
chr13	 17150000	 16450000	14
chr13	 18250000	 17100000	23
chr13	 18400000	 16600000	36
chr13	 19800000	 21350000	31
chr13	 20950000	 19800000	23
chr13	 22800000	 23300000	10
chr13	 23100000	 24550000	29
chr13	 23300000	 24950000	33
chr13	 24600000	 23600000	20
chr13	 25950000	 25150000	16
chr13	 28850000	 27200000	33
chr13	 30500000	 32700000	44
chr13	 32100000	 31400000	14
chr13	 32400000	 31600000	16
chr13	 35200000	 36900000	34
chr13	 37900000	 37250000	13
chr13	 38100000	 38550000	9
chr13	 38300000	 36800000	30
chr13	 38350000	 38900000	11
chr13	 38450000	 37850000	12
chr13	 39750000	 37950000	36
chr13	 40550000	 41550000	20
chr13	 40850000	 40200000	13
chr13	 40950000	 40250000	14
chr13	 43600000	 44500000	18
chr13	 46200000	 45400000	16
chr13	 47800000	 48400000	12
chr13	 49800000	 50050000	5
chr13	 50150000	 49700000	9
chr13	 51000000	 51300000	6
chr13	 52700000	 53800000	22
chr13	 54000000	 55100000	22
chr13	 54500000	 56950000	49
chr13	 56000000	 56650000	13
chr13	 56850000	 55500000	27
chr13	 59800000	 58650000	23
chr13	 60250000	 62250000	40
chr13	 60300000	 62050000	35
chr13	 63850000	 62550000	26
chr13	 64150000	 63450000	14
chr13	 64700000	 65550000	17
chr13	 64900000	 64100000	16
chr13	 66700000	 66100000	12
chr13	 66750000	 66200000	11
chr13	 66950000	 67850000	18
chr13	 67350000	 66500000	17
chr13	 67400000	 64550000	57
chr13	 70400000	 69050000	27
chr13	 70400000	 69550000	17
chr13	 73450000	 74350000	18
chr13	 73800000	 71700000	42
chr13	 74800000	 74350000	9
chr13	 74850000	 74100000	15
chr13	 75400000	 76650000	25
chr13	 77200000	 78000000	16
chr13	 77300000	 77850000	11
chr13	 78250000	 78100000	3
chr13	 80000000	 78450000	31
chr13	 80000000	 81100000	22
chr13	 82300000	 81700000	12
chr13	 83200000	 82700000	10
chr13	 83300000	 82900000	8
chr13	 83300000	 85000000	34
chr13	 83800000	 84450000	13
chr13	 83900000	 83350000	11
chr13	 86300000	 84700000	32
chr13	 87750000	 88700000	19
chr13	 88400000	 87050000	27
chr13	 90300000	 89000000	26
chr13	 90550000	 89650000	18
chr13	 91100000	 92000000	18
chr13	106400000	106100000	6
chr13	107200000	105800000	28
chr13	107550000	108250000	14
chr13	110250000	109000000	25
chr13	110900000	111700000	16
chr13	113050000	111650000	28
chr13	114200000	113050000	23
chr13	114550000	113750000	16
chr13	115300000	117750000	49
chr13	115350000	116500000	23
chr13	115800000	113600000	44
chr13	119050000	117750000	26
chr14	  1450000	   650000	16
chr14	  1800000	   400000	28
chr14	  2100000	  3950000	37
chr14	  2750000	  3150000	8
chr14	  3750000	  4150000	8
chr14	  4050000	  2950000	22
chr14	  8900000	  7800000	22
chr14	 10350000	  9300000	21
chr14	 10400000	  9800000	12
chr14	 11000000	 11600000	12
chr14	 12150000	 12800000	13
chr14	 16500000	 17250000	15
chr14	 16950000	 15650000	26
chr14	 19950000	 17750000	44
chr14	 19950000	 19500000	9
chr14	 20900000	 23450000	51
chr14	 21450000	 23000000	31
chr14	 21950000	 23750000	36
chr14	 23050000	 22000000	21
chr14	 25550000	 24650000	18
chr14	 27000000	 27750000	15
chr14	 27200000	 28100000	18
chr14	 27750000	 29450000	34
chr14	 27850000	 28600000	15
chr14	 32550000	 31750000	16
chr14	 32750000	 31600000	23
chr14	 33400000	 34100000	14
chr14	 37650000	 39300000	33
chr14	 39350000	 38150000	24
chr14	 39950000	 40550000	12
chr14	 41800000	 40200000	32
chr14	 42150000	 44250000	42
chr14	 42550000	 41000000	31
chr14	 43250000	 43700000	9
chr14	 44350000	 44950000	12
chr14	 45600000	 47450000	37
chr14	 46050000	 47250000	24
chr14	 47300000	 46500000	16
chr14	 50000000	 49750000	5
chr14	 50150000	 48700000	29
chr14	 50500000	 51300000	16
chr14	 53500000	 52300000	24
chr14	 54400000	 56050000	33
chr14	 55250000	 56350000	22
chr14	 56000000	 55100000	18
chr14	 58300000	 57650000	13
chr14	 62500000	 61650000	17
chr14	 62750000	 63700000	19
chr14	 65550000	 64150000	28
chr14	 66450000	 65300000	23
chr14	 70400000	 71650000	25
chr14	 71300000	 70250000	21
chr14	 71700000	 70700000	20
chr14	 75650000	 73800000	37
chr14	 78500000	 79000000	10
chr14	 78900000	 80150000	25
chr14	 80050000	 78150000	38
chr14	 82200000	 81850000	7
chr14	 85100000	 85800000	14
chr14	 85900000	 85250000	13
chr14	 86650000	 86850000	4
chr14	 87150000	 84500000	53
chr14	 87150000	 88200000	21
chr14	 87800000	 91750000	79
chr14	 89100000	 89200000	2
chr14	 94900000	 95850000	19
chr14	 97100000	 95600000	30
chr14	 98850000	 99200000	7
chr14	 99350000	 97650000	34
chr14	 99450000	 98700000	15
chr14	100000000	100400000	8
chr14	105800000	104400000	28
chr14	106300000	104450000	37
chr14	106400000	110250000	77
chr14	107400000	105700000	34
chr14	108100000	107800000	6
chr14	108550000	109050000	10
chr14	109900000	108800000	22
chr14	110800000	111200000	8
chr14	110850000	111350000	10
chr14	110950000	109900000	21
chr14	112800000	113750000	19
chr14	114400000	113600000	16
chr14	115800000	114950000	17
chr14	117400000	118850000	29
chr14	117500000	116250000	25
chr14	117800000	118400000	12
chr14	120500000	118250000	45
chr14	122200000	123100000	18
chr14	123850000	124300000	9
chr15	  1650000	  3050000	28
chr15	  1900000	  3550000	33
chr15	  2600000	  5000000	48
chr15	  2750000	  4200000	29
chr15	  3200000	  3750000	11
chr15	  3700000	  2200000	30
chr15	  5350000	  6050000	14
chr15	  6150000	  5100000	21
chr15	  6200000	  7850000	33
chr15	  7700000	  8450000	15
chr15	  8300000	  7700000	12
chr15	  9300000	 10650000	27
chr15	  9550000	  8150000	28
chr15	 10050000	 10600000	11
chr15	 11150000	 12850000	34
chr15	 12050000	 11700000	7
chr15	 12900000	 12200000	14
chr15	 13900000	 15650000	35
chr15	 15600000	 16500000	18
chr15	 15600000	 16750000	23
chr15	 17400000	 16850000	11
chr15	 17850000	 17200000	13
chr15	 19350000	 18550000	16
chr15	 19400000	 18000000	28
chr15	 20750000	 21450000	14
chr15	 21800000	 22450000	13
chr15	 23600000	 21750000	37
chr15	 23700000	 25400000	34
chr15	 23900000	 25350000	29
chr15	 24500000	 26200000	34
chr15	 26250000	 27300000	21
chr15	 27650000	 27000000	13
chr15	 28800000	 25750000	61
chr15	 29100000	 30800000	34
chr15	 29300000	 29900000	12
chr15	 29650000	 29050000	12
chr15	 30350000	 29550000	16
chr15	 31650000	 30450000	24
chr15	 31750000	 29150000	52
chr15	 33800000	 33100000	14
chr15	 34850000	 35500000	13
chr15	 35600000	 34250000	27
chr15	 35700000	 37200000	30
chr15	 36500000	 37050000	11
chr15	 36850000	 37900000	21
chr15	 37550000	 36700000	17
chr15	 37900000	 38800000	18
chr15	 39050000	 39650000	12
chr15	 39300000	 40100000	16
chr15	 41100000	 42450000	27
chr15	 42000000	 41050000	19
chr15	 42750000	 44150000	28
chr15	 42850000	 46000000	63
chr15	 45250000	 46450000	24
chr15	 46600000	 47700000	22
chr15	 47450000	 45400000	41
chr15	 49100000	 49700000	12
chr15	 49500000	 48150000	27
chr15	 51750000	 50600000	23
chr15	 53550000	 52850000	14
chr15	 53850000	 51900000	39
chr15	 54650000	 56100000	29
chr15	 56950000	 56200000	15
chr15	 58550000	 57300000	25
chr15	 58950000	 58050000	18
chr15	 59600000	 61050000	29
chr15	 62950000	 63500000	11
chr15	 64450000	 64900000	9
chr15	 66350000	 68000000	33
chr15	 66400000	 67350000	19
chr15	 67250000	 68150000	18
chr15	 68500000	 67850000	13
chr15	 74750000	 75200000	9
chr15	 75150000	 73950000	24
chr15	 75300000	 76550000	25
chr15	 75650000	 74850000	16
chr15	 77350000	 76500000	17
chr15	 78000000	 76650000	27
chr15	 78050000	 76250000	36
chr15	 78350000	 79150000	16
chr15	 78700000	 79600000	18
chr15	 79350000	 78700000	13
chr15	 80100000	 79250000	17
chr15	 80350000	 81900000	31
chr15	 81600000	 82850000	25
chr15	 82050000	 80800000	25
chr15	 84050000	 85000000	19
chr15	 84150000	 83200000	19
chr15	 84300000	 83050000	25
chr15	 86150000	 87600000	29
chr15	 87250000	 85550000	34
chr15	 89150000	 88500000	13
chr15	 91250000	 90550000	14
chr15	 93150000	 94750000	32
chr15	 93400000	 94750000	27
chr15	 94250000	 96100000	37
chr15	 94350000	 96750000	48
chr15	 94600000	 96900000	46
chr15	 94800000	 93550000	25
chr15	 95250000	 97500000	45
chr15	 95350000	 94350000	20
chr15	 95800000	 93550000	45
chr15	 95900000	 94200000	34
chr15	 97100000	 96150000	19
chr15	 98350000	 99400000	21
chr15	 99000000	100500000	30
chr15	 99200000	 99200000	0
chr15	 99750000	 99000000	15
chr15	101200000	100300000	18
chr15	101550000	102550000	20
chr15	103550000	102900000	13
chr16	  1750000	  3050000	26
chr16	  2050000	  2500000	9
chr16	  2350000	  3600000	25
chr16	  3350000	  2200000	23
chr16	  4650000	  4100000	11
chr16	  5150000	  5950000	16
chr16	  5950000	  4850000	22
chr16	  9100000	  9850000	15
chr16	 13700000	 12800000	18
chr16	 14950000	 14400000	11
chr16	 15350000	 16500000	23
chr16	 16250000	 13750000	50
chr16	 19750000	 20600000	17
chr16	 20100000	 18950000	23
chr16	 25150000	 25150000	0
chr16	 25500000	 25500000	0
chr16	 25800000	 26600000	16
chr16	 26900000	 27600000	14
chr16	 27350000	 25850000	30
chr16	 27800000	 28750000	19
chr16	 28250000	 29200000	19
chr16	 29600000	 28500000	22
chr16	 30850000	 30100000	15
chr16	 30900000	 30300000	12
chr16	 31850000	 32550000	14
chr16	 32750000	 32250000	10
chr16	 33050000	 31500000	31
chr16	 33950000	 35250000	26
chr16	 34600000	 33050000	31
chr16	 35250000	 36350000	22
chr16	 36550000	 34600000	39
chr16	 41000000	 40100000	18
chr16	 44700000	 45700000	20
chr16	 46750000	 47750000	20
chr16	 46900000	 46050000	17
chr16	 47600000	 46050000	31
chr16	 48600000	 50450000	37
chr16	 48750000	 47950000	16
chr16	 49300000	 48900000	8
chr16	 50600000	 50900000	6
chr16	 52050000	 52800000	15
chr16	 52650000	 54400000	35
chr16	 55300000	 54700000	12
chr16	 56100000	 55200000	18
chr16	 56300000	 57150000	17
chr16	 57200000	 58250000	21
chr16	 58250000	 56450000	36
chr16	 59450000	 60300000	17
chr16	 60200000	 58050000	43
chr16	 60200000	 62150000	39
chr16	 60650000	 61500000	17
chr16	 61150000	 60750000	8
chr16	 63000000	 62550000	9
chr16	 63700000	 65250000	31
chr16	 64300000	 65750000	29
chr16	 64850000	 63750000	22
chr16	 66450000	 65550000	18
chr16	 68600000	 70100000	30
chr16	 69250000	 70250000	20
chr16	 69950000	 69250000	14
chr16	 70850000	 71700000	17
chr16	 71650000	 71050000	12
chr16	 72100000	 72800000	14
chr16	 73300000	 74400000	22
chr16	 78700000	 77550000	23
chr16	 80300000	 81150000	17
chr16	 80900000	 80550000	7
chr16	 80950000	 80600000	7
chr16	 82150000	 83650000	30
chr16	 83800000	 82350000	29
chr16	 84050000	 85750000	34
chr16	 84250000	 82750000	30
chr16	 86750000	 85250000	30
chr16	 87450000	 88850000	28
chr16	 87900000	 88750000	17
chr16	 89800000	 87950000	37
chr16	 94050000	 92300000	35
chr17	  3450000	  2950000	10
chr17	  3650000	  4100000	9
chr17	  3850000	  2350000	30
chr17	  5300000	  4800000	10
chr17	  5600000	  6450000	17
chr17	  9500000	 10550000	21
chr17	 10850000	  9900000	19
chr17	 11150000	  9250000	38
chr17	 11200000	  9100000	42
chr17	 13250000	 12400000	17
chr17	 13500000	 13900000	8
chr17	 17650000	 16950000	14
chr17	 17700000	 19750000	41
chr17	 20950000	 21950000	20
chr17	 22350000	 20850000	30
chr17	 23500000	 22350000	23
chr17	 24700000	 24050000	13
chr17	 24900000	 23400000	30
chr17	 26300000	 27350000	21
chr17	 26350000	 27100000	15
chr17	 31300000	 32150000	17
chr17	 31500000	 32200000	14
chr17	 32650000	 29200000	69
chr17	 32950000	 31850000	22
chr17	 34100000	 33000000	22
chr17	 35500000	 36250000	15
chr17	 36700000	 38250000	31
chr17	 38250000	 37350000	18
chr17	 38950000	 39650000	14
chr17	 39500000	 41450000	39
chr17	 39700000	 41050000	27
chr17	 40100000	 38200000	38
chr17	 40600000	 41300000	14
chr17	 41000000	 42000000	20
chr17	 41750000	 40600000	23
chr17	 42400000	 41950000	9
chr17	 42450000	 41550000	18
chr17	 44750000	 45050000	6
chr17	 45950000	 47150000	24
chr17	 46250000	 47900000	33
chr17	 47450000	 48700000	25
chr17	 47850000	 47050000	16
chr17	 47950000	 47000000	19
chr17	 48950000	 50050000	22
chr17	 51850000	 50800000	21
chr17	 52200000	 53200000	20
chr17	 52800000	 52200000	12
chr17	 52850000	 54100000	25
chr17	 55700000	 57400000	34
chr17	 56400000	 54900000	30
chr17	 56800000	 57100000	6
chr17	 57900000	 57300000	12
chr17	 59800000	 60950000	23
chr17	 60600000	 61250000	13
chr17	 61150000	 59400000	35
chr17	 66050000	 66600000	11
chr17	 66650000	 68100000	29
chr17	 67050000	 66150000	18
chr17	 67200000	 67850000	13
chr17	 67350000	 66100000	25
chr17	 67450000	 69450000	40
chr17	 68950000	 68000000	19
chr17	 74900000	 74600000	6
chr17	 76650000	 75750000	18
chr17	 80200000	 78700000	30
chr17	 86800000	 85850000	19
chr17	 87750000	 88950000	24
chr17	 89450000	 88150000	26
chr17	 92650000	 93350000	14
chr17	 94100000	 94850000	15
chr18	        0	   900000	18
chr18	   200000	  6200000	120
chr18	  1500000	  2050000	11
chr18	  2550000	  1800000	15
chr18	  2950000	  1750000	24
chr18	  4350000	  3850000	10
chr18	  8250000	  7050000	24
chr18	  9200000	  9750000	11
chr18	 10450000	 12500000	41
chr18	 11200000	  9150000	41
chr18	 11500000	 13000000	30
chr18	 12400000	 11250000	23
chr18	 12950000	 14350000	28
chr18	 13750000	 11750000	40
chr18	 13850000	 15350000	30
chr18	 15200000	 13200000	40
chr18	 15400000	 14450000	19
chr18	 18300000	 21500000	64
chr18	 19900000	 20900000	20
chr18	 20350000	 22050000	34
chr18	 20800000	 20100000	14
chr18	 21700000	 22350000	13
chr18	 22250000	 17300000	99
chr18	 27800000	 27150000	13
chr18	 28150000	 28800000	13
chr18	 28850000	 28000000	17
chr18	 32150000	 31050000	22
chr18	 34700000	 36450000	35
chr18	 34750000	 35500000	15
chr18	 36950000	 34700000	45
chr18	 38050000	 36550000	30
chr18	 38150000	 37500000	13
chr18	 40300000	 39800000	10
chr18	 40600000	 40900000	6
chr18	 40650000	 40000000	13
chr18	 43600000	 45900000	46
chr18	 43900000	 45350000	29
chr18	 43950000	 44650000	14
chr18	 47050000	 48250000	24
chr18	 47600000	 45600000	40
chr18	 48350000	 49100000	15
chr18	 50350000	 49800000	11
chr18	 51100000	 52100000	20
chr18	 51400000	 50450000	19
chr18	 51650000	 50400000	25
chr18	 53650000	 55450000	36
chr18	 53950000	 54600000	13
chr18	 54150000	 59000000	97
chr18	 54350000	 55400000	21
chr18	 55750000	 54500000	25
chr18	 55950000	 55400000	11
chr18	 56100000	 56450000	7
chr18	 58100000	 56850000	25
chr18	 58550000	 57700000	17
chr18	 61950000	 61500000	9
chr18	 63450000	 61850000	32
chr18	 63600000	 62400000	24
chr18	 65050000	 65050000	0
chr18	 65550000	 66200000	13
chr18	 70900000	 70250000	13
chr18	 73450000	 72850000	12
chr18	 74000000	 75700000	34
chr18	 74700000	 73100000	32
chr18	 75350000	 76100000	15
chr18	 76850000	 74100000	55
chr18	 79600000	 80700000	22
chr18	 81500000	 82650000	23
chr18	 83300000	 84300000	20
chr18	 85250000	 82250000	60
chr18	 85400000	 86450000	21
chr18	 85900000	 85200000	14
chr18	 86350000	 88800000	49
chr18	 88250000	 87450000	16
chr18	 89500000	 89000000	10
chr18	 90350000	 89500000	17
chr19	  3300000	  5100000	36
chr19	  4300000	  2850000	29
chr19	  6150000	  5150000	20
chr19	  6700000	  5950000	15
chr19	  7100000	  6200000	18
chr19	  7500000	  6350000	23
chr19	  7700000	  8500000	16
chr19	  9650000	 10250000	12
chr19	 12250000	 11700000	11
chr19	 13700000	 12600000	22
chr19	 13950000	 13550000	8
chr19	 18200000	 17450000	15
chr19	 19850000	 20350000	10
chr19	 20250000	 22050000	36
chr19	 22100000	 21400000	14
chr19	 24100000	 21950000	43
chr19	 25350000	 23150000	44
chr19	 25800000	 27250000	29
chr19	 27250000	 27500000	5
chr19	 27600000	 26150000	29
chr19	 27900000	 28450000	11
chr19	 28100000	 27000000	22
chr19	 31700000	 31500000	4
chr19	 32150000	 30000000	43
chr19	 32700000	 32400000	6
chr19	 33050000	 34150000	22
chr19	 34100000	 35450000	27
chr19	 34300000	 35300000	20
chr19	 36100000	 35700000	8
chr19	 36550000	 35750000	16
chr19	 36650000	 37600000	19
chr19	 37800000	 37150000	13
chr19	 38200000	 36450000	35
chr19	 38400000	 39450000	21
chr19	 39850000	 41600000	35
chr19	 40000000	 40800000	16
chr19	 41900000	 40750000	23
chr19	 44900000	 45650000	15
chr19	 45900000	 44850000	21
chr19	 46050000	 47600000	31
chr19	 52650000	 53500000	17
chr19	 52750000	 53350000	12
chr19	 56100000	 57250000	23
chr19	 56700000	 57500000	16
chr19	 57600000	 57050000	11
chr19	 57600000	 58350000	15
chr19	 57950000	 59600000	33
chr19	 58200000	 59500000	26
chr19	 58350000	 57050000	26
chr19	 58900000	 58650000	5
chr19	 60200000	 61100000	18
chr19	 61150000	 60900000	5
chr2	  2600000	  3600000	20
chr2	  3000000	  5100000	42
chr2	  3900000	  3050000	17
chr2	  4150000	  1200000	59
chr2	  4900000	  4300000	12
chr2	  5250000	  5800000	11
chr2	  8450000	  9000000	11
chr2	  8700000	  8300000	8
chr2	  9350000	 10400000	21
chr2	 13550000	 14500000	19
chr2	 14600000	 15900000	26
chr2	 14750000	 15100000	7
chr2	 16400000	 13500000	58
chr2	 17800000	 16050000	35
chr2	 19100000	 19950000	17
chr2	 22500000	 22050000	9
chr2	 24850000	 25750000	18
chr2	 28300000	 27050000	25
chr2	 30150000	 29150000	20
chr2	 32300000	 33350000	21
chr2	 34050000	 34650000	12
chr2	 34900000	 35650000	15
chr2	 38250000	 37650000	12
chr2	 38850000	 37800000	21
chr2	 39650000	 38850000	16
chr2	 41300000	 42700000	28
chr2	 42100000	 43100000	20
chr2	 42350000	 41500000	17
chr2	 47050000	 46250000	16
chr2	 50650000	 51400000	15
chr2	 51700000	 49950000	35
chr2	 52150000	 50150000	40
chr2	 53750000	 52600000	23
chr2	 54950000	 56000000	21
chr2	 56400000	 55250000	23
chr2	 56500000	 57750000	25
chr2	 57400000	 58500000	22
chr2	 61100000	 59600000	30
chr2	 61750000	 60750000	20
chr2	 62850000	 63300000	9
chr2	 63600000	 62850000	15
chr2	 64200000	 65800000	32
chr2	 66350000	 65850000	10
chr2	 66950000	 67500000	11
chr2	 67700000	 66500000	24
chr2	 67750000	 67250000	10
chr2	 72250000	 71350000	18
chr2	 72850000	 73400000	11
chr2	 73450000	 74550000	22
chr2	 73950000	 74700000	15
chr2	 74650000	 74650000	0
chr2	 75400000	 73000000	48
chr2	 79400000	 78100000	26
chr2	 79950000	 80950000	20
chr2	 80500000	 79800000	14
chr2	 81650000	 81100000	11
chr2	 82900000	 84150000	25
chr2	 84100000	 85650000	31
chr2	 88450000	 89450000	20
chr2	 92100000	 91000000	22
chr2	 92450000	 93300000	17
chr2	 93300000	 91850000	29
chr2	 94850000	 92300000	51
chr2	 95400000	 94900000	10
chr2	 95400000	 96600000	24
chr2	 98600000	 99050000	9
chr2	 98700000	100750000	41
chr2	 99150000	 98750000	8
chr2	 99300000	101450000	43
chr2	 99350000	 97450000	38
chr2	 99350000	100050000	14
chr2	100650000	102500000	37
chr2	102450000	103850000	28
chr2	104550000	105200000	13
chr2	105350000	106650000	26
chr2	105800000	104700000	22
chr2	106950000	103600000	67
chr2	107700000	106600000	22
chr2	108150000	111650000	70
chr2	110200000	108350000	37
chr2	110500000	109600000	18
chr2	110650000	110050000	12
chr2	111700000	113100000	28
chr2	112350000	113100000	15
chr2	115550000	114700000	17
chr2	117600000	117250000	7
chr2	120400000	121050000	13
chr2	121900000	123000000	22
chr2	122850000	122550000	6
chr2	124350000	126100000	35
chr2	125450000	126150000	14
chr2	126850000	126300000	11
chr2	130050000	130900000	17
chr2	138600000	139200000	12
chr2	139200000	138600000	12
chr2	139200000	138850000	7
chr2	139300000	140450000	23
chr2	140450000	142150000	34
chr2	141250000	140750000	10
chr2	142900000	142450000	9
chr2	143500000	143100000	8
chr2	144950000	143400000	31
chr2	145450000	144550000	18
chr2	147750000	148900000	23
chr2	148100000	149050000	19
chr2	151150000	151900000	15
chr2	152450000	151850000	12
chr2	154300000	154850000	11
chr2	154600000	153750000	17
chr2	158350000	157550000	16
chr2	159300000	158500000	16
chr2	160450000	161750000	26
chr2	162300000	163350000	21
chr2	163000000	162150000	17
chr2	165950000	165050000	18
chr2	169550000	169900000	7
chr2	170600000	171450000	17
chr2	172000000	173850000	37
chr2	173400000	172200000	24
chr2	177650000	179100000	29
chr2	178050000	180300000	45
chr2	179600000	180400000	16
chr2	181850000	180650000	24
chr3	  1350000	   950000	8
chr3	  1700000	  1250000	9
chr3	  3900000	  2950000	19
chr3	  4050000	  4550000	10
chr3	  4350000	  3350000	20
chr3	  7400000	  8800000	28
chr3	 10700000	 11950000	25
chr3	 11200000	 11200000	0
chr3	 12200000	 10800000	28
chr3	 13150000	 14050000	18
chr3	 15150000	 15650000	10
chr3	 15600000	 16150000	11
chr3	 19900000	 18400000	30
chr3	 24050000	 23150000	18
chr3	 25650000	 24250000	28
chr3	 27800000	 26850000	19
chr3	 28750000	 28050000	14
chr3	 29250000	 29650000	8
chr3	 29700000	 31300000	32
chr3	 29950000	 28850000	22
chr3	 30700000	 30100000	12
chr3	 30750000	 29150000	32
chr3	 33550000	 34500000	19
chr3	 35100000	 34500000	12
chr3	 37800000	 39450000	33
chr3	 38300000	 37050000	25
chr3	 38350000	 40300000	39
chr3	 40500000	 39450000	21
chr3	 40750000	 40300000	9
chr3	 41050000	 41550000	10
chr3	 41650000	 42400000	15
chr3	 42100000	 43750000	33
chr3	 42750000	 43950000	24
chr3	 43100000	 43800000	14
chr3	 43300000	 44000000	14
chr3	 43500000	 45000000	30
chr3	 46850000	 46150000	14
chr3	 49500000	 48100000	28
chr3	 49650000	 48900000	15
chr3	 50500000	 51450000	19
chr3	 51700000	 52950000	25
chr3	 57500000	 56050000	29
chr3	 59250000	 58850000	8
chr3	 59900000	 60400000	10
chr3	 60800000	 61100000	6
chr3	 61550000	 62950000	28
chr3	 61600000	 62650000	21
chr3	 62300000	 60350000	39
chr3	 62350000	 61350000	20
chr3	 67550000	 66100000	29
chr3	 68800000	 71850000	61
chr3	 72500000	 71050000	29
chr3	 75850000	 73400000	49
chr3	 77450000	 80000000	51
chr3	 77500000	 78000000	10
chr3	 77900000	 79100000	24
chr3	 78250000	 79550000	26
chr3	 78750000	 79900000	23
chr3	 81150000	 80700000	9
chr3	 81600000	 79800000	36
chr3	 83150000	 84700000	31
chr3	 83350000	 84050000	14
chr3	 84600000	 82500000	42
chr3	 84900000	 86250000	27
chr3	 85450000	 87000000	31
chr3	 86200000	 87300000	22
chr3	 86200000	 87400000	24
chr3	 86250000	 86800000	11
chr3	 86300000	 87100000	16
chr3	 87050000	 86200000	17
chr3	 88150000	 87200000	19
chr3	 88450000	 89100000	13
chr3	 89600000	 88550000	21
chr3	 90400000	 88750000	33
chr3	 91750000	 90700000	21
chr3	 91950000	 90550000	28
chr3	 93000000	 93450000	9
chr3	 94950000	 95450000	10
chr3	 97150000	 97350000	4
chr3	 98150000	 99400000	25
chr3	 99150000	 98300000	17
chr3	100450000	 98100000	47
chr3	101500000	101900000	8
chr3	102350000	101300000	21
chr3	103050000	104200000	23
chr3	104450000	103500000	19
chr3	106400000	107200000	16
chr3	106800000	106300000	10
chr3	109000000	106800000	44
chr3	110100000	108700000	28
chr3	111150000	112100000	19
chr3	113300000	114000000	14
chr3	113750000	114400000	13
chr3	116750000	116250000	10
chr3	117700000	118750000	21
chr3	119050000	119650000	12
chr3	119750000	119200000	11
chr3	121600000	123200000	32
chr3	123100000	123800000	14
chr3	124850000	125850000	20
chr3	125700000	124600000	22
chr3	126350000	127700000	27
chr3	127350000	128700000	27
chr3	128550000	129100000	11
chr3	130550000	127600000	59
chr3	130950000	133400000	49
chr3	131150000	130100000	21
chr3	131600000	129200000	48
chr3	132300000	130050000	45
chr3	134250000	135300000	21
chr3	135250000	134250000	20
chr3	136050000	136800000	15
chr3	136300000	135350000	19
chr3	136900000	137450000	11
chr3	137100000	137650000	11
chr3	137350000	136050000	26
chr3	139600000	137450000	43
chr3	142250000	140950000	26
chr3	142600000	141950000	13
chr3	142700000	141650000	21
chr3	144800000	145550000	15
chr3	147500000	148950000	29
chr3	147700000	146850000	17
chr3	148300000	149300000	20
chr3	148600000	149850000	25
chr3	151100000	151550000	9
chr3	151350000	150000000	27
chr3	151900000	149700000	44
chr3	152150000	153600000	29
chr3	152500000	151600000	18
chr3	153250000	152900000	7
chr3	153250000	153850000	12
chr3	154550000	154050000	10
chr3	154650000	153050000	32
chr3	155100000	156950000	37
chr3	157050000	159000000	39
chr3	158750000	158200000	11
chr3	159200000	157750000	29
chr4	  5200000	  4300000	18
chr4	  7500000	  8550000	21
chr4	  8800000	 10550000	35
chr4	 10450000	 12100000	33
chr4	 11100000	 10250000	17
chr4	 14950000	 15600000	13
chr4	 18350000	 19000000	13
chr4	 21200000	 22000000	16
chr4	 21250000	 19750000	30
chr4	 22100000	 21000000	22
chr4	 22750000	 22100000	13
chr4	 23200000	 24000000	16
chr4	 23800000	 23350000	9
chr4	 23900000	 24600000	14
chr4	 25100000	 27850000	55
chr4	 25950000	 25100000	17
chr4	 26000000	 24950000	21
chr4	 27000000	 25600000	28
chr4	 30450000	 29600000	17
chr4	 31900000	 33050000	23
chr4	 32450000	 33400000	19
chr4	 32800000	 33250000	9
chr4	 33950000	 32950000	20
chr4	 34900000	 35950000	21
chr4	 40200000	 40850000	13
chr4	 42550000	 43250000	14
chr4	 44600000	 42950000	33
chr4	 46000000	 48000000	40
chr4	 46400000	 47050000	13
chr4	 55500000	 56500000	20
chr4	 55900000	 57150000	25
chr4	 56900000	 58900000	40
chr4	 58650000	 59250000	12
chr4	 58950000	 57950000	20
chr4	 61200000	 58850000	47
chr4	 62550000	 63250000	14
chr4	 63000000	 61450000	31
chr4	 63000000	 62100000	18
chr4	 63550000	 64450000	18
chr4	 66650000	 67350000	14
chr4	 66800000	 67800000	20
chr4	 67550000	 65200000	47
chr4	 72650000	 71350000	26
chr4	 73100000	 74350000	25
chr4	 74350000	 74900000	11
chr4	 75100000	 73850000	25
chr4	 77100000	 76500000	12
chr4	 77400000	 77600000	4
chr4	 77550000	 78050000	10
chr4	 79350000	 81000000	33
chr4	 79800000	 80700000	18
chr4	 80150000	 80750000	12
chr4	 81250000	 80450000	16
chr4	 81400000	 82550000	23
chr4	 83200000	 85550000	47
chr4	 84500000	 87000000	50
chr4	 86500000	 86500000	0
chr4	 87050000	 87650000	12
chr4	 87450000	 86050000	28
chr4	 88300000	 87000000	26
chr4	 89400000	 91150000	35
chr4	 90800000	 89100000	34
chr4	 90900000	 90200000	14
chr4	 91900000	 90700000	24
chr4	 92650000	 94700000	41
chr4	 93650000	 91850000	36
chr4	 94250000	 93650000	12
chr4	 97100000	 98600000	30
chr4	 97800000	100650000	57
chr4	 99000000	100100000	22
chr4	100350000	 98450000	38
chr4	101400000	102500000	22
chr4	102000000	101100000	18
chr4	102000000	101650000	7
chr4	105250000	103850000	28
chr4	106800000	108700000	38
chr4	107750000	107450000	6
chr4	108100000	107250000	17
chr4	108700000	108200000	10
chr4	110050000	110450000	8
chr4	111900000	110950000	19
chr4	112900000	112250000	13
chr4	113250000	111200000	41
chr4	114550000	116250000	34
chr4	116400000	115300000	22
chr4	117100000	118150000	21
chr4	119100000	116300000	56
chr4	120600000	118950000	33
chr4	120600000	119500000	22
chr4	120750000	119700000	21
chr4	121750000	123100000	27
chr4	123800000	122150000	33
chr4	124100000	126600000	50
chr4	124300000	125850000	31
chr4	125200000	126200000	20
chr4	127850000	126800000	21
chr4	129450000	127150000	46
chr4	129850000	131050000	24
chr4	132250000	133350000	22
chr4	133450000	134850000	28
chr4	134700000	135650000	19
chr4	134850000	133500000	27
chr4	138200000	137800000	8
chr4	140800000	139850000	19
chr4	142600000	143500000	18
chr4	143100000	144750000	33
chr4	144350000	144950000	12
chr4	145200000	145700000	10
chr4	147400000	148550000	23
chr4	148500000	149200000	14
chr4	149500000	150400000	18
chr4	149950000	151550000	32
chr4	153200000	153850000	13
chr4	153650000	153750000	2
chr4	154100000	153200000	18
chr4	155750000	153800000	39
chr4	156050000	155250000	16
chr5	  2400000	  3300000	18
chr5	  2550000	  5100000	51
chr5	  2650000	  3350000	14
chr5	  3350000	  2500000	17
chr5	  7400000	  8700000	26
chr5	  9450000	  7550000	38
chr5	  9500000	  9250000	5
chr5	  9550000	  7900000	33
chr5	 11950000	 12500000	11
chr5	 12000000	 12700000	14
chr5	 12050000	  9950000	42
chr5	 14050000	 14350000	6
chr5	 14950000	 14450000	10
chr5	 17350000	 17000000	7
chr5	 17650000	 16600000	21
chr5	 19000000	 18150000	17
chr5	 20800000	 21500000	14
chr5	 20900000	 19950000	19
chr5	 21150000	 21800000	13
chr5	 21200000	 24800000	72
chr5	 21750000	 25150000	68
chr5	 23700000	 22800000	18
chr5	 24900000	 24400000	10
chr5	 28950000	 27850000	22
chr5	 31200000	 30850000	7
chr5	 31900000	 32900000	20
chr5	 32650000	 31800000	17
chr5	 33600000	 35000000	28
chr5	 35400000	 33900000	30
chr5	 36150000	 34100000	41
chr5	 37800000	 37050000	15
chr5	 38600000	 38300000	6
chr5	 40550000	 39050000	30
chr5	 44750000	 43450000	26
chr5	 45700000	 44200000	30
chr5	 46000000	 46900000	18
chr5	 46100000	 45600000	10
chr5	 46650000	 45250000	28
chr5	 47650000	 50050000	48
chr5	 48450000	 47850000	12
chr5	 48950000	 49700000	15
chr5	 51350000	 48700000	53
chr5	 51600000	 50800000	16
chr5	 53250000	 54150000	18
chr5	 53400000	 50600000	56
chr5	 54500000	 53050000	29
chr5	 55350000	 57450000	42
chr5	 57700000	 58450000	15
chr5	 57800000	 56500000	26
chr5	 60500000	 57950000	51
chr5	 60900000	 60350000	11
chr5	 60900000	 62300000	28
chr5	 62750000	 60700000	41
chr5	 64050000	 64650000	12
chr5	 67250000	 69050000	36
chr5	 69900000	 69300000	12
chr5	 74600000	 72800000	36
chr5	 75300000	 73900000	28
chr5	 76650000	 77200000	11
chr5	 76750000	 76050000	14
chr5	 77100000	 75900000	24
chr5	 77150000	 78750000	32
chr5	 78150000	 79650000	30
chr5	 79950000	 81150000	24
chr5	 80150000	 81400000	25
chr5	 81800000	 82300000	10
chr5	 82400000	 81700000	14
chr5	 82650000	 82250000	8
chr5	 85600000	 84300000	26
chr5	 85750000	 85150000	12
chr5	 86200000	 86750000	11
chr5	 86400000	 88900000	50
chr5	 87350000	 86350000	20
chr5	 87950000	 88900000	19
chr5	 90150000	 91200000	21
chr5	 93250000	 94000000	15
chr5	 97350000	 98200000	17
chr5	 99200000	100200000	20
chr5	 99900000	 99100000	16
chr5	101400000	100000000	28
chr5	101700000	101700000	0
chr5	102700000	104400000	34
chr5	104150000	107400000	65
chr5	104650000	103300000	27
chr5	104900000	104200000	14
chr5	105400000	105950000	11
chr5	105650000	105450000	4
chr5	109150000	111850000	54
chr5	110800000	113500000	54
chr5	111900000	110150000	35
chr5	111900000	110700000	24
chr5	113500000	111850000	33
chr5	114350000	113750000	12
chr5	114850000	113700000	23
chr5	115450000	114750000	14
chr5	116900000	118850000	39
chr5	118800000	117850000	19
chr5	119650000	118850000	16
chr5	121750000	121100000	13
chr5	123800000	122700000	22
chr5	125300000	126200000	18
chr5	125350000	126700000	27
chr5	125700000	123450000	45
chr5	126000000	126000000	0
chr5	129050000	128150000	18
chr5	130300000	131050000	15
chr5	133700000	135700000	40
chr5	134200000	133700000	10
chr5	136900000	137850000	19
chr5	137900000	137550000	7
chr5	141150000	142900000	35
chr5	141400000	140400000	20
chr5	141550000	142350000	16
chr5	142250000	141150000	22
chr5	142900000	139300000	72
chr5	145300000	146150000	17
chr5	145350000	143600000	35
chr5	145450000	144950000	10
chr5	146350000	145050000	26
chr5	146650000	147000000	7
chr5	147250000	146550000	14
chr5	149100000	147500000	32
chr5	149550000	149150000	8
chr5	149700000	148300000	28
chr5	150200000	151500000	26
chr5	150300000	151100000	16
chr5	151400000	149450000	39
chr6	  3750000	  2700000	21
chr6	  6800000	  6500000	6
chr6	  7450000	  7100000	7
chr6	  9200000	  8700000	10
chr6	  9750000	 10150000	8
chr6	 11950000	 13100000	23
chr6	 12650000	 13400000	15
chr6	 12900000	 14450000	31
chr6	 14500000	 14500000	0
chr6	 15700000	 13700000	40
chr6	 15900000	 17350000	29
chr6	 17000000	 18400000	28
chr6	 17250000	 15500000	35
chr6	 18850000	 17650000	24
chr6	 18950000	 18300000	13
chr6	 19150000	 18050000	22
chr6	 21100000	 21650000	11
chr6	 25100000	 23000000	42
chr6	 25300000	 24650000	13
chr6	 26550000	 25700000	17
chr6	 28250000	 28250000	0
chr6	 31500000	 30350000	23
chr6	 32200000	 33450000	25
chr6	 33950000	 32800000	23
chr6	 36300000	 37400000	22
chr6	 36800000	 34350000	49
chr6	 36850000	 39100000	45
chr6	 37800000	 39000000	24
chr6	 39250000	 38800000	9
chr6	 42250000	 43550000	26
chr6	 43800000	 44850000	21
chr6	 45050000	 45750000	14
chr6	 45350000	 46200000	17
chr6	 45650000	 47650000	40
chr6	 47100000	 48600000	30
chr6	 52800000	 54000000	24
chr6	 53450000	 52650000	16
chr6	 53900000	 54200000	6
chr6	 54500000	 52900000	32
chr6	 54500000	 55150000	13
chr6	 55200000	 54650000	11
chr6	 55300000	 56050000	15
chr6	 56150000	 56950000	16
chr6	 59000000	 57850000	23
chr6	 59150000	 58400000	15
chr6	 59650000	 60350000	14
chr6	 61450000	 60100000	27
chr6	 62000000	 59800000	44
chr6	 62650000	 65800000	63
chr6	 64100000	 62800000	26
chr6	 64650000	 64150000	10
chr6	 67450000	 66150000	26
chr6	 67450000	 68750000	26
chr6	 68100000	 66250000	37
chr6	 69300000	 68500000	16
chr6	 71100000	 72300000	24
chr6	 76050000	 75450000	12
chr6	 77800000	 78150000	7
chr6	 79850000	 79600000	5
chr6	 81550000	 80300000	25
chr6	 81800000	 80650000	23
chr6	 82850000	 81250000	32
chr6	 82850000	 81600000	25
chr6	 84750000	 85400000	13
chr6	 85250000	 85950000	14
chr6	 85750000	 85200000	11
chr6	 87100000	 88250000	23
chr6	 88000000	 89250000	25
chr6	 88400000	 89150000	15
chr6	 89800000	 92300000	50
chr6	 89850000	 89300000	11
chr6	 90600000	 90100000	10
chr6	 91300000	 92100000	16
chr6	 93100000	 93100000	0
chr6	 94250000	 93350000	18
chr6	 96000000	 93050000	59
chr6	 96300000	 97200000	18
chr6	101000000	100000000	20
chr6	103300000	103900000	12
chr6	104200000	105700000	30
chr6	104250000	103650000	12
chr6	104450000	107550000	62
chr6	105200000	104250000	19
chr6	106400000	105650000	15
chr6	106900000	105750000	23
chr6	107550000	108400000	17
chr6	109200000	112000000	56
chr6	110250000	111400000	23
chr6	110300000	108700000	32
chr6	110350000	111950000	32
chr6	111600000	112500000	18
chr6	117100000	118400000	26
chr6	119600000	119300000	6
chr6	120000000	118100000	38
chr6	120350000	120600000	5
chr6	121150000	120100000	21
chr6	123500000	122500000	20
chr6	126550000	127000000	9
chr6	127950000	127400000	11
chr6	128100000	127100000	20
chr6	129050000	130300000	25
chr6	130650000	129450000	24
chr6	131050000	130700000	7
chr6	131150000	130500000	13
chr6	131600000	134550000	59
chr6	132150000	129700000	49
chr6	132750000	129950000	56
chr6	132850000	131450000	28
chr6	133050000	131850000	24
chr6	134400000	135250000	17
chr6	134650000	132750000	38
chr6	134900000	132550000	47
chr6	136500000	135150000	27
chr6	136550000	135750000	16
chr6	136850000	137400000	11
chr6	137400000	135800000	32
chr6	140550000	141400000	17
chr6	140650000	141650000	20
chr6	141050000	142100000	21
chr6	144200000	143000000	24
chr6	144450000	142850000	32
chr6	144750000	145900000	23
chr7	   750000	  2200000	29
chr7	  2200000	  4700000	50
chr7	  4650000	  8200000	71
chr7	  4700000	  6100000	28
chr7	  5500000	  5200000	6
chr7	  5550000	  3750000	36
chr7	  6850000	  8350000	30
chr7	  9150000	  9950000	16
chr7	  9700000	  9250000	9
chr7	 10450000	 12550000	42
chr7	 11250000	 12400000	23
chr7	 13450000	 13900000	9
chr7	 14900000	 12950000	39
chr7	 15250000	 14300000	19
chr7	 16900000	 17800000	18
chr7	 20200000	 19350000	17
chr7	 22250000	 23750000	30
chr7	 24450000	 25700000	25
chr7	 25450000	 24650000	16
chr7	 30200000	 28400000	36
chr7	 30850000	 30000000	17
chr7	 31250000	 35000000	75
chr7	 32950000	 35550000	52
chr7	 35150000	 32500000	53
chr7	 35400000	 34400000	20
chr7	 36250000	 35200000	21
chr7	 37550000	 39000000	29
chr7	 38050000	 37050000	20
chr7	 38250000	 37850000	8
chr7	 39700000	 44200000	90
chr7	 43650000	 44800000	23
chr7	 44600000	 44100000	10
chr7	 44950000	 44500000	9
chr7	 45000000	 46400000	28
chr7	 47800000	 49500000	34
chr7	 48000000	 44750000	65
chr7	 48300000	 51200000	58
chr7	 50750000	 51900000	23
chr7	 52850000	 54950000	42
chr7	 59200000	 57050000	43
chr7	 59500000	 58300000	24
chr7	 59950000	 58300000	33
chr7	 60050000	 58850000	24
chr7	 60750000	 60250000	10
chr7	 61100000	 59300000	36
chr7	 62400000	 60900000	30
chr7	 62850000	 64700000	37
chr7	 64700000	 63300000	28
chr7	 65350000	 64350000	20
chr7	 65750000	 65350000	8
chr7	 67700000	 67350000	7
chr7	 68150000	 67150000	20
chr7	 68600000	 68150000	9
chr7	 69200000	 70250000	21
chr7	 69400000	 67450000	39
chr7	 69450000	 71950000	50
chr7	 70150000	 70900000	15
chr7	 71050000	 70350000	14
chr7	 73350000	 75050000	34
chr7	 77700000	 76950000	15
chr7	 78950000	 77600000	27
chr7	 79300000	 80150000	17
chr7	 80100000	 78550000	31
chr7	 80700000	 81150000	9
chr7	 80750000	 80000000	15
chr7	 83350000	 81250000	42
chr7	 85200000	 85950000	15
chr7	 85900000	 85200000	14
chr7	 86550000	 88700000	43
chr7	 86900000	 85600000	26
chr7	 86900000	 87950000	21
chr7	 87600000	 87000000	12
chr7	 87850000	 88800000	19
chr7	 89150000	 90750000	32
chr7	 89200000	 88850000	7
chr7	 89800000	 88750000	21
chr7	 90050000	 90850000	16
chr7	 91650000	 92200000	11
chr7	 91800000	 93200000	28
chr7	 92100000	 91150000	19
chr7	 92350000	 92750000	8
chr7	 95900000	 96800000	18
chr7	 96300000	 97400000	22
chr7	 98900000	 99700000	16
chr7	100200000	 99550000	13
chr7	101200000	102150000	19
chr7	106800000	108000000	24
chr7	109700000	108100000	32
chr7	114900000	113450000	29
chr7	115350000	114800000	11
chr7	119700000	118950000	15
chr7	121000000	119050000	39
chr7	121650000	122250000	12
chr7	123500000	122200000	26
chr7	125050000	127250000	44
chr7	129850000	128650000	24
chr7	130400000	131100000	14
chr7	130600000	132900000	46
chr7	131050000	131500000	9
chr7	132650000	133750000	22
chr7	134450000	135850000	28
chr7	134950000	136350000	28
chr7	136400000	136600000	4
chr7	140550000	141900000	27
chr7	140650000	141750000	22
chr8	   200000	  1500000	26
chr8	  1300000	  2650000	27
chr8	  4300000	  3300000	20
chr8	  6750000	  5750000	20
chr8	  7400000	 10400000	60
chr8	  8650000	 10300000	33
chr8	 10400000	  9100000	26
chr8	 11200000	 13400000	44
chr8	 13400000	 11700000	34
chr8	 15300000	 15650000	7
chr8	 15800000	 14300000	30
chr8	 16850000	 17650000	16
chr8	 18600000	 17900000	14
chr8	 19900000	 21100000	24
chr8	 20350000	 19050000	26
chr8	 21300000	 22250000	19
chr8	 22150000	 22550000	8
chr8	 23100000	 23800000	14
chr8	 25600000	 25250000	7
chr8	 27000000	 29450000	49
chr8	 27300000	 28250000	19
chr8	 27400000	 28300000	18
chr8	 31250000	 30150000	22
chr8	 32700000	 33300000	12
chr8	 36150000	 35250000	18
chr8	 36500000	 34950000	31
chr8	 36600000	 35650000	19
chr8	 39100000	 42000000	58
chr8	 39150000	 39550000	8
chr8	 40350000	 39700000	13
chr8	 43400000	 42450000	19
chr8	 44050000	 45700000	33
chr8	 45550000	 44950000	12
chr8	 47600000	 48950000	27
chr8	 48250000	 49500000	25
chr8	 49600000	 54150000	91
chr8	 50950000	 50050000	18
chr8	 51500000	 52050000	11
chr8	 51700000	 50800000	18
chr8	 53100000	 52500000	12
chr8	 54400000	 55200000	16
chr8	 54550000	 55550000	20
chr8	 56750000	 55950000	16
chr8	 57050000	 58400000	27
chr8	 58300000	 57300000	20
chr8	 61350000	 61850000	10
chr8	 62300000	 61350000	19
chr8	 63150000	 64300000	23
chr8	 63850000	 64750000	18
chr8	 64200000	 62050000	43
chr8	 64250000	 64650000	8
chr8	 64950000	 63150000	36
chr8	 65650000	 68050000	48
chr8	 65750000	 64200000	31
chr8	 66950000	 68600000	33
chr8	 67050000	 68150000	22
chr8	 68450000	 67300000	23
chr8	 72200000	 73950000	35
chr8	 72950000	 75200000	45
chr8	 73250000	 71500000	35
chr8	 75700000	 73650000	41
chr8	 78100000	 77300000	16
chr8	 78150000	 80150000	40
chr8	 78950000	 79950000	20
chr8	 79250000	 80200000	19
chr8	 80100000	 80650000	11
chr8	 80450000	 82200000	35
chr8	 81250000	 80000000	25
chr8	 82250000	 84600000	47
chr8	 82400000	 80650000	35
chr8	 82700000	 82400000	6
chr8	 85050000	 84600000	9
chr8	 86200000	 84600000	32
chr8	 86550000	 85450000	22
chr8	 87700000	 89400000	34
chr8	 88100000	 87000000	22
chr8	 88350000	 87400000	19
chr8	 92200000	 92000000	4
chr8	 92600000	 88950000	73
chr8	 93250000	 94250000	20
chr8	 95050000	 94550000	10
chr8	 95700000	 95200000	10
chr8	 96250000	 95250000	20
chr8	100800000	103050000	45
chr8	101650000	 99800000	37
chr8	102700000	101900000	16
chr8	103350000	104450000	22
chr8	104850000	105700000	17
chr8	104950000	106200000	25
chr8	105000000	104200000	16
chr8	106600000	107700000	22
chr8	107650000	105950000	34
chr8	108250000	107200000	21
chr8	108400000	107900000	10
chr8	108550000	109450000	18
chr8	108600000	106600000	40
chr8	112450000	113800000	27
chr8	113800000	113200000	12
chr8	114500000	113700000	16
chr8	115000000	115500000	10
chr8	118100000	116650000	29
chr8	118100000	117550000	11
chr8	120400000	121400000	20
chr8	125100000	124450000	13
chr9	  1350000	  1050000	6
chr9	  2450000	  3100000	13
chr9	  3600000	  2900000	14
chr9	  8550000	  9350000	16
chr9	  9850000	  8550000	26
chr9	 11000000	  9550000	29
chr9	 13700000	 14350000	13
chr9	 13850000	 15350000	30
chr9	 17350000	 19350000	40
chr9	 18300000	 17650000	13
chr9	 19600000	 21050000	29
chr9	 20900000	 21500000	12
chr9	 22300000	 23550000	25
chr9	 22400000	 23950000	31
chr9	 23050000	 22350000	14
chr9	 24750000	 21450000	66
chr9	 25750000	 24400000	27
chr9	 25750000	 25150000	12
chr9	 28350000	 28650000	6
chr9	 28550000	 27650000	18
chr9	 29850000	 28150000	34
chr9	 30200000	 29300000	18
chr9	 32400000	 34450000	41
chr9	 32450000	 33050000	12
chr9	 34550000	 35300000	15
chr9	 34900000	 33150000	35
chr9	 35350000	 32750000	52
chr9	 35800000	 34150000	33
chr9	 37450000	 38500000	21
chr9	 38050000	 36100000	39
chr9	 38200000	 36750000	29
chr9	 38550000	 37950000	12
chr9	 38900000	 39100000	4
chr9	 39150000	 37850000	26
chr9	 42650000	 43450000	16
chr9	 43950000	 44800000	17
chr9	 44150000	 44700000	11
chr9	 44200000	 46950000	55
chr9	 48900000	 47250000	33
chr9	 50000000	 50250000	5
chr9	 50050000	 48700000	27
chr9	 50150000	 51150000	20
chr9	 52150000	 52800000	13
chr9	 52850000	 54000000	23
chr9	 54350000	 55100000	15
chr9	 54750000	 52400000	47
chr9	 55750000	 57150000	28
chr9	 55800000	 54000000	36
chr9	 56100000	 55450000	13
chr9	 56250000	 57500000	25
chr9	 57350000	 56700000	13
chr9	 60500000	 59450000	21
chr9	 62750000	 62150000	12
chr9	 64600000	 65400000	16
chr9	 67900000	 68900000	20
chr9	 69000000	 69550000	11
chr9	 69900000	 71500000	32
chr9	 71500000	 71900000	8
chr9	 72000000	 73100000	22
chr9	 72450000	 71050000	28
chr9	 72450000	 73200000	15
chr9	 72700000	 72200000	10
chr9	 74050000	 75550000	30
chr9	 75350000	 77650000	46
chr9	 76750000	 77750000	20
chr9	 77000000	 77900000	18
chr9	 78800000	 77450000	27
chr9	 79100000	 82450000	67
chr9	 79150000	 80550000	28
chr9	 79700000	 77750000	39
chr9	 81150000	 80050000	22
chr9	 81800000	 80650000	23
chr9	 85950000	 86350000	8
chr9	 91500000	 89750000	35
chr9	 95600000	 94150000	29
chr9	 95750000	 95300000	9
chr9	 95800000	 96650000	17
chr9	 96900000	 95950000	19
chr9	 98950000	 98450000	10
chr9	 99350000	 97700000	33
chr9	 99450000	102000000	51
chr9	 99650000	 98300000	27
chr9	100100000	 96700000	68
chr9	101850000	102800000	19
chr9	105700000	103800000	38
chr9	106400000	105600000	16
chr9	110600000	112300000	34
chr9	111100000	109900000	24
chr9	113100000	113800000	14
chr9	115850000	117750000	38
chr9	116050000	115300000	15
chr9	116350000	115850000	10
chr9	116650000	118850000	44
chr9	119300000	118300000	20
chr9	121200000	120350000	17
chrX	  1050000	  3100000	41
chrX	  1600000	   150000	29
chrX	  4250000	  4900000	13
chrX	  6200000	  6850000	13
chrX	  7600000	  8750000	23
chrX	  9050000	  7850000	24
chrX	 10700000	  9200000	30
chrX	 11050000	 12700000	33
chrX	 11250000	 10800000	9
chrX	 12050000	 11700000	7
chrX	 13950000	 13700000	5
chrX	 14700000	 15550000	17
chrX	 14900000	 13200000	34
chrX	 15450000	 14250000	24
chrX	 16250000	 15350000	18
chrX	 16350000	 15250000	22
chrX	 18450000	 20500000	41
chrX	 20450000	 16900000	71
chrX	 20800000	 21650000	17
chrX	 23050000	 21750000	26
chrX	 24350000	 23550000	16
chrX	 25750000	 23850000	38
chrX	 25900000	 26950000	21
chrX	 26350000	 27350000	20
chrX	 27450000	 28200000	15
chrX	 28050000	 28600000	11
chrX	 30250000	 31400000	23
chrX	 31350000	 30550000	16
chrX	 31550000	 30750000	16
chrX	 33750000	 32700000	21
chrX	 34050000	 33450000	12
chrX	 37100000	 35250000	37
chrX	 37900000	 36750000	23
chrX	 38150000	 39400000	25
chrX	 39700000	 38650000	21
chrX	 40000000	 41550000	31
chrX	 43750000	 42500000	25
chrX	 44700000	 43500000	24
chrX	 45450000	 44250000	24
chrX	 45800000	 43100000	54
chrX	 46100000	 47800000	34
chrX	 47250000	 48700000	29
chrX	 47300000	 46700000	12
chrX	 48950000	 47250000	34
chrX	 49250000	 48250000	20
chrX	 49400000	 47300000	42
chrX	 52250000	 52850000	12
chrX	 52700000	 52000000	14
chrX	 54600000	 55250000	13
chrX	 55600000	 57400000	36
chrX	 56300000	 56900000	12
chrX	 56850000	 56200000	13
chrX	 60000000	 60900000	18
chrX	 60100000	 60100000	0
chrX	 60950000	 61200000	5
chrX	 62250000	 63200000	19
chrX	 62700000	 61650000	21
chrX	 62850000	 62000000	17
chrX	 63000000	 63850000	17
chrX	 66000000	 64950000	21
chrX	 66050000	 67500000	29
chrX	 66650000	 68200000	31
chrX	 67300000	 65650000	33
chrX	 68400000	 68800000	8
chrX	 69150000	 68300000	17
chrX	 72000000	 71650000	7
chrX	 73550000	 74050000	10
chrX	 74150000	 73600000	11
chrX	 74800000	 75450000	13
chrX	 74950000	 73500000	29
chrX	 75500000	 72900000	52
chrX	 76250000	 77300000	21
chrX	 76900000	 75950000	19
chrX	 79850000	 78650000	24
chrX	 82450000	 82950000	10
chrX	 83600000	 82750000	17
chrX	 85900000	 84400000	30
chrX	 86150000	 88200000	41
chrX	 86400000	 87950000	31
chrX	 86550000	 85650000	18
chrX	 86850000	 85850000	20
chrX	 87000000	 87500000	10
chrX	 90100000	 91700000	32
chrX	 90600000	 88700000	38
chrX	 91100000	 89450000	33
chrX	 91850000	 93100000	25
chrX	 92650000	 91900000	15
chrX	 92800000	 92400000	8
chrX	 93150000	 94100000	19
chrX	 93300000	 94350000	21
chrX	 94000000	 95100000	22
chrX	 95650000	 93850000	36
chrX	 96850000	 95700000	23
chrX	 97350000	100100000	55
chrX	101100000	 99050000	41
chrX	101300000	100150000	23
chrX	101750000	100950000	16
chrX	102650000	101550000	22
chrX	104350000	102050000	46
chrX	106350000	107200000	17
chrX	107900000	106700000	24
chrX	108000000	106050000	39
chrX	108250000	109550000	26
chrX	110000000	109400000	12
chrX	110950000	109650000	26
chrX	112450000	113400000	19
chrX	114400000	116000000	32
chrX	116300000	115800000	10
chrX	116450000	115450000	20
chrX	116600000	115550000	21
chrX	116650000	115650000	20
chrX	117650000	118650000	20
chrX	119350000	118950000	8
chrX	119550000	123450000	78
chrX	121600000	121950000	7
chrX	122850000	124150000	26
chrX	126400000	124300000	42
chrX	126700000	127600000	18
chrX	128200000	127050000	23
chrX	129100000	128700000	8
chrX	129600000	130950000	27
chrX	129800000	131600000	36
chrX	130550000	131300000	15
chrX	131050000	130150000	18
chrX	131350000	129350000	40
chrX	131350000	132950000	32
chrX	131850000	133150000	26
chrX	134400000	136200000	36
chrX	134750000	135400000	13
chrX	135350000	135800000	9
chrX	137300000	135950000	27
chrX	138650000	138250000	8
chrX	139200000	137450000	35
chrX	139350000	138950000	8
chrX	141750000	141900000	3
chrX	142350000	141150000	24
chrX	143200000	142100000	22
chrX	143800000	142400000	28
chrX	144000000	142600000	28
chrX	144050000	144950000	18
chrX	145000000	146150000	23
chrX	149900000	148900000	20
chrX	149900000	151700000	36
chrX	153300000	154500000	24
chrX	153800000	152650000	23
chrX	154200000	155450000	25
chrX	159400000	160250000	17
chrX	161100000	161500000	8
chrX	161500000	163250000	35
chrX	162150000	162900000	15
chrX	164150000	165200000	21
chrX	164300000	163300000	20
chrX	164400000	163800000	12
chrX	167150000	167450000	6
chrX	168050000	168400000	7
chrX	168950000	169750000	16
chrY	   800000	  2000000	24
chrY	  1950000	  2700000	15
chrY	  2400000	  1400000	20
chrY	  6350000	  4900000	29
chrY	  6550000	  3950000	52
chrY	 10600000	 11050000	9
chrY	 16100000	 14700000	28
chrY	 17100000	 14800000	46
chrY	 17650000	 18050000	8
chrY	 17900000	 19150000	25
chrY	 18300000	 17850000	9
chrY	 21200000	 22450000	25
chrY	 25800000	 25350000	9
chrY	 29000000	 30550000	31
chrY	 31450000	 32050000	12
chrY	 32350000	 31550000	16
chrY	 33700000	 34250000	11
chrY	 34200000	 32800000	28
chrY	 35050000	 36900000	37
chrY	 35150000	 38000000	57
chrY	 36750000	 35850000	18
chrY	 37200000	 36200000	20
chrY	 37250000	 36550000	14
chrY	 39700000	 39250000	9
chrY	 40550000	 39200000	27
chrY	 41500000	 40750000	15
chrY	 41550000	 42150000	12
chrY	 41800000	 41400000	8
chrY	 42100000	 42500000	8
chrY	 43100000	 43800000	14
chrY	 44300000	 43850000	9
chrY	 47050000	 45900000	23
chrY	 48300000	 48000000	6
chrY	 50400000	 51250000	17
chrY	 50600000	 51750000	23
chrY	 50900000	 52800000	38
chrY	 51050000	 52000000	19
chrY	 52050000	 51300000	15
chrY	 54450000	 54650000	4
chrY	 54650000	 53350000	26
chrY	 55400000	 54750000	13
chrY	 55900000	 55150000	15
chrY	 58050000	 59350000	26
chrY	 61450000	 60450000	20
chrY	 61550000	 60250000	26
chrY	 62150000	 64400000	45
chrY	 62450000	 61500000	19
chrY	 63200000	 63500000	6
chrY	 63600000	 63600000	0
chrY	 69500000	 68000000	30
chrY	 69650000	 69350000	6
chrY	 69850000	 70550000	14
chrY	 70650000	 72750000	42
chrY	 73250000	 72100000	23
chrY	 73350000	 71350000	40
chrY	 74950000	 76300000	27
chrY	 76250000	 77900000	33
chrY	 78000000	 78650000	13
chrY	 84100000	 86050000	39
chrY	 85300000	 85850000	11
chrY	 86850000	 85750000	22
chrY	 89150000	 86500000	53
chrY	 89400000	 90250000	17
chrY	 90350000	 91200000	17
chrY	 90700000	 88950000	35
chrY	 90950000	 89600000	27
chrY	 91250000	 90500000	15
chrY	 91450000	 90250000	24
