chr1	  3200000	  5400000	44
chr1	  5450000	  6600000	23
chr1	  5750000	  6950000	24
chr1	  7350000	  6550000	16
chr1	  7550000	  6400000	23
chr1	  7600000	  6800000	16
chr1	  7750000	  8800000	21
chr1	  8350000	  6700000	33
chr1	  8750000	  7750000	20
chr1	  9350000	 10600000	25
chr1	 10250000	  9950000	6
chr1	 13650000	 13000000	13
chr1	 14750000	 13050000	34
chr1	 17250000	 18150000	18
chr1	 19700000	 20300000	12
chr1	 20950000	 20100000	17
chr1	 21350000	 22000000	13
chr1	 22700000	 21250000	29
chr1	 25250000	 25950000	14
chr1	 28700000	 28000000	14
chr1	 31550000	 30950000	12
chr1	 39450000	 40700000	25
chr1	 39600000	 39000000	12
chr1	 46650000	 47350000	14
chr1	 47850000	 47600000	5
chr1	 47900000	 47900000	0
chr1	 48350000	 50250000	38
chr1	 51350000	 54000000	53
chr1	 51600000	 53850000	45
chr1	 51750000	 52650000	18
chr1	 52050000	 51650000	8
chr1	 54000000	 56250000	45
chr1	 55150000	 55950000	16
chr1	 57350000	 58650000	26
chr1	 61250000	 57750000	70
chr1	 62300000	 61100000	24
chr1	 69100000	 69350000	5
chr1	 70150000	 71900000	35
chr1	 72150000	 72800000	13
chr1	 72650000	 73700000	21
chr1	 73300000	 73700000	8
chr1	 74800000	 73550000	25
chr1	 75250000	 76550000	26
chr1	 79050000	 79700000	13
chr1	 79600000	 78150000	29
chr1	 79750000	 79050000	14
chr1	 82050000	 83550000	30
chr1	 84950000	 85850000	18
chr1	 86650000	 87450000	16
chr1	 91050000	 90600000	9
chr1	 91700000	 90850000	17
chr1	 93050000	 91350000	34
chr1	 93400000	 91400000	40
chr1	 93950000	 95200000	25
chr1	 94100000	 97100000	60
chr1	 96450000	 94900000	31
chr1	 98400000	 97700000	14
chr1	 98450000	 97700000	15
chr1	101200000	 99750000	29
chr1	102600000	103750000	23
chr1	104650000	108300000	73
chr1	105250000	104200000	21
chr1	105600000	106300000	14
chr1	106450000	104500000	39
chr1	109100000	108650000	9
chr1	111550000	113250000	34
chr1	112200000	112900000	14
chr1	113450000	114600000	23
chr1	114800000	116500000	34
chr1	118150000	116050000	42
chr1	118550000	118050000	10
chr1	119100000	118300000	16
chr1	121350000	120750000	12
chr1	122000000	121150000	17
chr1	123550000	123850000	6
chr1	125100000	123600000	30
chr1	127650000	126050000	32
chr1	133550000	134250000	14
chr1	133900000	131900000	40
chr1	134950000	133850000	22
chr1	135250000	137050000	36
chr1	135800000	136100000	6
chr1	138600000	139350000	15
chr1	141350000	142650000	26
chr1	141450000	142150000	14
chr1	144600000	146350000	35
chr1	145600000	146150000	11
chr1	148500000	147600000	18
chr1	149300000	150850000	31
chr1	150400000	149450000	19
chr1	151600000	153050000	29
chr1	157800000	156950000	17
chr1	159450000	158100000	27
chr1	159850000	157600000	45
chr1	161300000	161500000	4
chr1	162000000	166550000	91
chr1	163300000	165150000	37
chr1	163650000	164800000	23
chr1	169800000	167800000	40
chr1	172150000	171350000	16
chr1	172950000	174050000	22
chr1	175300000	176450000	23
chr1	175550000	173950000	32
chr1	178150000	178850000	14
chr1	179150000	179700000	11
chr1	186950000	191600000	93
chr1	189250000	191000000	35
chr1	192450000	191000000	29
chr10	  1200000	  1850000	13
chr10	  4950000	  2600000	47
chr10	  5100000	  3200000	38
chr10	  6700000	  4650000	41
chr10	  7600000	  8550000	19
chr10	  7800000	  7100000	14
chr10	  9100000	 10450000	27
chr10	 10900000	  9100000	36
chr10	 15100000	 14700000	8
chr10	 21850000	 21450000	8
chr10	 22650000	 23850000	24
chr10	 24200000	 25200000	20
chr10	 25900000	 24500000	28
chr10	 26300000	 27100000	16
chr10	 27450000	 26400000	21
chr10	 34050000	 35050000	20
chr10	 35500000	 36950000	29
chr10	 37250000	 35050000	44
chr10	 39800000	 41200000	28
chr10	 40400000	 41550000	23
chr10	 41700000	 43500000	36
chr10	 45050000	 43750000	26
chr10	 45400000	 48100000	54
chr10	 52800000	 51950000	17
chr10	 53850000	 54100000	5
chr10	 55000000	 56350000	27
chr10	 57300000	 56500000	16
chr10	 57950000	 58550000	12
chr10	 62000000	 61150000	17
chr10	 62950000	 61050000	38
chr10	 65400000	 64450000	19
chr10	 66200000	 66000000	4
chr10	 68350000	 67350000	20
chr10	 69450000	 68300000	23
chr10	 74500000	 73300000	24
chr10	 78150000	 77550000	12
chr10	 78350000	 79500000	23
chr10	 78950000	 78000000	19
chr10	 83850000	 83150000	14
chr10	 84500000	 85250000	15
chr10	 85050000	 85950000	18
chr10	 87050000	 86350000	14
chr10	 90300000	 91400000	22
chr10	 91200000	 90500000	14
chr10	 91900000	 91150000	15
chr10	 94100000	 95200000	22
chr10	 95550000	 97300000	35
chr10	 96000000	 95250000	15
chr10	 96200000	 98200000	40
chr10	 96300000	 97300000	20
chr10	 97050000	 98250000	24
chr10	 97400000	 95400000	40
chr10	 98000000	 98750000	15
chr10	 98250000	 96700000	31
chr10	 98550000	 96350000	44
chr10	104400000	103650000	15
chr10	104950000	102800000	43
chr10	107250000	110050000	56
chr10	107450000	106600000	17
chr10	107700000	108700000	20
chr10	107900000	109450000	31
chr10	108000000	107400000	12
chr10	108100000	106400000	34
chr10	109350000	108950000	8
chr10	109500000	111250000	35
chr10	111550000	113250000	34
chr10	119200000	119950000	15
chr10	119200000	120600000	28
chr10	127300000	128100000	16
chr10	128650000	128250000	8
chr11	  4250000	  3350000	18
chr11	  4900000	  5700000	16
chr11	  5450000	  3850000	32
chr11	  7800000	  6900000	18
chr11	  7900000	  7000000	18
chr11	 13100000	 11550000	31
chr11	 14300000	 13150000	23
chr11	 17750000	 17300000	9
chr11	 20400000	 21300000	18
chr11	 21700000	 22550000	17
chr11	 24200000	 24700000	10
chr11	 25050000	 26500000	29
chr11	 26200000	 27000000	16
chr11	 26400000	 27200000	16
chr11	 28100000	 25950000	43
chr11	 28900000	 28400000	10
chr11	 35550000	 33750000	36
chr11	 36500000	 37150000	13
chr11	 37550000	 36100000	29
chr11	 43300000	 42600000	14
chr11	 43350000	 42150000	24
chr11	 46550000	 48750000	44
chr11	 48100000	 48850000	15
chr11	 49050000	 50200000	23
chr11	 57450000	 58100000	13
chr11	 59400000	 60150000	15
chr11	 62300000	 62900000	12
chr11	 63400000	 62800000	12
chr11	 65700000	 66850000	23
chr11	 65900000	 66900000	20
chr11	 67600000	 66900000	14
chr11	 67700000	 67400000	6
chr11	 69100000	 68200000	18
chr11	 71600000	 71200000	8
chr11	 72300000	 72100000	4
chr11	 80900000	 79850000	21
chr11	 81450000	 81900000	9
chr11	 82050000	 80850000	24
chr11	 84650000	 80050000	92
chr11	 84650000	 82800000	37
chr11	 85950000	 84750000	24
chr11	 86050000	 86550000	10
chr11	 89250000	 90150000	18
chr11	 89400000	 91100000	34
chr11	 91550000	 92700000	23
chr11	 94950000	 92150000	56
chr11	 95450000	 96650000	24
chr11	100200000	 99500000	14
chr11	100650000	 99300000	27
chr11	102450000	101550000	18
chr11	105950000	104000000	39
chr11	111650000	110750000	18
chr11	112000000	111250000	15
chr11	113200000	113200000	0
chr11	114700000	115950000	25
chr11	119550000	121650000	42
chr11	119800000	119450000	7
chr11	120400000	120800000	8
chr12	  5450000	  5900000	9
chr12	  6550000	  6000000	11
chr12	  7750000	  6450000	26
chr12	  7900000	  8650000	15
chr12	  8100000	  8700000	12
chr12	  8850000	  6450000	48
chr12	 10250000	 12650000	48
chr12	 15400000	 16600000	24
chr12	 17750000	 18550000	16
chr12	 18750000	 20100000	27
chr12	 22600000	 24250000	33
chr12	 23500000	 22950000	11
chr12	 24500000	 24500000	0
chr12	 25550000	 24150000	28
chr12	 25950000	 25300000	13
chr12	 28050000	 26150000	38
chr12	 31450000	 28200000	65
chr12	 32750000	 30700000	41
chr12	 38550000	 40050000	30
chr12	 40200000	 37800000	48
chr12	 40500000	 41550000	21
chr12	 46000000	 47250000	25
chr12	 48000000	 49650000	33
chr12	 49750000	 50600000	17
chr12	 51300000	 50750000	11
chr12	 52350000	 51550000	16
chr12	 55950000	 57300000	27
chr12	 56850000	 55450000	28
chr12	 59150000	 60000000	17
chr12	 59200000	 60800000	32
chr12	 60850000	 59250000	32
chr12	 63050000	 62200000	17
chr12	 64050000	 62700000	27
chr12	 64950000	 66050000	22
chr12	 65350000	 66400000	21
chr12	 69050000	 70150000	22
chr12	 71850000	 70900000	19
chr12	 71900000	 70100000	36
chr12	 72050000	 73350000	26
chr12	 72950000	 74050000	22
chr12	 73050000	 71900000	23
chr12	 76250000	 77350000	22
chr12	 76950000	 77600000	13
chr12	 77500000	 76700000	16
chr12	 81250000	 83050000	36
chr12	 85100000	 86200000	22
chr12	 87750000	 87000000	15
chr12	 88150000	 88550000	8
chr12	 88700000	 88700000	0
chr12	 89600000	 88800000	16
chr12	 89900000	 89350000	11
chr12	 93800000	 96750000	59
chr12	 94950000	 94500000	9
chr12	 96600000	 95600000	20
chr12	 98700000	 99400000	14
chr12	 99000000	 97850000	23
chr12	 99350000	 97700000	33
chr12	 99500000	101300000	36
chr12	100250000	 98150000	42
chr12	102650000	102350000	6
chr12	102900000	103550000	13
chr12	103050000	104050000	20
chr12	105900000	107950000	41
chr12	107100000	105650000	29
chr12	115900000	115250000	13
chr12	118250000	118600000	7
chr13	   800000	    50000	15
chr13	  4750000	  3550000	24
chr13	  4950000	  4250000	14
chr13	  7050000	  5900000	23
chr13	  8850000	  8250000	12
chr13	 13300000	 12850000	9
chr13	 16350000	 15700000	13
chr13	 17600000	 16300000	26
chr13	 18800000	 17700000	22
chr13	 22900000	 21600000	26
chr13	 22950000	 23800000	17
chr13	 23250000	 24200000	19
chr13	 26500000	 25400000	22
chr13	 26700000	 23200000	70
chr13	 26950000	 25100000	37
chr13	 29000000	 27350000	33
chr13	 31950000	 32850000	18
chr13	 32050000	 31000000	21
chr13	 34450000	 33750000	14
chr13	 35050000	 35800000	15
chr13	 36850000	 37350000	10
chr13	 40200000	 42150000	39
chr13	 42950000	 44050000	22
chr13	 45350000	 44800000	11
chr13	 52900000	 54200000	26
chr13	 54550000	 54050000	10
chr13	 56150000	 58900000	55
chr13	 59050000	 59950000	18
chr13	 62700000	 61200000	30
chr13	 65800000	 64700000	22
chr13	 70300000	 69350000	19
chr13	 73350000	 73850000	10
chr13	 73700000	 76050000	47
chr13	 74250000	 73600000	13
chr13	 78500000	 79850000	27
chr13	 78850000	 80700000	37
chr13	 83000000	 84200000	24
chr13	 83250000	 82800000	9
chr13	 83750000	 82400000	27
chr13	 85950000	 85550000	8
chr13	 86450000	 85050000	28
chr13	 87100000	 87500000	8
chr13	 91950000	 90750000	24
chr13	 92350000	 88750000	72
chr13	 93800000	 94950000	23
chr13	 96850000	 95800000	21
chr13	100750000	101350000	12
chr13	102100000	103250000	23
chr13	107650000	106400000	25
chr13	110400000	110900000	10
chr13	111350000	110200000	23
chr13	114000000	113400000	12
chr13	114650000	115900000	25
chr13	117600000	118100000	10
chr14	  5900000	  5000000	18
chr14	  5950000	  6900000	19
chr14	 10100000	  8650000	29
chr14	 14950000	 14250000	14
chr14	 19200000	 17150000	41
chr14	 21350000	 19850000	30
chr14	 22800000	 22450000	7
chr14	 23200000	 22650000	11
chr14	 24250000	 25350000	22
chr14	 24300000	 25150000	17
chr14	 24850000	 23500000	27
chr14	 27150000	 25500000	33
chr14	 30950000	 31700000	15
chr14	 32350000	 34000000	33
chr14	 32450000	 32750000	6
chr14	 33300000	 36200000	58
chr14	 33550000	 31900000	33
chr14	 33800000	 35700000	38
chr14	 34100000	 35200000	22
chr14	 34250000	 33100000	23
chr14	 36050000	 35100000	19
chr14	 36450000	 35700000	15
chr14	 38650000	 37900000	15
chr14	 39400000	 40400000	20
chr14	 43000000	 41100000	38
chr14	 47000000	 47850000	17
chr14	 48000000	 49300000	26
chr14	 51550000	 52650000	22
chr14	 51750000	 52700000	19
chr14	 51950000	 52350000	8
chr14	 55900000	 55250000	13
chr14	 57450000	 55550000	38
chr14	 60200000	 60750000	11
chr14	 66950000	 69950000	60
chr14	 67250000	 68050000	16
chr14	 67700000	 65950000	35
chr14	 74600000	 74250000	7
chr14	 75050000	 76350000	26
chr14	 75200000	 75800000	12
chr14	 75500000	 77900000	48
chr14	 77650000	 78150000	10
chr14	 78300000	 77200000	22
chr14	 79900000	 80950000	21
chr14	 80450000	 79000000	29
chr14	 86050000	 87250000	24
chr14	 86400000	 86900000	10
chr14	 86750000	 85750000	20
chr14	 87050000	 89200000	43
chr14	 87350000	 86700000	13
chr14	 89500000	 88700000	16
chr14	 90000000	 89450000	11
chr14	 90450000	 91200000	15
chr14	 95100000	 96200000	22
chr14	 97100000	 95900000	24
chr14	102200000	103300000	22
chr14	105150000	104100000	21
chr14	107250000	106150000	22
chr14	109400000	111750000	47
chr14	112300000	111800000	10
chr14	112900000	113750000	17
chr14	115750000	114050000	34
chr14	116250000	117550000	26
chr14	116450000	115050000	28
chr14	118100000	119500000	28
chr14	118150000	117100000	21
chr14	119350000	118850000	10
chr14	122150000	119700000	49
chr14	123350000	122250000	22
chr15	  4050000	  4500000	9
chr15	  8800000	 10050000	25
chr15	  9550000	 10750000	24
chr15	 14300000	 16050000	35
chr15	 19350000	 16500000	57
chr15	 19350000	 21350000	40
chr15	 23200000	 22950000	5
chr15	 24100000	 25800000	34
chr15	 25600000	 26300000	14
chr15	 25650000	 24950000	14
chr15	 33900000	 31900000	40
chr15	 34150000	 33150000	20
chr15	 34600000	 35050000	9
chr15	 34650000	 35550000	18
chr15	 39650000	 39050000	12
chr15	 40950000	 40350000	12
chr15	 42150000	 41150000	20
chr15	 47250000	 45800000	29
chr15	 50150000	 52550000	48
chr15	 50450000	 51350000	18
chr15	 54200000	 52850000	27
chr15	 54400000	 56250000	37
chr15	 55800000	 56050000	5
chr15	 59200000	 58600000	12
chr15	 61200000	 61600000	8
chr15	 63950000	 64350000	8
chr15	 67400000	 66500000	18
chr15	 69050000	 68100000	19
chr15	 71600000	 70600000	20
chr15	 72350000	 71700000	13
chr15	 77950000	 77600000	7
chr15	 80550000	 79850000	14
chr15	 83750000	 82750000	20
chr15	 85800000	 86450000	13
chr15	 86700000	 88750000	41
chr15	 92350000	 90000000	47
chr15	 93800000	 92650000	23
chr15	 97300000	 95650000	33
chr15	 98400000	100100000	34
chr15	102450000	100700000	35
chr15	103000000	102150000	17
chr16	  3100000	  4200000	22
chr16	  4100000	  4600000	10
chr16	  7800000	  6250000	31
chr16	  8350000	  7550000	16
chr16	 11200000	 11850000	13
chr16	 13850000	 14700000	17
chr16	 14600000	 16600000	40
chr16	 18700000	 20300000	32
chr16	 20850000	 21750000	18
chr16	 25000000	 23650000	27
chr16	 28850000	 29850000	20
chr16	 29150000	 27000000	43
chr16	 31450000	 32050000	12
chr16	 32250000	 31500000	15
chr16	 33900000	 33250000	13
chr16	 34450000	 35300000	17
chr16	 34500000	 34250000	5
chr16	 40500000	 39450000	21
chr16	 43600000	 43000000	12
chr16	 44200000	 46150000	39
chr16	 46800000	 46050000	15
chr16	 47200000	 45700000	30
chr16	 51250000	 50700000	11
chr16	 51800000	 52800000	20
chr16	 57650000	 56900000	15
chr16	 58100000	 59450000	27
chr16	 58900000	 57300000	32
chr16	 59100000	 57050000	41
chr16	 61550000	 61150000	8
chr16	 62250000	 63450000	24
chr16	 66600000	 65700000	18
chr16	 69150000	 70150000	20
chr16	 75450000	 74600000	17
chr16	 78250000	 79400000	23
chr16	 80850000	 81800000	19
chr16	 81250000	 82600000	27
chr16	 82250000	 82950000	14
chr16	 83650000	 84800000	23
chr16	 85500000	 85150000	7
chr16	 89400000	 89750000	7
chr16	 89800000	 90850000	21
chr16	 90350000	 88050000	46
chr16	 95600000	 95350000	5
chr16	 96600000	 97650000	21
chr17	   250000	  1250000	20
chr17	   900000	  2000000	22
chr17	  2050000	  2850000	16
chr17	  3900000	  2900000	20
chr17	  6000000	  7200000	24
chr17	  9700000	 10950000	25
chr17	 11000000	 12550000	31
chr17	 11900000	 12650000	15
chr17	 16100000	 15550000	11
chr17	 18950000	 18000000	19
chr17	 19050000	 21300000	45
chr17	 21200000	 21900000	14
chr17	 23800000	 21750000	41
chr17	 24900000	 24900000	0
chr17	 25850000	 25100000	15
chr17	 27400000	 28000000	12
chr17	 28250000	 28950000	14
chr17	 28600000	 28050000	11
chr17	 28650000	 31000000	47
chr17	 29650000	 30650000	20
chr17	 32800000	 31800000	20
chr17	 36050000	 34650000	28
chr17	 37650000	 37850000	4
chr17	 40550000	 39450000	22
chr17	 44250000	 45350000	22
chr17	 47350000	 46350000	20
chr17	 47350000	 47000000	7
chr17	 51300000	 50350000	19
chr17	 52850000	 49100000	75
chr17	 55450000	 56500000	21
chr17	 57600000	 59500000	38
chr17	 58300000	 59200000	18
chr17	 61100000	 58900000	44
chr17	 63900000	 64650000	15
chr17	 64350000	 65450000	22
chr17	 64900000	 66700000	36
chr17	 66550000	 67400000	17
chr17	 69500000	 69850000	7
chr17	 72900000	 74350000	29
chr17	 72950000	 71400000	31
chr17	 74250000	 74750000	10
chr17	 77000000	 75450000	31
chr17	 77050000	 77550000	10
chr17	 79250000	 78400000	17
chr17	 79350000	 78500000	17
chr17	 79600000	 76500000	62
chr17	 80700000	 83000000	46
chr17	 83100000	 82150000	19
chr17	 83300000	 84700000	28
chr17	 84200000	 82950000	25
chr17	 84600000	 83100000	30
chr17	 85150000	 84850000	6
chr17	 85450000	 86700000	25
chr17	 88250000	 86850000	28
chr17	 88650000	 90400000	35
chr17	 90450000	 89850000	12
chr18	  1050000	   550000	10
chr18	  2600000	  3950000	27
chr18	  3750000	  2050000	34
chr18	  4950000	  6250000	26
chr18	  6800000	  3100000	74
chr18	  9350000	  9950000	12
chr18	 14550000	 16450000	38
chr18	 15650000	 16600000	19
chr18	 17500000	 20050000	51
chr18	 20350000	 19250000	22
chr18	 21300000	 20350000	19
chr18	 21750000	 22750000	20
chr18	 22800000	 21500000	26
chr18	 25650000	 23950000	34
chr18	 26750000	 25450000	26
chr18	 27000000	 25800000	24
chr18	 30650000	 31200000	11
chr18	 31200000	 30200000	20
chr18	 31300000	 31100000	4
chr18	 39300000	 38800000	10
chr18	 40300000	 38850000	29
chr18	 42700000	 42700000	0
chr18	 44800000	 46550000	35
chr18	 48100000	 47700000	8
chr18	 48300000	 47100000	24
chr18	 48550000	 45800000	55
chr18	 49200000	 47800000	28
chr18	 49500000	 47800000	34
chr18	 50650000	 52950000	46
chr18	 53100000	 52250000	17
chr18	 53550000	 52950000	12
chr18	 55300000	 54400000	18
chr18	 56150000	 55700000	9
chr18	 61000000	 60500000	10
chr18	 61850000	 63600000	35
chr18	 63700000	 63150000	11
chr18	 63800000	 65050000	25
chr18	 64250000	 64800000	11
chr18	 69300000	 67750000	31
chr18	 69950000	 70800000	17
chr18	 72550000	 71250000	26
chr18	 73400000	 73950000	11
chr18	 74750000	 74300000	9
chr18	 82400000	 80900000	30
chr18	 85050000	 83900000	23
chr19	  2350000	  3450000	22
chr19	  3300000	  1750000	31
chr19	  3300000	  2700000	12
chr19	  3450000	  1900000	31
chr19	  3550000	  2100000	29
chr19	  4150000	  5850000	34
chr19	  5750000	  5250000	10
chr19	 10400000	 11250000	17
chr19	 11700000	 12350000	13
chr19	 13500000	 14450000	19
chr19	 16300000	 15900000	8
chr19	 16850000	 16400000	9
chr19	 20000000	 18400000	32
chr19	 23250000	 22150000	22
chr19	 28200000	 29200000	20
chr19	 33600000	 34000000	8
chr19	 36300000	 35500000	16
chr19	 36400000	 36850000	9
chr19	 37100000	 36300000	16
chr19	 37650000	 36600000	21
chr19	 40250000	 38900000	27
chr19	 42000000	 40900000	22
chr19	 45000000	 44450000	11
chr19	 48050000	 49650000	32
chr19	 49600000	 51000000	28
chr19	 49850000	 49050000	16
chr19	 51900000	 52850000	19
chr19	 53800000	 54550000	15
chr19	 56050000	 56500000	9
chr19	 56100000	 56550000	9
chr19	 56350000	 57500000	23
chr19	 58150000	 57750000	8
chr2	  2700000	  5650000	59
chr2	  5700000	  3150000	51
chr2	  5900000	  5000000	18
chr2	  6250000	  8350000	42
chr2	  6800000	  5550000	25
chr2	 11950000	 12350000	8
chr2	 13050000	 14400000	27
chr2	 13500000	 12450000	21
chr2	 18500000	 19150000	13
chr2	 18550000	 17950000	12
chr2	 18750000	 17950000	16
chr2	 22450000	 21700000	15
chr2	 25800000	 23100000	54
chr2	 27600000	 27050000	11
chr2	 28350000	 25550000	56
chr2	 29800000	 27750000	41
chr2	 34350000	 32700000	33
chr2	 35450000	 35800000	7
chr2	 36300000	 35850000	9
chr2	 37200000	 38050000	17
chr2	 37350000	 36250000	22
chr2	 38600000	 39000000	8
chr2	 40550000	 39700000	17
chr2	 43700000	 42400000	26
chr2	 48500000	 49250000	15
chr2	 50050000	 49750000	6
chr2	 53550000	 56000000	49
chr2	 55650000	 54850000	16
chr2	 62450000	 63450000	20
chr2	 62700000	 63250000	11
chr2	 64000000	 63650000	7
chr2	 65150000	 63550000	32
chr2	 69850000	 69500000	7
chr2	 70550000	 69750000	16
chr2	 72100000	 71650000	9
chr2	 74300000	 76000000	34
chr2	 74350000	 77100000	55
chr2	 74800000	 74550000	5
chr2	 75150000	 72550000	52
chr2	 75450000	 76900000	29
chr2	 75650000	 76700000	21
chr2	 76000000	 73600000	48
chr2	 76500000	 75050000	29
chr2	 79550000	 78150000	28
chr2	 80000000	 82100000	42
chr2	 82400000	 81550000	17
chr2	 82800000	 80850000	39
chr2	 83900000	 83300000	12
chr2	 84700000	 84250000	9
chr2	 85200000	 84550000	13
chr2	 86850000	 85200000	33
chr2	 87250000	 88650000	28
chr2	 88600000	 88100000	10
chr2	 90650000	 91900000	25
chr2	 94650000	 93800000	17
chr2	 94750000	 93600000	23
chr2	 96550000	 97950000	28
chr2	 98650000	100650000	40
chr2	107850000	107200000	13
chr2	109250000	110850000	32
chr2	109450000	109950000	10
chr2	110900000	111450000	11
chr2	110900000	112000000	22
chr2	113550000	114950000	28
chr2	117950000	119800000	37
chr2	118350000	120000000	33
chr2	121250000	122550000	26
chr2	124300000	124850000	11
chr2	127050000	125650000	28
chr2	128200000	127250000	19
chr2	128400000	129450000	21
chr2	129300000	129950000	13
chr2	130450000	131700000	25
chr2	130600000	129150000	29
chr2	130900000	128450000	49
chr2	132600000	133400000	16
chr2	136200000	136650000	9
chr2	137550000	139250000	34
chr2	137550000	140000000	49
chr2	140450000	140150000	6
chr2	140700000	140100000	12
chr2	140800000	143400000	52
chr2	141150000	142400000	25
chr2	143250000	145100000	37
chr2	146750000	146150000	12
chr2	151250000	150000000	25
chr2	151300000	152550000	25
chr2	155850000	154850000	20
chr2	157300000	156800000	10
chr2	160200000	161600000	28
chr2	160400000	157650000	55
chr2	160550000	159650000	18
chr2	160600000	162300000	34
chr2	161100000	161750000	13
chr2	162600000	161050000	31
chr2	172000000	172850000	17
chr2	175650000	174300000	27
chr2	177850000	176400000	29
chr2	177950000	176700000	25
chr2	178750000	179650000	18
chr2	180700000	181100000	8
chr3	  1500000	  2000000	10
chr3	  2150000	  2700000	11
chr3	  4200000	  2150000	41
chr3	  6350000	  6950000	12
chr3	  6850000	  5650000	24
chr3	  8800000	  8050000	15
chr3	 10250000	  9550000	14
chr3	 12500000	 11750000	15
chr3	 17150000	 16600000	11
chr3	 19150000	 21000000	37
chr3	 20200000	 19400000	16
chr3	 21900000	 21050000	17
chr3	 22000000	 19800000	44
chr3	 28150000	 32000000	77
chr3	 28950000	 29550000	12
chr3	 31600000	 33550000	39
chr3	 33700000	 34000000	6
chr3	 33950000	 34800000	17
chr3	 34500000	 35050000	11
chr3	 35000000	 35750000	15
chr3	 38600000	 37500000	22
chr3	 42700000	 43850000	23
chr3	 49900000	 49200000	14
chr3	 50000000	 50950000	19
chr3	 52450000	 53950000	30
chr3	 54800000	 56400000	32
chr3	 59100000	 59500000	8
chr3	 59400000	 59750000	7
chr3	 64300000	 63450000	17
chr3	 64500000	 65550000	21
chr3	 65900000	 64850000	21
chr3	 67250000	 67900000	13
chr3	 68600000	 67850000	15
chr3	 74050000	 73350000	14
chr3	 74150000	 74700000	11
chr3	 76800000	 76200000	12
chr3	 77450000	 76750000	14
chr3	 79600000	 81050000	29
chr3	 80600000	 79550000	21
chr3	 81200000	 80750000	9
chr3	 83300000	 82800000	10
chr3	 84900000	 84400000	10
chr3	 85400000	 86300000	18
chr3	 88850000	 89550000	14
chr3	 90300000	 89650000	13
chr3	 93400000	 94550000	23
chr3	 96550000	 98100000	31
chr3	100850000	 99850000	20
chr3	101150000	 98900000	45
chr3	101900000	101000000	18
chr3	103900000	106850000	59
chr3	105100000	104450000	13
chr3	106200000	104850000	27
chr3	107000000	106200000	16
chr3	112600000	115300000	54
chr3	114350000	113100000	25
chr3	114600000	115300000	14
chr3	115650000	116250000	12
chr3	118700000	117200000	30
chr3	121150000	121500000	7
chr3	121400000	122200000	16
chr3	121750000	124250000	50
chr3	126450000	125150000	26
chr3	132350000	133700000	27
chr3	132600000	131800000	16
chr3	133050000	131400000	33
chr3	140400000	141700000	26
chr3	140800000	141500000	14
chr3	142700000	143250000	11
chr3	144400000	145700000	26
chr3	145500000	146450000	19
chr3	147700000	146650000	21
chr3	149700000	150800000	22
chr3	153500000	152350000	23
chr3	154150000	152250000	38
chr3	154200000	155700000	30
chr3	156650000	154900000	35
chr3	157550000	156550000	20
chr4	  4750000	  3550000	24
chr4	  9350000	  7900000	29
chr4	 10700000	  9650000	21
chr4	 13200000	 12250000	19
chr4	 18750000	 18200000	11
chr4	 19600000	 19000000	12
chr4	 23250000	 23900000	13
chr4	 26000000	 25550000	9
chr4	 29850000	 30300000	9
chr4	 32600000	 29300000	66
chr4	 34200000	 34750000	11
chr4	 36300000	 35900000	8
chr4	 37500000	 36450000	21
chr4	 37650000	 36050000	32
chr4	 42050000	 43700000	33
chr4	 45650000	 46250000	12
chr4	 46950000	 48700000	35
chr4	 47300000	 46500000	16
chr4	 47550000	 46600000	19
chr4	 48800000	 46200000	52
chr4	 50900000	 52300000	28
chr4	 51050000	 50400000	13
chr4	 51800000	 49950000	37
chr4	 52100000	 53300000	24
chr4	 54500000	 53500000	20
chr4	 58000000	 59050000	21
chr4	 58350000	 57500000	17
chr4	 58600000	 57700000	18
chr4	 61600000	 61150000	9
chr4	 62150000	 62950000	16
chr4	 62850000	 64100000	25
chr4	 63600000	 66500000	58
chr4	 64200000	 63450000	15
chr4	 64500000	 65350000	17
chr4	 64750000	 66250000	30
chr4	 67400000	 68600000	24
chr4	 69050000	 69700000	13
chr4	 72500000	 72000000	10
chr4	 72900000	 71250000	33
chr4	 75350000	 74950000	8
chr4	 81100000	 82050000	19
chr4	 83700000	 84950000	25
chr4	 88000000	 84950000	61
chr4	 88650000	 89550000	18
chr4	 89100000	 87950000	23
chr4	 91450000	 92600000	23
chr4	 91500000	 89450000	41
chr4	 93400000	 94300000	18
chr4	 95000000	 96800000	36
chr4	 95250000	 97500000	45
chr4	 95600000	 96450000	17
chr4	 95900000	 94550000	27
chr4	 95950000	 94350000	32
chr4	 96200000	 95450000	15
chr4	 96250000	 95600000	13
chr4	 96800000	 97400000	12
chr4	 97700000	 98600000	18
chr4	 98200000	 99300000	22
chr4	 98750000	100400000	33
chr4	100550000	 99850000	14
chr4	101400000	104550000	63
chr4	101800000	 99600000	44
chr4	102150000	102900000	15
chr4	103350000	101800000	31
chr4	105100000	104050000	21
chr4	105800000	105150000	13
chr4	106100000	106850000	15
chr4	108350000	107000000	27
chr4	110950000	108950000	40
chr4	113000000	111750000	25
chr4	116000000	116200000	4
chr4	118650000	117550000	22
chr4	120600000	119450000	23
chr4	121550000	122550000	20
chr4	122600000	122700000	2
chr4	123500000	122500000	20
chr4	124500000	123800000	14
chr4	126400000	127800000	28
chr4	127250000	125600000	33
chr4	130850000	131800000	19
chr4	131500000	132200000	14
chr4	132100000	132850000	15
chr4	138000000	139250000	25
chr4	140050000	140850000	16
chr4	141050000	141600000	11
chr4	141650000	142750000	22
chr4	141950000	140850000	22
chr4	142900000	143400000	10
chr4	142950000	140900000	41
chr4	146400000	146950000	11
chr4	149600000	148200000	28
chr4	154400000	153750000	13
chr5	   350000	  1550000	24
chr5	  3250000	  6600000	67
chr5	  3700000	  2200000	30
chr5	  7450000	  9200000	35
chr5	 11550000	 11150000	8
chr5	 12000000	 11350000	13
chr5	 14650000	 14950000	6
chr5	 16000000	 16900000	18
chr5	 16200000	 14900000	26
chr5	 21600000	 19200000	48
chr5	 23750000	 24050000	6
chr5	 25350000	 24350000	20
chr5	 25850000	 25200000	13
chr5	 26250000	 24500000	35
chr5	 27500000	 26750000	15
chr5	 28550000	 29950000	28
chr5	 28800000	 29550000	15
chr5	 31750000	 30050000	34
chr5	 34900000	 35850000	19
chr5	 37400000	 36700000	14
chr5	 41450000	 43900000	49
chr5	 45250000	 44950000	6
chr5	 50950000	 49750000	24
chr5	 51250000	 52700000	29
chr5	 51850000	 51000000	17
chr5	 52750000	 54050000	26
chr5	 53250000	 53800000	11
chr5	 53500000	 53000000	10
chr5	 53700000	 52550000	23
chr5	 53850000	 55000000	23
chr5	 55450000	 56550000	22
chr5	 58650000	 59650000	20
chr5	 67000000	 68000000	20
chr5	 67400000	 68850000	29
chr5	 67500000	 66500000	20
chr5	 70250000	 72000000	35
chr5	 70600000	 73100000	50
chr5	 72700000	 74050000	27
chr5	 75400000	 74250000	23
chr5	 81500000	 80850000	13
chr5	 82500000	 85000000	50
chr5	 82650000	 82150000	10
chr5	 82950000	 83750000	16
chr5	 84000000	 84250000	5
chr5	 85200000	 84650000	11
chr5	 87300000	 85200000	42
chr5	 89700000	 90600000	18
chr5	 91450000	 92700000	25
chr5	 92250000	 91600000	13
chr5	 92500000	 93000000	10
chr5	 93550000	 95300000	35
chr5	 98450000	 96700000	35
chr5	 98450000	100300000	37
chr5	 99700000	100700000	20
chr5	101300000	102550000	25
chr5	104050000	104650000	12
chr5	105300000	106850000	31
chr5	106400000	104450000	39
chr5	106800000	108000000	24
chr5	107000000	105600000	28
chr5	107350000	107700000	7
chr5	108200000	107150000	21
chr5	113700000	111750000	39
chr5	121150000	121650000	10
chr5	122200000	126100000	78
chr5	122600000	123150000	11
chr5	123250000	122000000	25
chr5	124650000	124050000	12
chr5	128100000	128950000	17
chr5	128800000	129400000	12
chr5	129350000	128050000	26
chr5	132050000	130700000	27
chr5	135250000	136000000	15
chr5	137700000	138950000	25
chr5	137950000	136450000	30
chr5	138350000	136750000	32
chr5	139350000	140700000	27
chr5	141650000	140600000	21
chr5	142300000	144400000	42
chr5	145550000	148200000	53
chr5	146750000	147100000	7
chr5	149650000	148850000	16
chr6	   100000	  1050000	19
chr6	  2450000	  1750000	14
chr6	  2600000	  1500000	22
chr6	  8050000	  7750000	6
chr6	 10700000	  9400000	26
chr6	 11600000	 11100000	10
chr6	 17500000	 16900000	12
chr6	 26700000	 25800000	18
chr6	 33400000	 32000000	28
chr6	 33450000	 31800000	33
chr6	 36200000	 35250000	19
chr6	 37250000	 35400000	37
chr6	 39100000	 40450000	27
chr6	 40400000	 39800000	12
chr6	 41400000	 41800000	8
chr6	 42550000	 39850000	54
chr6	 44500000	 43050000	29
chr6	 45950000	 47150000	24
chr6	 51650000	 52300000	13
chr6	 53050000	 53050000	0
chr6	 54050000	 53450000	12
chr6	 54750000	 55350000	12
chr6	 56400000	 56750000	7
chr6	 59600000	 58550000	21
chr6	 62950000	 64350000	28
chr6	 66100000	 64200000	38
chr6	 67450000	 68150000	14
chr6	 71700000	 70600000	22
chr6	 73300000	 74300000	20
chr6	 75500000	 78050000	51
chr6	 75850000	 74550000	26
chr6	 76850000	 77500000	13
chr6	 77350000	 76650000	14
chr6	 77450000	 77800000	7
chr6	 81250000	 81950000	14
chr6	 84550000	 85950000	28
chr6	 89100000	 87550000	31
chr6	 91150000	 90950000	4
chr6	 94650000	 93900000	15
chr6	 95600000	 96150000	11
chr6	 96850000	 96250000	12
chr6	 97600000	 98500000	18
chr6	101550000	101200000	7
chr6	107050000	108250000	24
chr6	108050000	109550000	30
chr6	109800000	111400000	32
chr6	111400000	109500000	38
chr6	112000000	113800000	36
chr6	115350000	116350000	20
chr6	115800000	116450000	13
chr6	116550000	115500000	21
chr6	116550000	115600000	19
chr6	116850000	116050000	16
chr6	119900000	119900000	0
chr6	122100000	123100000	20
chr6	125150000	125700000	11
chr6	129400000	130600000	24
chr6	131900000	132800000	18
chr6	134950000	135250000	6
chr6	136350000	136800000	9
chr6	138600000	137300000	26
chr6	138700000	137300000	28
chr6	140700000	141300000	12
chr6	140950000	140350000	12
chr6	141400000	142550000	23
chr6	142100000	141600000	10
chr6	143450000	144500000	21
chr6	144650000	146400000	35
chr6	145400000	146700000	26
chr6	146500000	145050000	29
chr6	148550000	149000000	9
chr6	148850000	146050000	56
chr7	  1000000	   100000	18
chr7	  1550000	   650000	18
chr7	  2550000	   750000	36
chr7	  4750000	  5400000	13
chr7	  4750000	  6250000	30
chr7	  5450000	  3700000	35
chr7	  6000000	  4950000	21
chr7	  6000000	  6400000	8
chr7	  9350000	  8800000	11
chr7	  9700000	  7900000	36
chr7	 10050000	  9600000	9
chr7	 11900000	 14150000	45
chr7	 14000000	 14800000	16
chr7	 14450000	 13000000	29
chr7	 18000000	 18400000	8
chr7	 18500000	 19550000	21
chr7	 19500000	 18150000	27
chr7	 20300000	 21100000	16
chr7	 21600000	 19750000	37
chr7	 21900000	 21100000	16
chr7	 25250000	 26900000	33
chr7	 25350000	 26100000	15
chr7	 25400000	 22850000	51
chr7	 25400000	 23600000	36
chr7	 25800000	 27500000	34
chr7	 29400000	 30250000	17
chr7	 32850000	 33600000	15
chr7	 34450000	 33250000	24
chr7	 36250000	 39800000	71
chr7	 36700000	 37600000	18
chr7	 38200000	 38750000	11
chr7	 38300000	 38750000	9
chr7	 39600000	 38100000	30
chr7	 43600000	 42950000	13
chr7	 44100000	 44850000	15
chr7	 44100000	 44950000	17
chr7	 45050000	 44300000	15
chr7	 45300000	 48200000	58
chr7	 53800000	 51550000	45
chr7	 54750000	 53500000	25
chr7	 55300000	 56550000	25
chr7	 57650000	 56400000	25
chr7	 57750000	 60050000	46
chr7	 63450000	 63900000	9
chr7	 63950000	 63400000	11
chr7	 65350000	 64850000	10
chr7	 68050000	 69550000	30
chr7	 71000000	 74250000	65
chr7	 73400000	 74200000	16
chr7	 76950000	 77900000	19
chr7	 77050000	 75800000	25
chr7	 81600000	 82650000	21
chr7	 86400000	 87700000	26
chr7	 87450000	 86650000	16
chr7	 89200000	 88350000	17
chr7	 90450000	 93650000	64
chr7	 90600000	 93200000	52
chr7	 93800000	 93100000	14
chr7	 94000000	 93050000	19
chr7	 94150000	 93850000	6
chr7	 96200000	 94950000	25
chr7	 99050000	 97550000	30
chr7	106250000	107850000	32
chr7	106350000	104150000	44
chr7	109550000	108250000	26
chr7	109900000	110650000	15
chr7	110450000	109150000	26
chr7	111050000	109700000	27
chr7	111050000	111900000	17
chr7	111150000	111600000	9
chr7	118800000	117600000	24
chr7	126700000	128400000	34
chr7	127300000	126250000	21
chr7	127800000	129300000	30
chr7	136400000	135850000	11
chr7	136400000	136050000	7
chr7	143200000	144050000	17
chr8	  2900000	  2450000	9
chr8	  3600000	  2700000	18
chr8	  4450000	  3400000	21
chr8	  5600000	  7450000	37
chr8	  9200000	  8100000	22
chr8	 10800000	 10300000	10
chr8	 11250000	 12900000	33
chr8	 11450000	 10900000	11
chr8	 16200000	 17750000	31
chr8	 19350000	 18650000	14
chr8	 20950000	 19300000	33
chr8	 22350000	 23700000	27
chr8	 22850000	 21950000	18
chr8	 23400000	 22700000	14
chr8	 31000000	 31000000	0
chr8	 33750000	 34200000	9
chr8	 33800000	 35550000	35
chr8	 34700000	 33900000	16
chr8	 38000000	 38800000	16
chr8	 39050000	 37100000	39
chr8	 42600000	 44550000	39
chr8	 43100000	 43850000	15
chr8	 49600000	 47800000	36
chr8	 52950000	 52250000	14
chr8	 53050000	 51500000	31
chr8	 54600000	 55550000	19
chr8	 58000000	 59000000	20
chr8	 61600000	 62800000	24
chr8	 61700000	 62250000	11
chr8	 62100000	 60950000	23
chr8	 63600000	 64400000	16
chr8	 67150000	 68100000	19
chr8	 68100000	 68950000	17
chr8	 69000000	 70850000	37
chr8	 76400000	 78050000	33
chr8	 76850000	 75050000	36
chr8	 77600000	 76750000	17
chr8	 83150000	 81600000	31
chr8	 83650000	 85600000	39
chr8	 83950000	 84600000	13
chr8	 84200000	 85500000	26
chr8	 84650000	 83750000	18
chr8	 86800000	 85850000	19
chr8	 87850000	 87400000	9
chr8	 92700000	 94700000	40
chr8	 97150000	 96300000	17
chr8	 98350000	 99000000	13
chr8	 99750000	 98700000	21
chr8	101850000	100350000	30
chr8	101950000	103600000	33
chr8	103550000	103050000	10
chr8	104250000	103300000	19
chr8	106300000	104450000	37
chr8	109550000	110100000	11
chr8	109900000	108850000	21
chr8	110550000	110950000	8
chr8	111450000	112500000	21
chr8	112700000	111450000	25
chr8	113150000	112300000	17
chr8	114400000	113450000	19
chr8	115100000	113900000	24
chr8	117550000	118300000	15
chr8	117700000	118700000	20
chr8	118400000	117300000	22
chr8	120200000	121350000	23
chr8	123400000	124400000	20
chr8	126550000	124850000	34
chr8	127250000	125850000	28
chr9	  2600000	  1200000	28
chr9	 20450000	 21250000	16
chr9	 20750000	 20750000	0
chr9	 21800000	 22750000	19
chr9	 22650000	 24300000	33
chr9	 23800000	 24350000	11
chr9	 25550000	 26600000	21
chr9	 29050000	 29650000	12
chr9	 29400000	 30400000	20
chr9	 32000000	 32900000	18
chr9	 44350000	 45200000	17
chr9	 44900000	 43600000	26
chr9	 46250000	 45150000	22
chr9	 51400000	 51700000	6
chr9	 52600000	 50900000	34
chr9	 57450000	 58150000	14
chr9	 58950000	 58800000	3
chr9	 59000000	 60350000	27
chr9	 59750000	 60050000	6
chr9	 62050000	 62600000	11
chr9	 62200000	 62550000	7
chr9	 62250000	 61950000	6
chr9	 69150000	 69550000	8
chr9	 70900000	 71300000	8
chr9	 77650000	 78350000	14
chr9	 80400000	 79650000	15
chr9	 80550000	 78850000	34
chr9	 83700000	 84050000	7
chr9	 83900000	 83200000	14
chr9	 83950000	 84200000	5
chr9	 85000000	 86200000	24
chr9	 85150000	 86150000	20
chr9	 85350000	 83200000	43
chr9	 86750000	 87550000	16
chr9	 90350000	 90650000	6
chr9	 90950000	 89600000	27
chr9	 91850000	 90250000	32
chr9	 96000000	 93700000	46
chr9	 96750000	 98900000	43
chr9	104400000	105700000	26
chr9	104500000	103500000	20
chr9	107250000	106350000	18
chr9	107650000	108350000	14
chr9	108000000	109000000	20
chr9	110450000	111350000	18
chr9	115300000	114550000	15
chr9	115850000	113850000	40
chr9	117150000	114500000	53
chr9	118850000	117900000	19
chr9	118950000	117700000	25
chr9	119300000	122650000	67
chr9	122200000	121450000	15
chrX	  2750000	  5250000	50
chrX	  5150000	  2850000	46
chrX	  9650000	  9300000	7
chrX	 12050000	 13400000	27
chrX	 12400000	 10500000	38
chrX	 12550000	 10750000	36
chrX	 12600000	 14100000	30
chrX	 13000000	 10150000	57
chrX	 15850000	 14000000	37
chrX	 16400000	 14300000	42
chrX	 26200000	 24450000	35
chrX	 31100000	 30100000	20
chrX	 31250000	 32050000	16
chrX	 32850000	 32350000	10
chrX	 35400000	 36600000	24
chrX	 36400000	 37300000	18
chrX	 37250000	 36150000	22
chrX	 37900000	 35400000	50
chrX	 38200000	 37200000	20
chrX	 40150000	 41650000	30
chrX	 40200000	 39350000	17
chrX	 41900000	 41100000	16
chrX	 44000000	 43650000	7
chrX	 46050000	 44100000	39
chrX	 54700000	 56150000	29
chrX	 54800000	 55950000	23
chrX	 59500000	 57350000	43
chrX	 61450000	 61100000	7
chrX	 61600000	 60900000	14
chrX	 61650000	 60850000	16
chrX	 66300000	 65650000	13
chrX	 72750000	 73950000	24
chrX	 73150000	 75100000	39
chrX	 74250000	 73550000	14
chrX	 75400000	 77500000	42
chrX	 75900000	 77400000	30
chrX	 76450000	 77100000	13
chrX	 76650000	 76150000	10
chrX	 76800000	 76300000	10
chrX	 77350000	 78850000	30
chrX	 79900000	 78350000	31
chrX	 82050000	 82950000	18
chrX	 84000000	 82700000	26
chrX	 85300000	 86450000	23
chrX	 85750000	 83700000	41
chrX	 86200000	 87200000	20
chrX	 89400000	 88550000	17
chrX	 91750000	 91600000	3
chrX	 93100000	 91700000	28
chrX	 95250000	 96500000	25
chrX	 97400000	 96050000	27
chrX	 98000000	 97350000	13
chrX	101950000	102550000	12
chrX	106400000	108000000	32
chrX	108400000	106150000	45
chrX	110350000	109800000	11
chrX	110650000	111350000	14
chrX	113250000	112050000	24
chrX	116650000	115100000	31
chrX	129200000	127650000	31
chrX	136400000	137450000	21
chrX	137350000	136250000	22
chrX	137350000	138100000	15
chrX	138350000	137400000	19
chrX	140750000	138950000	36
chrX	142000000	140550000	29
chrX	145150000	146800000	33
chrX	145650000	147100000	29
chrX	146600000	145550000	21
chrX	149500000	148400000	22
chrX	150500000	149600000	18
chrX	152450000	151750000	14
chrX	152550000	151700000	17
chrX	152800000	153600000	16
chrX	153900000	153150000	15
chrX	160500000	159300000	24
chrX	161200000	160050000	23
chrX	161650000	162600000	19
chrY	    50000	  1950000	38
chrY	  1800000	  1300000	10
chrY	  4000000	  4200000	4
chrY	  4900000	  6350000	29
chrY	  7200000	  9700000	50
chrY	  8950000	  8250000	14
chrY	 14100000	 14900000	16
chrY	 17350000	 16100000	25
chrY	 17550000	 19150000	32
chrY	 18450000	 16650000	36
chrY	 21850000	 20100000	35
chrY	 26700000	 27150000	9
chrY	 27350000	 26800000	11
chrY	 28550000	 29100000	11
chrY	 36400000	 38000000	32
chrY	 37350000	 35950000	28
chrY	 37650000	 36500000	23
chrY	 38100000	 39250000	23
chrY	 39850000	 39250000	12
chrY	 40950000	 37550000	68
chrY	 45400000	 47100000	34
chrY	 45950000	 46600000	13
chrY	 50450000	 50950000	10
chrY	 51850000	 53150000	26
chrY	 55750000	 54950000	16
chrY	 60000000	 60600000	12
chrY	 63450000	 62500000	19
chrY	 64450000	 64950000	10
chrY	 65000000	 66200000	24
chrY	 71750000	 73150000	28
chrY	 72250000	 71400000	17
chrY	 73800000	 72800000	20
chrY	 76600000	 77050000	9
chrY	 79600000	 81000000	28
chrY	 81100000	 81750000	13
chrY	 82200000	 83000000	16
chrY	 84500000	 85100000	12
chrY	 85650000	 83850000	36
chrY	 87600000	 88500000	18
chrY	 91000000	 90350000	13
chrY	 91600000	 89650000	39
chrY	 91650000	 91650000	0
