chr1	  1550000	  2100000	11
chr1	  4600000	  2850000	35
chr1	  5200000	  7550000	47
chr1	  5300000	  5950000	13
chr1	 10650000	 12050000	28
chr1	 11800000	 12700000	18
chr1	 15800000	 15600000	4
chr1	 15950000	 15500000	9
chr1	 19200000	 18700000	10
chr1	 24550000	 25450000	18
chr1	 25250000	 24400000	17
chr1	 25700000	 24650000	21
chr1	 27600000	 28550000	19
chr1	 29650000	 29350000	6
chr1	 33550000	 32850000	14
chr1	 34250000	 36850000	52
chr1	 34900000	 34600000	6
chr1	 43250000	 43850000	12
chr1	 44050000	 44850000	16
chr1	 46050000	 42500000	71
chr1	 46300000	 48100000	36
chr1	 47350000	 47600000	5
chr1	 50500000	 49600000	18
chr1	 53300000	 51850000	29
chr1	 56150000	 57450000	26
chr1	 56900000	 57750000	17
chr1	 58950000	 59650000	14
chr1	 65450000	 66300000	17
chr1	 68400000	 67650000	15
chr1	 70650000	 70000000	13
chr1	 71300000	 70250000	21
chr1	 73550000	 72700000	17
chr1	 73850000	 72400000	29
chr1	 76550000	 75650000	18
chr1	 77700000	 75250000	49
chr1	 79600000	 78050000	31
chr1	 81300000	 80500000	16
chr1	 82300000	 81700000	12
chr1	 83000000	 81800000	24
chr1	 83800000	 85300000	30
chr1	 85350000	 86350000	20
chr1	 87750000	 85950000	36
chr1	 93000000	 91900000	22
chr1	 95200000	 97050000	37
chr1	 96200000	 97300000	22
chr1	 97150000	 96550000	12
chr1	 97450000	 99300000	37
chr1	 97950000	 98600000	13
chr1	 98150000	 97000000	23
chr1	 99100000	 98250000	17
chr1	 99600000	100200000	12
chr1	100600000	 99350000	25
chr1	100800000	103350000	51
chr1	101050000	 99350000	34
chr1	101350000	102300000	19
chr1	101500000	 99850000	33
chr1	102650000	101150000	30
chr1	103550000	104400000	17
chr1	104200000	104900000	14
chr1	104500000	106100000	32
chr1	106050000	104550000	30
chr1	106700000	108300000	32
chr1	107550000	106050000	30
chr1	108150000	107500000	13
chr1	109600000	109200000	8
chr1	110700000	108650000	41
chr1	114300000	113500000	16
chr1	114500000	114800000	6
chr1	115650000	114950000	14
chr1	117050000	115750000	26
chr1	117150000	118400000	25
chr1	118250000	119700000	29
chr1	123200000	122700000	10
chr1	123400000	121950000	29
chr1	124000000	125550000	31
chr1	124550000	123350000	24
chr1	125350000	124000000	27
chr1	126050000	124200000	37
chr1	126400000	124650000	35
chr1	127150000	125900000	25
chr1	127700000	126600000	22
chr1	127750000	126100000	33
chr1	129550000	127850000	34
chr1	133000000	132000000	20
chr1	133600000	132850000	15
chr1	133700000	133100000	12
chr1	134900000	134250000	13
chr1	138550000	137500000	21
chr1	140150000	138600000	31
chr1	142600000	143050000	9
chr1	142950000	141800000	23
chr1	150550000	151650000	22
chr1	150700000	149350000	27
chr1	151850000	152700000	17
chr1	152100000	153550000	29
chr1	154600000	154950000	7
chr1	158050000	157600000	9
chr1	158200000	158900000	14
chr1	166350000	166800000	9
chr1	168000000	168800000	16
chr1	168600000	170400000	36
chr1	171950000	172900000	19
chr1	172050000	171000000	21
chr1	173300000	174100000	16
chr1	176300000	179250000	59
chr1	177450000	178450000	20
chr1	178150000	177800000	7
chr1	180500000	181700000	24
chr1	185100000	184800000	6
chr1	186150000	181500000	93
chr1	190000000	192500000	50
chr1	190050000	190700000	13
chr1	190500000	191100000	12
chr1	190750000	189300000	29
chr1	191900000	189700000	44
chr1	192250000	190800000	29
chr1	192550000	191000000	31
chr1	193400000	195100000	34
chr10	   900000	   250000	13
chr10	  1100000	  2500000	28
chr10	  4750000	  3850000	18
chr10	  6250000	  5250000	20
chr10	  9900000	 12850000	59
chr10	 10200000	 10850000	13
chr10	 10400000	 10000000	8
chr10	 11000000	 11900000	18
chr10	 14000000	 13150000	17
chr10	 14300000	 15150000	17
chr10	 14400000	 14600000	4
chr10	 17050000	 17500000	9
chr10	 17150000	 17750000	12
chr10	 19700000	 19350000	7
chr10	 21050000	 22050000	20
chr10	 24300000	 25150000	17
chr10	 25550000	 24200000	27
chr10	 28800000	 29150000	7
chr10	 31150000	 31900000	15
chr10	 31400000	 30800000	12
chr10	 33900000	 32350000	31
chr10	 34400000	 35400000	20
chr10	 34900000	 37700000	56
chr10	 40350000	 38700000	33
chr10	 41000000	 39700000	26
chr10	 51650000	 51000000	13
chr10	 53300000	 53800000	10
chr10	 57350000	 56450000	18
chr10	 57800000	 61550000	75
chr10	 59950000	 58500000	29
chr10	 61600000	 59900000	34
chr10	 62150000	 60900000	25
chr10	 67350000	 70350000	60
chr10	 68600000	 67450000	23
chr10	 69300000	 70450000	23
chr10	 69900000	 68950000	19
chr10	 71100000	 72200000	22
chr10	 71750000	 73450000	34
chr10	 71850000	 74450000	52
chr10	 72550000	 73600000	21
chr10	 73300000	 72150000	23
chr10	 74000000	 74700000	14
chr10	 76450000	 77350000	18
chr10	 78550000	 79550000	20
chr10	 80150000	 80600000	9
chr10	 80850000	 81550000	14
chr10	 86700000	 88200000	30
chr10	 87900000	 88800000	18
chr10	 89750000	 91450000	34
chr10	 93150000	 91400000	35
chr10	 93150000	 93750000	12
chr10	 96050000	 93950000	42
chr10	 98150000	 98600000	9
chr10	 98500000	 97450000	21
chr10	 99150000	 98400000	15
chr10	100500000	 98150000	47
chr10	101000000	100450000	11
chr10	102350000	102150000	4
chr10	104150000	103750000	8
chr10	106450000	105750000	14
chr10	108500000	106550000	39
chr10	110550000	108300000	45
chr10	111300000	110350000	19
chr10	112500000	113250000	15
chr10	113450000	114750000	26
chr10	114700000	115750000	21
chr10	116650000	117050000	8
chr10	117350000	118100000	15
chr10	118550000	119400000	17
chr10	118850000	120000000	23
chr10	119300000	118050000	25
chr10	126850000	127550000	14
chr10	127500000	125700000	36
chr11	   200000	   850000	13
chr11	   850000	  1950000	22
chr11	  1600000	  3400000	36
chr11	  3200000	  4750000	31
chr11	  3300000	  2750000	11
chr11	  4300000	  5700000	28
chr11	  5600000	  6250000	13
chr11	 10700000	 11650000	19
chr11	 11550000	 13250000	34
chr11	 14000000	 14000000	0
chr11	 17300000	 14950000	47
chr11	 19600000	 17600000	40
chr11	 20600000	 20750000	3
chr11	 22200000	 23800000	32
chr11	 22650000	 24200000	31
chr11	 28350000	 27750000	12
chr11	 29800000	 31050000	25
chr11	 33400000	 32250000	23
chr11	 33700000	 34550000	17
chr11	 35600000	 38000000	48
chr11	 37500000	 36250000	25
chr11	 37650000	 36950000	14
chr11	 38400000	 39300000	18
chr11	 39200000	 41500000	46
chr11	 42700000	 40550000	43
chr11	 45100000	 43650000	29
chr11	 47550000	 46450000	22
chr11	 50500000	 50950000	9
chr11	 51500000	 49600000	38
chr11	 53600000	 52450000	23
chr11	 55450000	 56000000	11
chr11	 56100000	 56400000	6
chr11	 59400000	 60100000	14
chr11	 60700000	 62300000	32
chr11	 60750000	 61200000	9
chr11	 63250000	 61950000	26
chr11	 63950000	 64200000	5
chr11	 66400000	 65600000	16
chr11	 66850000	 66450000	8
chr11	 73250000	 75550000	46
chr11	 73450000	 74100000	13
chr11	 74050000	 75450000	28
chr11	 74200000	 74950000	15
chr11	 77100000	 78350000	25
chr11	 78850000	 78000000	17
chr11	 81300000	 80150000	23
chr11	 83000000	 81950000	21
chr11	 83100000	 84400000	26
chr11	 88850000	 86750000	42
chr11	 90000000	 89450000	11
chr11	 92150000	 91250000	18
chr11	 93700000	 94550000	17
chr11	 96700000	 97200000	10
chr11	 97100000	 97850000	15
chr11	 97850000	 98250000	8
chr11	 99350000	 96050000	66
chr11	 99600000	 99100000	10
chr11	100300000	101850000	31
chr11	104550000	105200000	13
chr11	105300000	106650000	27
chr11	105800000	104800000	20
chr11	107200000	106450000	15
chr11	109300000	109950000	13
chr11	113600000	114650000	21
chr11	114700000	117200000	50
chr11	116150000	118550000	48
chr11	118200000	116950000	25
chr11	121200000	120200000	20
chr12	  6650000	  7700000	21
chr12	  7800000	  7200000	12
chr12	 11250000	 10300000	19
chr12	 12400000	 12950000	11
chr12	 12900000	 12900000	0
chr12	 14100000	 12950000	23
chr12	 14300000	 16050000	35
chr12	 19700000	 20250000	11
chr12	 22200000	 23600000	28
chr12	 24050000	 24700000	13
chr12	 24100000	 27000000	58
chr12	 25350000	 24250000	22
chr12	 26250000	 27450000	24
chr12	 27350000	 25850000	30
chr12	 32400000	 33500000	22
chr12	 36950000	 37950000	20
chr12	 37400000	 37900000	10
chr12	 37650000	 36650000	20
chr12	 38350000	 39350000	20
chr12	 41300000	 42000000	14
chr12	 41700000	 43850000	43
chr12	 42600000	 41250000	27
chr12	 42950000	 44350000	28
chr12	 52000000	 50600000	28
chr12	 55900000	 56650000	15
chr12	 58000000	 57500000	10
chr12	 59000000	 59650000	13
chr12	 60100000	 61550000	29
chr12	 61100000	 61900000	16
chr12	 63050000	 62500000	11
chr12	 63600000	 61100000	50
chr12	 65150000	 65950000	16
chr12	 65800000	 65400000	8
chr12	 66350000	 66950000	12
chr12	 66500000	 65350000	23
chr12	 67200000	 68600000	28
chr12	 68050000	 65650000	48
chr12	 72800000	 71950000	17
chr12	 76800000	 77900000	22
chr12	 77250000	 80650000	68
chr12	 78200000	 80250000	41
chr12	 79100000	 78700000	8
chr12	 80800000	 81950000	23
chr12	 82550000	 83250000	14
chr12	 89350000	 87350000	40
chr12	 90650000	 90450000	4
chr12	 92800000	 92300000	10
chr12	 93150000	 90200000	59
chr12	 93800000	 94500000	14
chr12	 95000000	 92950000	41
chr12	 96100000	 94300000	36
chr12	 98600000	 99450000	17
chr12	 99350000	 99650000	6
chr12	100200000	 99000000	24
chr12	102650000	104050000	28
chr12	103050000	104150000	22
chr12	104000000	102250000	35
chr12	105400000	107100000	34
chr12	108250000	106750000	30
chr12	109450000	109900000	9
chr12	113000000	114250000	25
chr12	114600000	113400000	24
chr12	118150000	119700000	31
chr13	   750000	  1800000	21
chr13	  4600000	  5600000	20
chr13	  7500000	  8350000	17
chr13	  8650000	  7750000	18
chr13	  9500000	 10500000	20
chr13	 10000000	 11400000	28
chr13	 12850000	 11650000	24
chr13	 12850000	 11750000	22
chr13	 14800000	 13700000	22
chr13	 18000000	 19600000	32
chr13	 19500000	 20150000	13
chr13	 19800000	 18250000	31
chr13	 20350000	 20900000	11
chr13	 20550000	 22100000	31
chr13	 20900000	 21650000	15
chr13	 21150000	 22550000	28
chr13	 21800000	 22200000	8
chr13	 23250000	 24300000	21
chr13	 23300000	 22800000	10
chr13	 23500000	 22900000	12
chr13	 24400000	 26550000	43
chr13	 24600000	 25450000	17
chr13	 31550000	 29800000	35
chr13	 31550000	 30600000	19
chr13	 35550000	 36650000	22
chr13	 36650000	 35000000	33
chr13	 39750000	 40450000	14
chr13	 42600000	 41500000	22
chr13	 44650000	 45550000	18
chr13	 46300000	 47450000	23
chr13	 46650000	 43650000	60
chr13	 48150000	 49900000	35
chr13	 51250000	 51650000	8
chr13	 53350000	 52150000	24
chr13	 55700000	 57850000	43
chr13	 59100000	 57200000	38
chr13	 60950000	 60650000	6
chr13	 61050000	 60150000	18
chr13	 62200000	 61650000	11
chr13	 66200000	 66750000	11
chr13	 66800000	 68350000	31
chr13	 75600000	 74850000	15
chr13	 75650000	 75150000	10
chr13	 87550000	 86600000	19
chr13	 88350000	 87200000	23
chr13	 89500000	 93200000	74
chr13	 90550000	 88350000	44
chr13	 98200000	 96950000	25
chr13	103200000	102850000	7
chr13	103750000	102900000	17
chr13	105050000	106950000	38
chr13	116750000	118050000	26
chr13	117900000	116750000	23
chr13	118300000	117800000	10
chr14	  2000000	   850000	23
chr14	  3300000	  4100000	16
chr14	  3350000	  2650000	14
chr14	  6750000	  7500000	15
chr14	  7950000	  7500000	9
chr14	  8650000	  9500000	17
chr14	 11300000	  9050000	45
chr14	 11550000	 10650000	18
chr14	 20250000	 19650000	12
chr14	 21550000	 20700000	17
chr14	 25800000	 27150000	27
chr14	 26700000	 28350000	33
chr14	 31350000	 30550000	16
chr14	 33050000	 32050000	20
chr14	 34300000	 35000000	14
chr14	 35550000	 36200000	13
chr14	 35700000	 35300000	8
chr14	 36950000	 37300000	7
chr14	 38350000	 36400000	39
chr14	 43000000	 42550000	9
chr14	 53450000	 54250000	16
chr14	 53650000	 54050000	8
chr14	 54200000	 53500000	14
chr14	 54850000	 55750000	18
chr14	 55200000	 53900000	26
chr14	 55550000	 52750000	56
chr14	 56700000	 57450000	15
chr14	 57150000	 58550000	28
chr14	 58050000	 57750000	6
chr14	 58450000	 57050000	28
chr14	 67850000	 68200000	7
chr14	 68200000	 66750000	29
chr14	 73400000	 72450000	19
chr14	 78300000	 76050000	45
chr14	 79950000	 79000000	19
chr14	 81500000	 80800000	14
chr14	 83650000	 83100000	11
chr14	 86250000	 87200000	19
chr14	 91500000	 90600000	18
chr14	 92000000	 90800000	24
chr14	 92600000	 91200000	28
chr14	 93450000	 93950000	10
chr14	 93850000	 94500000	13
chr14	 95650000	 95050000	12
chr14	 98250000	100250000	40
chr14	103200000	103900000	14
chr14	104550000	104100000	9
chr14	108650000	107800000	17
chr14	117650000	116200000	29
chr14	121200000	120000000	24
chr14	121350000	119850000	30
chr14	122450000	121150000	26
chr15	  4650000	  4050000	12
chr15	  7000000	  6850000	3
chr15	 14950000	 14350000	12
chr15	 17000000	 17250000	5
chr15	 20350000	 19200000	23
chr15	 21300000	 22050000	15
chr15	 22000000	 20000000	40
chr15	 22800000	 20700000	42
chr15	 23050000	 22150000	18
chr15	 23700000	 24100000	8
chr15	 23700000	 25600000	38
chr15	 25000000	 21400000	72
chr15	 27600000	 27100000	10
chr15	 27750000	 28750000	20
chr15	 27900000	 27050000	17
chr15	 34300000	 35400000	22
chr15	 38150000	 38400000	5
chr15	 40100000	 40600000	10
chr15	 41700000	 42600000	18
chr15	 42650000	 43350000	14
chr15	 44900000	 43650000	25
chr15	 49400000	 50600000	24
chr15	 49650000	 48200000	29
chr15	 50050000	 48650000	28
chr15	 50150000	 50850000	14
chr15	 52400000	 51450000	19
chr15	 53650000	 53150000	10
chr15	 54950000	 56250000	26
chr15	 55550000	 54900000	13
chr15	 61800000	 61400000	8
chr15	 62750000	 62150000	12
chr15	 68800000	 70150000	27
chr15	 71800000	 71250000	11
chr15	 72050000	 69850000	44
chr15	 72200000	 71150000	21
chr15	 72800000	 72350000	9
chr15	 73100000	 74550000	29
chr15	 73950000	 72000000	39
chr15	 74750000	 74000000	15
chr15	 75700000	 74900000	16
chr15	 76150000	 75250000	18
chr15	 77100000	 76600000	10
chr15	 79200000	 79900000	14
chr15	 80350000	 79750000	12
chr15	 81200000	 80250000	19
chr15	 81250000	 81700000	9
chr15	 81400000	 80000000	28
chr15	 82100000	 81350000	15
chr15	 84150000	 83200000	19
chr15	 85500000	 86550000	21
chr15	 87700000	 86250000	29
chr15	 87750000	 86850000	18
chr15	 90100000	 88850000	25
chr15	 91300000	 92550000	25
chr15	 91350000	 90750000	12
chr15	 93600000	 92600000	20
chr15	 95250000	 94800000	9
chr15	 96800000	 95700000	22
chr15	 98700000	 98350000	7
chr15	 99150000	 99850000	14
chr16	  1100000	  2150000	21
chr16	  2200000	  1200000	20
chr16	  2900000	  2200000	14
chr16	  4550000	  2700000	37
chr16	  5200000	  5550000	7
chr16	 11150000	 12050000	18
chr16	 16350000	 14850000	30
chr16	 19650000	 18650000	20
chr16	 22750000	 23150000	8
chr16	 23700000	 24450000	15
chr16	 25400000	 24650000	15
chr16	 25950000	 23850000	42
chr16	 26300000	 24900000	28
chr16	 29600000	 29250000	7
chr16	 31600000	 29900000	34
chr16	 35250000	 35700000	9
chr16	 36000000	 34100000	38
chr16	 38850000	 38000000	17
chr16	 39750000	 39150000	12
chr16	 40550000	 40000000	11
chr16	 46850000	 44900000	39
chr16	 50200000	 52700000	50
chr16	 55700000	 56650000	19
chr16	 57550000	 58550000	20
chr16	 57600000	 55400000	44
chr16	 64650000	 66650000	40
chr16	 71200000	 70150000	21
chr16	 73900000	 73200000	14
chr16	 74050000	 71650000	48
chr16	 74150000	 75200000	21
chr16	 74850000	 73850000	20
chr16	 77400000	 77850000	9
chr16	 83900000	 82300000	32
chr16	 84600000	 85550000	19
chr16	 85500000	 84550000	19
chr16	 85750000	 84100000	33
chr16	 86050000	 86900000	17
chr16	 89500000	 88800000	14
chr16	 93550000	 92450000	22
chr17	  8750000	  8200000	11
chr17	 10500000	  9750000	15
chr17	 10650000	 10100000	11
chr17	 13150000	 11550000	32
chr17	 19250000	 18100000	23
chr17	 19850000	 21150000	26
chr17	 19950000	 19400000	11
chr17	 20100000	 21350000	25
chr17	 21600000	 20650000	19
chr17	 22050000	 20450000	32
chr17	 22300000	 21200000	22
chr17	 25400000	 26100000	14
chr17	 27300000	 28600000	26
chr17	 32850000	 33950000	22
chr17	 38050000	 37500000	11
chr17	 40350000	 39300000	21
chr17	 41150000	 40650000	10
chr17	 41600000	 39950000	33
chr17	 43550000	 44600000	21
chr17	 43700000	 42800000	18
chr17	 45550000	 47050000	30
chr17	 49750000	 48450000	26
chr17	 49800000	 51100000	26
chr17	 50450000	 52200000	35
chr17	 50700000	 50100000	12
chr17	 53400000	 56500000	62
chr17	 58150000	 59150000	20
chr17	 59200000	 60600000	28
chr17	 59550000	 59950000	8
chr17	 62600000	 64000000	28
chr17	 65600000	 64700000	18
chr17	 67500000	 65750000	35
chr17	 70900000	 70550000	7
chr17	 71750000	 72800000	21
chr17	 74250000	 76550000	46
chr17	 74350000	 73900000	9
chr17	 85200000	 84050000	23
chr17	 86900000	 85800000	22
chr17	 87250000	 87800000	11
chr17	 91450000	 90000000	29
chr17	 92750000	 92250000	10
chr18	  1500000	  3000000	30
chr18	  2500000	  1400000	22
chr18	  2950000	  3750000	16
chr18	  4150000	  3600000	11
chr18	  7000000	  5950000	21
chr18	  9250000	 11700000	49
chr18	  9250000	 12600000	67
chr18	  9500000	  8700000	16
chr18	 13900000	 10550000	67
chr18	 14000000	 14600000	12
chr18	 14150000	 12550000	32
chr18	 14150000	 15650000	30
chr18	 14550000	 13800000	15
chr18	 15700000	 16750000	21
chr18	 16350000	 17950000	32
chr18	 17100000	 18100000	20
chr18	 19200000	 20700000	30
chr18	 20050000	 18700000	27
chr18	 20250000	 19000000	25
chr18	 20300000	 21800000	30
chr18	 20950000	 19700000	25
chr18	 27700000	 26600000	22
chr18	 29050000	 27800000	25
chr18	 29450000	 31150000	34
chr18	 31450000	 32300000	17
chr18	 37300000	 38050000	15
chr18	 37750000	 38800000	21
chr18	 40900000	 42050000	23
chr18	 43100000	 43500000	8
chr18	 48500000	 48800000	6
chr18	 49000000	 48900000	2
chr18	 51500000	 50550000	19
chr18	 53900000	 54450000	11
chr18	 58300000	 57750000	11
chr18	 59800000	 58250000	31
chr18	 60250000	 62550000	46
chr18	 62100000	 61400000	14
chr18	 64600000	 63950000	13
chr18	 64650000	 65250000	12
chr18	 65350000	 66250000	18
chr18	 66050000	 67300000	25
chr18	 67950000	 66300000	33
chr18	 69350000	 70800000	29
chr18	 71800000	 70500000	26
chr18	 74450000	 76050000	32
chr18	 76050000	 75350000	14
chr18	 83150000	 82050000	22
chr18	 84850000	 84300000	11
chr18	 87650000	 88550000	18
chr18	 88150000	 86350000	36
chr18	 89000000	 88450000	11
chr19	  3700000	  2700000	20
chr19	  3950000	  5900000	39
chr19	  6250000	  8850000	52
chr19	  9200000	  9800000	12
chr19	 10850000	 10250000	12
chr19	 17550000	 18050000	10
chr19	 18000000	 17250000	15
chr19	 19550000	 18900000	13
chr19	 22150000	 22900000	15
chr19	 25150000	 22950000	44
chr19	 26100000	 26700000	12
chr19	 26600000	 24900000	34
chr19	 27200000	 25700000	30
chr19	 33900000	 33200000	14
chr19	 33950000	 32950000	20
chr19	 34100000	 31950000	43
chr19	 35600000	 34750000	17
chr19	 35900000	 35200000	14
chr19	 36350000	 37450000	22
chr19	 47450000	 48900000	29
chr19	 51200000	 49650000	31
chr19	 51950000	 49600000	47
chr19	 54100000	 55000000	18
chr19	 54450000	 55100000	13
chr19	 58400000	 59250000	17
chr19	 60050000	 60950000	18
chr19	 60150000	 60950000	16
chr2	   400000	  1700000	26
chr2	  2600000	  2100000	10
chr2	  4900000	  4350000	11
chr2	  5050000	  4550000	10
chr2	  5250000	  5900000	13
chr2	  6950000	  6000000	19
chr2	  8250000	  8000000	5
chr2	  9300000	  8250000	21
chr2	 11200000	 12200000	20
chr2	 14800000	 14100000	14
chr2	 15800000	 13700000	42
chr2	 15950000	 15050000	18
chr2	 16650000	 17350000	14
chr2	 19500000	 18900000	12
chr2	 20150000	 21200000	21
chr2	 22400000	 21700000	14
chr2	 23450000	 20900000	51
chr2	 23650000	 25900000	45
chr2	 23950000	 22650000	26
chr2	 27800000	 27200000	12
chr2	 27850000	 28600000	15
chr2	 31450000	 32350000	18
chr2	 31450000	 33500000	41
chr2	 31900000	 30700000	24
chr2	 40000000	 38900000	22
chr2	 44000000	 45250000	25
chr2	 49000000	 48200000	16
chr2	 52500000	 51500000	20
chr2	 53350000	 52150000	24
chr2	 57350000	 55850000	30
chr2	 57850000	 59150000	26
chr2	 58700000	 57450000	25
chr2	 59000000	 56900000	42
chr2	 61600000	 63600000	40
chr2	 61850000	 62950000	22
chr2	 63650000	 64700000	21
chr2	 64250000	 65200000	19
chr2	 67500000	 68350000	17
chr2	 69400000	 70450000	21
chr2	 74800000	 76550000	35
chr2	 76600000	 75650000	19
chr2	 76750000	 78050000	26
chr2	 77100000	 75050000	41
chr2	 78350000	 76350000	40
chr2	 81550000	 82750000	24
chr2	 82500000	 84150000	33
chr2	 84650000	 86450000	36
chr2	 85400000	 86500000	22
chr2	 86250000	 85050000	24
chr2	 86500000	 87150000	13
chr2	 86600000	 86100000	10
chr2	 87000000	 85700000	26
chr2	 88450000	 88250000	4
chr2	 90350000	 89650000	14
chr2	 95550000	 96600000	21
chr2	 98300000	 97150000	23
chr2	 99750000	100350000	12
chr2	100500000	101300000	16
chr2	102300000	103500000	24
chr2	112350000	113400000	21
chr2	114300000	114750000	9
chr2	115100000	113900000	24
chr2	115300000	116800000	30
chr2	117500000	115100000	48
chr2	119500000	120800000	26
chr2	120450000	119700000	15
chr2	122150000	123600000	29
chr2	125500000	125000000	10
chr2	127600000	127000000	12
chr2	129150000	131150000	40
chr2	132250000	130350000	38
chr2	134050000	135200000	23
chr2	134350000	138950000	92
chr2	134750000	132650000	42
chr2	136200000	137050000	17
chr2	139250000	137650000	32
chr2	145300000	147000000	34
chr2	147650000	148500000	17
chr2	149050000	149600000	11
chr2	149250000	150050000	16
chr2	151950000	150850000	22
chr2	157550000	158100000	11
chr2	157850000	159500000	33
chr2	159200000	158450000	15
chr2	161700000	163750000	41
chr2	165650000	166900000	25
chr2	166100000	164950000	23
chr2	166450000	165450000	20
chr2	168200000	169450000	25
chr2	174500000	176150000	33
chr2	175600000	174950000	13
chr2	177150000	177850000	14
chr3	  1050000	  2250000	24
chr3	  1600000	   700000	18
chr3	  2450000	   550000	38
chr3	  5200000	  6050000	17
chr3	 11250000	 10400000	17
chr3	 12200000	 11800000	8
chr3	 12300000	 13300000	20
chr3	 13400000	 12200000	24
chr3	 14000000	 13450000	11
chr3	 14500000	 13400000	22
chr3	 14900000	 14150000	15
chr3	 15650000	 16550000	18
chr3	 16350000	 18650000	46
chr3	 18650000	 17600000	21
chr3	 23050000	 21450000	32
chr3	 23300000	 24450000	23
chr3	 24450000	 24800000	7
chr3	 27000000	 29000000	40
chr3	 28050000	 30100000	41
chr3	 29150000	 27750000	28
chr3	 33200000	 34550000	27
chr3	 34050000	 33300000	15
chr3	 34200000	 35550000	27
chr3	 36400000	 32750000	73
chr3	 36650000	 38100000	29
chr3	 37350000	 37950000	12
chr3	 41450000	 42650000	24
chr3	 42600000	 43300000	14
chr3	 43750000	 42350000	28
chr3	 44400000	 45400000	20
chr3	 46100000	 47300000	24
chr3	 48650000	 50550000	38
chr3	 51250000	 49600000	33
chr3	 51600000	 52350000	15
chr3	 51700000	 50350000	27
chr3	 51800000	 53000000	24
chr3	 52800000	 51500000	26
chr3	 54500000	 54050000	9
chr3	 59400000	 60150000	15
chr3	 60550000	 58650000	38
chr3	 63400000	 62750000	13
chr3	 64550000	 66300000	35
chr3	 71800000	 74050000	45
chr3	 76100000	 75450000	13
chr3	 79300000	 77750000	31
chr3	 79700000	 81400000	34
chr3	 80950000	 81850000	18
chr3	 82600000	 82900000	6
chr3	 83250000	 84900000	33
chr3	 84200000	 84400000	4
chr3	 84200000	 85250000	21
chr3	 84250000	 85800000	31
chr3	 87950000	 86200000	35
chr3	 89450000	 86800000	53
chr3	 92500000	 93100000	12
chr3	 93950000	 95850000	38
chr3	 95200000	 97650000	49
chr3	 96050000	 94950000	22
chr3	 96450000	 96150000	6
chr3	 97050000	 96400000	13
chr3	103850000	102700000	23
chr3	103900000	103000000	18
chr3	108000000	108500000	10
chr3	109200000	108050000	23
chr3	111050000	110300000	15
chr3	112500000	113500000	20
chr3	113900000	115250000	27
chr3	114950000	115450000	10
chr3	119500000	118050000	29
chr3	122250000	121750000	10
chr3	123900000	125800000	38
chr3	125550000	124200000	27
chr3	128500000	129650000	23
chr3	132700000	131400000	26
chr3	138550000	139500000	19
chr3	139650000	138200000	29
chr3	145150000	145700000	11
chr3	146300000	146300000	0
chr3	153850000	152050000	36
chr3	158300000	159150000	17
chr4	 10550000	 11100000	11
chr4	 12400000	 11350000	21
chr4	 16850000	 14000000	57
chr4	 17750000	 16500000	25
chr4	 19450000	 18650000	16
chr4	 26300000	 24850000	29
chr4	 27200000	 28000000	16
chr4	 28050000	 31300000	65
chr4	 30700000	 32350000	33
chr4	 31600000	 30650000	19
chr4	 35150000	 36000000	17
chr4	 36100000	 35300000	16
chr4	 36150000	 36550000	8
chr4	 38650000	 39200000	11
chr4	 39000000	 37650000	27
chr4	 39100000	 38150000	19
chr4	 39300000	 38150000	23
chr4	 40300000	 41150000	17
chr4	 40550000	 39900000	13
chr4	 43600000	 44500000	18
chr4	 50800000	 54300000	70
chr4	 55200000	 55950000	15
chr4	 56450000	 57000000	11
chr4	 57250000	 58750000	30
chr4	 57650000	 59200000	31
chr4	 58350000	 59450000	22
chr4	 60000000	 61450000	29
chr4	 62850000	 64500000	33
chr4	 64550000	 65650000	22
chr4	 65950000	 63250000	54
chr4	 66800000	 67300000	10
chr4	 69500000	 68000000	30
chr4	 70750000	 68700000	41
chr4	 72300000	 70700000	32
chr4	 72600000	 72250000	7
chr4	 72750000	 72000000	15
chr4	 75400000	 74200000	24
chr4	 80100000	 78450000	33
chr4	 81700000	 80350000	27
chr4	 82500000	 82800000	6
chr4	 86800000	 87750000	19
chr4	 87100000	 85950000	23
chr4	 90700000	 92050000	27
chr4	 92850000	 94250000	28
chr4	 93700000	 92900000	16
chr4	 94900000	 96100000	24
chr4	 98400000	 97350000	21
chr4	101800000	100850000	19
chr4	108150000	111050000	58
chr4	114150000	112400000	35
chr4	116400000	114450000	39
chr4	117000000	117700000	14
chr4	117150000	117800000	13
chr4	118250000	119100000	17
chr4	118800000	120500000	34
chr4	119700000	122750000	61
chr4	123500000	123000000	10
chr4	126050000	126500000	9
chr4	128200000	129850000	33
chr4	132100000	130750000	27
chr4	134750000	135250000	10
chr4	135750000	135200000	11
chr4	137100000	138400000	26
chr4	138800000	138300000	10
chr4	139000000	137850000	23
chr4	139750000	140800000	21
chr4	145100000	143400000	34
chr4	154950000	153550000	28
chr5	  1450000	  1000000	9
chr5	  3900000	  4500000	12
chr5	  5550000	  6450000	18
chr5	  6600000	  5400000	24
chr5	  7700000	  6900000	16
chr5	  9900000	  9400000	10
chr5	 13750000	 17650000	78
chr5	 16700000	 17300000	12
chr5	 17800000	 16000000	36
chr5	 21450000	 20950000	10
chr5	 25050000	 26300000	25
chr5	 25550000	 24900000	13
chr5	 29850000	 28850000	20
chr5	 32200000	 31000000	24
chr5	 32350000	 32700000	7
chr5	 36750000	 37700000	19
chr5	 37400000	 37400000	0
chr5	 38550000	 40000000	29
chr5	 41400000	 42400000	20
chr5	 41900000	 42650000	15
chr5	 42400000	 44350000	39
chr5	 43300000	 42000000	26
chr5	 43300000	 42850000	9
chr5	 45650000	 45350000	6
chr5	 46900000	 45900000	20
chr5	 49200000	 49950000	15
chr5	 50100000	 49250000	17
chr5	 50100000	 50100000	0
chr5	 50150000	 48950000	24
chr5	 52750000	 54750000	40
chr5	 52850000	 52500000	7
chr5	 54150000	 55350000	24
chr5	 58350000	 59600000	25
chr5	 59200000	 60000000	16
chr5	 60750000	 62800000	41
chr5	 63050000	 64650000	32
chr5	 65550000	 67500000	39
chr5	 71150000	 70600000	11
chr5	 71400000	 69700000	34
chr5	 72050000	 70900000	23
chr5	 77950000	 78750000	16
chr5	 80500000	 80150000	7
chr5	 82750000	 84000000	25
chr5	 86850000	 86050000	16
chr5	 89700000	 88700000	20
chr5	 91350000	 91050000	6
chr5	 92950000	 92050000	18
chr5	 94450000	 95850000	28
chr5	 94850000	 94550000	6
chr5	 96350000	 98050000	34
chr5	 97700000	 96700000	20
chr5	 98150000	 97450000	14
chr5	 98750000	 99750000	20
chr5	 98850000	 97900000	19
chr5	100900000	100500000	8
chr5	103000000	102200000	16
chr5	105400000	107350000	39
chr5	107350000	106650000	14
chr5	108350000	109700000	27
chr5	110500000	110500000	0
chr5	110700000	109950000	15
chr5	111050000	109700000	27
chr5	111300000	110600000	14
chr5	120650000	121800000	23
chr5	122300000	122800000	10
chr5	128100000	127200000	18
chr5	128850000	128050000	16
chr5	129750000	130700000	19
chr5	130550000	132250000	34
chr5	132100000	131300000	16
chr5	132200000	130850000	27
chr5	132450000	132900000	9
chr5	133500000	133000000	10
chr5	134850000	134600000	5
chr5	135750000	134950000	16
chr5	137600000	137600000	0
chr5	137650000	136700000	19
chr5	138800000	137250000	31
chr5	141900000	142600000	14
chr5	144400000	142200000	44
chr5	144900000	145750000	17
chr5	145800000	143550000	45
chr5	146450000	145750000	14
chr5	147700000	146900000	16
chr5	148400000	145650000	55
chr5	149650000	150900000	25
chr5	151550000	150350000	24
chr6	  3550000	  4500000	19
chr6	  5000000	  3550000	29
chr6	  6750000	  7750000	20
chr6	 10300000	  9000000	26
chr6	 11650000	 10900000	15
chr6	 12000000	 12950000	19
chr6	 12700000	 13500000	16
chr6	 12800000	 16000000	64
chr6	 15900000	 14400000	30
chr6	 17700000	 19350000	33
chr6	 19850000	 18650000	24
chr6	 22900000	 25450000	51
chr6	 28650000	 27900000	15
chr6	 32050000	 31600000	9
chr6	 32400000	 30550000	37
chr6	 32600000	 34450000	37
chr6	 33250000	 34650000	28
chr6	 37050000	 36850000	4
chr6	 37250000	 38050000	16
chr6	 38050000	 37150000	18
chr6	 39350000	 42600000	65
chr6	 43400000	 38850000	91
chr6	 46300000	 45500000	16
chr6	 47600000	 48500000	18
chr6	 50000000	 51000000	20
chr6	 51150000	 49800000	27
chr6	 51250000	 51900000	13
chr6	 51450000	 52050000	12
chr6	 51600000	 49500000	42
chr6	 57850000	 58350000	10
chr6	 63900000	 64700000	16
chr6	 64450000	 67200000	55
chr6	 65800000	 66900000	22
chr6	 66300000	 67050000	15
chr6	 66400000	 69300000	58
chr6	 67600000	 69250000	33
chr6	 68900000	 67650000	25
chr6	 69650000	 71400000	35
chr6	 79700000	 78900000	16
chr6	 81100000	 80150000	19
chr6	 82600000	 80750000	37
chr6	 83050000	 83450000	8
chr6	 83450000	 84800000	27
chr6	 87400000	 86500000	18
chr6	 93950000	 95850000	38
chr6	 97400000	 98000000	12
chr6	 98650000	101000000	47
chr6	100250000	 99050000	24
chr6	104000000	103450000	11
chr6	105100000	102400000	54
chr6	107400000	109300000	38
chr6	113850000	114150000	6
chr6	119350000	121400000	41
chr6	121750000	122550000	16
chr6	122450000	123200000	15
chr6	123900000	124900000	20
chr6	125850000	126450000	12
chr6	127550000	128150000	12
chr6	127650000	126300000	27
chr6	128650000	127750000	18
chr6	130200000	131450000	25
chr6	130950000	129950000	20
chr6	131750000	134250000	50
chr6	133450000	134100000	13
chr6	134750000	135850000	22
chr6	136500000	133950000	51
chr6	136950000	135750000	24
chr6	136950000	138700000	35
chr6	140250000	141000000	15
chr6	144700000	143500000	24
chr6	145700000	146900000	24
chr7	  4100000	  5500000	28
chr7	  9300000	  8000000	26
chr7	 12850000	 11200000	33
chr7	 13200000	 13600000	8
chr7	 14050000	 12950000	22
chr7	 14800000	 14800000	0
chr7	 15250000	 17650000	48
chr7	 20050000	 19100000	19
chr7	 20050000	 19350000	14
chr7	 22900000	 25300000	48
chr7	 23400000	 25100000	34
chr7	 27150000	 25300000	37
chr7	 32250000	 33400000	23
chr7	 37000000	 39500000	50
chr7	 37050000	 37450000	8
chr7	 39550000	 41000000	29
chr7	 41200000	 40050000	23
chr7	 42600000	 43450000	17
chr7	 44150000	 42850000	26
chr7	 47650000	 46800000	17
chr7	 58200000	 57150000	21
chr7	 59100000	 57150000	39
chr7	 59350000	 58800000	11
chr7	 63400000	 63050000	7
chr7	 64350000	 65450000	22
chr7	 66050000	 65800000	5
chr7	 67050000	 68850000	36
chr7	 70750000	 70050000	14
chr7	 71500000	 73750000	45
chr7	 74400000	 75200000	16
chr7	 74800000	 74800000	0
chr7	 75400000	 74700000	14
chr7	 75550000	 76000000	9
chr7	 76950000	 78000000	21
chr7	 77650000	 76400000	25
chr7	 79300000	 80750000	29
chr7	 80000000	 80900000	18
chr7	 81600000	 82250000	13
chr7	 86050000	 88750000	54
chr7	 86800000	 88600000	36
chr7	 86900000	 87550000	13
chr7	 87100000	 86450000	13
chr7	 88350000	 87500000	17
chr7	 90050000	 89550000	10
chr7	 90700000	 90700000	0
chr7	 95900000	 95550000	7
chr7	 97400000	 96900000	10
chr7	 98100000	 96750000	27
chr7	 98450000	 96450000	40
chr7	 99400000	 98200000	24
chr7	100600000	100050000	11
chr7	109000000	109850000	17
chr7	111150000	112400000	25
chr7	115150000	113700000	29
chr7	117850000	118800000	19
chr7	118700000	120450000	35
chr7	121300000	122850000	31
chr7	124700000	124100000	12
chr7	125350000	124700000	13
chr7	129300000	130150000	17
chr7	135250000	134600000	13
chr7	136150000	134550000	32
chr7	138400000	137300000	22
chr7	140250000	141050000	16
chr7	143600000	142700000	18
chr7	145300000	144150000	23
chr8	  2450000	   900000	31
chr8	  5550000	  4300000	25
chr8	  6100000	  6500000	8
chr8	  6250000	  8250000	40
chr8	  7300000	  8350000	21
chr8	  7550000	  8850000	26
chr8	  7750000	 10400000	53
chr8	 10000000	 10800000	16
chr8	 11000000	 11650000	13
chr8	 12550000	 14800000	45
chr8	 13500000	 12500000	20
chr8	 15800000	 17100000	26
chr8	 19550000	 19150000	8
chr8	 25300000	 23550000	35
chr8	 25400000	 26550000	23
chr8	 25800000	 26350000	11
chr8	 27450000	 26700000	15
chr8	 31200000	 29550000	33
chr8	 31750000	 32150000	8
chr8	 32850000	 33400000	11
chr8	 32900000	 31550000	27
chr8	 34850000	 36900000	41
chr8	 40350000	 41600000	25
chr8	 40600000	 40850000	5
chr8	 41900000	 40450000	29
chr8	 42850000	 42650000	4
chr8	 45200000	 44200000	20
chr8	 46500000	 45350000	23
chr8	 46700000	 48400000	34
chr8	 50450000	 51050000	12
chr8	 54500000	 53600000	18
chr8	 61000000	 60050000	19
chr8	 61250000	 59100000	43
chr8	 66750000	 65600000	23
chr8	 72200000	 71700000	10
chr8	 73200000	 72400000	16
chr8	 77450000	 76650000	16
chr8	 78150000	 80750000	52
chr8	 79150000	 78700000	9
chr8	 80300000	 79100000	24
chr8	 86100000	 84700000	28
chr8	 91050000	 89650000	28
chr8	 93050000	 92500000	11
chr8	 93750000	 94500000	15
chr8	 93950000	 93550000	8
chr8	 94050000	 95850000	36
chr8	 95650000	 96350000	14
chr8	103450000	101700000	35
chr8	104750000	104300000	9
chr8	105850000	105100000	15
chr8	106050000	104150000	38
chr8	109100000	107500000	32
chr8	109500000	108850000	13
chr8	109650000	107700000	39
chr8	110550000	109900000	13
chr8	113650000	112600000	21
chr8	114600000	116350000	35
chr8	117450000	114800000	53
chr8	118650000	118000000	13
chr8	121400000	120200000	24
chr8	122900000	120650000	45
chr8	122950000	121700000	25
chr8	124450000	125450000	20
chr8	125950000	124100000	37
chr8	126600000	127100000	10
chr9	   250000	   750000	10
chr9	  6050000	  6700000	13
chr9	 13400000	 11650000	35
chr9	 19850000	 22600000	55
chr9	 20050000	 19600000	9
chr9	 24650000	 22200000	49
chr9	 27600000	 28450000	17
chr9	 28000000	 28800000	16
chr9	 28500000	 27500000	20
chr9	 28500000	 29850000	27
chr9	 30500000	 32450000	39
chr9	 30550000	 29850000	14
chr9	 35450000	 34850000	12
chr9	 43350000	 43650000	6
chr9	 44350000	 43300000	21
chr9	 47150000	 48950000	36
chr9	 49100000	 49900000	16
chr9	 49550000	 48500000	21
chr9	 52100000	 50700000	28
chr9	 53650000	 50850000	56
chr9	 54200000	 55700000	30
chr9	 54600000	 55800000	24
chr9	 56300000	 58750000	49
chr9	 60150000	 58450000	34
chr9	 60350000	 59550000	16
chr9	 63600000	 64400000	16
chr9	 67750000	 66650000	22
chr9	 67900000	 68400000	10
chr9	 68550000	 69700000	23
chr9	 69150000	 67400000	35
chr9	 69850000	 68300000	31
chr9	 71750000	 72500000	15
chr9	 72250000	 73150000	18
chr9	 73450000	 75250000	36
chr9	 73900000	 74150000	5
chr9	 74250000	 75000000	15
chr9	 76400000	 73600000	56
chr9	 79500000	 78550000	19
chr9	 80350000	 80750000	8
chr9	 80600000	 79600000	20
chr9	 83250000	 84250000	20
chr9	 84150000	 83350000	16
chr9	 86000000	 86800000	16
chr9	 87200000	 85850000	27
chr9	 88900000	 87800000	22
chr9	 90150000	 91550000	28
chr9	 90350000	 91300000	19
chr9	 92950000	 92350000	12
chr9	 95050000	 94300000	15
chr9	 96200000	 96550000	7
chr9	 96650000	 95800000	17
chr9	 97050000	 98800000	35
chr9	 98450000	 96850000	32
chr9	 99850000	100400000	11
chr9	101000000	102050000	21
chr9	101750000	100150000	32
chr9	102750000	101500000	25
chr9	103350000	102400000	19
chr9	105450000	106150000	14
chr9	105900000	105000000	18
chr9	106050000	106450000	8
chr9	107000000	105850000	23
chr9	109450000	108750000	14
chr9	112500000	113150000	13
chr9	113800000	111950000	37
chr9	116050000	116600000	11
chr9	118250000	118700000	9
chr9	118400000	121900000	70
chr9	119750000	121400000	33
chr9	120250000	117950000	46
chr9	120650000	122250000	32
chr9	121700000	122900000	24
chr9	122000000	120600000	28
chrX	   100000	   700000	12
chrX	  1150000	   500000	13
chrX	  2350000	  2100000	5
chrX	  6950000	  7700000	15
chrX	  7300000	  8550000	25
chrX	  9500000	 11300000	36
chrX	 12400000	 11800000	12
chrX	 13350000	 13800000	9
chrX	 14150000	 15350000	24
chrX	 16850000	 15050000	36
chrX	 20600000	 18750000	37
chrX	 21250000	 21600000	7
chrX	 24500000	 22450000	41
chrX	 25300000	 26400000	22
chrX	 25650000	 24950000	14
chrX	 27800000	 28900000	22
chrX	 28950000	 29800000	17
chrX	 29550000	 28950000	12
chrX	 29950000	 28900000	21
chrX	 32400000	 32000000	8
chrX	 35900000	 35100000	16
chrX	 36300000	 37400000	22
chrX	 38900000	 40000000	22
chrX	 40400000	 42050000	33
chrX	 41750000	 43250000	30
chrX	 42500000	 43300000	16
chrX	 48050000	 49350000	26
chrX	 48350000	 49150000	16
chrX	 51350000	 50700000	13
chrX	 52700000	 54100000	28
chrX	 56450000	 54750000	34
chrX	 57000000	 55350000	33
chrX	 58800000	 58400000	8
chrX	 60300000	 62000000	34
chrX	 61750000	 59550000	44
chrX	 63050000	 61750000	26
chrX	 64850000	 65900000	21
chrX	 65450000	 66750000	26
chrX	 66150000	 65450000	14
chrX	 69700000	 70400000	14
chrX	 70650000	 72050000	28
chrX	 79950000	 81050000	22
chrX	 80550000	 82150000	32
chrX	 80700000	 81550000	17
chrX	 80800000	 80450000	7
chrX	 82400000	 85250000	57
chrX	 83350000	 85200000	37
chrX	 83950000	 84600000	13
chrX	 88100000	 87800000	6
chrX	 88900000	 88350000	11
chrX	 91650000	 92200000	11
chrX	 91750000	 91250000	10
chrX	 91750000	 93400000	33
chrX	 92700000	 91950000	15
chrX	 93850000	 94450000	12
chrX	 95450000	 94850000	12
chrX	 96450000	 93700000	55
chrX	 98050000	 98850000	16
chrX	 99100000	 99750000	13
chrX	 99550000	100550000	20
chrX	 99900000	 99550000	7
chrX	101300000	102400000	22
chrX	101350000	100550000	16
chrX	102350000	101450000	18
chrX	103850000	102450000	28
chrX	110850000	112950000	42
chrX	114350000	115000000	13
chrX	114850000	115300000	9
chrX	118200000	119200000	20
chrX	120250000	119400000	17
chrX	120650000	121500000	17
chrX	122650000	120800000	37
chrX	123100000	124400000	26
chrX	124050000	125400000	27
chrX	127200000	125350000	37
chrX	129600000	130900000	26
chrX	131500000	135350000	77
chrX	131850000	130300000	31
chrX	134900000	138050000	63
chrX	135100000	136100000	20
chrX	137000000	137550000	11
chrX	137100000	135950000	23
chrX	143800000	142300000	30
chrX	146550000	148050000	30
chrX	150200000	149450000	15
chrX	150300000	148500000	36
chrX	154800000	154400000	8
chrX	155650000	155000000	13
chrX	156550000	155000000	31
chrX	159100000	157150000	39
chrX	159200000	156500000	54
chrX	166850000	166500000	7
chrX	167150000	168300000	23
chrX	168900000	168050000	17
chrY	  3550000	  4600000	21
chrY	  7050000	  6600000	9
chrY	  7650000	  8200000	11
chrY	  9050000	  8450000	12
chrY	 12750000	 12200000	11
chrY	 15300000	 17050000	35
chrY	 17850000	 17050000	16
chrY	 19850000	 21650000	36
chrY	 21100000	 20500000	12
chrY	 22850000	 24550000	34
chrY	 24300000	 24600000	6
chrY	 24300000	 25150000	17
chrY	 29500000	 28800000	14
chrY	 29600000	 28250000	27
chrY	 30400000	 32600000	44
chrY	 32750000	 30900000	37
chrY	 33000000	 33000000	0
chrY	 34150000	 33050000	22
chrY	 34550000	 33550000	20
chrY	 35500000	 36850000	27
chrY	 36150000	 35850000	6
chrY	 41350000	 41900000	11
chrY	 41550000	 39600000	39
chrY	 45600000	 46550000	19
chrY	 46050000	 45150000	18
chrY	 49800000	 48500000	26
chrY	 51550000	 50200000	27
chrY	 52650000	 53000000	7
chrY	 53250000	 52350000	18
chrY	 53850000	 52000000	37
chrY	 60500000	 59150000	27
chrY	 61400000	 62400000	20
chrY	 62050000	 60550000	30
chrY	 63000000	 64350000	27
chrY	 64400000	 64750000	7
chrY	 65500000	 66250000	15
chrY	 65950000	 67100000	23
chrY	 67700000	 66450000	25
chrY	 71300000	 73450000	43
chrY	 74250000	 73500000	15
chrY	 81000000	 81450000	9
chrY	 82100000	 81600000	10
