chr1	   550000	  1350000	16
chr1	  1050000	   600000	9
chr1	  3600000	  2850000	15
chr1	  5400000	  6000000	12
chr1	  5600000	  6400000	16
chr1	  6700000	  7300000	12
chr1	  8450000	 13050000	92
chr1	 10500000	 12000000	30
chr1	 21200000	 20900000	6
chr1	 21300000	 22550000	25
chr1	 22500000	 26000000	70
chr1	 24500000	 25500000	20
chr1	 25050000	 26050000	20
chr1	 25900000	 28700000	56
chr1	 26000000	 23550000	49
chr1	 26500000	 25650000	17
chr1	 27100000	 25650000	29
chr1	 31950000	 32900000	19
chr1	 32650000	 32000000	13
chr1	 34700000	 36200000	30
chr1	 35600000	 33750000	37
chr1	 41300000	 42000000	14
chr1	 43250000	 41850000	28
chr1	 44400000	 45700000	26
chr1	 44900000	 43900000	20
chr1	 49300000	 50950000	33
chr1	 52350000	 56250000	78
chr1	 53450000	 54550000	22
chr1	 55600000	 57450000	37
chr1	 56100000	 56300000	4
chr1	 63600000	 65050000	29
chr1	 63750000	 61700000	41
chr1	 65850000	 67250000	28
chr1	 69650000	 68500000	23
chr1	 70900000	 70600000	6
chr1	 71950000	 73000000	21
chr1	 73700000	 75500000	36
chr1	 73900000	 76850000	59
chr1	 74250000	 74950000	14
chr1	 80700000	 83500000	56
chr1	 81550000	 80550000	20
chr1	 82800000	 84550000	35
chr1	 83850000	 84450000	12
chr1	 91000000	 89750000	25
chr1	 91150000	 91900000	15
chr1	 92250000	 91600000	13
chr1	 96750000	 95950000	16
chr1	 99250000	 95900000	67
chr1	100200000	 98600000	32
chr1	104250000	103200000	21
chr1	107650000	105950000	34
chr1	110750000	110400000	7
chr1	114000000	115150000	23
chr1	116400000	117700000	26
chr1	116800000	116000000	16
chr1	118400000	120300000	38
chr1	120550000	121350000	16
chr1	120600000	122500000	38
chr1	120900000	119250000	33
chr1	122150000	121250000	18
chr1	122450000	121050000	28
chr1	123700000	122350000	27
chr1	126500000	125600000	18
chr1	128250000	128750000	10
chr1	128500000	129450000	19
chr1	130050000	128650000	28
chr1	131250000	133200000	39
chr1	131300000	132500000	24
chr1	133100000	132850000	5
chr1	133650000	134650000	20
chr1	135600000	134200000	28
chr1	135950000	135100000	17
chr1	139950000	141600000	33
chr1	140200000	137600000	52
chr1	140200000	141200000	20
chr1	142300000	144100000	36
chr1	144550000	143550000	20
chr1	145800000	145000000	16
chr1	153950000	154900000	19
chr1	155300000	155600000	6
chr1	157200000	155100000	42
chr1	157400000	157900000	10
chr1	163550000	162950000	12
chr1	169700000	170500000	16
chr1	170000000	169050000	19
chr1	171200000	171900000	14
chr1	172550000	172950000	8
chr1	177800000	175800000	40
chr1	183150000	184600000	29
chr1	183450000	182350000	22
chr1	184800000	186100000	26
chr1	188500000	189300000	16
chr1	188750000	190650000	38
chr1	192900000	194550000	33
chr10	  1850000	  1300000	11
chr10	  5850000	  4850000	20
chr10	  9150000	  6250000	58
chr10	  9950000	  8600000	27
chr10	 10650000	  9500000	23
chr10	 13500000	 12050000	29
chr10	 16000000	 14800000	24
chr10	 17300000	 18200000	18
chr10	 19750000	 18800000	19
chr10	 21150000	 21150000	0
chr10	 23400000	 22700000	14
chr10	 25500000	 24350000	23
chr10	 29550000	 28050000	30
chr10	 29700000	 30450000	15
chr10	 30650000	 32600000	39
chr10	 30900000	 29400000	30
chr10	 31700000	 32450000	15
chr10	 31900000	 33350000	29
chr10	 32050000	 33750000	34
chr10	 38500000	 39650000	23
chr10	 39400000	 40150000	15
chr10	 42600000	 41300000	26
chr10	 43100000	 41500000	32
chr10	 45450000	 45750000	6
chr10	 48150000	 46950000	24
chr10	 48250000	 50750000	50
chr10	 50700000	 51600000	18
chr10	 52500000	 54550000	41
chr10	 56250000	 54900000	27
chr10	 56500000	 59050000	51
chr10	 59100000	 56400000	54
chr10	 59300000	 57400000	38
chr10	 61700000	 60950000	15
chr10	 61700000	 61000000	14
chr10	 67850000	 66950000	18
chr10	 69850000	 70500000	13
chr10	 74650000	 74650000	0
chr10	 75050000	 74300000	15
chr10	 79550000	 78850000	14
chr10	 81150000	 82300000	23
chr10	 82050000	 83650000	32
chr10	 82750000	 81200000	31
chr10	 83050000	 84100000	21
chr10	 83800000	 85350000	31
chr10	 92000000	 93650000	33
chr10	 92350000	 92950000	12
chr10	 98600000	 99350000	15
chr10	102200000	100750000	29
chr10	104700000	102850000	37
chr10	106550000	107650000	22
chr10	114800000	116000000	24
chr10	117250000	117500000	5
chr10	120600000	121900000	26
chr10	120850000	121850000	20
chr10	121300000	121950000	13
chr10	123600000	124850000	25
chr10	125300000	124600000	14
chr10	130500000	129800000	14
chr11	  3000000	  4800000	36
chr11	  4250000	  5050000	16
chr11	  4500000	  3650000	17
chr11	  4600000	  5450000	17
chr11	  6500000	  5900000	12
chr11	  8000000	  7200000	16
chr11	  9550000	 10050000	10
chr11	 10150000	 10750000	12
chr11	 10250000	  9750000	10
chr11	 10800000	  9150000	33
chr11	 12350000	 11900000	9
chr11	 12400000	 10750000	33
chr11	 12700000	 10900000	36
chr11	 14500000	 12750000	35
chr11	 14600000	 15300000	14
chr11	 14900000	 14550000	7
chr11	 18050000	 19100000	21
chr11	 20250000	 21750000	30
chr11	 27950000	 27650000	6
chr11	 30550000	 31250000	14
chr11	 34000000	 35050000	21
chr11	 35450000	 35100000	7
chr11	 38500000	 39050000	11
chr11	 39550000	 38800000	15
chr11	 42850000	 44000000	23
chr11	 46150000	 47450000	26
chr11	 50600000	 49250000	27
chr11	 51850000	 49850000	40
chr11	 53600000	 53150000	9
chr11	 54650000	 55600000	19
chr11	 56950000	 58400000	29
chr11	 58050000	 56400000	33
chr11	 59000000	 60500000	30
chr11	 59750000	 58950000	16
chr11	 62600000	 59550000	61
chr11	 64150000	 63450000	14
chr11	 66350000	 67850000	30
chr11	 69850000	 71450000	32
chr11	 71150000	 69900000	25
chr11	 71400000	 70550000	17
chr11	 73850000	 73100000	15
chr11	 74450000	 75650000	24
chr11	 77750000	 78550000	16
chr11	 78700000	 77550000	23
chr11	 80200000	 83400000	64
chr11	 80800000	 82100000	26
chr11	 81100000	 78850000	45
chr11	 81250000	 82650000	28
chr11	 83300000	 83600000	6
chr11	 83450000	 82200000	25
chr11	 87050000	 85950000	22
chr11	 88550000	 86800000	35
chr11	 91750000	 91350000	8
chr11	 93400000	 94450000	21
chr11	 93850000	 95100000	25
chr11	 94550000	 93800000	15
chr11	 94650000	 93700000	19
chr11	 95400000	 96100000	14
chr11	 96550000	 93850000	54
chr11	 96550000	 96000000	11
chr11	 97050000	 94400000	53
chr11	 97800000	 98950000	23
chr11	 97900000	 96200000	34
chr11	 98650000	 99200000	11
chr11	 99250000	 98200000	21
chr11	 99400000	100250000	17
chr11	103400000	100650000	55
chr11	104850000	106200000	27
chr11	110400000	110650000	5
chr11	110550000	112000000	29
chr11	116900000	117600000	14
chr11	117000000	117450000	9
chr11	117350000	116950000	8
chr11	117950000	116400000	31
chr11	118900000	118200000	14
chr11	119100000	118750000	7
chr11	119700000	120650000	19
chr11	121250000	119300000	39
chr12	  1300000	  2400000	22
chr12	  1850000	  1300000	11
chr12	  4700000	  5550000	17
chr12	  5200000	  4800000	8
chr12	  7050000	  5650000	28
chr12	 10550000	 11800000	25
chr12	 11750000	  9950000	36
chr12	 12350000	 11200000	23
chr12	 12500000	 13850000	27
chr12	 13650000	 11800000	37
chr12	 19150000	 20350000	24
chr12	 20800000	 20050000	15
chr12	 23700000	 24700000	20
chr12	 25900000	 25050000	17
chr12	 28450000	 29050000	12
chr12	 30200000	 29650000	11
chr12	 31250000	 31700000	9
chr12	 34050000	 34950000	18
chr12	 34550000	 33950000	12
chr12	 34950000	 33400000	31
chr12	 37650000	 38750000	22
chr12	 41000000	 41700000	14
chr12	 41200000	 42200000	20
chr12	 42750000	 43550000	16
chr12	 45100000	 45900000	16
chr12	 45450000	 43800000	33
chr12	 48650000	 51500000	57
chr12	 48900000	 48000000	18
chr12	 49200000	 49450000	5
chr12	 50850000	 52150000	26
chr12	 51100000	 48850000	45
chr12	 52150000	 50800000	27
chr12	 53900000	 54550000	13
chr12	 54850000	 55950000	22
chr12	 55650000	 54900000	15
chr12	 56750000	 55250000	30
chr12	 60050000	 60950000	18
chr12	 61300000	 60100000	24
chr12	 61350000	 60450000	18
chr12	 62700000	 64250000	31
chr12	 64100000	 67950000	77
chr12	 65200000	 66300000	22
chr12	 67450000	 66350000	22
chr12	 67600000	 66400000	24
chr12	 68200000	 68050000	3
chr12	 69200000	 68800000	8
chr12	 70200000	 68950000	25
chr12	 71600000	 70850000	15
chr12	 74950000	 74400000	11
chr12	 81100000	 78250000	57
chr12	 81200000	 83100000	38
chr12	 81600000	 79950000	33
chr12	 87100000	 86350000	15
chr12	 88800000	 90150000	27
chr12	 90700000	 89750000	19
chr12	 93700000	 95750000	41
chr12	 94150000	 93250000	18
chr12	102100000	104700000	52
chr12	102900000	101900000	20
chr12	105250000	106100000	17
chr12	105500000	104150000	27
chr12	107400000	106350000	21
chr12	107850000	108500000	13
chr12	108400000	108900000	10
chr12	110500000	111200000	14
chr12	112250000	113250000	20
chr12	114650000	115650000	20
chr12	116250000	118250000	40
chr13	  9750000	  7700000	41
chr13	 10000000	 10450000	9
chr13	 10450000	 10000000	9
chr13	 11650000	 12450000	16
chr13	 16900000	 16100000	16
chr13	 19750000	 18000000	35
chr13	 21900000	 22650000	15
chr13	 22200000	 22750000	11
chr13	 23450000	 24050000	12
chr13	 29100000	 30200000	22
chr13	 32150000	 33550000	28
chr13	 34050000	 31950000	42
chr13	 34450000	 32050000	48
chr13	 35150000	 34200000	19
chr13	 35850000	 35250000	12
chr13	 37400000	 36600000	16
chr13	 40100000	 40100000	0
chr13	 42250000	 43000000	15
chr13	 44750000	 43250000	30
chr13	 45350000	 46200000	17
chr13	 48750000	 47500000	25
chr13	 49500000	 50650000	23
chr13	 54500000	 54750000	5
chr13	 58600000	 58050000	11
chr13	 59650000	 61400000	35
chr13	 61750000	 60550000	24
chr13	 64700000	 66150000	29
chr13	 64800000	 65750000	19
chr13	 66450000	 65250000	24
chr13	 68800000	 67100000	34
chr13	 71100000	 69500000	32
chr13	 74400000	 73500000	18
chr13	 75550000	 77750000	44
chr13	 78000000	 77650000	7
chr13	 78900000	 80100000	24
chr13	 79100000	 81300000	44
chr13	 81250000	 82850000	32
chr13	 82950000	 83500000	11
chr13	 86900000	 85850000	21
chr13	 87550000	 86150000	28
chr13	 89850000	 90150000	6
chr13	 91050000	 89400000	33
chr13	 98300000	 97150000	23
chr13	100650000	101500000	17
chr13	100800000	101900000	22
chr13	101250000	103500000	45
chr13	103550000	104800000	25
chr13	106300000	107800000	30
chr13	112050000	111050000	20
chr13	112850000	114200000	27
chr13	118450000	119900000	29
chr13	118600000	119100000	10
chr13	119300000	120150000	17
chr13	119400000	117350000	41
chr14	  3400000	  4350000	19
chr14	  5450000	  6550000	22
chr14	  7050000	  8300000	25
chr14	  7550000	  5500000	41
chr14	  7550000	  6350000	24
chr14	  9700000	 10200000	10
chr14	  9850000	  8550000	26
chr14	 10300000	 11250000	19
chr14	 15900000	 17800000	38
chr14	 16350000	 17300000	19
chr14	 16550000	 15550000	20
chr14	 16600000	 15800000	16
chr14	 18900000	 18300000	12
chr14	 21400000	 20400000	20
chr14	 23600000	 20650000	59
chr14	 26150000	 28300000	43
chr14	 29400000	 28150000	25
chr14	 29550000	 28550000	20
chr14	 34450000	 35300000	17
chr14	 35650000	 35000000	13
chr14	 35850000	 35400000	9
chr14	 37200000	 37200000	0
chr14	 38150000	 38950000	16
chr14	 39450000	 40750000	26
chr14	 39450000	 41200000	35
chr14	 40000000	 41750000	35
chr14	 41900000	 41000000	18
chr14	 46250000	 45900000	7
chr14	 46800000	 45950000	17
chr14	 50150000	 48000000	43
chr14	 54450000	 53750000	14
chr14	 55450000	 56350000	18
chr14	 60750000	 58050000	54
chr14	 62800000	 64550000	35
chr14	 63950000	 62800000	23
chr14	 64000000	 65050000	21
chr14	 65700000	 67250000	31
chr14	 66100000	 65550000	11
chr14	 74350000	 76300000	39
chr14	 74800000	 75400000	12
chr14	 75050000	 74300000	15
chr14	 80300000	 78450000	37
chr14	 80300000	 80950000	13
chr14	 80400000	 79400000	20
chr14	 83150000	 82550000	12
chr14	 85000000	 86100000	22
chr14	 86350000	 85000000	27
chr14	 87800000	 85300000	50
chr14	 88950000	 87800000	23
chr14	 91050000	 91500000	9
chr14	 92200000	 92700000	10
chr14	 94300000	 95850000	31
chr14	 99700000	 98900000	16
chr14	 99950000	 97950000	40
chr14	100050000	100800000	15
chr14	102400000	103100000	14
chr14	103800000	101450000	47
chr14	104700000	105450000	15
chr14	105550000	106750000	24
chr14	106500000	105600000	18
chr14	107050000	105700000	27
chr14	110200000	109300000	18
chr14	111050000	112250000	24
chr14	111550000	112350000	16
chr14	112150000	112550000	8
chr14	112350000	112750000	8
chr14	117550000	119400000	37
chr14	122700000	121700000	20
chr15	   100000	  1800000	34
chr15	  1300000	   550000	15
chr15	  2300000	  2600000	6
chr15	  2650000	  4350000	34
chr15	  2800000	  1200000	32
chr15	  2900000	  1750000	23
chr15	  4150000	  4550000	8
chr15	  6850000	  7750000	18
chr15	  7900000	  7150000	15
chr15	  8400000	  9000000	12
chr15	 11550000	 11150000	8
chr15	 13000000	 13650000	13
chr15	 13900000	 12750000	23
chr15	 15700000	 15050000	13
chr15	 17200000	 15700000	30
chr15	 17900000	 17350000	11
chr15	 20450000	 18500000	39
chr15	 23550000	 24100000	11
chr15	 25950000	 26550000	12
chr15	 27450000	 26050000	28
chr15	 31350000	 31150000	4
chr15	 34550000	 35050000	10
chr15	 35450000	 35050000	8
chr15	 36900000	 39400000	50
chr15	 36950000	 37400000	9
chr15	 40500000	 41800000	26
chr15	 43500000	 42750000	15
chr15	 45500000	 47050000	31
chr15	 54700000	 56600000	38
chr15	 54800000	 53550000	25
chr15	 57950000	 58800000	17
chr15	 61150000	 60850000	6
chr15	 61700000	 63500000	36
chr15	 62150000	 61000000	23
chr15	 62500000	 60400000	42
chr15	 62850000	 64150000	26
chr15	 68450000	 67400000	21
chr15	 68900000	 69550000	13
chr15	 71950000	 73500000	31
chr15	 72800000	 72000000	16
chr15	 73350000	 73700000	7
chr15	 74450000	 79100000	93
chr15	 76400000	 76400000	0
chr15	 78550000	 79000000	9
chr15	 78700000	 78400000	6
chr15	 79050000	 79750000	14
chr15	 85200000	 84050000	23
chr15	 90000000	 90900000	18
chr15	 92600000	 93500000	18
chr15	 96050000	 96750000	14
chr15	100050000	 99150000	18
chr15	100700000	100800000	2
chr16	  2850000	  1300000	31
chr16	  4050000	  2500000	31
chr16	  4500000	  4000000	10
chr16	  5350000	  6400000	21
chr16	  7600000	  6650000	19
chr16	 11100000	 12250000	23
chr16	 11600000	  7850000	75
chr16	 12150000	 14450000	46
chr16	 12600000	 13350000	15
chr16	 17950000	 18700000	15
chr16	 19350000	 18350000	20
chr16	 19350000	 19050000	6
chr16	 19750000	 18600000	23
chr16	 23600000	 25400000	36
chr16	 24050000	 24500000	9
chr16	 24500000	 24000000	10
chr16	 25100000	 22600000	50
chr16	 25550000	 25000000	11
chr16	 27650000	 27100000	11
chr16	 29850000	 27800000	41
chr16	 30650000	 30300000	7
chr16	 31200000	 29900000	26
chr16	 33850000	 32650000	24
chr16	 41100000	 40450000	13
chr16	 48100000	 46150000	39
chr16	 49200000	 47900000	26
chr16	 53650000	 51600000	41
chr16	 56950000	 55000000	39
chr16	 57750000	 61450000	74
chr16	 61400000	 62250000	17
chr16	 61450000	 60900000	11
chr16	 62350000	 63450000	22
chr16	 65100000	 66600000	30
chr16	 69350000	 69950000	12
chr16	 70350000	 68950000	28
chr16	 71950000	 71450000	10
chr16	 72700000	 73650000	19
chr16	 73250000	 74100000	17
chr16	 75150000	 77750000	52
chr16	 76050000	 73900000	43
chr16	 78550000	 78300000	5
chr16	 79150000	 77600000	31
chr16	 79550000	 81350000	36
chr16	 82700000	 83300000	12
chr16	 84300000	 84800000	10
chr16	 85150000	 84150000	20
chr16	 85650000	 84950000	14
chr16	 86000000	 88550000	51
chr16	 87300000	 88750000	29
chr16	 88050000	 87650000	8
chr16	 88450000	 88900000	9
chr16	 92600000	 94500000	38
chr16	 93250000	 91950000	26
chr17	  1850000	  1200000	13
chr17	  4200000	  6300000	42
chr17	  5150000	  6850000	34
chr17	  8850000	  8200000	13
chr17	  9550000	 10350000	16
chr17	 11400000	 13100000	34
chr17	 11900000	 13150000	25
chr17	 14250000	 13250000	20
chr17	 14350000	 15800000	29
chr17	 15000000	 16400000	28
chr17	 15700000	 17500000	36
chr17	 18150000	 19450000	26
chr17	 20450000	 21700000	25
chr17	 21300000	 22300000	20
chr17	 27100000	 26350000	15
chr17	 28450000	 29750000	26
chr17	 28500000	 29400000	18
chr17	 32900000	 33550000	13
chr17	 35450000	 35900000	9
chr17	 35950000	 36850000	18
chr17	 36000000	 33850000	43
chr17	 39150000	 38950000	4
chr17	 41950000	 43200000	25
chr17	 42150000	 40550000	32
chr17	 43250000	 42650000	12
chr17	 46050000	 46800000	15
chr17	 46600000	 48950000	47
chr17	 47900000	 48950000	21
chr17	 48500000	 47350000	23
chr17	 48750000	 47950000	16
chr17	 55050000	 55600000	11
chr17	 55850000	 54800000	21
chr17	 63950000	 63250000	14
chr17	 64200000	 64750000	11
chr17	 65200000	 64150000	21
chr17	 66950000	 68350000	28
chr17	 67300000	 68450000	23
chr17	 68950000	 69800000	17
chr17	 75250000	 74050000	24
chr17	 76000000	 74800000	24
chr17	 77100000	 77650000	11
chr17	 86800000	 87300000	10
chr17	 89250000	 88200000	21
chr17	 91250000	 90500000	15
chr18	  1700000	  1250000	9
chr18	  8500000	  6500000	40
chr18	 14000000	 14800000	16
chr18	 14250000	 14800000	11
chr18	 17350000	 17900000	11
chr18	 17500000	 16300000	24
chr18	 21400000	 22350000	19
chr18	 28450000	 29150000	14
chr18	 29500000	 30000000	10
chr18	 32450000	 34400000	39
chr18	 35050000	 36250000	24
chr18	 36300000	 35650000	13
chr18	 39000000	 35850000	63
chr18	 39600000	 40550000	19
chr18	 39750000	 40450000	14
chr18	 40650000	 38800000	37
chr18	 41700000	 40550000	23
chr18	 43650000	 43950000	6
chr18	 46400000	 46000000	8
chr18	 47350000	 45800000	31
chr18	 49600000	 50600000	20
chr18	 50750000	 52450000	34
chr18	 51500000	 52850000	27
chr18	 51700000	 49450000	45
chr18	 51800000	 50750000	21
chr18	 54350000	 53650000	14
chr18	 55850000	 57500000	33
chr18	 58150000	 58950000	16
chr18	 61050000	 62100000	21
chr18	 63700000	 64450000	15
chr18	 70600000	 71350000	15
chr18	 75550000	 75150000	8
chr18	 75550000	 77750000	44
chr18	 77900000	 81150000	65
chr18	 79150000	 78300000	17
chr18	 79850000	 79150000	14
chr18	 80450000	 78700000	35
chr18	 88000000	 88850000	17
chr18	 88700000	 87900000	16
chr19	  2050000	  1350000	14
chr19	  3500000	  1700000	36
chr19	  4200000	  5200000	20
chr19	 10150000	  9500000	13
chr19	 12350000	 11800000	11
chr19	 15500000	 13550000	39
chr19	 16600000	 17150000	11
chr19	 18100000	 19000000	18
chr19	 26600000	 28200000	32
chr19	 27550000	 28800000	25
chr19	 31400000	 30500000	18
chr19	 33000000	 33850000	17
chr19	 34600000	 35350000	15
chr19	 35050000	 33050000	40
chr19	 35700000	 34300000	28
chr19	 42000000	 39700000	46
chr19	 48300000	 47050000	25
chr19	 52300000	 50700000	32
chr19	 53450000	 55100000	33
chr19	 57050000	 55650000	28
chr19	 57700000	 58050000	7
chr19	 58000000	 56900000	22
chr2	  6250000	  7450000	24
chr2	  9450000	  6700000	55
chr2	 10150000	 11550000	28
chr2	 11000000	 12000000	20
chr2	 18400000	 15900000	50
chr2	 19750000	 21100000	27
chr2	 24950000	 22500000	49
chr2	 25900000	 27500000	32
chr2	 27050000	 25650000	28
chr2	 28250000	 29500000	25
chr2	 29150000	 32400000	65
chr2	 29500000	 30350000	17
chr2	 30150000	 31450000	26
chr2	 30200000	 28300000	38
chr2	 31650000	 33250000	32
chr2	 31700000	 32000000	6
chr2	 32400000	 32850000	9
chr2	 35250000	 36500000	25
chr2	 37100000	 37800000	14
chr2	 43900000	 43900000	0
chr2	 45050000	 45700000	13
chr2	 47600000	 46500000	22
chr2	 48200000	 47800000	8
chr2	 49400000	 50000000	12
chr2	 50000000	 49300000	14
chr2	 55000000	 57750000	55
chr2	 57800000	 59250000	29
chr2	 68800000	 66600000	44
chr2	 69800000	 70700000	18
chr2	 70400000	 72450000	41
chr2	 71100000	 69850000	25
chr2	 81400000	 82050000	13
chr2	 84350000	 85050000	14
chr2	 85300000	 87200000	38
chr2	 86250000	 84100000	43
chr2	 87550000	 86600000	19
chr2	 90350000	 89200000	23
chr2	 91150000	 88600000	51
chr2	 91400000	 93000000	32
chr2	 92850000	 93450000	12
chr2	 93950000	 91700000	45
chr2	101800000	102350000	11
chr2	104150000	102300000	37
chr2	107000000	103350000	73
chr2	109600000	110650000	21
chr2	114300000	114950000	13
chr2	114800000	116250000	29
chr2	117500000	118150000	13
chr2	118300000	117150000	23
chr2	121700000	121050000	13
chr2	122100000	123050000	19
chr2	124900000	126800000	38
chr2	127050000	128750000	34
chr2	127350000	128350000	20
chr2	128000000	126950000	21
chr2	132100000	133800000	34
chr2	132600000	133500000	18
chr2	133500000	133300000	4
chr2	136700000	137600000	18
chr2	139550000	138300000	25
chr2	140600000	142000000	28
chr2	140950000	141850000	18
chr2	146050000	146800000	15
chr2	152300000	151250000	21
chr2	158700000	156950000	35
chr2	162550000	164250000	34
chr2	163950000	164650000	14
chr2	174250000	175800000	31
chr2	174800000	174100000	14
chr2	176750000	177650000	18
chr2	177750000	177300000	9
chr2	178900000	178450000	9
chr2	179600000	178850000	15
chr3	   150000	  2850000	54
chr3	  2250000	  2000000	5
chr3	  4750000	  6700000	39
chr3	  4900000	  3550000	27
chr3	  6850000	  7950000	22
chr3	  7300000	  6550000	15
chr3	  7350000	  8400000	21
chr3	  9850000	 10450000	12
chr3	 10050000	 11550000	30
chr3	 10800000	 11850000	21
chr3	 12700000	 13550000	17
chr3	 15500000	 16150000	13
chr3	 16300000	 15450000	17
chr3	 17050000	 16200000	17
chr3	 17350000	 18800000	29
chr3	 18100000	 19050000	19
chr3	 18400000	 19000000	12
chr3	 18900000	 19900000	20
chr3	 19800000	 20400000	12
chr3	 20100000	 18950000	23
chr3	 22050000	 23550000	30
chr3	 27900000	 27050000	17
chr3	 30250000	 31450000	24
chr3	 31050000	 30600000	9
chr3	 31700000	 30500000	24
chr3	 32300000	 30100000	44
chr3	 32800000	 33300000	10
chr3	 35600000	 34800000	16
chr3	 36850000	 38100000	25
chr3	 40300000	 39800000	10
chr3	 40550000	 40250000	6
chr3	 40700000	 39200000	30
chr3	 41400000	 42650000	25
chr3	 41450000	 40600000	17
chr3	 42550000	 44900000	47
chr3	 43550000	 40450000	62
chr3	 43650000	 43150000	10
chr3	 43800000	 44700000	18
chr3	 45400000	 43800000	32
chr3	 46400000	 44950000	29
chr3	 48900000	 48050000	17
chr3	 49300000	 48700000	12
chr3	 49700000	 50650000	19
chr3	 50100000	 48700000	28
chr3	 51700000	 52350000	13
chr3	 58150000	 59600000	29
chr3	 59500000	 58500000	20
chr3	 59500000	 59100000	8
chr3	 61800000	 59450000	47
chr3	 68100000	 67150000	19
chr3	 68900000	 68250000	13
chr3	 70400000	 69500000	18
chr3	 71500000	 69850000	33
chr3	 71550000	 72250000	14
chr3	 71850000	 70050000	36
chr3	 74200000	 73450000	15
chr3	 76250000	 75350000	18
chr3	 76950000	 76500000	9
chr3	 79200000	 79700000	10
chr3	 84100000	 81450000	53
chr3	 84950000	 83750000	24
chr3	 85450000	 86600000	23
chr3	 89450000	 90050000	12
chr3	 94350000	 93900000	9
chr3	 98750000	 98250000	10
chr3	 99050000	 98050000	20
chr3	 99050000	 99700000	13
chr3	 99300000	 98150000	23
chr3	100500000	 99550000	19
chr3	105300000	104700000	12
chr3	105800000	105800000	0
chr3	106550000	105350000	24
chr3	107450000	108350000	18
chr3	108050000	108800000	15
chr3	109350000	110000000	13
chr3	112200000	113200000	20
chr3	113250000	111150000	42
chr3	113550000	114400000	17
chr3	114350000	111800000	51
chr3	115400000	117150000	35
chr3	117400000	115750000	33
chr3	118350000	118100000	5
chr3	121150000	119600000	31
chr3	121750000	120550000	24
chr3	124400000	123500000	18
chr3	124400000	125050000	13
chr3	125350000	126300000	19
chr3	128100000	125700000	48
chr3	131250000	132300000	21
chr3	132650000	131550000	22
chr3	132850000	132500000	7
chr3	134850000	136150000	26
chr3	141000000	139050000	39
chr3	143000000	144450000	29
chr3	148550000	148050000	10
chr3	149600000	151350000	35
chr3	150850000	151200000	7
chr3	151750000	151750000	0
chr3	151850000	152250000	8
chr3	153300000	154250000	19
chr3	153900000	153300000	12
chr3	155700000	153600000	42
chr3	157400000	156300000	22
chr3	158000000	158700000	14
chr3	159100000	157800000	26
chr3	159850000	158500000	27
chr4	  4900000	  4000000	18
chr4	  5200000	  3250000	39
chr4	  5850000	  5350000	10
chr4	  9600000	  8300000	26
chr4	 10900000	 10150000	15
chr4	 13700000	 12250000	29
chr4	 15950000	 15250000	14
chr4	 17900000	 17700000	4
chr4	 19550000	 19150000	8
chr4	 25700000	 26750000	21
chr4	 25800000	 26200000	8
chr4	 27200000	 28150000	19
chr4	 32100000	 31100000	20
chr4	 33900000	 35650000	35
chr4	 34600000	 33050000	31
chr4	 38150000	 38850000	14
chr4	 39750000	 38950000	16
chr4	 41600000	 42900000	26
chr4	 41650000	 40850000	16
chr4	 43500000	 44050000	11
chr4	 44900000	 43500000	28
chr4	 45850000	 46800000	19
chr4	 49250000	 51900000	53
chr4	 49950000	 50300000	7
chr4	 53550000	 52550000	20
chr4	 53900000	 53100000	16
chr4	 54950000	 57850000	58
chr4	 55150000	 56450000	26
chr4	 58400000	 58050000	7
chr4	 58950000	 59350000	8
chr4	 61150000	 59700000	29
chr4	 63100000	 63700000	12
chr4	 64400000	 65150000	15
chr4	 65050000	 64650000	8
chr4	 65950000	 65750000	4
chr4	 66700000	 68700000	40
chr4	 69600000	 68750000	17
chr4	 70950000	 72350000	28
chr4	 74850000	 75400000	11
chr4	 75750000	 76850000	22
chr4	 78350000	 77550000	16
chr4	 80750000	 81400000	13
chr4	 83750000	 82900000	17
chr4	 86250000	 84950000	26
chr4	 86450000	 84650000	36
chr4	 90350000	 91300000	19
chr4	 95850000	 95000000	17
chr4	 95850000	 96500000	13
chr4	 96450000	 95800000	13
chr4	102050000	100350000	34
chr4	104650000	105050000	8
chr4	104800000	106900000	42
chr4	106950000	108300000	27
chr4	108000000	110750000	55
chr4	110750000	109500000	25
chr4	114100000	112400000	34
chr4	116400000	115100000	26
chr4	116400000	117500000	22
chr4	121850000	122850000	20
chr4	122300000	121450000	17
chr4	128950000	129300000	7
chr4	135200000	135900000	14
chr4	135650000	137150000	30
chr4	136300000	137700000	28
chr4	136800000	137700000	18
chr4	137550000	138650000	22
chr4	139500000	138900000	12
chr4	140950000	138750000	44
chr4	142600000	143750000	23
chr4	145450000	144800000	13
chr4	147150000	146550000	12
chr4	150950000	152050000	22
chr4	151700000	150100000	32
chr5	   450000	  2150000	34
chr5	  1400000	   200000	24
chr5	  3900000	  4950000	21
chr5	  8050000	  6600000	29
chr5	  8900000	  9550000	13
chr5	  9350000	  8550000	16
chr5	  9700000	  8650000	21
chr5	  9800000	 11500000	34
chr5	 11100000	 10550000	11
chr5	 11600000	 10850000	15
chr5	 15850000	 15300000	11
chr5	 16000000	 15250000	15
chr5	 18500000	 18800000	6
chr5	 27550000	 26750000	16
chr5	 27700000	 27100000	12
chr5	 33300000	 32550000	15
chr5	 36700000	 34750000	39
chr5	 38650000	 40750000	42
chr5	 40250000	 41050000	16
chr5	 41550000	 40550000	20
chr5	 44450000	 43000000	29
chr5	 46450000	 47100000	13
chr5	 49150000	 48450000	14
chr5	 54350000	 54750000	8
chr5	 58400000	 59500000	22
chr5	 60200000	 59600000	12
chr5	 61550000	 62200000	13
chr5	 69050000	 70050000	20
chr5	 69500000	 70250000	15
chr5	 70000000	 71150000	23
chr5	 70700000	 72400000	34
chr5	 72800000	 73550000	15
chr5	 76200000	 78000000	36
chr5	 77650000	 78550000	18
chr5	 77800000	 78450000	13
chr5	 78450000	 77900000	11
chr5	 81300000	 78500000	56
chr5	 82050000	 83850000	36
chr5	 84450000	 82700000	35
chr5	 84950000	 85450000	10
chr5	 85000000	 86350000	27
chr5	 86250000	 84900000	27
chr5	 87300000	 87800000	10
chr5	 88200000	 89050000	17
chr5	 88900000	 89350000	9
chr5	 89000000	 87150000	37
chr5	 89500000	 88250000	25
chr5	 90550000	 91500000	19
chr5	 97400000	 97050000	7
chr5	 97450000	 99700000	45
chr5	102350000	100850000	30
chr5	107200000	106100000	22
chr5	114750000	113900000	17
chr5	114850000	113500000	27
chr5	118150000	119400000	25
chr5	122800000	121950000	17
chr5	124500000	125200000	14
chr5	131300000	130200000	22
chr5	135100000	136250000	23
chr5	135400000	134950000	9
chr5	135600000	134450000	23
chr5	139150000	138500000	13
chr5	139200000	138400000	16
chr5	140400000	137050000	67
chr5	140400000	139100000	26
chr5	140750000	142000000	25
chr5	142200000	140750000	29
chr5	142750000	143250000	10
chr5	143850000	144400000	11
chr5	147750000	146500000	25
chr5	150400000	149800000	12
chr6	  2050000	  1400000	13
chr6	  3200000	  2100000	22
chr6	  3450000	  2650000	16
chr6	  5150000	  4050000	22
chr6	  5600000	  4950000	13
chr6	  7300000	  6700000	12
chr6	  7500000	  7000000	10
chr6	  9200000	  9500000	6
chr6	  9500000	  8600000	18
chr6	 14650000	 13350000	26
chr6	 15500000	 16250000	15
chr6	 16150000	 15300000	17
chr6	 17250000	 15400000	37
chr6	 24350000	 25250000	18
chr6	 25800000	 25450000	7
chr6	 26900000	 25300000	32
chr6	 28650000	 28000000	13
chr6	 31650000	 32200000	11
chr6	 35900000	 37250000	27
chr6	 36100000	 40650000	91
chr6	 37950000	 39700000	35
chr6	 38050000	 41000000	59
chr6	 43750000	 43200000	11
chr6	 44500000	 45400000	18
chr6	 44700000	 47000000	46
chr6	 47500000	 48400000	18
chr6	 48150000	 50050000	38
chr6	 48750000	 50250000	30
chr6	 50900000	 51850000	19
chr6	 51450000	 52300000	17
chr6	 55000000	 53200000	36
chr6	 58550000	 58900000	7
chr6	 58850000	 59700000	17
chr6	 59250000	 58850000	8
chr6	 59500000	 58200000	26
chr6	 60500000	 59650000	17
chr6	 60800000	 59300000	30
chr6	 60950000	 61950000	20
chr6	 63900000	 64350000	9
chr6	 64100000	 65550000	29
chr6	 64450000	 66200000	35
chr6	 70500000	 69700000	16
chr6	 72450000	 72150000	6
chr6	 74000000	 72650000	27
chr6	 74400000	 75250000	17
chr6	 74450000	 73700000	15
chr6	 78700000	 76700000	40
chr6	 80150000	 81350000	24
chr6	 81000000	 82250000	25
chr6	 83950000	 85000000	21
chr6	 84800000	 86300000	30
chr6	 84850000	 83850000	20
chr6	 85750000	 88750000	60
chr6	 87750000	 89100000	27
chr6	 88300000	 86600000	34
chr6	 88600000	 89800000	24
chr6	 88850000	 87950000	18
chr6	 90350000	 88700000	33
chr6	 92650000	 93500000	17
chr6	 95400000	 94700000	14
chr6	 97250000	 98750000	30
chr6	 97850000	 98950000	22
chr6	100900000	102750000	37
chr6	101150000	101800000	13
chr6	101700000	100900000	16
chr6	101950000	104200000	45
chr6	102600000	103100000	10
chr6	103950000	104450000	10
chr6	107000000	105500000	30
chr6	107350000	106400000	19
chr6	108750000	108200000	11
chr6	117050000	115950000	22
chr6	122050000	119150000	58
chr6	123350000	122000000	27
chr6	126950000	125950000	20
chr6	127400000	126800000	12
chr6	129500000	129950000	9
chr6	134200000	133700000	10
chr6	136200000	134900000	26
chr6	136750000	137300000	11
chr6	137400000	138650000	25
chr6	139200000	138000000	24
chr6	139450000	137700000	35
chr6	139750000	141200000	29
chr6	141500000	142300000	16
chr6	141650000	142450000	16
chr6	141850000	141350000	10
chr6	142400000	141250000	23
chr6	142950000	142400000	11
chr6	143000000	143950000	19
chr6	146100000	143700000	48
chr7	   600000	   100000	10
chr7	  2600000	  2000000	12
chr7	  3850000	  3500000	7
chr7	  7050000	  4650000	48
chr7	  8200000	  9000000	16
chr7	  8900000	  7850000	21
chr7	  9700000	 10300000	12
chr7	 10050000	  9500000	11
chr7	 11350000	 10950000	8
chr7	 13100000	 11850000	25
chr7	 16600000	 16100000	10
chr7	 18150000	 16300000	37
chr7	 18650000	 20950000	46
chr7	 18950000	 18950000	0
chr7	 19900000	 20350000	9
chr7	 20300000	 20900000	12
chr7	 22550000	 21500000	21
chr7	 26000000	 23600000	48
chr7	 31600000	 29900000	34
chr7	 33450000	 34950000	30
chr7	 33750000	 35650000	38
chr7	 34050000	 34450000	8
chr7	 36550000	 35150000	28
chr7	 38950000	 41400000	49
chr7	 39600000	 42000000	48
chr7	 44300000	 45150000	17
chr7	 44300000	 45650000	27
chr7	 44500000	 43550000	19
chr7	 50600000	 51000000	8
chr7	 52650000	 53450000	16
chr7	 54250000	 53900000	7
chr7	 56500000	 55650000	17
chr7	 61550000	 60400000	23
chr7	 62100000	 63050000	19
chr7	 64050000	 65700000	33
chr7	 65100000	 63900000	24
chr7	 66150000	 64500000	33
chr7	 67600000	 66500000	22
chr7	 70600000	 72150000	31
chr7	 70650000	 71650000	20
chr7	 74450000	 75550000	22
chr7	 75500000	 74100000	28
chr7	 77800000	 77800000	0
chr7	 78350000	 76250000	42
chr7	 79350000	 80900000	31
chr7	 79950000	 81400000	29
chr7	 81550000	 80350000	24
chr7	 82400000	 81350000	21
chr7	 83750000	 84400000	13
chr7	 87100000	 85850000	25
chr7	 88350000	 87050000	26
chr7	 92650000	 93150000	10
chr7	 94800000	 93600000	24
chr7	 96450000	 99950000	70
chr7	 97500000	 98700000	24
chr7	100050000	101700000	33
chr7	103750000	104600000	17
chr7	104450000	104000000	9
chr7	104700000	105200000	10
chr7	109400000	108400000	20
chr7	113950000	111550000	48
chr7	120800000	120400000	8
chr7	120850000	122050000	24
chr7	121150000	123450000	46
chr7	122950000	122250000	14
chr7	123000000	121150000	37
chr7	124650000	127450000	56
chr7	124900000	125450000	11
chr7	128500000	129000000	10
chr7	131700000	131050000	13
chr7	131900000	132400000	10
chr7	132050000	131600000	9
chr7	138700000	139800000	22
chr7	141000000	139350000	33
chr7	141050000	139800000	25
chr7	141400000	142050000	13
chr8	  4250000	  5900000	33
chr8	  8650000	  9700000	21
chr8	  9700000	  8700000	20
chr8	 14750000	 13000000	35
chr8	 14950000	 14750000	4
chr8	 15800000	 12250000	71
chr8	 18550000	 17800000	15
chr8	 23550000	 24200000	13
chr8	 24250000	 22100000	43
chr8	 26850000	 28000000	23
chr8	 27200000	 28950000	35
chr8	 27850000	 26200000	33
chr8	 29850000	 28150000	34
chr8	 30000000	 29800000	4
chr8	 30250000	 28900000	27
chr8	 34600000	 33000000	32
chr8	 35700000	 38000000	46
chr8	 36350000	 37650000	26
chr8	 44300000	 42450000	37
chr8	 47350000	 47900000	11
chr8	 48800000	 49450000	13
chr8	 50350000	 48950000	28
chr8	 52150000	 51550000	12
chr8	 52850000	 52250000	12
chr8	 54150000	 52500000	33
chr8	 54250000	 54650000	8
chr8	 65100000	 64150000	19
chr8	 65700000	 66400000	14
chr8	 67750000	 66500000	25
chr8	 69000000	 69750000	15
chr8	 73100000	 74000000	18
chr8	 74650000	 75900000	25
chr8	 75450000	 77050000	32
chr8	 75600000	 75600000	0
chr8	 77700000	 76600000	22
chr8	 80750000	 81250000	10
chr8	 83050000	 82150000	18
chr8	 83350000	 84400000	21
chr8	 86050000	 87000000	19
chr8	 86700000	 88100000	28
chr8	 87450000	 86050000	28
chr8	 91400000	 90650000	15
chr8	 92500000	 93750000	25
chr8	 93600000	 92800000	16
chr8	 99650000	100800000	23
chr8	100850000	102300000	29
chr8	103350000	104050000	14
chr8	105450000	104550000	18
chr8	105900000	104950000	19
chr8	106250000	105250000	20
chr8	109750000	108900000	17
chr8	110550000	112050000	30
chr8	112650000	111200000	29
chr8	114150000	112850000	26
chr8	114850000	116800000	39
chr8	115700000	116300000	12
chr8	116950000	115150000	36
chr8	119250000	117950000	26
chr8	121450000	122550000	22
chr8	121700000	123700000	40
chr9	  2700000	  2000000	14
chr9	  3450000	  4800000	27
chr9	  3950000	  2800000	23
chr9	  4950000	  4600000	7
chr9	  5100000	  4000000	22
chr9	  5350000	  6400000	21
chr9	  8750000	 10600000	37
chr9	  9500000	 11400000	38
chr9	 10000000	 11100000	22
chr9	 10300000	 10150000	3
chr9	 10750000	 11350000	12
chr9	 11600000	 12650000	21
chr9	 12000000	 11150000	17
chr9	 12750000	 13650000	18
chr9	 13400000	 13000000	8
chr9	 15200000	 17000000	36
chr9	 15950000	 17300000	27
chr9	 20600000	 21300000	14
chr9	 24000000	 22800000	24
chr9	 24350000	 25100000	15
chr9	 24400000	 23250000	23
chr9	 26400000	 25050000	27
chr9	 31600000	 32250000	13
chr9	 37300000	 37750000	9
chr9	 39150000	 40850000	34
chr9	 41100000	 40750000	7
chr9	 41150000	 41950000	16
chr9	 47550000	 47000000	11
chr9	 48400000	 47550000	17
chr9	 48400000	 49200000	16
chr9	 50950000	 50250000	14
chr9	 55750000	 57550000	36
chr9	 58950000	 58100000	17
chr9	 60000000	 63600000	72
chr9	 60450000	 61450000	20
chr9	 61000000	 62100000	22
chr9	 69850000	 69100000	15
chr9	 70750000	 71850000	22
chr9	 71700000	 72750000	21
chr9	 74000000	 72150000	37
chr9	 74000000	 72300000	34
chr9	 74750000	 75450000	14
chr9	 74800000	 73300000	30
chr9	 77100000	 76400000	14
chr9	 78450000	 81450000	60
chr9	 83850000	 83050000	16
chr9	 85100000	 86500000	28
chr9	 89300000	 89600000	6
chr9	 91250000	 92800000	31
chr9	 94800000	 95150000	7
chr9	 94850000	 93650000	24
chr9	 96400000	 97600000	24
chr9	 96600000	 96300000	6
chr9	 98000000	100350000	47
chr9	100450000	102000000	31
chr9	103800000	104750000	19
chr9	103900000	102950000	19
chr9	107050000	107600000	11
chr9	112200000	111350000	17
chr9	112650000	113650000	20
chr9	113400000	115650000	45
chr9	113600000	112600000	20
chr9	113600000	113950000	7
chr9	116550000	115100000	29
chr9	119600000	119100000	10
chr9	120400000	119350000	21
chr9	121150000	122300000	23
chr9	123850000	122450000	28
chr9	124000000	121550000	49
chrX	   650000	        0	13
chrX	  5600000	  5050000	11
chrX	  6700000	  7350000	13
chrX	  6850000	  7300000	9
chrX	 11350000	  9900000	29
chrX	 11650000	 10500000	23
chrX	 12650000	 11500000	23
chrX	 14450000	 15850000	28
chrX	 14550000	 12550000	40
chrX	 16250000	 17600000	27
chrX	 16550000	 14350000	44
chrX	 20450000	 21000000	11
chrX	 20950000	 18950000	40
chrX	 21100000	 24400000	66
chrX	 21300000	 19700000	32
chrX	 21350000	 20450000	18
chrX	 28100000	 26050000	41
chrX	 28450000	 27650000	16
chrX	 30800000	 29900000	18
chrX	 32900000	 30300000	52
chrX	 33100000	 32650000	9
chrX	 37050000	 36250000	16
chrX	 37700000	 38200000	10
chrX	 44350000	 42550000	36
chrX	 44550000	 43750000	16
chrX	 47900000	 49450000	31
chrX	 48850000	 51350000	50
chrX	 49000000	 49400000	8
chrX	 49350000	 48650000	14
chrX	 56450000	 57050000	12
chrX	 57050000	 59200000	43
chrX	 64200000	 64500000	6
chrX	 73450000	 71400000	41
chrX	 73600000	 72500000	22
chrX	 76550000	 77400000	17
chrX	 78100000	 76450000	33
chrX	 78300000	 79300000	20
chrX	 78550000	 77750000	16
chrX	 79050000	 79750000	14
chrX	 84250000	 84950000	14
chrX	 84450000	 86200000	35
chrX	 85450000	 84850000	12
chrX	 86900000	 85800000	22
chrX	 86950000	 87650000	14
chrX	 88000000	 87100000	18
chrX	 88450000	 89150000	14
chrX	 90250000	 90700000	9
chrX	 91900000	 92150000	5
chrX	 95600000	 97200000	32
chrX	 96650000	 96150000	10
chrX	 97500000	 96400000	22
chrX	104000000	104450000	9
chrX	105500000	104700000	16
chrX	106500000	107500000	20
chrX	108150000	110400000	45
chrX	111150000	112550000	28
chrX	112550000	114250000	34
chrX	113250000	111700000	31
chrX	115300000	116350000	21
chrX	116300000	116700000	8
chrX	117900000	118900000	20
chrX	120850000	119550000	26
chrX	121400000	120850000	11
chrX	122400000	121650000	15
chrX	122600000	123900000	26
chrX	125650000	122250000	68
chrX	133950000	133200000	15
chrX	137500000	138850000	27
chrX	138850000	136650000	44
chrX	140650000	141400000	15
chrX	144700000	143800000	18
chrX	146650000	148700000	41
chrX	153700000	152600000	22
chrX	154200000	153000000	24
chrX	158200000	158750000	11
chrX	161950000	161350000	12
chrX	162050000	161100000	19
chrX	164050000	165100000	21
chrX	164700000	163700000	20
chrX	164900000	164500000	8
chrX	167600000	165900000	34
chrY	   550000	  1050000	10
chrY	  2950000	  1300000	33
chrY	  8750000	  7000000	35
chrY	  8900000	  9700000	16
chrY	  8900000	 10300000	28
chrY	 10600000	 11700000	22
chrY	 10900000	 11500000	12
chrY	 14500000	 13150000	27
chrY	 14900000	 15450000	11
chrY	 15000000	 13600000	28
chrY	 15200000	 16100000	18
chrY	 16950000	 14950000	40
chrY	 17100000	 17550000	9
chrY	 18300000	 17150000	23
chrY	 19450000	 20550000	22
chrY	 23500000	 21750000	35
chrY	 24900000	 25950000	21
chrY	 25250000	 26200000	19
chrY	 26550000	 25500000	21
chrY	 27150000	 27400000	5
chrY	 29000000	 30050000	21
chrY	 29550000	 28350000	24
chrY	 31300000	 32400000	22
chrY	 31500000	 30800000	14
chrY	 32550000	 32000000	11
chrY	 33850000	 32100000	35
chrY	 38200000	 36950000	25
chrY	 38800000	 37950000	17
chrY	 39800000	 40800000	20
chrY	 40900000	 41550000	13
chrY	 41500000	 40350000	23
chrY	 42050000	 40500000	31
chrY	 44500000	 44950000	9
chrY	 44800000	 45600000	16
chrY	 48500000	 47950000	11
chrY	 50100000	 48500000	32
chrY	 52500000	 53800000	26
chrY	 53450000	 52250000	24
chrY	 54250000	 54850000	12
chrY	 55100000	 55600000	10
chrY	 55800000	 54750000	21
chrY	 57800000	 58500000	14
chrY	 62650000	 63750000	22
chrY	 63800000	 65150000	27
chrY	 65850000	 66400000	11
chrY	 68500000	 69900000	28
chrY	 68750000	 68250000	10
chrY	 70900000	 70550000	7
chrY	 72850000	 73900000	21
chrY	 73150000	 72550000	12
chrY	 78500000	 77900000	12
chrY	 78950000	 79600000	13
chrY	 84850000	 82400000	49
chrY	 86100000	 85750000	7
