chr1	  1050000	    50000	20
chr1	  3400000	  5550000	43
chr1	  5450000	  4450000	20
chr1	  8550000	  9800000	25
chr1	  8900000	  7550000	27
chr1	 15650000	 15200000	9
chr1	 15900000	 13850000	41
chr1	 17800000	 18950000	23
chr1	 17950000	 18550000	12
chr1	 18200000	 16950000	25
chr1	 19800000	 18650000	23
chr1	 26500000	 26000000	10
chr1	 28250000	 27100000	23
chr1	 30450000	 32000000	31
chr1	 37800000	 38500000	14
chr1	 39000000	 37750000	25
chr1	 39900000	 39250000	13
chr1	 40750000	 38800000	39
chr1	 41850000	 43150000	26
chr1	 42600000	 41200000	28
chr1	 44550000	 43650000	18
chr1	 45900000	 46550000	13
chr1	 47450000	 46150000	26
chr1	 48600000	 49650000	21
chr1	 49750000	 51000000	25
chr1	 49800000	 51650000	37
chr1	 51000000	 52400000	28
chr1	 54200000	 53300000	18
chr1	 56150000	 55000000	23
chr1	 58900000	 58500000	8
chr1	 60250000	 58400000	37
chr1	 60650000	 61650000	20
chr1	 62350000	 63450000	22
chr1	 63350000	 62700000	13
chr1	 66200000	 65400000	16
chr1	 68650000	 69650000	20
chr1	 68750000	 69100000	7
chr1	 70250000	 71400000	23
chr1	 70550000	 67050000	70
chr1	 72950000	 71650000	26
chr1	 74650000	 75400000	15
chr1	 78800000	 77600000	24
chr1	 79900000	 79250000	13
chr1	 81100000	 82150000	21
chr1	 88800000	 87450000	27
chr1	 91150000	 92600000	29
chr1	 91250000	 91450000	4
chr1	 91850000	 92550000	14
chr1	 92250000	 93050000	16
chr1	 93500000	 93800000	6
chr1	 95900000	 97250000	27
chr1	100150000	 99550000	12
chr1	108050000	108500000	9
chr1	110200000	111000000	16
chr1	110550000	109950000	12
chr1	115100000	116300000	24
chr1	116050000	117550000	30
chr1	116650000	116350000	6
chr1	123550000	124200000	13
chr1	125250000	125800000	11
chr1	126150000	125550000	12
chr1	127600000	126550000	21
chr1	129550000	131300000	35
chr1	129750000	130350000	12
chr1	132950000	131300000	33
chr1	133050000	133800000	15
chr1	138100000	136950000	23
chr1	142100000	142700000	12
chr1	144100000	145350000	25
chr1	145250000	144300000	19
chr1	145500000	143950000	31
chr1	147550000	149100000	31
chr1	151650000	152200000	11
chr1	156850000	155600000	25
chr1	159000000	157450000	31
chr1	161550000	161700000	3
chr1	161800000	160950000	17
chr1	165500000	164850000	13
chr1	166400000	165800000	12
chr1	167300000	165550000	35
chr1	167750000	168400000	13
chr1	167750000	168600000	17
chr1	169050000	168600000	9
chr1	170600000	171500000	18
chr1	176700000	176250000	9
chr1	181700000	182650000	19
chr1	182050000	181500000	11
chr1	182100000	179700000	48
chr1	183050000	180050000	60
chr1	183700000	182100000	32
chr1	188500000	187750000	15
chr1	188750000	189450000	14
chr10	  1850000	   550000	26
chr10	  3700000	  5000000	26
chr10	 10800000	 12800000	40
chr10	 11850000	 14350000	50
chr10	 13750000	 13450000	6
chr10	 14200000	 15850000	33
chr10	 18350000	 18850000	10
chr10	 20700000	 22200000	30
chr10	 23100000	 23350000	5
chr10	 23700000	 22250000	29
chr10	 28400000	 30150000	35
chr10	 29800000	 29450000	7
chr10	 35750000	 35200000	11
chr10	 41250000	 42200000	19
chr10	 42550000	 40700000	37
chr10	 49400000	 50000000	12
chr10	 50300000	 49850000	9
chr10	 54850000	 53050000	36
chr10	 55100000	 56100000	20
chr10	 55650000	 56550000	18
chr10	 55900000	 57350000	29
chr10	 57400000	 57050000	7
chr10	 63350000	 64000000	13
chr10	 65950000	 66900000	19
chr10	 66250000	 68250000	40
chr10	 73150000	 73800000	13
chr10	 76250000	 77350000	22
chr10	 76900000	 78750000	37
chr10	 77550000	 79050000	30
chr10	 77650000	 77100000	11
chr10	 78550000	 78950000	8
chr10	 81600000	 80650000	19
chr10	 83200000	 82550000	13
chr10	 86700000	 88450000	35
chr10	 88750000	 88050000	14
chr10	 89000000	 90200000	24
chr10	 89700000	 89100000	12
chr10	 92500000	 91800000	14
chr10	 95950000	 97200000	25
chr10	 97000000	 98350000	27
chr10	 97400000	 96950000	9
chr10	104950000	104150000	16
chr10	108000000	108500000	10
chr10	109650000	110600000	19
chr10	113000000	114550000	31
chr10	113900000	114750000	17
chr10	114650000	116400000	35
chr10	116800000	116450000	7
chr10	119050000	117850000	24
chr10	120050000	120650000	12
chr10	121050000	120050000	20
chr10	127450000	126400000	21
chr10	129150000	127700000	29
chr10	129350000	128350000	20
chr11	   800000	  2050000	25
chr11	  1750000	   200000	31
chr11	  5450000	  4300000	23
chr11	  5900000	  7650000	35
chr11	  6750000	  5400000	27
chr11	  7800000	  6950000	17
chr11	 12900000	 14050000	23
chr11	 21550000	 21850000	6
chr11	 22450000	 23000000	11
chr11	 23400000	 23900000	10
chr11	 23800000	 24500000	14
chr11	 24550000	 25150000	12
chr11	 25000000	 24000000	20
chr11	 29400000	 28250000	23
chr11	 29750000	 30650000	18
chr11	 29850000	 30650000	16
chr11	 31350000	 32750000	28
chr11	 33850000	 33850000	0
chr11	 36500000	 35700000	16
chr11	 37050000	 36500000	11
chr11	 40300000	 40700000	8
chr11	 41100000	 42350000	25
chr11	 41100000	 43900000	56
chr11	 44550000	 46250000	34
chr11	 51700000	 52200000	10
chr11	 52250000	 51650000	12
chr11	 52400000	 51250000	23
chr11	 53450000	 52950000	10
chr11	 53600000	 54550000	19
chr11	 53650000	 52200000	29
chr11	 59450000	 57550000	38
chr11	 61950000	 62650000	14
chr11	 64050000	 65550000	30
chr11	 65750000	 63750000	40
chr11	 66000000	 64200000	36
chr11	 68850000	 69850000	20
chr11	 78750000	 79900000	23
chr11	 79100000	 80050000	19
chr11	 80400000	 78800000	32
chr11	 81950000	 78650000	66
chr11	 83650000	 85100000	29
chr11	 87000000	 86600000	8
chr11	 89300000	 87950000	27
chr11	 90300000	 87600000	54
chr11	 91000000	 91500000	10
chr11	 95200000	 93850000	27
chr11	 95250000	 94500000	15
chr11	 96150000	 97450000	26
chr11	100950000	100050000	18
chr11	103550000	102400000	23
chr11	105800000	104800000	20
chr11	105900000	107050000	23
chr11	106550000	105600000	19
chr11	108350000	109500000	23
chr11	110850000	110100000	15
chr11	111800000	112350000	11
chr11	112400000	110700000	34
chr11	117150000	120050000	58
chr11	121500000	121850000	7
chr12	   750000	   200000	11
chr12	  3150000	  2100000	21
chr12	  3250000	  2450000	16
chr12	  6050000	  6600000	11
chr12	  7050000	  7850000	16
chr12	  7350000	  8550000	24
chr12	 13350000	 11500000	37
chr12	 13350000	 12350000	20
chr12	 14350000	 14900000	11
chr12	 16750000	 17450000	14
chr12	 17550000	 16750000	16
chr12	 18150000	 19550000	28
chr12	 18950000	 20950000	40
chr12	 19400000	 18500000	18
chr12	 22050000	 21600000	9
chr12	 24000000	 22700000	26
chr12	 24950000	 21700000	65
chr12	 25950000	 25550000	8
chr12	 28650000	 28650000	0
chr12	 32600000	 33400000	16
chr12	 33150000	 33750000	12
chr12	 35750000	 37850000	42
chr12	 37050000	 36300000	15
chr12	 38650000	 40200000	31
chr12	 38800000	 38250000	11
chr12	 39150000	 39700000	11
chr12	 39300000	 40450000	23
chr12	 41100000	 41750000	13
chr12	 42750000	 39950000	56
chr12	 50700000	 49750000	19
chr12	 51600000	 50300000	26
chr12	 52200000	 50950000	25
chr12	 55050000	 53600000	29
chr12	 59050000	 60700000	33
chr12	 63450000	 60300000	63
chr12	 70650000	 69500000	23
chr12	 72100000	 71600000	10
chr12	 73600000	 72550000	21
chr12	 79450000	 79850000	8
chr12	 80050000	 79050000	20
chr12	 82200000	 82850000	13
chr12	 85900000	 83650000	45
chr12	 87750000	 88550000	16
chr12	 88550000	 87500000	21
chr12	 88950000	 87300000	33
chr12	 90350000	 89050000	26
chr12	 90350000	 92500000	43
chr12	 91200000	 90400000	16
chr12	 91550000	 92200000	13
chr12	 92150000	 93650000	30
chr12	 98100000	 97050000	21
chr12	 98600000	 97100000	30
chr12	 99500000	 98700000	16
chr12	102200000	103550000	27
chr12	104600000	105100000	10
chr12	108250000	109050000	16
chr12	109300000	108700000	12
chr12	110050000	110850000	16
chr12	110350000	109900000	9
chr12	113150000	111800000	27
chr13	   800000	   250000	11
chr13	  1650000	  2750000	22
chr13	  2700000	  3300000	12
chr13	  3200000	  2250000	19
chr13	  4800000	  3900000	18
chr13	  9950000	  9100000	17
chr13	 12150000	 11400000	15
chr13	 12300000	 10600000	34
chr13	 12600000	 13300000	14
chr13	 17750000	 20350000	52
chr13	 18350000	 17300000	21
chr13	 18550000	 18350000	4
chr13	 19150000	 18350000	16
chr13	 20100000	 20300000	4
chr13	 21200000	 19750000	29
chr13	 26000000	 26450000	9
chr13	 29200000	 27750000	29
chr13	 31350000	 29600000	35
chr13	 32150000	 31600000	11
chr13	 33950000	 33500000	9
chr13	 38250000	 38850000	12
chr13	 39150000	 40050000	18
chr13	 41300000	 44200000	58
chr13	 44650000	 43550000	22
chr13	 47000000	 48400000	28
chr13	 47350000	 45000000	47
chr13	 47800000	 46950000	17
chr13	 51100000	 52250000	23
chr13	 52550000	 54400000	37
chr13	 53800000	 53100000	14
chr13	 54300000	 52550000	35
chr13	 56850000	 56250000	12
chr13	 58450000	 59500000	21
chr13	 60550000	 59450000	22
chr13	 60950000	 62000000	21
chr13	 65000000	 63800000	24
chr13	 66050000	 67350000	26
chr13	 66750000	 69100000	47
chr13	 67450000	 65700000	35
chr13	 68200000	 68900000	14
chr13	 70200000	 69350000	17
chr13	 74000000	 72850000	23
chr13	 78150000	 78650000	10
chr13	 79050000	 81050000	40
chr13	 79600000	 83450000	77
chr13	 81550000	 82750000	24
chr13	 83600000	 82350000	25
chr13	 84350000	 83750000	12
chr13	 87950000	 87350000	12
chr13	 88400000	 87400000	20
chr13	 89250000	 88550000	14
chr13	 89500000	 89000000	10
chr13	 90050000	 91150000	22
chr13	 92450000	 90900000	31
chr13	 93300000	 92850000	9
chr13	 93450000	 97350000	78
chr13	 94300000	 93200000	22
chr13	 98000000	 97500000	10
chr13	101150000	102100000	19
chr13	103100000	103850000	15
chr13	103350000	104100000	15
chr13	104600000	100050000	91
chr13	104750000	104250000	10
chr13	105600000	105250000	7
chr13	110050000	111200000	23
chr13	117600000	118550000	19
chr13	119300000	118150000	23
chr14	  1650000	   500000	23
chr14	  1950000	  2400000	9
chr14	  3450000	  2000000	29
chr14	  8100000	  7050000	21
chr14	  9700000	  8800000	18
chr14	 10600000	  9000000	32
chr14	 12750000	 12150000	12
chr14	 16900000	 16000000	18
chr14	 17050000	 15850000	24
chr14	 17350000	 17950000	12
chr14	 25100000	 25600000	10
chr14	 28000000	 26650000	27
chr14	 28350000	 25800000	51
chr14	 31100000	 32750000	33
chr14	 32650000	 30650000	40
chr14	 37150000	 33450000	74
chr14	 37400000	 38100000	14
chr14	 39050000	 38000000	21
chr14	 40000000	 37450000	51
chr14	 40700000	 40100000	12
chr14	 44300000	 42300000	40
chr14	 48000000	 48850000	17
chr14	 49350000	 48000000	27
chr14	 51000000	 50100000	18
chr14	 54050000	 54700000	13
chr14	 54200000	 53550000	13
chr14	 54950000	 53700000	25
chr14	 55650000	 52400000	65
chr14	 57850000	 59900000	41
chr14	 57900000	 58500000	12
chr14	 59450000	 58500000	19
chr14	 63850000	 65600000	35
chr14	 66400000	 68900000	50
chr14	 67000000	 66400000	12
chr14	 67500000	 67850000	7
chr14	 68700000	 66600000	42
chr14	 68850000	 69650000	16
chr14	 73350000	 74200000	17
chr14	 76000000	 76400000	8
chr14	 77250000	 78950000	34
chr14	 82400000	 81500000	18
chr14	 82750000	 84450000	34
chr14	 84750000	 83250000	30
chr14	 86800000	 85900000	18
chr14	 95550000	 94600000	19
chr14	 97100000	 95750000	27
chr14	 98250000	 99600000	27
chr14	100350000	 99500000	17
chr14	100750000	102300000	31
chr14	106800000	108200000	28
chr14	108300000	110100000	36
chr14	108500000	110200000	34
chr14	109750000	108950000	16
chr14	114200000	113600000	12
chr14	115200000	114600000	12
chr14	115400000	113500000	38
chr14	117750000	119050000	26
chr14	118550000	116650000	38
chr14	119400000	121150000	35
chr14	123800000	124200000	8
chr14	124100000	124650000	11
chr15	   200000	  1150000	19
chr15	  4200000	  3100000	22
chr15	  5350000	  5350000	0
chr15	  6400000	  4350000	41
chr15	 10650000	  9550000	22
chr15	 15500000	 13750000	35
chr15	 16150000	 16550000	8
chr15	 21300000	 20200000	22
chr15	 25650000	 26300000	13
chr15	 26500000	 25400000	22
chr15	 26850000	 28200000	27
chr15	 27650000	 28450000	16
chr15	 29950000	 30850000	18
chr15	 33800000	 35600000	36
chr15	 34500000	 33000000	30
chr15	 35050000	 35350000	6
chr15	 41100000	 41500000	8
chr15	 44350000	 45350000	20
chr15	 44600000	 42900000	34
chr15	 46050000	 45350000	14
chr15	 46800000	 46000000	16
chr15	 47000000	 46450000	11
chr15	 55150000	 56400000	25
chr15	 58000000	 57450000	11
chr15	 60050000	 59350000	14
chr15	 60300000	 61050000	15
chr15	 61400000	 62250000	17
chr15	 61450000	 63250000	36
chr15	 66150000	 64750000	28
chr15	 69000000	 69000000	0
chr15	 69900000	 69400000	10
chr15	 72450000	 74350000	38
chr15	 73700000	 73950000	5
chr15	 74850000	 75600000	15
chr15	 76750000	 77850000	22
chr15	 77050000	 77950000	18
chr15	 77300000	 74950000	47
chr15	 78000000	 76350000	33
chr15	 78650000	 81400000	55
chr15	 82850000	 83950000	22
chr15	 85350000	 84700000	13
chr15	 88900000	 90000000	22
chr15	 90500000	 89300000	24
chr15	 93950000	 94350000	8
chr15	 94500000	 93650000	17
chr15	 95950000	 95650000	6
chr15	 97850000	 97200000	13
chr15	 98250000	 96500000	35
chr15	 98250000	 98650000	8
chr15	 99850000	101850000	40
chr15	102600000	101150000	29
chr15	103150000	104000000	17
chr16	  4250000	  3750000	10
chr16	  5350000	  4100000	25
chr16	 11600000	  9650000	39
chr16	 12900000	 13850000	19
chr16	 13050000	 11750000	26
chr16	 13550000	 12300000	25
chr16	 14000000	 11950000	41
chr16	 14700000	 12250000	49
chr16	 14900000	 15700000	16
chr16	 16350000	 14950000	28
chr16	 16850000	 16250000	12
chr16	 21000000	 19950000	21
chr16	 21250000	 20500000	15
chr16	 21250000	 22450000	24
chr16	 24550000	 25400000	17
chr16	 26300000	 26900000	12
chr16	 26550000	 24750000	36
chr16	 26800000	 28200000	28
chr16	 27200000	 26150000	21
chr16	 33050000	 32550000	10
chr16	 33250000	 32250000	20
chr16	 38450000	 39850000	28
chr16	 45050000	 44100000	19
chr16	 45350000	 44200000	23
chr16	 45900000	 47200000	26
chr16	 46850000	 44600000	45
chr16	 47350000	 48450000	22
chr16	 49550000	 51750000	44
chr16	 51150000	 49950000	24
chr16	 53250000	 54650000	28
chr16	 53400000	 54900000	30
chr16	 53650000	 54350000	14
chr16	 59500000	 62450000	59
chr16	 59800000	 58800000	20
chr16	 61050000	 59650000	28
chr16	 61200000	 60300000	18
chr16	 62050000	 62800000	15
chr16	 63100000	 62600000	10
chr16	 63450000	 61200000	45
chr16	 64450000	 62600000	37
chr16	 64800000	 63750000	21
chr16	 66900000	 68300000	28
chr16	 67600000	 68400000	16
chr16	 68700000	 69150000	9
chr16	 71100000	 69400000	34
chr16	 71300000	 72250000	19
chr16	 72550000	 73550000	20
chr16	 72750000	 73750000	20
chr16	 73250000	 75350000	42
chr16	 73300000	 74800000	30
chr16	 76050000	 73850000	44
chr16	 83650000	 81800000	37
chr16	 84800000	 85400000	12
chr16	 91650000	 92000000	7
chr16	 93050000	 93700000	13
chr17	   350000	  1050000	14
chr17	  3550000	  5000000	29
chr17	  4050000	  3800000	5
chr17	  5800000	  4950000	17
chr17	  7300000	  6650000	13
chr17	  9900000	  8950000	19
chr17	 10250000	 11200000	19
chr17	 11000000	 12150000	23
chr17	 12650000	 10850000	36
chr17	 14000000	 12850000	23
chr17	 14200000	 11950000	45
chr17	 22000000	 23000000	20
chr17	 22350000	 21800000	11
chr17	 22700000	 23550000	17
chr17	 23300000	 21600000	34
chr17	 24400000	 22450000	39
chr17	 27600000	 26350000	25
chr17	 31400000	 32200000	16
chr17	 32450000	 33700000	25
chr17	 33750000	 34400000	13
chr17	 34200000	 33450000	15
chr17	 36100000	 37100000	20
chr17	 37750000	 39400000	33
chr17	 40100000	 41250000	23
chr17	 42800000	 44450000	33
chr17	 43100000	 41450000	33
chr17	 46400000	 47500000	22
chr17	 47450000	 46500000	19
chr17	 48400000	 48850000	9
chr17	 52350000	 50100000	45
chr17	 54050000	 54450000	8
chr17	 56100000	 56850000	15
chr17	 56900000	 57750000	17
chr17	 59200000	 61850000	53
chr17	 60000000	 61700000	34
chr17	 60050000	 59150000	18
chr17	 60500000	 59600000	18
chr17	 61150000	 62450000	26
chr17	 65250000	 63900000	27
chr17	 67900000	 69650000	35
chr17	 74100000	 72600000	30
chr17	 74350000	 73950000	8
chr17	 77050000	 78100000	21
chr17	 77850000	 78550000	14
chr17	 78050000	 77200000	17
chr17	 80550000	 79950000	12
chr17	 82250000	 82650000	8
chr17	 82850000	 83950000	22
chr17	 83850000	 85300000	29
chr17	 86000000	 86750000	15
chr17	 89000000	 89250000	5
chr17	 90000000	 88050000	39
chr17	 91900000	 92700000	16
chr17	 94050000	 91600000	49
chr17	 94100000	 93300000	16
chr17	 94150000	 94550000	8
chr18	   800000	  1650000	17
chr18	  2200000	  1650000	11
chr18	  4250000	  2700000	31
chr18	  6350000	  7550000	24
chr18	  7200000	  6050000	23
chr18	  8200000	  6150000	41
chr18	 10050000	  8850000	24
chr18	 10900000	 11900000	20
chr18	 12050000	 10000000	41
chr18	 12550000	 11650000	18
chr18	 13800000	 12550000	25
chr18	 13900000	 14650000	15
chr18	 14300000	 13200000	22
chr18	 22650000	 23050000	8
chr18	 24100000	 25000000	18
chr18	 24400000	 23000000	28
chr18	 25900000	 24800000	22
chr18	 29400000	 31000000	32
chr18	 34100000	 32500000	32
chr18	 36000000	 36000000	0
chr18	 45350000	 44950000	8
chr18	 46600000	 48350000	35
chr18	 47650000	 46950000	14
chr18	 47850000	 47150000	14
chr18	 50150000	 51550000	28
chr18	 51350000	 50400000	19
chr18	 55150000	 57350000	44
chr18	 56000000	 55350000	13
chr18	 56500000	 54800000	34
chr18	 58750000	 58250000	10
chr18	 59800000	 60800000	20
chr18	 60050000	 59850000	4
chr18	 63300000	 61700000	32
chr18	 64150000	 62100000	41
chr18	 64450000	 67450000	60
chr18	 65800000	 66400000	12
chr18	 66400000	 67900000	30
chr18	 70700000	 71500000	16
chr18	 72050000	 72550000	10
chr18	 72350000	 71350000	20
chr18	 72750000	 71550000	24
chr18	 73450000	 72350000	22
chr18	 76550000	 77600000	21
chr18	 80000000	 81550000	31
chr18	 81950000	 81200000	15
chr18	 83350000	 85250000	38
chr18	 84200000	 83500000	14
chr18	 86150000	 85900000	5
chr18	 86600000	 85300000	26
chr18	 89750000	 88250000	30
chr19	  1250000	   700000	11
chr19	  3150000	  4400000	25
chr19	  6100000	  5000000	22
chr19	  8350000	  9750000	28
chr19	 12500000	 14600000	42
chr19	 19300000	 18700000	12
chr19	 20800000	 23000000	44
chr19	 21300000	 20250000	21
chr19	 22350000	 23100000	15
chr19	 22600000	 23800000	24
chr19	 23450000	 21750000	34
chr19	 23950000	 22600000	27
chr19	 31250000	 30000000	25
chr19	 31300000	 29550000	35
chr19	 31950000	 32900000	19
chr19	 32400000	 31700000	14
chr19	 36250000	 35100000	23
chr19	 38300000	 39300000	20
chr19	 39400000	 40250000	17
chr19	 40200000	 41400000	24
chr19	 42350000	 43450000	22
chr19	 45650000	 45250000	8
chr19	 45800000	 47650000	37
chr19	 49200000	 48400000	16
chr19	 49200000	 50450000	25
chr19	 50150000	 52650000	50
chr19	 51450000	 50850000	12
chr19	 57050000	 56350000	14
chr19	 57100000	 55700000	28
chr2	  1250000	  1550000	6
chr2	  3050000	  4400000	27
chr2	  4150000	  2100000	41
chr2	  4200000	  3300000	18
chr2	  6950000	  6300000	13
chr2	  7600000	  9650000	41
chr2	 11300000	 10200000	22
chr2	 11500000	 10750000	15
chr2	 13950000	 14250000	6
chr2	 15200000	 16000000	16
chr2	 16250000	 15050000	24
chr2	 19450000	 18800000	13
chr2	 20700000	 19700000	20
chr2	 21850000	 19750000	42
chr2	 22050000	 23500000	29
chr2	 22850000	 23850000	20
chr2	 34750000	 33500000	25
chr2	 36950000	 38500000	31
chr2	 37300000	 38000000	14
chr2	 39150000	 38250000	18
chr2	 42800000	 42100000	14
chr2	 45350000	 44550000	16
chr2	 48500000	 49350000	17
chr2	 50400000	 51500000	22
chr2	 56750000	 56000000	15
chr2	 57800000	 59350000	31
chr2	 64450000	 65500000	21
chr2	 75300000	 75750000	9
chr2	 78750000	 77550000	24
chr2	 79600000	 77950000	33
chr2	 79800000	 78250000	31
chr2	 80450000	 79100000	27
chr2	 82900000	 83400000	10
chr2	 83250000	 84400000	23
chr2	 83750000	 84450000	14
chr2	 84650000	 82150000	50
chr2	 87250000	 87050000	4
chr2	 87400000	 88000000	12
chr2	 88650000	 88900000	5
chr2	 89700000	 87950000	35
chr2	 89700000	 90800000	22
chr2	 93900000	 91500000	48
chr2	 94050000	 91150000	58
chr2	 95350000	 93750000	32
chr2	 96850000	 97500000	13
chr2	 96900000	 98100000	24
chr2	101600000	103800000	44
chr2	101800000	100700000	22
chr2	106100000	106100000	0
chr2	108600000	107500000	22
chr2	108800000	109350000	11
chr2	110300000	111100000	16
chr2	112100000	111800000	6
chr2	113550000	112900000	13
chr2	113800000	113250000	11
chr2	116250000	117650000	28
chr2	116800000	116200000	12
chr2	122450000	121100000	27
chr2	122700000	122150000	11
chr2	127300000	128450000	23
chr2	133250000	132500000	15
chr2	133350000	134850000	30
chr2	133950000	135900000	39
chr2	137250000	138600000	27
chr2	138200000	138350000	3
chr2	140400000	141400000	20
chr2	141500000	139800000	34
chr2	141900000	142600000	14
chr2	142400000	144800000	48
chr2	145250000	143650000	32
chr2	147450000	145900000	31
chr2	150150000	151750000	32
chr2	156500000	155150000	27
chr2	156500000	155750000	15
chr2	156550000	154600000	39
chr2	158850000	158000000	17
chr2	159450000	159450000	0
chr2	160250000	160600000	7
chr2	160350000	158650000	34
chr2	162500000	161450000	21
chr2	162600000	163300000	14
chr2	163500000	161200000	46
chr2	163800000	164650000	17
chr2	163850000	165850000	40
chr2	165150000	166400000	25
chr2	166050000	163700000	47
chr2	166200000	165650000	11
chr2	167450000	167000000	9
chr2	169850000	169950000	2
chr2	177000000	177350000	7
chr2	179000000	180050000	21
chr2	180050000	181650000	32
chr2	180200000	179700000	10
chr2	180750000	182050000	26
chr2	181700000	181300000	8
chr3	  6750000	  5750000	20
chr3	  6750000	  7850000	22
chr3	  6950000	  8700000	35
chr3	 13500000	 14450000	19
chr3	 15350000	 16300000	19
chr3	 16400000	 15800000	12
chr3	 21950000	 23800000	37
chr3	 23000000	 26050000	61
chr3	 26650000	 29300000	53
chr3	 39800000	 38950000	17
chr3	 39850000	 40700000	17
chr3	 40200000	 41750000	31
chr3	 40650000	 41550000	18
chr3	 41250000	 39750000	30
chr3	 41500000	 42600000	22
chr3	 41800000	 41150000	13
chr3	 44950000	 43900000	21
chr3	 48500000	 47600000	18
chr3	 52700000	 52200000	10
chr3	 54600000	 54950000	7
chr3	 56200000	 54750000	29
chr3	 56500000	 57300000	16
chr3	 57750000	 59100000	27
chr3	 58100000	 56550000	31
chr3	 58550000	 59450000	18
chr3	 61350000	 60500000	17
chr3	 67200000	 65350000	37
chr3	 69650000	 70750000	22
chr3	 71400000	 70350000	21
chr3	 77450000	 76350000	22
chr3	 78300000	 80500000	44
chr3	 79550000	 78700000	17
chr3	 80250000	 79350000	18
chr3	 83350000	 84550000	24
chr3	 83600000	 82300000	26
chr3	 84650000	 84200000	9
chr3	 86650000	 87950000	26
chr3	 89950000	 88950000	20
chr3	 90650000	 91150000	10
chr3	 91350000	 90900000	9
chr3	 91350000	 92000000	13
chr3	 92550000	 93200000	13
chr3	 93350000	 94250000	18
chr3	 94550000	 95550000	20
chr3	 97250000	 97750000	10
chr3	 98750000	 96950000	36
chr3	101650000	105300000	73
chr3	101800000	102950000	23
chr3	102500000	100400000	42
chr3	103050000	103950000	18
chr3	109150000	108200000	19
chr3	109650000	110750000	22
chr3	111900000	112700000	16
chr3	118100000	117250000	17
chr3	119500000	120000000	10
chr3	120050000	122350000	46
chr3	122700000	123900000	24
chr3	124800000	125300000	10
chr3	126900000	128100000	24
chr3	127400000	127950000	11
chr3	128500000	129500000	20
chr3	132700000	132200000	10
chr3	133500000	135150000	33
chr3	133550000	136300000	55
chr3	136200000	134950000	25
chr3	138750000	138000000	15
chr3	140900000	138500000	48
chr3	140900000	143150000	45
chr3	144150000	143300000	17
chr3	146250000	147000000	15
chr3	146350000	145850000	10
chr3	147400000	146700000	14
chr3	152200000	151750000	9
chr3	152700000	153950000	25
chr3	157350000	156700000	13
chr4	  6000000	  5050000	19
chr4	  6700000	  4950000	35
chr4	  7550000	  5800000	35
chr4	  7650000	 10200000	51
chr4	 10300000	 11600000	26
chr4	 10500000	 10000000	10
chr4	 10800000	 11150000	7
chr4	 15000000	 14000000	20
chr4	 17300000	 15900000	28
chr4	 17450000	 16100000	27
chr4	 18550000	 17850000	14
chr4	 21700000	 21200000	10
chr4	 23100000	 22300000	16
chr4	 25100000	 25600000	10
chr4	 28950000	 29800000	17
chr4	 29650000	 29400000	5
chr4	 32000000	 32450000	9
chr4	 33700000	 32750000	19
chr4	 36900000	 38300000	28
chr4	 37900000	 36050000	37
chr4	 38000000	 37200000	16
chr4	 41700000	 43150000	29
chr4	 43100000	 40850000	45
chr4	 46600000	 43900000	54
chr4	 53300000	 54300000	20
chr4	 54500000	 55800000	26
chr4	 57000000	 57600000	12
chr4	 59100000	 59950000	17
chr4	 60400000	 62200000	36
chr4	 65450000	 65200000	5
chr4	 67200000	 68650000	29
chr4	 72350000	 73700000	27
chr4	 74500000	 78000000	70
chr4	 76200000	 75800000	8
chr4	 77450000	 78950000	30
chr4	 81850000	 82200000	7
chr4	 83850000	 83100000	15
chr4	 84950000	 85350000	8
chr4	 85050000	 84300000	15
chr4	 86300000	 84800000	30
chr4	 91600000	 90750000	17
chr4	 92800000	 94000000	24
chr4	 96000000	 97300000	26
chr4	 98400000	 97600000	16
chr4	101250000	 99500000	35
chr4	107200000	106750000	9
chr4	107750000	108800000	21
chr4	108350000	111950000	72
chr4	109150000	108350000	16
chr4	109600000	110700000	22
chr4	109650000	111700000	41
chr4	109950000	109000000	19
chr4	111550000	113000000	29
chr4	112250000	114750000	50
chr4	112950000	113400000	9
chr4	116700000	115750000	19
chr4	117250000	118450000	24
chr4	119350000	120400000	21
chr4	119750000	119250000	10
chr4	119800000	118900000	18
chr4	121400000	121800000	8
chr4	122600000	121550000	21
chr4	131350000	129950000	28
chr4	131750000	130550000	24
chr4	132850000	133750000	18
chr4	135600000	135850000	5
chr4	137400000	137950000	11
chr4	138550000	136100000	49
chr4	140200000	139700000	10
chr4	140800000	142300000	30
chr4	145150000	146950000	36
chr4	145200000	146000000	16
chr4	145850000	148150000	46
chr4	146250000	147000000	15
chr4	149700000	151200000	30
chr4	150400000	149200000	24
chr4	150700000	151050000	7
chr4	152250000	153050000	16
chr4	153000000	153700000	14
chr5	  1000000	  2850000	37
chr5	  1050000	  1400000	7
chr5	  2450000	  1250000	24
chr5	  4300000	  6000000	34
chr5	  4550000	  6450000	38
chr5	  6900000	  6250000	13
chr5	  8800000	  9650000	17
chr5	 11250000	 10750000	10
chr5	 14250000	 13500000	15
chr5	 16350000	 17750000	28
chr5	 16950000	 16300000	13
chr5	 17550000	 19300000	35
chr5	 20650000	 21400000	15
chr5	 22150000	 21100000	21
chr5	 23250000	 24450000	24
chr5	 25100000	 24750000	7
chr5	 26150000	 25500000	13
chr5	 34250000	 33850000	8
chr5	 34500000	 33350000	23
chr5	 34950000	 36350000	28
chr5	 36050000	 35150000	18
chr5	 39000000	 38450000	11
chr5	 39050000	 39800000	15
chr5	 39700000	 41300000	32
chr5	 42750000	 44700000	39
chr5	 43800000	 43000000	16
chr5	 46150000	 45500000	13
chr5	 47800000	 45200000	52
chr5	 49400000	 48550000	17
chr5	 50850000	 51600000	15
chr5	 52800000	 50950000	37
chr5	 52850000	 53800000	19
chr5	 58400000	 59400000	20
chr5	 64500000	 63650000	17
chr5	 65050000	 63950000	22
chr5	 65350000	 64950000	8
chr5	 68850000	 67400000	29
chr5	 69950000	 71050000	22
chr5	 75950000	 74850000	22
chr5	 76050000	 75250000	16
chr5	 76200000	 78150000	39
chr5	 77150000	 75850000	26
chr5	 77150000	 77700000	11
chr5	 77700000	 79400000	34
chr5	 79050000	 79800000	15
chr5	 79650000	 78750000	18
chr5	 83450000	 84350000	18
chr5	 85500000	 84450000	21
chr5	 88500000	 85900000	52
chr5	 91350000	 90650000	14
chr5	 93300000	 91650000	33
chr5	 94400000	 96050000	33
chr5	 97500000	 95100000	48
chr5	104950000	104200000	15
chr5	104950000	106600000	33
chr5	105850000	106800000	19
chr5	113150000	111550000	32
chr5	113550000	114700000	23
chr5	114550000	113250000	26
chr5	116350000	115350000	20
chr5	117400000	116550000	17
chr5	118100000	117650000	9
chr5	118150000	119250000	22
chr5	118450000	117800000	13
chr5	119500000	120700000	24
chr5	119900000	121350000	29
chr5	120100000	122750000	53
chr5	122150000	121050000	22
chr5	124900000	125950000	21
chr5	126450000	125800000	13
chr5	130300000	129850000	9
chr5	131400000	132300000	18
chr5	132200000	133250000	21
chr5	132550000	131300000	25
chr5	134400000	133250000	23
chr5	134600000	133950000	13
chr5	135500000	133250000	45
chr5	138000000	139650000	33
chr5	139000000	138300000	14
chr5	142900000	144100000	24
chr5	145100000	144400000	14
chr5	145800000	143800000	40
chr5	147800000	146200000	32
chr5	148350000	148900000	11
chr5	149200000	150600000	28
chr5	151250000	150900000	7
chr6	  1350000	  2150000	16
chr6	  3000000	  2000000	20
chr6	  8600000	  7900000	14
chr6	 11100000	 10100000	20
chr6	 11350000	  9650000	34
chr6	 12950000	 11150000	36
chr6	 13900000	 14950000	21
chr6	 14800000	 16850000	41
chr6	 14850000	 13600000	25
chr6	 18150000	 17400000	15
chr6	 25100000	 27300000	44
chr6	 26700000	 25300000	28
chr6	 34850000	 35550000	14
chr6	 35550000	 33900000	33
chr6	 36300000	 39700000	68
chr6	 37650000	 36750000	18
chr6	 39950000	 41550000	32
chr6	 41750000	 41750000	0
chr6	 47400000	 46100000	26
chr6	 47400000	 48500000	22
chr6	 47500000	 48900000	28
chr6	 47700000	 45650000	41
chr6	 50150000	 52050000	38
chr6	 50250000	 51050000	16
chr6	 50850000	 49750000	22
chr6	 52600000	 54400000	36
chr6	 54000000	 54850000	17
chr6	 54350000	 52400000	39
chr6	 58450000	 56500000	39
chr6	 59300000	 61200000	38
chr6	 60150000	 60850000	14
chr6	 62250000	 61400000	17
chr6	 65200000	 64650000	11
chr6	 67050000	 66100000	19
chr6	 67700000	 69300000	32
chr6	 72200000	 74500000	46
chr6	 72650000	 71900000	15
chr6	 73950000	 75600000	33
chr6	 75150000	 75700000	11
chr6	 75150000	 78000000	57
chr6	 75850000	 76600000	15
chr6	 77950000	 79000000	21
chr6	 79200000	 78300000	18
chr6	 79950000	 79300000	13
chr6	 82200000	 83650000	29
chr6	 82600000	 83150000	11
chr6	 83250000	 84400000	23
chr6	 83700000	 81750000	39
chr6	 85150000	 82600000	51
chr6	 86850000	 87550000	14
chr6	 87200000	 86750000	9
chr6	 87350000	 89250000	38
chr6	 87800000	 89100000	26
chr6	 89050000	 87350000	34
chr6	 91150000	 87800000	67
chr6	 91950000	 91450000	10
chr6	 96850000	 98200000	27
chr6	 98050000	100500000	49
chr6	 99650000	 98700000	19
chr6	103100000	104300000	24
chr6	109900000	110350000	9
chr6	109950000	109200000	15
chr6	112950000	114300000	27
chr6	115350000	115000000	7
chr6	115600000	115050000	11
chr6	115750000	117750000	40
chr6	115950000	113850000	42
chr6	118950000	119750000	16
chr6	119750000	120550000	16
chr6	120150000	120850000	14
chr6	122450000	123350000	18
chr6	125600000	122900000	54
chr6	127100000	127700000	12
chr6	128900000	130150000	25
chr6	128950000	129350000	8
chr6	135050000	135800000	15
chr6	139000000	138450000	11
chr6	140250000	139200000	21
chr6	143150000	143550000	8
chr6	144150000	145150000	20
chr6	145950000	145600000	7
chr6	147450000	146700000	15
chr6	147550000	148950000	28
chr7	  2600000	  2000000	12
chr7	  3200000	  1300000	38
chr7	  3400000	  3950000	11
chr7	  4600000	  1750000	57
chr7	  6800000	  7450000	13
chr7	  7000000	  6350000	13
chr7	  7000000	  8900000	38
chr7	  7700000	  6850000	17
chr7	  9500000	  6300000	64
chr7	 15500000	 15000000	10
chr7	 20250000	 18650000	32
chr7	 21050000	 22350000	26
chr7	 25250000	 25950000	14
chr7	 26400000	 25950000	9
chr7	 27650000	 26950000	14
chr7	 31600000	 32750000	23
chr7	 33000000	 31650000	27
chr7	 34650000	 36100000	29
chr7	 37750000	 38600000	17
chr7	 40000000	 41250000	25
chr7	 40300000	 41450000	23
chr7	 43850000	 42350000	30
chr7	 46350000	 48500000	43
chr7	 47100000	 48150000	21
chr7	 48300000	 47750000	11
chr7	 50500000	 51100000	12
chr7	 50850000	 51300000	9
chr7	 51200000	 55850000	93
chr7	 51950000	 51450000	10
chr7	 54800000	 54050000	15
chr7	 59450000	 61600000	43
chr7	 61300000	 61100000	4
chr7	 62500000	 60800000	34
chr7	 62700000	 62100000	12
chr7	 65200000	 66850000	33
chr7	 76500000	 75050000	29
chr7	 76650000	 79000000	47
chr7	 80650000	 81700000	21
chr7	 82850000	 83750000	18
chr7	 83650000	 86350000	54
chr7	 84100000	 83350000	15
chr7	 87600000	 89000000	28
chr7	 90350000	 89750000	12
chr7	 91600000	 89750000	37
chr7	 92600000	 93250000	13
chr7	 92750000	 94450000	34
chr7	 97200000	 96750000	9
chr7	100500000	 99600000	18
chr7	104450000	103450000	20
chr7	106300000	103550000	55
chr7	107300000	108100000	16
chr7	107500000	106900000	12
chr7	113250000	114700000	29
chr7	114850000	116150000	26
chr7	116050000	115200000	17
chr7	116100000	118850000	55
chr7	118100000	117750000	7
chr7	120300000	119650000	13
chr7	127350000	127000000	7
chr7	129500000	128700000	16
chr7	129700000	128050000	33
chr7	134950000	136250000	26
chr7	138350000	136750000	32
chr7	138500000	137600000	18
chr7	139950000	138850000	22
chr8	  2750000	  3550000	16
chr8	  8400000	  9650000	25
chr8	 12500000	 13700000	24
chr8	 13100000	 12400000	14
chr8	 15300000	 16450000	23
chr8	 17550000	 16950000	12
chr8	 18650000	 16850000	36
chr8	 19400000	 18600000	16
chr8	 20800000	 19800000	20
chr8	 22000000	 22000000	0
chr8	 23000000	 22000000	20
chr8	 24000000	 22300000	34
chr8	 25300000	 23650000	33
chr8	 28100000	 29600000	30
chr8	 28950000	 30450000	30
chr8	 30250000	 31400000	23
chr8	 33650000	 32850000	16
chr8	 34050000	 33050000	20
chr8	 36750000	 38200000	29
chr8	 36800000	 35950000	17
chr8	 36950000	 38000000	21
chr8	 40700000	 41900000	24
chr8	 44450000	 43100000	27
chr8	 47200000	 45650000	31
chr8	 47300000	 46050000	25
chr8	 47450000	 47800000	7
chr8	 55400000	 53700000	34
chr8	 58400000	 58100000	6
chr8	 59000000	 58450000	11
chr8	 61350000	 59400000	39
chr8	 62400000	 63300000	18
chr8	 66200000	 65600000	12
chr8	 70400000	 70700000	6
chr8	 70750000	 68500000	45
chr8	 74250000	 71950000	46
chr8	 76150000	 76900000	15
chr8	 77650000	 78900000	25
chr8	 81800000	 81050000	15
chr8	 82150000	 80300000	37
chr8	 85950000	 87450000	30
chr8	 88050000	 86650000	28
chr8	 89400000	 87850000	31
chr8	 90000000	 88600000	28
chr8	 90900000	 90600000	6
chr8	 93700000	 94700000	20
chr8	101250000	102350000	22
chr8	102650000	101800000	17
chr8	102700000	100400000	46
chr8	102900000	101800000	22
chr8	104950000	103900000	21
chr8	110850000	108950000	38
chr8	111700000	112700000	20
chr8	112100000	111550000	11
chr8	114100000	112900000	24
chr8	117200000	118050000	17
chr8	121100000	124850000	75
chr8	124650000	122250000	48
chr8	125600000	127000000	28
chr8	126350000	127600000	25
chr8	127950000	126900000	21
chr8	128600000	128600000	0
chr9	  3600000	  4400000	16
chr9	  4900000	  3800000	22
chr9	  5400000	  4950000	9
chr9	 15750000	 14950000	16
chr9	 21050000	 21950000	18
chr9	 22050000	 20450000	32
chr9	 22100000	 22350000	5
chr9	 26450000	 27300000	17
chr9	 33650000	 34900000	25
chr9	 38000000	 38550000	11
chr9	 40150000	 41950000	36
chr9	 40350000	 39350000	20
chr9	 43800000	 45450000	33
chr9	 43950000	 45100000	23
chr9	 47050000	 46000000	21
chr9	 47450000	 46700000	15
chr9	 48050000	 47400000	13
chr9	 55300000	 54100000	24
chr9	 57200000	 58300000	22
chr9	 57700000	 57200000	10
chr9	 60200000	 61650000	29
chr9	 60500000	 59850000	13
chr9	 60650000	 61650000	20
chr9	 61500000	 61950000	9
chr9	 62750000	 61950000	16
chr9	 65900000	 64650000	25
chr9	 68300000	 67750000	11
chr9	 70700000	 71100000	8
chr9	 71250000	 70150000	22
chr9	 74100000	 74300000	4
chr9	 78400000	 77400000	20
chr9	 79000000	 82350000	67
chr9	 80250000	 83200000	59
chr9	 83000000	 83550000	11
chr9	 84350000	 83050000	26
chr9	 87350000	 86000000	27
chr9	 89650000	 89050000	12
chr9	 91600000	 90900000	14
chr9	 92500000	 92200000	6
chr9	 93600000	 91600000	40
chr9	 98100000	 97400000	14
chr9	 98600000	 97800000	16
chr9	 98850000	100200000	27
chr9	100700000	 99800000	18
chr9	100850000	100200000	13
chr9	101350000	 99650000	34
chr9	101600000	100900000	14
chr9	103100000	102150000	19
chr9	103750000	103450000	6
chr9	105000000	107800000	56
chr9	106850000	105700000	23
chr9	106900000	107900000	20
chr9	109900000	109400000	10
chr9	113650000	112350000	26
chr9	113850000	113100000	15
chr9	114100000	112950000	23
chr9	119500000	118600000	18
chr9	120550000	121450000	18
chrX	   250000	   800000	11
chrX	  5450000	  6750000	26
chrX	  7450000	  7750000	6
chrX	  9500000	 11200000	34
chrX	  9750000	  8300000	29
chrX	  9850000	  9100000	15
chrX	 11450000	 12400000	19
chrX	 12100000	 13650000	31
chrX	 16750000	 17400000	13
chrX	 17200000	 16900000	6
chrX	 17650000	 18350000	14
chrX	 18050000	 17350000	14
chrX	 22150000	 21450000	14
chrX	 25800000	 27600000	36
chrX	 26500000	 26000000	10
chrX	 27850000	 26250000	32
chrX	 28600000	 29250000	13
chrX	 29850000	 30700000	17
chrX	 30600000	 32200000	32
chrX	 32350000	 29850000	50
chrX	 32650000	 31350000	26
chrX	 33050000	 29500000	71
chrX	 34150000	 32400000	35
chrX	 34650000	 36200000	31
chrX	 37600000	 36650000	19
chrX	 40000000	 40450000	9
chrX	 44000000	 43600000	8
chrX	 44450000	 45000000	11
chrX	 44850000	 45200000	7
chrX	 47150000	 46400000	15
chrX	 48150000	 46950000	24
chrX	 49400000	 48750000	13
chrX	 52400000	 54300000	38
chrX	 54150000	 53300000	17
chrX	 62850000	 62100000	15
chrX	 64550000	 65800000	25
chrX	 65250000	 67650000	48
chrX	 65900000	 65450000	9
chrX	 67450000	 68650000	24
chrX	 67750000	 68400000	13
chrX	 73750000	 75850000	42
chrX	 77400000	 77950000	11
chrX	 79950000	 79950000	0
chrX	 82100000	 81000000	22
chrX	 82800000	 82250000	11
chrX	 85700000	 87650000	39
chrX	 89500000	 88450000	21
chrX	 93400000	 94150000	15
chrX	 94000000	 94500000	10
chrX	 95650000	 97000000	27
chrX	 95700000	 96450000	15
chrX	 97150000	 96150000	20
chrX	 99400000	100100000	14
chrX	101200000	100000000	24
chrX	101800000	100600000	24
chrX	103100000	104750000	33
chrX	103650000	101550000	42
chrX	104750000	104000000	15
chrX	105350000	106600000	25
chrX	106600000	106800000	4
chrX	114800000	116300000	30
chrX	115300000	112500000	56
chrX	116350000	117400000	21
chrX	116450000	114500000	39
chrX	116700000	115850000	17
chrX	117150000	115750000	28
chrX	118000000	118550000	11
chrX	121100000	120250000	17
chrX	121200000	121900000	14
chrX	127050000	125750000	26
chrX	127250000	130200000	59
chrX	130050000	131200000	23
chrX	130400000	129450000	19
chrX	130750000	129300000	29
chrX	131650000	130900000	15
chrX	131800000	132500000	14
chrX	133200000	133800000	12
chrX	135550000	135950000	8
chrX	136150000	136850000	14
chrX	136300000	137850000	31
chrX	137850000	137250000	12
chrX	138450000	137250000	24
chrX	141150000	140200000	19
chrX	143300000	142650000	13
chrX	143700000	141550000	43
chrX	143700000	146150000	49
chrX	149300000	147850000	29
chrX	150600000	152200000	32
chrX	158450000	159000000	11
chrX	161150000	161950000	16
chrX	162150000	163450000	26
chrX	166150000	165800000	7
chrX	167650000	169300000	33
chrX	168400000	169900000	30
chrX	168950000	168050000	18
chrY	  3000000	  1100000	38
chrY	  4800000	  3500000	26
chrY	  5300000	  7450000	43
chrY	  6050000	  4800000	25
chrY	  8700000	  7300000	28
chrY	 12300000	 11300000	20
chrY	 13800000	 14500000	14
chrY	 19250000	 19950000	14
chrY	 23150000	 24950000	36
chrY	 29900000	 32100000	44
chrY	 30900000	 32700000	36
chrY	 31300000	 29500000	36
chrY	 32600000	 31750000	17
chrY	 33700000	 34750000	21
chrY	 35600000	 35900000	6
chrY	 38900000	 37600000	26
chrY	 40450000	 41900000	29
chrY	 41150000	 41750000	12
chrY	 41850000	 43250000	28
chrY	 42150000	 43500000	27
chrY	 42850000	 42450000	8
chrY	 44400000	 45550000	23
chrY	 45650000	 41050000	92
chrY	 46250000	 45300000	19
chrY	 48000000	 49050000	21
chrY	 49000000	 49500000	10
chrY	 50250000	 52400000	43
chrY	 54950000	 54650000	6
chrY	 56150000	 56450000	6
chrY	 58600000	 57750000	17
chrY	 58600000	 60250000	33
chrY	 58650000	 57750000	18
chrY	 60500000	 60950000	9
chrY	 62750000	 63350000	12
chrY	 62900000	 61350000	31
chrY	 63250000	 66350000	62
chrY	 65650000	 66500000	17
chrY	 68450000	 67100000	27
chrY	 73700000	 72050000	33
chrY	 75200000	 74300000	18
chrY	 76200000	 77200000	20
chrY	 77600000	 80200000	52
chrY	 79200000	 78200000	20
chrY	 79750000	 79300000	9
chrY	 80700000	 80400000	6
chrY	 81550000	 82200000	13
chrY	 81700000	 82400000	14
chrY	 87950000	 89750000	36
chrY	 88050000	 87100000	19
chrY	 90250000	 89350000	18
chrY	 90300000	 90650000	7
chrY	 91650000	 91250000	8
