chr1	   350000	  1750000	28
chr1	  3050000	  2000000	21
chr1	  5550000	  4250000	26
chr1	  7350000	  8450000	22
chr1	 10850000	  9850000	20
chr1	 12300000	 11900000	8
chr1	 14550000	 13100000	29
chr1	 26500000	 25100000	28
chr1	 27150000	 26650000	10
chr1	 36000000	 35100000	18
chr1	 37550000	 38650000	22
chr1	 37700000	 38700000	20
chr1	 37750000	 36650000	22
chr1	 38600000	 40600000	40
chr1	 39600000	 39000000	12
chr1	 40300000	 41650000	27
chr1	 41100000	 43350000	45
chr1	 43100000	 42300000	16
chr1	 43550000	 44350000	16
chr1	 44450000	 45650000	24
chr1	 49500000	 49100000	8
chr1	 50700000	 49600000	22
chr1	 53300000	 52050000	25
chr1	 54600000	 53950000	13
chr1	 54850000	 54400000	9
chr1	 54900000	 56050000	23
chr1	 55300000	 54200000	22
chr1	 55600000	 55100000	10
chr1	 57900000	 57050000	17
chr1	 58550000	 58800000	5
chr1	 59600000	 58950000	13
chr1	 60400000	 60800000	8
chr1	 62250000	 61100000	23
chr1	 65600000	 66350000	15
chr1	 67750000	 70500000	55
chr1	 67900000	 65800000	42
chr1	 69700000	 71900000	44
chr1	 70850000	 71950000	22
chr1	 70950000	 71450000	10
chr1	 73250000	 72600000	13
chr1	 73700000	 74500000	16
chr1	 74550000	 75500000	19
chr1	 80100000	 78550000	31
chr1	 80650000	 81950000	26
chr1	 86050000	 84250000	36
chr1	 86800000	 87450000	13
chr1	 87700000	 87150000	11
chr1	 87900000	 87300000	12
chr1	 88900000	 87350000	31
chr1	 89550000	 90800000	25
chr1	 90050000	 88950000	22
chr1	 91400000	 92250000	17
chr1	 91650000	 93250000	32
chr1	 91700000	 91000000	14
chr1	 93000000	 94450000	29
chr1	 93400000	 94400000	20
chr1	 94200000	 94900000	14
chr1	 94300000	 94900000	12
chr1	 94750000	 94000000	15
chr1	 96400000	 95500000	18
chr1	 97900000	 96450000	29
chr1	 99750000	 99100000	13
chr1	101150000	100750000	8
chr1	102450000	101550000	18
chr1	104850000	102800000	41
chr1	105200000	106650000	29
chr1	105900000	107400000	30
chr1	107950000	107800000	3
chr1	111200000	111200000	0
chr1	119700000	120450000	15
chr1	120700000	119950000	15
chr1	124850000	125600000	15
chr1	135150000	136000000	17
chr1	135350000	135950000	12
chr1	138350000	137950000	8
chr1	139200000	137500000	34
chr1	139750000	140350000	12
chr1	140600000	139750000	17
chr1	140800000	138400000	48
chr1	144850000	142800000	41
chr1	145650000	144450000	24
chr1	150000000	149050000	19
chr1	153000000	153650000	13
chr1	155300000	156450000	23
chr1	160850000	160200000	13
chr1	161000000	159350000	33
chr1	165100000	165750000	13
chr1	165950000	167000000	21
chr1	167700000	167200000	10
chr1	169350000	167900000	29
chr1	169950000	168200000	35
chr1	170650000	169300000	27
chr1	172400000	171100000	26
chr1	172400000	173400000	20
chr1	173150000	174500000	27
chr1	175100000	176100000	20
chr1	175250000	176900000	33
chr1	176350000	175450000	18
chr1	178150000	176450000	34
chr1	178350000	175400000	59
chr1	182800000	184600000	36
chr1	186900000	186550000	7
chr1	190650000	189050000	32
chr1	191650000	192600000	19
chr1	193050000	193350000	6
chr1	193150000	192300000	17
chr10	  2450000	  2150000	6
chr10	  4100000	  3050000	21
chr10	  7200000	  7850000	13
chr10	  7700000	  9100000	28
chr10	 11550000	 10700000	17
chr10	 13200000	 13800000	12
chr10	 13700000	 12950000	15
chr10	 14050000	 15300000	25
chr10	 15350000	 14900000	9
chr10	 15950000	 17450000	30
chr10	 16200000	 15250000	19
chr10	 16900000	 16200000	14
chr10	 18750000	 16200000	51
chr10	 18750000	 18050000	14
chr10	 19400000	 18000000	28
chr10	 20350000	 21350000	20
chr10	 20850000	 21200000	7
chr10	 24100000	 22550000	31
chr10	 25000000	 24300000	14
chr10	 25400000	 26050000	13
chr10	 26500000	 26200000	6
chr10	 29150000	 29850000	14
chr10	 31600000	 32850000	25
chr10	 31650000	 32050000	8
chr10	 31800000	 32950000	23
chr10	 32000000	 32700000	14
chr10	 33100000	 34200000	22
chr10	 35500000	 34900000	12
chr10	 36700000	 35450000	25
chr10	 38000000	 36400000	32
chr10	 38150000	 36800000	27
chr10	 39550000	 40650000	22
chr10	 43050000	 41450000	32
chr10	 44300000	 43150000	23
chr10	 45600000	 45000000	12
chr10	 46550000	 45850000	14
chr10	 46750000	 45250000	30
chr10	 49200000	 50550000	27
chr10	 50600000	 49500000	22
chr10	 50750000	 50050000	14
chr10	 51500000	 52700000	24
chr10	 53150000	 51800000	27
chr10	 55800000	 54950000	17
chr10	 61550000	 61050000	10
chr10	 62050000	 62900000	17
chr10	 62200000	 63350000	23
chr10	 62300000	 61050000	25
chr10	 64850000	 67250000	48
chr10	 65400000	 67700000	46
chr10	 67850000	 67500000	7
chr10	 70700000	 68950000	35
chr10	 71700000	 70800000	18
chr10	 73950000	 71450000	50
chr10	 80950000	 81550000	12
chr10	 83450000	 82650000	16
chr10	 88850000	 90250000	28
chr10	 91950000	 90800000	23
chr10	 93300000	 92150000	23
chr10	 94100000	 93000000	22
chr10	 94350000	 93900000	9
chr10	 98250000	 96900000	27
chr10	 98600000	 96350000	45
chr10	102750000	103950000	24
chr10	112000000	110350000	33
chr10	113200000	114750000	31
chr10	114550000	115300000	15
chr10	114550000	115650000	22
chr10	116200000	117800000	32
chr10	118500000	119900000	28
chr10	119750000	118300000	29
chr10	119950000	119550000	8
chr10	120250000	120850000	12
chr10	122350000	120400000	39
chr10	123250000	122400000	17
chr10	124800000	125250000	9
chr10	125350000	124250000	22
chr10	125750000	126700000	19
chr10	126050000	124400000	33
chr10	126500000	125750000	15
chr11	  5450000	  5850000	8
chr11	 10550000	 11250000	14
chr11	 12150000	 11050000	22
chr11	 16500000	 14300000	44
chr11	 17550000	 16250000	26
chr11	 20850000	 17700000	63
chr11	 22500000	 22150000	7
chr11	 23950000	 25600000	33
chr11	 26900000	 25200000	34
chr11	 27350000	 25250000	42
chr11	 33500000	 34350000	17
chr11	 34250000	 35400000	23
chr11	 35000000	 35500000	10
chr11	 36450000	 35450000	20
chr11	 37450000	 36700000	15
chr11	 37500000	 37300000	4
chr11	 39700000	 39700000	0
chr11	 41800000	 42850000	21
chr11	 42700000	 43550000	17
chr11	 47500000	 47950000	9
chr11	 53400000	 54550000	23
chr11	 55100000	 55550000	9
chr11	 55350000	 56000000	13
chr11	 56100000	 55100000	20
chr11	 56300000	 57000000	14
chr11	 56400000	 56800000	8
chr11	 56800000	 54400000	48
chr11	 56950000	 58700000	35
chr11	 57250000	 58750000	30
chr11	 57550000	 58850000	26
chr11	 57650000	 55650000	40
chr11	 58250000	 59400000	23
chr11	 59200000	 58450000	15
chr11	 61300000	 59100000	44
chr11	 62500000	 63900000	28
chr11	 63000000	 67650000	93
chr11	 63600000	 64350000	15
chr11	 67900000	 67150000	15
chr11	 70000000	 70750000	15
chr11	 71750000	 72450000	14
chr11	 74250000	 75450000	24
chr11	 74700000	 73950000	15
chr11	 75300000	 76050000	15
chr11	 79950000	 79000000	19
chr11	 81800000	 81000000	16
chr11	 85400000	 86050000	13
chr11	 86800000	 86400000	8
chr11	 87250000	 89450000	44
chr11	 92150000	 91300000	17
chr11	 94500000	 97050000	51
chr11	 94850000	 98450000	72
chr11	 97200000	 98150000	19
chr11	 97250000	 95650000	32
chr11	 97900000	 98500000	12
chr11	102450000	103050000	12
chr11	107350000	106700000	13
chr11	107900000	109500000	32
chr11	110000000	109400000	12
chr11	112500000	111900000	12
chr11	112750000	111950000	16
chr11	113950000	114450000	10
chr11	117350000	118450000	22
chr11	117550000	120050000	50
chr12	  5900000	  4950000	19
chr12	  6150000	  5150000	20
chr12	  8300000	  9350000	21
chr12	 15100000	 15650000	11
chr12	 23950000	 25300000	27
chr12	 24800000	 25750000	19
chr12	 25900000	 24500000	28
chr12	 26150000	 22650000	70
chr12	 27500000	 27250000	5
chr12	 27550000	 27550000	0
chr12	 28400000	 26150000	45
chr12	 30750000	 29600000	23
chr12	 31650000	 31150000	10
chr12	 34450000	 35600000	23
chr12	 37900000	 38550000	13
chr12	 42250000	 43100000	17
chr12	 42800000	 42600000	4
chr12	 45700000	 47550000	37
chr12	 50200000	 46850000	67
chr12	 50800000	 49600000	24
chr12	 61400000	 60500000	18
chr12	 62150000	 62500000	7
chr12	 67000000	 65450000	31
chr12	 71500000	 69800000	34
chr12	 72400000	 70750000	33
chr12	 72550000	 73650000	22
chr12	 74700000	 73600000	22
chr12	 76150000	 75000000	23
chr12	 77000000	 75400000	32
chr12	 77400000	 75700000	34
chr12	 79650000	 76650000	60
chr12	 79750000	 81700000	39
chr12	 80750000	 77850000	58
chr12	 81000000	 80450000	11
chr12	 81750000	 80050000	34
chr12	 81800000	 82800000	20
chr12	 83550000	 84150000	12
chr12	 86700000	 87500000	16
chr12	 86750000	 88450000	34
chr12	 87750000	 87000000	15
chr12	 89650000	 90950000	26
chr12	 94450000	 96150000	34
chr12	100900000	 99700000	24
chr12	103600000	102750000	17
chr12	104350000	105650000	26
chr12	108900000	109750000	17
chr12	109050000	107600000	29
chr12	109650000	108800000	17
chr12	112700000	113950000	25
chr12	115400000	116900000	30
chr12	116500000	116950000	9
chr12	118050000	117300000	15
chr13	  2500000	  3650000	23
chr13	  8250000	  6550000	34
chr13	  9700000	 10400000	14
chr13	 10450000	 10050000	8
chr13	 11850000	 10550000	26
chr13	 12450000	 11050000	28
chr13	 19050000	 18350000	14
chr13	 19150000	 20550000	28
chr13	 20800000	 22350000	31
chr13	 21200000	 20300000	18
chr13	 22750000	 23950000	24
chr13	 23900000	 24900000	20
chr13	 23950000	 25150000	24
chr13	 24050000	 24800000	15
chr13	 29900000	 31450000	31
chr13	 30050000	 29350000	14
chr13	 31600000	 30400000	24
chr13	 32150000	 33400000	25
chr13	 34200000	 32900000	26
chr13	 34550000	 36500000	39
chr13	 40950000	 42100000	23
chr13	 46250000	 45500000	15
chr13	 51500000	 51650000	3
chr13	 54900000	 56700000	36
chr13	 63750000	 60700000	61
chr13	 64100000	 65350000	25
chr13	 66300000	 68300000	40
chr13	 69600000	 69600000	0
chr13	 70150000	 69400000	15
chr13	 70150000	 71650000	30
chr13	 72050000	 72750000	14
chr13	 73900000	 75600000	34
chr13	 75900000	 76800000	18
chr13	 76250000	 76800000	11
chr13	 78550000	 77750000	16
chr13	 80250000	 79700000	11
chr13	 81400000	 82000000	12
chr13	 84300000	 83450000	17
chr13	 84950000	 85850000	18
chr13	 85450000	 84950000	10
chr13	 86300000	 86800000	10
chr13	 88750000	 87900000	17
chr13	 91750000	 92950000	24
chr13	 91950000	 94850000	58
chr13	 93800000	 94700000	18
chr13	 94000000	 92750000	25
chr13	100000000	100550000	11
chr13	100400000	 98950000	29
chr13	100900000	100100000	16
chr13	100950000	102550000	32
chr13	101250000	103500000	45
chr13	105100000	105600000	10
chr13	107100000	106100000	20
chr13	110900000	109200000	34
chr13	112000000	112550000	11
chr13	114150000	112550000	32
chr13	115050000	115600000	11
chr13	119550000	118800000	15
chr14	  1300000	  3100000	36
chr14	  4600000	  5250000	13
chr14	  5200000	  2250000	59
chr14	  5250000	  6650000	28
chr14	  6450000	  5200000	25
chr14	  8600000	  9450000	17
chr14	 14500000	 15400000	18
chr14	 15450000	 16600000	23
chr14	 16150000	 15850000	6
chr14	 18200000	 15800000	48
chr14	 18250000	 17250000	20
chr14	 22650000	 21850000	16
chr14	 24450000	 25400000	19
chr14	 24550000	 24100000	9
chr14	 28600000	 29750000	23
chr14	 32700000	 31350000	27
chr14	 33150000	 32150000	20
chr14	 45000000	 45650000	13
chr14	 46950000	 49400000	49
chr14	 48800000	 46750000	41
chr14	 49650000	 47750000	38
chr14	 50350000	 51950000	32
chr14	 56650000	 57650000	20
chr14	 61650000	 63150000	30
chr14	 64800000	 67400000	52
chr14	 66150000	 67100000	19
chr14	 66250000	 67250000	20
chr14	 66700000	 65450000	25
chr14	 69850000	 67550000	46
chr14	 69900000	 68650000	25
chr14	 70650000	 69900000	15
chr14	 74600000	 74050000	11
chr14	 75150000	 74700000	9
chr14	 80000000	 81800000	36
chr14	 80400000	 79500000	18
chr14	 80900000	 80500000	8
chr14	 82450000	 82150000	6
chr14	 82900000	 83950000	21
chr14	 83650000	 81200000	49
chr14	 84650000	 85300000	13
chr14	 85250000	 83600000	33
chr14	 86050000	 85150000	18
chr14	 88300000	 87500000	16
chr14	 90300000	 91000000	14
chr14	 90850000	 89400000	29
chr14	 98450000	 98150000	6
chr14	109900000	109900000	0
chr14	114750000	113950000	16
chr14	120400000	122650000	45
chr14	120500000	119250000	25
chr14	122800000	121900000	18
chr14	123350000	124150000	16
chr14	124050000	124300000	5
chr15	  1100000	    50000	21
chr15	  1850000	   850000	20
chr15	  2850000	  1750000	22
chr15	  5400000	  5050000	7
chr15	  9300000	  7200000	42
chr15	  9400000	  8750000	13
chr15	 11750000	 10950000	16
chr15	 14150000	 13450000	14
chr15	 14450000	 15550000	22
chr15	 16300000	 16900000	12
chr15	 17200000	 16450000	15
chr15	 17650000	 19350000	34
chr15	 18550000	 17250000	26
chr15	 23450000	 24700000	25
chr15	 27450000	 26200000	25
chr15	 27650000	 27350000	6
chr15	 30650000	 32050000	28
chr15	 32550000	 31350000	24
chr15	 35400000	 36450000	21
chr15	 37750000	 37100000	13
chr15	 38750000	 38050000	14
chr15	 39300000	 41350000	41
chr15	 39550000	 37800000	35
chr15	 44200000	 44900000	14
chr15	 48300000	 49300000	20
chr15	 49550000	 51600000	41
chr15	 51350000	 50400000	19
chr15	 52050000	 52800000	15
chr15	 56150000	 56800000	13
chr15	 56350000	 57750000	28
chr15	 57050000	 58200000	23
chr15	 57100000	 56550000	11
chr15	 59850000	 59400000	9
chr15	 60150000	 64000000	77
chr15	 61500000	 59650000	37
chr15	 61500000	 62550000	21
chr15	 63100000	 63950000	17
chr15	 64100000	 64450000	7
chr15	 69750000	 69750000	0
chr15	 72150000	 72550000	8
chr15	 76100000	 76650000	11
chr15	 76650000	 77600000	19
chr15	 78050000	 78900000	17
chr15	 81100000	 79700000	28
chr15	 82100000	 82500000	8
chr15	 88600000	 87350000	25
chr15	 88600000	 91050000	49
chr15	 89600000	 91900000	46
chr15	 89650000	 88850000	16
chr15	 92500000	 94100000	32
chr15	 93550000	 93650000	2
chr15	 93750000	 92500000	25
chr15	 94550000	 95650000	22
chr15	 95550000	 94550000	20
chr15	 96050000	 97700000	33
chr15	 98300000	 97450000	17
chr15	 99450000	 98650000	16
chr15	100400000	 99950000	9
chr15	103200000	101950000	25
chr16	  4100000	  4750000	13
chr16	  4650000	  4300000	7
chr16	 11850000	 12750000	18
chr16	 12700000	  9400000	66
chr16	 18400000	 19400000	20
chr16	 20950000	 21950000	20
chr16	 21650000	 22300000	13
chr16	 25000000	 26150000	23
chr16	 26600000	 25550000	21
chr16	 27100000	 27600000	10
chr16	 29150000	 30900000	35
chr16	 30650000	 29200000	29
chr16	 35100000	 36700000	32
chr16	 36950000	 35150000	36
chr16	 39450000	 40950000	30
chr16	 43800000	 44750000	19
chr16	 47300000	 45800000	30
chr16	 50100000	 50700000	12
chr16	 51300000	 52900000	32
chr16	 53100000	 53750000	13
chr16	 55400000	 54400000	20
chr16	 56000000	 55200000	16
chr16	 60150000	 62150000	40
chr16	 61700000	 62700000	20
chr16	 62750000	 61550000	24
chr16	 63900000	 64750000	17
chr16	 68600000	 70050000	29
chr16	 69100000	 68400000	14
chr16	 73500000	 75400000	38
chr16	 76350000	 77300000	19
chr16	 77050000	 75950000	22
chr16	 78800000	 78400000	8
chr16	 81300000	 81800000	10
chr16	 83250000	 86600000	67
chr16	 83450000	 81450000	40
chr16	 84150000	 83400000	15
chr16	 87850000	 91750000	78
chr16	 88800000	 90000000	24
chr16	 89500000	 89850000	7
chr16	 90650000	 93350000	54
chr16	 92900000	 92150000	15
chr16	 93100000	 93900000	16
chr16	 95700000	 94900000	16
chr16	 96350000	 95700000	13
chr17	  6500000	  7700000	24
chr17	  6700000	  5050000	33
chr17	 10750000	  9550000	24
chr17	 13200000	 14450000	25
chr17	 13850000	 12100000	35
chr17	 14300000	 12750000	31
chr17	 15100000	 14450000	13
chr17	 17050000	 21650000	92
chr17	 18400000	 21300000	58
chr17	 18550000	 19350000	16
chr17	 19150000	 18400000	15
chr17	 21100000	 21650000	11
chr17	 24150000	 20900000	65
chr17	 27050000	 26000000	21
chr17	 28850000	 28000000	17
chr17	 29100000	 28600000	10
chr17	 30200000	 28450000	35
chr17	 31250000	 30950000	6
chr17	 33550000	 32400000	23
chr17	 35400000	 36900000	30
chr17	 38700000	 39700000	20
chr17	 41450000	 41900000	9
chr17	 45850000	 46950000	22
chr17	 46400000	 44250000	43
chr17	 46750000	 45450000	26
chr17	 48250000	 46750000	30
chr17	 49300000	 50000000	14
chr17	 49850000	 50200000	7
chr17	 50400000	 49750000	13
chr17	 51700000	 50650000	21
chr17	 52850000	 54050000	24
chr17	 59700000	 61500000	36
chr17	 62000000	 62600000	12
chr17	 62800000	 62300000	10
chr17	 63000000	 64250000	25
chr17	 63100000	 64300000	24
chr17	 63500000	 63700000	4
chr17	 66700000	 66400000	6
chr17	 67900000	 66200000	34
chr17	 72200000	 71700000	10
chr17	 74200000	 71800000	48
chr17	 74600000	 73900000	14
chr17	 80600000	 79750000	17
chr17	 80850000	 79750000	22
chr17	 88200000	 86500000	34
chr17	 88900000	 87850000	21
chr17	 89550000	 88750000	16
chr17	 90800000	 90250000	11
chr17	 92700000	 94500000	36
chr17	 93800000	 94450000	13
chr18	  1600000	   750000	17
chr18	  5100000	  6150000	21
chr18	  5750000	  6750000	20
chr18	 10250000	  9450000	16
chr18	 13550000	 14150000	12
chr18	 15800000	 15200000	12
chr18	 18400000	 15750000	53
chr18	 18500000	 19550000	21
chr18	 18600000	 17900000	14
chr18	 23650000	 24050000	8
chr18	 26700000	 27850000	23
chr18	 29500000	 28900000	12
chr18	 30400000	 31300000	18
chr18	 30800000	 29250000	31
chr18	 31900000	 32350000	9
chr18	 32900000	 31600000	26
chr18	 33950000	 33000000	19
chr18	 34950000	 37300000	47
chr18	 36300000	 37200000	18
chr18	 36550000	 37300000	15
chr18	 37300000	 39350000	41
chr18	 38600000	 37200000	28
chr18	 40100000	 41450000	27
chr18	 42800000	 43450000	13
chr18	 44450000	 43950000	10
chr18	 45800000	 45000000	16
chr18	 51350000	 51050000	6
chr18	 51500000	 52150000	13
chr18	 52200000	 52200000	0
chr18	 52900000	 53250000	7
chr18	 56500000	 56250000	5
chr18	 56700000	 56150000	11
chr18	 57450000	 55050000	48
chr18	 58050000	 57100000	19
chr18	 59600000	 60350000	15
chr18	 61550000	 62950000	28
chr18	 64800000	 66000000	24
chr18	 65400000	 65800000	8
chr18	 70050000	 72050000	40
chr18	 72600000	 74400000	36
chr18	 73350000	 71500000	37
chr18	 73750000	 72900000	17
chr18	 74600000	 75200000	12
chr18	 81400000	 82950000	31
chr18	 81700000	 81000000	14
chr18	 85300000	 87050000	35
chr18	 86900000	 86300000	12
chr18	 87050000	 86350000	14
chr18	 87750000	 86400000	27
chr19	  1150000	  3450000	46
chr19	  1600000	  2650000	21
chr19	  2450000	  1700000	15
chr19	  5700000	  6600000	18
chr19	 12400000	 13150000	15
chr19	 12650000	 11650000	20
chr19	 16700000	 17750000	21
chr19	 22550000	 20300000	45
chr19	 23200000	 22300000	18
chr19	 23750000	 25850000	42
chr19	 31000000	 30350000	13
chr19	 31500000	 30600000	18
chr19	 31950000	 31300000	13
chr19	 35250000	 36150000	18
chr19	 42350000	 42750000	8
chr19	 42650000	 43350000	14
chr19	 43750000	 45000000	25
chr19	 47650000	 46150000	30
chr19	 49750000	 51050000	26
chr19	 51850000	 50800000	21
chr19	 51850000	 52400000	11
chr19	 52400000	 51850000	11
chr19	 53650000	 52350000	26
chr19	 54900000	 54000000	18
chr19	 55250000	 53200000	41
chr19	 56150000	 54250000	38
chr19	 56150000	 58650000	50
chr19	 56450000	 57400000	19
chr19	 57800000	 56600000	24
chr19	 57950000	 56500000	29
chr19	 58500000	 55700000	56
chr2	  3850000	  2750000	22
chr2	  5250000	  3400000	37
chr2	  6650000	  8350000	34
chr2	  6800000	  7900000	22
chr2	  8100000	  6350000	35
chr2	  9700000	 10700000	20
chr2	 10750000	 11600000	17
chr2	 10950000	  9650000	26
chr2	 11400000	 10100000	26
chr2	 12500000	 13900000	28
chr2	 21400000	 20500000	18
chr2	 21800000	 20800000	20
chr2	 22850000	 22000000	17
chr2	 22900000	 21000000	38
chr2	 25050000	 23650000	28
chr2	 25400000	 23600000	36
chr2	 28350000	 27100000	25
chr2	 29250000	 27900000	27
chr2	 29350000	 27450000	38
chr2	 33450000	 34550000	22
chr2	 36200000	 35500000	14
chr2	 37050000	 38800000	35
chr2	 37350000	 35950000	28
chr2	 37550000	 36200000	27
chr2	 38650000	 40300000	33
chr2	 41900000	 42650000	15
chr2	 42050000	 43400000	27
chr2	 42450000	 41500000	19
chr2	 42750000	 41000000	35
chr2	 43750000	 42600000	23
chr2	 44150000	 44500000	7
chr2	 45850000	 44750000	22
chr2	 46150000	 45100000	21
chr2	 49250000	 48750000	10
chr2	 50250000	 48750000	30
chr2	 54900000	 54200000	14
chr2	 55900000	 53750000	43
chr2	 56550000	 57850000	26
chr2	 59500000	 60450000	19
chr2	 59750000	 59150000	12
chr2	 61700000	 61250000	9
chr2	 63450000	 62500000	19
chr2	 65950000	 64300000	33
chr2	 67900000	 66350000	31
chr2	 70300000	 72500000	44
chr2	 71050000	 69150000	38
chr2	 72050000	 73250000	24
chr2	 73600000	 74550000	19
chr2	 75700000	 75350000	7
chr2	 83050000	 85100000	41
chr2	 86750000	 87950000	24
chr2	 91750000	 92450000	14
chr2	 91800000	 91450000	7
chr2	 92750000	 93850000	22
chr2	 93800000	 92700000	22
chr2	 93850000	 92500000	27
chr2	 95600000	 97300000	34
chr2	 96750000	 95700000	21
chr2	 99250000	100050000	16
chr2	102850000	100850000	40
chr2	114750000	113950000	16
chr2	116250000	113300000	59
chr2	117300000	116800000	10
chr2	119300000	120750000	29
chr2	119800000	120700000	18
chr2	124450000	125800000	27
chr2	124750000	126300000	31
chr2	124850000	126150000	26
chr2	125000000	124000000	20
chr2	127750000	127200000	11
chr2	135050000	136000000	19
chr2	138800000	140900000	42
chr2	139350000	138000000	27
chr2	140800000	139900000	18
chr2	141150000	141950000	16
chr2	142800000	142050000	15
chr2	143800000	141950000	37
chr2	145750000	143050000	54
chr2	148500000	149550000	21
chr2	150050000	150700000	13
chr2	150050000	151350000	26
chr2	150350000	148700000	33
chr2	150700000	152200000	30
chr2	152550000	153250000	14
chr2	155550000	156100000	11
chr2	156150000	155600000	11
chr2	156850000	155300000	31
chr2	158050000	158650000	12
chr2	159400000	158100000	26
chr2	161400000	161100000	6
chr2	163350000	162100000	25
chr2	164800000	165200000	8
chr2	165250000	163800000	29
chr2	166050000	165450000	12
chr2	167850000	166750000	22
chr2	173500000	174300000	16
chr2	176450000	177200000	15
chr2	177550000	179500000	39
chr3	  2150000	  3200000	21
chr3	  2950000	  3300000	7
chr3	  4550000	  3500000	21
chr3	  5950000	  6650000	14
chr3	  8050000	  6200000	37
chr3	 12900000	 11850000	21
chr3	 13450000	 11650000	36
chr3	 16850000	 16000000	17
chr3	 19900000	 19150000	15
chr3	 20250000	 18650000	32
chr3	 21700000	 22150000	9
chr3	 26450000	 26850000	8
chr3	 27600000	 29150000	31
chr3	 30350000	 29700000	13
chr3	 31350000	 32250000	18
chr3	 31650000	 31950000	6
chr3	 34300000	 33600000	14
chr3	 34500000	 33450000	21
chr3	 36500000	 35400000	22
chr3	 37400000	 36400000	20
chr3	 38450000	 36600000	37
chr3	 45850000	 44950000	18
chr3	 46950000	 46200000	15
chr3	 49050000	 48050000	20
chr3	 49450000	 48850000	12
chr3	 50750000	 50100000	13
chr3	 51600000	 52250000	13
chr3	 53000000	 51450000	31
chr3	 53050000	 54450000	28
chr3	 54750000	 55700000	19
chr3	 57450000	 54650000	56
chr3	 59250000	 60400000	23
chr3	 60300000	 59500000	16
chr3	 61650000	 61150000	10
chr3	 63600000	 62950000	13
chr3	 63600000	 63950000	7
chr3	 66400000	 66150000	5
chr3	 67300000	 66150000	23
chr3	 68700000	 69700000	20
chr3	 68950000	 70850000	38
chr3	 71650000	 73500000	37
chr3	 72500000	 72000000	10
chr3	 75700000	 76350000	13
chr3	 77750000	 76600000	23
chr3	 83150000	 82700000	9
chr3	 96600000	 97400000	16
chr3	 97800000	 98900000	22
chr3	102250000	102500000	5
chr3	103050000	103750000	14
chr3	104800000	106350000	31
chr3	106050000	105600000	9
chr3	106250000	106850000	12
chr3	115900000	114850000	21
chr3	116400000	114900000	30
chr3	116500000	115050000	29
chr3	116500000	115400000	22
chr3	118050000	116950000	22
chr3	120750000	121200000	9
chr3	121350000	120900000	9
chr3	121800000	122450000	13
chr3	124200000	124800000	12
chr3	124250000	125450000	24
chr3	125450000	124550000	18
chr3	126850000	127300000	9
chr3	129150000	127900000	25
chr3	130150000	131750000	32
chr3	133200000	132400000	16
chr3	136700000	138400000	34
chr3	140100000	142000000	38
chr3	143900000	144450000	11
chr3	144350000	145450000	22
chr3	144500000	145200000	14
chr3	147350000	148000000	13
chr3	148350000	146700000	33
chr3	149600000	146600000	60
chr3	150500000	152500000	40
chr3	152250000	151100000	23
chr3	157600000	157050000	11
chr3	157950000	159250000	26
chr3	158250000	157250000	20
chr4	   800000	  1050000	5
chr4	  1800000	  1200000	12
chr4	  2850000	  2500000	7
chr4	  5550000	  8200000	53
chr4	 10650000	  8050000	52
chr4	 12900000	 11000000	38
chr4	 12950000	 12650000	6
chr4	 13050000	 12100000	19
chr4	 14950000	 15750000	16
chr4	 15200000	 16200000	20
chr4	 15800000	 16200000	8
chr4	 17100000	 16100000	20
chr4	 17500000	 16200000	26
chr4	 19450000	 18900000	11
chr4	 20350000	 18600000	35
chr4	 22250000	 23800000	31
chr4	 23600000	 22600000	20
chr4	 26650000	 28750000	42
chr4	 26750000	 25300000	29
chr4	 29150000	 27500000	33
chr4	 31300000	 32500000	24
chr4	 31900000	 32700000	16
chr4	 34500000	 35400000	18
chr4	 38950000	 37600000	27
chr4	 39200000	 40000000	16
chr4	 44050000	 45100000	21
chr4	 47200000	 50700000	70
chr4	 47250000	 48050000	16
chr4	 48450000	 49250000	16
chr4	 53200000	 52500000	14
chr4	 54450000	 53700000	15
chr4	 56150000	 56850000	14
chr4	 57950000	 59650000	34
chr4	 58350000	 60300000	39
chr4	 60050000	 61200000	23
chr4	 60550000	 61100000	11
chr4	 66900000	 68600000	34
chr4	 67650000	 69400000	35
chr4	 69150000	 68350000	16
chr4	 69350000	 70550000	24
chr4	 69750000	 69150000	12
chr4	 70950000	 69150000	36
chr4	 71300000	 70300000	20
chr4	 73500000	 75250000	35
chr4	 75700000	 76250000	11
chr4	 78850000	 80050000	24
chr4	 79700000	 81100000	28
chr4	 80250000	 79000000	25
chr4	 82700000	 82100000	12
chr4	 83450000	 82700000	15
chr4	 88350000	 87400000	19
chr4	 89150000	 87850000	26
chr4	 95000000	 97450000	49
chr4	 96100000	 96950000	17
chr4	 96300000	 94150000	43
chr4	 96350000	 97450000	22
chr4	 97350000	 96500000	17
chr4	 98300000	 98750000	9
chr4	 99450000	100900000	29
chr4	 99900000	101200000	26
chr4	101350000	102150000	16
chr4	101950000	101600000	7
chr4	103750000	102100000	33
chr4	104200000	104650000	9
chr4	104550000	103650000	18
chr4	105550000	107900000	47
chr4	105900000	107200000	26
chr4	106750000	106200000	11
chr4	109850000	109250000	12
chr4	111400000	112150000	15
chr4	113000000	110900000	42
chr4	113050000	114100000	21
chr4	113750000	115000000	25
chr4	114450000	116700000	45
chr4	116350000	115350000	20
chr4	118600000	121100000	50
chr4	121350000	122800000	29
chr4	121850000	120900000	19
chr4	126500000	127050000	11
chr4	127050000	123350000	74
chr4	127100000	126350000	15
chr4	128550000	128550000	0
chr4	129050000	130150000	22
chr4	133250000	133600000	7
chr4	135650000	136450000	16
chr4	135850000	134500000	27
chr4	136450000	138250000	36
chr4	145050000	145700000	13
chr4	148650000	147550000	22
chr4	151000000	151400000	8
chr4	151850000	150050000	36
chr4	153950000	153050000	18
chr4	154350000	152650000	34
chr5	  3150000	  1750000	28
chr5	  4000000	  3550000	9
chr5	  7950000	  5300000	53
chr5	 12300000	 13250000	19
chr5	 14250000	 12250000	40
chr5	 14450000	 13900000	11
chr5	 14500000	 13100000	28
chr5	 17900000	 19050000	23
chr5	 23900000	 23050000	17
chr5	 24550000	 21450000	62
chr5	 25950000	 25550000	8
chr5	 28050000	 26650000	28
chr5	 29650000	 30850000	24
chr5	 30600000	 31250000	13
chr5	 32850000	 31700000	23
chr5	 34350000	 35500000	23
chr5	 38650000	 37300000	27
chr5	 40450000	 39600000	17
chr5	 43900000	 44450000	11
chr5	 44450000	 46100000	33
chr5	 44700000	 46450000	35
chr5	 47100000	 48200000	22
chr5	 47300000	 46700000	12
chr5	 49550000	 48350000	24
chr5	 50550000	 51650000	22
chr5	 52800000	 50000000	56
chr5	 63700000	 62850000	17
chr5	 67100000	 65700000	28
chr5	 67950000	 69750000	36
chr5	 69600000	 71100000	30
chr5	 71050000	 72100000	21
chr5	 72550000	 71650000	18
chr5	 73550000	 73850000	6
chr5	 74100000	 73150000	19
chr5	 74550000	 75300000	15
chr5	 76050000	 75400000	13
chr5	 77550000	 77050000	10
chr5	 78150000	 78600000	9
chr5	 80750000	 79150000	32
chr5	 83050000	 84100000	21
chr5	 83250000	 81350000	38
chr5	 83850000	 83100000	15
chr5	 84300000	 84550000	5
chr5	 93600000	 92050000	31
chr5	 95350000	 96500000	23
chr5	 97050000	 96400000	13
chr5	 98600000	100550000	39
chr5	 98650000	 98150000	10
chr5	 98950000	100450000	30
chr5	 99150000	100950000	36
chr5	100300000	 99500000	16
chr5	102850000	102000000	17
chr5	104050000	104850000	16
chr5	105550000	108300000	55
chr5	106150000	106750000	12
chr5	106750000	106050000	14
chr5	108100000	106900000	24
chr5	109850000	111300000	29
chr5	110850000	112000000	23
chr5	112150000	111450000	14
chr5	113300000	114000000	14
chr5	116100000	114350000	35
chr5	116350000	118550000	44
chr5	116650000	115050000	32
chr5	116750000	115550000	24
chr5	119400000	121850000	49
chr5	119800000	118400000	28
chr5	119850000	120750000	18
chr5	120900000	118850000	41
chr5	121550000	120800000	15
chr5	127650000	129000000	27
chr5	129650000	130200000	11
chr5	131700000	130700000	20
chr5	132600000	133700000	22
chr5	137200000	137700000	10
chr5	139700000	139150000	11
chr5	140300000	141650000	27
chr5	144200000	143650000	11
chr5	144550000	145450000	18
chr5	148300000	146800000	30
chr5	149750000	147050000	54
chr6	  1700000	  1200000	10
chr6	  2000000	  3750000	35
chr6	  2950000	  4250000	26
chr6	  4050000	  2900000	23
chr6	  5400000	  4850000	11
chr6	  6950000	  7900000	19
chr6	  8050000	  9600000	31
chr6	  8250000	 11000000	55
chr6	 14650000	 16500000	37
chr6	 16650000	 15700000	19
chr6	 17900000	 18700000	16
chr6	 18000000	 17650000	7
chr6	 18000000	 18200000	4
chr6	 19500000	 17800000	34
chr6	 22450000	 23350000	18
chr6	 29350000	 28200000	23
chr6	 30800000	 32050000	25
chr6	 31050000	 32700000	33
chr6	 31900000	 32900000	20
chr6	 32450000	 31750000	14
chr6	 33300000	 35500000	44
chr6	 35800000	 35050000	15
chr6	 41350000	 40350000	20
chr6	 47000000	 47800000	16
chr6	 47600000	 47250000	7
chr6	 52700000	 53500000	16
chr6	 53250000	 53750000	10
chr6	 55450000	 53700000	35
chr6	 55800000	 57800000	40
chr6	 58400000	 57000000	28
chr6	 60450000	 61150000	14
chr6	 60450000	 61250000	16
chr6	 60550000	 61150000	12
chr6	 61300000	 60550000	15
chr6	 66350000	 64400000	39
chr6	 66450000	 67900000	29
chr6	 73550000	 72200000	27
chr6	 77050000	 74750000	46
chr6	 78500000	 76850000	33
chr6	 82900000	 81900000	20
chr6	 83400000	 84150000	15
chr6	 98550000	 99150000	12
chr6	111700000	110900000	16
chr6	114350000	115600000	25
chr6	114700000	114400000	6
chr6	116700000	117600000	18
chr6	118100000	117550000	11
chr6	118550000	119700000	23
chr6	119800000	119300000	10
chr6	125550000	123900000	33
chr6	126150000	124850000	26
chr6	126300000	124850000	29
chr6	126800000	124900000	38
chr6	128550000	127600000	19
chr6	130400000	131900000	30
chr6	132400000	129800000	52
chr6	134100000	132500000	32
chr6	136450000	138500000	41
chr6	137800000	138650000	17
chr6	138650000	137400000	25
chr6	145150000	146600000	29
chr7	  1500000	  2200000	14
chr7	  3200000	  2150000	21
chr7	  5200000	  5800000	12
chr7	  5500000	  8300000	56
chr7	 10350000	 10850000	10
chr7	 12200000	 13050000	17
chr7	 15150000	 16300000	23
chr7	 16850000	 16400000	9
chr7	 17350000	 18300000	19
chr7	 20200000	 19900000	6
chr7	 22000000	 21200000	16
chr7	 24300000	 26200000	38
chr7	 27250000	 25900000	27
chr7	 31250000	 32300000	21
chr7	 32050000	 29300000	55
chr7	 34750000	 34050000	14
chr7	 35250000	 33750000	30
chr7	 37900000	 38550000	13
chr7	 38200000	 38600000	8
chr7	 41150000	 40650000	10
chr7	 43550000	 44450000	18
chr7	 45500000	 47350000	37
chr7	 47450000	 45300000	43
chr7	 49550000	 50850000	26
chr7	 50650000	 49700000	19
chr7	 51550000	 52500000	19
chr7	 54150000	 55050000	18
chr7	 56000000	 57250000	25
chr7	 60700000	 60000000	14
chr7	 70550000	 71950000	28
chr7	 72200000	 72000000	4
chr7	 73150000	 71900000	25
chr7	 79750000	 78850000	18
chr7	 81950000	 81400000	11
chr7	 82450000	 83200000	15
chr7	 87950000	 87100000	17
chr7	 90300000	 89600000	14
chr7	 90750000	 91950000	24
chr7	 96100000	 94650000	29
chr7	 98500000	 99500000	20
chr7	 99100000	 98550000	11
chr7	101400000	102450000	21
chr7	104850000	105850000	20
chr7	105300000	105300000	0
chr7	105450000	104950000	10
chr7	106100000	104200000	38
chr7	107350000	105400000	39
chr7	107950000	109600000	33
chr7	111700000	112650000	19
chr7	112100000	113300000	24
chr7	122950000	121600000	27
chr7	125050000	123300000	35
chr7	125750000	126800000	21
chr7	130400000	128600000	36
chr7	130500000	129800000	14
chr7	131000000	129250000	35
chr7	134550000	134100000	9
chr7	135050000	134300000	15
chr7	135100000	134500000	12
chr7	143150000	145150000	40
chr8	  4700000	  4350000	7
chr8	  5250000	  4850000	8
chr8	  7200000	  4850000	47
chr8	  7500000	  8500000	20
chr8	 11700000	 13450000	35
chr8	 13900000	 15400000	30
chr8	 16000000	 14700000	26
chr8	 19750000	 20300000	11
chr8	 23500000	 24450000	19
chr8	 25000000	 25400000	8
chr8	 28800000	 28000000	16
chr8	 30850000	 32750000	38
chr8	 31200000	 31750000	11
chr8	 34150000	 33900000	5
chr8	 35400000	 34300000	22
chr8	 36900000	 38200000	26
chr8	 37300000	 36050000	25
chr8	 40000000	 42250000	45
chr8	 42250000	 41050000	24
chr8	 42600000	 41200000	28
chr8	 42850000	 44300000	29
chr8	 45950000	 47100000	23
chr8	 48100000	 49000000	18
chr8	 48950000	 49550000	12
chr8	 50600000	 51950000	27
chr8	 51500000	 50050000	29
chr8	 53900000	 56050000	43
chr8	 54350000	 53850000	10
chr8	 56200000	 55550000	13
chr8	 58050000	 59100000	21
chr8	 61550000	 60950000	12
chr8	 62950000	 61500000	29
chr8	 64500000	 63150000	27
chr8	 69200000	 71150000	39
chr8	 70650000	 67450000	64
chr8	 70850000	 71600000	15
chr8	 73000000	 71750000	25
chr8	 73200000	 74300000	22
chr8	 73250000	 71850000	28
chr8	 76200000	 79850000	73
chr8	 76900000	 75250000	33
chr8	 78200000	 80300000	42
chr8	 81050000	 82000000	19
chr8	 82950000	 82050000	18
chr8	 83850000	 81800000	41
chr8	 86300000	 87650000	27
chr8	 88150000	 87800000	7
chr8	 88950000	 91250000	46
chr8	 92950000	 94900000	39
chr8	 95250000	 94100000	23
chr8	 96800000	 95900000	18
chr8	 98700000	 99750000	21
chr8	 99700000	 97750000	39
chr8	100250000	 98900000	27
chr8	105950000	103350000	52
chr8	107100000	106600000	10
chr8	107950000	107500000	9
chr8	108700000	107850000	17
chr8	110150000	111450000	26
chr8	110950000	111800000	17
chr8	116200000	115250000	19
chr8	118400000	119850000	29
chr8	119300000	118300000	20
chr8	119600000	120200000	12
chr8	123850000	125500000	33
chr8	127400000	126150000	25
chr9	  5500000	  6400000	18
chr9	  7350000	  8600000	25
chr9	  9500000	  8850000	13
chr9	 11550000	 10400000	23
chr9	 13200000	 12750000	9
chr9	 16000000	 15400000	12
chr9	 16400000	 15100000	26
chr9	 20600000	 20200000	8
chr9	 21950000	 21950000	0
chr9	 26600000	 26950000	7
chr9	 27050000	 27500000	9
chr9	 27350000	 25850000	30
chr9	 30800000	 32100000	26
chr9	 31550000	 32700000	23
chr9	 35050000	 34550000	10
chr9	 36100000	 35400000	14
chr9	 36150000	 37100000	19
chr9	 36600000	 35750000	17
chr9	 36650000	 35950000	14
chr9	 46250000	 44450000	36
chr9	 51150000	 51700000	11
chr9	 58400000	 57550000	17
chr9	 60750000	 59250000	30
chr9	 63350000	 61950000	28
chr9	 65600000	 67300000	34
chr9	 68600000	 69950000	27
chr9	 69550000	 70350000	16
chr9	 69600000	 68050000	31
chr9	 69700000	 70350000	13
chr9	 71550000	 70950000	12
chr9	 71900000	 72200000	6
chr9	 77650000	 77950000	6
chr9	 77800000	 78250000	9
chr9	 78750000	 77050000	34
chr9	 79850000	 82050000	44
chr9	 80050000	 81600000	31
chr9	 82450000	 84400000	39
chr9	 83400000	 82250000	23
chr9	 85800000	 86450000	13
chr9	 88300000	 89400000	22
chr9	 89550000	 88350000	24
chr9	 92700000	 91250000	29
chr9	 94150000	 93100000	21
chr9	 97050000	 96450000	12
chr9	 97100000	100500000	68
chr9	 97900000	 99100000	24
chr9	 98550000	 99400000	17
chr9	100150000	 98300000	37
chr9	100650000	101550000	18
chr9	100900000	 99050000	37
chr9	102300000	102900000	12
chr9	105000000	103150000	37
chr9	105150000	106200000	21
chr9	105800000	106350000	11
chr9	106700000	105850000	17
chr9	107250000	106700000	11
chr9	107950000	109250000	26
chr9	108800000	108300000	10
chr9	108900000	107250000	33
chr9	110550000	109650000	18
chr9	110850000	111900000	21
chr9	111750000	110900000	17
chr9	114850000	114350000	10
chr9	122000000	124500000	50
chr9	122200000	123450000	25
chrX	  4900000	  3200000	34
chrX	  5300000	  5850000	11
chrX	  5950000	  7150000	24
chrX	  6100000	  7400000	26
chrX	  6400000	  7050000	13
chrX	  8550000	  9450000	18
chrX	 10250000	 11200000	19
chrX	 15650000	 16750000	22
chrX	 19450000	 23200000	75
chrX	 21300000	 18900000	48
chrX	 22450000	 22950000	10
chrX	 23250000	 26500000	65
chrX	 23550000	 22700000	17
chrX	 24050000	 23050000	20
chrX	 24900000	 23150000	35
chrX	 25000000	 24550000	9
chrX	 25450000	 27500000	41
chrX	 28150000	 29350000	24
chrX	 28450000	 26850000	32
chrX	 30450000	 27600000	57
chrX	 30850000	 32700000	37
chrX	 32200000	 34750000	51
chrX	 34700000	 35150000	9
chrX	 37050000	 34900000	43
chrX	 37850000	 36800000	21
chrX	 47250000	 47750000	10
chrX	 47500000	 50000000	50
chrX	 48500000	 47850000	13
chrX	 50600000	 50050000	11
chrX	 52350000	 52950000	12
chrX	 52500000	 51750000	15
chrX	 57200000	 58000000	16
chrX	 58250000	 56850000	28
chrX	 59050000	 58500000	11
chrX	 61850000	 62400000	11
chrX	 71750000	 75300000	71
chrX	 75400000	 76300000	18
chrX	 81700000	 80200000	30
chrX	 81850000	 80850000	20
chrX	 82750000	 82300000	9
chrX	 82750000	 83250000	10
chrX	 83550000	 83100000	9
chrX	 88600000	 87800000	16
chrX	 92300000	 92700000	8
chrX	 94700000	 95900000	24
chrX	 96400000	 95000000	28
chrX	 98800000	 99100000	6
chrX	105600000	104550000	21
chrX	105850000	104750000	22
chrX	108100000	108300000	4
chrX	108850000	107600000	25
chrX	108900000	110550000	33
chrX	109700000	110200000	10
chrX	111850000	111650000	4
chrX	112500000	113050000	11
chrX	112600000	113750000	23
chrX	115200000	116200000	20
chrX	117050000	116400000	13
chrX	118550000	118150000	8
chrX	118700000	119550000	17
chrX	123300000	122900000	8
chrX	125200000	127150000	39
chrX	125550000	126000000	9
chrX	125700000	124050000	33
chrX	126950000	128250000	26
chrX	131900000	130550000	27
chrX	133750000	134350000	12
chrX	136800000	135950000	17
chrX	136900000	139150000	45
chrX	138000000	139950000	39
chrX	140700000	138600000	42
chrX	142700000	144550000	37
chrX	144300000	145900000	32
chrX	146450000	145650000	16
chrX	146650000	148400000	35
chrX	147800000	146600000	24
chrX	149750000	148700000	21
chrX	149800000	148450000	27
chrX	150900000	150150000	15
chrX	151300000	150800000	10
chrX	152850000	154300000	29
chrX	153800000	153100000	14
chrX	154000000	154500000	10
chrX	155300000	158000000	54
chrX	156900000	159250000	47
chrX	157650000	156300000	27
chrX	157900000	155750000	43
chrX	161550000	160050000	30
chrX	162750000	163750000	20
chrX	168350000	167300000	21
chrX	170400000	170950000	11
chrX	170950000	170000000	19
chrY	   600000	   350000	5
chrY	  1600000	  2600000	20
chrY	  2800000	   450000	47
chrY	  2800000	  3650000	17
chrY	  3400000	  2800000	12
chrY	  6400000	  7200000	16
chrY	  7100000	  7500000	8
chrY	  9200000	  8500000	14
chrY	 11500000	 12200000	14
chrY	 16800000	 16000000	16
chrY	 17150000	 17850000	14
chrY	 20450000	 21350000	18
chrY	 21400000	 22100000	14
chrY	 23100000	 25650000	51
chrY	 23400000	 23900000	10
chrY	 27000000	 27850000	17
chrY	 29050000	 30250000	24
chrY	 35300000	 34450000	17
chrY	 35900000	 36450000	11
chrY	 47650000	 48450000	16
chrY	 47850000	 46950000	18
chrY	 55350000	 54300000	21
chrY	 57050000	 57550000	10
chrY	 57350000	 57150000	4
chrY	 59450000	 61000000	31
chrY	 60750000	 60050000	14
chrY	 62750000	 63500000	15
chrY	 63750000	 64300000	11
chrY	 64400000	 63650000	15
chrY	 68350000	 72900000	91
chrY	 69400000	 69700000	6
chrY	 75200000	 75600000	8
chrY	 75450000	 74550000	18
chrY	 76500000	 78350000	37
chrY	 80450000	 80450000	0
chrY	 82700000	 85550000	57
chrY	 83650000	 85200000	31
chrY	 84550000	 86350000	36
chrY	 85350000	 86750000	28
chrY	 87050000	 89050000	40
chrY	 87750000	 88100000	7
chrY	 87850000	 88950000	22
chrY	 89450000	 90900000	29
chrY	 90650000	 91650000	20
