chr1	  3750000	  3150000	12
chr1	  4050000	  4600000	11
chr1	  7100000	  7700000	12
chr1	  8950000	  7850000	22
chr1	 11500000	 12600000	22
chr1	 11650000	 10350000	26
chr1	 11800000	 10900000	18
chr1	 13600000	 14950000	27
chr1	 14700000	 14150000	11
chr1	 14950000	 15700000	15
chr1	 15700000	 14900000	16
chr1	 17150000	 15850000	26
chr1	 19450000	 20350000	18
chr1	 20950000	 19100000	37
chr1	 27700000	 28050000	7
chr1	 28900000	 30350000	29
chr1	 30400000	 29300000	22
chr1	 30800000	 29700000	22
chr1	 37350000	 36450000	18
chr1	 39000000	 39900000	18
chr1	 43700000	 44950000	25
chr1	 44350000	 43550000	16
chr1	 44500000	 44950000	9
chr1	 48000000	 49250000	25
chr1	 50700000	 50350000	7
chr1	 51550000	 51950000	8
chr1	 51700000	 51300000	8
chr1	 53200000	 53500000	6
chr1	 53350000	 51650000	34
chr1	 54350000	 53950000	8
chr1	 56650000	 56100000	11
chr1	 59700000	 59000000	14
chr1	 60400000	 58750000	33
chr1	 61650000	 61650000	0
chr1	 62350000	 63600000	25
chr1	 62750000	 64850000	42
chr1	 65250000	 64700000	11
chr1	 65250000	 64950000	6
chr1	 67650000	 68650000	20
chr1	 68700000	 69150000	9
chr1	 73100000	 74650000	31
chr1	 75000000	 72950000	41
chr1	 75550000	 77250000	34
chr1	 75700000	 76450000	15
chr1	 78150000	 79600000	29
chr1	 79150000	 77700000	29
chr1	 81050000	 82700000	33
chr1	 82400000	 81650000	15
chr1	 83100000	 82000000	22
chr1	 86550000	 85750000	16
chr1	 88950000	 87950000	20
chr1	 89650000	 87650000	40
chr1	 91800000	 90350000	29
chr1	 92150000	 91650000	10
chr1	 92350000	 93400000	21
chr1	 94600000	 93850000	15
chr1	 96550000	 96050000	10
chr1	 98200000	 96950000	25
chr1	101650000	102850000	24
chr1	104800000	105600000	16
chr1	107950000	109350000	28
chr1	109750000	111150000	28
chr1	111300000	109600000	34
chr1	114050000	113050000	20
chr1	115400000	112500000	58
chr1	115800000	118600000	56
chr1	116750000	117150000	8
chr1	117750000	119300000	31
chr1	117850000	119350000	30
chr1	118150000	116800000	27
chr1	124050000	125100000	21
chr1	124250000	123150000	22
chr1	127400000	128750000	27
chr1	128600000	126950000	33
chr1	129250000	128500000	15
chr1	129950000	130550000	12
chr1	132050000	133650000	32
chr1	135400000	133750000	33
chr1	135750000	137250000	30
chr1	144900000	146200000	26
chr1	145550000	146450000	18
chr1	147150000	146650000	10
chr1	149850000	150600000	15
chr1	151350000	151100000	5
chr1	151400000	151850000	9
chr1	151700000	152950000	25
chr1	152150000	149550000	52
chr1	152800000	153400000	12
chr1	158400000	157600000	16
chr1	158600000	157300000	26
chr1	159350000	158450000	18
chr1	160100000	161750000	33
chr1	166050000	166650000	12
chr1	166300000	164550000	35
chr1	168050000	168650000	12
chr1	168650000	169500000	17
chr1	169150000	168300000	17
chr1	170250000	169250000	20
chr1	171300000	170200000	22
chr1	173700000	171900000	36
chr1	177500000	178100000	12
chr1	179350000	180150000	16
chr1	181250000	180800000	9
chr1	182650000	181050000	32
chr1	183450000	182450000	20
chr1	185650000	186550000	18
chr1	187700000	188550000	17
chr1	187750000	185800000	39
chr1	190750000	192150000	28
chr1	192850000	191900000	19
chr10	  3150000	  3650000	10
chr10	  3500000	  4950000	29
chr10	  4350000	  5300000	19
chr10	  6850000	  6050000	16
chr10	  7400000	  8050000	13
chr10	 13650000	 10550000	62
chr10	 16800000	 15800000	20
chr10	 17100000	 17800000	14
chr10	 18750000	 19200000	9
chr10	 19450000	 19000000	9
chr10	 22800000	 20950000	37
chr10	 28750000	 30500000	35
chr10	 29800000	 28100000	34
chr10	 36200000	 35100000	22
chr10	 37200000	 36400000	16
chr10	 39950000	 39500000	9
chr10	 40600000	 38300000	46
chr10	 42450000	 41550000	18
chr10	 48800000	 49600000	16
chr10	 50950000	 49600000	27
chr10	 51350000	 53250000	38
chr10	 51600000	 52300000	14
chr10	 52750000	 53400000	13
chr10	 53100000	 52150000	19
chr10	 58700000	 59250000	11
chr10	 58900000	 59350000	9
chr10	 61400000	 59650000	35
chr10	 62650000	 63250000	12
chr10	 64250000	 62750000	30
chr10	 64800000	 63250000	31
chr10	 65850000	 65100000	15
chr10	 66950000	 68000000	21
chr10	 70000000	 71300000	26
chr10	 70450000	 68400000	41
chr10	 72150000	 70700000	29
chr10	 73000000	 73400000	8
chr10	 73000000	 74250000	25
chr10	 73150000	 73950000	16
chr10	 74200000	 74500000	6
chr10	 74550000	 75600000	21
chr10	 75050000	 73250000	36
chr10	 76750000	 75100000	33
chr10	 78050000	 77000000	21
chr10	 78500000	 78200000	6
chr10	 79350000	 80600000	25
chr10	 80000000	 78350000	33
chr10	 82700000	 81350000	27
chr10	 85350000	 84600000	15
chr10	 89250000	 89850000	12
chr10	 90150000	 91500000	27
chr10	 91350000	 90900000	9
chr10	 96350000	 98000000	33
chr10	103850000	101750000	42
chr10	105450000	105150000	6
chr10	108450000	109800000	27
chr10	116900000	117250000	7
chr10	120600000	119200000	28
chr10	121050000	120550000	10
chr10	123100000	124900000	36
chr10	124050000	125250000	24
chr10	124350000	125400000	21
chr10	127650000	128650000	20
chr10	128100000	130050000	39
chr10	130200000	129900000	6
chr10	130650000	130400000	5
chr11	        0	  1100000	22
chr11	  4550000	  3800000	15
chr11	  5350000	  6250000	18
chr11	  7900000	  6600000	26
chr11	  8150000	  9250000	22
chr11	 14300000	 13200000	22
chr11	 17800000	 19050000	25
chr11	 18450000	 17900000	11
chr11	 18600000	 17400000	24
chr11	 18700000	 18000000	14
chr11	 20300000	 21300000	20
chr11	 21500000	 20600000	18
chr11	 26800000	 25650000	23
chr11	 27300000	 27700000	8
chr11	 27500000	 25650000	37
chr11	 28550000	 29600000	21
chr11	 29250000	 28100000	23
chr11	 33700000	 34100000	8
chr11	 34050000	 34550000	10
chr11	 34200000	 33550000	13
chr11	 38700000	 40350000	33
chr11	 39150000	 39850000	14
chr11	 44400000	 42650000	35
chr11	 45150000	 45850000	14
chr11	 50800000	 50050000	15
chr11	 51250000	 52400000	23
chr11	 52900000	 52450000	9
chr11	 55850000	 56800000	19
chr11	 56050000	 59900000	77
chr11	 57300000	 57800000	10
chr11	 57700000	 58350000	13
chr11	 58100000	 58500000	8
chr11	 59600000	 60250000	13
chr11	 59700000	 60850000	23
chr11	 66100000	 66650000	11
chr11	 69050000	 70050000	20
chr11	 70850000	 71750000	18
chr11	 74350000	 75150000	16
chr11	 76000000	 77800000	36
chr11	 76650000	 77400000	15
chr11	 80150000	 80850000	14
chr11	 82650000	 81200000	29
chr11	 83350000	 83650000	6
chr11	 89400000	 88300000	22
chr11	 90900000	 91800000	18
chr11	 91650000	 90300000	27
chr11	 98050000	100800000	55
chr11	 99750000	 98600000	23
chr11	100400000	100700000	6
chr11	100650000	101850000	24
chr11	109750000	110350000	12
chr11	113450000	112450000	20
chr11	114400000	116100000	34
chr11	114650000	116500000	37
chr11	118350000	120850000	50
chr11	121600000	120050000	31
chr12	  2850000	  3450000	12
chr12	  3350000	  5100000	35
chr12	  3450000	  1750000	34
chr12	  4550000	  3850000	14
chr12	  8200000	  9150000	19
chr12	  8450000	  9250000	16
chr12	 10800000	  9850000	19
chr12	 13250000	 13050000	4
chr12	 16950000	 18300000	27
chr12	 19450000	 18750000	14
chr12	 22150000	 25700000	71
chr12	 24400000	 25400000	20
chr12	 35600000	 36150000	11
chr12	 38700000	 37700000	20
chr12	 38900000	 36950000	39
chr12	 41100000	 40250000	17
chr12	 46600000	 47150000	11
chr12	 49800000	 51700000	38
chr12	 50600000	 49450000	23
chr12	 50850000	 50200000	13
chr12	 53700000	 55950000	45
chr12	 54050000	 54550000	10
chr12	 55650000	 56550000	18
chr12	 59150000	 60900000	35
chr12	 60400000	 61600000	24
chr12	 61750000	 60400000	27
chr12	 62000000	 62900000	18
chr12	 63750000	 61950000	36
chr12	 67400000	 67700000	6
chr12	 67550000	 68450000	18
chr12	 68500000	 67700000	16
chr12	 71350000	 69950000	28
chr12	 71700000	 72900000	24
chr12	 73400000	 72950000	9
chr12	 73400000	 74950000	31
chr12	 73850000	 75400000	31
chr12	 74200000	 75900000	34
chr12	 76850000	 77550000	14
chr12	 79400000	 78300000	22
chr12	 80400000	 81750000	27
chr12	 83800000	 82200000	32
chr12	 87250000	 84600000	53
chr12	 87700000	 88800000	22
chr12	 88450000	 89500000	21
chr12	 89700000	 89200000	10
chr12	 90150000	 90700000	11
chr12	 91200000	 90150000	21
chr12	 94550000	 95650000	22
chr12	 96600000	 95200000	28
chr12	 98650000	 98350000	6
chr12	102950000	102100000	17
chr12	104250000	105200000	19
chr12	105500000	104800000	14
chr12	113300000	110450000	57
chr12	114000000	114750000	15
chr12	116500000	116950000	9
chr13	   700000	  2350000	33
chr13	  5450000	  4600000	17
chr13	  6300000	  4150000	43
chr13	  7000000	  5000000	40
chr13	  9150000	  9800000	13
chr13	 12550000	 10900000	33
chr13	 13000000	 13950000	19
chr13	 15600000	 15250000	7
chr13	 21300000	 20700000	12
chr13	 24100000	 23450000	13
chr13	 25600000	 23800000	36
chr13	 26800000	 28050000	25
chr13	 26850000	 28300000	29
chr13	 27450000	 25550000	38
chr13	 28500000	 29000000	10
chr13	 30050000	 28150000	38
chr13	 30400000	 32200000	36
chr13	 34700000	 36800000	42
chr13	 39300000	 40250000	19
chr13	 39800000	 40350000	11
chr13	 48400000	 47200000	24
chr13	 54400000	 55500000	22
chr13	 55300000	 57300000	40
chr13	 57850000	 58350000	10
chr13	 59700000	 58950000	15
chr13	 62250000	 60950000	26
chr13	 65350000	 66450000	22
chr13	 68850000	 67100000	35
chr13	 72200000	 71500000	14
chr13	 73150000	 74050000	18
chr13	 74400000	 72900000	30
chr13	 80400000	 79150000	25
chr13	 80400000	 79450000	19
chr13	 85300000	 85100000	4
chr13	 86150000	 85950000	4
chr13	 87450000	 86950000	10
chr13	 88100000	 88850000	15
chr13	 88250000	 86800000	29
chr13	 93050000	 92000000	21
chr13	 94200000	 91300000	58
chr13	 95200000	 96050000	17
chr13	 99200000	101050000	37
chr13	100200000	 98450000	35
chr13	104150000	102800000	27
chr13	104750000	105200000	9
chr13	106200000	107300000	22
chr13	109700000	109050000	13
chr13	110250000	110800000	11
chr13	112050000	112750000	14
chr13	115900000	115650000	5
chr13	116300000	118200000	38
chr13	117600000	117150000	9
chr13	119050000	118250000	16
chr14	  2350000	   600000	35
chr14	  2800000	  2250000	11
chr14	  5100000	  4450000	13
chr14	  5950000	  4650000	26
chr14	  6200000	  8400000	44
chr14	  6800000	  7900000	22
chr14	  7350000	  6450000	18
chr14	  9800000	 10400000	12
chr14	 12450000	 13600000	23
chr14	 18200000	 17350000	17
chr14	 20000000	 18450000	31
chr14	 22400000	 23750000	27
chr14	 24950000	 26100000	23
chr14	 27050000	 22450000	92
chr14	 29650000	 28300000	27
chr14	 30700000	 31750000	21
chr14	 34350000	 35500000	23
chr14	 36000000	 38200000	44
chr14	 37800000	 38600000	16
chr14	 38500000	 39000000	10
chr14	 41650000	 40550000	22
chr14	 42600000	 43450000	17
chr14	 44200000	 43550000	13
chr14	 44300000	 43600000	14
chr14	 45200000	 44550000	13
chr14	 45700000	 46600000	18
chr14	 50750000	 49350000	28
chr14	 51550000	 50500000	21
chr14	 54200000	 53000000	24
chr14	 57300000	 58500000	24
chr14	 62350000	 64400000	41
chr14	 63850000	 62850000	20
chr14	 67550000	 66650000	18
chr14	 68200000	 66650000	31
chr14	 70300000	 71000000	14
chr14	 72100000	 72700000	12
chr14	 74400000	 75450000	21
chr14	 74750000	 73600000	23
chr14	 74850000	 73600000	25
chr14	 76550000	 74700000	37
chr14	 77850000	 76600000	25
chr14	 79650000	 78700000	19
chr14	 81150000	 80650000	10
chr14	 87150000	 88200000	21
chr14	 88200000	 89300000	22
chr14	 91500000	 89850000	33
chr14	 91750000	 92300000	11
chr14	 97100000	 97950000	17
chr14	103200000	102150000	21
chr14	106300000	102700000	72
chr14	107800000	109200000	28
chr14	111700000	112650000	19
chr14	112400000	113900000	30
chr14	113300000	111300000	40
chr14	114300000	113650000	13
chr14	115300000	114550000	15
chr14	116850000	116150000	14
chr14	119000000	118050000	19
chr14	119900000	119000000	18
chr15	   950000	  1800000	17
chr15	  1500000	  1950000	9
chr15	  1950000	  4550000	52
chr15	  2550000	  3200000	13
chr15	  4050000	  2800000	25
chr15	  5900000	  3850000	41
chr15	  6050000	  5300000	15
chr15	  8600000	  7400000	24
chr15	  9100000	  8000000	22
chr15	 10000000	 10550000	11
chr15	 10050000	 10550000	10
chr15	 11550000	 13200000	33
chr15	 11750000	 10550000	24
chr15	 12900000	 13300000	8
chr15	 14300000	 16100000	36
chr15	 17300000	 18150000	17
chr15	 18150000	 18550000	8
chr15	 18700000	 17850000	17
chr15	 20950000	 21650000	14
chr15	 22100000	 21350000	15
chr15	 23950000	 24550000	12
chr15	 27200000	 25300000	38
chr15	 33900000	 34500000	12
chr15	 38100000	 39550000	29
chr15	 46000000	 46250000	5
chr15	 46700000	 45600000	22
chr15	 47850000	 45000000	57
chr15	 48900000	 47450000	29
chr15	 51850000	 50450000	28
chr15	 52500000	 53600000	22
chr15	 52700000	 53350000	13
chr15	 54850000	 51700000	63
chr15	 58950000	 60150000	24
chr15	 59950000	 60450000	10
chr15	 60600000	 61750000	23
chr15	 60900000	 61950000	21
chr15	 61500000	 62000000	10
chr15	 63950000	 64950000	20
chr15	 65750000	 65000000	15
chr15	 68150000	 66950000	24
chr15	 68800000	 70500000	34
chr15	 69550000	 70550000	20
chr15	 70650000	 69150000	30
chr15	 71050000	 71750000	14
chr15	 75200000	 75650000	9
chr15	 75600000	 72250000	67
chr15	 77600000	 78150000	11
chr15	 77750000	 78750000	20
chr15	 79150000	 79500000	7
chr15	 79550000	 78450000	22
chr15	 86350000	 89150000	56
chr15	 86400000	 89300000	58
chr15	 88250000	 87000000	25
chr15	 89350000	 90500000	23
chr15	 89450000	 90150000	14
chr15	 90500000	 90700000	4
chr15	 90550000	 88700000	37
chr15	 92050000	 91050000	20
chr15	 95450000	 97100000	33
chr15	 98050000	 97350000	14
chr15	 98250000	 99100000	17
chr15	 99550000	100800000	25
chr15	 99950000	100900000	19
chr15	102900000	103550000	13
chr16	  2100000	  2650000	11
chr16	  3500000	  4750000	25
chr16	  8650000	  7850000	16
chr16	  8800000	  9350000	11
chr16	 13900000	 15550000	33
chr16	 14300000	 12900000	28
chr16	 14400000	 10750000	73
chr16	 14450000	 15200000	15
chr16	 17750000	 17000000	15
chr16	 19750000	 18350000	28
chr16	 23750000	 22750000	20
chr16	 27850000	 28900000	21
chr16	 29950000	 31950000	40
chr16	 32550000	 30200000	47
chr16	 34500000	 32900000	32
chr16	 37450000	 35550000	38
chr16	 38950000	 40100000	23
chr16	 39750000	 40600000	17
chr16	 40350000	 39400000	19
chr16	 43050000	 41800000	25
chr16	 46000000	 46900000	18
chr16	 46750000	 45950000	16
chr16	 47950000	 47350000	12
chr16	 52550000	 51650000	18
chr16	 53050000	 54000000	19
chr16	 54350000	 55000000	13
chr16	 55400000	 57800000	48
chr16	 56600000	 56200000	8
chr16	 59350000	 61350000	40
chr16	 62300000	 63000000	14
chr16	 62300000	 63050000	15
chr16	 66800000	 67300000	10
chr16	 68700000	 68100000	12
chr16	 69450000	 70200000	15
chr16	 70450000	 70100000	7
chr16	 71950000	 70850000	22
chr16	 72050000	 72250000	4
chr16	 75150000	 76200000	21
chr16	 75550000	 77650000	42
chr16	 76000000	 76750000	15
chr16	 76550000	 75900000	13
chr16	 77000000	 78250000	25
chr16	 77800000	 78950000	23
chr16	 81150000	 79850000	26
chr16	 84000000	 85200000	24
chr16	 84100000	 83200000	18
chr16	 84450000	 82750000	34
chr16	 87100000	 88050000	19
chr16	 88050000	 86200000	37
chr16	 88250000	 90250000	40
chr16	 90350000	 88400000	39
chr16	 93200000	 92150000	21
chr16	 93900000	 94900000	20
chr16	 95350000	 94700000	13
chr16	 95650000	 96700000	21
chr17	  3100000	  3750000	13
chr17	  3650000	  2400000	25
chr17	  4050000	  5450000	28
chr17	  6550000	  7100000	11
chr17	  8450000	  9950000	30
chr17	 10100000	  9350000	15
chr17	 12700000	 13800000	22
chr17	 14800000	 16600000	36
chr17	 15100000	 13450000	33
chr17	 16200000	 17200000	20
chr17	 19200000	 19800000	12
chr17	 21250000	 20850000	8
chr17	 22650000	 20950000	34
chr17	 23600000	 24250000	13
chr17	 25700000	 24000000	34
chr17	 27650000	 30650000	60
chr17	 29900000	 30300000	8
chr17	 38550000	 41250000	54
chr17	 38850000	 37650000	24
chr17	 39100000	 39350000	5
chr17	 39900000	 38250000	33
chr17	 40650000	 41500000	17
chr17	 43550000	 42400000	23
chr17	 45850000	 47200000	27
chr17	 46800000	 46000000	16
chr17	 48250000	 48950000	14
chr17	 51100000	 50700000	8
chr17	 56150000	 54750000	28
chr17	 57500000	 56750000	15
chr17	 62400000	 61350000	21
chr17	 62600000	 61750000	17
chr17	 63000000	 64000000	20
chr17	 64600000	 63300000	26
chr17	 66750000	 65450000	26
chr17	 71600000	 70450000	23
chr17	 71800000	 69350000	49
chr17	 71800000	 70950000	17
chr17	 76300000	 76850000	11
chr17	 76700000	 77300000	12
chr17	 79550000	 79000000	11
chr17	 82200000	 80400000	36
chr17	 82750000	 81500000	25
chr17	 85000000	 83250000	35
chr17	 85650000	 88700000	61
chr17	 86650000	 85200000	29
chr17	 91150000	 92350000	24
chr18	  3250000	  4500000	25
chr18	  4600000	  3800000	16
chr18	 10150000	  9150000	20
chr18	 10500000	 12250000	35
chr18	 11600000	 12600000	20
chr18	 13700000	 14800000	22
chr18	 13950000	 14500000	11
chr18	 15400000	 14850000	11
chr18	 16500000	 18300000	36
chr18	 17300000	 16600000	14
chr18	 22900000	 24850000	39
chr18	 26900000	 25500000	28
chr18	 28950000	 29450000	10
chr18	 33650000	 35350000	34
chr18	 39450000	 38250000	24
chr18	 40850000	 37550000	66
chr18	 41950000	 42400000	9
chr18	 42850000	 44750000	38
chr18	 43300000	 41450000	37
chr18	 43350000	 41500000	37
chr18	 46250000	 47200000	19
chr18	 47450000	 48050000	12
chr18	 48400000	 47050000	27
chr18	 50350000	 51850000	30
chr18	 50850000	 48900000	39
chr18	 52500000	 51450000	21
chr18	 56250000	 54650000	32
chr18	 57200000	 55200000	40
chr18	 58300000	 56750000	31
chr18	 58950000	 57900000	21
chr18	 66250000	 67450000	24
chr18	 69950000	 68850000	22
chr18	 70300000	 71650000	27
chr18	 71250000	 70900000	7
chr18	 72450000	 73950000	30
chr18	 75350000	 76550000	24
chr18	 80000000	 80250000	5
chr18	 80200000	 82100000	38
chr18	 80550000	 82250000	34
chr18	 84950000	 84000000	19
chr18	 87900000	 86400000	30
chr18	 88050000	 86750000	26
chr18	 88800000	 87100000	34
chr18	 88950000	 87200000	35
chr18	 89750000	 90100000	7
chr19	  1400000	  2350000	19
chr19	  2100000	   850000	25
chr19	  3200000	  2850000	7
chr19	  3550000	  4700000	23
chr19	  7600000	  8750000	23
chr19	 10050000	  7450000	52
chr19	 12400000	 12100000	6
chr19	 14550000	 16600000	41
chr19	 16800000	 18200000	28
chr19	 19450000	 20350000	18
chr19	 23150000	 23900000	15
chr19	 23500000	 24900000	28
chr19	 24000000	 23300000	14
chr19	 28250000	 26850000	28
chr19	 28300000	 29150000	17
chr19	 28850000	 26900000	39
chr19	 31050000	 29750000	26
chr19	 31250000	 29800000	29
chr19	 34000000	 33350000	13
chr19	 34350000	 33650000	14
chr19	 35800000	 34150000	33
chr19	 37700000	 39000000	26
chr19	 38250000	 36400000	37
chr19	 39900000	 40400000	10
chr19	 40000000	 38700000	26
chr19	 40300000	 38100000	44
chr19	 41900000	 42500000	12
chr19	 42900000	 40450000	49
chr19	 43550000	 42850000	14
chr19	 45550000	 44350000	24
chr19	 45600000	 42950000	53
chr19	 45750000	 46800000	21
chr19	 48550000	 50000000	29
chr19	 49250000	 50650000	28
chr19	 50400000	 51150000	15
chr19	 51900000	 52000000	2
chr19	 52650000	 53950000	26
chr19	 57100000	 58150000	21
chr19	 58900000	 58050000	17
chr19	 59150000	 58500000	13
chr19	 59950000	 58450000	30
chr2	  5050000	  6550000	30
chr2	  8500000	 12200000	74
chr2	 11300000	  9050000	45
chr2	 15800000	 17200000	28
chr2	 21400000	 22100000	14
chr2	 23550000	 25300000	35
chr2	 24050000	 24450000	8
chr2	 25800000	 26150000	7
chr2	 28750000	 27000000	35
chr2	 29000000	 31750000	55
chr2	 31750000	 28950000	56
chr2	 33550000	 31800000	35
chr2	 34050000	 34650000	12
chr2	 34250000	 34950000	14
chr2	 35050000	 32900000	43
chr2	 35850000	 37400000	31
chr2	 41300000	 42650000	27
chr2	 41550000	 41150000	8
chr2	 46950000	 46450000	10
chr2	 47800000	 48850000	21
chr2	 52950000	 53700000	15
chr2	 54950000	 56650000	34
chr2	 62350000	 63150000	16
chr2	 62750000	 61400000	27
chr2	 62950000	 62000000	19
chr2	 66250000	 67350000	22
chr2	 66400000	 68200000	36
chr2	 67350000	 68200000	17
chr2	 67950000	 66650000	26
chr2	 70800000	 71200000	8
chr2	 71600000	 70900000	14
chr2	 71750000	 72750000	20
chr2	 72550000	 73800000	25
chr2	 76450000	 76450000	0
chr2	 78000000	 79050000	21
chr2	 79450000	 79900000	9
chr2	 80100000	 78900000	24
chr2	 82000000	 82900000	18
chr2	 82000000	 83350000	27
chr2	 82300000	 83500000	24
chr2	 84050000	 85400000	27
chr2	 85200000	 86050000	17
chr2	 88500000	 90650000	43
chr2	 89200000	 90000000	16
chr2	 93100000	 90750000	47
chr2	 94150000	 97400000	65
chr2	 96900000	 97650000	15
chr2	103350000	101100000	45
chr2	103900000	106400000	50
chr2	106050000	107650000	32
chr2	106500000	105250000	25
chr2	113650000	114350000	14
chr2	114050000	112700000	27
chr2	114650000	114650000	0
chr2	114850000	115300000	9
chr2	117350000	116350000	20
chr2	120900000	121700000	16
chr2	121150000	120650000	10
chr2	121200000	122050000	17
chr2	121700000	120150000	31
chr2	124150000	128700000	91
chr2	124450000	125900000	29
chr2	128850000	127900000	19
chr2	129550000	131250000	34
chr2	135600000	134500000	22
chr2	138550000	136500000	41
chr2	140850000	139650000	24
chr2	141350000	141800000	9
chr2	141350000	143300000	39
chr2	145850000	144650000	24
chr2	146450000	147850000	28
chr2	147950000	146950000	20
chr2	148400000	149050000	13
chr2	150300000	151150000	17
chr2	150450000	149900000	11
chr2	151050000	150300000	15
chr2	154800000	151300000	70
chr2	162600000	161600000	20
chr2	163400000	164100000	14
chr2	169000000	168400000	12
chr2	171400000	171950000	11
chr2	172550000	173350000	16
chr2	172800000	173800000	20
chr2	173650000	175050000	28
chr2	175750000	175000000	15
chr2	180700000	178450000	45
chr3	  3400000	  1750000	33
chr3	  4450000	  5150000	14
chr3	  7100000	  7700000	12
chr3	 13400000	 16650000	65
chr3	 14900000	 17300000	48
chr3	 17500000	 18800000	26
chr3	 18700000	 18200000	10
chr3	 20600000	 21350000	15
chr3	 20900000	 23850000	59
chr3	 25000000	 27500000	50
chr3	 26150000	 27250000	22
chr3	 30250000	 29800000	9
chr3	 31800000	 30500000	26
chr3	 34000000	 32500000	30
chr3	 35950000	 34450000	30
chr3	 36800000	 37450000	13
chr3	 39500000	 40650000	23
chr3	 40200000	 37200000	60
chr3	 41650000	 39800000	37
chr3	 45750000	 44600000	23
chr3	 48300000	 47100000	24
chr3	 51900000	 50600000	26
chr3	 52300000	 52550000	5
chr3	 53000000	 53800000	16
chr3	 56450000	 56050000	8
chr3	 59500000	 60350000	17
chr3	 59850000	 59500000	7
chr3	 61400000	 59150000	45
chr3	 64950000	 65500000	11
chr3	 65500000	 67100000	32
chr3	 68700000	 68200000	10
chr3	 71750000	 70900000	17
chr3	 72350000	 70900000	29
chr3	 76750000	 78000000	25
chr3	 78100000	 79300000	24
chr3	 78750000	 77950000	16
chr3	 82800000	 81700000	22
chr3	 84400000	 86650000	45
chr3	 87000000	 86250000	15
chr3	 88800000	 87400000	28
chr3	 89850000	 91300000	29
chr3	 90300000	 92300000	40
chr3	 90850000	 91850000	20
chr3	 92650000	 94750000	42
chr3	 95250000	 93550000	34
chr3	105550000	103800000	35
chr3	106050000	105050000	20
chr3	106600000	109200000	52
chr3	107350000	106950000	8
chr3	109250000	109650000	8
chr3	110250000	107950000	46
chr3	111150000	112700000	31
chr3	113700000	114200000	10
chr3	114650000	118150000	70
chr3	118550000	119700000	23
chr3	119000000	117850000	23
chr3	121000000	122400000	28
chr3	123100000	125400000	46
chr3	123250000	122800000	9
chr3	126600000	127400000	16
chr3	127700000	125500000	44
chr3	127700000	130250000	51
chr3	127900000	126900000	20
chr3	128350000	129250000	18
chr3	129300000	129750000	9
chr3	130350000	132850000	50
chr3	133100000	134400000	26
chr3	135050000	136050000	20
chr3	135600000	134450000	23
chr3	137350000	138950000	32
chr3	142650000	140900000	35
chr3	143900000	143000000	18
chr3	144200000	143200000	20
chr3	146500000	147850000	27
chr3	153100000	151700000	28
chr3	154700000	153100000	32
chr3	156700000	157550000	17
chr3	157400000	158050000	13
chr3	158300000	157450000	17
chr3	158550000	156950000	32
chr4	   800000	  1800000	20
chr4	  7650000	  5750000	38
chr4	  7650000	  8500000	17
chr4	  8250000	  7150000	22
chr4	  9550000	  9050000	10
chr4	  9950000	 10300000	7
chr4	 12900000	 13650000	15
chr4	 15100000	 13900000	24
chr4	 15250000	 14250000	20
chr4	 18450000	 16250000	44
chr4	 18600000	 18150000	9
chr4	 20350000	 18850000	30
chr4	 20900000	 21500000	12
chr4	 25550000	 26150000	12
chr4	 28450000	 27650000	16
chr4	 31350000	 34700000	67
chr4	 33700000	 34100000	8
chr4	 35900000	 36700000	16
chr4	 37350000	 36700000	13
chr4	 37500000	 39050000	31
chr4	 38150000	 36900000	25
chr4	 39200000	 40850000	33
chr4	 41850000	 46500000	93
chr4	 45200000	 47750000	51
chr4	 45350000	 44550000	16
chr4	 46250000	 45550000	14
chr4	 55350000	 56450000	22
chr4	 58850000	 60150000	26
chr4	 59250000	 60050000	16
chr4	 61250000	 61950000	14
chr4	 61600000	 63000000	28
chr4	 64950000	 65900000	19
chr4	 66100000	 64650000	29
chr4	 69750000	 69000000	15
chr4	 72700000	 74550000	37
chr4	 73350000	 74300000	19
chr4	 75550000	 74850000	14
chr4	 77000000	 76150000	17
chr4	 77050000	 76450000	12
chr4	 80600000	 79400000	24
chr4	 81200000	 81900000	14
chr4	 83250000	 84350000	22
chr4	 83600000	 84200000	12
chr4	 87750000	 85650000	42
chr4	 88750000	 88250000	10
chr4	 88900000	 89450000	11
chr4	 88950000	 88100000	17
chr4	 90000000	 89600000	8
chr4	 92250000	 92500000	5
chr4	 95550000	 95750000	4
chr4	100650000	104550000	78
chr4	101800000	102700000	18
chr4	104350000	101700000	53
chr4	104550000	105800000	25
chr4	106550000	107350000	16
chr4	108700000	108400000	6
chr4	109650000	108500000	23
chr4	111150000	110300000	17
chr4	119800000	120550000	15
chr4	120550000	119350000	24
chr4	120550000	120100000	9
chr4	121700000	122700000	20
chr4	122800000	120900000	38
chr4	124200000	123000000	24
chr4	125700000	126650000	19
chr4	127750000	126850000	18
chr4	128900000	130700000	36
chr4	128950000	130050000	22
chr4	132450000	133350000	18
chr4	132700000	134050000	27
chr4	136800000	137350000	11
chr4	137100000	137450000	7
chr4	139150000	140200000	21
chr4	139350000	137800000	31
chr4	139550000	139050000	10
chr4	140400000	139250000	23
chr4	140750000	141450000	14
chr4	142050000	140150000	38
chr4	143950000	142950000	20
chr4	144500000	145050000	11
chr4	150400000	150700000	6
chr4	152000000	150450000	31
chr4	153800000	153150000	13
chr4	154100000	153550000	11
chr4	154950000	153350000	32
chr5	  1200000	   100000	22
chr5	  2700000	  1600000	22
chr5	  4000000	  3000000	20
chr5	  4550000	  3250000	26
chr5	  8950000	  9700000	15
chr5	 12800000	 13350000	11
chr5	 13050000	 15600000	51
chr5	 13350000	 12100000	25
chr5	 13550000	 14050000	10
chr5	 15700000	 17850000	43
chr5	 17300000	 16500000	16
chr5	 19750000	 17700000	41
chr5	 19950000	 20750000	16
chr5	 24600000	 23200000	28
chr5	 25850000	 24700000	23
chr5	 28050000	 28850000	16
chr5	 29000000	 28150000	17
chr5	 30550000	 31700000	23
chr5	 35550000	 36800000	25
chr5	 37700000	 36850000	17
chr5	 38600000	 37550000	21
chr5	 38650000	 37500000	23
chr5	 38900000	 40400000	30
chr5	 40950000	 40400000	11
chr5	 41300000	 43300000	40
chr5	 42450000	 43150000	14
chr5	 44750000	 45900000	23
chr5	 45700000	 47500000	36
chr5	 51150000	 52050000	18
chr5	 59700000	 61000000	26
chr5	 60250000	 59100000	23
chr5	 64400000	 63500000	18
chr5	 66600000	 65600000	20
chr5	 67250000	 67850000	12
chr5	 67650000	 68950000	26
chr5	 69200000	 70000000	16
chr5	 70000000	 69000000	20
chr5	 70100000	 70950000	17
chr5	 70850000	 71350000	10
chr5	 71550000	 70100000	29
chr5	 76400000	 75500000	18
chr5	 76650000	 77800000	23
chr5	 77050000	 77500000	9
chr5	 77450000	 77950000	10
chr5	 77850000	 79450000	32
chr5	 79200000	 80950000	35
chr5	 80450000	 82100000	33
chr5	 80600000	 79850000	15
chr5	 85350000	 83900000	29
chr5	 86750000	 88150000	28
chr5	 89350000	 89950000	12
chr5	 90550000	 90000000	11
chr5	 92350000	 93600000	25
chr5	 93450000	 93100000	7
chr5	 95100000	 96800000	34
chr5	 96700000	 98200000	30
chr5	 98600000	 96700000	38
chr5	100200000	 99100000	22
chr5	101700000	104100000	48
chr5	101950000	102750000	16
chr5	103350000	101250000	42
chr5	104450000	103250000	24
chr5	104600000	105650000	21
chr5	105700000	106200000	10
chr5	114600000	116950000	47
chr5	116050000	116450000	8
chr5	116400000	118350000	39
chr5	123500000	124600000	22
chr5	125950000	128150000	44
chr5	127550000	128500000	19
chr5	128150000	127150000	20
chr5	128750000	127600000	23
chr5	129200000	127900000	26
chr5	129700000	128800000	18
chr5	139200000	139200000	0
chr5	144400000	143350000	21
chr5	144950000	143800000	23
chr5	147150000	145400000	35
chr5	147400000	146200000	24
chr5	147700000	148000000	6
chr5	148050000	146750000	26
chr6	  1400000	   600000	16
chr6	  3450000	  3850000	8
chr6	  6300000	  8000000	34
chr6	  6750000	  7350000	12
chr6	  7500000	  6650000	17
chr6	 10350000	 11700000	27
chr6	 12150000	 11300000	17
chr6	 14000000	 15600000	32
chr6	 18500000	 16550000	39
chr6	 18550000	 16200000	47
chr6	 20350000	 19750000	12
chr6	 22200000	 24050000	37
chr6	 22250000	 21900000	7
chr6	 23850000	 22600000	25
chr6	 24300000	 24800000	10
chr6	 25650000	 24050000	32
chr6	 31350000	 31650000	6
chr6	 35600000	 36350000	15
chr6	 36450000	 37450000	20
chr6	 37050000	 37050000	0
chr6	 39900000	 39450000	9
chr6	 41650000	 41000000	13
chr6	 44050000	 44850000	16
chr6	 47150000	 48400000	25
chr6	 49100000	 51350000	45
chr6	 49800000	 49100000	14
chr6	 51550000	 52750000	24
chr6	 54650000	 56350000	34
chr6	 57100000	 58500000	28
chr6	 58400000	 56350000	41
chr6	 58600000	 61000000	48
chr6	 59500000	 60900000	28
chr6	 60700000	 61350000	13
chr6	 61950000	 65700000	75
chr6	 62850000	 64650000	36
chr6	 70200000	 71100000	18
chr6	 73650000	 72600000	21
chr6	 74000000	 75700000	34
chr6	 75700000	 75100000	12
chr6	 82400000	 81450000	19
chr6	 85250000	 83800000	29
chr6	 87550000	 90500000	59
chr6	 88550000	 86300000	45
chr6	 90250000	 90750000	10
chr6	 91250000	 91700000	9
chr6	 92000000	 92350000	7
chr6	 92350000	 93050000	14
chr6	 92450000	 93100000	13
chr6	 94400000	 96600000	44
chr6	 94500000	 93150000	27
chr6	 96650000	 97450000	16
chr6	 98000000	 97500000	10
chr6	 99050000	 98250000	16
chr6	 99750000	 98700000	21
chr6	101700000	101500000	4
chr6	106650000	106650000	0
chr6	109500000	110900000	28
chr6	111300000	112400000	22
chr6	113200000	112250000	19
chr6	113350000	111850000	30
chr6	115800000	115100000	14
chr6	124600000	125100000	10
chr6	126700000	127350000	13
chr6	128750000	127350000	28
chr6	128900000	131350000	49
chr6	129000000	129800000	16
chr6	131000000	129700000	26
chr6	131050000	132000000	19
chr6	132150000	130700000	29
chr6	135450000	135150000	6
chr6	140950000	140400000	11
chr6	141050000	139950000	22
chr6	141150000	140350000	16
chr6	145800000	146600000	16
chr6	146900000	147900000	20
chr6	148400000	148050000	7
chr7	   450000	  1800000	27
chr7	  5200000	  4750000	9
chr7	  7000000	  6250000	15
chr7	 10150000	 11200000	21
chr7	 10800000	 10100000	14
chr7	 13700000	 13500000	4
chr7	 15300000	 16750000	29
chr7	 16450000	 15700000	15
chr7	 16600000	 15400000	24
chr7	 17700000	 18650000	19
chr7	 18450000	 19150000	14
chr7	 20000000	 21500000	30
chr7	 21200000	 23900000	54
chr7	 21350000	 22300000	19
chr7	 22600000	 22250000	7
chr7	 23750000	 22850000	18
chr7	 28150000	 28150000	0
chr7	 28500000	 28750000	5
chr7	 37200000	 37850000	13
chr7	 38150000	 38750000	12
chr7	 38400000	 39200000	16
chr7	 40200000	 41950000	35
chr7	 42250000	 43050000	16
chr7	 43050000	 41950000	22
chr7	 47700000	 49050000	27
chr7	 48950000	 50750000	36
chr7	 50900000	 53200000	46
chr7	 52450000	 53300000	17
chr7	 52750000	 53400000	13
chr7	 52850000	 51900000	19
chr7	 54900000	 55350000	9
chr7	 60850000	 60550000	6
chr7	 61200000	 60450000	15
chr7	 61350000	 61000000	7
chr7	 62400000	 61800000	12
chr7	 68100000	 69050000	19
chr7	 72600000	 70950000	33
chr7	 73050000	 70900000	43
chr7	 75300000	 74850000	9
chr7	 76850000	 77200000	7
chr7	 83150000	 82250000	18
chr7	 84950000	 83950000	20
chr7	 89750000	 90300000	11
chr7	 93250000	 92300000	19
chr7	 93650000	 94400000	15
chr7	 93950000	 94750000	16
chr7	101000000	100750000	5
chr7	106750000	105550000	24
chr7	106950000	107750000	16
chr7	108150000	106900000	25
chr7	108300000	107650000	13
chr7	108850000	109750000	18
chr7	110950000	111100000	3
chr7	111950000	112400000	9
chr7	117550000	118750000	24
chr7	119250000	121750000	50
chr7	121200000	120350000	17
chr7	125550000	124250000	26
chr7	128400000	127750000	13
chr7	130000000	130400000	8
chr7	131950000	132450000	10
chr7	134850000	134850000	0
chr7	135250000	134700000	11
chr7	140050000	140850000	16
chr7	141400000	142850000	29
chr7	144450000	143800000	13
chr7	145000000	143550000	29
chr8	  1700000	  2300000	12
chr8	  3100000	  2150000	19
chr8	  3100000	  2200000	18
chr8	  3700000	  4150000	9
chr8	  4100000	  6050000	39
chr8	  8200000	  9350000	23
chr8	  8400000	 10350000	39
chr8	 11150000	 13850000	54
chr8	 12250000	 11350000	18
chr8	 14050000	 13350000	14
chr8	 14450000	 13100000	27
chr8	 17500000	 17150000	7
chr8	 20000000	 19450000	11
chr8	 20200000	 21900000	34
chr8	 20700000	 20350000	7
chr8	 21450000	 20450000	20
chr8	 22200000	 22750000	11
chr8	 22650000	 24150000	30
chr8	 23800000	 22850000	19
chr8	 32300000	 30850000	29
chr8	 33000000	 33750000	15
chr8	 34350000	 35000000	13
chr8	 35150000	 34300000	17
chr8	 39250000	 38950000	6
chr8	 39500000	 38600000	18
chr8	 41600000	 42950000	27
chr8	 44750000	 47450000	54
chr8	 45000000	 45600000	12
chr8	 46200000	 46800000	12
chr8	 46900000	 46200000	14
chr8	 47750000	 47150000	12
chr8	 51900000	 52600000	14
chr8	 51950000	 50400000	31
chr8	 52000000	 50300000	34
chr8	 52000000	 51100000	18
chr8	 52400000	 51050000	27
chr8	 53500000	 51900000	32
chr8	 57050000	 56300000	15
chr8	 58100000	 57350000	15
chr8	 58100000	 59400000	26
chr8	 58600000	 56950000	33
chr8	 58800000	 60350000	31
chr8	 59200000	 57950000	25
chr8	 61800000	 61400000	8
chr8	 63250000	 63950000	14
chr8	 65800000	 67200000	28
chr8	 65900000	 66550000	13
chr8	 66050000	 63500000	51
chr8	 71750000	 68800000	59
chr8	 71900000	 73500000	32
chr8	 72950000	 72350000	12
chr8	 77500000	 78100000	12
chr8	 79700000	 80700000	20
chr8	 80250000	 80900000	13
chr8	 83500000	 82450000	21
chr8	 83600000	 83150000	9
chr8	 84400000	 83750000	13
chr8	 85750000	 84200000	31
chr8	 88200000	 87150000	21
chr8	 88750000	 89350000	12
chr8	 88950000	 88300000	13
chr8	 89250000	 89750000	10
chr8	 92600000	 89800000	56
chr8	 95750000	 98050000	46
chr8	 96500000	 94600000	38
chr8	107000000	106000000	20
chr8	109200000	107550000	33
chr8	110300000	110800000	10
chr8	112750000	113500000	15
chr8	112900000	111400000	30
chr8	115950000	115400000	11
chr8	116350000	117150000	16
chr8	117350000	118600000	25
chr8	117650000	118800000	23
chr8	126150000	127650000	30
chr8	127100000	128150000	21
chr9	  4450000	  3250000	24
chr9	  4950000	  5800000	17
chr9	  8450000	  7800000	13
chr9	 17500000	 16800000	14
chr9	 20950000	 18600000	47
chr9	 21550000	 22450000	18
chr9	 21800000	 22100000	6
chr9	 23100000	 24100000	20
chr9	 24950000	 23350000	32
chr9	 26600000	 25700000	18
chr9	 28050000	 27300000	15
chr9	 29950000	 29250000	14
chr9	 32500000	 30100000	48
chr9	 33000000	 31400000	32
chr9	 38450000	 40750000	46
chr9	 39500000	 40050000	11
chr9	 41150000	 41700000	11
chr9	 41550000	 38350000	64
chr9	 42400000	 43050000	13
chr9	 42450000	 41950000	10
chr9	 44300000	 44650000	7
chr9	 45200000	 45600000	8
chr9	 48000000	 48550000	11
chr9	 48900000	 46850000	41
chr9	 49500000	 48150000	27
chr9	 53250000	 53950000	14
chr9	 53400000	 54050000	13
chr9	 57500000	 60000000	50
chr9	 58550000	 60100000	31
chr9	 62850000	 62300000	11
chr9	 67400000	 66800000	12
chr9	 79900000	 81050000	23
chr9	 82950000	 81700000	25
chr9	 83300000	 83950000	13
chr9	 84350000	 83400000	19
chr9	 86950000	 88250000	26
chr9	 87200000	 88050000	17
chr9	 88900000	 85500000	68
chr9	 90400000	 88350000	41
chr9	 93000000	 94150000	23
chr9	 95250000	 94450000	16
chr9	103600000	101900000	34
chr9	104400000	103550000	17
chr9	105000000	105000000	0
chr9	107250000	105850000	28
chr9	108000000	105850000	43
chr9	108850000	110600000	35
chr9	111900000	112700000	16
chr9	112200000	113350000	23
chr9	113650000	114750000	22
chr9	114050000	113100000	19
chr9	114100000	114700000	12
chr9	122550000	124150000	32
chrX	   900000	  3650000	55
chrX	  2800000	  1650000	23
chrX	  2850000	  1700000	23
chrX	  6200000	  4050000	43
chrX	  6450000	  5600000	17
chrX	  7450000	  8950000	30
chrX	  8850000	  8250000	12
chrX	 11000000	 12300000	26
chrX	 12150000	 14100000	39
chrX	 16800000	 17350000	11
chrX	 18050000	 17300000	15
chrX	 19400000	 20300000	18
chrX	 23600000	 24150000	11
chrX	 28500000	 29250000	15
chrX	 28550000	 27250000	26
chrX	 31750000	 29550000	44
chrX	 33950000	 33800000	3
chrX	 38700000	 39800000	22
chrX	 40300000	 37850000	49
chrX	 41750000	 41100000	13
chrX	 44650000	 45550000	18
chrX	 48900000	 48050000	17
chrX	 56650000	 56000000	13
chrX	 56700000	 56350000	7
chrX	 57650000	 58700000	21
chrX	 59850000	 58400000	29
chrX	 60500000	 59900000	12
chrX	 65950000	 67500000	31
chrX	 67050000	 65900000	23
chrX	 68250000	 67550000	14
chrX	 73000000	 72300000	14
chrX	 73100000	 73950000	17
chrX	 76300000	 77050000	15
chrX	 79150000	 79800000	13
chrX	 79400000	 80900000	30
chrX	 80850000	 80850000	0
chrX	 82050000	 80900000	23
chrX	 82750000	 82350000	8
chrX	 85850000	 86750000	18
chrX	 88550000	 88050000	10
chrX	 89600000	 90450000	17
chrX	 95950000	 96750000	16
chrX	 97800000	 95400000	48
chrX	 98300000	 96250000	41
chrX	 98650000	 98050000	12
chrX	 99700000	100100000	8
chrX	 99800000	 97950000	37
chrX	 99800000	101250000	29
chrX	101050000	 99500000	31
chrX	102600000	101750000	17
chrX	107200000	107550000	7
chrX	112000000	114100000	42
chrX	119400000	120250000	17
chrX	120600000	121150000	11
chrX	122950000	121700000	25
chrX	122950000	122000000	19
chrX	123800000	125250000	29
chrX	123850000	125050000	24
chrX	127100000	129350000	45
chrX	128200000	130300000	42
chrX	131150000	129750000	28
chrX	131200000	131850000	13
chrX	131450000	129450000	40
chrX	134600000	135500000	18
chrX	136050000	134800000	25
chrX	138350000	137050000	26
chrX	141450000	140150000	26
chrX	142850000	144650000	36
chrX	143450000	142250000	24
chrX	144500000	146900000	48
chrX	144850000	144200000	13
chrX	145600000	144600000	20
chrX	145900000	147050000	23
chrX	146150000	146700000	11
chrX	148000000	149050000	21
chrX	148700000	147800000	18
chrX	149050000	148350000	14
chrX	150300000	151050000	15
chrX	151500000	151000000	10
chrX	151550000	150850000	14
chrX	152450000	152950000	10
chrX	155150000	154400000	15
chrX	159950000	158300000	33
chrX	162300000	160500000	36
chrX	164950000	166250000	26
chrX	165500000	163750000	35
chrX	166600000	167500000	18
chrX	170450000	170850000	8
chrY	  1400000	   350000	21
chrY	  1700000	  2550000	17
chrY	  2100000	  1500000	12
chrY	  2100000	  2900000	16
chrY	  2200000	  3050000	17
chrY	  2350000	  1650000	14
chrY	  5250000	  3700000	31
chrY	  8850000	  8250000	12
chrY	  9650000	 11150000	30
chrY	 10500000	  8900000	32
chrY	 11700000	 13300000	32
chrY	 13650000	 11800000	37
chrY	 17200000	 18150000	19
chrY	 19450000	 20650000	24
chrY	 23600000	 24600000	20
chrY	 24950000	 24650000	6
chrY	 31300000	 30300000	20
chrY	 33050000	 33850000	16
chrY	 33150000	 33600000	9
chrY	 33550000	 31500000	41
chrY	 33650000	 34700000	21
chrY	 34700000	 36500000	36
chrY	 41650000	 42200000	11
chrY	 41900000	 40800000	22
chrY	 45400000	 47150000	35
chrY	 46300000	 45300000	20
chrY	 47200000	 45250000	39
chrY	 48450000	 48850000	8
chrY	 49050000	 50400000	27
chrY	 49600000	 52350000	55
chrY	 49950000	 49550000	8
chrY	 51900000	 51900000	0
chrY	 61350000	 62300000	19
chrY	 63600000	 64650000	21
chrY	 66250000	 67100000	17
chrY	 66600000	 65550000	21
chrY	 77650000	 79100000	29
chrY	 79150000	 78100000	21
chrY	 82400000	 80400000	40
chrY	 84500000	 85450000	19
chrY	 89600000	 87150000	49
chrY	 89950000	 91500000	31
