chr1	  3350000	  4050000	14
chr1	  3650000	  4250000	12
chr1	  4100000	  5450000	27
chr1	  6250000	  5800000	9
chr1	 13600000	 12100000	30
chr1	 14550000	 13350000	24
chr1	 15700000	 14350000	27
chr1	 17100000	 16500000	12
chr1	 19150000	 20250000	22
chr1	 20500000	 21450000	19
chr1	 22150000	 21550000	12
chr1	 23150000	 22150000	20
chr1	 24000000	 22550000	29
chr1	 25650000	 25300000	7
chr1	 26200000	 25700000	10
chr1	 30100000	 32800000	54
chr1	 31700000	 31450000	5
chr1	 32550000	 33100000	11
chr1	 37250000	 38350000	22
chr1	 37950000	 38700000	15
chr1	 38400000	 37200000	24
chr1	 39500000	 38850000	13
chr1	 41000000	 41700000	14
chr1	 41100000	 41900000	16
chr1	 43250000	 44600000	27
chr1	 43650000	 43000000	13
chr1	 43850000	 44550000	14
chr1	 44950000	 42800000	43
chr1	 46150000	 45600000	11
chr1	 47150000	 45950000	24
chr1	 48500000	 49000000	10
chr1	 49800000	 48650000	23
chr1	 50450000	 52600000	43
chr1	 51050000	 52750000	34
chr1	 51400000	 51650000	5
chr1	 53900000	 53600000	6
chr1	 57350000	 55300000	41
chr1	 60600000	 59400000	24
chr1	 60750000	 59850000	18
chr1	 60850000	 62300000	29
chr1	 62000000	 61450000	11
chr1	 64050000	 64750000	14
chr1	 65400000	 64700000	14
chr1	 67350000	 66900000	9
chr1	 67750000	 68750000	20
chr1	 70300000	 71350000	21
chr1	 71100000	 71550000	9
chr1	 73650000	 72350000	26
chr1	 76400000	 72550000	77
chr1	 79950000	 79400000	11
chr1	 87850000	 88300000	9
chr1	 88300000	 89050000	15
chr1	 88600000	 89750000	23
chr1	 90150000	 91400000	25
chr1	 93900000	 96300000	48
chr1	 96600000	 97650000	21
chr1	 98850000	 97400000	29
chr1	101850000	102800000	19
chr1	103950000	104550000	12
chr1	108200000	108200000	0
chr1	114100000	115000000	18
chr1	116450000	115550000	18
chr1	117250000	116850000	8
chr1	120900000	121450000	11
chr1	125200000	127650000	49
chr1	128050000	129050000	20
chr1	128200000	126650000	31
chr1	132650000	133100000	9
chr1	133200000	132400000	16
chr1	133850000	132900000	19
chr1	134950000	136250000	26
chr1	139100000	138800000	6
chr1	139350000	140250000	18
chr1	139850000	140100000	5
chr1	140150000	141600000	29
chr1	141100000	141550000	9
chr1	141750000	144000000	45
chr1	147400000	149100000	34
chr1	147950000	149500000	31
chr1	150700000	151500000	16
chr1	151200000	152200000	20
chr1	154700000	155300000	12
chr1	155850000	156250000	8
chr1	157750000	156900000	17
chr1	157750000	159900000	43
chr1	159700000	158750000	19
chr1	160850000	162250000	28
chr1	162400000	161450000	19
chr1	164950000	165850000	18
chr1	166200000	165550000	13
chr1	166600000	165550000	21
chr1	167550000	166050000	30
chr1	167750000	168550000	16
chr1	174900000	176100000	24
chr1	178000000	174850000	63
chr1	181400000	182800000	28
chr1	182250000	182000000	5
chr1	182500000	183850000	27
chr1	182650000	182150000	10
chr1	190150000	189400000	15
chr1	193700000	193300000	8
chr10	  2100000	  3400000	26
chr10	  2850000	  2100000	15
chr10	  5050000	  6200000	23
chr10	  7850000	  7700000	3
chr10	  7900000	  9250000	27
chr10	  9900000	 11000000	22
chr10	 10550000	 11150000	12
chr10	 11800000	 12200000	8
chr10	 13000000	 13700000	14
chr10	 14500000	 13500000	20
chr10	 14900000	 13700000	24
chr10	 15350000	 13750000	32
chr10	 16550000	 14800000	35
chr10	 16550000	 18450000	38
chr10	 23700000	 25500000	36
chr10	 24200000	 24700000	10
chr10	 24350000	 25200000	17
chr10	 25500000	 25200000	6
chr10	 26400000	 27950000	31
chr10	 26950000	 25750000	24
chr10	 28750000	 30000000	25
chr10	 32450000	 31750000	14
chr10	 33000000	 36100000	62
chr10	 37650000	 34650000	60
chr10	 41100000	 40000000	22
chr10	 41750000	 41450000	6
chr10	 42550000	 40750000	36
chr10	 46050000	 47550000	30
chr10	 46200000	 45100000	22
chr10	 51700000	 52450000	15
chr10	 54800000	 56850000	41
chr10	 55750000	 54200000	31
chr10	 57050000	 58850000	36
chr10	 57700000	 58900000	24
chr10	 62300000	 63550000	25
chr10	 62950000	 61300000	33
chr10	 65900000	 63950000	39
chr10	 66750000	 65150000	32
chr10	 70200000	 71450000	25
chr10	 70650000	 71300000	13
chr10	 71550000	 72750000	24
chr10	 71750000	 72450000	14
chr10	 83550000	 82950000	12
chr10	 84450000	 85650000	24
chr10	 85650000	 84850000	16
chr10	 90050000	 89500000	11
chr10	 91500000	 90400000	22
chr10	 91600000	 92750000	23
chr10	 94500000	 93800000	14
chr10	106300000	108750000	49
chr10	106850000	107750000	18
chr10	108550000	108150000	8
chr10	109850000	110200000	7
chr10	110200000	110850000	13
chr10	110500000	109550000	19
chr10	110800000	109400000	28
chr10	110950000	110100000	17
chr10	111450000	110450000	20
chr10	113100000	115000000	38
chr10	114100000	112450000	33
chr10	117650000	116800000	17
chr10	117900000	119600000	34
chr10	119000000	120500000	30
chr10	121050000	120500000	11
chr10	124550000	123350000	24
chr10	125300000	126750000	29
chr10	125400000	126700000	26
chr10	125550000	125000000	11
chr10	126600000	127000000	8
chr10	126800000	126000000	16
chr10	128700000	128100000	12
chr10	129450000	128650000	16
chr11	   100000	   850000	15
chr11	  6250000	  3450000	56
chr11	  9450000	  8900000	11
chr11	  9500000	 12400000	58
chr11	 14550000	 15900000	27
chr11	 15850000	 19200000	67
chr11	 18100000	 18700000	12
chr11	 18250000	 15550000	54
chr11	 20550000	 20850000	6
chr11	 21650000	 22900000	25
chr11	 21900000	 21450000	9
chr11	 26300000	 26750000	9
chr11	 27650000	 29500000	37
chr11	 29600000	 29400000	4
chr11	 31800000	 31150000	13
chr11	 34400000	 35050000	13
chr11	 34800000	 33750000	21
chr11	 36000000	 37200000	24
chr11	 36950000	 37150000	4
chr11	 37300000	 36900000	8
chr11	 37350000	 38800000	29
chr11	 39900000	 40750000	17
chr11	 42450000	 43250000	16
chr11	 47350000	 48850000	30
chr11	 52250000	 53100000	17
chr11	 59200000	 61750000	51
chr11	 61500000	 63750000	45
chr11	 64550000	 65900000	27
chr11	 66450000	 64700000	35
chr11	 70850000	 70250000	12
chr11	 71200000	 73000000	36
chr11	 73750000	 74550000	16
chr11	 74300000	 73300000	20
chr11	 76400000	 75500000	18
chr11	 77600000	 78900000	26
chr11	 81550000	 80950000	12
chr11	 85000000	 83700000	26
chr11	 85100000	 84300000	16
chr11	 88250000	 89100000	17
chr11	 89500000	 88850000	13
chr11	 91800000	 90350000	29
chr11	 92900000	 94300000	28
chr11	 95900000	 96700000	16
chr11	 96300000	 98300000	40
chr11	 97800000	 98350000	11
chr11	 99800000	101400000	32
chr11	100900000	101500000	12
chr11	101350000	102450000	22
chr11	101750000	101350000	8
chr11	103200000	102250000	19
chr11	104400000	103900000	10
chr11	109750000	108900000	17
chr11	110050000	111250000	24
chr11	111750000	113000000	25
chr11	114700000	114300000	8
chr11	117100000	118150000	21
chr11	117750000	116400000	27
chr11	117900000	116000000	38
chr12	 11100000	 10400000	14
chr12	 14550000	 14200000	7
chr12	 14700000	 16200000	30
chr12	 15600000	 16400000	16
chr12	 26300000	 27200000	18
chr12	 27650000	 27100000	11
chr12	 28550000	 27550000	20
chr12	 32050000	 31100000	19
chr12	 32450000	 33200000	15
chr12	 33150000	 32550000	12
chr12	 34000000	 33000000	20
chr12	 34600000	 33600000	20
chr12	 34800000	 35850000	21
chr12	 38300000	 39200000	18
chr12	 40450000	 39450000	20
chr12	 41400000	 40450000	19
chr12	 46100000	 46650000	11
chr12	 46800000	 45650000	23
chr12	 48150000	 46500000	33
chr12	 48500000	 49150000	13
chr12	 48900000	 50600000	34
chr12	 53100000	 51650000	29
chr12	 53800000	 53250000	11
chr12	 58000000	 60950000	59
chr12	 60000000	 59400000	12
chr12	 67850000	 67300000	11
chr12	 70700000	 69700000	20
chr12	 71450000	 72000000	11
chr12	 72250000	 74000000	35
chr12	 74800000	 76700000	38
chr12	 76100000	 75750000	7
chr12	 77400000	 78700000	26
chr12	 79250000	 78500000	15
chr12	 80950000	 81750000	16
chr12	 83600000	 81900000	34
chr12	 84150000	 84450000	6
chr12	 86200000	 83900000	46
chr12	 94950000	 94150000	16
chr12	100150000	100750000	12
chr12	100700000	 99950000	15
chr12	101500000	103000000	30
chr12	104400000	103500000	18
chr12	105150000	103900000	25
chr12	105950000	106450000	10
chr12	109050000	108150000	18
chr12	109450000	108350000	22
chr12	110950000	110150000	16
chr12	111050000	110000000	21
chr12	113000000	114000000	20
chr12	114600000	112950000	33
chr12	115000000	116650000	33
chr12	115150000	115900000	15
chr12	116400000	115000000	28
chr12	117100000	117550000	9
chr12	118100000	117200000	18
chr12	118400000	117400000	20
chr13	  4050000	  6250000	44
chr13	  5200000	  7650000	49
chr13	  5900000	  7300000	28
chr13	  6900000	  4000000	58
chr13	 10250000	  9250000	20
chr13	 10650000	 11050000	8
chr13	 12550000	 10800000	35
chr13	 14200000	 13400000	16
chr13	 15250000	 16250000	20
chr13	 17800000	 16500000	26
chr13	 18450000	 17600000	17
chr13	 20800000	 19550000	25
chr13	 20900000	 21950000	21
chr13	 26200000	 25200000	20
chr13	 37250000	 38550000	26
chr13	 38450000	 38450000	0
chr13	 44700000	 43950000	15
chr13	 52700000	 53700000	20
chr13	 53350000	 52600000	15
chr13	 58400000	 57200000	24
chr13	 61200000	 60700000	10
chr13	 64450000	 63000000	29
chr13	 67700000	 65200000	50
chr13	 68200000	 69550000	27
chr13	 75250000	 76550000	26
chr13	 76750000	 76350000	8
chr13	 79650000	 80700000	21
chr13	 81350000	 80850000	10
chr13	 82050000	 83200000	23
chr13	 82450000	 83200000	15
chr13	 83450000	 84150000	14
chr13	 85050000	 86200000	23
chr13	 89450000	 88350000	22
chr13	 89550000	 90150000	12
chr13	 90350000	 89650000	14
chr13	 90950000	 92100000	23
chr13	 92150000	 91100000	21
chr13	 93500000	 95100000	32
chr13	 93750000	 94050000	6
chr13	 99200000	 98400000	16
chr13	 99550000	101300000	35
chr13	 99800000	101050000	25
chr13	102750000	105500000	55
chr13	103100000	102450000	13
chr13	104050000	106250000	44
chr13	104450000	105050000	12
chr13	104700000	104150000	11
chr13	105650000	103150000	50
chr13	109700000	109950000	5
chr13	110000000	109200000	16
chr13	110900000	111450000	11
chr13	113150000	114050000	18
chr13	114550000	115500000	19
chr13	116600000	116000000	12
chr13	116850000	116450000	8
chr13	117650000	116750000	18
chr13	119400000	119750000	7
chr14	  2200000	  1200000	20
chr14	  2550000	  2050000	10
chr14	  3750000	  4050000	6
chr14	 12050000	 10050000	40
chr14	 12450000	 11700000	15
chr14	 13100000	 13600000	10
chr14	 13200000	 13900000	14
chr14	 14000000	 13650000	7
chr14	 14950000	 16600000	33
chr14	 16250000	 15300000	19
chr14	 18850000	 18250000	12
chr14	 19250000	 20250000	20
chr14	 20850000	 21050000	4
chr14	 22600000	 21900000	14
chr14	 26400000	 27150000	15
chr14	 32350000	 30900000	29
chr14	 39800000	 42300000	50
chr14	 43250000	 44200000	19
chr14	 56550000	 55550000	20
chr14	 61400000	 60750000	13
chr14	 62200000	 61050000	23
chr14	 67750000	 69000000	25
chr14	 70200000	 71750000	31
chr14	 71700000	 72400000	14
chr14	 77200000	 78300000	22
chr14	 78750000	 78200000	11
chr14	 79150000	 79700000	11
chr14	 79250000	 79650000	8
chr14	 80200000	 79200000	20
chr14	 81250000	 82900000	33
chr14	 87150000	 88250000	22
chr14	 87800000	 89200000	28
chr14	 96650000	 97400000	15
chr14	 97350000	 96550000	16
chr14	 98300000	 99350000	21
chr14	107400000	106550000	17
chr14	107450000	108000000	11
chr14	117100000	117400000	6
chr14	119700000	120800000	22
chr14	122800000	122300000	10
chr14	123500000	124550000	21
chr15	   850000	   300000	11
chr15	  1000000	   500000	10
chr15	  3850000	  7150000	66
chr15	  4000000	  4900000	18
chr15	  5600000	  6150000	11
chr15	  5700000	  6500000	16
chr15	  6850000	  8050000	24
chr15	  7050000	  8150000	22
chr15	  7550000	  7950000	8
chr15	 10750000	  9650000	22
chr15	 11400000	 12050000	13
chr15	 12550000	 10500000	41
chr15	 14450000	 12950000	30
chr15	 20400000	 19950000	9
chr15	 22600000	 20250000	47
chr15	 23050000	 22600000	9
chr15	 27650000	 28350000	14
chr15	 29400000	 30900000	30
chr15	 30800000	 32450000	33
chr15	 33200000	 34300000	22
chr15	 36550000	 37950000	28
chr15	 39050000	 39800000	15
chr15	 40200000	 40500000	6
chr15	 43300000	 45150000	37
chr15	 46750000	 48450000	34
chr15	 49100000	 46900000	44
chr15	 55150000	 57100000	39
chr15	 56550000	 57650000	22
chr15	 56550000	 57900000	27
chr15	 60800000	 59750000	21
chr15	 63700000	 63200000	10
chr15	 64950000	 64100000	17
chr15	 65700000	 67050000	27
chr15	 73200000	 72400000	16
chr15	 74450000	 75150000	14
chr15	 76100000	 77000000	18
chr15	 83350000	 84050000	14
chr15	 83900000	 82450000	29
chr15	 85250000	 83450000	36
chr15	 86200000	 85350000	17
chr15	 86550000	 87900000	27
chr15	 88350000	 90150000	36
chr15	 90800000	 89500000	26
chr15	 92000000	 90050000	39
chr15	 93150000	 90700000	49
chr15	 93850000	 94500000	13
chr15	 94300000	 95300000	20
chr15	 95800000	 97000000	24
chr15	 95950000	 95250000	14
chr15	 97100000	 96700000	8
chr15	 97850000	 98600000	15
chr15	 98250000	 96850000	28
chr15	100850000	101600000	15
chr16	  4950000	  5450000	10
chr16	  5950000	  4800000	23
chr16	 12350000	 13500000	23
chr16	 15750000	 16700000	19
chr16	 26050000	 25250000	16
chr16	 27200000	 29750000	51
chr16	 29750000	 28750000	20
chr16	 32550000	 33350000	16
chr16	 35400000	 34050000	27
chr16	 36750000	 37100000	7
chr16	 37050000	 35000000	41
chr16	 41550000	 40500000	21
chr16	 43900000	 43000000	18
chr16	 47500000	 48050000	11
chr16	 48150000	 50200000	41
chr16	 48800000	 52450000	73
chr16	 51350000	 49600000	35
chr16	 52250000	 53250000	20
chr16	 52500000	 51350000	23
chr16	 52550000	 53800000	25
chr16	 55000000	 54050000	19
chr16	 57050000	 56000000	21
chr16	 57100000	 58100000	20
chr16	 57550000	 56400000	23
chr16	 57850000	 58200000	7
chr16	 61350000	 59750000	32
chr16	 66750000	 71350000	92
chr16	 68150000	 67050000	22
chr16	 68300000	 69650000	27
chr16	 71350000	 70750000	12
chr16	 73850000	 75850000	40
chr16	 76550000	 76000000	11
chr16	 77350000	 77800000	9
chr16	 77750000	 80150000	48
chr16	 78050000	 77500000	11
chr16	 82200000	 82800000	12
chr16	 84050000	 85200000	23
chr16	 87450000	 90400000	59
chr16	 88250000	 87400000	17
chr16	 90100000	 91500000	28
chr16	 92200000	 91400000	16
chr16	 93400000	 91900000	30
chr17	  2350000	   150000	44
chr17	  3950000	  3450000	10
chr17	  6400000	  9000000	52
chr17	 11250000	 13600000	47
chr17	 12300000	 13350000	21
chr17	 12700000	 13900000	24
chr17	 13100000	 12100000	20
chr17	 13950000	 10550000	68
chr17	 15400000	 16650000	25
chr17	 15450000	 14150000	26
chr17	 18750000	 15950000	56
chr17	 21150000	 20350000	16
chr17	 21250000	 18250000	60
chr17	 26100000	 29800000	74
chr17	 27950000	 27250000	14
chr17	 29000000	 29650000	13
chr17	 34750000	 36700000	39
chr17	 35350000	 34600000	15
chr17	 37000000	 35900000	22
chr17	 40850000	 38350000	50
chr17	 40950000	 39550000	28
chr17	 42550000	 44200000	33
chr17	 44300000	 44300000	0
chr17	 46400000	 45050000	27
chr17	 47950000	 47250000	14
chr17	 48350000	 49100000	15
chr17	 50750000	 51600000	17
chr17	 54100000	 54700000	12
chr17	 60650000	 59800000	17
chr17	 63400000	 63950000	11
chr17	 68100000	 66650000	29
chr17	 73900000	 74450000	11
chr17	 76550000	 75450000	22
chr17	 77000000	 75700000	26
chr17	 77900000	 79350000	29
chr17	 78200000	 80850000	53
chr17	 78250000	 79300000	21
chr17	 78550000	 78850000	6
chr17	 79350000	 80200000	17
chr17	 86850000	 85450000	28
chr17	 86900000	 88200000	26
chr17	 89050000	 90700000	33
chr17	 91000000	 89350000	33
chr17	 91250000	 89950000	26
chr17	 92100000	 92450000	7
chr17	 94050000	 92950000	22
chr18	  2300000	  2600000	6
chr18	  3900000	  3150000	15
chr18	  4150000	  4950000	16
chr18	  4450000	  3800000	13
chr18	  8650000	  8050000	12
chr18	  8750000	 10300000	31
chr18	  9700000	  6900000	56
chr18	 10450000	 11700000	25
chr18	 14400000	 14700000	6
chr18	 20950000	 21600000	13
chr18	 22900000	 22150000	15
chr18	 25050000	 26050000	20
chr18	 25550000	 24950000	12
chr18	 26900000	 25150000	35
chr18	 29150000	 28450000	14
chr18	 29200000	 28100000	22
chr18	 34350000	 34700000	7
chr18	 37400000	 39050000	33
chr18	 42750000	 41850000	18
chr18	 45250000	 43700000	31
chr18	 45400000	 43800000	32
chr18	 45450000	 46200000	15
chr18	 47400000	 46050000	27
chr18	 48150000	 46950000	24
chr18	 48950000	 48450000	10
chr18	 50550000	 51600000	21
chr18	 50600000	 51600000	20
chr18	 50850000	 49000000	37
chr18	 51550000	 52500000	19
chr18	 52950000	 54750000	36
chr18	 55950000	 54600000	27
chr18	 56700000	 58250000	31
chr18	 58750000	 58100000	13
chr18	 59900000	 59500000	8
chr18	 61100000	 62350000	25
chr18	 61900000	 63650000	35
chr18	 64000000	 64900000	18
chr18	 64300000	 63800000	10
chr18	 65000000	 66000000	20
chr18	 66250000	 67000000	15
chr18	 70450000	 73300000	57
chr18	 75200000	 74350000	17
chr18	 76150000	 77550000	28
chr18	 77750000	 78500000	15
chr18	 86050000	 86900000	17
chr18	 86500000	 87200000	14
chr19	  1300000	   150000	23
chr19	  1400000	   400000	20
chr19	  2350000	  1600000	15
chr19	  4950000	  4250000	14
chr19	  8400000	  8950000	11
chr19	  8600000	  9250000	13
chr19	  8900000	  8450000	9
chr19	 10300000	 13000000	54
chr19	 10700000	  8100000	52
chr19	 16100000	 16550000	9
chr19	 16150000	 15450000	14
chr19	 16900000	 14900000	40
chr19	 19500000	 18900000	12
chr19	 21150000	 19750000	28
chr19	 22000000	 20100000	38
chr19	 22050000	 25000000	59
chr19	 26850000	 26350000	10
chr19	 26950000	 28000000	21
chr19	 29250000	 31400000	43
chr19	 29350000	 29350000	0
chr19	 30550000	 28950000	32
chr19	 31350000	 29900000	29
chr19	 35150000	 34500000	13
chr19	 35850000	 34850000	20
chr19	 37650000	 39200000	31
chr19	 38300000	 40350000	41
chr19	 43550000	 42000000	31
chr19	 44950000	 45800000	17
chr19	 45650000	 46250000	12
chr19	 45650000	 46300000	13
chr19	 46600000	 45250000	27
chr19	 47450000	 46950000	10
chr19	 47750000	 46550000	24
chr19	 49800000	 51400000	32
chr19	 50400000	 49900000	10
chr19	 53100000	 53550000	9
chr19	 56100000	 55450000	13
chr19	 57900000	 59550000	33
chr2	  4150000	  4800000	13
chr2	  5050000	  7450000	48
chr2	  5100000	  4150000	19
chr2	  5400000	  6300000	18
chr2	  7400000	  7000000	8
chr2	  8700000	  9400000	14
chr2	  9750000	 11000000	25
chr2	 12950000	 15350000	48
chr2	 13150000	 16650000	70
chr2	 14750000	 15200000	9
chr2	 19450000	 18150000	26
chr2	 24200000	 22900000	26
chr2	 25800000	 24650000	23
chr2	 26900000	 24800000	42
chr2	 27250000	 26150000	22
chr2	 27700000	 29050000	27
chr2	 36100000	 37200000	22
chr2	 36300000	 36750000	9
chr2	 36300000	 36850000	11
chr2	 38050000	 39600000	31
chr2	 38750000	 38100000	13
chr2	 38800000	 38300000	10
chr2	 39350000	 40650000	26
chr2	 39750000	 36150000	72
chr2	 40050000	 38350000	34
chr2	 41800000	 39950000	37
chr2	 49550000	 51000000	29
chr2	 49800000	 49300000	10
chr2	 53050000	 54200000	23
chr2	 55450000	 54750000	14
chr2	 56900000	 56450000	9
chr2	 59650000	 58600000	21
chr2	 61850000	 62800000	19
chr2	 62200000	 62700000	10
chr2	 63450000	 62800000	13
chr2	 63700000	 63500000	4
chr2	 66850000	 65950000	18
chr2	 67900000	 67100000	16
chr2	 68500000	 67850000	13
chr2	 70050000	 70650000	12
chr2	 72150000	 70750000	28
chr2	 75550000	 76250000	14
chr2	 83800000	 82400000	28
chr2	 83950000	 86300000	47
chr2	 85250000	 84400000	17
chr2	 86150000	 86950000	16
chr2	 89750000	 91250000	30
chr2	 90150000	 90900000	15
chr2	 90450000	 89550000	18
chr2	 90700000	 89900000	16
chr2	 91000000	 92400000	28
chr2	 92300000	 91950000	7
chr2	 92750000	 93200000	9
chr2	 95850000	 94750000	22
chr2	 99450000	102000000	51
chr2	100700000	100150000	11
chr2	101250000	102350000	22
chr2	103800000	102700000	22
chr2	104900000	105900000	20
chr2	105000000	103400000	32
chr2	105200000	104600000	12
chr2	105250000	104300000	19
chr2	108300000	109300000	20
chr2	108500000	109000000	10
chr2	109150000	108050000	22
chr2	112100000	111400000	14
chr2	115550000	114700000	17
chr2	117150000	114350000	56
chr2	119200000	117600000	32
chr2	121450000	120750000	14
chr2	127950000	128700000	15
chr2	129650000	130250000	12
chr2	129800000	128600000	24
chr2	133650000	132750000	18
chr2	135200000	136250000	21
chr2	136100000	137000000	18
chr2	136750000	138250000	30
chr2	138800000	138150000	13
chr2	139450000	140400000	19
chr2	139850000	141650000	36
chr2	141000000	142350000	27
chr2	141750000	140550000	24
chr2	143900000	144600000	14
chr2	144500000	146350000	37
chr2	145800000	147000000	24
chr2	149450000	148550000	18
chr2	149550000	148150000	28
chr2	151400000	152600000	24
chr2	151450000	153050000	32
chr2	151750000	152150000	8
chr2	153500000	151900000	32
chr2	154000000	155350000	27
chr2	155400000	150850000	91
chr2	156750000	157300000	11
chr2	156950000	154850000	42
chr2	157850000	157000000	17
chr2	159350000	158000000	27
chr2	159750000	161800000	41
chr2	159800000	159050000	15
chr2	171450000	170450000	20
chr2	171950000	169450000	50
chr2	172200000	171650000	11
chr2	175600000	174450000	23
chr2	176450000	177200000	15
chr2	176650000	177150000	10
chr2	177100000	174800000	46
chr2	178050000	179900000	37
chr2	178200000	179000000	16
chr2	178800000	179550000	15
chr2	179100000	178200000	18
chr2	181700000	180350000	27
chr3	  5250000	  5050000	4
chr3	  9200000	  8350000	17
chr3	  9900000	 10800000	18
chr3	 10200000	 10700000	10
chr3	 10850000	 11550000	14
chr3	 11200000	 12900000	34
chr3	 13350000	 13800000	9
chr3	 14050000	 14400000	7
chr3	 14400000	 16400000	40
chr3	 14750000	 12950000	36
chr3	 18400000	 17600000	16
chr3	 20600000	 19900000	14
chr3	 24900000	 23300000	32
chr3	 25050000	 25950000	18
chr3	 29200000	 29650000	9
chr3	 33200000	 32550000	13
chr3	 33750000	 32700000	21
chr3	 34750000	 33200000	31
chr3	 35250000	 35850000	12
chr3	 35500000	 36400000	18
chr3	 36800000	 34700000	42
chr3	 38800000	 39550000	15
chr3	 39350000	 40400000	21
chr3	 40250000	 38200000	41
chr3	 40450000	 40000000	9
chr3	 41350000	 39400000	39
chr3	 41500000	 42100000	12
chr3	 42400000	 43000000	12
chr3	 44000000	 45400000	28
chr3	 50650000	 51800000	23
chr3	 50750000	 49750000	20
chr3	 54400000	 55150000	15
chr3	 54600000	 53950000	13
chr3	 55300000	 54500000	16
chr3	 56200000	 55400000	16
chr3	 60850000	 59400000	29
chr3	 62250000	 63850000	32
chr3	 63200000	 62900000	6
chr3	 68300000	 69000000	14
chr3	 68350000	 67450000	18
chr3	 71800000	 70250000	31
chr3	 72300000	 74300000	40
chr3	 75700000	 76150000	9
chr3	 76300000	 76100000	4
chr3	 78250000	 79950000	34
chr3	 79400000	 80400000	20
chr3	 79750000	 79100000	13
chr3	 81900000	 80150000	35
chr3	 83150000	 83700000	11
chr3	 87500000	 85450000	41
chr3	 92250000	 91700000	11
chr3	 95250000	 96450000	24
chr3	 96150000	 97050000	18
chr3	 97750000	 97200000	11
chr3	 99150000	 98000000	23
chr3	 99300000	 98450000	17
chr3	100850000	 99600000	25
chr3	101450000	 99750000	34
chr3	101700000	100450000	25
chr3	102550000	100900000	33
chr3	103300000	104150000	17
chr3	103450000	102500000	19
chr3	104200000	105350000	23
chr3	108250000	109650000	28
chr3	111700000	110050000	33
chr3	112200000	112750000	11
chr3	115350000	115700000	7
chr3	116100000	115150000	19
chr3	119300000	118700000	12
chr3	124950000	122550000	48
chr3	125050000	124300000	15
chr3	126150000	125300000	17
chr3	128550000	127000000	31
chr3	128850000	128000000	17
chr3	131150000	130750000	8
chr3	131650000	128950000	54
chr3	131750000	132250000	10
chr3	136250000	137650000	28
chr3	137800000	136750000	21
chr3	139400000	138550000	17
chr3	140550000	140550000	0
chr3	145550000	147300000	35
chr3	145950000	146300000	7
chr3	149150000	150800000	33
chr3	151500000	150000000	30
chr3	154450000	153600000	17
chr3	154650000	154400000	5
chr4	  5050000	  3900000	23
chr4	  7900000	  7450000	9
chr4	 10550000	  9350000	24
chr4	 13500000	 12400000	22
chr4	 14300000	 12900000	28
chr4	 14950000	 16450000	30
chr4	 17400000	 18100000	14
chr4	 19050000	 19950000	18
chr4	 21150000	 19900000	25
chr4	 22150000	 23950000	36
chr4	 27600000	 26700000	18
chr4	 28250000	 27550000	14
chr4	 29200000	 27400000	36
chr4	 29750000	 31150000	28
chr4	 33550000	 33050000	10
chr4	 33950000	 34750000	16
chr4	 35000000	 37750000	55
chr4	 36100000	 37150000	21
chr4	 37150000	 37900000	15
chr4	 37950000	 38600000	13
chr4	 38500000	 38500000	0
chr4	 38550000	 41300000	55
chr4	 39150000	 38100000	21
chr4	 39450000	 40150000	14
chr4	 41850000	 40550000	26
chr4	 42350000	 43250000	18
chr4	 43500000	 44200000	14
chr4	 43550000	 44600000	21
chr4	 45650000	 44500000	23
chr4	 45700000	 44400000	26
chr4	 47100000	 46650000	9
chr4	 53150000	 54000000	17
chr4	 53200000	 52400000	16
chr4	 54550000	 55400000	17
chr4	 57050000	 54700000	47
chr4	 60500000	 59500000	20
chr4	 61550000	 62800000	25
chr4	 62850000	 61300000	31
chr4	 63600000	 65300000	34
chr4	 67500000	 65300000	44
chr4	 70800000	 72150000	27
chr4	 72150000	 70650000	30
chr4	 72800000	 72050000	15
chr4	 73900000	 75650000	35
chr4	 76300000	 78400000	42
chr4	 76400000	 74950000	29
chr4	 78000000	 76550000	29
chr4	 84650000	 83600000	21
chr4	 84750000	 85900000	23
chr4	 85850000	 85350000	10
chr4	 88500000	 87300000	24
chr4	 88600000	 88100000	10
chr4	 93950000	 93300000	13
chr4	 94850000	 96100000	25
chr4	 96550000	 95750000	16
chr4	 98300000	 98750000	9
chr4	100050000	102300000	45
chr4	101800000	102900000	22
chr4	102350000	101150000	24
chr4	102400000	100550000	37
chr4	104250000	103400000	17
chr4	105100000	104200000	18
chr4	107750000	106150000	32
chr4	107850000	107100000	15
chr4	108650000	109400000	15
chr4	112250000	111050000	24
chr4	117200000	118300000	22
chr4	119350000	119700000	7
chr4	119400000	118300000	22
chr4	121150000	119950000	24
chr4	125500000	124150000	27
chr4	128000000	128950000	19
chr4	132850000	134000000	23
chr4	133350000	132450000	18
chr4	135000000	133550000	29
chr4	137650000	134400000	65
chr4	143750000	141900000	37
chr4	145500000	146450000	19
chr4	148050000	146650000	28
chr4	149750000	150150000	8
chr4	150750000	149050000	34
chr4	153200000	152600000	12
chr4	153750000	154900000	23
chr4	153800000	156000000	44
chr4	154500000	153900000	12
chr5	  4100000	  2500000	32
chr5	  4600000	  5350000	15
chr5	  5850000	  5650000	4
chr5	  6550000	  7850000	26
chr5	  7150000	  8600000	29
chr5	  7650000	  8650000	20
chr5	  8800000	  7000000	36
chr5	  9050000	 10050000	20
chr5	 13650000	 15950000	46
chr5	 14400000	 15700000	26
chr5	 17100000	 17900000	16
chr5	 18250000	 16050000	44
chr5	 19400000	 21150000	35
chr5	 21150000	 23000000	37
chr5	 25350000	 26150000	16
chr5	 28300000	 27750000	11
chr5	 31850000	 33000000	23
chr5	 34450000	 34950000	10
chr5	 37600000	 39550000	39
chr5	 38800000	 38100000	14
chr5	 39450000	 41050000	32
chr5	 40600000	 40000000	12
chr5	 41700000	 43350000	33
chr5	 41900000	 39750000	43
chr5	 43400000	 44700000	26
chr5	 43700000	 43350000	7
chr5	 45150000	 43550000	32
chr5	 47650000	 46550000	22
chr5	 49850000	 50250000	8
chr5	 53600000	 52900000	14
chr5	 56450000	 57900000	29
chr5	 57950000	 58850000	18
chr5	 59200000	 59800000	12
chr5	 62600000	 63850000	25
chr5	 64050000	 63500000	11
chr5	 65300000	 64400000	18
chr5	 66150000	 67450000	26
chr5	 67000000	 65100000	38
chr5	 67200000	 69250000	41
chr5	 69050000	 68600000	9
chr5	 69800000	 70850000	21
chr5	 70750000	 69750000	20
chr5	 71700000	 72200000	10
chr5	 71900000	 71100000	16
chr5	 74550000	 73600000	19
chr5	 76150000	 77950000	36
chr5	 77050000	 77600000	11
chr5	 79350000	 78750000	12
chr5	 80500000	 79900000	12
chr5	 80700000	 81400000	14
chr5	 80800000	 82050000	25
chr5	 89000000	 88050000	19
chr5	 90350000	 89350000	20
chr5	 92800000	 94300000	30
chr5	 94600000	 96550000	39
chr5	 98800000	100750000	39
chr5	104150000	106200000	41
chr5	105900000	104950000	19
chr5	106150000	105500000	13
chr5	114300000	115850000	31
chr5	116650000	115150000	30
chr5	117850000	119400000	31
chr5	119550000	118250000	26
chr5	120450000	119500000	19
chr5	122650000	123150000	10
chr5	123600000	123000000	12
chr5	123850000	124750000	18
chr5	126550000	125050000	30
chr5	126600000	127450000	17
chr5	128150000	126900000	25
chr5	131250000	130200000	21
chr5	136050000	137150000	22
chr5	137100000	136900000	4
chr5	138450000	140350000	38
chr5	139600000	138550000	21
chr5	140150000	139200000	19
chr5	142150000	141300000	17
chr5	142950000	143600000	13
chr5	144100000	146050000	39
chr5	149300000	149000000	6
chr6	  4500000	  4100000	8
chr6	  4950000	  6700000	35
chr6	  5000000	  7750000	55
chr6	  6400000	 11050000	93
chr6	  8650000	  9750000	22
chr6	 11300000	 10600000	14
chr6	 11600000	 12750000	23
chr6	 15600000	 16100000	10
chr6	 16750000	 17950000	24
chr6	 24350000	 25450000	22
chr6	 32300000	 30000000	46
chr6	 33900000	 35000000	22
chr6	 36300000	 36600000	6
chr6	 36750000	 36450000	6
chr6	 36800000	 36100000	14
chr6	 39150000	 38050000	22
chr6	 41450000	 42400000	19
chr6	 45100000	 45500000	8
chr6	 47800000	 48750000	19
chr6	 48300000	 49000000	14
chr6	 49500000	 51250000	35
chr6	 50850000	 52200000	27
chr6	 54150000	 52500000	33
chr6	 61250000	 59550000	34
chr6	 61950000	 62600000	13
chr6	 64800000	 63400000	28
chr6	 65550000	 65950000	8
chr6	 66750000	 64650000	42
chr6	 70400000	 70850000	9
chr6	 70450000	 71200000	15
chr6	 70500000	 69450000	21
chr6	 73050000	 74550000	30
chr6	 77350000	 76900000	9
chr6	 77350000	 78700000	27
chr6	 78700000	 79350000	13
chr6	 80300000	 79750000	11
chr6	 82900000	 82100000	16
chr6	 84950000	 86400000	29
chr6	 85600000	 88050000	49
chr6	 86600000	 85650000	19
chr6	 87450000	 86800000	13
chr6	 88300000	 87650000	13
chr6	 89050000	 89600000	11
chr6	 90450000	 89400000	21
chr6	 90500000	 91300000	16
chr6	 92200000	 91750000	9
chr6	 92400000	 91550000	17
chr6	 93750000	 92950000	16
chr6	 94350000	 92400000	39
chr6	 95500000	 98150000	53
chr6	 96000000	 95650000	7
chr6	 98500000	 98250000	5
chr6	100700000	100000000	14
chr6	104150000	106100000	39
chr6	105450000	104350000	22
chr6	108500000	107950000	11
chr6	108650000	109700000	21
chr6	114000000	114700000	14
chr6	114800000	116050000	25
chr6	117950000	120050000	42
chr6	120250000	119500000	15
chr6	121600000	120150000	29
chr6	121650000	120250000	28
chr6	122100000	123500000	28
chr6	126000000	125000000	20
chr6	126550000	124250000	46
chr6	128050000	128500000	9
chr6	130600000	131200000	12
chr6	132650000	131550000	22
chr6	133300000	131900000	28
chr6	135850000	136900000	21
chr6	138300000	137050000	25
chr6	139500000	138350000	23
chr6	140550000	142400000	37
chr6	143050000	144750000	34
chr6	144450000	142550000	38
chr6	146950000	145750000	24
chr6	148650000	147500000	23
chr7	  6350000	  7500000	23
chr7	 12550000	  9350000	64
chr7	 14700000	 17200000	50
chr7	 16550000	 18050000	30
chr7	 21200000	 20450000	15
chr7	 22100000	 23450000	27
chr7	 22600000	 19550000	61
chr7	 25600000	 24300000	26
chr7	 35650000	 36300000	13
chr7	 36750000	 37250000	10
chr7	 38550000	 39400000	17
chr7	 42100000	 41650000	9
chr7	 42250000	 39000000	65
chr7	 42550000	 41200000	27
chr7	 51200000	 50350000	17
chr7	 51700000	 52500000	16
chr7	 53100000	 54250000	23
chr7	 56200000	 52700000	70
chr7	 56950000	 55900000	21
chr7	 59100000	 58000000	22
chr7	 60550000	 59000000	31
chr7	 63000000	 61350000	33
chr7	 64700000	 66450000	35
chr7	 66200000	 65350000	17
chr7	 73500000	 71750000	35
chr7	 75900000	 77000000	22
chr7	 76850000	 78250000	28
chr7	 80950000	 81400000	9
chr7	 81150000	 83400000	45
chr7	 85350000	 84400000	19
chr7	 89100000	 88050000	21
chr7	 90000000	 88250000	35
chr7	 90700000	 90350000	7
chr7	 93800000	 93250000	11
chr7	 97350000	 98050000	14
chr7	100200000	100900000	14
chr7	103600000	105300000	34
chr7	103950000	102900000	21
chr7	110700000	111900000	24
chr7	112900000	114200000	26
chr7	113050000	113050000	0
chr7	114450000	115350000	18
chr7	118050000	118700000	13
chr7	118300000	119550000	25
chr7	119200000	118600000	12
chr7	120000000	121850000	37
chr7	120300000	119650000	13
chr7	125050000	127050000	40
chr7	126000000	125150000	17
chr7	129200000	130600000	28
chr7	130600000	129150000	29
chr7	133450000	132350000	22
chr7	134350000	134000000	7
chr7	140350000	141100000	15
chr7	140700000	141350000	13
chr7	140950000	140450000	10
chr8	  1950000	   650000	26
chr8	  3400000	  4600000	24
chr8	  4850000	  5750000	18
chr8	  5750000	  4350000	28
chr8	 10500000	 11300000	16
chr8	 13500000	 12650000	17
chr8	 13550000	 13950000	8
chr8	 20600000	 22450000	37
chr8	 22200000	 20250000	39
chr8	 24250000	 25950000	34
chr8	 24550000	 23100000	29
chr8	 30050000	 30600000	11
chr8	 30200000	 31350000	23
chr8	 34400000	 33750000	13
chr8	 36050000	 36600000	11
chr8	 36450000	 37550000	22
chr8	 36500000	 38650000	43
chr8	 41250000	 40750000	10
chr8	 45150000	 45150000	0
chr8	 45150000	 46300000	23
chr8	 46550000	 47150000	12
chr8	 47150000	 48500000	27
chr8	 48950000	 47250000	34
chr8	 49100000	 48750000	7
chr8	 49600000	 48900000	14
chr8	 49900000	 50850000	19
chr8	 50350000	 52750000	48
chr8	 52150000	 51650000	10
chr8	 52500000	 50500000	40
chr8	 52800000	 53500000	14
chr8	 53550000	 52250000	26
chr8	 58000000	 56200000	36
chr8	 60350000	 58300000	41
chr8	 60900000	 59050000	37
chr8	 62450000	 63600000	23
chr8	 74250000	 73600000	13
chr8	 77100000	 75100000	40
chr8	 79900000	 80650000	15
chr8	 80050000	 78600000	29
chr8	 80100000	 81300000	24
chr8	 80550000	 82250000	34
chr8	 81800000	 80550000	25
chr8	 82600000	 84250000	33
chr8	 85150000	 87800000	53
chr8	 86750000	 86000000	15
chr8	 89250000	 89900000	13
chr8	 89400000	 89100000	6
chr8	 91400000	 90500000	18
chr8	 92400000	 91600000	16
chr8	 93550000	 93950000	8
chr8	 95250000	 91900000	67
chr8	 96250000	 94950000	26
chr8	 97900000	 96750000	23
chr8	 98150000	 99400000	25
chr8	 98150000	100700000	51
chr8	 99400000	100200000	16
chr8	100250000	101250000	20
chr8	101500000	100000000	30
chr8	102750000	101450000	26
chr8	102850000	103350000	10
chr8	103700000	104500000	16
chr8	104450000	103500000	19
chr8	104650000	105900000	25
chr8	110650000	111000000	7
chr8	111100000	112700000	32
chr8	112550000	111350000	24
chr8	114650000	113700000	19
chr8	118000000	120100000	42
chr8	119000000	119800000	16
chr8	119150000	121400000	45
chr8	120950000	117050000	78
chr8	121050000	120450000	12
chr8	123800000	124950000	23
chr9	  1400000	   550000	17
chr9	  5450000	  4150000	26
chr9	  8850000	 10750000	38
chr9	  9100000	  7850000	25
chr9	  9900000	  8800000	22
chr9	 13350000	 13700000	7
chr9	 13750000	 13100000	13
chr9	 13850000	 12700000	23
chr9	 17400000	 17150000	5
chr9	 17650000	 16300000	27
chr9	 17700000	 16650000	21
chr9	 18200000	 18650000	9
chr9	 22950000	 23650000	14
chr9	 25250000	 26150000	18
chr9	 25450000	 24700000	15
chr9	 26150000	 24900000	25
chr9	 31050000	 32500000	29
chr9	 35050000	 36000000	19
chr9	 38750000	 40150000	28
chr9	 38900000	 37850000	21
chr9	 39500000	 40750000	25
chr9	 39850000	 40700000	17
chr9	 42350000	 44200000	37
chr9	 42950000	 41200000	35
chr9	 45650000	 47100000	29
chr9	 46650000	 45850000	16
chr9	 50300000	 51150000	17
chr9	 51700000	 53950000	45
chr9	 60200000	 58550000	33
chr9	 60400000	 59400000	20
chr9	 62900000	 64600000	34
chr9	 66100000	 65100000	20
chr9	 68650000	 67600000	21
chr9	 70750000	 69100000	33
chr9	 71800000	 73150000	27
chr9	 75750000	 77700000	39
chr9	 78900000	 79500000	12
chr9	 79250000	 78900000	7
chr9	 79650000	 81950000	46
chr9	 81250000	 83400000	43
chr9	 81350000	 80000000	27
chr9	 82650000	 84400000	35
chr9	 82850000	 82450000	8
chr9	 84600000	 83300000	26
chr9	 86350000	 84700000	33
chr9	 90450000	 92850000	48
chr9	 99800000	 97950000	37
chr9	104500000	105450000	19
chr9	110200000	111450000	25
chr9	114950000	115050000	2
chr9	118450000	119300000	17
chr9	119650000	118450000	24
chr9	120400000	120850000	9
chrX	  3550000	  2900000	13
chrX	  3750000	  3000000	15
chrX	  3950000	  2050000	38
chrX	  4900000	  4000000	18
chrX	  5500000	  6800000	26
chrX	  5700000	  7200000	30
chrX	  8600000	 11200000	52
chrX	 10350000	  9850000	10
chrX	 13400000	 14400000	20
chrX	 13700000	 14750000	21
chrX	 15500000	 17750000	45
chrX	 20700000	 21200000	10
chrX	 24750000	 25650000	18
chrX	 26950000	 26000000	19
chrX	 27600000	 26050000	31
chrX	 28950000	 28100000	17
chrX	 29550000	 31350000	36
chrX	 30550000	 31500000	19
chrX	 32550000	 34750000	44
chrX	 35550000	 35550000	0
chrX	 36600000	 35900000	14
chrX	 36650000	 36100000	11
chrX	 37200000	 35100000	42
chrX	 38050000	 38800000	15
chrX	 38200000	 34450000	75
chrX	 41400000	 43200000	36
chrX	 42450000	 42050000	8
chrX	 45400000	 44650000	15
chrX	 46200000	 47650000	29
chrX	 46250000	 45450000	16
chrX	 48300000	 46400000	38
chrX	 49450000	 49800000	7
chrX	 49650000	 47700000	39
chrX	 51200000	 51600000	8
chrX	 54350000	 56450000	42
chrX	 55650000	 54950000	14
chrX	 56300000	 55400000	18
chrX	 56400000	 57400000	20
chrX	 57050000	 55150000	38
chrX	 59950000	 61650000	34
chrX	 61750000	 62900000	23
chrX	 61900000	 62500000	12
chrX	 63600000	 62450000	23
chrX	 64750000	 65600000	17
chrX	 69000000	 70250000	25
chrX	 71150000	 69450000	34
chrX	 73200000	 74750000	31
chrX	 73600000	 74250000	13
chrX	 73650000	 71300000	47
chrX	 74300000	 74300000	0
chrX	 76250000	 75550000	14
chrX	 76700000	 77000000	6
chrX	 78550000	 77000000	31
chrX	 79500000	 79350000	3
chrX	 79900000	 77900000	40
chrX	 81800000	 81400000	8
chrX	 81800000	 82600000	16
chrX	 83400000	 82800000	12
chrX	 84650000	 85550000	18
chrX	 90750000	 91550000	16
chrX	 93150000	 94650000	30
chrX	 93500000	 91700000	36
chrX	 94000000	 92250000	35
chrX	 95600000	 95000000	12
chrX	 99550000	100650000	22
chrX	108150000	107850000	6
chrX	108850000	109700000	17
chrX	109000000	108250000	15
chrX	110150000	111150000	20
chrX	114850000	116450000	32
chrX	118450000	116800000	33
chrX	118950000	117150000	36
chrX	121050000	122800000	35
chrX	122450000	123900000	29
chrX	126500000	127100000	12
chrX	128150000	127200000	19
chrX	135700000	137250000	31
chrX	136650000	134950000	34
chrX	137600000	137600000	0
chrX	138500000	138250000	5
chrX	141300000	141700000	8
chrX	141800000	140850000	19
chrX	141900000	140950000	19
chrX	142600000	144000000	28
chrX	146300000	146950000	13
chrX	149900000	148400000	30
chrX	153650000	154300000	13
chrX	156800000	155550000	25
chrX	156850000	156150000	14
chrX	161250000	161900000	13
chrX	161750000	159750000	40
chrX	164500000	165800000	26
chrX	166450000	166950000	10
chrX	167100000	168350000	25
chrX	168400000	167250000	23
chrX	169300000	167450000	37
chrY	  2850000	  2350000	10
chrY	  3200000	  4450000	25
chrY	  3300000	  4150000	17
chrY	  3650000	  2500000	23
chrY	 11050000	  9050000	40
chrY	 11850000	 10100000	35
chrY	 13750000	 12850000	18
chrY	 14150000	 16050000	38
chrY	 16350000	 13500000	57
chrY	 16550000	 17550000	20
chrY	 21050000	 22250000	24
chrY	 23700000	 24450000	15
chrY	 25800000	 27200000	28
chrY	 27200000	 29800000	52
chrY	 28150000	 29350000	24
chrY	 28350000	 29150000	16
chrY	 30600000	 32500000	38
chrY	 30700000	 32200000	30
chrY	 33250000	 34050000	16
chrY	 39450000	 38400000	21
chrY	 40950000	 44500000	71
chrY	 41100000	 40550000	11
chrY	 41500000	 43250000	35
chrY	 42350000	 42700000	7
chrY	 43850000	 44950000	22
chrY	 46250000	 45600000	13
chrY	 49650000	 48100000	31
chrY	 49800000	 50650000	17
chrY	 51900000	 52900000	20
chrY	 53800000	 56050000	45
chrY	 54200000	 55400000	24
chrY	 54300000	 56550000	45
chrY	 54500000	 52900000	32
chrY	 56750000	 55450000	26
chrY	 57400000	 57150000	5
chrY	 60350000	 59950000	8
chrY	 60850000	 60000000	17
chrY	 62550000	 63450000	18
chrY	 64050000	 65150000	22
chrY	 65150000	 63900000	25
chrY	 69350000	 70250000	18
chrY	 70150000	 71000000	17
chrY	 70300000	 68600000	34
chrY	 70900000	 70300000	12
chrY	 71700000	 72900000	24
chrY	 72050000	 69150000	58
chrY	 76100000	 77900000	36
chrY	 77200000	 75500000	34
chrY	 79400000	 80550000	23
chrY	 81400000	 80400000	20
chrY	 83550000	 81900000	33
chrY	 85050000	 84200000	17
chrY	 85950000	 87000000	21
chrY	 87200000	 86450000	15
chrY	 91250000	 90700000	11
