chr1	  6150000	  5000000	23
chr1	  7250000	  8350000	22
chr1	  7450000	  9400000	39
chr1	  8050000	  7650000	8
chr1	  9250000	  7600000	33
chr1	  9450000	 10800000	27
chr1	 15300000	 15950000	13
chr1	 16100000	 13450000	53
chr1	 25850000	 25000000	17
chr1	 27000000	 27500000	10
chr1	 28100000	 26650000	29
chr1	 34100000	 35100000	20
chr1	 35550000	 36350000	16
chr1	 35600000	 33750000	37
chr1	 36150000	 36450000	6
chr1	 36800000	 36000000	16
chr1	 37450000	 38150000	14
chr1	 46000000	 44600000	28
chr1	 46050000	 44150000	38
chr1	 46600000	 45600000	20
chr1	 55300000	 53250000	41
chr1	 55600000	 54200000	28
chr1	 57650000	 57800000	3
chr1	 59250000	 59950000	14
chr1	 61050000	 62000000	19
chr1	 66650000	 65550000	22
chr1	 67050000	 67600000	11
chr1	 68500000	 69950000	29
chr1	 70000000	 71300000	26
chr1	 74050000	 71650000	48
chr1	 74650000	 73550000	22
chr1	 75250000	 76450000	24
chr1	 75700000	 73750000	39
chr1	 78250000	 77050000	24
chr1	 79050000	 77300000	35
chr1	 79800000	 78750000	21
chr1	 81250000	 82650000	28
chr1	 81600000	 82200000	12
chr1	 82050000	 81100000	19
chr1	 84650000	 82650000	40
chr1	 85000000	 84000000	20
chr1	 86100000	 86950000	17
chr1	 86300000	 84750000	31
chr1	 87650000	 86150000	30
chr1	 92000000	 92750000	15
chr1	 94450000	 94800000	7
chr1	 96450000	 97350000	18
chr1	 96500000	 96100000	8
chr1	 97150000	 96000000	23
chr1	 98450000	 97950000	10
chr1	 98550000	 97500000	21
chr1	 98900000	100050000	23
chr1	 99750000	 99300000	9
chr1	100950000	100300000	13
chr1	105000000	104300000	14
chr1	106800000	106200000	12
chr1	107150000	107600000	9
chr1	107500000	108750000	25
chr1	109800000	110900000	22
chr1	112900000	111150000	35
chr1	113700000	113050000	13
chr1	118050000	116150000	38
chr1	118950000	122100000	63
chr1	119000000	117300000	34
chr1	120150000	120800000	13
chr1	121600000	123350000	35
chr1	123950000	123000000	19
chr1	124100000	125050000	19
chr1	125350000	126950000	32
chr1	126400000	125750000	13
chr1	129550000	128450000	22
chr1	133150000	132300000	17
chr1	133800000	136800000	60
chr1	134850000	134400000	9
chr1	135900000	136600000	14
chr1	138800000	140200000	28
chr1	139500000	138450000	21
chr1	140900000	140100000	16
chr1	141100000	142800000	34
chr1	144400000	144950000	11
chr1	145650000	146650000	20
chr1	145900000	146800000	18
chr1	147850000	148650000	16
chr1	149200000	150000000	16
chr1	151400000	151750000	7
chr1	152100000	149600000	50
chr1	155150000	154250000	18
chr1	156450000	159200000	55
chr1	158300000	157950000	7
chr1	159150000	163050000	78
chr1	165050000	166200000	23
chr1	167900000	168250000	7
chr1	168850000	167850000	20
chr1	170100000	171350000	25
chr1	170350000	171350000	20
chr1	172050000	175550000	70
chr1	172700000	174700000	40
chr1	174200000	173250000	19
chr1	174900000	177400000	50
chr1	175950000	176300000	7
chr1	176150000	174200000	39
chr1	176750000	180600000	77
chr1	180250000	178750000	30
chr1	181000000	182250000	25
chr1	184000000	184650000	13
chr1	186850000	187600000	15
chr1	187450000	185650000	36
chr1	189300000	191400000	42
chr1	190300000	188100000	44
chr1	191750000	192550000	16
chr10	  1900000	  3150000	25
chr10	  3050000	  4100000	21
chr10	  4250000	  2950000	26
chr10	  8450000	  7500000	19
chr10	 11600000	 13650000	41
chr10	 13200000	 14200000	20
chr10	 15400000	 14650000	15
chr10	 16750000	 17650000	18
chr10	 16850000	 14900000	39
chr10	 17150000	 18650000	30
chr10	 20800000	 19950000	17
chr10	 21000000	 21550000	11
chr10	 23900000	 23400000	10
chr10	 26750000	 25000000	35
chr10	 28250000	 25900000	47
chr10	 28650000	 24100000	91
chr10	 28700000	 30050000	27
chr10	 31000000	 32900000	38
chr10	 31350000	 30200000	23
chr10	 33500000	 35900000	48
chr10	 37250000	 36050000	24
chr10	 38450000	 39700000	25
chr10	 41150000	 42150000	20
chr10	 41450000	 40250000	24
chr10	 43600000	 39900000	74
chr10	 43650000	 43250000	8
chr10	 46500000	 47000000	10
chr10	 48400000	 47800000	12
chr10	 50150000	 48850000	26
chr10	 54050000	 55750000	34
chr10	 56250000	 54850000	28
chr10	 60100000	 60850000	15
chr10	 61700000	 63000000	26
chr10	 61850000	 60550000	26
chr10	 64000000	 62700000	26
chr10	 65450000	 67450000	40
chr10	 65850000	 67700000	37
chr10	 67000000	 67600000	12
chr10	 68350000	 67800000	11
chr10	 69350000	 69750000	8
chr10	 75000000	 74100000	18
chr10	 75600000	 74250000	27
chr10	 78500000	 79650000	23
chr10	 79700000	 80250000	11
chr10	 82700000	 83400000	14
chr10	 85400000	 86300000	18
chr10	 88450000	 84900000	71
chr10	 88650000	 90250000	32
chr10	 90150000	 92300000	43
chr10	 90900000	 92550000	33
chr10	 95300000	 96950000	33
chr10	 97250000	 98050000	16
chr10	 97650000	 96400000	25
chr10	100500000	 97800000	54
chr10	100750000	102050000	26
chr10	101750000	103450000	34
chr10	104850000	106900000	41
chr10	106550000	105400000	23
chr10	111200000	110000000	24
chr10	114400000	115650000	25
chr10	118900000	120200000	26
chr10	119150000	120900000	35
chr10	121100000	119950000	23
chr10	123650000	124150000	10
chr10	130150000	129100000	21
chr11	  2150000	  2850000	14
chr11	  2500000	   650000	37
chr11	  2950000	  4150000	24
chr11	  4550000	  3350000	24
chr11	  5650000	  6400000	15
chr11	  8300000	  7700000	12
chr11	  8850000	 10050000	24
chr11	 15250000	 13200000	41
chr11	 15250000	 17050000	36
chr11	 17900000	 18900000	20
chr11	 18150000	 19000000	17
chr11	 21200000	 20100000	22
chr11	 21950000	 23500000	31
chr11	 26800000	 24850000	39
chr11	 33050000	 33050000	0
chr11	 36200000	 34900000	26
chr11	 42200000	 43900000	34
chr11	 42450000	 43050000	12
chr11	 45200000	 44900000	6
chr11	 53500000	 51550000	39
chr11	 53500000	 54900000	28
chr11	 54350000	 55000000	13
chr11	 54750000	 56550000	36
chr11	 55950000	 56550000	12
chr11	 56650000	 57950000	26
chr11	 60700000	 58300000	48
chr11	 60850000	 60000000	17
chr11	 62100000	 60950000	23
chr11	 62750000	 63250000	10
chr11	 64400000	 65350000	19
chr11	 64750000	 63950000	16
chr11	 67700000	 67250000	9
chr11	 70100000	 70550000	9
chr11	 72150000	 70750000	28
chr11	 75600000	 74650000	19
chr11	 75900000	 75600000	6
chr11	 76000000	 75200000	16
chr11	 77400000	 78600000	24
chr11	 79500000	 81250000	35
chr11	 80250000	 79000000	25
chr11	 81550000	 81350000	4
chr11	 83800000	 84050000	5
chr11	 85000000	 85950000	19
chr11	 87300000	 86400000	18
chr11	 90100000	 91050000	19
chr11	 92350000	 90800000	31
chr11	 92550000	 89350000	64
chr11	 94550000	 96000000	29
chr11	 94650000	 93700000	19
chr11	 96450000	 97050000	12
chr11	 97450000	 98800000	27
chr11	 97600000	 98400000	16
chr11	102050000	103000000	19
chr11	103300000	101850000	29
chr11	105500000	106350000	17
chr11	106750000	106050000	14
chr11	108700000	107000000	34
chr11	110350000	109800000	11
chr11	113800000	114800000	20
chr11	114500000	117000000	50
chr11	117150000	115700000	29
chr11	118050000	115850000	44
chr11	119250000	121050000	36
chr11	121100000	120850000	5
chr12	   550000	   950000	8
chr12	  1600000	  2950000	27
chr12	  6750000	  6000000	15
chr12	  9950000	  9200000	15
chr12	 10600000	 12100000	30
chr12	 18850000	 18400000	9
chr12	 21300000	 20050000	25
chr12	 21850000	 22800000	19
chr12	 21850000	 23400000	31
chr12	 22450000	 21850000	12
chr12	 26150000	 27100000	19
chr12	 27350000	 27000000	7
chr12	 29450000	 28750000	14
chr12	 33700000	 32650000	21
chr12	 33850000	 35550000	34
chr12	 36200000	 37350000	23
chr12	 36350000	 35550000	16
chr12	 38500000	 39850000	27
chr12	 39350000	 38350000	20
chr12	 42800000	 39450000	67
chr12	 45850000	 46850000	20
chr12	 50250000	 51550000	26
chr12	 54900000	 53250000	33
chr12	 55550000	 54800000	15
chr12	 56100000	 57000000	18
chr12	 56400000	 58200000	36
chr12	 57700000	 54050000	73
chr12	 57950000	 60100000	43
chr12	 60050000	 61500000	29
chr12	 64350000	 65450000	22
chr12	 66500000	 64950000	31
chr12	 67950000	 65850000	42
chr12	 68150000	 67050000	22
chr12	 69900000	 73150000	65
chr12	 75350000	 74250000	22
chr12	 76800000	 77500000	14
chr12	 77200000	 79300000	42
chr12	 78950000	 76500000	49
chr12	 81500000	 80300000	24
chr12	 83600000	 84900000	26
chr12	 90250000	 92950000	54
chr12	 90750000	 90000000	15
chr12	 92750000	 94100000	27
chr12	 95900000	 94850000	21
chr12	 96450000	 96850000	8
chr12	 97950000	 96250000	34
chr12	100950000	101500000	11
chr12	101850000	102650000	16
chr12	103300000	101450000	37
chr12	106250000	108200000	39
chr12	110950000	110050000	18
chr12	115650000	114950000	14
chr12	116000000	115500000	10
chr12	116250000	117600000	27
chr12	117850000	117050000	16
chr12	119150000	116350000	56
chr13	   100000	  1200000	22
chr13	  1150000	   350000	16
chr13	  1300000	  1550000	5
chr13	  2900000	  3500000	12
chr13	  3500000	  2350000	23
chr13	  4750000	  5850000	22
chr13	  4850000	  4250000	12
chr13	  5400000	  5800000	8
chr13	  9850000	 11450000	32
chr13	 14050000	 15250000	24
chr13	 15700000	 14650000	21
chr13	 15900000	 14600000	26
chr13	 16100000	 15500000	12
chr13	 16800000	 17500000	14
chr13	 22100000	 21050000	21
chr13	 23200000	 23600000	8
chr13	 28800000	 30150000	27
chr13	 32300000	 33050000	15
chr13	 34250000	 34700000	9
chr13	 34950000	 34100000	17
chr13	 35750000	 37000000	25
chr13	 36400000	 37700000	26
chr13	 38750000	 39300000	11
chr13	 41050000	 40150000	18
chr13	 45250000	 46800000	31
chr13	 48300000	 46050000	45
chr13	 50300000	 49350000	19
chr13	 53600000	 52900000	14
chr13	 55450000	 55850000	8
chr13	 57650000	 58200000	11
chr13	 58700000	 60050000	27
chr13	 59300000	 60300000	20
chr13	 60250000	 60950000	14
chr13	 65100000	 65950000	17
chr13	 66400000	 65450000	19
chr13	 69100000	 68000000	22
chr13	 70350000	 68950000	28
chr13	 72350000	 71000000	27
chr13	 73000000	 73400000	8
chr13	 73800000	 74250000	9
chr13	 73800000	 76250000	49
chr13	 74450000	 75250000	16
chr13	 76150000	 76700000	11
chr13	 78200000	 76600000	32
chr13	 79350000	 78650000	14
chr13	 79850000	 78650000	24
chr13	 80200000	 81200000	20
chr13	 81000000	 81250000	5
chr13	 82450000	 82000000	9
chr13	 83250000	 84050000	16
chr13	 85600000	 84600000	20
chr13	 86600000	 85750000	17
chr13	 87650000	 88350000	14
chr13	 87950000	 86000000	39
chr13	 88800000	 87700000	22
chr13	 89350000	 88650000	14
chr13	 89450000	 90150000	14
chr13	 89650000	 90750000	22
chr13	 95500000	 93700000	36
chr13	 98350000	100400000	41
chr13	102800000	101850000	19
chr13	105050000	102750000	46
chr13	107200000	108050000	17
chr13	109500000	108700000	16
chr13	110000000	109350000	13
chr14	   200000	  1050000	17
chr14	  1300000	  2600000	26
chr14	  5000000	  6000000	20
chr14	  5550000	  6150000	12
chr14	  5700000	  6550000	17
chr14	  7000000	  8750000	35
chr14	  9100000	 10200000	22
chr14	 10600000	  9400000	24
chr14	 12600000	 14350000	35
chr14	 13250000	 11250000	40
chr14	 17950000	 18450000	10
chr14	 18900000	 17300000	32
chr14	 24450000	 23800000	13
chr14	 26350000	 27750000	28
chr14	 27050000	 26300000	15
chr14	 29800000	 30200000	8
chr14	 32250000	 31500000	15
chr14	 32550000	 31050000	30
chr14	 36000000	 36850000	17
chr14	 41050000	 43500000	49
chr14	 44750000	 45250000	10
chr14	 46150000	 48200000	41
chr14	 51100000	 50600000	10
chr14	 51800000	 53250000	29
chr14	 52000000	 53800000	36
chr14	 53000000	 55250000	45
chr14	 54000000	 55100000	22
chr14	 61250000	 60250000	20
chr14	 66650000	 64250000	48
chr14	 68050000	 68550000	10
chr14	 69550000	 68750000	16
chr14	 75200000	 73750000	29
chr14	 76300000	 78000000	34
chr14	 80350000	 78950000	28
chr14	 83800000	 85400000	32
chr14	 84700000	 86450000	35
chr14	 87350000	 88650000	26
chr14	 87500000	 87150000	7
chr14	 87550000	 87850000	6
chr14	 87950000	 88800000	17
chr14	 88500000	 86600000	38
chr14	 97350000	 96650000	14
chr14	 97900000	 96300000	32
chr14	 98700000	 97650000	21
chr14	100050000	101850000	36
chr14	101000000	102500000	30
chr14	101800000	100350000	29
chr14	104350000	105550000	24
chr14	105050000	105600000	11
chr14	105350000	103050000	46
chr14	107150000	105450000	34
chr14	109800000	110900000	22
chr14	112200000	109350000	57
chr14	113150000	113150000	0
chr14	113650000	116600000	59
chr14	121000000	121500000	10
chr15	  2600000	  2050000	11
chr15	  7600000	  7000000	12
chr15	  9950000	 10300000	7
chr15	 11150000	 12050000	18
chr15	 12550000	 11850000	14
chr15	 14700000	 13700000	20
chr15	 14700000	 13900000	16
chr15	 18000000	 17650000	7
chr15	 19300000	 18950000	7
chr15	 19850000	 18400000	29
chr15	 22600000	 22000000	12
chr15	 23100000	 19600000	70
chr15	 24150000	 23050000	22
chr15	 26250000	 27050000	16
chr15	 26950000	 27500000	11
chr15	 27150000	 26600000	11
chr15	 28800000	 28450000	7
chr15	 28900000	 28350000	11
chr15	 29100000	 28000000	22
chr15	 29450000	 29050000	8
chr15	 30950000	 32200000	25
chr15	 33150000	 32100000	21
chr15	 35600000	 34650000	19
chr15	 35600000	 34700000	18
chr15	 36950000	 37600000	13
chr15	 40550000	 42950000	48
chr15	 44700000	 43200000	30
chr15	 45900000	 44300000	32
chr15	 47350000	 45950000	28
chr15	 47750000	 48350000	12
chr15	 52050000	 52400000	7
chr15	 54150000	 56400000	45
chr15	 60800000	 62150000	27
chr15	 63050000	 62200000	17
chr15	 66900000	 68500000	32
chr15	 68250000	 68600000	7
chr15	 70000000	 70450000	9
chr15	 70100000	 68650000	29
chr15	 71650000	 69300000	47
chr15	 72600000	 70150000	49
chr15	 74250000	 73600000	13
chr15	 74750000	 75550000	16
chr15	 76050000	 77550000	30
chr15	 77400000	 79400000	40
chr15	 82350000	 84600000	45
chr15	 89600000	 88800000	16
chr15	 90500000	 92900000	48
chr15	 90850000	 90000000	17
chr15	 96850000	 97450000	12
chr15	101150000	101950000	16
chr15	101450000	100100000	27
chr15	102300000	100950000	27
chr15	102900000	102500000	8
chr16	  1150000	   550000	12
chr16	  3200000	  2400000	16
chr16	  3450000	  2900000	11
chr16	  4700000	  2350000	47
chr16	  8100000	  7600000	10
chr16	 10850000	 10450000	8
chr16	 16300000	 14800000	30
chr16	 21200000	 22300000	22
chr16	 22250000	 21000000	25
chr16	 22600000	 23550000	19
chr16	 23300000	 21450000	37
chr16	 25050000	 26200000	23
chr16	 25400000	 26750000	27
chr16	 26800000	 25800000	20
chr16	 28100000	 28750000	13
chr16	 29000000	 32350000	67
chr16	 30500000	 28150000	47
chr16	 31750000	 32400000	13
chr16	 31800000	 30350000	29
chr16	 34100000	 33500000	12
chr16	 35850000	 37650000	36
chr16	 36050000	 33450000	52
chr16	 36600000	 37800000	24
chr16	 43250000	 42700000	11
chr16	 47050000	 46200000	17
chr16	 48150000	 46500000	33
chr16	 49150000	 51350000	44
chr16	 51350000	 52000000	13
chr16	 51700000	 53000000	26
chr16	 52600000	 52050000	11
chr16	 53250000	 54400000	23
chr16	 55200000	 54300000	18
chr16	 62450000	 61650000	16
chr16	 62900000	 64500000	32
chr16	 64700000	 66350000	33
chr16	 79400000	 79900000	10
chr16	 81250000	 82700000	29
chr16	 81450000	 79850000	32
chr16	 84250000	 84550000	6
chr16	 87450000	 88850000	28
chr16	 87800000	 86450000	27
chr16	 89200000	 90250000	21
chr16	 89800000	 88250000	31
chr16	 93000000	 93500000	10
chr16	 93200000	 94850000	33
chr16	 93500000	 92900000	12
chr16	 98100000	 96700000	28
chr17	  3750000	  4250000	10
chr17	  7350000	  8000000	13
chr17	  7450000	  7200000	5
chr17	  9750000	 10950000	24
chr17	 11100000	  9850000	25
chr17	 11600000	 12600000	20
chr17	 12750000	 12250000	10
chr17	 14550000	 17150000	52
chr17	 18000000	 17050000	19
chr17	 19000000	 16750000	45
chr17	 26850000	 25450000	28
chr17	 27400000	 28800000	28
chr17	 38000000	 36950000	21
chr17	 39900000	 39250000	13
chr17	 40300000	 40500000	4
chr17	 40800000	 41800000	20
chr17	 41400000	 39850000	31
chr17	 42550000	 43950000	28
chr17	 42950000	 43450000	10
chr17	 45450000	 46600000	23
chr17	 47700000	 46950000	15
chr17	 47750000	 48850000	22
chr17	 50700000	 50000000	14
chr17	 51700000	 53000000	26
chr17	 52700000	 54000000	26
chr17	 53150000	 53650000	10
chr17	 53250000	 54500000	25
chr17	 54000000	 54000000	0
chr17	 58400000	 59000000	12
chr17	 58850000	 59700000	17
chr17	 59300000	 59850000	11
chr17	 65800000	 67550000	35
chr17	 66000000	 63350000	53
chr17	 67300000	 68600000	26
chr17	 67500000	 68200000	14
chr17	 69750000	 68850000	18
chr17	 72500000	 74000000	30
chr17	 72950000	 72950000	0
chr17	 78000000	 79400000	28
chr17	 85050000	 84550000	10
chr17	 85400000	 85950000	11
chr17	 86150000	 87050000	18
chr17	 86950000	 85000000	39
chr17	 88850000	 87850000	20
chr17	 91600000	 92400000	16
chr17	 93500000	 92800000	14
chr18	  7300000	  7000000	6
chr18	  9550000	  6850000	54
chr18	 11500000	 12750000	25
chr18	 15600000	 15900000	6
chr18	 16400000	 15000000	28
chr18	 17300000	 16000000	26
chr18	 18150000	 16450000	34
chr18	 18950000	 19950000	20
chr18	 19000000	 20550000	31
chr18	 20350000	 19500000	17
chr18	 20900000	 21800000	18
chr18	 21400000	 20950000	9
chr18	 21450000	 20600000	17
chr18	 23950000	 26050000	42
chr18	 25200000	 26300000	22
chr18	 27850000	 26300000	31
chr18	 30850000	 30200000	13
chr18	 37500000	 34900000	52
chr18	 38150000	 38850000	14
chr18	 40450000	 39800000	13
chr18	 42400000	 41650000	15
chr18	 43050000	 42300000	15
chr18	 44500000	 44100000	8
chr18	 45550000	 44250000	26
chr18	 45650000	 42750000	58
chr18	 46300000	 47450000	23
chr18	 46900000	 47850000	19
chr18	 46900000	 48200000	26
chr18	 49750000	 50750000	20
chr18	 50650000	 51400000	15
chr18	 50700000	 52250000	31
chr18	 51400000	 50000000	28
chr18	 53450000	 55100000	33
chr18	 53500000	 55150000	33
chr18	 54200000	 53250000	19
chr18	 54350000	 52850000	30
chr18	 54950000	 54600000	7
chr18	 56000000	 57250000	25
chr18	 60350000	 58700000	33
chr18	 60500000	 60050000	9
chr18	 63150000	 62250000	18
chr18	 64450000	 63450000	20
chr18	 64500000	 65350000	17
chr18	 65350000	 64500000	17
chr18	 67150000	 67850000	14
chr18	 68450000	 66850000	32
chr18	 69050000	 70500000	29
chr18	 69300000	 69950000	13
chr18	 69500000	 69100000	8
chr18	 69950000	 71650000	34
chr18	 70350000	 71100000	15
chr18	 71250000	 69950000	26
chr18	 71700000	 70600000	22
chr18	 77750000	 76050000	34
chr18	 80050000	 81550000	30
chr18	 81450000	 84350000	58
chr18	 83450000	 82750000	14
chr18	 83650000	 81650000	40
chr18	 84100000	 85300000	24
chr18	 86500000	 81900000	92
chr18	 87750000	 84650000	62
chr18	 87800000	 88950000	23
chr18	 88450000	 88850000	8
chr18	 89850000	 88000000	37
chr19	  1450000	  1900000	9
chr19	  8650000	  9900000	25
chr19	 10200000	  9450000	15
chr19	 13350000	 12900000	9
chr19	 16150000	 15100000	21
chr19	 19450000	 19450000	0
chr19	 20600000	 18850000	35
chr19	 22250000	 21050000	24
chr19	 23550000	 22650000	18
chr19	 23700000	 24350000	13
chr19	 24950000	 25600000	13
chr19	 27400000	 27400000	0
chr19	 28650000	 29350000	14
chr19	 29750000	 30250000	10
chr19	 30050000	 31100000	21
chr19	 32450000	 28700000	75
chr19	 37800000	 39900000	42
chr19	 40250000	 39200000	21
chr19	 44600000	 43300000	26
chr19	 44600000	 44050000	11
chr19	 45000000	 44250000	15
chr19	 47650000	 49400000	35
chr19	 48050000	 48600000	11
chr19	 50000000	 47950000	41
chr19	 52400000	 53150000	15
chr19	 53300000	 54450000	23
chr19	 55250000	 56250000	20
chr19	 57750000	 58900000	23
chr19	 60550000	 61100000	11
chr2	   300000	  1250000	19
chr2	   700000	  1550000	17
chr2	  8000000	  7100000	18
chr2	 12650000	 11750000	18
chr2	 13000000	 12000000	20
chr2	 13850000	 13050000	16
chr2	 16750000	 18950000	44
chr2	 16950000	 15850000	22
chr2	 17800000	 16150000	33
chr2	 18850000	 19700000	17
chr2	 20100000	 22250000	43
chr2	 21750000	 21000000	15
chr2	 33600000	 32800000	16
chr2	 33850000	 32150000	34
chr2	 34000000	 34800000	16
chr2	 38950000	 39550000	12
chr2	 39300000	 38450000	17
chr2	 43950000	 43250000	14
chr2	 45300000	 42950000	47
chr2	 48000000	 47700000	6
chr2	 48700000	 50300000	32
chr2	 54400000	 52650000	35
chr2	 54450000	 54450000	0
chr2	 56150000	 57200000	21
chr2	 56350000	 58150000	36
chr2	 57050000	 58100000	21
chr2	 57550000	 59350000	36
chr2	 59100000	 58600000	10
chr2	 67500000	 68800000	26
chr2	 68700000	 66900000	36
chr2	 71700000	 72350000	13
chr2	 74800000	 74200000	12
chr2	 85800000	 85500000	6
chr2	 89400000	 87500000	38
chr2	 90600000	 91700000	22
chr2	 91250000	 89000000	45
chr2	 91700000	 91250000	9
chr2	 92150000	 93450000	26
chr2	 95600000	 95850000	5
chr2	 97450000	 98400000	19
chr2	 98550000	 99300000	15
chr2	 99700000	 99200000	10
chr2	102250000	101000000	25
chr2	108200000	109350000	23
chr2	108300000	107250000	21
chr2	109900000	110950000	21
chr2	110750000	111250000	10
chr2	112900000	111850000	21
chr2	114000000	112350000	33
chr2	116000000	116450000	9
chr2	118650000	117600000	21
chr2	121850000	120800000	21
chr2	122100000	121100000	20
chr2	122900000	121850000	21
chr2	123100000	122100000	20
chr2	130200000	130900000	14
chr2	131150000	130700000	9
chr2	133500000	134100000	12
chr2	136900000	136650000	5
chr2	136950000	139700000	55
chr2	137650000	138550000	18
chr2	139200000	140600000	28
chr2	140100000	140650000	11
chr2	140600000	141700000	22
chr2	141850000	142600000	15
chr2	141900000	143800000	38
chr2	145500000	147350000	37
chr2	145600000	144250000	27
chr2	147250000	146450000	16
chr2	148450000	147650000	16
chr2	149150000	149750000	12
chr2	149400000	150200000	16
chr2	152450000	154250000	36
chr2	154050000	152450000	32
chr2	155750000	155000000	15
chr2	155800000	157000000	24
chr2	158550000	157450000	22
chr2	160950000	162400000	29
chr2	162100000	160100000	40
chr2	162250000	161100000	23
chr2	165250000	163750000	30
chr2	167150000	167350000	4
chr2	167450000	170100000	53
chr2	175500000	174700000	16
chr2	177200000	176400000	16
chr2	178800000	180200000	28
chr2	178850000	180600000	35
chr2	179000000	177400000	32
chr2	179100000	179800000	14
chr2	180200000	178800000	28
chr2	181600000	181150000	9
chr3	  1950000	  2800000	17
chr3	  7200000	  9200000	40
chr3	 10100000	 11450000	27
chr3	 11750000	 11350000	8
chr3	 12050000	  8750000	66
chr3	 12150000	 13800000	33
chr3	 15350000	 14350000	20
chr3	 16700000	 18700000	40
chr3	 20600000	 19150000	29
chr3	 23200000	 23950000	15
chr3	 31250000	 29600000	33
chr3	 31850000	 33200000	27
chr3	 35200000	 34400000	16
chr3	 35850000	 35100000	15
chr3	 36650000	 38100000	29
chr3	 37300000	 38300000	20
chr3	 38650000	 39450000	16
chr3	 40700000	 39300000	28
chr3	 41200000	 39950000	25
chr3	 41650000	 41150000	10
chr3	 46250000	 45050000	24
chr3	 46400000	 47600000	24
chr3	 46750000	 49000000	45
chr3	 47500000	 48300000	16
chr3	 50700000	 48100000	52
chr3	 54700000	 55550000	17
chr3	 62200000	 64050000	37
chr3	 62450000	 60550000	38
chr3	 64450000	 65350000	18
chr3	 66300000	 66950000	13
chr3	 66400000	 67300000	18
chr3	 68500000	 69550000	21
chr3	 68750000	 69200000	9
chr3	 69900000	 68750000	23
chr3	 72500000	 74400000	38
chr3	 74350000	 73300000	21
chr3	 77850000	 79200000	27
chr3	 78850000	 79200000	7
chr3	 83500000	 84200000	14
chr3	 84850000	 84100000	15
chr3	 88950000	 93600000	93
chr3	 92500000	 93550000	21
chr3	 94150000	 91300000	57
chr3	 94150000	 93500000	13
chr3	 95950000	 95200000	15
chr3	 97650000	 97250000	8
chr3	 97850000	 96950000	18
chr3	 99550000	 98800000	15
chr3	 99800000	101600000	36
chr3	105800000	107400000	32
chr3	106100000	103900000	44
chr3	107250000	108900000	33
chr3	108300000	109200000	18
chr3	108750000	110300000	31
chr3	112450000	113350000	18
chr3	114250000	112250000	40
chr3	114500000	113150000	27
chr3	116350000	115600000	15
chr3	118100000	116500000	32
chr3	118650000	117150000	30
chr3	119450000	117150000	46
chr3	120050000	120650000	12
chr3	125750000	127000000	25
chr3	126150000	125200000	19
chr3	127100000	128050000	19
chr3	128800000	129700000	18
chr3	135850000	137600000	35
chr3	137000000	136400000	12
chr3	140900000	141950000	21
chr3	141100000	142000000	18
chr3	146150000	145450000	14
chr3	147650000	150600000	59
chr3	151250000	153400000	43
chr3	154600000	156400000	36
chr4	  1950000	  1200000	15
chr4	  3400000	  3850000	9
chr4	  3800000	  3150000	13
chr4	  7250000	  8750000	30
chr4	  7400000	  8050000	13
chr4	  7750000	  6250000	30
chr4	  9050000	  8150000	18
chr4	 11100000	 11700000	12
chr4	 16500000	 15850000	13
chr4	 18950000	 18950000	0
chr4	 19150000	 17500000	33
chr4	 21150000	 22150000	20
chr4	 24600000	 25250000	13
chr4	 35300000	 35300000	0
chr4	 35550000	 36800000	25
chr4	 36200000	 36750000	11
chr4	 41200000	 42600000	28
chr4	 47300000	 48550000	25
chr4	 52300000	 51600000	14
chr4	 55300000	 54500000	16
chr4	 58700000	 59100000	8
chr4	 58800000	 58150000	13
chr4	 59150000	 59750000	12
chr4	 60200000	 59850000	7
chr4	 61650000	 60100000	31
chr4	 62850000	 63300000	9
chr4	 67400000	 66850000	11
chr4	 70050000	 69450000	12
chr4	 71800000	 71500000	6
chr4	 73550000	 71950000	32
chr4	 78800000	 80450000	33
chr4	 80050000	 79150000	18
chr4	 80150000	 81000000	17
chr4	 80550000	 81000000	9
chr4	 83600000	 86550000	59
chr4	 83900000	 83400000	10
chr4	 85650000	 86900000	25
chr4	 85850000	 85250000	12
chr4	 85850000	 87100000	25
chr4	 86100000	 87000000	18
chr4	 89700000	 89150000	11
chr4	 90400000	 88950000	29
chr4	 91100000	 90700000	8
chr4	 93500000	 94400000	18
chr4	 94400000	 92550000	37
chr4	 95950000	 94200000	35
chr4	 97050000	 95900000	23
chr4	100550000	101500000	19
chr4	102450000	102450000	0
chr4	106650000	108400000	35
chr4	107000000	105800000	24
chr4	111950000	112200000	5
chr4	113450000	117050000	72
chr4	114650000	114000000	13
chr4	114850000	113350000	30
chr4	114850000	115600000	15
chr4	115400000	113500000	38
chr4	117100000	116300000	16
chr4	120350000	122350000	40
chr4	120750000	118800000	39
chr4	121100000	123300000	44
chr4	122200000	121400000	16
chr4	124100000	123300000	16
chr4	124250000	124850000	12
chr4	124750000	124150000	12
chr4	124900000	125600000	14
chr4	127250000	127800000	11
chr4	129300000	130400000	22
chr4	129450000	130600000	23
chr4	130800000	129600000	24
chr4	131700000	132850000	23
chr4	135050000	135750000	14
chr4	135400000	135900000	10
chr4	136950000	137650000	14
chr4	147350000	148800000	29
chr4	149150000	148750000	8
chr4	149250000	150000000	15
chr4	150350000	151250000	18
chr4	153150000	151950000	24
chr5	   950000	  1950000	20
chr5	  1350000	  2550000	24
chr5	  3300000	  3800000	10
chr5	  3450000	  4750000	26
chr5	  4200000	  3650000	11
chr5	  5950000	  4450000	30
chr5	  6600000	  8450000	37
chr5	 13400000	 11900000	30
chr5	 14100000	 12750000	27
chr5	 15700000	 15350000	7
chr5	 17750000	 18400000	13
chr5	 22250000	 22150000	2
chr5	 23200000	 23900000	14
chr5	 23250000	 22050000	24
chr5	 23900000	 25450000	31
chr5	 24050000	 22800000	25
chr5	 24250000	 23450000	16
chr5	 27050000	 25350000	34
chr5	 29550000	 30300000	15
chr5	 31500000	 33050000	31
chr5	 32500000	 32950000	9
chr5	 35650000	 37000000	27
chr5	 36650000	 35550000	22
chr5	 38350000	 40400000	41
chr5	 38900000	 36150000	55
chr5	 40350000	 41100000	15
chr5	 40650000	 39800000	17
chr5	 42650000	 41500000	23
chr5	 44000000	 42900000	22
chr5	 44400000	 43650000	15
chr5	 48900000	 50150000	25
chr5	 50250000	 48550000	34
chr5	 50850000	 49850000	20
chr5	 53300000	 56550000	65
chr5	 54500000	 54050000	9
chr5	 54750000	 54250000	10
chr5	 55200000	 52450000	55
chr5	 57750000	 54700000	61
chr5	 58250000	 57500000	15
chr5	 60850000	 59300000	31
chr5	 62050000	 61100000	19
chr5	 63700000	 62700000	20
chr5	 64450000	 65700000	25
chr5	 67850000	 69400000	31
chr5	 70100000	 68400000	34
chr5	 72450000	 71750000	14
chr5	 75300000	 75600000	6
chr5	 76850000	 78350000	30
chr5	 76950000	 78500000	31
chr5	 78300000	 76600000	34
chr5	 83750000	 82950000	16
chr5	 90600000	 90150000	9
chr5	 91100000	 90450000	13
chr5	 93550000	 92650000	18
chr5	 95750000	 93800000	39
chr5	 97950000	 96400000	31
chr5	 98150000	 97400000	15
chr5	 99150000	 96600000	51
chr5	100100000	100650000	11
chr5	100700000	 99950000	15
chr5	101050000	102600000	31
chr5	102000000	103100000	22
chr5	103450000	103650000	4
chr5	103800000	104350000	11
chr5	109150000	110400000	25
chr5	109950000	111050000	22
chr5	110450000	108600000	37
chr5	112050000	112350000	6
chr5	112500000	111550000	19
chr5	113950000	115400000	29
chr5	114000000	112700000	26
chr5	115600000	116600000	20
chr5	116250000	115300000	19
chr5	118100000	116850000	25
chr5	120500000	118400000	42
chr5	121100000	120050000	21
chr5	124050000	124350000	6
chr5	125100000	125800000	14
chr5	128300000	127000000	26
chr5	130700000	131600000	18
chr5	135200000	136750000	31
chr5	135850000	136850000	20
chr5	136950000	138400000	29
chr5	137050000	136400000	13
chr5	139000000	139900000	18
chr5	139550000	138650000	18
chr5	143400000	142800000	12
chr5	149200000	150900000	34
chr5	150050000	151500000	29
chr5	150550000	151400000	17
chr6	  3200000	  2650000	11
chr6	  7250000	  8350000	22
chr6	  8350000	  8800000	9
chr6	  8550000	  7900000	13
chr6	 10600000	  9750000	17
chr6	 12550000	 12100000	9
chr6	 17250000	 16600000	13
chr6	 17300000	 17000000	6
chr6	 21800000	 22950000	23
chr6	 21900000	 22900000	20
chr6	 24900000	 23550000	27
chr6	 32400000	 31150000	25
chr6	 34250000	 32500000	35
chr6	 35100000	 33950000	23
chr6	 41300000	 43700000	48
chr6	 41800000	 43000000	24
chr6	 41850000	 41350000	10
chr6	 42300000	 40400000	38
chr6	 43250000	 41250000	40
chr6	 43900000	 45050000	23
chr6	 43950000	 42800000	23
chr6	 49450000	 47350000	42
chr6	 50050000	 51650000	32
chr6	 51750000	 49950000	36
chr6	 55250000	 56400000	23
chr6	 56700000	 55950000	15
chr6	 58100000	 60150000	41
chr6	 59800000	 60850000	21
chr6	 60400000	 59900000	10
chr6	 62150000	 63150000	20
chr6	 69150000	 68100000	21
chr6	 74650000	 73750000	18
chr6	 74900000	 75300000	8
chr6	 76250000	 75000000	25
chr6	 79900000	 81050000	23
chr6	 81050000	 79600000	29
chr6	 82950000	 82100000	17
chr6	 96000000	 96800000	16
chr6	 96200000	 96500000	6
chr6	 97050000	 97750000	14
chr6	100050000	100450000	8
chr6	102150000	101100000	21
chr6	103000000	104400000	28
chr6	105950000	105600000	7
chr6	107050000	107500000	9
chr6	109300000	109700000	8
chr6	109600000	110150000	11
chr6	112450000	113300000	17
chr6	113050000	112450000	12
chr6	114200000	113200000	20
chr6	116250000	115200000	21
chr6	119700000	118550000	23
chr6	125400000	124100000	26
chr6	129150000	130800000	33
chr6	131600000	132150000	11
chr6	137150000	135050000	42
chr6	137350000	137950000	12
chr6	138100000	137500000	12
chr6	139600000	141250000	33
chr6	140500000	142200000	34
chr6	145900000	145550000	7
chr6	146350000	145050000	26
chr7	  1200000	  2550000	27
chr7	  2350000	  2900000	11
chr7	  2950000	  4850000	38
chr7	  3500000	  4150000	13
chr7	  6300000	  5350000	19
chr7	  7950000	  8450000	10
chr7	  8950000	  8650000	6
chr7	  9650000	 12550000	58
chr7	 10000000	  8450000	31
chr7	 11750000	 13150000	28
chr7	 13300000	 14050000	15
chr7	 15450000	 12750000	54
chr7	 17550000	 18400000	17
chr7	 17600000	 17200000	8
chr7	 20300000	 19750000	11
chr7	 23900000	 24700000	16
chr7	 37800000	 37450000	7
chr7	 38350000	 37250000	22
chr7	 39350000	 41000000	33
chr7	 39750000	 41650000	38
chr7	 49100000	 48100000	20
chr7	 51700000	 50100000	32
chr7	 52050000	 51150000	18
chr7	 52850000	 53800000	19
chr7	 53850000	 52700000	23
chr7	 54600000	 54250000	7
chr7	 55700000	 54950000	15
chr7	 56050000	 54750000	26
chr7	 57750000	 59450000	34
chr7	 61150000	 61750000	12
chr7	 61300000	 63800000	50
chr7	 64750000	 65600000	17
chr7	 66050000	 66550000	10
chr7	 66650000	 65950000	14
chr7	 73150000	 74500000	27
chr7	 74650000	 74050000	12
chr7	 75200000	 74650000	11
chr7	 75350000	 75750000	8
chr7	 76000000	 75300000	14
chr7	 76700000	 76200000	10
chr7	 79350000	 80100000	15
chr7	 79350000	 80850000	30
chr7	 83300000	 81100000	44
chr7	 84000000	 85200000	24
chr7	 89100000	 91050000	39
chr7	 90750000	 91900000	23
chr7	 91200000	 90400000	16
chr7	 93150000	 92000000	23
chr7	 95200000	 94750000	9
chr7	 96700000	 98750000	41
chr7	 96800000	 98100000	26
chr7	 99600000	 98500000	22
chr7	 99700000	102200000	50
chr7	103900000	104600000	14
chr7	107550000	106550000	20
chr7	107900000	107000000	18
chr7	113400000	113900000	10
chr7	115000000	113600000	28
chr7	115800000	115050000	15
chr7	119450000	118400000	21
chr7	120050000	118800000	25
chr7	120400000	121250000	17
chr7	122150000	122800000	13
chr7	125850000	127700000	37
chr7	126300000	125250000	21
chr7	127050000	124600000	49
chr7	130800000	129600000	24
chr7	131600000	132200000	12
chr7	133550000	134750000	24
chr7	134150000	133700000	9
chr7	135200000	136050000	17
chr7	135800000	135200000	12
chr7	135900000	137100000	24
chr7	138150000	137700000	9
chr7	138250000	137400000	17
chr7	138800000	137150000	33
chr7	145200000	144000000	24
chr8	  1150000	  2100000	19
chr8	  2150000	  3900000	35
chr8	  2750000	   950000	36
chr8	  3050000	  3700000	13
chr8	  5900000	  4350000	31
chr8	  7000000	  8050000	21
chr8	  7050000	  6350000	14
chr8	  8950000	  9900000	19
chr8	 10150000	 11950000	36
chr8	 10400000	 11750000	27
chr8	 10950000	  9950000	20
chr8	 24800000	 21800000	60
chr8	 25200000	 26250000	21
chr8	 26000000	 25500000	10
chr8	 28500000	 27250000	25
chr8	 29150000	 30150000	20
chr8	 29250000	 28650000	12
chr8	 33100000	 32650000	9
chr8	 38100000	 35300000	56
chr8	 39050000	 36800000	45
chr8	 49000000	 51550000	51
chr8	 50550000	 51550000	20
chr8	 52150000	 52450000	6
chr8	 57500000	 58350000	17
chr8	 57950000	 56850000	22
chr8	 58050000	 60150000	42
chr8	 62300000	 63500000	24
chr8	 62650000	 62350000	6
chr8	 63100000	 61900000	24
chr8	 64600000	 64050000	11
chr8	 66700000	 67550000	17
chr8	 67850000	 68800000	19
chr8	 68100000	 67450000	13
chr8	 70250000	 69000000	25
chr8	 73900000	 74600000	14
chr8	 74950000	 73300000	33
chr8	 76350000	 74950000	28
chr8	 76350000	 75800000	11
chr8	 83250000	 83600000	7
chr8	 88400000	 87350000	21
chr8	 89650000	 91800000	43
chr8	 91600000	 90900000	14
chr8	 99750000	101100000	27
chr8	103850000	107250000	68
chr8	105550000	104650000	18
chr8	105900000	105550000	7
chr8	107350000	105050000	46
chr8	110200000	111350000	23
chr8	110350000	112400000	41
chr8	112250000	111350000	18
chr8	112800000	112150000	13
chr8	112850000	111650000	24
chr8	113700000	113200000	10
chr8	114800000	115700000	18
chr8	116300000	114900000	28
chr8	118950000	117750000	24
chr8	120200000	119050000	23
chr8	120550000	119900000	13
chr8	122000000	123650000	33
chr8	124450000	125550000	22
chr8	126600000	125950000	13
chr8	127900000	127000000	18
chr8	128350000	129400000	21
chr8	128550000	127800000	15
chr9	  2100000	  1400000	14
chr9	  3950000	  2500000	29
chr9	  5550000	  4150000	28
chr9	  5800000	  5100000	14
chr9	  8400000	  9350000	19
chr9	 19700000	 20750000	21
chr9	 19750000	 20450000	14
chr9	 21050000	 23300000	45
chr9	 21150000	 22000000	17
chr9	 22700000	 23150000	9
chr9	 23900000	 24400000	10
chr9	 24500000	 25650000	23
chr9	 24850000	 26500000	33
chr9	 24950000	 24650000	6
chr9	 29500000	 30500000	20
chr9	 29550000	 30400000	17
chr9	 30550000	 30850000	6
chr9	 31750000	 31150000	12
chr9	 32450000	 33300000	17
chr9	 34450000	 35050000	12
chr9	 37200000	 37200000	0
chr9	 41850000	 44150000	46
chr9	 42600000	 44350000	35
chr9	 43250000	 42300000	19
chr9	 44500000	 46250000	35
chr9	 46150000	 47650000	30
chr9	 47300000	 46550000	15
chr9	 47600000	 48800000	24
chr9	 47750000	 47050000	14
chr9	 48900000	 47650000	25
chr9	 49550000	 50050000	10
chr9	 49950000	 49150000	16
chr9	 54000000	 56300000	46
chr9	 54250000	 55200000	19
chr9	 54500000	 56450000	39
chr9	 57950000	 56950000	20
chr9	 58500000	 58850000	7
chr9	 58850000	 57800000	21
chr9	 66750000	 68100000	27
chr9	 68900000	 69300000	8
chr9	 75750000	 76550000	16
chr9	 76650000	 75700000	19
chr9	 77450000	 75550000	38
chr9	 79600000	 81050000	29
chr9	 85550000	 84950000	12
chr9	 89850000	 89200000	13
chr9	 89900000	 88250000	33
chr9	 92050000	 89250000	56
chr9	 92650000	 93300000	13
chr9	 95550000	 96100000	11
chr9	 98600000	 99450000	17
chr9	101100000	101900000	16
chr9	101500000	101750000	5
chr9	104900000	103600000	26
chr9	105400000	104650000	15
chr9	109400000	110100000	14
chr9	111350000	109950000	28
chr9	114400000	115050000	13
chr9	117650000	116550000	22
chrX	  1050000	  2250000	24
chrX	  1550000	  1750000	4
chrX	  5350000	  6100000	15
chrX	  5400000	  3650000	35
chrX	  6950000	  6400000	11
chrX	  7050000	  8000000	19
chrX	  9500000	  9650000	3
chrX	 11350000	  8850000	50
chrX	 13850000	 13650000	4
chrX	 17350000	 16450000	18
chrX	 19900000	 18400000	30
chrX	 22350000	 23200000	17
chrX	 24150000	 25500000	27
chrX	 25700000	 27150000	29
chrX	 27100000	 28000000	18
chrX	 27850000	 28550000	14
chrX	 35200000	 35400000	4
chrX	 36000000	 35450000	11
chrX	 36200000	 35100000	22
chrX	 40500000	 39650000	17
chrX	 40500000	 41550000	21
chrX	 40750000	 41350000	12
chrX	 42000000	 40600000	28
chrX	 42050000	 42500000	9
chrX	 43250000	 42850000	8
chrX	 43350000	 42950000	8
chrX	 46200000	 45500000	14
chrX	 48300000	 50850000	51
chrX	 50550000	 52400000	37
chrX	 53550000	 54400000	17
chrX	 54700000	 55500000	16
chrX	 55900000	 54850000	21
chrX	 59950000	 59150000	16
chrX	 60950000	 60750000	4
chrX	 62600000	 62050000	11
chrX	 64500000	 64100000	8
chrX	 72700000	 70800000	38
chrX	 73700000	 75500000	36
chrX	 74200000	 75500000	26
chrX	 77800000	 76700000	22
chrX	 81050000	 82450000	28
chrX	 81200000	 80100000	22
chrX	 81300000	 79100000	44
chrX	 82650000	 81550000	22
chrX	 85200000	 84500000	14
chrX	 87200000	 86050000	23
chrX	 88450000	 89150000	14
chrX	 88950000	 89950000	20
chrX	 92800000	 91800000	20
chrX	 94650000	 92600000	41
chrX	 99400000	 98900000	10
chrX	104700000	104150000	11
chrX	110700000	109550000	23
chrX	111800000	111400000	8
chrX	112950000	112200000	15
chrX	114200000	114650000	9
chrX	115150000	114050000	22
chrX	119050000	119850000	16
chrX	119200000	117500000	34
chrX	119600000	120500000	18
chrX	124600000	123600000	20
chrX	125850000	126400000	11
chrX	127500000	129200000	34
chrX	128700000	129600000	18
chrX	129750000	127600000	43
chrX	133250000	133850000	12
chrX	148900000	148300000	12
chrX	149400000	150150000	15
chrX	149900000	150400000	10
chrX	152300000	153450000	23
chrX	152900000	151050000	37
chrX	154550000	154800000	5
chrX	157800000	156350000	29
chrX	158850000	157650000	24
chrX	159500000	160050000	11
chrX	159850000	160500000	13
chrX	160200000	160700000	10
chrX	161950000	164750000	56
chrX	162350000	162700000	7
chrX	165700000	167200000	30
chrX	168900000	167650000	25
chrX	170450000	168750000	34
chrY	  6400000	  5750000	13
chrY	  8300000	  7150000	23
chrY	  9450000	 10800000	27
chrY	 10500000	 11350000	17
chrY	 15900000	 16500000	12
chrY	 22900000	 22300000	12
chrY	 26700000	 27500000	16
chrY	 30400000	 31500000	22
chrY	 30700000	 28850000	37
chrY	 31150000	 31700000	11
chrY	 31850000	 32700000	17
chrY	 33400000	 32700000	14
chrY	 36600000	 37850000	25
chrY	 36900000	 35850000	21
chrY	 37450000	 35600000	37
chrY	 38650000	 37250000	28
chrY	 38850000	 40600000	35
chrY	 42500000	 43500000	20
chrY	 42500000	 43950000	29
chrY	 44950000	 45850000	18
chrY	 45700000	 43750000	39
chrY	 47700000	 48650000	19
chrY	 48650000	 49850000	24
chrY	 51300000	 52800000	30
chrY	 51450000	 50000000	29
chrY	 51600000	 50250000	27
chrY	 54900000	 54150000	15
chrY	 55650000	 56400000	15
chrY	 56500000	 57450000	19
chrY	 56900000	 57800000	18
chrY	 57600000	 58100000	10
chrY	 58400000	 60550000	43
chrY	 59600000	 58600000	20
chrY	 61550000	 62650000	22
chrY	 62050000	 60700000	27
chrY	 62500000	 61400000	22
chrY	 65100000	 64450000	13
chrY	 65300000	 66900000	32
chrY	 74900000	 76050000	23
chrY	 75450000	 74200000	25
chrY	 75800000	 76450000	13
chrY	 77900000	 78550000	13
chrY	 78500000	 81050000	51
chrY	 78550000	 79300000	15
chrY	 81150000	 82000000	17
chrY	 82800000	 82150000	13
chrY	 83450000	 84300000	17
chrY	 83850000	 82400000	29
chrY	 84300000	 83500000	16
chrY	 87500000	 88600000	22
chrY	 90350000	 89800000	11
