chr1	   250000	   750000	10
chr1	  2050000	  3450000	28
chr1	  3800000	  2700000	22
chr1	  4650000	  5050000	8
chr1	  5500000	  5100000	8
chr1	  6500000	  5700000	16
chr1	  9300000	 11000000	34
chr1	 13500000	 14500000	20
chr1	 19300000	 17650000	33
chr1	 19500000	 18400000	22
chr1	 20100000	 19500000	12
chr1	 21000000	 22000000	20
chr1	 21900000	 21350000	11
chr1	 22150000	 23200000	21
chr1	 22700000	 21100000	32
chr1	 24050000	 24700000	13
chr1	 26000000	 24650000	27
chr1	 26300000	 28800000	50
chr1	 26450000	 25300000	23
chr1	 32750000	 34400000	33
chr1	 34400000	 32700000	34
chr1	 39450000	 40300000	17
chr1	 39700000	 39150000	11
chr1	 40000000	 39300000	14
chr1	 40050000	 39150000	18
chr1	 42250000	 41050000	24
chr1	 42300000	 44150000	37
chr1	 43200000	 44900000	34
chr1	 45650000	 44350000	26
chr1	 46950000	 48350000	28
chr1	 47150000	 48750000	32
chr1	 47350000	 48000000	13
chr1	 50600000	 50250000	7
chr1	 51850000	 50800000	21
chr1	 52450000	 51750000	14
chr1	 54650000	 53950000	14
chr1	 57100000	 57850000	15
chr1	 59750000	 58000000	35
chr1	 59800000	 61050000	25
chr1	 62150000	 63250000	22
chr1	 63550000	 62950000	12
chr1	 63850000	 64650000	16
chr1	 64700000	 63750000	19
chr1	 65350000	 63700000	33
chr1	 66350000	 64650000	34
chr1	 68550000	 67550000	20
chr1	 68650000	 69450000	16
chr1	 71850000	 69650000	44
chr1	 73450000	 75250000	36
chr1	 74250000	 72100000	43
chr1	 75050000	 77100000	41
chr1	 76250000	 75600000	13
chr1	 79000000	 80150000	23
chr1	 79800000	 80750000	19
chr1	 80550000	 79800000	15
chr1	 81600000	 80850000	15
chr1	 90250000	 89100000	23
chr1	 93700000	 90800000	58
chr1	 99850000	100400000	11
chr1	101350000	102200000	17
chr1	103700000	104600000	18
chr1	110700000	108850000	37
chr1	113350000	114700000	27
chr1	114300000	116550000	45
chr1	114600000	115400000	16
chr1	116400000	114950000	29
chr1	117700000	119500000	36
chr1	119900000	122400000	50
chr1	121000000	121650000	13
chr1	124150000	122550000	32
chr1	125250000	123700000	31
chr1	127350000	125350000	40
chr1	129500000	131500000	40
chr1	132800000	132350000	9
chr1	132900000	133500000	12
chr1	134850000	135800000	19
chr1	135700000	138100000	48
chr1	137500000	134150000	67
chr1	143300000	142050000	25
chr1	143600000	142550000	21
chr1	148550000	147800000	15
chr1	149100000	149450000	7
chr1	153050000	151650000	28
chr1	153650000	155950000	46
chr1	154650000	153800000	17
chr1	155000000	154250000	15
chr1	156050000	157150000	22
chr1	159850000	159300000	11
chr1	165600000	167000000	28
chr1	165850000	165100000	15
chr1	167100000	167100000	0
chr1	167700000	168450000	15
chr1	168450000	166550000	38
chr1	169150000	168350000	16
chr1	170800000	169650000	23
chr1	175300000	176350000	21
chr1	179850000	180500000	13
chr1	181850000	179650000	44
chr1	183650000	183300000	7
chr1	185050000	186800000	35
chr1	186300000	188950000	53
chr1	186900000	187300000	8
chr1	187150000	189450000	46
chr1	188550000	188100000	9
chr1	190050000	191150000	22
chr1	190300000	191000000	14
chr1	190550000	190050000	10
chr1	194400000	193250000	23
chr10	  3350000	  4000000	13
chr10	  6050000	  6550000	10
chr10	  8200000	  7000000	24
chr10	  8400000	  7100000	26
chr10	 12100000	 12600000	10
chr10	 12850000	 13300000	9
chr10	 13350000	 13350000	0
chr10	 14100000	 13550000	11
chr10	 14350000	 15900000	31
chr10	 18050000	 18900000	17
chr10	 21800000	 21500000	6
chr10	 22400000	 21300000	22
chr10	 23050000	 21550000	30
chr10	 25300000	 24300000	20
chr10	 26350000	 24700000	33
chr10	 26750000	 27400000	13
chr10	 31150000	 31850000	14
chr10	 32650000	 32350000	6
chr10	 32750000	 32250000	10
chr10	 34100000	 34750000	13
chr10	 38100000	 36100000	40
chr10	 38650000	 37900000	15
chr10	 45200000	 46100000	18
chr10	 45750000	 47100000	27
chr10	 46450000	 45300000	23
chr10	 50700000	 53050000	47
chr10	 52000000	 51750000	5
chr10	 52050000	 48300000	75
chr10	 52550000	 51000000	31
chr10	 52650000	 53500000	17
chr10	 53900000	 53350000	11
chr10	 55100000	 56550000	29
chr10	 57300000	 55250000	41
chr10	 57650000	 58250000	12
chr10	 58800000	 57850000	19
chr10	 62600000	 59800000	56
chr10	 69750000	 69750000	0
chr10	 76700000	 77550000	17
chr10	 77850000	 78900000	21
chr10	 79950000	 82700000	55
chr10	 82550000	 80800000	35
chr10	 82650000	 83300000	13
chr10	 83100000	 82650000	9
chr10	 86700000	 85950000	15
chr10	 87000000	 88050000	21
chr10	 87600000	 86850000	15
chr10	 88450000	 87250000	24
chr10	 89150000	 91250000	42
chr10	 90550000	 92550000	40
chr10	 92650000	 93300000	13
chr10	 94400000	 95100000	14
chr10	 94750000	 95750000	20
chr10	 98750000	 99500000	15
chr10	 98950000	100850000	38
chr10	100300000	102550000	45
chr10	100550000	100000000	11
chr10	100750000	102950000	44
chr10	101150000	102700000	31
chr10	102550000	103250000	14
chr10	103950000	105500000	31
chr10	104900000	104250000	13
chr10	105400000	103750000	33
chr10	106700000	106100000	12
chr10	106750000	106450000	6
chr10	107250000	106800000	9
chr10	107250000	110000000	55
chr10	107300000	109000000	34
chr10	107400000	108750000	27
chr10	107750000	109150000	28
chr10	111200000	109500000	34
chr10	112950000	114600000	33
chr10	115000000	114400000	12
chr10	115700000	114950000	15
chr10	115750000	113650000	42
chr10	116650000	117900000	25
chr10	117250000	116450000	16
chr10	120100000	121600000	30
chr10	121150000	121900000	15
chr10	122000000	121200000	16
chr10	122750000	124000000	25
chr10	124900000	123700000	24
chr10	126550000	127750000	24
chr10	128400000	129400000	20
chr11	  3600000	  1000000	52
chr11	  4100000	  5550000	29
chr11	  6700000	  5900000	16
chr11	  7600000	  7600000	0
chr11	  7650000	  7000000	13
chr11	 10400000	 11550000	23
chr11	 10850000	 13050000	44
chr11	 11200000	 11800000	12
chr11	 11800000	  9950000	37
chr11	 12700000	 11300000	28
chr11	 15800000	 15150000	13
chr11	 16950000	 17500000	11
chr11	 18250000	 17750000	10
chr11	 18800000	 19200000	8
chr11	 22150000	 20500000	33
chr11	 22700000	 23200000	10
chr11	 24800000	 25800000	20
chr11	 27700000	 26750000	19
chr11	 28300000	 27950000	7
chr11	 29600000	 30100000	10
chr11	 30150000	 29150000	20
chr11	 31100000	 30700000	8
chr11	 34900000	 36050000	23
chr11	 35300000	 33200000	42
chr11	 44250000	 41000000	65
chr11	 45150000	 43450000	34
chr11	 51750000	 51050000	14
chr11	 58150000	 58900000	15
chr11	 59950000	 61100000	23
chr11	 64950000	 63700000	25
chr11	 65150000	 65850000	14
chr11	 66300000	 64700000	32
chr11	 67900000	 68450000	11
chr11	 68200000	 69250000	21
chr11	 70800000	 69600000	24
chr11	 74500000	 73000000	30
chr11	 81400000	 82800000	28
chr11	 85600000	 83600000	40
chr11	 85750000	 87300000	31
chr11	 89700000	 92700000	60
chr11	 91050000	 90400000	13
chr11	 91600000	 92750000	23
chr11	 91750000	 92600000	17
chr11	 93550000	 93250000	6
chr11	 93650000	 92350000	26
chr11	 94200000	 92850000	27
chr11	 95400000	 97100000	34
chr11	 98350000	 99450000	22
chr11	 99700000	100650000	19
chr11	103450000	102350000	22
chr11	104500000	102250000	45
chr11	106950000	106400000	11
chr11	107500000	108600000	22
chr11	108100000	110400000	46
chr11	109550000	108750000	16
chr11	110550000	111050000	10
chr11	110750000	112100000	27
chr11	115800000	116750000	19
chr11	116650000	115450000	24
chr11	118000000	119200000	24
chr11	118700000	117650000	21
chr11	120350000	121200000	17
chr12	  3500000	  4500000	20
chr12	  3800000	  2750000	21
chr12	  4250000	  6650000	48
chr12	  7700000	  7250000	9
chr12	  8750000	 10250000	30
chr12	 10050000	  9000000	21
chr12	 12100000	 13750000	33
chr12	 17100000	 16500000	12
chr12	 17250000	 16550000	14
chr12	 23400000	 22900000	10
chr12	 27950000	 28400000	9
chr12	 31400000	 32650000	25
chr12	 31500000	 31900000	8
chr12	 32800000	 33900000	22
chr12	 37050000	 35250000	36
chr12	 37850000	 39650000	36
chr12	 46250000	 47150000	18
chr12	 46900000	 48400000	30
chr12	 51250000	 50400000	17
chr12	 56250000	 55750000	10
chr12	 57250000	 58000000	15
chr12	 58800000	 61250000	49
chr12	 62300000	 61950000	7
chr12	 64250000	 63350000	18
chr12	 66100000	 67100000	20
chr12	 73000000	 71900000	22
chr12	 73250000	 74450000	24
chr12	 74150000	 72850000	26
chr12	 74850000	 73550000	26
chr12	 75250000	 74350000	18
chr12	 75350000	 76600000	25
chr12	 76150000	 77550000	28
chr12	 77100000	 77950000	17
chr12	 78050000	 78850000	16
chr12	 80800000	 78350000	49
chr12	 82250000	 81850000	8
chr12	 83900000	 83450000	9
chr12	 84850000	 86350000	30
chr12	 85750000	 87850000	42
chr12	 86100000	 84300000	36
chr12	 90700000	 89950000	15
chr12	 93050000	 92700000	7
chr12	 93400000	 94250000	17
chr12	 97550000	 96750000	16
chr12	 99650000	100700000	21
chr12	 99800000	100250000	9
chr12	105050000	106750000	34
chr12	110200000	109200000	20
chr12	118600000	117750000	17
chr12	118600000	117800000	16
chr13	  2800000	  1000000	36
chr13	  7450000	  8250000	16
chr13	  9750000	 11650000	38
chr13	 10050000	 11300000	25
chr13	 11000000	  9650000	27
chr13	 12350000	 13950000	32
chr13	 13600000	 12900000	14
chr13	 20750000	 19750000	20
chr13	 21500000	 18850000	53
chr13	 23200000	 22150000	21
chr13	 24500000	 25300000	16
chr13	 25050000	 26600000	31
chr13	 28500000	 29500000	20
chr13	 34600000	 36500000	38
chr13	 36600000	 38000000	28
chr13	 38650000	 35550000	62
chr13	 40700000	 42300000	32
chr13	 41200000	 40500000	14
chr13	 43450000	 42550000	18
chr13	 44200000	 48750000	91
chr13	 44950000	 46150000	24
chr13	 45000000	 45650000	13
chr13	 45000000	 46000000	20
chr13	 47150000	 48150000	20
chr13	 58850000	 59200000	7
chr13	 65150000	 66600000	29
chr13	 66050000	 67300000	25
chr13	 68750000	 69800000	21
chr13	 70800000	 70200000	12
chr13	 71650000	 72600000	19
chr13	 71950000	 70550000	28
chr13	 72950000	 72200000	15
chr13	 76900000	 76250000	13
chr13	 78100000	 76600000	30
chr13	 78250000	 79500000	25
chr13	 84750000	 83800000	19
chr13	 88800000	 91500000	54
chr13	 90150000	 88200000	39
chr13	 93900000	 92600000	26
chr13	 95250000	 96700000	29
chr13	 96800000	 95950000	17
chr13	 99550000	100550000	20
chr13	102000000	102500000	10
chr13	103750000	102450000	26
chr13	106350000	106700000	7
chr13	107200000	109200000	40
chr13	108350000	110400000	41
chr13	109150000	107550000	32
chr13	110850000	109750000	22
chr13	112950000	111750000	24
chr13	117400000	119000000	32
chr14	  1350000	  2350000	20
chr14	  2400000	  3950000	31
chr14	  5150000	  6400000	25
chr14	  9500000	 10200000	14
chr14	 15150000	 14750000	8
chr14	 16100000	 14900000	24
chr14	 16250000	 14100000	43
chr14	 17200000	 16200000	20
chr14	 21700000	 23550000	37
chr14	 21700000	 23950000	45
chr14	 22650000	 23500000	17
chr14	 27100000	 27600000	10
chr14	 28500000	 29250000	15
chr14	 30600000	 29400000	24
chr14	 32000000	 33950000	39
chr14	 32600000	 33900000	26
chr14	 32650000	 32000000	13
chr14	 32700000	 31750000	19
chr14	 33600000	 33950000	7
chr14	 35950000	 34850000	22
chr14	 36100000	 33650000	49
chr14	 38550000	 37650000	18
chr14	 38750000	 39650000	18
chr14	 40900000	 40250000	13
chr14	 43600000	 44200000	12
chr14	 43700000	 46100000	48
chr14	 44350000	 43950000	8
chr14	 49400000	 48300000	22
chr14	 51500000	 50150000	27
chr14	 51700000	 52650000	19
chr14	 56250000	 54550000	34
chr14	 62200000	 63700000	30
chr14	 63600000	 63150000	9
chr14	 67200000	 65900000	26
chr14	 70150000	 70950000	16
chr14	 71550000	 69800000	35
chr14	 73100000	 74100000	20
chr14	 73150000	 72650000	10
chr14	 77400000	 74500000	58
chr14	 82900000	 80700000	44
chr14	 87300000	 85850000	29
chr14	 89500000	 88000000	30
chr14	 90900000	 90250000	13
chr14	 91100000	 91950000	17
chr14	 91500000	 92950000	29
chr14	 95450000	 95050000	8
chr14	 97600000	 98100000	10
chr14	100950000	101900000	19
chr14	101700000	103750000	41
chr14	105100000	103850000	25
chr14	105100000	104500000	12
chr14	106000000	104550000	29
chr14	106650000	106050000	12
chr14	107150000	108150000	20
chr14	110050000	110650000	12
chr14	112750000	110250000	50
chr14	114150000	117000000	57
chr14	116200000	114650000	31
chr14	117600000	116300000	26
chr14	120600000	122450000	37
chr14	121800000	123750000	39
chr14	123000000	124400000	28
chr14	123200000	124050000	17
chr15	  4650000	  6000000	27
chr15	  5900000	  6850000	19
chr15	  5950000	  6400000	9
chr15	 10400000	  9450000	19
chr15	 10800000	  9150000	33
chr15	 12150000	 10300000	37
chr15	 12150000	 11400000	15
chr15	 12700000	 15400000	54
chr15	 13000000	 14050000	21
chr15	 13700000	 16000000	46
chr15	 16900000	 18050000	23
chr15	 18200000	 19300000	22
chr15	 23550000	 22400000	23
chr15	 29150000	 28550000	12
chr15	 30300000	 30850000	11
chr15	 35800000	 37100000	26
chr15	 40200000	 41050000	17
chr15	 44750000	 44050000	14
chr15	 44850000	 46550000	34
chr15	 45450000	 43650000	36
chr15	 47900000	 48400000	10
chr15	 49350000	 49950000	12
chr15	 50850000	 52450000	32
chr15	 53750000	 53150000	12
chr15	 58650000	 61050000	48
chr15	 58750000	 57650000	22
chr15	 59500000	 56900000	52
chr15	 62150000	 62950000	16
chr15	 63300000	 62950000	7
chr15	 63500000	 62800000	14
chr15	 64950000	 65700000	15
chr15	 66550000	 66350000	4
chr15	 66650000	 67100000	9
chr15	 68350000	 69350000	20
chr15	 70150000	 71500000	27
chr15	 74650000	 73750000	18
chr15	 76900000	 76650000	5
chr15	 78300000	 76050000	45
chr15	 80600000	 80750000	3
chr15	 84550000	 83750000	16
chr15	 85350000	 84350000	20
chr15	 86900000	 85900000	20
chr15	 91400000	 91700000	6
chr15	 93400000	 93800000	8
chr15	 94100000	 96100000	40
chr15	 98200000	 97250000	19
chr15	100050000	102850000	56
chr15	100150000	101650000	30
chr16	  3400000	  4000000	12
chr16	  7150000	  7450000	6
chr16	 11950000	 13000000	21
chr16	 12300000	 13450000	23
chr16	 12650000	 13500000	17
chr16	 14000000	 13150000	17
chr16	 14450000	 14950000	10
chr16	 18850000	 19650000	16
chr16	 19700000	 18850000	17
chr16	 21050000	 20550000	10
chr16	 23300000	 21700000	32
chr16	 23500000	 25200000	34
chr16	 24400000	 22950000	29
chr16	 26500000	 28200000	34
chr16	 26800000	 27050000	5
chr16	 27400000	 25900000	30
chr16	 31900000	 33000000	22
chr16	 37750000	 35200000	51
chr16	 38650000	 39600000	19
chr16	 42950000	 44000000	21
chr16	 48500000	 47400000	22
chr16	 48500000	 48500000	0
chr16	 48950000	 47650000	26
chr16	 50600000	 49850000	15
chr16	 50600000	 52300000	34
chr16	 51250000	 51850000	12
chr16	 51950000	 53700000	35
chr16	 52900000	 51900000	20
chr16	 53250000	 54400000	23
chr16	 55350000	 55750000	8
chr16	 56050000	 56350000	6
chr16	 59050000	 60100000	21
chr16	 61050000	 62400000	27
chr16	 63250000	 62550000	14
chr16	 64800000	 65100000	6
chr16	 64850000	 63950000	18
chr16	 64850000	 66200000	27
chr16	 65100000	 66050000	19
chr16	 66750000	 64850000	38
chr16	 67600000	 69450000	37
chr16	 67800000	 67350000	9
chr16	 67800000	 68350000	11
chr16	 69450000	 68300000	23
chr16	 71050000	 71900000	17
chr16	 72200000	 71400000	16
chr16	 72250000	 73450000	24
chr16	 74100000	 76150000	41
chr16	 75050000	 76500000	29
chr16	 75600000	 77200000	32
chr16	 75850000	 78300000	49
chr16	 77950000	 76500000	29
chr16	 79500000	 79000000	10
chr16	 82100000	 81200000	18
chr16	 84200000	 84700000	10
chr16	 85300000	 86050000	15
chr16	 89350000	 91200000	37
chr16	 93400000	 94000000	12
chr16	 95550000	 94600000	19
chr16	 95550000	 96250000	14
chr17	  2100000	  3700000	32
chr17	  3450000	  4150000	14
chr17	  3750000	  2650000	22
chr17	  4700000	  5900000	24
chr17	  6950000	  5600000	27
chr17	  9800000	 11850000	41
chr17	 11050000	 12300000	25
chr17	 12650000	 11300000	27
chr17	 13450000	 15800000	47
chr17	 14000000	 13250000	15
chr17	 15150000	 14200000	19
chr17	 19250000	 18450000	16
chr17	 19550000	 19200000	7
chr17	 20500000	 18850000	33
chr17	 21500000	 23000000	30
chr17	 21600000	 23050000	29
chr17	 23150000	 21350000	36
chr17	 23800000	 25050000	25
chr17	 25500000	 23950000	31
chr17	 25700000	 27800000	42
chr17	 26850000	 26200000	13
chr17	 29550000	 28700000	17
chr17	 29850000	 29150000	14
chr17	 30350000	 29750000	12
chr17	 36050000	 36950000	18
chr17	 36550000	 37050000	10
chr17	 39050000	 39050000	0
chr17	 39050000	 39700000	13
chr17	 39200000	 38400000	16
chr17	 39600000	 40650000	21
chr17	 42100000	 41300000	16
chr17	 42150000	 41450000	14
chr17	 45250000	 44150000	22
chr17	 45850000	 46700000	17
chr17	 51750000	 53200000	29
chr17	 54850000	 56150000	26
chr17	 60650000	 59800000	17
chr17	 64350000	 65200000	17
chr17	 65750000	 65100000	13
chr17	 69350000	 70000000	13
chr17	 73350000	 71600000	35
chr17	 76750000	 78000000	25
chr17	 77850000	 79500000	33
chr17	 81150000	 80250000	18
chr17	 84100000	 83500000	12
chr17	 90600000	 89350000	25
chr17	 90750000	 90100000	13
chr17	 91050000	 90500000	11
chr17	 94450000	 93750000	14
chr18	  1600000	  2500000	18
chr18	  1950000	   700000	25
chr18	  2350000	  2750000	8
chr18	  2650000	  4650000	40
chr18	  4600000	  2450000	43
chr18	  6100000	  5650000	9
chr18	  7600000	 10800000	64
chr18	  9150000	  7800000	27
chr18	 10150000	 10700000	11
chr18	 10750000	 10200000	11
chr18	 14150000	 14800000	13
chr18	 17100000	 18200000	22
chr18	 17500000	 17050000	9
chr18	 22050000	 22350000	6
chr18	 22500000	 21250000	25
chr18	 27150000	 26750000	8
chr18	 27150000	 28250000	22
chr18	 30100000	 29400000	14
chr18	 33150000	 32100000	21
chr18	 33450000	 34550000	22
chr18	 38350000	 39150000	16
chr18	 39550000	 40900000	27
chr18	 49750000	 50950000	24
chr18	 52400000	 53500000	22
chr18	 55800000	 57050000	25
chr18	 56450000	 56750000	6
chr18	 56600000	 54000000	52
chr18	 57400000	 56950000	9
chr18	 58350000	 58750000	8
chr18	 59300000	 57600000	34
chr18	 59950000	 61100000	23
chr18	 66700000	 65350000	27
chr18	 69600000	 71000000	28
chr18	 72100000	 71650000	9
chr18	 72950000	 71400000	31
chr18	 75550000	 74800000	15
chr18	 79800000	 79100000	14
chr18	 82100000	 81650000	9
chr18	 82400000	 82000000	8
chr18	 85150000	 83550000	32
chr19	  5850000	  7500000	33
chr19	  9550000	  8400000	23
chr19	 14900000	 14350000	11
chr19	 18300000	 19050000	15
chr19	 20500000	 17350000	63
chr19	 21200000	 19850000	27
chr19	 25750000	 26600000	17
chr19	 27800000	 29750000	39
chr19	 32400000	 33150000	15
chr19	 35000000	 35750000	15
chr19	 36550000	 36250000	6
chr19	 37250000	 36300000	19
chr19	 38950000	 37450000	30
chr19	 40700000	 38950000	35
chr19	 48000000	 49500000	30
chr19	 48700000	 50950000	45
chr19	 50950000	 50050000	18
chr19	 52400000	 52900000	10
chr19	 55800000	 55150000	13
chr19	 57600000	 56050000	31
chr19	 60350000	 59300000	21
chr19	 60800000	 61000000	4
chr2	  4450000	  5150000	14
chr2	  5300000	  6000000	14
chr2	  8000000	  9950000	39
chr2	  8350000	  8950000	12
chr2	 10550000	 14200000	73
chr2	 13800000	 12150000	33
chr2	 18000000	 17150000	17
chr2	 20450000	 21600000	23
chr2	 27100000	 26650000	9
chr2	 27950000	 25950000	40
chr2	 29200000	 29800000	12
chr2	 35050000	 36200000	23
chr2	 36050000	 35550000	10
chr2	 36300000	 37900000	32
chr2	 38400000	 39650000	25
chr2	 39900000	 38950000	19
chr2	 40500000	 41100000	12
chr2	 41800000	 42150000	7
chr2	 47050000	 46300000	15
chr2	 52050000	 51400000	13
chr2	 52500000	 51150000	27
chr2	 53250000	 53800000	11
chr2	 53450000	 54750000	26
chr2	 63400000	 62650000	15
chr2	 64000000	 63250000	15
chr2	 64800000	 64250000	11
chr2	 65200000	 66550000	27
chr2	 65900000	 66500000	12
chr2	 69500000	 68500000	20
chr2	 69500000	 70800000	26
chr2	 70200000	 69300000	18
chr2	 71750000	 74100000	47
chr2	 80100000	 82300000	44
chr2	 82850000	 84600000	35
chr2	 83200000	 84600000	28
chr2	 85500000	 84150000	27
chr2	 90900000	 91300000	8
chr2	 91350000	 92350000	20
chr2	 94750000	 95650000	18
chr2	 95000000	 94000000	20
chr2	 96700000	 98100000	28
chr2	 97950000	 99250000	26
chr2	100750000	101300000	11
chr2	103150000	102650000	10
chr2	103400000	103400000	0
chr2	104900000	105600000	14
chr2	105450000	106600000	23
chr2	106350000	105050000	26
chr2	108000000	107450000	11
chr2	110550000	111500000	19
chr2	111800000	112450000	13
chr2	115800000	116700000	18
chr2	121450000	121200000	5
chr2	121800000	122200000	8
chr2	122400000	123000000	12
chr2	124500000	123250000	25
chr2	125100000	124550000	11
chr2	127800000	129750000	39
chr2	128500000	127200000	26
chr2	128750000	130350000	32
chr2	131700000	132350000	13
chr2	131850000	132950000	22
chr2	132500000	131900000	12
chr2	138400000	138050000	7
chr2	139650000	138250000	28
chr2	140450000	141950000	30
chr2	143450000	145300000	37
chr2	144900000	145650000	15
chr2	147450000	149200000	35
chr2	148950000	149800000	17
chr2	149150000	147250000	38
chr2	156250000	155550000	14
chr2	156800000	157350000	11
chr2	158850000	160000000	23
chr2	160950000	160150000	16
chr2	162250000	163150000	18
chr2	165100000	165700000	12
chr2	169950000	171050000	22
chr2	170250000	171100000	17
chr2	171700000	169950000	35
chr2	172600000	171700000	18
chr2	175700000	174850000	17
chr2	182100000	181350000	15
chr3	   650000	   150000	10
chr3	  3750000	  1700000	41
chr3	  6750000	  7150000	8
chr3	  7550000	  6850000	14
chr3	  8450000	 10400000	39
chr3	 10150000	  9450000	14
chr3	 10800000	 11650000	17
chr3	 12250000	 13850000	32
chr3	 15250000	 17200000	39
chr3	 17400000	 17950000	11
chr3	 20750000	 20350000	8
chr3	 21450000	 22000000	11
chr3	 22400000	 24150000	35
chr3	 25800000	 24250000	31
chr3	 25900000	 27050000	23
chr3	 27250000	 28050000	16
chr3	 31400000	 30600000	16
chr3	 32150000	 33650000	30
chr3	 33500000	 31400000	42
chr3	 35050000	 34550000	10
chr3	 39250000	 38950000	6
chr3	 43850000	 45400000	31
chr3	 52200000	 51850000	7
chr3	 52400000	 54150000	35
chr3	 53450000	 54150000	14
chr3	 55750000	 54850000	18
chr3	 56800000	 57150000	7
chr3	 57600000	 57100000	10
chr3	 58800000	 61200000	48
chr3	 66550000	 64400000	43
chr3	 73700000	 70450000	65
chr3	 75850000	 74900000	19
chr3	 76150000	 76900000	15
chr3	 77600000	 77050000	11
chr3	 83150000	 82150000	20
chr3	 84550000	 84200000	7
chr3	 93550000	 92500000	21
chr3	 93700000	 94650000	19
chr3	 96650000	 95200000	29
chr3	 97300000	 99050000	35
chr3	 97350000	 98600000	25
chr3	 99050000	100000000	19
chr3	102200000	104450000	45
chr3	104650000	104350000	6
chr3	111100000	110300000	16
chr3	111600000	111800000	4
chr3	117900000	119200000	26
chr3	119000000	120650000	33
chr3	119800000	120950000	23
chr3	123400000	127100000	74
chr3	124400000	122650000	35
chr3	125700000	124900000	16
chr3	126750000	126100000	13
chr3	126800000	130650000	77
chr3	129450000	128950000	10
chr3	133300000	134700000	28
chr3	133650000	134400000	15
chr3	136750000	135050000	34
chr3	137700000	139050000	27
chr3	138700000	140200000	30
chr3	140650000	141600000	19
chr3	144350000	143200000	23
chr3	145900000	146950000	21
chr3	148500000	148250000	5
chr3	154650000	153700000	19
chr3	157200000	158200000	20
chr3	158500000	159200000	14
chr4	        0	   700000	14
chr4	   300000	   750000	9
chr4	  1100000	   250000	17
chr4	  1250000	   450000	16
chr4	  2550000	  4300000	35
chr4	  4050000	  5450000	28
chr4	 10250000	 11900000	33
chr4	 13800000	 14800000	20
chr4	 14100000	 11150000	59
chr4	 16100000	 15400000	14
chr4	 18050000	 16300000	35
chr4	 20000000	 20500000	10
chr4	 23800000	 23000000	16
chr4	 26550000	 27150000	12
chr4	 26850000	 28850000	40
chr4	 27050000	 28150000	22
chr4	 27100000	 27950000	17
chr4	 29700000	 30550000	17
chr4	 34200000	 36550000	47
chr4	 35100000	 35650000	11
chr4	 36000000	 34750000	25
chr4	 36250000	 38750000	50
chr4	 38750000	 37950000	16
chr4	 40850000	 41650000	16
chr4	 42750000	 45550000	56
chr4	 43350000	 42250000	22
chr4	 48300000	 46950000	27
chr4	 48550000	 46400000	43
chr4	 49450000	 52800000	67
chr4	 51700000	 52750000	21
chr4	 52600000	 53650000	21
chr4	 53050000	 52550000	10
chr4	 53100000	 53750000	13
chr4	 53750000	 53750000	0
chr4	 61700000	 60100000	32
chr4	 62250000	 63700000	29
chr4	 62850000	 61950000	18
chr4	 66300000	 66500000	4
chr4	 66350000	 68250000	38
chr4	 67650000	 67050000	12
chr4	 68400000	 67600000	16
chr4	 68700000	 64050000	93
chr4	 69600000	 67850000	35
chr4	 70550000	 69900000	13
chr4	 71550000	 70350000	24
chr4	 71850000	 71250000	12
chr4	 76550000	 77800000	25
chr4	 76750000	 76400000	7
chr4	 77700000	 76750000	19
chr4	 78650000	 79100000	9
chr4	 79400000	 76700000	54
chr4	 79750000	 80650000	18
chr4	 81800000	 82500000	14
chr4	 83500000	 82800000	14
chr4	 85050000	 85300000	5
chr4	 86150000	 85500000	13
chr4	 87850000	 86300000	31
chr4	 89550000	 90550000	20
chr4	 90500000	 91500000	20
chr4	 96950000	 97550000	12
chr4	100050000	101050000	20
chr4	100200000	101150000	19
chr4	100650000	101400000	15
chr4	102150000	101200000	19
chr4	103750000	105650000	38
chr4	105900000	107100000	24
chr4	106000000	102100000	78
chr4	107200000	111800000	92
chr4	108450000	107900000	11
chr4	108950000	109650000	14
chr4	109100000	108050000	21
chr4	110050000	108300000	35
chr4	115300000	115700000	8
chr4	115750000	117100000	27
chr4	118000000	116900000	22
chr4	118950000	120000000	21
chr4	119600000	119950000	7
chr4	120100000	117800000	46
chr4	120450000	119150000	26
chr4	121400000	122400000	20
chr4	122700000	123000000	6
chr4	124350000	125000000	13
chr4	127600000	128250000	13
chr4	127800000	128400000	12
chr4	128450000	130250000	36
chr4	129100000	130000000	18
chr4	130050000	129150000	18
chr4	133350000	134800000	29
chr4	134650000	133600000	21
chr4	135250000	136050000	16
chr4	137050000	136250000	16
chr4	138250000	137150000	22
chr4	138850000	138250000	12
chr4	140050000	137800000	45
chr4	140150000	140850000	14
chr4	140400000	139300000	22
chr4	140800000	140600000	4
chr4	142150000	142950000	16
chr4	142400000	142400000	0
chr4	143350000	145200000	37
chr4	143650000	142350000	26
chr4	147150000	148200000	21
chr4	147900000	148800000	18
chr4	150300000	148450000	37
chr4	150550000	151200000	13
chr4	150850000	151750000	18
chr4	152150000	154600000	49
chr4	152800000	154450000	33
chr4	152850000	154350000	30
chr5	   300000	   800000	10
chr5	  1150000	  2300000	23
chr5	  1450000	  2750000	26
chr5	  3050000	  1950000	22
chr5	  3550000	  2800000	15
chr5	  7250000	  8150000	18
chr5	 10150000	 10350000	4
chr5	 10750000	  9900000	17
chr5	 11200000	  8400000	56
chr5	 12100000	 12700000	12
chr5	 13900000	 12450000	29
chr5	 14950000	 16350000	28
chr5	 15150000	 16650000	30
chr5	 19350000	 19950000	12
chr5	 26850000	 26250000	12
chr5	 29500000	 30400000	18
chr5	 32150000	 33250000	22
chr5	 33900000	 33200000	14
chr5	 36050000	 37200000	23
chr5	 36250000	 37350000	22
chr5	 38000000	 36100000	38
chr5	 40550000	 41000000	9
chr5	 41650000	 42950000	26
chr5	 44200000	 42900000	26
chr5	 46650000	 45550000	22
chr5	 51400000	 49550000	37
chr5	 52700000	 53750000	21
chr5	 53300000	 51250000	41
chr5	 56900000	 58000000	22
chr5	 58350000	 60350000	40
chr5	 58650000	 59500000	17
chr5	 59900000	 58650000	25
chr5	 61950000	 59250000	54
chr5	 67450000	 66900000	11
chr5	 69050000	 67400000	33
chr5	 70100000	 68900000	24
chr5	 70550000	 69200000	27
chr5	 71750000	 69850000	38
chr5	 71800000	 72100000	6
chr5	 73800000	 72550000	25
chr5	 75400000	 73950000	29
chr5	 77350000	 76450000	18
chr5	 77900000	 78100000	4
chr5	 79150000	 78150000	20
chr5	 80600000	 79800000	16
chr5	 87700000	 88000000	6
chr5	 93750000	 95050000	26
chr5	 95500000	 96750000	25
chr5	 96400000	 96750000	7
chr5	103600000	104850000	25
chr5	108400000	107850000	11
chr5	109450000	109950000	10
chr5	110600000	109650000	19
chr5	116050000	115500000	11
chr5	116300000	117050000	15
chr5	118450000	117300000	23
chr5	121650000	120900000	15
chr5	122950000	124300000	27
chr5	123200000	124900000	34
chr5	124100000	124950000	17
chr5	125350000	124800000	11
chr5	128000000	127100000	18
chr5	129350000	128400000	19
chr5	129650000	130250000	12
chr5	130700000	128750000	39
chr5	130850000	129050000	36
chr5	132500000	132750000	5
chr5	132550000	131050000	30
chr5	134900000	135450000	11
chr5	141550000	143650000	42
chr5	142950000	143850000	18
chr5	145650000	144550000	22
chr5	148100000	149050000	19
chr5	150000000	151000000	20
chr5	150250000	148700000	31
chr6	   800000	   150000	13
chr6	  2900000	  3900000	20
chr6	  3000000	  5100000	42
chr6	  3100000	  2950000	3
chr6	  3200000	  1150000	41
chr6	  9950000	  9150000	16
chr6	 10100000	 11400000	26
chr6	 10450000	 10050000	8
chr6	 11850000	 11250000	12
chr6	 13700000	 12150000	31
chr6	 16300000	 14550000	35
chr6	 18000000	 17450000	11
chr6	 24350000	 23150000	24
chr6	 25450000	 24650000	16
chr6	 31250000	 29500000	35
chr6	 33650000	 31950000	34
chr6	 34300000	 35550000	25
chr6	 34350000	 34950000	12
chr6	 34400000	 35050000	13
chr6	 37250000	 36350000	18
chr6	 37250000	 38650000	28
chr6	 38050000	 39300000	25
chr6	 38700000	 37950000	15
chr6	 41900000	 42450000	11
chr6	 43200000	 43600000	8
chr6	 48500000	 49950000	29
chr6	 51300000	 51550000	5
chr6	 54500000	 56350000	37
chr6	 56300000	 56700000	8
chr6	 56900000	 56250000	13
chr6	 70050000	 69300000	15
chr6	 71100000	 72300000	24
chr6	 72900000	 72350000	11
chr6	 73050000	 74450000	28
chr6	 77050000	 78000000	19
chr6	 78700000	 80750000	41
chr6	 79800000	 81300000	30
chr6	 81250000	 78300000	59
chr6	 82000000	 84750000	55
chr6	 88050000	 87600000	9
chr6	 88100000	 87800000	6
chr6	 91300000	 92850000	31
chr6	 96500000	 96050000	9
chr6	 97700000	 95850000	37
chr6	 98350000	100250000	38
chr6	 98550000	 98050000	10
chr6	107350000	107100000	5
chr6	107550000	107100000	9
chr6	109950000	108800000	23
chr6	112400000	111300000	22
chr6	112500000	113500000	20
chr6	114500000	112700000	36
chr6	115300000	114700000	12
chr6	115850000	116700000	17
chr6	117900000	117000000	18
chr6	119850000	120700000	17
chr6	123650000	125450000	36
chr6	127900000	125000000	58
chr6	130950000	132300000	27
chr6	133600000	134750000	23
chr6	140850000	139400000	29
chr6	144900000	143650000	25
chr6	145800000	144600000	24
chr6	146050000	147200000	23
chr7	   650000	   200000	9
chr7	   900000	   100000	16
chr7	  1600000	    50000	31
chr7	  4250000	  3400000	17
chr7	  7900000	  8450000	11
chr7	 10550000	  9250000	26
chr7	 10700000	  9700000	20
chr7	 12750000	 13550000	16
chr7	 14100000	 14850000	15
chr7	 14200000	 13050000	23
chr7	 14500000	 16150000	33
chr7	 17150000	 17850000	14
chr7	 19050000	 20300000	25
chr7	 19650000	 18550000	22
chr7	 27750000	 28450000	14
chr7	 34250000	 34650000	8
chr7	 35100000	 34450000	13
chr7	 45150000	 44100000	21
chr7	 46650000	 48600000	39
chr7	 47950000	 46750000	24
chr7	 48200000	 46550000	33
chr7	 48550000	 48100000	9
chr7	 50850000	 49900000	19
chr7	 50950000	 52400000	29
chr7	 52450000	 50600000	37
chr7	 53800000	 52950000	17
chr7	 54900000	 54000000	18
chr7	 56100000	 57300000	24
chr7	 60850000	 61700000	17
chr7	 61400000	 64350000	59
chr7	 61900000	 60700000	24
chr7	 62300000	 63500000	24
chr7	 62650000	 63700000	21
chr7	 63450000	 64100000	13
chr7	 65300000	 63900000	28
chr7	 66800000	 68250000	29
chr7	 71250000	 70000000	25
chr7	 75750000	 76550000	16
chr7	 77600000	 77850000	5
chr7	 78650000	 76850000	36
chr7	 82450000	 84050000	32
chr7	 83950000	 85300000	27
chr7	 85150000	 82600000	51
chr7	 88000000	 88600000	12
chr7	 89750000	 90900000	23
chr7	 90650000	 89100000	31
chr7	 92250000	 91050000	24
chr7	 93300000	 91600000	34
chr7	 96050000	 96850000	16
chr7	 97850000	 97250000	12
chr7	 97850000	 98450000	12
chr7	 98950000	100000000	21
chr7	 99250000	 98600000	13
chr7	101950000	 99650000	46
chr7	101950000	103700000	35
chr7	102050000	 99800000	45
chr7	104350000	103250000	22
chr7	105000000	103900000	22
chr7	105100000	103850000	25
chr7	107900000	109850000	39
chr7	110300000	108650000	33
chr7	110350000	109600000	15
chr7	111700000	112150000	9
chr7	113100000	114000000	18
chr7	113550000	114600000	21
chr7	113650000	113300000	7
chr7	114550000	115200000	13
chr7	115000000	113950000	21
chr7	115150000	117500000	47
chr7	116150000	117150000	20
chr7	117350000	116400000	19
chr7	118150000	117150000	20
chr7	118350000	117300000	21
chr7	119500000	120900000	28
chr7	120450000	121100000	13
chr7	125700000	124050000	33
chr7	134250000	133400000	17
chr7	137100000	135700000	28
chr7	139000000	137850000	23
chr7	140100000	138100000	40
chr7	141000000	138800000	44
chr7	141850000	143800000	39
chr7	142900000	143950000	21
chr7	144300000	142250000	41
chr8	  3050000	  6550000	70
chr8	  5250000	  4050000	24
chr8	  6000000	  5100000	18
chr8	  6200000	  6850000	13
chr8	  7100000	  6100000	20
chr8	  8800000	  9250000	9
chr8	 11350000	  8700000	53
chr8	 16250000	 15650000	12
chr8	 17850000	 19000000	23
chr8	 20700000	 22200000	30
chr8	 23200000	 22750000	9
chr8	 23350000	 24450000	22
chr8	 23650000	 22950000	14
chr8	 23850000	 24550000	14
chr8	 25200000	 24000000	24
chr8	 28300000	 29050000	15
chr8	 29500000	 30550000	21
chr8	 30750000	 29900000	17
chr8	 32600000	 34300000	34
chr8	 34200000	 33250000	19
chr8	 35600000	 35950000	7
chr8	 36100000	 35200000	18
chr8	 36200000	 34900000	26
chr8	 36550000	 35350000	24
chr8	 36700000	 37950000	25
chr8	 36900000	 36000000	18
chr8	 37150000	 38950000	36
chr8	 38400000	 40000000	32
chr8	 39550000	 40050000	10
chr8	 40550000	 42200000	33
chr8	 42900000	 42100000	16
chr8	 43550000	 41750000	36
chr8	 51150000	 51600000	9
chr8	 51600000	 50850000	15
chr8	 52400000	 53000000	12
chr8	 54700000	 53800000	18
chr8	 56050000	 54750000	26
chr8	 57750000	 59200000	29
chr8	 58900000	 59350000	9
chr8	 59850000	 60500000	13
chr8	 63600000	 63050000	11
chr8	 63750000	 63100000	13
chr8	 64600000	 65100000	10
chr8	 68450000	 67300000	23
chr8	 68650000	 67950000	14
chr8	 73300000	 72250000	21
chr8	 73500000	 72050000	29
chr8	 76500000	 77450000	19
chr8	 80350000	 79550000	16
chr8	 82200000	 83050000	17
chr8	 85300000	 83650000	33
chr8	 85550000	 82150000	68
chr8	 87900000	 87100000	16
chr8	 90000000	 91050000	21
chr8	 92700000	 91900000	16
chr8	 99500000	100300000	16
chr8	 99900000	100250000	7
chr8	101900000	100850000	21
chr8	102100000	101200000	18
chr8	104650000	103950000	14
chr8	104800000	106750000	39
chr8	105150000	103850000	26
chr8	105200000	105700000	10
chr8	106250000	104850000	28
chr8	106700000	108400000	34
chr8	110100000	110650000	11
chr8	112950000	114350000	28
chr8	114200000	113500000	14
chr8	116000000	115050000	19
chr8	117700000	116700000	20
chr8	118450000	117600000	17
chr8	118800000	118500000	6
chr8	120000000	120850000	17
chr8	124850000	123650000	24
chr8	124950000	123800000	23
chr8	125000000	125500000	10
chr8	125150000	124300000	17
chr8	126000000	123800000	44
chr9	  1650000	   950000	14
chr9	  3150000	  3550000	8
chr9	  4350000	  5200000	17
chr9	  9000000	 10000000	20
chr9	 12900000	 14100000	24
chr9	 15100000	 13200000	38
chr9	 15750000	 17550000	36
chr9	 15800000	 14300000	30
chr9	 16350000	 17000000	13
chr9	 21150000	 22450000	26
chr9	 23700000	 23000000	14
chr9	 24650000	 25750000	22
chr9	 25000000	 25550000	11
chr9	 26750000	 28150000	28
chr9	 27350000	 26100000	25
chr9	 29550000	 29100000	9
chr9	 33100000	 31250000	37
chr9	 33950000	 35300000	27
chr9	 34100000	 35750000	33
chr9	 35250000	 36350000	22
chr9	 39100000	 37550000	31
chr9	 40000000	 37400000	52
chr9	 41300000	 39400000	38
chr9	 44800000	 44100000	14
chr9	 47000000	 44600000	48
chr9	 49000000	 47950000	21
chr9	 49200000	 50350000	23
chr9	 49250000	 48350000	18
chr9	 51600000	 53150000	31
chr9	 54600000	 56400000	36
chr9	 56650000	 57600000	19
chr9	 68550000	 68050000	10
chr9	 68650000	 69550000	18
chr9	 69750000	 70500000	15
chr9	 73000000	 73750000	15
chr9	 75350000	 72950000	48
chr9	 77300000	 78000000	14
chr9	 79050000	 80450000	28
chr9	 80700000	 79200000	30
chr9	 80800000	 82950000	43
chr9	 82100000	 82500000	8
chr9	 84850000	 83400000	29
chr9	 86950000	 85250000	34
chr9	 87100000	 83550000	71
chr9	 93300000	 93950000	13
chr9	 97300000	 98650000	27
chr9	103850000	104700000	17
chr9	110150000	108800000	27
chr9	111250000	111800000	11
chr9	113450000	112250000	24
chr9	116100000	115200000	18
chr9	118250000	117650000	12
chr9	120550000	118000000	51
chr9	121400000	120650000	15
chrX	   700000	  1200000	10
chrX	  5050000	  6600000	31
chrX	  8350000	  9750000	28
chrX	 14050000	 13550000	10
chrX	 15550000	 14700000	17
chrX	 22150000	 22950000	16
chrX	 22200000	 23850000	33
chrX	 24100000	 23100000	20
chrX	 27800000	 28350000	11
chrX	 29450000	 26150000	66
chrX	 33400000	 34850000	29
chrX	 38750000	 36250000	50
chrX	 39700000	 40850000	23
chrX	 41150000	 42150000	20
chrX	 41950000	 42700000	15
chrX	 42450000	 41900000	11
chrX	 44750000	 45300000	11
chrX	 53550000	 54650000	22
chrX	 54150000	 55900000	35
chrX	 56650000	 58000000	27
chrX	 57350000	 60400000	61
chrX	 58550000	 60150000	32
chrX	 60300000	 61100000	16
chrX	 60750000	 61950000	24
chrX	 62550000	 61100000	29
chrX	 64750000	 63950000	16
chrX	 66550000	 68350000	36
chrX	 66850000	 65400000	29
chrX	 67600000	 68000000	8
chrX	 69050000	 69450000	8
chrX	 70750000	 72150000	28
chrX	 74000000	 72300000	34
chrX	 75350000	 73650000	34
chrX	 77050000	 75650000	28
chrX	 77900000	 76500000	28
chrX	 79550000	 78650000	18
chrX	 80750000	 81100000	7
chrX	 81900000	 82600000	14
chrX	 82250000	 83250000	20
chrX	 82700000	 82250000	9
chrX	 83450000	 84800000	27
chrX	 84100000	 83750000	7
chrX	 84900000	 84300000	12
chrX	 85050000	 84050000	20
chrX	 85900000	 85900000	0
chrX	 90150000	 89150000	20
chrX	 93100000	 96100000	60
chrX	 93550000	 92300000	25
chrX	 95250000	 94250000	20
chrX	101100000	 98600000	50
chrX	101350000	102800000	29
chrX	103700000	104150000	9
chrX	104400000	104050000	7
chrX	107600000	106800000	16
chrX	110700000	109800000	18
chrX	113800000	112650000	23
chrX	114000000	114500000	10
chrX	115000000	111400000	72
chrX	116800000	117300000	10
chrX	117250000	115950000	26
chrX	117350000	116650000	14
chrX	118400000	117500000	18
chrX	120450000	121000000	11
chrX	121200000	120250000	19
chrX	125200000	123250000	39
chrX	125800000	123250000	51
chrX	126700000	126000000	14
chrX	131850000	132850000	20
chrX	132600000	131150000	29
chrX	133900000	134600000	14
chrX	133950000	133250000	14
chrX	134450000	134250000	4
chrX	138950000	138400000	11
chrX	139550000	139650000	2
chrX	142450000	143650000	24
chrX	143150000	143750000	12
chrX	145950000	147250000	26
chrX	147600000	149400000	36
chrX	148500000	149400000	18
chrX	151500000	152700000	24
chrX	152500000	151200000	26
chrX	153900000	156650000	55
chrX	164150000	163000000	23
chrX	164500000	163100000	28
chrX	165000000	165300000	6
chrX	166500000	167250000	15
chrX	170000000	168800000	24
chrY	    50000	  1350000	26
chrY	  2900000	  2250000	13
chrY	  5750000	  2900000	57
chrY	  7950000	  9050000	22
chrY	 10800000	 10000000	16
chrY	 14100000	 12700000	28
chrY	 17050000	 15300000	35
chrY	 17250000	 15200000	41
chrY	 21700000	 20700000	20
chrY	 25350000	 24800000	11
chrY	 25550000	 25950000	8
chrY	 27250000	 29400000	43
chrY	 36300000	 34900000	28
chrY	 37050000	 38250000	24
chrY	 38300000	 37450000	17
chrY	 39950000	 41000000	21
chrY	 40000000	 39200000	16
chrY	 42600000	 41300000	26
chrY	 43600000	 42450000	23
chrY	 44700000	 45850000	23
chrY	 45850000	 42350000	70
chrY	 47700000	 46100000	32
chrY	 48750000	 47250000	30
chrY	 48750000	 50650000	38
chrY	 51750000	 51000000	15
chrY	 52650000	 53700000	21
chrY	 57600000	 56850000	15
chrY	 57750000	 56700000	21
chrY	 58150000	 56900000	25
chrY	 60600000	 59400000	24
chrY	 61450000	 61050000	8
chrY	 62350000	 62850000	10
chrY	 62600000	 61850000	15
chrY	 63200000	 63800000	12
chrY	 64500000	 65600000	22
chrY	 76400000	 75450000	19
chrY	 77600000	 78750000	23
chrY	 77900000	 76700000	24
chrY	 79700000	 78800000	18
chrY	 83750000	 84150000	8
chrY	 84050000	 84800000	15
chrY	 84100000	 84750000	13
chrY	 85800000	 86350000	11
chrY	 85950000	 83850000	42
chrY	 88400000	 88400000	0
chrY	 88500000	 88800000	6
chrY	 88550000	 89250000	14
chrY	 89150000	 89700000	11
