chr1	  3450000	  5300000	37
chr1	  4000000	  4700000	14
chr1	  7350000	  9600000	45
chr1	  7450000	  8950000	30
chr1	  8400000	 10500000	42
chr1	 17400000	 18350000	19
chr1	 18100000	 16800000	26
chr1	 22800000	 23600000	16
chr1	 23100000	 21650000	29
chr1	 23700000	 24350000	13
chr1	 26650000	 27950000	26
chr1	 27450000	 26200000	25
chr1	 30000000	 29500000	10
chr1	 33800000	 32850000	19
chr1	 33800000	 34600000	16
chr1	 36100000	 37300000	24
chr1	 36150000	 34750000	28
chr1	 36450000	 38200000	35
chr1	 38100000	 39800000	34
chr1	 39800000	 39250000	11
chr1	 40400000	 40000000	8
chr1	 45050000	 46750000	34
chr1	 46300000	 45950000	7
chr1	 46300000	 46750000	9
chr1	 49350000	 52400000	61
chr1	 49500000	 50250000	15
chr1	 54350000	 55100000	15
chr1	 56500000	 55650000	17
chr1	 58700000	 60050000	27
chr1	 61950000	 62250000	6
chr1	 63350000	 62650000	14
chr1	 65250000	 66800000	31
chr1	 70700000	 69800000	18
chr1	 71650000	 72300000	13
chr1	 72450000	 73700000	25
chr1	 76050000	 77250000	24
chr1	 76450000	 75700000	15
chr1	 79850000	 80800000	19
chr1	 80850000	 82600000	35
chr1	 81200000	 81200000	0
chr1	 84300000	 82600000	34
chr1	 89450000	 90550000	22
chr1	 89650000	 88850000	16
chr1	 89850000	 88600000	25
chr1	 91250000	 92350000	22
chr1	 91500000	 90700000	16
chr1	 93250000	 92550000	14
chr1	 95500000	 94400000	22
chr1	 97350000	 98650000	26
chr1	104250000	104650000	8
chr1	105800000	105350000	9
chr1	111850000	112650000	16
chr1	114800000	114450000	7
chr1	119950000	118550000	28
chr1	123450000	122100000	27
chr1	124600000	126000000	28
chr1	128300000	128850000	11
chr1	129000000	129650000	13
chr1	129350000	131250000	38
chr1	129800000	130650000	17
chr1	130050000	131050000	20
chr1	130350000	130000000	7
chr1	132500000	131650000	17
chr1	135250000	137500000	45
chr1	135850000	133900000	39
chr1	135950000	134050000	38
chr1	136250000	135250000	20
chr1	140300000	142000000	34
chr1	154000000	151850000	43
chr1	155100000	156350000	25
chr1	156150000	157250000	22
chr1	156450000	155250000	24
chr1	157400000	158850000	29
chr1	158850000	157950000	18
chr1	160500000	159850000	13
chr1	166600000	167250000	13
chr1	167150000	166550000	12
chr1	168700000	167250000	29
chr1	173300000	172900000	8
chr1	177450000	178000000	11
chr1	178000000	180150000	43
chr1	183400000	186300000	58
chr1	190350000	192650000	46
chr1	191650000	190450000	24
chr1	195150000	194200000	19
chr10	  1900000	  3600000	34
chr10	  2350000	  2850000	10
chr10	  3450000	  4000000	11
chr10	  5300000	  6850000	31
chr10	  5450000	  6000000	11
chr10	  8600000	  9600000	20
chr10	 16300000	 17650000	27
chr10	 17150000	 18400000	25
chr10	 19950000	 22750000	56
chr10	 27150000	 25850000	26
chr10	 28250000	 27450000	16
chr10	 29900000	 29100000	16
chr10	 31200000	 30700000	10
chr10	 32900000	 32400000	10
chr10	 35050000	 32900000	43
chr10	 35050000	 34000000	21
chr10	 38050000	 38550000	10
chr10	 39600000	 39200000	8
chr10	 41500000	 40900000	12
chr10	 44800000	 43450000	27
chr10	 45200000	 46300000	22
chr10	 45400000	 44550000	17
chr10	 46200000	 46900000	14
chr10	 47750000	 50000000	45
chr10	 49150000	 46250000	58
chr10	 50150000	 50850000	14
chr10	 50900000	 50300000	12
chr10	 51000000	 50200000	16
chr10	 52900000	 52900000	0
chr10	 57400000	 56250000	23
chr10	 59350000	 58850000	10
chr10	 61050000	 59400000	33
chr10	 65000000	 63700000	26
chr10	 74050000	 73500000	11
chr10	 75000000	 74300000	14
chr10	 75000000	 75250000	5
chr10	 84600000	 83200000	28
chr10	 85050000	 86300000	25
chr10	 86900000	 87300000	8
chr10	 88450000	 89650000	24
chr10	 89400000	 87750000	33
chr10	 89800000	 88900000	18
chr10	 92700000	 94000000	26
chr10	 95600000	 96700000	22
chr10	 97550000	 96550000	20
chr10	100500000	 99250000	25
chr10	102750000	104300000	31
chr10	103750000	103150000	12
chr10	104650000	103950000	14
chr10	109400000	108350000	21
chr10	116200000	116900000	14
chr10	116500000	115500000	20
chr10	118050000	117150000	18
chr10	118100000	118900000	16
chr10	121250000	120800000	9
chr10	121750000	121400000	7
chr10	123250000	124400000	23
chr10	126100000	127050000	19
chr10	127450000	129050000	32
chr10	129150000	130500000	27
chr10	129700000	130300000	12
chr11	 14700000	 14850000	3
chr11	 15250000	 16450000	24
chr11	 17050000	 16550000	10
chr11	 18500000	 17700000	16
chr11	 20850000	 19900000	19
chr11	 21600000	 17050000	91
chr11	 25150000	 25850000	14
chr11	 27200000	 26450000	15
chr11	 29050000	 28100000	19
chr11	 31350000	 32100000	15
chr11	 33200000	 33400000	4
chr11	 33550000	 34000000	9
chr11	 33750000	 33200000	11
chr11	 33800000	 32700000	22
chr11	 38350000	 37650000	14
chr11	 43200000	 44000000	16
chr11	 48950000	 49850000	18
chr11	 49150000	 49150000	0
chr11	 49300000	 51300000	40
chr11	 53100000	 51900000	24
chr11	 54700000	 53900000	16
chr11	 55700000	 55150000	11
chr11	 55750000	 53500000	45
chr11	 56400000	 55100000	26
chr11	 58050000	 58900000	17
chr11	 59450000	 61000000	31
chr11	 62500000	 65350000	57
chr11	 64150000	 66100000	39
chr11	 65800000	 67300000	30
chr11	 71550000	 72550000	20
chr11	 71650000	 73650000	40
chr11	 72400000	 72000000	8
chr11	 74500000	 73500000	20
chr11	 75550000	 76900000	27
chr11	 78300000	 79200000	18
chr11	 78650000	 79150000	10
chr11	 81850000	 82300000	9
chr11	 81950000	 79200000	55
chr11	 85800000	 87350000	31
chr11	 87200000	 88400000	24
chr11	 87300000	 86050000	25
chr11	 90150000	 89350000	16
chr11	 91950000	 93950000	40
chr11	 93050000	 93650000	12
chr11	 94200000	 96100000	38
chr11	 95000000	 96000000	20
chr11	 95150000	 99000000	77
chr11	 95600000	 94750000	17
chr11	 97400000	 98000000	12
chr11	 98050000	 99300000	25
chr11	 98250000	 97850000	8
chr11	 99250000	100900000	33
chr11	100050000	 98900000	23
chr11	101150000	102250000	22
chr11	101350000	101950000	12
chr11	102400000	101750000	13
chr11	104750000	103250000	30
chr11	106300000	106000000	6
chr11	108350000	107950000	8
chr11	109100000	109550000	9
chr11	109250000	108500000	15
chr11	109500000	110200000	14
chr11	110050000	112100000	41
chr11	111750000	112550000	16
chr12	  2300000	  3000000	14
chr12	  4850000	  4300000	11
chr12	  8550000	 12100000	71
chr12	 10250000	 11650000	28
chr12	 13550000	 14700000	23
chr12	 14800000	 16250000	29
chr12	 15400000	 14700000	14
chr12	 17200000	 20150000	59
chr12	 20900000	 19900000	20
chr12	 23950000	 25750000	36
chr12	 27800000	 29450000	33
chr12	 34150000	 33700000	9
chr12	 38550000	 40300000	35
chr12	 39650000	 40350000	14
chr12	 40050000	 37800000	45
chr12	 43300000	 42000000	26
chr12	 45700000	 44600000	22
chr12	 47700000	 46700000	20
chr12	 48500000	 51400000	58
chr12	 49300000	 47450000	37
chr12	 51450000	 50050000	28
chr12	 53450000	 50200000	65
chr12	 55700000	 56350000	13
chr12	 57700000	 56400000	26
chr12	 60900000	 61400000	10
chr12	 63000000	 61850000	23
chr12	 63000000	 63900000	18
chr12	 70650000	 71350000	14
chr12	 71900000	 70800000	22
chr12	 72150000	 73550000	28
chr12	 75100000	 73750000	27
chr12	 75300000	 74450000	17
chr12	 75350000	 75750000	8
chr12	 79550000	 80500000	19
chr12	 79700000	 77300000	48
chr12	 81200000	 83200000	40
chr12	 83550000	 82750000	16
chr12	 85600000	 84150000	29
chr12	 86500000	 85350000	23
chr12	 87300000	 88000000	14
chr12	 90450000	 89550000	18
chr12	 91150000	 89850000	26
chr12	 91500000	 92600000	22
chr12	 92600000	 90800000	36
chr12	 93850000	 92550000	26
chr12	 97100000	 94150000	59
chr12	 98250000	 97650000	12
chr12	103100000	104050000	19
chr12	108300000	106500000	36
chr12	110550000	109850000	14
chr12	112150000	112650000	10
chr12	112700000	111350000	27
chr12	114200000	115000000	16
chr12	114600000	115450000	17
chr12	116200000	116800000	12
chr12	116600000	116250000	7
chr12	116700000	115850000	17
chr12	118150000	118700000	11
chr13	  3750000	  4800000	21
chr13	  4500000	  4500000	0
chr13	  6550000	  8000000	29
chr13	  7200000	  8200000	20
chr13	  7400000	  8150000	15
chr13	  7700000	  6200000	30
chr13	 10150000	  8050000	42
chr13	 10700000	 10050000	13
chr13	 11150000	 12000000	17
chr13	 19850000	 19300000	11
chr13	 22650000	 23950000	26
chr13	 23000000	 22100000	18
chr13	 29050000	 30200000	23
chr13	 30650000	 32500000	37
chr13	 32150000	 30750000	28
chr13	 33900000	 35150000	25
chr13	 34000000	 35000000	20
chr13	 39500000	 38200000	26
chr13	 43050000	 43500000	9
chr13	 47650000	 49900000	45
chr13	 47900000	 46800000	22
chr13	 49450000	 50800000	27
chr13	 51700000	 50500000	24
chr13	 52100000	 51450000	13
chr13	 52600000	 51950000	13
chr13	 54800000	 53300000	30
chr13	 64050000	 63550000	10
chr13	 68850000	 70550000	34
chr13	 70250000	 68500000	35
chr13	 72100000	 70900000	24
chr13	 73800000	 72400000	28
chr13	 75050000	 73850000	24
chr13	 75600000	 77650000	41
chr13	 76350000	 75500000	17
chr13	 76700000	 77950000	25
chr13	 77050000	 75950000	22
chr13	 78550000	 79350000	16
chr13	 78850000	 76400000	49
chr13	 80950000	 80000000	19
chr13	 85500000	 86650000	23
chr13	 85850000	 87950000	42
chr13	 86450000	 88400000	39
chr13	 87550000	 88450000	18
chr13	 90000000	 91450000	29
chr13	 98650000	 97600000	21
chr13	 99350000	 99950000	12
chr13	102500000	101200000	26
chr13	107400000	106150000	25
chr13	107450000	106550000	18
chr13	107500000	106050000	29
chr13	107850000	109700000	37
chr13	109000000	111150000	43
chr13	111250000	113750000	50
chr13	114450000	113700000	15
chr13	116050000	115500000	11
chr13	118250000	116550000	34
chr13	119150000	120400000	25
chr13	119600000	119150000	9
chr14	  2700000	  1850000	17
chr14	  3800000	  1600000	44
chr14	  9150000	  9800000	13
chr14	 10050000	 10700000	13
chr14	 11550000	 10750000	16
chr14	 16100000	 14200000	38
chr14	 16600000	 15600000	20
chr14	 17900000	 17450000	9
chr14	 19700000	 21100000	28
chr14	 20450000	 18900000	31
chr14	 21150000	 23000000	37
chr14	 22600000	 22000000	12
chr14	 23100000	 23300000	4
chr14	 23750000	 25150000	28
chr14	 25200000	 26900000	34
chr14	 26400000	 25900000	10
chr14	 27700000	 25950000	35
chr14	 31000000	 29350000	33
chr14	 32300000	 33400000	22
chr14	 33250000	 35000000	35
chr14	 34550000	 35500000	19
chr14	 39450000	 41200000	35
chr14	 40250000	 41000000	15
chr14	 41750000	 40750000	20
chr14	 45800000	 47050000	25
chr14	 46450000	 45600000	17
chr14	 50400000	 49050000	27
chr14	 50500000	 51250000	15
chr14	 51700000	 50800000	18
chr14	 53350000	 52600000	15
chr14	 54200000	 54700000	10
chr14	 54450000	 56650000	44
chr14	 54650000	 54250000	8
chr14	 55550000	 56900000	27
chr14	 56250000	 57350000	22
chr14	 56450000	 57800000	27
chr14	 58050000	 59150000	22
chr14	 58950000	 60050000	22
chr14	 59750000	 59400000	7
chr14	 60950000	 61650000	14
chr14	 63200000	 63750000	11
chr14	 65500000	 66950000	29
chr14	 65850000	 64900000	19
chr14	 66200000	 65350000	17
chr14	 67150000	 68950000	36
chr14	 67300000	 66700000	12
chr14	 67650000	 66700000	19
chr14	 68050000	 68600000	11
chr14	 68550000	 68850000	6
chr14	 69050000	 70300000	25
chr14	 69650000	 67250000	48
chr14	 70150000	 69750000	8
chr14	 70150000	 71500000	27
chr14	 71400000	 72450000	21
chr14	 72400000	 72850000	9
chr14	 72850000	 73700000	17
chr14	 74350000	 76400000	41
chr14	 80250000	 82000000	35
chr14	 82050000	 79650000	48
chr14	 88200000	 89700000	30
chr14	 90200000	 90600000	8
chr14	 92500000	 91150000	27
chr14	 96400000	 96950000	11
chr14	 98600000	 99300000	14
chr14	 99500000	 98450000	21
chr14	100950000	 99500000	29
chr14	103350000	102850000	10
chr14	110100000	109100000	20
chr14	111400000	110700000	14
chr14	114650000	115800000	23
chr14	114750000	115150000	8
chr14	115050000	114250000	16
chr14	115350000	113900000	29
chr14	117150000	116150000	20
chr14	117650000	117350000	6
chr14	117800000	119650000	37
chr14	118450000	118950000	10
chr14	120200000	119700000	10
chr15	 12350000	 12950000	12
chr15	 14500000	 15250000	15
chr15	 15200000	 12750000	49
chr15	 15550000	 14100000	29
chr15	 15950000	 15050000	18
chr15	 17650000	 21350000	74
chr15	 17700000	 18150000	9
chr15	 19350000	 18700000	13
chr15	 22150000	 23600000	29
chr15	 29150000	 28200000	19
chr15	 29750000	 30550000	16
chr15	 30900000	 32200000	26
chr15	 31100000	 29800000	26
chr15	 42500000	 43200000	14
chr15	 42550000	 43600000	21
chr15	 43050000	 41150000	38
chr15	 44200000	 45800000	32
chr15	 45200000	 45850000	13
chr15	 53950000	 52100000	37
chr15	 54400000	 53550000	17
chr15	 55200000	 54000000	24
chr15	 55900000	 54850000	21
chr15	 55950000	 56450000	10
chr15	 59000000	 57950000	21
chr15	 62950000	 64600000	33
chr15	 64050000	 65300000	25
chr15	 66200000	 67050000	17
chr15	 67250000	 68200000	19
chr15	 67750000	 68100000	7
chr15	 68600000	 70700000	42
chr15	 68950000	 68300000	13
chr15	 70550000	 71600000	21
chr15	 75000000	 74000000	20
chr15	 76850000	 75500000	27
chr15	 77000000	 75600000	28
chr15	 77750000	 76750000	20
chr15	 80300000	 81000000	14
chr15	 83800000	 84500000	14
chr15	 84400000	 86850000	49
chr15	 86800000	 87650000	17
chr15	 90150000	 89750000	8
chr15	 92450000	 93850000	28
chr15	 96100000	 97400000	26
chr15	 96850000	 97150000	6
chr15	 97150000	 95600000	31
chr15	 97700000	 96050000	33
chr15	 99750000	 98400000	27
chr15	102500000	103750000	25
chr16	   550000	  1350000	16
chr16	  7400000	  8500000	22
chr16	  8900000	  7850000	21
chr16	 11200000	 10100000	22
chr16	 13050000	 12500000	11
chr16	 13300000	  9550000	75
chr16	 13400000	 14450000	21
chr16	 14150000	 14750000	12
chr16	 14950000	 15850000	18
chr16	 16150000	 13650000	50
chr16	 20300000	 21200000	18
chr16	 22050000	 21500000	11
chr16	 23500000	 24200000	14
chr16	 31100000	 29500000	32
chr16	 32950000	 31500000	29
chr16	 33950000	 32750000	24
chr16	 38400000	 38000000	8
chr16	 41950000	 41400000	11
chr16	 45050000	 42850000	44
chr16	 45050000	 45950000	18
chr16	 46700000	 46400000	6
chr16	 46750000	 43400000	67
chr16	 47850000	 47050000	16
chr16	 54400000	 52050000	47
chr16	 55650000	 54400000	25
chr16	 59000000	 60850000	37
chr16	 59500000	 58950000	11
chr16	 64150000	 65600000	29
chr16	 66850000	 67500000	13
chr16	 67850000	 68250000	8
chr16	 69150000	 70300000	23
chr16	 69500000	 69000000	10
chr16	 69650000	 70750000	22
chr16	 70450000	 71900000	29
chr16	 70500000	 69400000	22
chr16	 71400000	 69400000	40
chr16	 73250000	 71200000	41
chr16	 74450000	 73600000	17
chr16	 74650000	 73850000	16
chr16	 81550000	 81050000	10
chr16	 84850000	 84400000	9
chr16	 87950000	 88850000	18
chr16	 92050000	 90350000	34
chr16	 92450000	 91050000	28
chr16	 94650000	 95650000	20
chr16	 95000000	 92350000	53
chr16	 95100000	 97500000	48
chr16	 95450000	 96100000	13
chr16	 98150000	 97200000	19
chr17	  1800000	    50000	35
chr17	  5800000	  4050000	35
chr17	  5800000	  4900000	18
chr17	  6200000	  7100000	18
chr17	  7400000	  8150000	15
chr17	 11100000	 12200000	22
chr17	 12150000	 13200000	21
chr17	 12600000	 13100000	10
chr17	 14550000	 14550000	0
chr17	 14900000	 11750000	63
chr17	 15700000	 14550000	23
chr17	 17400000	 18100000	14
chr17	 17800000	 19650000	37
chr17	 18800000	 17700000	22
chr17	 28850000	 27300000	31
chr17	 31200000	 32250000	21
chr17	 33150000	 34000000	17
chr17	 33550000	 32050000	30
chr17	 33750000	 32650000	22
chr17	 34250000	 32550000	34
chr17	 37150000	 36550000	12
chr17	 38050000	 41350000	66
chr17	 38850000	 40400000	31
chr17	 42500000	 40250000	45
chr17	 46250000	 45400000	17
chr17	 47200000	 46450000	15
chr17	 48750000	 49500000	15
chr17	 49300000	 50050000	15
chr17	 50850000	 49550000	26
chr17	 54200000	 53700000	10
chr17	 55950000	 56150000	4
chr17	 58400000	 59450000	21
chr17	 58450000	 59650000	24
chr17	 58500000	 59250000	15
chr17	 59450000	 58300000	23
chr17	 60250000	 59450000	16
chr17	 65200000	 65200000	0
chr17	 72500000	 71150000	27
chr17	 73050000	 74500000	29
chr17	 73700000	 74150000	9
chr17	 74750000	 75050000	6
chr17	 78450000	 79050000	12
chr17	 82300000	 81600000	14
chr17	 86300000	 89050000	55
chr17	 88800000	 89950000	23
chr17	 91400000	 93450000	41
chr17	 94550000	 92450000	42
chr18	   250000	  1050000	16
chr18	  1350000	  2100000	15
chr18	  1650000	  2550000	18
chr18	  2350000	  1950000	8
chr18	 12550000	 11700000	17
chr18	 14400000	 11400000	60
chr18	 16600000	 18450000	37
chr18	 20500000	 21950000	29
chr18	 21500000	 19900000	32
chr18	 23300000	 22650000	13
chr18	 23550000	 22050000	30
chr18	 25500000	 26050000	11
chr18	 26200000	 26600000	8
chr18	 26550000	 26900000	7
chr18	 30150000	 31550000	28
chr18	 34200000	 33750000	9
chr18	 34250000	 35850000	32
chr18	 42650000	 43800000	23
chr18	 45950000	 47200000	25
chr18	 46050000	 45450000	12
chr18	 48200000	 46100000	42
chr18	 50850000	 51900000	21
chr18	 52550000	 51900000	13
chr18	 53300000	 51700000	32
chr18	 54550000	 57250000	54
chr18	 55550000	 54350000	24
chr18	 56350000	 55300000	21
chr18	 57400000	 58650000	25
chr18	 58500000	 59500000	20
chr18	 59700000	 58450000	25
chr18	 65050000	 65350000	6
chr18	 67900000	 67200000	14
chr18	 68100000	 66350000	35
chr18	 73050000	 74150000	22
chr18	 74500000	 75450000	19
chr18	 76500000	 77600000	22
chr18	 80050000	 81900000	37
chr18	 80150000	 80600000	9
chr18	 80150000	 81800000	33
chr18	 85100000	 83700000	28
chr18	 85100000	 86750000	33
chr18	 86450000	 85750000	14
chr18	 88100000	 86750000	27
chr18	 90000000	 89500000	10
chr19	  2850000	  1850000	20
chr19	  7950000	  7300000	13
chr19	  8750000	  9250000	10
chr19	 11200000	 10300000	18
chr19	 12050000	 12450000	8
chr19	 17050000	 18600000	31
chr19	 17350000	 18100000	15
chr19	 17400000	 18150000	15
chr19	 17750000	 19300000	31
chr19	 20150000	 19200000	19
chr19	 20550000	 20150000	8
chr19	 24650000	 25100000	9
chr19	 26650000	 24350000	46
chr19	 26700000	 26250000	9
chr19	 26850000	 24150000	54
chr19	 27500000	 27150000	7
chr19	 28350000	 29600000	25
chr19	 29100000	 29700000	12
chr19	 29250000	 31400000	43
chr19	 30350000	 28950000	28
chr19	 32150000	 32750000	12
chr19	 36400000	 35400000	20
chr19	 37000000	 37700000	14
chr19	 37300000	 38900000	32
chr19	 44450000	 45150000	14
chr19	 46500000	 48150000	33
chr19	 48000000	 48700000	14
chr19	 52000000	 53000000	20
chr19	 56100000	 56400000	6
chr19	 58000000	 58500000	10
chr19	 58200000	 57300000	18
chr2	  7150000	  6400000	15
chr2	  7350000	  6400000	19
chr2	  7800000	  7800000	0
chr2	  8800000	 10050000	25
chr2	  9350000	 10650000	26
chr2	  9450000	 10600000	23
chr2	 14500000	 13650000	17
chr2	 17100000	 16450000	13
chr2	 17450000	 17900000	9
chr2	 17700000	 16000000	34
chr2	 17750000	 18300000	11
chr2	 17800000	 18350000	11
chr2	 18700000	 17050000	33
chr2	 21500000	 22050000	11
chr2	 23250000	 22200000	21
chr2	 25100000	 26000000	18
chr2	 30600000	 29300000	26
chr2	 34650000	 33900000	15
chr2	 38400000	 40000000	32
chr2	 38500000	 40750000	45
chr2	 39550000	 41450000	38
chr2	 43600000	 44100000	10
chr2	 50900000	 52650000	35
chr2	 52350000	 54400000	41
chr2	 57150000	 57800000	13
chr2	 57600000	 57150000	9
chr2	 59800000	 58150000	33
chr2	 61700000	 59750000	39
chr2	 62150000	 61500000	13
chr2	 63250000	 64650000	28
chr2	 63550000	 62000000	31
chr2	 64050000	 64650000	12
chr2	 66550000	 66050000	10
chr2	 67300000	 66650000	13
chr2	 67900000	 66850000	21
chr2	 68200000	 65550000	53
chr2	 69450000	 71000000	31
chr2	 70600000	 71500000	18
chr2	 73250000	 74050000	16
chr2	 74250000	 75000000	15
chr2	 75650000	 76950000	26
chr2	 76400000	 78000000	32
chr2	 81500000	 83050000	31
chr2	 87000000	 86750000	5
chr2	 91350000	 90000000	27
chr2	 92300000	 91500000	16
chr2	 93250000	 94950000	34
chr2	 94600000	 92900000	34
chr2	 94600000	 94000000	12
chr2	 97000000	 98350000	27
chr2	 97650000	 98650000	20
chr2	 98550000	 98100000	9
chr2	104450000	104150000	6
chr2	106150000	106700000	11
chr2	112050000	111100000	19
chr2	112250000	112600000	7
chr2	115000000	116150000	23
chr2	115850000	118450000	52
chr2	117200000	115550000	33
chr2	119950000	119050000	18
chr2	120650000	119650000	20
chr2	122200000	123400000	24
chr2	123100000	124250000	23
chr2	127500000	125750000	35
chr2	127750000	128350000	12
chr2	128350000	130300000	39
chr2	128550000	126750000	36
chr2	129500000	130450000	19
chr2	131100000	131600000	10
chr2	131150000	131950000	16
chr2	131350000	133300000	39
chr2	134150000	131650000	50
chr2	136050000	135300000	15
chr2	138900000	136150000	55
chr2	140350000	139450000	18
chr2	140500000	139350000	23
chr2	140950000	140650000	6
chr2	141150000	142850000	34
chr2	142650000	143450000	16
chr2	143900000	142800000	22
chr2	144300000	143600000	14
chr2	145650000	144150000	30
chr2	145800000	143500000	46
chr2	148700000	149600000	18
chr2	149200000	147300000	38
chr2	152200000	154550000	47
chr2	155100000	154800000	6
chr2	158650000	161600000	59
chr2	160550000	160250000	6
chr2	161550000	160650000	18
chr2	165950000	165700000	5
chr2	168350000	169250000	18
chr2	169300000	167450000	37
chr2	176550000	177550000	20
chr2	178750000	177900000	17
chr2	180850000	179900000	19
chr3	  4250000	  3050000	24
chr3	  5150000	  5650000	10
chr3	  5750000	  5400000	7
chr3	  6350000	  4150000	44
chr3	  7550000	  7000000	11
chr3	  9600000	  8050000	31
chr3	 12350000	 11150000	24
chr3	 13300000	  8650000	93
chr3	 19250000	 20550000	26
chr3	 21250000	 20200000	21
chr3	 27750000	 28250000	10
chr3	 28450000	 27000000	29
chr3	 31650000	 30950000	14
chr3	 31900000	 33700000	36
chr3	 32100000	 33350000	25
chr3	 34100000	 32800000	26
chr3	 40550000	 41550000	20
chr3	 43400000	 44150000	15
chr3	 44550000	 45150000	12
chr3	 46850000	 45450000	28
chr3	 52850000	 53450000	12
chr3	 54000000	 56100000	42
chr3	 57000000	 58100000	22
chr3	 59450000	 60650000	24
chr3	 60350000	 56950000	68
chr3	 62200000	 60500000	34
chr3	 64350000	 63550000	16
chr3	 66600000	 64850000	35
chr3	 67300000	 66500000	16
chr3	 67350000	 66900000	9
chr3	 70300000	 71000000	14
chr3	 72950000	 74300000	27
chr3	 74500000	 74500000	0
chr3	 77050000	 72450000	92
chr3	 82700000	 81550000	23
chr3	 88600000	 84700000	78
chr3	 91950000	 93950000	40
chr3	 92050000	 93650000	32
chr3	 92950000	 92150000	16
chr3	 93700000	 91900000	36
chr3	 95900000	 94200000	34
chr3	 99300000	101600000	46
chr3	101550000	100700000	17
chr3	102450000	102900000	9
chr3	102450000	104750000	46
chr3	102900000	103750000	17
chr3	103200000	101850000	27
chr3	103800000	104900000	22
chr3	105100000	106600000	30
chr3	106800000	107900000	22
chr3	108850000	109750000	18
chr3	110850000	110100000	15
chr3	114200000	113850000	7
chr3	118000000	119050000	21
chr3	119450000	119900000	9
chr3	123700000	122750000	19
chr3	124100000	125100000	20
chr3	125450000	125250000	4
chr3	125950000	126800000	17
chr3	126000000	127150000	23
chr3	131000000	130300000	14
chr3	132500000	133600000	22
chr3	133000000	133850000	17
chr3	133900000	133400000	10
chr3	135800000	134000000	36
chr3	136100000	135450000	13
chr3	136900000	137750000	17
chr3	137500000	134800000	54
chr3	139100000	140050000	19
chr3	139600000	137650000	39
chr3	153000000	152450000	11
chr3	157050000	158600000	31
chr4	  1700000	  2650000	19
chr4	  2850000	   850000	40
chr4	  2850000	  4250000	28
chr4	  5550000	  4900000	13
chr4	 11600000	 12250000	13
chr4	 14600000	 13850000	15
chr4	 15250000	 16250000	20
chr4	 18000000	 16900000	22
chr4	 19350000	 18000000	27
chr4	 20500000	 19600000	18
chr4	 22050000	 22750000	14
chr4	 25450000	 26100000	13
chr4	 25650000	 24450000	24
chr4	 29850000	 28700000	23
chr4	 29900000	 29450000	9
chr4	 30600000	 31500000	18
chr4	 33800000	 33600000	4
chr4	 38750000	 40800000	41
chr4	 39550000	 39950000	8
chr4	 40400000	 39000000	28
chr4	 40750000	 41450000	14
chr4	 41500000	 41050000	9
chr4	 42750000	 44000000	25
chr4	 43000000	 42150000	17
chr4	 46100000	 45150000	19
chr4	 47100000	 44600000	50
chr4	 47950000	 45500000	49
chr4	 48150000	 47350000	16
chr4	 49600000	 48800000	16
chr4	 50250000	 48950000	26
chr4	 50400000	 52200000	36
chr4	 54250000	 55500000	25
chr4	 54400000	 53100000	26
chr4	 55400000	 57600000	44
chr4	 58050000	 61400000	67
chr4	 59450000	 59700000	5
chr4	 59600000	 60650000	21
chr4	 61900000	 63100000	24
chr4	 62400000	 65150000	55
chr4	 62950000	 61600000	27
chr4	 66000000	 66850000	17
chr4	 66800000	 65950000	17
chr4	 69600000	 67800000	36
chr4	 71850000	 74200000	47
chr4	 73400000	 71350000	41
chr4	 73650000	 73300000	7
chr4	 74100000	 76650000	51
chr4	 74750000	 73750000	20
chr4	 80500000	 79400000	22
chr4	 87500000	 88200000	14
chr4	 93950000	 95600000	33
chr4	 94200000	 95350000	23
chr4	 95950000	 96750000	16
chr4	 96250000	 95400000	17
chr4	 99000000	100250000	25
chr4	100400000	101000000	12
chr4	103650000	102000000	33
chr4	105250000	106400000	23
chr4	105850000	105500000	7
chr4	105950000	106950000	20
chr4	106800000	108650000	37
chr4	109600000	108950000	13
chr4	116800000	113300000	70
chr4	117550000	118200000	13
chr4	119400000	117900000	30
chr4	119500000	121250000	35
chr4	121200000	120000000	24
chr4	121450000	121900000	9
chr4	121850000	123100000	25
chr4	125500000	123950000	31
chr4	130600000	131100000	10
chr4	131100000	133050000	39
chr4	131150000	132550000	28
chr4	132200000	133450000	25
chr4	134500000	135350000	17
chr4	136000000	135500000	10
chr4	136200000	137100000	18
chr4	142050000	141300000	15
chr4	146500000	148300000	36
chr4	152250000	153950000	34
chr4	154400000	153700000	14
chr4	154900000	154050000	17
chr5	  3300000	  2150000	23
chr5	  5350000	  7500000	43
chr5	  7400000	  8350000	19
chr5	 12750000	 14800000	41
chr5	 13700000	 12850000	17
chr5	 15500000	 17200000	34
chr5	 17050000	 18550000	30
chr5	 18050000	 18900000	17
chr5	 19750000	 20800000	21
chr5	 20850000	 22450000	32
chr5	 21050000	 21950000	18
chr5	 28200000	 29050000	17
chr5	 30150000	 31100000	19
chr5	 31000000	 30100000	18
chr5	 32850000	 32050000	16
chr5	 34500000	 35400000	18
chr5	 35950000	 34350000	32
chr5	 40150000	 41850000	34
chr5	 41150000	 42150000	20
chr5	 43900000	 44500000	12
chr5	 45250000	 44050000	24
chr5	 46850000	 46650000	4
chr5	 47500000	 45500000	40
chr5	 47800000	 46200000	32
chr5	 52200000	 53550000	27
chr5	 57000000	 57650000	13
chr5	 57500000	 55600000	38
chr5	 60350000	 59700000	13
chr5	 67800000	 68400000	12
chr5	 68800000	 70000000	24
chr5	 69850000	 70400000	11
chr5	 70800000	 72550000	35
chr5	 72050000	 73250000	24
chr5	 75350000	 74200000	23
chr5	 75800000	 74000000	36
chr5	 77750000	 77100000	13
chr5	 78500000	 79350000	17
chr5	 80950000	 82400000	29
chr5	 84900000	 86150000	25
chr5	 86250000	 84950000	26
chr5	 86700000	 89250000	51
chr5	 87600000	 90400000	56
chr5	 88250000	 89500000	25
chr5	 89850000	 93050000	64
chr5	 90100000	 91750000	33
chr5	 90950000	 91550000	12
chr5	 93050000	 92450000	12
chr5	 93950000	 93250000	14
chr5	 96900000	 96150000	15
chr5	 98250000	 97200000	21
chr5	 99950000	 97250000	54
chr5	104800000	104200000	12
chr5	107050000	108050000	20
chr5	108800000	108450000	7
chr5	109200000	109500000	6
chr5	111200000	109750000	29
chr5	113700000	112900000	16
chr5	115550000	114450000	22
chr5	117550000	116100000	29
chr5	118100000	119200000	22
chr5	118150000	118650000	10
chr5	119200000	120600000	28
chr5	121250000	122750000	30
chr5	131650000	130500000	23
chr5	132350000	131950000	8
chr5	132400000	131550000	17
chr5	134100000	135200000	22
chr5	137800000	139050000	25
chr5	139200000	138600000	12
chr5	141800000	141200000	12
chr5	142100000	141150000	19
chr5	142450000	141550000	18
chr5	144300000	145850000	31
chr5	146250000	144900000	27
chr5	150500000	148650000	37
chr6	  3050000	  2500000	11
chr6	  4050000	  5050000	20
chr6	  5700000	  4950000	15
chr6	  6550000	  5400000	23
chr6	  6650000	  7550000	18
chr6	  7500000	  6400000	22
chr6	 13700000	 12900000	16
chr6	 15150000	 17150000	40
chr6	 15700000	 14100000	32
chr6	 16200000	 14100000	42
chr6	 17650000	 16800000	17
chr6	 21550000	 21900000	7
chr6	 36900000	 37600000	14
chr6	 37850000	 38600000	15
chr6	 39000000	 38200000	16
chr6	 44900000	 46800000	38
chr6	 49950000	 49400000	11
chr6	 50750000	 49300000	29
chr6	 52050000	 53850000	36
chr6	 54300000	 55050000	15
chr6	 57700000	 56800000	18
chr6	 58550000	 56900000	33
chr6	 61500000	 62750000	25
chr6	 61600000	 60550000	21
chr6	 62750000	 61950000	16
chr6	 63200000	 64000000	16
chr6	 66350000	 65150000	24
chr6	 68500000	 69250000	15
chr6	 71850000	 71100000	15
chr6	 72800000	 73150000	7
chr6	 72850000	 73500000	13
chr6	 76600000	 77300000	14
chr6	 78300000	 78950000	13
chr6	 80050000	 79200000	17
chr6	 80050000	 82000000	39
chr6	 80200000	 80800000	12
chr6	 82850000	 84250000	28
chr6	 83600000	 85400000	36
chr6	 86150000	 87400000	25
chr6	 86950000	 86550000	8
chr6	 89300000	 90550000	25
chr6	 89400000	 90600000	24
chr6	 89950000	 90100000	3
chr6	 95900000	 94050000	37
chr6	 97250000	 98450000	24
chr6	 97300000	 95800000	30
chr6	 98050000	 99200000	23
chr6	100750000	102500000	35
chr6	102900000	103450000	11
chr6	105100000	104300000	16
chr6	105100000	106800000	34
chr6	105600000	103650000	39
chr6	106550000	107350000	16
chr6	106650000	107550000	18
chr6	107150000	106300000	17
chr6	108100000	109300000	24
chr6	108900000	109950000	21
chr6	109500000	112750000	65
chr6	112600000	114100000	30
chr6	114400000	114850000	9
chr6	115300000	114300000	20
chr6	116800000	117650000	17
chr6	119500000	118650000	17
chr6	120300000	120550000	5
chr6	121100000	119350000	35
chr6	122050000	123850000	36
chr6	124400000	126350000	39
chr6	134650000	134000000	13
chr6	134700000	133550000	23
chr6	137450000	138900000	29
chr6	137850000	140650000	56
chr6	140050000	139450000	12
chr6	140150000	138550000	32
chr6	143400000	142850000	11
chr6	146900000	146200000	14
chr6	148350000	147400000	19
chr6	148850000	147600000	25
chr7	  1550000	  2200000	13
chr7	  1650000	  2100000	9
chr7	  1950000	  1600000	7
chr7	  5550000	  6550000	20
chr7	  6700000	  7650000	19
chr7	  7350000	  6800000	11
chr7	  7450000	  5550000	38
chr7	  8950000	 10800000	37
chr7	 12650000	 12100000	11
chr7	 14450000	 12950000	30
chr7	 17600000	 17200000	8
chr7	 17800000	 19550000	35
chr7	 18950000	 17450000	30
chr7	 23200000	 24900000	34
chr7	 24800000	 25400000	12
chr7	 27500000	 28300000	16
chr7	 31150000	 33450000	46
chr7	 32550000	 31900000	13
chr7	 32600000	 31600000	20
chr7	 33750000	 32950000	16
chr7	 34400000	 33300000	22
chr7	 37050000	 35550000	30
chr7	 37500000	 35350000	43
chr7	 38800000	 39500000	14
chr7	 40350000	 38150000	44
chr7	 40850000	 41400000	11
chr7	 41350000	 40650000	14
chr7	 41550000	 40500000	21
chr7	 42650000	 44300000	33
chr7	 48100000	 47050000	21
chr7	 50150000	 51800000	33
chr7	 51500000	 51200000	6
chr7	 58000000	 58750000	15
chr7	 60700000	 62200000	30
chr7	 63250000	 62650000	12
chr7	 68900000	 67600000	26
chr7	 70100000	 70200000	2
chr7	 70600000	 69850000	15
chr7	 72550000	 70200000	47
chr7	 72950000	 72050000	18
chr7	 73200000	 71250000	39
chr7	 73200000	 72600000	12
chr7	 75750000	 75050000	14
chr7	 77600000	 78750000	23
chr7	 78750000	 78400000	7
chr7	 79700000	 77650000	41
chr7	 79750000	 79350000	8
chr7	 81200000	 82850000	33
chr7	 87600000	 84800000	56
chr7	 87650000	 85100000	51
chr7	 88200000	 87400000	16
chr7	 88600000	 87900000	14
chr7	 91350000	 90650000	14
chr7	 91400000	 92550000	23
chr7	 94050000	 95350000	26
chr7	 95750000	 96550000	16
chr7	101050000	101300000	5
chr7	102600000	102000000	12
chr7	103900000	102500000	28
chr7	104850000	106350000	30
chr7	106550000	103950000	52
chr7	106550000	106100000	9
chr7	111500000	110750000	15
chr7	114150000	112800000	27
chr7	114150000	115100000	19
chr7	114400000	114150000	5
chr7	116550000	117150000	12
chr7	117800000	120200000	48
chr7	118800000	119050000	5
chr7	119700000	119000000	14
chr7	121100000	122450000	27
chr7	122600000	123450000	17
chr7	125300000	125300000	0
chr7	128050000	130400000	47
chr7	128250000	128750000	10
chr7	129400000	128050000	27
chr7	129400000	131100000	34
chr7	130700000	129050000	33
chr7	131700000	130700000	20
chr7	132850000	131800000	21
chr7	134950000	134400000	11
chr7	135300000	136600000	26
chr7	138600000	137200000	28
chr7	139850000	141250000	28
chr7	141300000	139650000	33
chr7	141350000	141900000	11
chr8	  3200000	  1300000	38
chr8	  4050000	  4650000	12
chr8	  8650000	  7650000	20
chr8	  8750000	 10150000	28
chr8	  8900000	  9800000	18
chr8	 10850000	 11150000	6
chr8	 12500000	 13700000	24
chr8	 16500000	 17000000	10
chr8	 17150000	 17900000	15
chr8	 19900000	 19300000	12
chr8	 22500000	 21500000	20
chr8	 23900000	 23050000	17
chr8	 28450000	 28050000	8
chr8	 29200000	 27900000	26
chr8	 35200000	 33200000	40
chr8	 37650000	 38850000	24
chr8	 38300000	 39950000	33
chr8	 45400000	 46700000	26
chr8	 47100000	 48150000	21
chr8	 49650000	 48150000	30
chr8	 57900000	 57350000	11
chr8	 59100000	 57800000	26
chr8	 59600000	 56950000	53
chr8	 62350000	 60750000	32
chr8	 62550000	 60600000	39
chr8	 63900000	 64850000	19
chr8	 64900000	 64400000	10
chr8	 65850000	 67450000	32
chr8	 66750000	 64200000	51
chr8	 68100000	 69050000	19
chr8	 68550000	 67550000	20
chr8	 70800000	 72000000	24
chr8	 71050000	 70050000	20
chr8	 77100000	 77850000	15
chr8	 77250000	 76700000	11
chr8	 79300000	 79900000	12
chr8	 80700000	 79950000	15
chr8	 81600000	 83000000	28
chr8	 83450000	 82800000	13
chr8	 84300000	 83800000	10
chr8	 86600000	 84800000	36
chr8	 90600000	 91550000	19
chr8	 91800000	 92950000	23
chr8	 92500000	 96100000	72
chr8	 92550000	 93850000	26
chr8	 94350000	 95700000	27
chr8	 95250000	 96900000	33
chr8	 98700000	 99150000	9
chr8	102350000	103400000	21
chr8	104550000	106300000	35
chr8	105050000	103800000	25
chr8	112250000	114250000	40
chr8	112350000	110300000	41
chr8	114650000	115600000	19
chr8	116900000	120550000	73
chr8	119700000	118800000	18
chr8	121450000	120550000	18
chr8	122200000	121450000	15
chr8	124350000	125100000	15
chr8	127800000	129200000	28
chr8	128150000	128700000	11
chr8	128350000	129050000	14
chr8	128600000	127600000	20
chr9	  1300000	  1000000	6
chr9	  2100000	  1250000	17
chr9	  2650000	  1550000	22
chr9	  2950000	  3750000	16
chr9	  5850000	  4500000	27
chr9	  6950000	  5900000	21
chr9	  7000000	  7400000	8
chr9	  7950000	  9150000	24
chr9	  9050000	  9950000	18
chr9	  9950000	 13450000	70
chr9	 10550000	 11050000	10
chr9	 11150000	 12500000	27
chr9	 12250000	 12650000	8
chr9	 13150000	 12600000	11
chr9	 14050000	 12250000	36
chr9	 18050000	 15050000	60
chr9	 18200000	 15350000	57
chr9	 21100000	 20650000	9
chr9	 26300000	 27200000	18
chr9	 26500000	 25850000	13
chr9	 28500000	 27900000	12
chr9	 29100000	 30650000	31
chr9	 32200000	 32550000	7
chr9	 33550000	 35550000	40
chr9	 37050000	 36500000	11
chr9	 43450000	 44100000	13
chr9	 44650000	 44300000	7
chr9	 46600000	 45650000	19
chr9	 47750000	 49950000	44
chr9	 48500000	 50000000	30
chr9	 51500000	 50300000	24
chr9	 62600000	 61550000	21
chr9	 65250000	 66000000	15
chr9	 66300000	 66900000	12
chr9	 66950000	 64500000	49
chr9	 71550000	 70800000	15
chr9	 71750000	 71150000	12
chr9	 71850000	 74100000	45
chr9	 72700000	 72150000	11
chr9	 73100000	 72300000	16
chr9	 75400000	 74550000	17
chr9	 75650000	 76800000	23
chr9	 76650000	 75050000	32
chr9	 77500000	 76300000	24
chr9	 78150000	 76750000	28
chr9	 78450000	 77600000	17
chr9	 79000000	 79000000	0
chr9	 79150000	 79700000	11
chr9	 79900000	 78250000	33
chr9	 81300000	 80600000	14
chr9	 81350000	 79800000	31
chr9	 82400000	 83050000	13
chr9	 84300000	 83950000	7
chr9	 84350000	 84800000	9
chr9	 85100000	 87000000	38
chr9	 85150000	 84100000	21
chr9	 88000000	 89800000	36
chr9	 89250000	 90700000	29
chr9	 90150000	 89200000	19
chr9	 92150000	 92350000	4
chr9	 95750000	 96450000	14
chr9	 97000000	 98000000	20
chr9	 97100000	 97750000	13
chr9	 97300000	 97750000	9
chr9	 99250000	 99900000	13
chr9	 99400000	 96300000	62
chr9	100850000	101750000	18
chr9	103100000	104350000	25
chr9	103650000	103250000	8
chr9	103800000	104400000	12
chr9	107350000	106250000	22
chr9	108000000	109550000	31
chr9	110150000	110950000	16
chr9	113600000	114150000	11
chr9	115650000	117400000	35
chr9	118000000	119200000	24
chr9	121150000	122300000	23
chr9	123800000	124450000	13
chrX	  5200000	  3650000	31
chrX	  9800000	  8900000	18
chrX	 13200000	 14200000	20
chrX	 14650000	 15600000	19
chrX	 15150000	 14350000	16
chrX	 15600000	 14800000	16
chrX	 19900000	 19150000	15
chrX	 24950000	 24300000	13
chrX	 25450000	 24300000	23
chrX	 27950000	 26900000	21
chrX	 28800000	 30500000	34
chrX	 29950000	 29300000	13
chrX	 30600000	 29550000	21
chrX	 32500000	 31450000	21
chrX	 33750000	 33000000	15
chrX	 40550000	 40550000	0
chrX	 40700000	 39650000	21
chrX	 42850000	 40350000	50
chrX	 44450000	 42700000	35
chrX	 44600000	 44200000	8
chrX	 46800000	 47550000	15
chrX	 48100000	 47100000	20
chrX	 48250000	 47150000	22
chrX	 49600000	 50600000	20
chrX	 52300000	 50800000	30
chrX	 52300000	 53200000	18
chrX	 52700000	 53450000	15
chrX	 53900000	 55100000	24
chrX	 54650000	 56250000	32
chrX	 54700000	 53600000	22
chrX	 55700000	 54950000	15
chrX	 58100000	 58600000	10
chrX	 61600000	 61850000	5
chrX	 63850000	 64900000	21
chrX	 63850000	 66250000	48
chrX	 65100000	 65850000	15
chrX	 66500000	 67200000	14
chrX	 66650000	 68850000	44
chrX	 67050000	 66000000	21
chrX	 69550000	 69000000	11
chrX	 73900000	 73400000	10
chrX	 74200000	 73200000	20
chrX	 75400000	 73500000	38
chrX	 78200000	 77750000	9
chrX	 78250000	 77700000	11
chrX	 78450000	 78750000	6
chrX	 81000000	 82700000	34
chrX	 81450000	 80400000	21
chrX	 81650000	 82050000	8
chrX	 82750000	 83400000	13
chrX	 87500000	 88050000	11
chrX	 89700000	 88650000	21
chrX	 94900000	 96800000	38
chrX	 95050000	 93600000	29
chrX	 95850000	 98350000	50
chrX	 96700000	 97850000	23
chrX	 97350000	 98800000	29
chrX	 98300000	 97500000	16
chrX	 98650000	 99350000	14
chrX	104050000	102300000	35
chrX	105250000	102650000	52
chrX	106350000	106100000	5
chrX	106350000	107800000	29
chrX	108950000	109600000	13
chrX	109400000	107800000	32
chrX	113500000	114700000	24
chrX	117750000	119150000	28
chrX	118100000	118700000	12
chrX	119850000	120350000	10
chrX	123950000	124250000	6
chrX	125500000	126800000	26
chrX	128300000	127150000	23
chrX	130150000	129650000	10
chrX	131700000	130550000	23
chrX	133050000	132100000	19
chrX	134150000	135250000	22
chrX	137350000	136600000	15
chrX	137450000	138850000	28
chrX	137650000	136550000	22
chrX	141150000	142150000	20
chrX	142800000	141300000	30
chrX	145450000	145850000	8
chrX	147100000	146900000	4
chrX	153350000	152450000	18
chrX	154450000	156000000	31
chrX	154650000	155250000	12
chrX	156400000	157250000	17
chrX	157250000	158350000	22
chrX	162800000	161000000	36
chrX	163950000	162950000	20
chrX	164250000	165000000	15
chrX	165900000	164750000	23
chrX	168750000	170050000	26
chrX	169250000	170300000	21
chrX	169750000	168400000	27
chrX	169800000	168350000	29
chrY	  2950000	  3800000	17
chrY	  3050000	  2000000	21
chrY	  3450000	  4900000	29
chrY	  3900000	  2900000	20
chrY	  5800000	  6750000	19
chrY	  9950000	 10600000	13
chrY	 10750000	 11050000	6
chrY	 11000000	  9850000	23
chrY	 11500000	  9450000	41
chrY	 13250000	 14850000	32
chrY	 15100000	 13800000	26
chrY	 23550000	 22400000	23
chrY	 26950000	 28900000	39
chrY	 28050000	 28400000	7
chrY	 28850000	 29500000	13
chrY	 30050000	 28550000	30
chrY	 31350000	 29950000	28
chrY	 31350000	 30400000	19
chrY	 32200000	 33400000	24
chrY	 38100000	 37000000	22
chrY	 40700000	 40000000	14
chrY	 48700000	 49700000	20
chrY	 49150000	 48550000	12
chrY	 52200000	 49800000	48
chrY	 58450000	 55850000	52
chrY	 59550000	 59000000	11
chrY	 61500000	 60700000	16
chrY	 63100000	 64200000	22
chrY	 65250000	 66000000	15
chrY	 70400000	 72500000	42
chrY	 71300000	 71800000	10
chrY	 80200000	 79850000	7
chrY	 84000000	 82800000	24
chrY	 84350000	 84000000	7
chrY	 84550000	 83400000	23
chrY	 85650000	 86800000	23
