chr1	  3200000	  4200000	20
chr1	  4800000	  6750000	39
chr1	  5050000	  7950000	58
chr1	  8550000	  8300000	5
chr1	 17500000	 16850000	13
chr1	 18550000	 17750000	16
chr1	 18750000	 19900000	23
chr1	 28200000	 27200000	20
chr1	 29500000	 28350000	23
chr1	 31900000	 32500000	12
chr1	 32900000	 34250000	27
chr1	 33400000	 33850000	9
chr1	 38000000	 39450000	29
chr1	 38450000	 34700000	75
chr1	 39650000	 41400000	35
chr1	 42450000	 41250000	24
chr1	 42650000	 44300000	33
chr1	 44200000	 43300000	18
chr1	 45750000	 45000000	15
chr1	 50650000	 50250000	8
chr1	 51900000	 54300000	48
chr1	 53100000	 53900000	16
chr1	 53350000	 54900000	31
chr1	 54600000	 53300000	26
chr1	 54650000	 55550000	18
chr1	 54950000	 53950000	20
chr1	 55250000	 53550000	34
chr1	 56600000	 55900000	14
chr1	 57150000	 56300000	17
chr1	 57400000	 56750000	13
chr1	 57900000	 58500000	12
chr1	 61700000	 62400000	14
chr1	 62150000	 64200000	41
chr1	 62400000	 61700000	14
chr1	 64400000	 65550000	23
chr1	 64850000	 64050000	16
chr1	 67100000	 66100000	20
chr1	 78100000	 80700000	52
chr1	 79000000	 78450000	11
chr1	 80050000	 79550000	10
chr1	 82450000	 80650000	36
chr1	 85100000	 85100000	0
chr1	 85100000	 86050000	19
chr1	 87200000	 86500000	14
chr1	 93300000	 93650000	7
chr1	 96150000	 96950000	16
chr1	 96250000	 97150000	18
chr1	 96750000	 95300000	29
chr1	 96800000	 98850000	41
chr1	100200000	 99100000	22
chr1	100250000	100800000	11
chr1	102300000	102650000	7
chr1	103300000	104100000	16
chr1	110250000	111350000	22
chr1	117000000	118200000	24
chr1	117300000	120550000	65
chr1	117550000	116150000	28
chr1	123750000	122400000	27
chr1	127500000	127800000	6
chr1	128350000	128900000	11
chr1	130350000	131900000	31
chr1	136350000	137100000	15
chr1	139200000	137850000	27
chr1	139600000	140150000	11
chr1	141000000	140200000	16
chr1	144800000	143300000	30
chr1	147300000	148700000	28
chr1	149000000	149650000	13
chr1	153700000	155200000	30
chr1	155850000	156500000	13
chr1	157750000	156800000	19
chr1	161750000	164250000	50
chr1	162100000	159150000	59
chr1	163600000	164350000	15
chr1	164200000	161900000	46
chr1	164600000	162350000	45
chr1	167450000	165350000	42
chr1	167450000	168600000	23
chr1	168050000	168400000	7
chr1	171250000	171900000	13
chr1	171250000	171950000	14
chr1	175550000	176200000	13
chr1	176900000	178000000	22
chr1	182400000	181500000	18
chr1	184150000	183600000	11
chr1	185550000	187350000	36
chr1	185750000	184300000	29
chr1	185850000	185100000	15
chr1	191050000	190100000	19
chr1	191550000	190300000	25
chr1	192650000	192100000	11
chr1	193200000	194200000	20
chr1	193950000	193100000	17
chr1	194250000	195150000	18
chr10	  3650000	  4200000	11
chr10	  6350000	  6950000	12
chr10	  8350000	 10150000	36
chr10	 10600000	  9950000	13
chr10	 11050000	  9750000	26
chr10	 13950000	 14700000	15
chr10	 14500000	 13800000	14
chr10	 14900000	 16200000	26
chr10	 15050000	 13300000	35
chr10	 16350000	 17150000	16
chr10	 18550000	 17750000	16
chr10	 22400000	 23500000	22
chr10	 22500000	 23750000	25
chr10	 23550000	 21800000	35
chr10	 25800000	 25050000	15
chr10	 26800000	 27700000	18
chr10	 28100000	 26500000	32
chr10	 29450000	 27050000	48
chr10	 29650000	 28250000	28
chr10	 30000000	 29200000	16
chr10	 32450000	 30600000	37
chr10	 42250000	 43450000	24
chr10	 43950000	 42850000	22
chr10	 46400000	 45950000	9
chr10	 51100000	 52150000	21
chr10	 51450000	 52100000	13
chr10	 53400000	 52650000	15
chr10	 57950000	 58450000	10
chr10	 59150000	 58400000	15
chr10	 59500000	 61350000	37
chr10	 65650000	 66350000	14
chr10	 66250000	 67500000	25
chr10	 66700000	 67450000	15
chr10	 73600000	 74850000	25
chr10	 75300000	 74350000	19
chr10	 75400000	 76500000	22
chr10	 79900000	 79400000	10
chr10	 82650000	 84200000	31
chr10	 83100000	 83700000	12
chr10	 83250000	 83650000	8
chr10	 85250000	 87250000	40
chr10	 86150000	 86500000	7
chr10	 88400000	 86650000	35
chr10	 90150000	 89400000	15
chr10	 91500000	 90450000	21
chr10	 92950000	 94500000	31
chr10	 94200000	 94750000	11
chr10	 95250000	 96550000	26
chr10	 98750000	 97850000	18
chr10	 99250000	 97450000	36
chr10	100400000	 99750000	13
chr10	102200000	103250000	21
chr10	105250000	104400000	17
chr10	105600000	106800000	24
chr10	106100000	107400000	26
chr10	106400000	107850000	29
chr10	110550000	110950000	8
chr10	110700000	110100000	12
chr10	119350000	120200000	17
chr10	120950000	119850000	22
chr10	121250000	120600000	13
chr10	126400000	127550000	23
chr10	127350000	127900000	11
chr10	128600000	127600000	20
chr11	  1250000	  3150000	38
chr11	  1450000	  1050000	8
chr11	  1650000	  2550000	18
chr11	  4200000	  3800000	8
chr11	  4750000	  3450000	26
chr11	  5650000	  6650000	20
chr11	 11250000	 11900000	13
chr11	 11850000	 11450000	8
chr11	 12350000	 13850000	30
chr11	 13650000	 13050000	12
chr11	 17600000	 16800000	16
chr11	 18200000	 16950000	25
chr11	 19800000	 20900000	22
chr11	 20550000	 20350000	4
chr11	 22050000	 23100000	21
chr11	 23200000	 23700000	10
chr11	 27650000	 26850000	16
chr11	 28300000	 29100000	16
chr11	 28600000	 30600000	40
chr11	 30400000	 28700000	34
chr11	 31300000	 31050000	5
chr11	 32650000	 34500000	37
chr11	 33450000	 32400000	21
chr11	 35250000	 36700000	29
chr11	 35950000	 37600000	33
chr11	 36900000	 39100000	44
chr11	 41450000	 43500000	41
chr11	 43550000	 44800000	25
chr11	 44600000	 45350000	15
chr11	 47100000	 47550000	9
chr11	 48600000	 49500000	18
chr11	 50600000	 50900000	6
chr11	 55050000	 54200000	17
chr11	 57800000	 56000000	36
chr11	 60500000	 59500000	20
chr11	 63950000	 66750000	56
chr11	 64950000	 65300000	7
chr11	 68050000	 70200000	43
chr11	 71450000	 72250000	16
chr11	 74500000	 73150000	27
chr11	 75500000	 74500000	20
chr11	 76500000	 75250000	25
chr11	 79750000	 78400000	27
chr11	 80150000	 81550000	28
chr11	 81800000	 82400000	12
chr11	 84100000	 85150000	21
chr11	 84450000	 85100000	13
chr11	 90550000	 91200000	13
chr11	 92550000	 91300000	25
chr11	 92600000	 93850000	25
chr11	 93750000	 90800000	59
chr11	 95850000	 96350000	10
chr11	 96100000	 94500000	32
chr11	 97100000	 98800000	34
chr11	100650000	101750000	22
chr11	101900000	101500000	8
chr11	103250000	104650000	28
chr11	104100000	103550000	11
chr11	104500000	103500000	20
chr11	104950000	104450000	10
chr11	105600000	104600000	20
chr11	107650000	106650000	20
chr11	107900000	107350000	11
chr11	108350000	106350000	40
chr11	110150000	111000000	17
chr11	111400000	110600000	16
chr11	117750000	115250000	50
chr11	119250000	119800000	11
chr11	122050000	120400000	33
chr12	  1200000	   700000	10
chr12	  4300000	  5200000	18
chr12	  5150000	  6000000	17
chr12	  7450000	  6050000	28
chr12	  7550000	  6800000	15
chr12	  9700000	  8750000	19
chr12	 13450000	 14050000	12
chr12	 18650000	 18200000	9
chr12	 22850000	 23050000	4
chr12	 28700000	 27550000	23
chr12	 31300000	 29600000	34
chr12	 36500000	 37550000	21
chr12	 36800000	 35350000	29
chr12	 38650000	 39650000	20
chr12	 39650000	 41750000	42
chr12	 42100000	 42800000	14
chr12	 42800000	 40850000	39
chr12	 43700000	 42700000	20
chr12	 45200000	 44800000	8
chr12	 47200000	 47700000	10
chr12	 48050000	 47550000	10
chr12	 49500000	 48550000	19
chr12	 49600000	 49050000	11
chr12	 53700000	 54350000	13
chr12	 54000000	 55600000	32
chr12	 54350000	 53550000	16
chr12	 54900000	 54100000	16
chr12	 55900000	 55050000	17
chr12	 55950000	 54600000	27
chr12	 57250000	 56250000	20
chr12	 59850000	 58850000	20
chr12	 61300000	 62450000	23
chr12	 62700000	 66300000	72
chr12	 66500000	 65250000	25
chr12	 73950000	 74650000	14
chr12	 75800000	 74850000	19
chr12	 76250000	 75150000	22
chr12	 78200000	 77900000	6
chr12	 78500000	 76800000	34
chr12	 78550000	 79350000	16
chr12	 79650000	 79100000	11
chr12	 80050000	 78100000	39
chr12	 82400000	 82950000	11
chr12	 83500000	 85550000	41
chr12	 84300000	 83850000	9
chr12	 85050000	 85800000	15
chr12	 85050000	 87250000	44
chr12	 88450000	 90500000	41
chr12	 89050000	 89850000	16
chr12	 95300000	 96150000	17
chr12	 95750000	 96300000	11
chr12	 98500000	100350000	37
chr12	102000000	101300000	14
chr12	102500000	102050000	9
chr12	102750000	103150000	8
chr12	105300000	105600000	6
chr12	106700000	107950000	25
chr12	109350000	106550000	56
chr12	109750000	108250000	30
chr12	111100000	109350000	35
chr12	111950000	112350000	8
chr12	113250000	113450000	4
chr12	114950000	114450000	10
chr12	115550000	116700000	23
chr12	115600000	116700000	22
chr12	118100000	116950000	23
chr12	118150000	117700000	9
chr12	118950000	120100000	23
chr13	  4550000	  5050000	10
chr13	  7100000	  5300000	36
chr13	  7500000	  8200000	14
chr13	  8950000	  9800000	17
chr13	  9100000	  7650000	29
chr13	 10750000	 10200000	11
chr13	 12250000	 10450000	36
chr13	 14450000	 15600000	23
chr13	 16900000	 18050000	23
chr13	 19700000	 18650000	21
chr13	 20850000	 20250000	12
chr13	 22950000	 21500000	29
chr13	 23350000	 24650000	26
chr13	 24000000	 25950000	39
chr13	 24300000	 23600000	14
chr13	 28350000	 26950000	28
chr13	 28950000	 29500000	11
chr13	 29350000	 27750000	32
chr13	 29850000	 28250000	32
chr13	 30250000	 29350000	18
chr13	 31500000	 30500000	20
chr13	 34250000	 35000000	15
chr13	 36100000	 36900000	16
chr13	 37300000	 38500000	24
chr13	 38350000	 38350000	0
chr13	 42150000	 42800000	13
chr13	 46550000	 46750000	4
chr13	 58400000	 59950000	31
chr13	 62850000	 61650000	24
chr13	 63500000	 65350000	37
chr13	 66100000	 64550000	31
chr13	 67300000	 68150000	17
chr13	 67300000	 68800000	30
chr13	 68100000	 70050000	39
chr13	 70750000	 70450000	6
chr13	 73650000	 74100000	9
chr13	 76050000	 77500000	29
chr13	 76150000	 77750000	32
chr13	 76250000	 76000000	5
chr13	 76850000	 78100000	25
chr13	 79450000	 80850000	28
chr13	 80350000	 79300000	21
chr13	 80500000	 81400000	18
chr13	 80750000	 80250000	10
chr13	 84700000	 83200000	30
chr13	 90850000	 90150000	14
chr13	 90900000	 90600000	6
chr13	 91600000	 92850000	25
chr13	 92450000	 94300000	37
chr13	 92550000	 92050000	10
chr13	 93450000	 91400000	41
chr13	 95850000	 95300000	11
chr13	 97450000	 98400000	19
chr13	 99500000	100450000	19
chr13	100000000	101100000	22
chr13	100500000	101150000	13
chr13	101000000	100400000	12
chr13	101400000	 99650000	35
chr13	102250000	101150000	22
chr13	107750000	107300000	9
chr13	109000000	107350000	33
chr13	111450000	109700000	35
chr13	111700000	113050000	27
chr13	115150000	117000000	37
chr13	115450000	116800000	27
chr13	118500000	119900000	28
chr14	  7600000	  8500000	18
chr14	 10250000	 10900000	13
chr14	 11800000	 13150000	27
chr14	 15600000	 15150000	9
chr14	 20100000	 20500000	8
chr14	 23100000	 20200000	58
chr14	 29000000	 27350000	33
chr14	 29250000	 30450000	24
chr14	 29600000	 29100000	10
chr14	 33950000	 36300000	47
chr14	 34350000	 33700000	13
chr14	 34700000	 35350000	13
chr14	 37600000	 38400000	16
chr14	 41450000	 43550000	42
chr14	 42200000	 43050000	17
chr14	 42200000	 43300000	22
chr14	 45750000	 45250000	10
chr14	 49350000	 46700000	53
chr14	 49500000	 48500000	20
chr14	 53400000	 52000000	28
chr14	 54450000	 56250000	36
chr14	 63300000	 64550000	25
chr14	 66350000	 67200000	17
chr14	 70950000	 69700000	25
chr14	 71550000	 70450000	22
chr14	 71650000	 72200000	11
chr14	 74050000	 74700000	13
chr14	 74850000	 73750000	22
chr14	 76300000	 80000000	74
chr14	 77750000	 75350000	48
chr14	 77950000	 78400000	9
chr14	 80300000	 79450000	17
chr14	 82400000	 85150000	55
chr14	 83650000	 83050000	12
chr14	 84200000	 85150000	19
chr14	 84250000	 82400000	37
chr14	 85900000	 86400000	10
chr14	 86800000	 88400000	32
chr14	 87250000	 88300000	21
chr14	 87400000	 89500000	42
chr14	 94200000	 93550000	13
chr14	 96450000	 95050000	28
chr14	 98700000	100000000	26
chr14	100700000	101750000	21
chr14	102100000	 99800000	46
chr14	103600000	104050000	9
chr14	104900000	105950000	21
chr14	109900000	110900000	20
chr14	110100000	108950000	23
chr14	111050000	112250000	24
chr14	112700000	111800000	18
chr14	115150000	116050000	18
chr14	117750000	116000000	35
chr14	118650000	121200000	51
chr14	119750000	120600000	17
chr14	120850000	122450000	32
chr14	124850000	123100000	35
chr15	  1300000	  2500000	24
chr15	  7350000	  6000000	27
chr15	  9100000	  9950000	17
chr15	  9500000	  8400000	22
chr15	  9650000	 10800000	23
chr15	 13350000	 12600000	15
chr15	 18600000	 20550000	39
chr15	 24650000	 23350000	26
chr15	 26050000	 25100000	19
chr15	 29100000	 27600000	30
chr15	 30250000	 29400000	17
chr15	 31550000	 33550000	40
chr15	 31600000	 30750000	17
chr15	 32700000	 32150000	11
chr15	 33350000	 32550000	16
chr15	 34500000	 35600000	22
chr15	 36050000	 37450000	28
chr15	 36350000	 37700000	27
chr15	 37450000	 36250000	24
chr15	 41300000	 42350000	21
chr15	 41550000	 42450000	18
chr15	 44700000	 44000000	14
chr15	 48950000	 47150000	36
chr15	 49200000	 48300000	18
chr15	 50150000	 48650000	30
chr15	 53700000	 52750000	19
chr15	 55750000	 55000000	15
chr15	 58350000	 57500000	17
chr15	 61450000	 62050000	12
chr15	 62250000	 64250000	40
chr15	 63850000	 62750000	22
chr15	 64200000	 62500000	34
chr15	 64250000	 61800000	49
chr15	 68200000	 69300000	22
chr15	 68350000	 66500000	37
chr15	 70700000	 72400000	34
chr15	 71200000	 69300000	38
chr15	 71400000	 72300000	18
chr15	 71900000	 71350000	11
chr15	 72100000	 74100000	40
chr15	 75150000	 77500000	47
chr15	 81650000	 81150000	10
chr15	 81650000	 82350000	14
chr15	 85650000	 87450000	36
chr15	 93050000	 92400000	13
chr15	 93600000	 94250000	13
chr15	 94750000	 95500000	15
chr15	 96700000	 95150000	31
chr15	 97800000	 98500000	14
chr15	 99050000	 98300000	15
chr15	101600000	101850000	5
chr15	101600000	103300000	34
chr15	101850000	 99400000	49
chr15	103250000	102400000	17
chr16	   250000	   550000	6
chr16	  3650000	  4450000	16
chr16	  5750000	  5150000	12
chr16	  7850000	  6950000	18
chr16	  8800000	  9500000	14
chr16	 10000000	 11950000	39
chr16	 25000000	 26200000	24
chr16	 26100000	 25250000	17
chr16	 26750000	 28650000	38
chr16	 27250000	 26150000	22
chr16	 29400000	 30900000	30
chr16	 30400000	 31650000	25
chr16	 35000000	 35900000	18
chr16	 40550000	 39050000	30
chr16	 44050000	 42950000	22
chr16	 45150000	 43800000	27
chr16	 47750000	 46250000	30
chr16	 47750000	 47550000	4
chr16	 48000000	 45750000	45
chr16	 49350000	 50800000	29
chr16	 52300000	 50800000	30
chr16	 52600000	 48950000	73
chr16	 52650000	 53300000	13
chr16	 55650000	 56900000	25
chr16	 57450000	 58350000	18
chr16	 59150000	 58550000	12
chr16	 59500000	 59900000	8
chr16	 61750000	 60400000	27
chr16	 66150000	 67250000	22
chr16	 69050000	 71200000	43
chr16	 69700000	 71000000	26
chr16	 74250000	 72950000	26
chr16	 74400000	 73600000	16
chr16	 75000000	 72800000	44
chr16	 76750000	 77450000	14
chr16	 78200000	 77400000	16
chr16	 83900000	 84500000	12
chr16	 89750000	 91850000	42
chr16	 95550000	 94550000	20
chr16	 95600000	 96300000	14
chr17	  1550000	  4200000	53
chr17	  2350000	  3150000	16
chr17	  2650000	  4150000	30
chr17	  3650000	  3400000	5
chr17	  6600000	  7350000	15
chr17	  8050000	  9550000	30
chr17	 10300000	  9200000	22
chr17	 14800000	 13600000	24
chr17	 15700000	 14700000	20
chr17	 18150000	 19300000	23
chr17	 19950000	 20950000	20
chr17	 21250000	 22650000	28
chr17	 21500000	 20300000	24
chr17	 22050000	 21050000	20
chr17	 25450000	 24300000	23
chr17	 26250000	 27150000	18
chr17	 26550000	 25850000	14
chr17	 27400000	 28050000	13
chr17	 28100000	 29100000	20
chr17	 28500000	 29300000	16
chr17	 29600000	 30900000	26
chr17	 29700000	 29200000	10
chr17	 34250000	 35250000	20
chr17	 36600000	 38250000	33
chr17	 46350000	 45600000	15
chr17	 48300000	 49400000	22
chr17	 51700000	 51700000	0
chr17	 56950000	 56200000	15
chr17	 58200000	 61050000	57
chr17	 58700000	 59750000	21
chr17	 58750000	 57300000	29
chr17	 59300000	 59800000	10
chr17	 60350000	 61050000	14
chr17	 60750000	 59950000	16
chr17	 64100000	 63600000	10
chr17	 65900000	 67000000	22
chr17	 68850000	 68000000	17
chr17	 69450000	 68750000	14
chr17	 69650000	 70600000	19
chr17	 73250000	 74200000	19
chr17	 74650000	 76200000	31
chr17	 75000000	 74100000	18
chr17	 77850000	 76900000	19
chr17	 80550000	 79150000	28
chr17	 81500000	 82450000	19
chr17	 83250000	 83950000	14
chr17	 84600000	 83950000	13
chr17	 85300000	 86450000	23
chr17	 85500000	 88200000	54
chr17	 86450000	 88250000	36
chr17	 88150000	 89050000	18
chr17	 90250000	 88850000	28
chr17	 90350000	 87550000	56
chr17	 92700000	 92000000	14
chr18	    50000	  1650000	32
chr18	  4550000	  5300000	15
chr18	  5100000	  4600000	10
chr18	  6800000	  5400000	28
chr18	 10450000	 10850000	8
chr18	 10850000	 10150000	14
chr18	 12100000	 11100000	20
chr18	 14600000	 15550000	19
chr18	 16900000	 17800000	18
chr18	 17000000	 14650000	47
chr18	 19700000	 20400000	14
chr18	 19800000	 20600000	16
chr18	 20550000	 21700000	23
chr18	 22150000	 23150000	20
chr18	 24750000	 26750000	40
chr18	 26950000	 29200000	45
chr18	 27250000	 26200000	21
chr18	 30550000	 29100000	29
chr18	 36450000	 35850000	12
chr18	 36500000	 37400000	18
chr18	 36550000	 36250000	6
chr18	 39500000	 40400000	18
chr18	 40250000	 40850000	12
chr18	 41200000	 41700000	10
chr18	 43850000	 45550000	34
chr18	 44650000	 45300000	13
chr18	 46900000	 49150000	45
chr18	 47000000	 45800000	24
chr18	 48650000	 49550000	18
chr18	 52500000	 50600000	38
chr18	 56350000	 57550000	24
chr18	 60150000	 58800000	27
chr18	 60300000	 61600000	26
chr18	 61200000	 60450000	15
chr18	 61400000	 62100000	14
chr18	 62000000	 62550000	11
chr18	 63550000	 61950000	32
chr18	 66950000	 67400000	9
chr18	 69450000	 69000000	9
chr18	 71500000	 72150000	13
chr18	 74050000	 73000000	21
chr18	 76950000	 77600000	13
chr18	 77450000	 78500000	21
chr18	 77950000	 77150000	16
chr18	 78450000	 77150000	26
chr18	 81950000	 80800000	23
chr18	 84250000	 82500000	35
chr18	 86350000	 85600000	15
chr18	 86900000	 85400000	30
chr18	 88400000	 88900000	10
chr18	 89350000	 90400000	21
chr19	  5100000	  5500000	8
chr19	  5600000	  3850000	35
chr19	  5900000	  4250000	33
chr19	  7450000	  6250000	24
chr19	 12850000	 14000000	23
chr19	 15200000	 14000000	24
chr19	 15550000	 14200000	27
chr19	 16600000	 15850000	15
chr19	 21100000	 17600000	70
chr19	 22750000	 23950000	24
chr19	 23450000	 24250000	16
chr19	 24000000	 25150000	23
chr19	 24950000	 25550000	12
chr19	 25100000	 25450000	7
chr19	 26200000	 28900000	54
chr19	 32600000	 34250000	33
chr19	 35100000	 36350000	25
chr19	 35750000	 35750000	0
chr19	 36350000	 37500000	23
chr19	 37200000	 36550000	13
chr19	 37350000	 38250000	18
chr19	 37400000	 35350000	41
chr19	 37800000	 38800000	20
chr19	 38200000	 37850000	7
chr19	 38250000	 39050000	16
chr19	 38650000	 39250000	12
chr19	 40500000	 41350000	17
chr19	 42100000	 41050000	21
chr19	 43200000	 42200000	20
chr19	 43900000	 43450000	9
chr19	 51050000	 49950000	22
chr19	 52250000	 54150000	38
chr19	 52950000	 54400000	29
chr19	 54150000	 51650000	50
chr19	 56000000	 54400000	32
chr19	 56350000	 55650000	14
chr19	 56850000	 58250000	28
chr19	 57150000	 56650000	10
chr19	 57400000	 57950000	11
chr19	 60150000	 58650000	30
chr19	 60450000	 59850000	12
chr2	   250000	  2000000	35
chr2	  4050000	  4400000	7
chr2	  6100000	  4400000	34
chr2	  6900000	  7300000	8
chr2	  7850000	  8450000	12
chr2	  8600000	  8000000	12
chr2	  9800000	 10850000	21
chr2	 14150000	 16250000	42
chr2	 14450000	 15850000	28
chr2	 14450000	 18300000	77
chr2	 16500000	 15350000	23
chr2	 17050000	 20100000	61
chr2	 17150000	 16800000	7
chr2	 17450000	 16400000	21
chr2	 19050000	 19700000	13
chr2	 21250000	 22450000	24
chr2	 21800000	 21000000	16
chr2	 22800000	 21950000	17
chr2	 24050000	 24550000	10
chr2	 24150000	 24150000	0
chr2	 26150000	 25500000	13
chr2	 28350000	 28700000	7
chr2	 34900000	 36700000	36
chr2	 35100000	 35100000	0
chr2	 36300000	 35350000	19
chr2	 41150000	 43100000	39
chr2	 42650000	 41750000	18
chr2	 44550000	 43250000	26
chr2	 45150000	 47900000	55
chr2	 45750000	 44850000	18
chr2	 50450000	 51350000	18
chr2	 54100000	 53750000	7
chr2	 55850000	 57050000	24
chr2	 58500000	 57550000	19
chr2	 59200000	 58000000	24
chr2	 60250000	 63050000	56
chr2	 60500000	 59100000	28
chr2	 60850000	 59250000	32
chr2	 61800000	 59450000	47
chr2	 64350000	 63750000	12
chr2	 65550000	 64150000	28
chr2	 66150000	 64750000	28
chr2	 68150000	 67250000	18
chr2	 68800000	 68050000	15
chr2	 70250000	 71050000	16
chr2	 74000000	 75000000	20
chr2	 75700000	 75400000	6
chr2	 77350000	 78400000	21
chr2	 77750000	 77000000	15
chr2	 79500000	 77650000	37
chr2	 79600000	 80350000	15
chr2	 80250000	 82350000	42
chr2	 81050000	 83300000	45
chr2	 82050000	 83100000	21
chr2	 86600000	 86800000	4
chr2	 90050000	 90650000	12
chr2	 90350000	 91700000	27
chr2	 92600000	 91500000	22
chr2	 93350000	 94100000	15
chr2	 93400000	 91250000	43
chr2	 97200000	 98550000	27
chr2	105800000	104050000	35
chr2	107600000	106900000	14
chr2	108500000	107300000	24
chr2	110150000	111800000	33
chr2	112250000	110700000	31
chr2	114750000	115050000	6
chr2	117100000	117800000	14
chr2	119600000	120900000	26
chr2	121250000	122100000	17
chr2	123700000	122650000	21
chr2	124500000	123800000	14
chr2	124650000	125600000	19
chr2	125850000	126500000	13
chr2	127300000	126150000	23
chr2	127700000	127300000	8
chr2	131750000	131150000	12
chr2	133350000	135250000	38
chr2	138600000	137750000	17
chr2	139750000	141200000	29
chr2	145550000	146750000	24
chr2	146750000	148000000	25
chr2	151400000	150700000	14
chr2	154800000	153550000	25
chr2	164200000	165400000	24
chr2	164500000	162950000	31
chr2	170250000	171000000	15
chr2	171550000	170150000	28
chr2	174550000	173300000	25
chr2	176750000	175350000	28
chr2	178550000	178150000	8
chr2	179000000	176800000	44
chr2	180350000	180350000	0
chr2	181700000	180600000	22
chr3	   350000	  1050000	14
chr3	  5050000	  5600000	11
chr3	 17150000	 16200000	19
chr3	 22900000	 22200000	14
chr3	 28150000	 27900000	5
chr3	 28500000	 28950000	9
chr3	 28600000	 28450000	3
chr3	 29600000	 30700000	22
chr3	 34400000	 34000000	8
chr3	 34950000	 33600000	27
chr3	 35300000	 36100000	16
chr3	 36600000	 34050000	51
chr3	 37000000	 39950000	59
chr3	 38900000	 38000000	18
chr3	 40950000	 42150000	24
chr3	 49350000	 48650000	14
chr3	 49500000	 50600000	22
chr3	 51200000	 51500000	6
chr3	 51350000	 51650000	6
chr3	 53000000	 51500000	30
chr3	 54000000	 52700000	26
chr3	 54300000	 55800000	30
chr3	 55500000	 54350000	23
chr3	 56300000	 58800000	50
chr3	 58650000	 59000000	7
chr3	 58750000	 57650000	22
chr3	 59200000	 60300000	22
chr3	 60450000	 62750000	46
chr3	 60800000	 62200000	28
chr3	 63750000	 65100000	27
chr3	 66600000	 67350000	15
chr3	 68800000	 69400000	12
chr3	 71100000	 70050000	21
chr3	 72900000	 73800000	18
chr3	 73000000	 70000000	60
chr3	 75800000	 76600000	16
chr3	 76550000	 78250000	34
chr3	 78150000	 76850000	26
chr3	 78600000	 79300000	14
chr3	 79900000	 80150000	5
chr3	 79950000	 81400000	29
chr3	 82900000	 83500000	12
chr3	 88950000	 88250000	14
chr3	 93550000	 92500000	21
chr3	 94850000	 93200000	33
chr3	 97650000	 96150000	30
chr3	102600000	102000000	12
chr3	103250000	104350000	22
chr3	106100000	104850000	25
chr3	106550000	104200000	47
chr3	108150000	107950000	4
chr3	109250000	110600000	27
chr3	110350000	111100000	15
chr3	112250000	113000000	15
chr3	113050000	113850000	16
chr3	113150000	113150000	0
chr3	117200000	118650000	29
chr3	118550000	116800000	35
chr3	118800000	117250000	31
chr3	120450000	122350000	38
chr3	120900000	122550000	33
chr3	124750000	125400000	13
chr3	129350000	130500000	23
chr3	130200000	128400000	36
chr3	130550000	131150000	12
chr3	131550000	128200000	67
chr3	131600000	132800000	24
chr3	136900000	136450000	9
chr3	139350000	136050000	66
chr3	143400000	143400000	0
chr3	146050000	144050000	40
chr3	152950000	154300000	27
chr3	155950000	157650000	34
chr3	157750000	158450000	14
chr3	159200000	158250000	19
chr4	  3000000	  4000000	20
chr4	  4150000	  2550000	32
chr4	  4700000	  5300000	12
chr4	  6850000	  6100000	15
chr4	  9150000	 13050000	78
chr4	 11350000	 11950000	12
chr4	 14050000	 13550000	10
chr4	 27300000	 26600000	14
chr4	 27400000	 26550000	17
chr4	 28300000	 29250000	19
chr4	 29100000	 30100000	20
chr4	 35900000	 36900000	20
chr4	 40300000	 40950000	13
chr4	 40950000	 40550000	8
chr4	 42800000	 43450000	13
chr4	 44450000	 45050000	12
chr4	 45650000	 44300000	27
chr4	 49350000	 47800000	31
chr4	 52600000	 51150000	29
chr4	 54650000	 56100000	29
chr4	 57550000	 59500000	39
chr4	 58600000	 59400000	16
chr4	 59000000	 59300000	6
chr4	 59900000	 59200000	14
chr4	 64400000	 62900000	30
chr4	 65100000	 62550000	51
chr4	 72150000	 70500000	33
chr4	 72950000	 72400000	11
chr4	 73200000	 71250000	39
chr4	 73200000	 72050000	23
chr4	 74300000	 74900000	12
chr4	 74800000	 75700000	18
chr4	 74900000	 75900000	20
chr4	 81650000	 82800000	23
chr4	 87300000	 87800000	10
chr4	 88050000	 89900000	37
chr4	 88950000	 90650000	34
chr4	 91350000	 90350000	20
chr4	 96000000	 97350000	27
chr4	 96800000	 98900000	42
chr4	 98250000	 99100000	17
chr4	 99650000	 98650000	20
chr4	100300000	100750000	9
chr4	100550000	100900000	7
chr4	101650000	 99050000	52
chr4	101700000	103000000	26
chr4	102150000	100750000	28
chr4	105100000	104150000	19
chr4	107300000	106050000	25
chr4	108600000	110150000	31
chr4	111550000	112200000	13
chr4	114400000	116100000	34
chr4	122300000	122550000	5
chr4	123200000	122500000	14
chr4	123550000	124600000	21
chr4	124200000	125250000	21
chr4	124250000	123600000	13
chr4	124850000	127500000	53
chr4	126700000	127800000	22
chr4	130450000	129300000	23
chr4	134500000	135250000	15
chr4	141250000	140300000	19
chr4	142550000	143050000	10
chr4	143250000	141000000	45
chr4	145300000	143650000	33
chr4	146000000	145000000	20
chr4	153100000	154250000	23
chr4	153550000	154000000	9
chr4	154250000	155250000	20
chr5	  2450000	  1450000	20
chr5	  4250000	  2650000	32
chr5	  4750000	  3600000	23
chr5	  7000000	  6350000	13
chr5	  8550000	  9400000	17
chr5	 10500000	  9450000	21
chr5	 10750000	 10050000	14
chr5	 12600000	 11750000	17
chr5	 16850000	 14650000	44
chr5	 18550000	 19350000	16
chr5	 23500000	 22550000	19
chr5	 23900000	 23050000	17
chr5	 27650000	 25250000	48
chr5	 27900000	 28800000	18
chr5	 28400000	 28000000	8
chr5	 33900000	 33400000	10
chr5	 36350000	 35800000	11
chr5	 37150000	 36300000	17
chr5	 40000000	 39000000	20
chr5	 41650000	 40400000	25
chr5	 43200000	 42550000	13
chr5	 44250000	 47000000	55
chr5	 44350000	 43650000	14
chr5	 44650000	 45200000	11
chr5	 45700000	 46050000	7
chr5	 51900000	 51350000	11
chr5	 57800000	 59350000	31
chr5	 60100000	 59750000	7
chr5	 60750000	 59450000	26
chr5	 62100000	 60300000	36
chr5	 64650000	 64400000	5
chr5	 64900000	 65850000	19
chr5	 65600000	 67100000	30
chr5	 68400000	 69150000	15
chr5	 70700000	 71400000	14
chr5	 82250000	 83150000	18
chr5	 82850000	 81850000	20
chr5	 84150000	 82700000	29
chr5	 84500000	 84900000	8
chr5	 84550000	 84000000	11
chr5	 85650000	 85300000	7
chr5	 88950000	 87600000	27
chr5	 89500000	 88950000	11
chr5	 89650000	 90400000	15
chr5	 90400000	 88800000	32
chr5	 92400000	 93050000	13
chr5	 94000000	 94750000	15
chr5	 96300000	 97200000	18
chr5	102400000	104000000	32
chr5	102600000	103650000	21
chr5	104700000	106600000	38
chr5	106100000	105200000	18
chr5	107150000	107900000	15
chr5	107700000	106950000	15
chr5	108300000	107500000	16
chr5	114650000	115500000	17
chr5	115100000	115300000	4
chr5	119000000	119600000	12
chr5	125950000	127750000	36
chr5	131500000	132700000	24
chr5	132100000	133100000	20
chr5	136850000	136400000	9
chr5	137250000	139700000	49
chr5	140450000	140950000	10
chr5	144300000	144750000	9
chr5	144700000	146550000	37
chr5	144800000	143600000	24
chr5	147600000	147050000	11
chr5	148950000	146900000	41
chr5	149750000	150300000	11
chr6	  4950000	  3700000	25
chr6	  7000000	  7450000	9
chr6	  7000000	  8450000	29
chr6	 13500000	 12700000	16
chr6	 15500000	 17000000	30
chr6	 15950000	 15050000	18
chr6	 18150000	 18750000	12
chr6	 21550000	 20500000	21
chr6	 23200000	 25200000	40
chr6	 23800000	 22950000	17
chr6	 25850000	 23250000	52
chr6	 30000000	 29450000	11
chr6	 37650000	 36400000	25
chr6	 38000000	 39700000	34
chr6	 39450000	 38700000	15
chr6	 41350000	 40250000	22
chr6	 41900000	 37250000	93
chr6	 42450000	 41650000	16
chr6	 47400000	 48050000	13
chr6	 50700000	 48650000	41
chr6	 50950000	 49950000	20
chr6	 54300000	 53500000	16
chr6	 57250000	 57600000	7
chr6	 58300000	 59600000	26
chr6	 59300000	 60550000	25
chr6	 59350000	 58500000	17
chr6	 62450000	 61600000	17
chr6	 66350000	 67200000	17
chr6	 72000000	 72400000	8
chr6	 72150000	 73200000	21
chr6	 75500000	 74600000	18
chr6	 75600000	 76800000	24
chr6	 77950000	 76100000	37
chr6	 79300000	 80600000	26
chr6	 80100000	 81650000	31
chr6	 80700000	 78900000	36
chr6	 81200000	 80450000	15
chr6	 83450000	 83950000	10
chr6	 83750000	 82800000	19
chr6	 84900000	 83850000	21
chr6	 87800000	 87250000	11
chr6	 90450000	 89150000	26
chr6	 96300000	 91750000	91
chr6	 99950000	100250000	6
chr6	100250000	 99650000	12
chr6	100250000	101500000	25
chr6	101650000	101150000	10
chr6	103650000	103650000	0
chr6	103800000	104200000	8
chr6	105100000	105900000	16
chr6	105700000	106550000	17
chr6	108300000	108750000	9
chr6	112650000	114400000	35
chr6	113250000	113800000	11
chr6	113550000	113900000	7
chr6	116200000	115200000	20
chr6	116250000	115200000	21
chr6	116300000	115550000	15
chr6	117250000	116050000	24
chr6	118500000	118850000	7
chr6	119750000	117850000	38
chr6	121150000	120000000	23
chr6	123250000	123700000	9
chr6	127550000	128850000	26
chr6	129150000	128250000	18
chr6	130050000	128150000	38
chr6	130200000	128900000	26
chr6	130900000	135500000	92
chr6	131250000	133550000	46
chr6	133000000	133900000	18
chr6	133850000	133100000	15
chr6	136950000	136200000	15
chr6	138750000	141150000	48
chr6	145850000	145000000	17
chr6	145950000	146400000	9
chr6	146800000	146100000	14
chr7	  4350000	  4700000	7
chr7	  7450000	  4950000	50
chr7	  7550000	  9600000	41
chr7	 10250000	  9150000	22
chr7	 16950000	 15850000	22
chr7	 17800000	 16650000	23
chr7	 20500000	 18850000	33
chr7	 21350000	 20550000	16
chr7	 25100000	 26450000	27
chr7	 25150000	 25450000	6
chr7	 26200000	 24650000	31
chr7	 27600000	 28750000	23
chr7	 28150000	 28650000	10
chr7	 28300000	 29400000	22
chr7	 28950000	 27250000	34
chr7	 29950000	 30700000	15
chr7	 31950000	 33750000	36
chr7	 36500000	 37850000	27
chr7	 38850000	 39750000	18
chr7	 39350000	 41350000	40
chr7	 40100000	 40450000	7
chr7	 43550000	 44600000	21
chr7	 45400000	 46250000	17
chr7	 45900000	 43650000	45
chr7	 53150000	 54550000	28
chr7	 57600000	 54500000	62
chr7	 58450000	 56400000	41
chr7	 60250000	 62000000	35
chr7	 60300000	 60050000	5
chr7	 60950000	 61900000	19
chr7	 61450000	 59000000	49
chr7	 61550000	 61950000	8
chr7	 62450000	 61350000	22
chr7	 62450000	 63050000	12
chr7	 64150000	 64500000	7
chr7	 65650000	 69200000	71
chr7	 69150000	 69750000	12
chr7	 71300000	 69850000	29
chr7	 73150000	 74700000	31
chr7	 73250000	 72000000	25
chr7	 73250000	 72400000	17
chr7	 73800000	 75450000	33
chr7	 75550000	 72850000	54
chr7	 76600000	 77850000	25
chr7	 81700000	 82750000	21
chr7	 82050000	 81750000	6
chr7	 86050000	 87800000	35
chr7	 87800000	 88200000	8
chr7	 92350000	 91100000	25
chr7	 95350000	 94550000	16
chr7	 95700000	 96750000	21
chr7	100500000	101200000	14
chr7	104000000	104550000	11
chr7	105000000	106000000	20
chr7	107450000	108050000	12
chr7	110350000	112050000	34
chr7	110650000	111050000	8
chr7	114150000	115500000	27
chr7	115400000	117200000	36
chr7	115850000	119200000	67
chr7	118250000	119400000	23
chr7	119900000	121350000	29
chr7	120800000	119150000	33
chr7	129550000	130500000	19
chr7	133750000	132800000	19
chr7	138650000	139200000	11
chr7	139850000	140350000	10
chr7	141100000	141550000	9
chr7	143150000	142550000	12
chr7	143500000	142800000	14
chr7	143600000	142150000	29
chr7	144450000	143200000	25
chr8	   750000	  1150000	8
chr8	  5600000	  4550000	21
chr8	  5750000	  3050000	54
chr8	  7850000	  5850000	40
chr8	  8200000	  8950000	15
chr8	  8900000	  7800000	22
chr8	 10950000	 11450000	10
chr8	 12250000	 10350000	38
chr8	 14600000	 13750000	17
chr8	 15950000	 14850000	22
chr8	 16050000	 17250000	24
chr8	 16100000	 14800000	26
chr8	 24200000	 23350000	17
chr8	 27650000	 25800000	37
chr8	 27950000	 28750000	16
chr8	 29500000	 30950000	29
chr8	 32350000	 34750000	48
chr8	 34950000	 37400000	49
chr8	 35800000	 36250000	9
chr8	 38050000	 36000000	41
chr8	 38300000	 37600000	14
chr8	 39250000	 40050000	16
chr8	 40400000	 37850000	51
chr8	 40400000	 41700000	26
chr8	 41500000	 39250000	45
chr8	 43950000	 44500000	11
chr8	 45550000	 47700000	43
chr8	 46900000	 47300000	8
chr8	 53300000	 52450000	17
chr8	 54300000	 55700000	28
chr8	 55300000	 56250000	19
chr8	 62000000	 60950000	21
chr8	 62500000	 62850000	7
chr8	 63250000	 63650000	8
chr8	 65000000	 63950000	21
chr8	 69150000	 67850000	26
chr8	 69400000	 68150000	25
chr8	 77800000	 78950000	23
chr8	 80550000	 81450000	18
chr8	 83700000	 83050000	13
chr8	 85800000	 86350000	11
chr8	 88150000	 89800000	33
chr8	 88550000	 87950000	12
chr8	 89500000	 90200000	14
chr8	 90400000	 88200000	44
chr8	 92750000	 91750000	20
chr8	 94200000	 93000000	24
chr8	 95750000	 97900000	43
chr8	 99200000	 98300000	18
chr8	100450000	101150000	14
chr8	105400000	106600000	24
chr8	110900000	111450000	11
chr8	111750000	109600000	43
chr8	120100000	121550000	29
chr8	120800000	120050000	15
chr8	123400000	122400000	20
chr8	124750000	123600000	23
chr8	125400000	124250000	23
chr9	  3150000	  2300000	17
chr9	  4250000	  3300000	19
chr9	  5100000	  4550000	11
chr9	  8350000	  7800000	11
chr9	  8700000	 10100000	28
chr9	  9250000	  9400000	3
chr9	  9750000	  8000000	35
chr9	 11450000	 13100000	33
chr9	 15550000	 16050000	10
chr9	 19550000	 18100000	29
chr9	 19800000	 21050000	25
chr9	 30050000	 30650000	12
chr9	 30350000	 28200000	43
chr9	 32650000	 33800000	23
chr9	 35200000	 36600000	28
chr9	 36500000	 38400000	38
chr9	 37550000	 40800000	65
chr9	 44950000	 44350000	12
chr9	 45500000	 42650000	57
chr9	 46600000	 44850000	35
chr9	 47050000	 48850000	36
chr9	 47100000	 46100000	20
chr9	 47100000	 48750000	33
chr9	 47500000	 47050000	9
chr9	 49250000	 49850000	12
chr9	 51000000	 49600000	28
chr9	 53400000	 54700000	26
chr9	 53650000	 51550000	42
chr9	 57400000	 56200000	24
chr9	 59450000	 58600000	17
chr9	 60300000	 58750000	31
chr9	 64700000	 65000000	6
chr9	 66800000	 66000000	16
chr9	 66900000	 68350000	29
chr9	 68000000	 68650000	13
chr9	 68250000	 66950000	26
chr9	 70350000	 69450000	18
chr9	 72700000	 72200000	10
chr9	 78150000	 78700000	11
chr9	 78500000	 77100000	28
chr9	 80000000	 79350000	13
chr9	 80650000	 81300000	13
chr9	 81100000	 82200000	22
chr9	 81900000	 80050000	37
chr9	 85400000	 84550000	17
chr9	 86400000	 87900000	30
chr9	 88050000	 87450000	12
chr9	 88650000	 87650000	20
chr9	 90450000	 91000000	11
chr9	 96400000	 95550000	17
chr9	 97500000	 99000000	30
chr9	102550000	102100000	9
chr9	105350000	104850000	10
chr9	106750000	105100000	33
chr9	107150000	105450000	34
chr9	111650000	112300000	13
chr9	112300000	112400000	2
chr9	118900000	119950000	21
chr9	119850000	120700000	17
chr9	123950000	122750000	24
chrX	  2050000	  1350000	14
chrX	  5800000	  4750000	21
chrX	  7400000	  6600000	16
chrX	  9350000	  9650000	6
chrX	 10350000	 11250000	18
chrX	 10600000	 11050000	9
chrX	 10750000	  7750000	60
chrX	 10850000	 10250000	12
chrX	 12300000	 10700000	32
chrX	 15250000	 16050000	16
chrX	 16650000	 15500000	23
chrX	 17800000	 19150000	27
chrX	 17850000	 18400000	11
chrX	 18800000	 18100000	14
chrX	 18950000	 20250000	26
chrX	 20800000	 18600000	44
chrX	 21000000	 19800000	24
chrX	 22300000	 21350000	19
chrX	 25650000	 26650000	20
chrX	 26150000	 27100000	19
chrX	 26250000	 24300000	39
chrX	 27100000	 28550000	29
chrX	 27400000	 26900000	10
chrX	 28350000	 30000000	33
chrX	 31450000	 33000000	31
chrX	 31700000	 32850000	23
chrX	 37650000	 36650000	20
chrX	 37850000	 39550000	34
chrX	 38950000	 40550000	32
chrX	 39050000	 40950000	38
chrX	 42050000	 40750000	26
chrX	 42700000	 39500000	64
chrX	 43600000	 44950000	27
chrX	 45850000	 44500000	27
chrX	 46400000	 47250000	17
chrX	 52400000	 54150000	35
chrX	 53100000	 51550000	31
chrX	 53500000	 51200000	46
chrX	 54900000	 54000000	18
chrX	 59850000	 61200000	27
chrX	 60450000	 61250000	16
chrX	 60950000	 60650000	6
chrX	 61850000	 63250000	28
chrX	 63100000	 61350000	35
chrX	 64550000	 63250000	26
chrX	 65250000	 65600000	7
chrX	 65850000	 64450000	28
chrX	 66550000	 65600000	19
chrX	 67550000	 66300000	25
chrX	 69650000	 70250000	12
chrX	 70100000	 69050000	21
chrX	 70700000	 74100000	68
chrX	 72100000	 68600000	70
chrX	 75700000	 73500000	44
chrX	 78950000	 77800000	23
chrX	 86750000	 85400000	27
chrX	 87950000	 89700000	35
chrX	 88100000	 87450000	13
chrX	 88250000	 89250000	20
chrX	 90400000	 88750000	33
chrX	 90450000	 88850000	32
chrX	 92950000	 94100000	23
chrX	 95850000	 94550000	26
chrX	 99350000	 97700000	33
chrX	 99850000	101300000	29
chrX	100100000	 99450000	13
chrX	101750000	103650000	38
chrX	102550000	103800000	25
chrX	104550000	103250000	26
chrX	104950000	105450000	10
chrX	106550000	108400000	37
chrX	109500000	110700000	24
chrX	115100000	117050000	39
chrX	116400000	117050000	13
chrX	116550000	117500000	19
chrX	117650000	117250000	8
chrX	118450000	116450000	40
chrX	122200000	123900000	34
chrX	131700000	132800000	22
chrX	133200000	134150000	19
chrX	133300000	133750000	9
chrX	135400000	134850000	11
chrX	145150000	147900000	55
chrX	146100000	145150000	19
chrX	146700000	147800000	22
chrX	148850000	151250000	48
chrX	149100000	149800000	14
chrX	149400000	148900000	10
chrX	149650000	149200000	9
chrX	154050000	154850000	16
chrX	157450000	155200000	45
chrX	158550000	157950000	12
chrX	158850000	157750000	22
chrX	165150000	164300000	17
chrX	165250000	167200000	39
chrX	165650000	164450000	24
chrY	  1650000	  2850000	24
chrY	  5700000	  8200000	50
chrY	  9100000	 11050000	39
chrY	 11050000	 12800000	35
chrY	 11150000	 10850000	6
chrY	 11950000	 12700000	15
chrY	 12300000	 11600000	14
chrY	 16650000	 15700000	19
chrY	 19150000	 20600000	29
chrY	 19750000	 16600000	63
chrY	 20400000	 18700000	34
chrY	 22550000	 24850000	46
chrY	 22900000	 23700000	16
chrY	 25150000	 24700000	9
chrY	 26050000	 25450000	12
chrY	 27400000	 28750000	27
chrY	 27400000	 29050000	33
chrY	 27850000	 29350000	30
chrY	 28600000	 28150000	9
chrY	 30050000	 28950000	22
chrY	 32950000	 32950000	0
chrY	 33400000	 32200000	24
chrY	 35800000	 37050000	25
chrY	 35900000	 37300000	28
chrY	 36600000	 38300000	34
chrY	 37250000	 36300000	19
chrY	 38050000	 37350000	14
chrY	 38100000	 38750000	13
chrY	 38700000	 37050000	33
chrY	 39400000	 36500000	58
chrY	 42600000	 43050000	9
chrY	 43300000	 42800000	10
chrY	 46950000	 46450000	10
chrY	 47150000	 47500000	7
chrY	 51250000	 50450000	16
chrY	 51750000	 53050000	26
chrY	 52850000	 52450000	8
chrY	 54000000	 55250000	25
chrY	 56500000	 58100000	32
chrY	 57950000	 56400000	31
chrY	 59500000	 60250000	15
chrY	 64850000	 62250000	52
chrY	 65150000	 66850000	34
chrY	 69850000	 69000000	17
chrY	 70100000	 70850000	15
chrY	 71500000	 70450000	21
chrY	 75450000	 76400000	19
chrY	 78050000	 78800000	15
chrY	 79450000	 77900000	31
chrY	 83700000	 85400000	34
chrY	 85150000	 86750000	32
chrY	 86350000	 85800000	11
chrY	 87150000	 86750000	8
chrY	 87300000	 88050000	15
chrY	 87800000	 88400000	12
chrY	 89950000	 88400000	31
