chr1	   850000	  1350000	10
chr1	  2850000	  5450000	52
chr1	  3900000	  3500000	8
chr1	  4100000	  6250000	43
chr1	  6150000	  8550000	48
chr1	  6600000	  4150000	49
chr1	  7500000	  7150000	7
chr1	  9100000	  6300000	56
chr1	  9650000	  9150000	10
chr1	 13100000	 14950000	37
chr1	 13450000	 11550000	38
chr1	 13850000	 12800000	21
chr1	 14050000	 15150000	22
chr1	 15150000	 13800000	27
chr1	 15150000	 16850000	34
chr1	 15550000	 15200000	7
chr1	 15850000	 14450000	28
chr1	 20650000	 19100000	31
chr1	 22650000	 22650000	0
chr1	 24200000	 23700000	10
chr1	 25700000	 26500000	16
chr1	 26100000	 25300000	16
chr1	 26300000	 26750000	9
chr1	 33400000	 33850000	9
chr1	 37450000	 36400000	21
chr1	 37850000	 40050000	44
chr1	 39150000	 38000000	23
chr1	 40050000	 41650000	32
chr1	 41050000	 39700000	27
chr1	 41750000	 43100000	27
chr1	 43450000	 42950000	10
chr1	 44550000	 44150000	8
chr1	 48950000	 49800000	17
chr1	 50550000	 49800000	15
chr1	 51850000	 51250000	12
chr1	 54200000	 53800000	8
chr1	 59150000	 60200000	21
chr1	 61100000	 61450000	7
chr1	 61150000	 59200000	39
chr1	 61200000	 61600000	8
chr1	 62150000	 64700000	51
chr1	 62250000	 61400000	17
chr1	 64500000	 65350000	17
chr1	 64850000	 62350000	50
chr1	 69700000	 69150000	11
chr1	 71300000	 72150000	17
chr1	 72250000	 72900000	13
chr1	 72350000	 71100000	25
chr1	 72650000	 71950000	14
chr1	 72900000	 71250000	33
chr1	 72950000	 74250000	26
chr1	 73350000	 72100000	25
chr1	 74500000	 72350000	43
chr1	 76400000	 75050000	27
chr1	 77850000	 79650000	36
chr1	 78300000	 77500000	16
chr1	 78750000	 81050000	46
chr1	 79450000	 78100000	27
chr1	 82450000	 81850000	12
chr1	 82750000	 82400000	7
chr1	 83100000	 84400000	26
chr1	 83800000	 82650000	23
chr1	 85900000	 87350000	29
chr1	 91250000	 90250000	20
chr1	 97450000	 98350000	18
chr1	101800000	100500000	26
chr1	102450000	103250000	16
chr1	104350000	103750000	12
chr1	110500000	109550000	19
chr1	112650000	111450000	24
chr1	115650000	113650000	40
chr1	120050000	119800000	5
chr1	120850000	120000000	17
chr1	122850000	122100000	15
chr1	124550000	126100000	31
chr1	124750000	124100000	13
chr1	125000000	124000000	20
chr1	126050000	124200000	37
chr1	130950000	130450000	10
chr1	133750000	131550000	44
chr1	135650000	136700000	21
chr1	135750000	134450000	26
chr1	140200000	141450000	25
chr1	140600000	141950000	27
chr1	141650000	140200000	29
chr1	143300000	145400000	42
chr1	144400000	145200000	16
chr1	144850000	146650000	36
chr1	146900000	148350000	29
chr1	147700000	145900000	36
chr1	151200000	151750000	11
chr1	152800000	153850000	21
chr1	153200000	151850000	27
chr1	153200000	152950000	5
chr1	155950000	155500000	9
chr1	157250000	159450000	44
chr1	158000000	158750000	15
chr1	160500000	162600000	42
chr1	163150000	160150000	60
chr1	163250000	163900000	13
chr1	164500000	162700000	36
chr1	165050000	167550000	50
chr1	166150000	167800000	33
chr1	166500000	166100000	8
chr1	167300000	168150000	17
chr1	167400000	166550000	17
chr1	167550000	168650000	22
chr1	169650000	170600000	19
chr1	170600000	170250000	7
chr1	173100000	175700000	52
chr1	175150000	174500000	13
chr1	175750000	177400000	33
chr1	175900000	177650000	35
chr1	176400000	178400000	40
chr1	178700000	180000000	26
chr1	180100000	181550000	29
chr1	181000000	178200000	56
chr1	182200000	182700000	10
chr1	182950000	183350000	8
chr1	183300000	181850000	29
chr1	184550000	184300000	5
chr1	185150000	185950000	16
chr1	187500000	190350000	57
chr1	191450000	191900000	9
chr1	192900000	192250000	13
chr10	   300000	  1200000	18
chr10	  2250000	  3250000	20
chr10	  2450000	  3250000	16
chr10	  2800000	  1650000	23
chr10	  4900000	  5650000	15
chr10	  5000000	  3350000	33
chr10	  5300000	  2700000	52
chr10	  7100000	  8000000	18
chr10	 14300000	 12700000	32
chr10	 14700000	 15750000	21
chr10	 18650000	 17500000	23
chr10	 24850000	 25700000	17
chr10	 28600000	 30000000	28
chr10	 28950000	 25900000	61
chr10	 28950000	 28350000	12
chr10	 30200000	 29450000	15
chr10	 34600000	 33400000	24
chr10	 36900000	 35050000	37
chr10	 38200000	 36700000	30
chr10	 40000000	 39500000	10
chr10	 40300000	 39350000	19
chr10	 41400000	 41850000	9
chr10	 41650000	 43050000	28
chr10	 44550000	 43950000	12
chr10	 54050000	 53400000	13
chr10	 54400000	 53750000	13
chr10	 54450000	 53650000	16
chr10	 55000000	 53950000	21
chr10	 55950000	 57000000	21
chr10	 56500000	 58500000	40
chr10	 56650000	 55700000	19
chr10	 57650000	 56950000	14
chr10	 65850000	 65050000	16
chr10	 67000000	 65600000	28
chr10	 67300000	 68800000	30
chr10	 68150000	 69450000	26
chr10	 68200000	 67400000	16
chr10	 70300000	 72700000	48
chr10	 71950000	 70050000	38
chr10	 72250000	 71750000	10
chr10	 72900000	 71950000	19
chr10	 75050000	 74600000	9
chr10	 76300000	 78050000	35
chr10	 76750000	 78200000	29
chr10	 78900000	 79750000	17
chr10	 79200000	 78700000	10
chr10	 86100000	 87150000	21
chr10	 88800000	 88800000	0
chr10	 91200000	 91600000	8
chr10	 93800000	 95450000	33
chr10	 96900000	 97700000	16
chr10	 97750000	 98200000	9
chr10	 97900000	 96350000	31
chr10	100750000	101900000	23
chr10	103750000	102250000	30
chr10	104200000	107450000	65
chr10	111950000	112650000	14
chr10	112450000	111750000	14
chr10	113900000	113150000	15
chr10	115750000	118100000	47
chr10	116100000	114750000	27
chr10	116700000	118700000	40
chr10	121650000	121400000	5
chr10	121800000	120750000	21
chr10	123600000	123200000	8
chr10	124900000	126300000	28
chr10	128050000	126200000	37
chr10	128250000	129100000	17
chr10	128900000	130350000	29
chr11	  1450000	  1450000	0
chr11	  1700000	   450000	25
chr11	  2450000	  1650000	16
chr11	  3750000	  1350000	48
chr11	  4700000	  3600000	22
chr11	  5550000	  5550000	0
chr11	  6750000	  7300000	11
chr11	  8200000	  7400000	16
chr11	 12450000	 11750000	14
chr11	 16750000	 15050000	34
chr11	 21300000	 22050000	15
chr11	 23450000	 22200000	25
chr11	 24850000	 26300000	29
chr11	 25450000	 23950000	30
chr11	 26650000	 28400000	35
chr11	 27150000	 26600000	11
chr11	 32950000	 32400000	11
chr11	 34050000	 33050000	20
chr11	 34450000	 32650000	36
chr11	 35300000	 34650000	13
chr11	 35650000	 36400000	15
chr11	 39850000	 41400000	31
chr11	 40650000	 43500000	57
chr11	 42650000	 41900000	15
chr11	 42750000	 41650000	22
chr11	 43150000	 43150000	0
chr11	 46200000	 47700000	30
chr11	 47000000	 47900000	18
chr11	 52150000	 51500000	13
chr11	 55050000	 52900000	43
chr11	 55250000	 53500000	35
chr11	 58250000	 58900000	13
chr11	 59200000	 60650000	29
chr11	 60900000	 61450000	11
chr11	 65750000	 65150000	12
chr11	 66250000	 66750000	10
chr11	 72950000	 72100000	17
chr11	 78150000	 76750000	28
chr11	 79600000	 81300000	34
chr11	 81150000	 79100000	41
chr11	 84900000	 83900000	20
chr11	 87450000	 88250000	16
chr11	 89500000	 88450000	21
chr11	 89850000	 90750000	18
chr11	 95000000	 96150000	23
chr11	 97850000	 97200000	13
chr11	 98900000	 99900000	20
chr11	 99300000	 99950000	13
chr11	100550000	101500000	19
chr11	102050000	100800000	25
chr11	107400000	109300000	38
chr11	108250000	107500000	15
chr11	110350000	111550000	24
chr11	112800000	111650000	23
chr11	113800000	114900000	22
chr11	118600000	117400000	24
chr11	120000000	120200000	4
chr12	  5200000	  4250000	19
chr12	  7500000	  9400000	38
chr12	  7700000	  8700000	20
chr12	  9050000	  8150000	18
chr12	  9800000	 10700000	18
chr12	 10600000	 11650000	21
chr12	 10700000	  9600000	22
chr12	 17250000	 20650000	68
chr12	 20900000	 20200000	14
chr12	 20950000	 19850000	22
chr12	 21200000	 23100000	38
chr12	 21450000	 18850000	52
chr12	 23000000	 21400000	32
chr12	 24800000	 24150000	13
chr12	 26250000	 24900000	27
chr12	 27150000	 26200000	19
chr12	 30950000	 31700000	15
chr12	 31450000	 33700000	45
chr12	 32600000	 32000000	12
chr12	 32700000	 31000000	34
chr12	 34300000	 34000000	6
chr12	 36850000	 38650000	36
chr12	 37950000	 39000000	21
chr12	 38550000	 39050000	10
chr12	 39750000	 40750000	20
chr12	 40050000	 39600000	9
chr12	 40200000	 41100000	18
chr12	 42200000	 40900000	26
chr12	 46100000	 44900000	24
chr12	 47500000	 46250000	25
chr12	 47550000	 48100000	11
chr12	 48650000	 49950000	26
chr12	 50800000	 49800000	20
chr12	 58100000	 58850000	15
chr12	 59300000	 60650000	27
chr12	 64350000	 63450000	18
chr12	 65450000	 67050000	32
chr12	 66750000	 67850000	22
chr12	 66950000	 68500000	31
chr12	 68150000	 68950000	16
chr12	 69850000	 68900000	19
chr12	 71750000	 70700000	21
chr12	 72450000	 71900000	11
chr12	 73350000	 75150000	36
chr12	 76550000	 74600000	39
chr12	 77050000	 78000000	19
chr12	 79300000	 79800000	10
chr12	 79800000	 80700000	18
chr12	 81050000	 81900000	17
chr12	 83900000	 81700000	44
chr12	 84000000	 85100000	22
chr12	 84350000	 86300000	39
chr12	 87200000	 85800000	28
chr12	 88700000	 87400000	26
chr12	 96700000	 94750000	39
chr12	 98750000	101900000	63
chr12	100650000	102250000	32
chr12	103650000	107400000	75
chr12	103800000	107450000	73
chr12	107250000	107800000	11
chr12	107750000	108550000	16
chr12	107900000	106250000	33
chr12	110550000	109650000	18
chr12	112350000	113200000	17
chr12	116150000	114650000	30
chr12	116300000	116800000	10
chr13	  4500000	  5850000	27
chr13	  5800000	  4800000	20
chr13	  7050000	  5000000	41
chr13	 10450000	 11650000	24
chr13	 10750000	 11900000	23
chr13	 14900000	 14500000	8
chr13	 18400000	 17300000	22
chr13	 19250000	 20450000	24
chr13	 21850000	 22750000	18
chr13	 22000000	 19650000	47
chr13	 24500000	 22750000	35
chr13	 25000000	 25800000	16
chr13	 25400000	 27000000	32
chr13	 26650000	 25900000	15
chr13	 27900000	 27050000	17
chr13	 29250000	 29900000	13
chr13	 29300000	 29800000	10
chr13	 29500000	 28050000	29
chr13	 31850000	 29600000	45
chr13	 32300000	 32750000	9
chr13	 34150000	 33100000	21
chr13	 39400000	 40550000	23
chr13	 48500000	 47550000	19
chr13	 50450000	 48700000	35
chr13	 50950000	 49800000	23
chr13	 54850000	 53150000	34
chr13	 54950000	 54000000	19
chr13	 58650000	 56550000	42
chr13	 59550000	 60150000	12
chr13	 60350000	 60050000	6
chr13	 60400000	 58950000	29
chr13	 61650000	 60750000	18
chr13	 61800000	 60600000	24
chr13	 63050000	 59500000	71
chr13	 64150000	 64150000	0
chr13	 65200000	 67000000	36
chr13	 66000000	 65700000	6
chr13	 66350000	 65000000	27
chr13	 66700000	 64450000	45
chr13	 68800000	 71300000	50
chr13	 69250000	 67800000	29
chr13	 69450000	 70700000	25
chr13	 70100000	 69100000	20
chr13	 72000000	 72000000	0
chr13	 73450000	 73750000	6
chr13	 74700000	 73950000	15
chr13	 75750000	 74900000	17
chr13	 76750000	 75800000	19
chr13	 78350000	 79150000	16
chr13	 80750000	 79900000	17
chr13	 83300000	 84400000	22
chr13	 84700000	 85900000	24
chr13	 86500000	 86200000	6
chr13	 89350000	 87700000	33
chr13	 90300000	 91700000	28
chr13	 92250000	 93150000	18
chr13	 94000000	 94900000	18
chr13	 97700000	 98700000	20
chr13	100700000	100200000	10
chr13	103250000	103900000	13
chr13	103300000	101600000	34
chr13	107250000	105800000	29
chr13	112200000	110300000	38
chr13	113200000	114050000	17
chr13	113600000	112850000	15
chr13	113850000	115050000	24
chr13	116400000	114900000	30
chr13	117400000	116900000	10
chr13	117800000	117350000	9
chr13	118050000	117650000	8
chr13	119750000	117700000	41
chr14	   400000	  2650000	45
chr14	  3250000	  4400000	23
chr14	  6400000	  9100000	54
chr14	 10550000	 11550000	20
chr14	 14900000	 14350000	11
chr14	 15450000	 14000000	29
chr14	 17900000	 22500000	92
chr14	 19650000	 21350000	34
chr14	 20550000	 22250000	34
chr14	 22250000	 21050000	24
chr14	 22300000	 20700000	32
chr14	 22600000	 25100000	50
chr14	 23150000	 24250000	22
chr14	 24050000	 23300000	15
chr14	 25800000	 26700000	18
chr14	 26750000	 27200000	9
chr14	 32350000	 31450000	18
chr14	 36450000	 38850000	48
chr14	 36650000	 36000000	13
chr14	 36800000	 37550000	15
chr14	 39650000	 39100000	11
chr14	 45250000	 43950000	26
chr14	 46850000	 46200000	13
chr14	 48600000	 48050000	11
chr14	 48650000	 48000000	13
chr14	 50850000	 49500000	27
chr14	 55500000	 57750000	45
chr14	 56200000	 55450000	15
chr14	 57600000	 57100000	10
chr14	 58000000	 56150000	37
chr14	 59800000	 58700000	22
chr14	 68700000	 67450000	25
chr14	 68900000	 67600000	26
chr14	 70050000	 70850000	16
chr14	 70650000	 69350000	26
chr14	 74300000	 73600000	14
chr14	 76950000	 75750000	24
chr14	 78050000	 77250000	16
chr14	 78100000	 79750000	33
chr14	 78900000	 77850000	21
chr14	 81950000	 80850000	22
chr14	 84850000	 83850000	20
chr14	 87500000	 88250000	15
chr14	 90350000	 91850000	30
chr14	 90500000	 89750000	15
chr14	 90600000	 89650000	19
chr14	 92700000	 91900000	16
chr14	 95350000	 96050000	14
chr14	 96400000	 97350000	19
chr14	 99550000	100350000	16
chr14	101000000	 98200000	56
chr14	101650000	 99950000	34
chr14	108050000	109100000	21
chr14	112350000	111350000	20
chr14	112650000	115450000	56
chr14	114500000	113450000	21
chr14	117500000	118500000	20
chr14	118050000	117450000	12
chr14	118300000	120300000	40
chr15	    50000	  1550000	30
chr15	  1200000	   300000	18
chr15	  2400000	  1300000	22
chr15	  3050000	  2000000	21
chr15	  4450000	  4800000	7
chr15	  6700000	  8450000	35
chr15	 11550000	 12450000	18
chr15	 22250000	 23100000	17
chr15	 23100000	 21650000	29
chr15	 24400000	 25650000	25
chr15	 26550000	 26950000	8
chr15	 29600000	 28950000	13
chr15	 30100000	 29050000	21
chr15	 30300000	 31650000	27
chr15	 31350000	 32050000	14
chr15	 37250000	 38000000	15
chr15	 40200000	 40900000	14
chr15	 41800000	 43500000	34
chr15	 42350000	 41750000	12
chr15	 44600000	 44200000	8
chr15	 45150000	 43200000	39
chr15	 47700000	 48300000	12
chr15	 48950000	 48250000	14
chr15	 49200000	 48650000	11
chr15	 51200000	 49250000	39
chr15	 52750000	 54500000	35
chr15	 53300000	 52850000	9
chr15	 54000000	 55100000	22
chr15	 57750000	 58600000	17
chr15	 59900000	 59000000	18
chr15	 61100000	 60450000	13
chr15	 61450000	 59850000	32
chr15	 62800000	 63750000	19
chr15	 64000000	 66350000	47
chr15	 65100000	 63250000	37
chr15	 71650000	 71200000	9
chr15	 77150000	 77900000	15
chr15	 77650000	 79400000	35
chr15	 78850000	 80400000	31
chr15	 78950000	 80650000	34
chr15	 79000000	 80400000	28
chr15	 80500000	 79550000	19
chr15	 81850000	 82150000	6
chr15	 90400000	 89500000	18
chr15	 90400000	 91400000	20
chr15	 92750000	 93550000	16
chr15	 93550000	 93000000	11
chr15	 93900000	 93200000	14
chr15	 96600000	 96250000	7
chr16	  6150000	  6450000	6
chr16	  7300000	  7600000	6
chr16	  8600000	  7050000	31
chr16	 11500000	 10500000	20
chr16	 12100000	 13450000	27
chr16	 12900000	 10850000	41
chr16	 18750000	 18200000	11
chr16	 19850000	 19400000	9
chr16	 22300000	 25600000	66
chr16	 24800000	 26150000	27
chr16	 30200000	 29050000	23
chr16	 30250000	 29050000	24
chr16	 33250000	 32000000	25
chr16	 36000000	 34300000	34
chr16	 36500000	 37600000	22
chr16	 37050000	 39350000	46
chr16	 41150000	 39800000	27
chr16	 41450000	 40750000	14
chr16	 41800000	 43450000	33
chr16	 42650000	 43500000	17
chr16	 45350000	 46200000	17
chr16	 46050000	 44300000	35
chr16	 46900000	 47200000	6
chr16	 47200000	 48950000	35
chr16	 47300000	 48600000	26
chr16	 50850000	 51600000	15
chr16	 51500000	 50850000	13
chr16	 52750000	 51800000	19
chr16	 53150000	 52650000	10
chr16	 55750000	 54550000	24
chr16	 60250000	 60950000	14
chr16	 62050000	 61500000	11
chr16	 63450000	 62800000	13
chr16	 65950000	 64750000	24
chr16	 67550000	 68150000	12
chr16	 68650000	 69200000	11
chr16	 71700000	 71950000	5
chr16	 73100000	 71800000	26
chr16	 74400000	 74850000	9
chr16	 80350000	 82700000	47
chr16	 85350000	 83800000	31
chr16	 85900000	 87300000	28
chr16	 88800000	 88100000	14
chr16	 93250000	 94100000	17
chr16	 95050000	 96300000	25
chr17	  1300000	  1750000	9
chr17	  1750000	  3350000	32
chr17	  1900000	  3000000	22
chr17	  3750000	  4850000	22
chr17	  3850000	  2750000	22
chr17	  4350000	  3700000	13
chr17	  4850000	  5400000	11
chr17	  9300000	 10950000	33
chr17	 11300000	 12450000	23
chr17	 14650000	 12400000	45
chr17	 15700000	 12200000	70
chr17	 16650000	 15950000	14
chr17	 16900000	 16600000	6
chr17	 17750000	 18650000	18
chr17	 17800000	 19400000	32
chr17	 17950000	 16350000	32
chr17	 22200000	 23350000	23
chr17	 25050000	 26050000	20
chr17	 27550000	 28350000	16
chr17	 30450000	 29950000	10
chr17	 31200000	 32450000	25
chr17	 31500000	 32150000	13
chr17	 31700000	 31150000	11
chr17	 34050000	 34750000	14
chr17	 34700000	 33500000	24
chr17	 35050000	 33650000	28
chr17	 37350000	 36150000	24
chr17	 38350000	 35150000	64
chr17	 39500000	 42050000	51
chr17	 45400000	 44300000	22
chr17	 47050000	 46400000	13
chr17	 48450000	 49800000	27
chr17	 49000000	 51250000	45
chr17	 50250000	 50750000	10
chr17	 51850000	 51300000	11
chr17	 55300000	 55900000	12
chr17	 56400000	 56250000	3
chr17	 57400000	 58550000	23
chr17	 58550000	 59600000	21
chr17	 60250000	 59450000	16
chr17	 60700000	 61050000	7
chr17	 63500000	 62050000	29
chr17	 64050000	 65650000	32
chr17	 65750000	 65400000	7
chr17	 71850000	 71400000	9
chr17	 72650000	 73600000	19
chr17	 74950000	 75150000	4
chr17	 77700000	 78350000	13
chr17	 78700000	 81100000	48
chr17	 79950000	 80800000	17
chr17	 82200000	 83000000	16
chr17	 84600000	 85800000	24
chr17	 86900000	 85150000	35
chr17	 87600000	 88400000	16
chr17	 89550000	 88200000	27
chr18	  1900000	  1250000	13
chr18	  3850000	  4350000	10
chr18	  4650000	  5300000	13
chr18	  7300000	  6550000	15
chr18	  7950000	  9150000	24
chr18	 20000000	 18700000	26
chr18	 21750000	 20600000	23
chr18	 24050000	 22050000	40
chr18	 27850000	 28850000	20
chr18	 29300000	 30400000	22
chr18	 32350000	 31700000	13
chr18	 40800000	 41850000	21
chr18	 46550000	 47650000	22
chr18	 48500000	 48200000	6
chr18	 51150000	 50450000	14
chr18	 52500000	 51500000	20
chr18	 53000000	 52000000	20
chr18	 53050000	 54450000	28
chr18	 55950000	 54900000	21
chr18	 56600000	 55800000	16
chr18	 56900000	 56350000	11
chr18	 61550000	 62100000	11
chr18	 64250000	 66300000	41
chr18	 65000000	 66900000	38
chr18	 66600000	 67000000	8
chr18	 66600000	 69050000	49
chr18	 66800000	 65250000	31
chr18	 68900000	 70400000	30
chr18	 73200000	 72000000	24
chr18	 79300000	 78600000	14
chr18	 84300000	 86050000	35
chr18	 85400000	 84850000	11
chr18	 87150000	 86600000	11
chr18	 87750000	 87600000	3
chr18	 88300000	 89100000	16
chr18	 89000000	 88100000	18
chr19	  3600000	  3250000	7
chr19	  6250000	  4800000	29
chr19	  8900000	  9150000	5
chr19	 11500000	 12800000	26
chr19	 13000000	 13400000	8
chr19	 16450000	 15550000	18
chr19	 16650000	 15750000	18
chr19	 17550000	 18100000	11
chr19	 19250000	 20100000	17
chr19	 20850000	 21150000	6
chr19	 20900000	 22750000	37
chr19	 22500000	 20400000	42
chr19	 22700000	 23500000	16
chr19	 24700000	 25700000	20
chr19	 27650000	 25350000	46
chr19	 27650000	 29350000	34
chr19	 29600000	 30200000	12
chr19	 33500000	 35350000	37
chr19	 33650000	 32650000	20
chr19	 34100000	 32550000	31
chr19	 35100000	 33050000	41
chr19	 35750000	 35250000	10
chr19	 36400000	 35650000	15
chr19	 38400000	 37650000	15
chr19	 39300000	 40150000	17
chr19	 40400000	 41050000	13
chr19	 42600000	 41200000	28
chr19	 42600000	 41350000	25
chr19	 43500000	 45100000	32
chr19	 44100000	 45000000	18
chr19	 44950000	 45950000	20
chr19	 45000000	 46250000	25
chr19	 45500000	 43050000	49
chr19	 46200000	 45400000	16
chr19	 48500000	 47600000	18
chr19	 49700000	 51650000	39
chr19	 50150000	 48900000	25
chr19	 50450000	 48150000	46
chr19	 52100000	 53900000	36
chr19	 54500000	 54100000	8
chr19	 56150000	 56900000	15
chr19	 56850000	 58250000	28
chr19	 57650000	 58850000	24
chr19	 61300000	 60700000	12
chr2	  1000000	  3250000	45
chr2	  6450000	  5650000	16
chr2	 10500000	 10000000	10
chr2	 11800000	  8850000	59
chr2	 13600000	 14550000	19
chr2	 17550000	 16450000	22
chr2	 18600000	 18350000	5
chr2	 19000000	 18100000	18
chr2	 19350000	 17700000	33
chr2	 20600000	 21800000	24
chr2	 25400000	 24300000	22
chr2	 26250000	 26850000	12
chr2	 27000000	 25800000	24
chr2	 27250000	 25950000	26
chr2	 31600000	 33550000	39
chr2	 33350000	 32450000	18
chr2	 35250000	 34150000	22
chr2	 35650000	 34950000	14
chr2	 35800000	 35550000	5
chr2	 37000000	 35500000	30
chr2	 39400000	 40650000	25
chr2	 40200000	 41100000	18
chr2	 44700000	 43300000	28
chr2	 54450000	 55950000	30
chr2	 58950000	 58600000	7
chr2	 59250000	 61950000	54
chr2	 60150000	 60950000	16
chr2	 62150000	 61600000	11
chr2	 62700000	 61750000	19
chr2	 68550000	 67850000	14
chr2	 70500000	 72100000	32
chr2	 72650000	 75650000	60
chr2	 74950000	 73950000	20
chr2	 75100000	 74550000	11
chr2	 77050000	 78200000	23
chr2	 77200000	 76050000	23
chr2	 77900000	 78750000	17
chr2	 81200000	 80300000	18
chr2	 86200000	 87550000	27
chr2	 91300000	 90850000	9
chr2	 94800000	 96050000	25
chr2	 97000000	 95550000	29
chr2	100050000	100700000	13
chr2	102450000	103900000	29
chr2	103000000	101900000	22
chr2	103300000	103900000	12
chr2	103950000	104800000	17
chr2	104800000	105650000	17
chr2	109750000	110550000	16
chr2	115200000	116850000	33
chr2	117650000	115150000	50
chr2	126200000	125700000	10
chr2	128800000	128100000	14
chr2	128800000	129900000	22
chr2	129750000	130500000	15
chr2	130500000	134000000	70
chr2	130850000	129450000	28
chr2	132850000	133750000	18
chr2	134700000	131600000	62
chr2	135500000	134050000	29
chr2	136250000	137700000	29
chr2	137300000	136700000	12
chr2	140250000	140950000	14
chr2	141400000	143250000	37
chr2	143700000	143950000	5
chr2	143850000	142050000	36
chr2	145500000	146150000	13
chr2	148850000	147350000	30
chr2	150800000	149150000	33
chr2	151750000	153200000	29
chr2	151800000	148900000	58
chr2	155050000	155900000	17
chr2	155400000	156450000	21
chr2	157650000	158700000	21
chr2	157800000	157500000	6
chr2	161700000	163800000	42
chr2	164800000	165550000	15
chr2	168350000	167550000	16
chr2	169950000	170650000	14
chr2	171100000	171850000	15
chr2	172050000	173800000	35
chr2	173550000	174350000	16
chr2	173700000	174950000	25
chr2	174200000	174800000	12
chr2	174400000	174900000	10
chr2	174450000	173450000	20
chr2	175900000	173500000	48
chr2	177000000	177800000	16
chr2	179100000	180100000	20
chr3	  8250000	  7300000	19
chr3	  8450000	  7800000	13
chr3	 13250000	 13650000	8
chr3	 14400000	 15050000	13
chr3	 16450000	 17300000	17
chr3	 17350000	 17000000	7
chr3	 18850000	 19550000	14
chr3	 19250000	 18550000	14
chr3	 20200000	 18750000	29
chr3	 20400000	 19500000	18
chr3	 21150000	 20100000	21
chr3	 21950000	 20750000	24
chr3	 25900000	 26850000	19
chr3	 28400000	 29750000	27
chr3	 33000000	 30500000	50
chr3	 34700000	 33750000	19
chr3	 35950000	 35000000	19
chr3	 36850000	 38000000	23
chr3	 36950000	 36350000	12
chr3	 39400000	 38000000	28
chr3	 39850000	 40700000	17
chr3	 42500000	 43600000	22
chr3	 43700000	 41450000	45
chr3	 43750000	 41700000	41
chr3	 45750000	 47150000	28
chr3	 49500000	 50850000	27
chr3	 49650000	 48650000	20
chr3	 51150000	 50150000	20
chr3	 52100000	 49550000	51
chr3	 53700000	 54200000	10
chr3	 60250000	 56350000	78
chr3	 60350000	 59300000	21
chr3	 60650000	 60000000	13
chr3	 63450000	 64800000	27
chr3	 65350000	 66100000	15
chr3	 65900000	 69150000	65
chr3	 66600000	 67450000	17
chr3	 67150000	 66600000	11
chr3	 69350000	 71250000	38
chr3	 69700000	 70300000	12
chr3	 72100000	 70350000	35
chr3	 72800000	 71150000	33
chr3	 74500000	 73050000	29
chr3	 75500000	 76750000	25
chr3	 75550000	 76600000	21
chr3	 76400000	 77000000	12
chr3	 80100000	 79700000	8
chr3	 80500000	 81200000	14
chr3	 82750000	 82000000	15
chr3	 83200000	 82000000	24
chr3	 84000000	 83550000	9
chr3	 85250000	 83300000	39
chr3	 87850000	 86900000	19
chr3	 87900000	 87100000	16
chr3	 88200000	 88800000	12
chr3	 89000000	 91050000	41
chr3	 91000000	 89600000	28
chr3	 92900000	 91950000	19
chr3	100300000	100950000	13
chr3	102450000	104450000	40
chr3	104350000	106800000	49
chr3	104600000	103950000	13
chr3	109000000	109600000	12
chr3	110050000	108800000	25
chr3	110100000	111550000	29
chr3	113850000	113400000	9
chr3	114450000	114900000	9
chr3	115250000	114400000	17
chr3	118350000	116700000	33
chr3	129150000	129950000	16
chr3	135200000	135000000	4
chr3	136200000	135550000	13
chr3	137850000	136500000	27
chr3	138350000	137750000	12
chr3	139750000	140350000	12
chr3	140400000	140950000	11
chr3	144450000	145400000	19
chr3	145550000	145950000	8
chr3	147550000	144900000	53
chr3	149950000	151050000	22
chr3	150700000	149650000	21
chr3	152600000	154350000	35
chr3	156450000	155650000	16
chr3	157900000	156800000	22
chr4	  5400000	  4600000	16
chr4	  6700000	  7150000	9
chr4	  8500000	  7350000	23
chr4	  9150000	  8600000	11
chr4	  9350000	  9650000	6
chr4	 10100000	  8600000	30
chr4	 11350000	 10400000	19
chr4	 14100000	 13100000	20
chr4	 16200000	 16850000	13
chr4	 18050000	 18900000	17
chr4	 20300000	 18450000	37
chr4	 21100000	 22500000	28
chr4	 21700000	 22450000	15
chr4	 24150000	 24700000	11
chr4	 25300000	 24700000	12
chr4	 28550000	 28100000	9
chr4	 29300000	 30650000	27
chr4	 29550000	 30600000	21
chr4	 30850000	 32100000	25
chr4	 32950000	 28400000	91
chr4	 36400000	 37750000	27
chr4	 39650000	 39250000	8
chr4	 41050000	 42100000	21
chr4	 42000000	 43400000	28
chr4	 45500000	 45100000	8
chr4	 48350000	 49500000	23
chr4	 49200000	 50000000	16
chr4	 51900000	 52850000	19
chr4	 54150000	 53650000	10
chr4	 57100000	 55800000	26
chr4	 57250000	 57800000	11
chr4	 59050000	 59450000	8
chr4	 61350000	 58600000	55
chr4	 63800000	 64100000	6
chr4	 64500000	 65350000	17
chr4	 65750000	 64750000	20
chr4	 66300000	 65950000	7
chr4	 67250000	 69150000	38
chr4	 67600000	 68800000	24
chr4	 70600000	 69100000	30
chr4	 75500000	 76050000	11
chr4	 78200000	 79300000	22
chr4	 79200000	 80100000	18
chr4	 79500000	 80600000	22
chr4	 81300000	 82150000	17
chr4	 88950000	 87850000	22
chr4	 90100000	 90700000	12
chr4	 92350000	 91650000	14
chr4	 93050000	 94750000	34
chr4	 96400000	 97200000	16
chr4	 97600000	 99150000	31
chr4	104600000	105450000	17
chr4	105400000	103500000	38
chr4	106200000	106950000	15
chr4	106250000	104050000	44
chr4	108400000	108000000	8
chr4	111250000	110400000	17
chr4	111650000	109350000	46
chr4	112200000	111700000	10
chr4	112650000	114200000	31
chr4	113050000	114450000	28
chr4	113850000	114600000	15
chr4	114050000	115800000	35
chr4	116700000	119250000	51
chr4	116750000	115350000	28
chr4	118050000	117350000	14
chr4	122400000	121600000	16
chr4	123200000	122850000	7
chr4	123500000	121750000	35
chr4	124800000	123450000	27
chr4	125200000	125800000	12
chr4	126300000	127150000	17
chr4	127200000	128600000	28
chr4	130100000	130750000	13
chr4	130400000	131150000	15
chr4	131300000	130300000	20
chr4	132750000	130750000	40
chr4	133750000	134950000	24
chr4	136000000	135300000	14
chr4	141000000	140650000	7
chr4	146500000	147750000	25
chr4	148450000	146250000	44
chr4	148800000	147700000	22
chr4	149000000	148300000	14
chr4	149850000	149300000	11
chr4	151250000	152450000	24
chr4	153650000	154350000	14
chr4	154000000	153550000	9
chr5	  5700000	  4700000	20
chr5	 10800000	  9550000	25
chr5	 16900000	 18600000	34
chr5	 17250000	 17150000	2
chr5	 23550000	 22950000	12
chr5	 24000000	 24500000	10
chr5	 28350000	 28850000	10
chr5	 29500000	 28950000	11
chr5	 29700000	 29200000	10
chr5	 30100000	 29750000	7
chr5	 33900000	 35000000	22
chr5	 36000000	 34750000	25
chr5	 36650000	 39400000	55
chr5	 37850000	 39250000	28
chr5	 40100000	 40850000	15
chr5	 45500000	 44000000	30
chr5	 46450000	 47350000	18
chr5	 47500000	 45450000	41
chr5	 48250000	 47150000	22
chr5	 48500000	 46650000	37
chr5	 49100000	 51100000	40
chr5	 51950000	 52650000	14
chr5	 52350000	 53050000	14
chr5	 52700000	 51950000	15
chr5	 55300000	 56300000	20
chr5	 56850000	 55950000	18
chr5	 64150000	 63450000	14
chr5	 66350000	 65000000	27
chr5	 68050000	 67150000	18
chr5	 68250000	 70050000	36
chr5	 68750000	 70350000	32
chr5	 69000000	 67700000	26
chr5	 69650000	 68100000	31
chr5	 69700000	 71750000	41
chr5	 74150000	 72000000	43
chr5	 74350000	 75200000	17
chr5	 74900000	 75850000	19
chr5	 82500000	 83650000	23
chr5	 86650000	 88550000	38
chr5	 89700000	 90950000	25
chr5	 90950000	 92850000	38
chr5	 93050000	 94850000	36
chr5	 96100000	 96450000	7
chr5	 98350000	 99200000	17
chr5	 99750000	 99150000	12
chr5	100400000	101300000	18
chr5	103400000	102400000	20
chr5	106150000	105550000	12
chr5	106850000	105850000	20
chr5	107500000	106400000	22
chr5	109050000	107100000	39
chr5	110200000	110500000	6
chr5	115500000	118250000	55
chr5	115700000	115100000	12
chr5	119450000	118600000	17
chr5	119850000	119250000	12
chr5	120350000	121500000	23
chr5	124500000	122300000	44
chr5	125750000	127150000	28
chr5	127100000	128400000	26
chr5	129250000	127800000	29
chr5	132300000	134700000	48
chr5	134150000	134900000	15
chr5	140050000	142200000	43
chr5	142350000	142950000	12
chr5	148200000	149850000	33
chr5	150150000	150900000	15
chr6	  2750000	  1000000	35
chr6	  4500000	  4000000	10
chr6	  4500000	  5650000	23
chr6	  4900000	  4300000	12
chr6	  7750000	  8950000	24
chr6	  8650000	  8100000	11
chr6	  9000000	  9000000	0
chr6	 12300000	 10750000	31
chr6	 14350000	 15950000	32
chr6	 16150000	 15350000	16
chr6	 16800000	 18050000	25
chr6	 23850000	 24250000	8
chr6	 27300000	 28250000	19
chr6	 32750000	 34450000	34
chr6	 34250000	 32250000	40
chr6	 35400000	 36100000	14
chr6	 35650000	 33550000	42
chr6	 36800000	 36100000	14
chr6	 39150000	 38150000	20
chr6	 41050000	 37450000	72
chr6	 43500000	 44750000	25
chr6	 44750000	 47700000	59
chr6	 52200000	 52600000	8
chr6	 52950000	 54950000	40
chr6	 54000000	 53100000	18
chr6	 54350000	 54900000	11
chr6	 58400000	 59000000	12
chr6	 59350000	 58550000	16
chr6	 61000000	 61600000	12
chr6	 65350000	 62700000	53
chr6	 69900000	 71050000	23
chr6	 77900000	 78550000	13
chr6	 80050000	 80800000	15
chr6	 81050000	 78900000	43
chr6	 82300000	 80850000	29
chr6	 86500000	 84750000	35
chr6	 94200000	 94200000	0
chr6	 95500000	 96750000	25
chr6	 96200000	 95250000	19
chr6	 97300000	 96000000	26
chr6	 99750000	 97900000	37
chr6	100250000	100600000	7
chr6	105400000	106450000	21
chr6	108300000	107250000	21
chr6	108800000	106850000	39
chr6	109000000	108700000	6
chr6	109950000	108850000	22
chr6	110600000	109200000	28
chr6	112650000	113950000	26
chr6	116100000	115550000	11
chr6	116600000	114700000	38
chr6	117750000	119700000	39
chr6	119900000	118200000	34
chr6	120650000	119350000	26
chr6	124600000	123600000	20
chr6	126600000	128000000	28
chr6	127000000	129900000	58
chr6	129150000	128500000	13
chr6	131800000	133400000	32
chr6	137450000	136850000	12
chr6	143900000	144800000	18
chr6	143950000	142700000	25
chr6	146500000	145000000	30
chr7	  9200000	  8400000	16
chr7	 10850000	 11550000	14
chr7	 13200000	 12000000	24
chr7	 13550000	 12950000	12
chr7	 14800000	 15200000	8
chr7	 15400000	 13600000	36
chr7	 15450000	 14900000	11
chr7	 15800000	 14800000	20
chr7	 16100000	 15300000	16
chr7	 17850000	 17150000	14
chr7	 23500000	 25050000	31
chr7	 24050000	 23650000	8
chr7	 35000000	 34350000	13
chr7	 36550000	 36150000	8
chr7	 38600000	 39800000	24
chr7	 41250000	 40950000	6
chr7	 45050000	 43900000	23
chr7	 49350000	 49800000	9
chr7	 49850000	 48550000	26
chr7	 50000000	 49450000	11
chr7	 50250000	 49750000	10
chr7	 52650000	 53400000	15
chr7	 53150000	 52400000	15
chr7	 57450000	 57950000	10
chr7	 58400000	 59750000	27
chr7	 59150000	 60250000	22
chr7	 59800000	 58850000	19
chr7	 60200000	 56500000	74
chr7	 61250000	 60500000	15
chr7	 63150000	 61600000	31
chr7	 71700000	 72950000	25
chr7	 72300000	 71450000	17
chr7	 72800000	 74250000	29
chr7	 73650000	 71950000	34
chr7	 74350000	 74550000	4
chr7	 75200000	 74850000	7
chr7	 77100000	 77300000	4
chr7	 78250000	 79550000	26
chr7	 79800000	 80200000	8
chr7	 84000000	 84450000	9
chr7	 94250000	 94700000	9
chr7	 95100000	 95850000	15
chr7	 96100000	 97750000	33
chr7	104100000	104800000	14
chr7	107700000	106450000	25
chr7	109500000	110500000	20
chr7	109700000	109700000	0
chr7	109750000	109050000	14
chr7	110450000	109750000	14
chr7	110950000	112350000	28
chr7	112650000	111150000	30
chr7	114450000	112950000	30
chr7	117600000	119200000	32
chr7	118100000	116250000	37
chr7	118100000	118950000	17
chr7	118450000	119950000	30
chr7	121300000	120150000	23
chr7	123600000	122550000	21
chr7	124450000	125150000	14
chr7	125300000	126250000	19
chr7	126700000	128500000	36
chr7	127600000	128200000	12
chr7	128100000	128450000	7
chr7	134400000	133850000	11
chr7	134400000	135450000	21
chr7	135600000	134700000	18
chr7	139450000	141450000	40
chr7	139600000	140200000	12
chr7	142450000	141000000	29
chr8	  5550000	  4700000	17
chr8	  6100000	  6500000	8
chr8	  7850000	  6700000	23
chr8	 11000000	 10550000	9
chr8	 13050000	 10950000	42
chr8	 16100000	 15250000	17
chr8	 16800000	 15500000	26
chr8	 17450000	 18000000	11
chr8	 18050000	 18850000	16
chr8	 19400000	 18900000	10
chr8	 20150000	 21150000	20
chr8	 20200000	 19700000	10
chr8	 24350000	 25350000	20
chr8	 24550000	 24000000	11
chr8	 24950000	 23300000	33
chr8	 26450000	 27000000	11
chr8	 26900000	 27950000	21
chr8	 34100000	 35750000	33
chr8	 38150000	 40200000	41
chr8	 41450000	 42350000	18
chr8	 44050000	 44650000	12
chr8	 44550000	 43350000	24
chr8	 44800000	 45800000	20
chr8	 45500000	 45150000	7
chr8	 47150000	 47850000	14
chr8	 47750000	 48950000	24
chr8	 49500000	 48350000	23
chr8	 49750000	 50550000	16
chr8	 53550000	 54300000	15
chr8	 54100000	 55200000	22
chr8	 56750000	 52100000	93
chr8	 58000000	 57700000	6
chr8	 59850000	 59000000	17
chr8	 60300000	 59950000	7
chr8	 63000000	 64300000	26
chr8	 64000000	 66750000	55
chr8	 66600000	 67500000	18
chr8	 69550000	 69050000	10
chr8	 72200000	 72000000	4
chr8	 72400000	 73700000	26
chr8	 73950000	 75800000	37
chr8	 74150000	 75100000	19
chr8	 76950000	 75900000	21
chr8	 81000000	 82550000	31
chr8	 81800000	 83450000	33
chr8	 83950000	 83200000	15
chr8	 85800000	 86150000	7
chr8	 87850000	 86700000	23
chr8	 90400000	 89250000	23
chr8	 90750000	 89450000	26
chr8	 93900000	 92600000	26
chr8	 94800000	 97500000	54
chr8	 97350000	 96200000	23
chr8	 98600000	 97600000	20
chr8	100300000	 98350000	39
chr8	114150000	113000000	23
chr8	119150000	118450000	14
chr8	120000000	117350000	53
chr8	121350000	119950000	28
chr8	121800000	120100000	34
chr8	123700000	123050000	13
chr9	  4450000	  2900000	31
chr9	 11150000	 12300000	23
chr9	 13550000	  9700000	77
chr9	 14450000	 15950000	30
chr9	 17200000	 16800000	8
chr9	 19400000	 18050000	27
chr9	 25400000	 25900000	10
chr9	 26200000	 27700000	30
chr9	 27050000	 27650000	12
chr9	 27800000	 27000000	16
chr9	 37450000	 39100000	33
chr9	 37600000	 38250000	13
chr9	 41250000	 39500000	35
chr9	 43200000	 44450000	25
chr9	 44100000	 46000000	38
chr9	 46400000	 48050000	33
chr9	 46750000	 45150000	32
chr9	 49550000	 47700000	37
chr9	 50200000	 47300000	58
chr9	 50650000	 49650000	20
chr9	 51450000	 50750000	14
chr9	 51750000	 50350000	28
chr9	 59300000	 60000000	14
chr9	 59800000	 58150000	33
chr9	 63650000	 64750000	22
chr9	 71700000	 71700000	0
chr9	 74750000	 75650000	18
chr9	 75750000	 73700000	41
chr9	 76000000	 77800000	36
chr9	 76850000	 76450000	8
chr9	 80650000	 79400000	25
chr9	 80700000	 82100000	28
chr9	 82400000	 80700000	34
chr9	 82550000	 83050000	10
chr9	 84000000	 82650000	27
chr9	 84300000	 83250000	21
chr9	 84450000	 83650000	16
chr9	 89150000	 90500000	27
chr9	 89750000	 91400000	33
chr9	 90700000	 91550000	17
chr9	 92650000	 93700000	21
chr9	 93500000	 92300000	24
chr9	 93600000	 91250000	47
chr9	 98250000	 97300000	19
chr9	 98800000	 99050000	5
chr9	100700000	102250000	31
chr9	102100000	101200000	18
chr9	104300000	103100000	24
chr9	109500000	112850000	67
chr9	115500000	114900000	12
chr9	116300000	116850000	11
chr9	116450000	115250000	24
chr9	118650000	117500000	23
chr9	118750000	117000000	35
chrX	  1750000	  2750000	20
chrX	  3650000	  4050000	8
chrX	  3750000	  5850000	42
chrX	  4900000	  4350000	11
chrX	  6650000	  3700000	59
chrX	 12000000	 13150000	23
chrX	 13050000	 15750000	54
chrX	 14450000	 15250000	16
chrX	 14550000	 13400000	23
chrX	 17300000	 18800000	30
chrX	 19900000	 20100000	4
chrX	 22250000	 20100000	43
chrX	 33450000	 34150000	14
chrX	 33850000	 35700000	37
chrX	 34550000	 33750000	16
chrX	 36850000	 36150000	14
chrX	 38250000	 37550000	14
chrX	 39150000	 37850000	26
chrX	 40700000	 39000000	34
chrX	 42550000	 43700000	23
chrX	 47100000	 47850000	15
chrX	 47150000	 46700000	9
chrX	 48150000	 46450000	34
chrX	 49500000	 48900000	12
chrX	 51500000	 50550000	19
chrX	 51850000	 52850000	20
chrX	 52450000	 53350000	18
chrX	 54000000	 54650000	13
chrX	 58050000	 57300000	15
chrX	 60150000	 60500000	7
chrX	 60350000	 59650000	14
chrX	 60750000	 59300000	29
chrX	 62000000	 63800000	36
chrX	 62250000	 60700000	31
chrX	 68050000	 66800000	25
chrX	 68750000	 69600000	17
chrX	 72600000	 73300000	14
chrX	 72600000	 74150000	31
chrX	 73150000	 72300000	17
chrX	 74800000	 76050000	25
chrX	 75100000	 76100000	20
chrX	 76800000	 77900000	22
chrX	 78550000	 80350000	36
chrX	 78900000	 80150000	25
chrX	 79200000	 77600000	32
chrX	 81400000	 80500000	18
chrX	 81450000	 82050000	12
chrX	 82400000	 81950000	9
chrX	 83750000	 82550000	24
chrX	 84300000	 82350000	39
chrX	 84350000	 82550000	36
chrX	 85900000	 86600000	14
chrX	 87000000	 88000000	20
chrX	 88400000	 89150000	15
chrX	 98550000	 98100000	9
chrX	 98600000	100700000	42
chrX	100300000	 99350000	19
chrX	100650000	 98200000	49
chrX	101250000	101900000	13
chrX	103450000	104200000	15
chrX	103750000	100400000	67
chrX	104400000	104900000	10
chrX	111150000	112200000	21
chrX	112200000	113100000	18
chrX	112300000	113450000	23
chrX	115100000	113800000	26
chrX	115850000	114800000	21
chrX	116550000	115250000	26
chrX	120850000	122050000	24
chrX	125250000	126550000	26
chrX	132050000	132750000	14
chrX	133950000	134400000	9
chrX	139400000	140500000	22
chrX	141550000	142600000	21
chrX	143600000	144600000	20
chrX	147200000	149400000	44
chrX	147600000	148350000	15
chrX	153100000	153650000	11
chrX	154250000	156550000	46
chrX	157650000	159050000	28
chrX	159750000	161050000	26
chrX	162000000	161100000	18
chrX	162200000	162900000	14
chrX	163550000	165250000	34
chrX	163650000	164750000	22
chrX	164300000	163800000	10
chrX	164300000	164950000	13
chrX	164900000	166000000	22
chrX	165450000	165750000	6
chrX	165850000	166300000	9
chrX	165900000	164100000	36
chrX	167600000	166950000	13
chrY	  4650000	  3450000	24
chrY	  7250000	  6400000	17
chrY	  8050000	  7100000	19
chrY	  8100000	  7500000	12
chrY	  9700000	  9200000	10
chrY	 12200000	 13350000	23
chrY	 13250000	 13600000	7
chrY	 13600000	 14850000	25
chrY	 16100000	 16750000	13
chrY	 16250000	 17450000	24
chrY	 18950000	 19550000	12
chrY	 19400000	 18300000	22
chrY	 19450000	 21050000	32
chrY	 21350000	 23100000	35
chrY	 25250000	 26950000	34
chrY	 29650000	 29050000	12
chrY	 32850000	 34250000	28
chrY	 34950000	 34450000	10
chrY	 36600000	 36150000	9
chrY	 36700000	 35750000	19
chrY	 37350000	 35850000	30
chrY	 40950000	 41150000	4
chrY	 41950000	 42500000	11
chrY	 44950000	 43600000	27
chrY	 46450000	 47300000	17
chrY	 49450000	 48550000	18
chrY	 53150000	 54100000	19
chrY	 54450000	 52800000	33
chrY	 55450000	 56600000	23
chrY	 57500000	 56200000	26
chrY	 60200000	 61200000	20
chrY	 64700000	 65150000	9
chrY	 70450000	 68950000	30
chrY	 75200000	 76250000	21
chrY	 76100000	 77650000	31
chrY	 76300000	 75550000	15
chrY	 79900000	 78750000	23
chrY	 80650000	 79100000	31
chrY	 85650000	 86700000	21
chrY	 86900000	 86250000	13
chrY	 87050000	 85900000	23
