chr1	   900000	  2200000	26
chr1	  1950000	  2500000	11
chr1	  2650000	  2350000	6
chr1	  2950000	  4100000	23
chr1	  3350000	  2350000	20
chr1	 14450000	 16100000	33
chr1	 16800000	 17550000	15
chr1	 23100000	 24200000	22
chr1	 25900000	 23250000	53
chr1	 26000000	 23300000	54
chr1	 32500000	 30950000	31
chr1	 32900000	 30850000	41
chr1	 34200000	 36950000	55
chr1	 35700000	 34950000	15
chr1	 38250000	 39200000	19
chr1	 40450000	 41350000	18
chr1	 43500000	 44900000	28
chr1	 46950000	 46050000	18
chr1	 56100000	 56700000	12
chr1	 57750000	 58800000	21
chr1	 59100000	 57800000	26
chr1	 61050000	 63450000	48
chr1	 61950000	 61450000	10
chr1	 62100000	 62600000	10
chr1	 63350000	 64400000	21
chr1	 63900000	 60200000	74
chr1	 66100000	 65050000	21
chr1	 66450000	 67750000	26
chr1	 68950000	 70500000	31
chr1	 76300000	 77500000	24
chr1	 78650000	 78150000	10
chr1	 82950000	 82250000	14
chr1	 84400000	 82700000	34
chr1	 86000000	 84800000	24
chr1	 86000000	 87550000	31
chr1	 88450000	 84550000	78
chr1	 88700000	 90150000	29
chr1	 92350000	 93000000	13
chr1	 96250000	 96900000	13
chr1	 97200000	 96250000	19
chr1	 97450000	 96500000	19
chr1	 98650000	 99700000	21
chr1	 99600000	 97800000	36
chr1	101750000	101200000	11
chr1	102050000	101450000	12
chr1	110050000	110850000	16
chr1	112650000	113450000	16
chr1	118950000	115300000	73
chr1	121250000	120550000	14
chr1	121750000	120850000	18
chr1	123650000	125300000	33
chr1	126850000	128850000	40
chr1	127800000	125600000	44
chr1	129700000	130300000	12
chr1	130350000	129650000	14
chr1	131050000	133450000	48
chr1	132400000	133000000	12
chr1	133100000	134250000	23
chr1	133850000	134500000	13
chr1	135300000	134300000	20
chr1	138450000	137900000	11
chr1	139800000	137800000	40
chr1	142350000	140700000	33
chr1	143400000	142600000	16
chr1	145100000	146400000	26
chr1	146100000	144600000	30
chr1	148700000	149400000	14
chr1	148900000	149700000	16
chr1	148900000	149850000	19
chr1	149100000	150400000	26
chr1	152250000	151500000	15
chr1	153000000	153550000	11
chr1	154650000	155050000	8
chr1	157150000	155700000	29
chr1	159750000	161900000	43
chr1	161200000	162300000	22
chr1	164650000	163400000	25
chr1	165150000	165450000	6
chr1	165400000	166200000	16
chr1	169050000	170450000	28
chr1	172150000	170250000	38
chr1	172450000	173350000	18
chr1	174900000	175250000	7
chr1	177350000	177350000	0
chr1	182800000	181800000	20
chr1	184050000	183150000	18
chr1	184500000	183250000	25
chr1	187450000	188550000	22
chr1	188450000	189700000	25
chr10	  2650000	  5200000	51
chr10	  3300000	  2150000	23
chr10	  4400000	  3750000	13
chr10	  5950000	  5450000	10
chr10	  6450000	  7500000	21
chr10	 14300000	 15700000	28
chr10	 18750000	 20550000	36
chr10	 23800000	 24450000	13
chr10	 27150000	 28100000	19
chr10	 27600000	 27000000	12
chr10	 28650000	 29250000	12
chr10	 29500000	 29950000	9
chr10	 30450000	 30250000	4
chr10	 36350000	 35900000	9
chr10	 37200000	 39150000	39
chr10	 39300000	 39800000	10
chr10	 40600000	 42350000	35
chr10	 43700000	 42550000	23
chr10	 45450000	 46900000	29
chr10	 48750000	 47650000	22
chr10	 51600000	 52300000	14
chr10	 51900000	 53000000	22
chr10	 54650000	 53400000	25
chr10	 54800000	 56600000	36
chr10	 56000000	 56900000	18
chr10	 56300000	 56850000	11
chr10	 60400000	 61300000	18
chr10	 61300000	 60550000	15
chr10	 61550000	 62450000	18
chr10	 63700000	 65050000	27
chr10	 65350000	 61600000	75
chr10	 66200000	 68600000	48
chr10	 66550000	 67300000	15
chr10	 68200000	 68600000	8
chr10	 68400000	 66150000	45
chr10	 69950000	 70600000	13
chr10	 71000000	 71700000	14
chr10	 75650000	 75150000	10
chr10	 82050000	 81650000	8
chr10	 82100000	 82350000	5
chr10	 83450000	 84800000	27
chr10	 85250000	 84050000	24
chr10	 86000000	 86550000	11
chr10	 90850000	 90850000	0
chr10	 91600000	 92250000	13
chr10	 93550000	 93150000	8
chr10	 96200000	 97850000	33
chr10	100700000	 98900000	36
chr10	100800000	100050000	15
chr10	104450000	105350000	18
chr10	106550000	108050000	30
chr10	107300000	106350000	19
chr10	108800000	107200000	32
chr10	110450000	111000000	11
chr10	111700000	110650000	21
chr10	115750000	113800000	39
chr10	116050000	114850000	24
chr10	120100000	121750000	33
chr10	121150000	119950000	24
chr10	121350000	122050000	14
chr10	122000000	123100000	22
chr10	122650000	122350000	6
chr10	122650000	123850000	24
chr10	124350000	124950000	12
chr10	125850000	123850000	40
chr10	126150000	125300000	17
chr10	127300000	126250000	21
chr10	128850000	125700000	63
chr11	   850000	  2750000	38
chr11	  2250000	  3100000	17
chr11	  3700000	  2950000	15
chr11	  8550000	  7500000	21
chr11	 10050000	  8000000	41
chr11	 11850000	  9900000	39
chr11	 16500000	 17600000	22
chr11	 18450000	 19250000	16
chr11	 18600000	 18000000	12
chr11	 19100000	 21450000	47
chr11	 21850000	 23600000	35
chr11	 23500000	 24150000	13
chr11	 29350000	 28700000	13
chr11	 30100000	 29100000	20
chr11	 31250000	 30250000	20
chr11	 31550000	 32400000	17
chr11	 32950000	 31700000	25
chr11	 36350000	 35550000	16
chr11	 36400000	 37450000	21
chr11	 37750000	 38650000	18
chr11	 40050000	 39550000	10
chr11	 40300000	 39600000	14
chr11	 45550000	 47650000	42
chr11	 46200000	 47200000	20
chr11	 48000000	 46350000	33
chr11	 49250000	 51000000	35
chr11	 50150000	 48600000	31
chr11	 51300000	 50900000	8
chr11	 55900000	 57000000	22
chr11	 57550000	 56600000	19
chr11	 59200000	 59650000	9
chr11	 61400000	 62550000	23
chr11	 61400000	 63800000	48
chr11	 63700000	 62750000	19
chr11	 70150000	 70500000	7
chr11	 74050000	 74950000	18
chr11	 79250000	 80350000	22
chr11	 80250000	 81600000	27
chr11	 81950000	 83150000	24
chr11	 84550000	 85800000	25
chr11	 84900000	 84400000	10
chr11	 87700000	 88450000	15
chr11	 89700000	 86800000	58
chr11	 92650000	 91550000	22
chr11	 92850000	 93450000	12
chr11	 93750000	 92700000	21
chr11	 96250000	 96950000	14
chr11	 97300000	 98250000	19
chr11	100550000	 99200000	27
chr11	102800000	106050000	65
chr11	105450000	106850000	28
chr11	106050000	107100000	21
chr11	106650000	104450000	44
chr11	108800000	107050000	35
chr11	108950000	107350000	32
chr11	109500000	110050000	11
chr11	110300000	112200000	38
chr11	115400000	116050000	13
chr11	116850000	116150000	14
chr11	117200000	117500000	6
chr11	118800000	120300000	30
chr11	119750000	118250000	30
chr11	119900000	120300000	8
chr12	  1050000	   300000	15
chr12	  4350000	  3200000	23
chr12	  5600000	  6200000	12
chr12	  5950000	  4100000	37
chr12	  6700000	  6050000	13
chr12	  8850000	  7100000	35
chr12	  9100000	  7950000	23
chr12	  9150000	  6550000	52
chr12	  9950000	  9050000	18
chr12	 11750000	 10500000	25
chr12	 13400000	 13900000	10
chr12	 14650000	 12050000	52
chr12	 15750000	 15300000	9
chr12	 19750000	 20750000	20
chr12	 21050000	 22200000	23
chr12	 21400000	 20700000	14
chr12	 27350000	 28450000	22
chr12	 33350000	 31450000	38
chr12	 34600000	 33750000	17
chr12	 38450000	 37800000	13
chr12	 41150000	 41750000	12
chr12	 43750000	 41200000	51
chr12	 43950000	 44600000	13
chr12	 45500000	 46950000	29
chr12	 47450000	 44950000	50
chr12	 49450000	 48600000	17
chr12	 50050000	 50700000	13
chr12	 51450000	 52550000	22
chr12	 53050000	 52200000	17
chr12	 53400000	 51300000	42
chr12	 59550000	 60250000	14
chr12	 60150000	 61850000	34
chr12	 60700000	 63150000	49
chr12	 64150000	 63600000	11
chr12	 64150000	 64150000	0
chr12	 66500000	 67450000	19
chr12	 67650000	 66550000	22
chr12	 68650000	 69200000	11
chr12	 69600000	 68850000	15
chr12	 71300000	 73550000	45
chr12	 72350000	 71750000	12
chr12	 73250000	 75450000	44
chr12	 76000000	 77750000	35
chr12	 76150000	 76850000	14
chr12	 77300000	 76650000	13
chr12	 79300000	 80950000	33
chr12	 82250000	 83900000	33
chr12	 85600000	 85950000	7
chr12	 89200000	 87400000	36
chr12	 91000000	 92500000	30
chr12	 92000000	 93000000	20
chr12	 94050000	 94500000	9
chr12	 95350000	 95800000	9
chr12	 96350000	 95650000	14
chr12	 99300000	 98550000	15
chr12	102300000	101850000	9
chr12	107000000	107700000	14
chr12	107150000	107750000	12
chr12	109500000	110600000	22
chr12	115100000	117100000	40
chr12	115350000	114050000	26
chr13	  1600000	   700000	18
chr13	  2550000	  3800000	25
chr13	  5250000	  4000000	25
chr13	  6350000	  6050000	6
chr13	 10600000	 12000000	28
chr13	 13700000	 15600000	38
chr13	 15350000	 15500000	3
chr13	 16250000	 15250000	20
chr13	 16450000	 16650000	4
chr13	 19400000	 20000000	12
chr13	 20100000	 20900000	16
chr13	 20900000	 19550000	27
chr13	 21600000	 24000000	48
chr13	 23250000	 23950000	14
chr13	 29300000	 28200000	22
chr13	 29450000	 31750000	46
chr13	 33400000	 34100000	14
chr13	 34400000	 33550000	17
chr13	 35500000	 36700000	24
chr13	 35850000	 36250000	8
chr13	 36150000	 36650000	10
chr13	 36200000	 35500000	14
chr13	 37350000	 35550000	36
chr13	 40400000	 39400000	20
chr13	 40600000	 38900000	34
chr13	 45050000	 44200000	17
chr13	 45450000	 45150000	6
chr13	 47400000	 46800000	12
chr13	 48700000	 49850000	23
chr13	 51600000	 52800000	24
chr13	 52400000	 51600000	16
chr13	 55400000	 54450000	19
chr13	 56600000	 56250000	7
chr13	 58250000	 59200000	19
chr13	 58550000	 60100000	31
chr13	 62300000	 62850000	11
chr13	 62450000	 59950000	50
chr13	 67800000	 65750000	41
chr13	 68500000	 67950000	11
chr13	 69650000	 68150000	30
chr13	 69850000	 67150000	54
chr13	 78050000	 79500000	29
chr13	 78200000	 77100000	22
chr13	 84700000	 82950000	35
chr13	 84800000	 85500000	14
chr13	 85500000	 86550000	21
chr13	 87600000	 86550000	21
chr13	 88400000	 89750000	27
chr13	 88700000	 90350000	33
chr13	 89700000	 88450000	25
chr13	 92350000	 93150000	16
chr13	 93300000	 94400000	22
chr13	 94950000	 95500000	11
chr13	 97300000	 97800000	10
chr13	 97650000	 98650000	20
chr13	 98700000	 98050000	13
chr13	 99850000	101250000	28
chr13	100400000	 99800000	12
chr13	101100000	101350000	5
chr13	101450000	101050000	8
chr13	102100000	102600000	10
chr13	104700000	106200000	30
chr13	106100000	105050000	21
chr13	106150000	107150000	20
chr13	107050000	109050000	40
chr13	108250000	106050000	44
chr13	111950000	110750000	24
chr13	112700000	110450000	45
chr13	112850000	113650000	16
chr13	115900000	117250000	27
chr13	116050000	115550000	10
chr13	119350000	120150000	16
chr14	  1550000	   900000	13
chr14	  9350000	  8100000	25
chr14	  9950000	  7000000	59
chr14	 10000000	 10850000	17
chr14	 10250000	 12000000	35
chr14	 18750000	 19100000	7
chr14	 21950000	 22700000	15
chr14	 22900000	 23250000	7
chr14	 26550000	 27300000	15
chr14	 27300000	 31150000	77
chr14	 29850000	 30150000	6
chr14	 30150000	 28400000	35
chr14	 30600000	 32450000	37
chr14	 31600000	 32500000	18
chr14	 32800000	 31850000	19
chr14	 34100000	 34850000	15
chr14	 34850000	 32500000	47
chr14	 37800000	 36050000	35
chr14	 42800000	 41900000	18
chr14	 44250000	 45850000	32
chr14	 45000000	 44600000	8
chr14	 46200000	 47200000	20
chr14	 46650000	 44300000	47
chr14	 46750000	 45200000	31
chr14	 49150000	 48300000	17
chr14	 51200000	 52150000	19
chr14	 51700000	 50900000	16
chr14	 52500000	 55150000	53
chr14	 53150000	 54550000	28
chr14	 54500000	 55100000	12
chr14	 55850000	 55300000	11
chr14	 58800000	 59800000	20
chr14	 62350000	 63350000	20
chr14	 62750000	 62950000	4
chr14	 63900000	 66650000	55
chr14	 66950000	 66050000	18
chr14	 68100000	 70100000	40
chr14	 69100000	 69850000	15
chr14	 69500000	 70250000	15
chr14	 77100000	 77350000	5
chr14	 78450000	 77150000	26
chr14	 81750000	 82800000	21
chr14	 86900000	 84100000	56
chr14	 87200000	 89100000	38
chr14	 96500000	 95450000	21
chr14	 97850000	 98500000	13
chr14	 98600000	 99300000	14
chr14	 99800000	101150000	27
chr14	100300000	100750000	9
chr14	103650000	105050000	28
chr14	106250000	107400000	23
chr14	106800000	106050000	15
chr14	106900000	105650000	25
chr14	110050000	111450000	28
chr14	111050000	111700000	13
chr14	111400000	111100000	6
chr14	112050000	111250000	16
chr14	112150000	113600000	29
chr14	114100000	112950000	23
chr14	115450000	114500000	19
chr14	116200000	117750000	31
chr14	118350000	119750000	28
chr14	119900000	121150000	25
chr15	  4450000	  4000000	9
chr15	  7350000	  7150000	4
chr15	  7900000	  7300000	12
chr15	 10800000	 10350000	9
chr15	 11300000	  9700000	32
chr15	 17750000	 19250000	30
chr15	 17800000	 18500000	14
chr15	 18800000	 17300000	30
chr15	 19800000	 21100000	26
chr15	 22350000	 21900000	9
chr15	 25500000	 23900000	32
chr15	 26300000	 27500000	24
chr15	 27450000	 26250000	24
chr15	 27500000	 29050000	31
chr15	 27950000	 28950000	20
chr15	 28250000	 29550000	26
chr15	 29750000	 31100000	27
chr15	 29850000	 31250000	28
chr15	 38750000	 37850000	18
chr15	 47050000	 46300000	15
chr15	 49900000	 50800000	18
chr15	 54500000	 55900000	28
chr15	 56950000	 55750000	24
chr15	 57500000	 56650000	17
chr15	 59750000	 60650000	18
chr15	 62900000	 63600000	14
chr15	 66250000	 65750000	10
chr15	 68100000	 68700000	12
chr15	 71550000	 70350000	24
chr15	 71750000	 70900000	17
chr15	 75700000	 75350000	7
chr15	 76450000	 75400000	21
chr15	 77350000	 77950000	12
chr15	 78900000	 79550000	13
chr15	 84300000	 83900000	8
chr15	 84450000	 85350000	18
chr15	 86650000	 85700000	19
chr15	 86900000	 87700000	16
chr15	 88200000	 87050000	23
chr15	 93000000	 94800000	36
chr15	 94100000	 92200000	38
chr15	 94550000	 95200000	13
chr15	 94600000	 95000000	8
chr15	 95500000	 93850000	33
chr15	 98450000	 99600000	23
chr15	 99300000	 97800000	30
chr15	100650000	102000000	27
chr15	102850000	100550000	46
chr16	  1900000	  1300000	12
chr16	  6850000	  5050000	36
chr16	  7700000	  7200000	10
chr16	 10150000	 11150000	20
chr16	 12650000	 11800000	17
chr16	 15800000	 15300000	10
chr16	 15850000	 17800000	39
chr16	 19050000	 20700000	33
chr16	 20850000	 21700000	17
chr16	 23200000	 22450000	15
chr16	 27150000	 27150000	0
chr16	 30400000	 30750000	7
chr16	 32800000	 33150000	7
chr16	 33000000	 31800000	24
chr16	 36400000	 37200000	16
chr16	 37000000	 37600000	12
chr16	 37800000	 36800000	20
chr16	 45700000	 44050000	33
chr16	 51900000	 51300000	12
chr16	 55550000	 54600000	19
chr16	 56900000	 55000000	38
chr16	 60250000	 61150000	18
chr16	 60250000	 61650000	28
chr16	 62150000	 64100000	39
chr16	 62400000	 62900000	10
chr16	 64250000	 66000000	35
chr16	 67050000	 67850000	16
chr16	 69450000	 70200000	15
chr16	 70000000	 71250000	25
chr16	 70500000	 69900000	12
chr16	 71950000	 72850000	18
chr16	 73000000	 73900000	18
chr16	 73500000	 72600000	18
chr16	 74150000	 73400000	15
chr16	 74550000	 75350000	16
chr16	 79150000	 80300000	23
chr16	 79350000	 80350000	20
chr16	 79800000	 81350000	31
chr16	 83500000	 85600000	42
chr16	 86650000	 88100000	29
chr16	 87250000	 87950000	14
chr16	 90750000	 89850000	18
chr16	 96300000	 95450000	17
chr17	  1050000	  2600000	31
chr17	  4000000	  5000000	20
chr17	  4850000	  5250000	8
chr17	  6200000	  5750000	9
chr17	  6800000	  8250000	29
chr17	  8100000	  6100000	40
chr17	  8750000	  9300000	11
chr17	 10450000	 10050000	8
chr17	 25550000	 25900000	7
chr17	 25650000	 24150000	30
chr17	 30000000	 31950000	39
chr17	 30250000	 29650000	12
chr17	 33650000	 32850000	16
chr17	 35400000	 35900000	10
chr17	 36350000	 37350000	20
chr17	 38200000	 39500000	26
chr17	 42450000	 42000000	9
chr17	 43800000	 42750000	21
chr17	 44950000	 43250000	34
chr17	 46800000	 45000000	36
chr17	 49150000	 47650000	30
chr17	 50550000	 50850000	6
chr17	 53500000	 54650000	23
chr17	 54150000	 54250000	2
chr17	 56950000	 56300000	13
chr17	 57750000	 55700000	41
chr17	 60950000	 58700000	45
chr17	 61200000	 59400000	36
chr17	 62000000	 60200000	36
chr17	 62800000	 63550000	15
chr17	 63650000	 64150000	10
chr17	 65600000	 64900000	14
chr17	 68550000	 68000000	11
chr17	 73350000	 71100000	45
chr17	 75550000	 74600000	19
chr17	 77500000	 78450000	19
chr17	 85750000	 88600000	57
chr17	 93450000	 94450000	20
chr17	 93900000	 92700000	24
chr17	 94000000	 94800000	16
chr18	  1600000	  1150000	9
chr18	  3050000	  1700000	27
chr18	  6100000	  7250000	23
chr18	  9100000	 10100000	20
chr18	 10900000	 10350000	11
chr18	 16800000	 17200000	8
chr18	 17700000	 15950000	35
chr18	 18650000	 17850000	16
chr18	 19450000	 19900000	9
chr18	 21800000	 22900000	22
chr18	 23750000	 24250000	10
chr18	 25900000	 27350000	29
chr18	 27800000	 25850000	39
chr18	 30450000	 32250000	36
chr18	 31050000	 29950000	22
chr18	 32250000	 30400000	37
chr18	 33100000	 32000000	22
chr18	 34650000	 34000000	13
chr18	 38850000	 38300000	11
chr18	 40800000	 41550000	15
chr18	 43300000	 44600000	26
chr18	 45100000	 47350000	45
chr18	 47800000	 48350000	11
chr18	 50250000	 49250000	20
chr18	 51800000	 51450000	7
chr18	 52150000	 52350000	4
chr18	 55000000	 56500000	30
chr18	 57650000	 56450000	24
chr18	 58800000	 56650000	43
chr18	 64200000	 63450000	15
chr18	 70150000	 69200000	19
chr18	 70150000	 70600000	9
chr18	 72000000	 73500000	30
chr18	 72400000	 71050000	27
chr18	 74700000	 73900000	16
chr18	 74750000	 73650000	22
chr18	 77600000	 76250000	27
chr18	 80600000	 82300000	34
chr18	 82900000	 84650000	35
chr18	 84450000	 83650000	16
chr18	 85400000	 86400000	20
chr18	 85850000	 84950000	18
chr18	 88400000	 87250000	23
chr19	  4450000	  2000000	49
chr19	  8450000	  7100000	27
chr19	  8600000	 10300000	34
chr19	  9200000	 10050000	17
chr19	 10750000	  9900000	17
chr19	 11400000	 12850000	29
chr19	 12050000	 10850000	24
chr19	 14800000	 15500000	14
chr19	 17200000	 16350000	17
chr19	 17950000	 19300000	27
chr19	 18250000	 19250000	20
chr19	 20350000	 19400000	19
chr19	 21700000	 20050000	33
chr19	 22250000	 23150000	18
chr19	 25350000	 26950000	32
chr19	 26150000	 27900000	35
chr19	 28250000	 29200000	19
chr19	 29750000	 28700000	21
chr19	 32350000	 31350000	20
chr19	 32850000	 33400000	11
chr19	 33650000	 33350000	6
chr19	 34200000	 32350000	37
chr19	 36600000	 35350000	25
chr19	 41650000	 44450000	56
chr19	 42750000	 41600000	23
chr19	 44800000	 42500000	46
chr19	 45500000	 47250000	35
chr19	 45600000	 44450000	23
chr19	 49850000	 51250000	28
chr19	 60100000	 59050000	21
chr2	  4350000	  5850000	30
chr2	  7400000	  8200000	16
chr2	  8450000	 11950000	70
chr2	  9850000	  8850000	20
chr2	 11050000	 12250000	24
chr2	 17250000	 18950000	34
chr2	 18050000	 17000000	21
chr2	 19150000	 18700000	9
chr2	 21350000	 22850000	30
chr2	 21950000	 20750000	24
chr2	 26350000	 24750000	32
chr2	 29150000	 28100000	21
chr2	 30150000	 31050000	18
chr2	 30550000	 30100000	9
chr2	 31900000	 30650000	25
chr2	 36100000	 35700000	8
chr2	 36400000	 36700000	6
chr2	 36650000	 35700000	19
chr2	 37400000	 38100000	14
chr2	 37900000	 37200000	14
chr2	 39050000	 37800000	25
chr2	 39600000	 37150000	49
chr2	 39700000	 41150000	29
chr2	 44550000	 43550000	20
chr2	 45100000	 46100000	20
chr2	 47600000	 49750000	43
chr2	 47950000	 49100000	23
chr2	 48750000	 46150000	52
chr2	 49400000	 50400000	20
chr2	 50300000	 47800000	50
chr2	 50350000	 51450000	22
chr2	 54650000	 56150000	30
chr2	 59800000	 60750000	19
chr2	 64200000	 64950000	15
chr2	 66800000	 68500000	34
chr2	 68500000	 69450000	19
chr2	 69350000	 70050000	14
chr2	 70200000	 68500000	34
chr2	 72650000	 73800000	23
chr2	 74000000	 71650000	47
chr2	 77650000	 78450000	16
chr2	 77700000	 75450000	45
chr2	 77950000	 76650000	26
chr2	 79350000	 80350000	20
chr2	 81300000	 81300000	0
chr2	 82000000	 81200000	16
chr2	 82650000	 83950000	26
chr2	 83150000	 82550000	12
chr2	 83900000	 82700000	24
chr2	 83950000	 82800000	23
chr2	 85100000	 85350000	5
chr2	 88650000	 88100000	11
chr2	 90600000	 89250000	27
chr2	 93300000	 94550000	25
chr2	 95100000	 96650000	31
chr2	 95200000	 94500000	14
chr2	 96000000	 95550000	9
chr2	 96400000	 97100000	14
chr2	 98400000	 97800000	12
chr2	100150000	 99350000	16
chr2	104100000	103450000	13
chr2	106100000	107350000	25
chr2	106500000	107200000	14
chr2	109700000	110350000	13
chr2	111200000	112450000	25
chr2	117800000	118950000	23
chr2	119050000	120650000	32
chr2	120100000	121400000	26
chr2	121050000	121950000	18
chr2	121350000	120100000	25
chr2	124900000	125700000	16
chr2	125200000	126800000	32
chr2	130750000	131900000	23
chr2	131500000	132850000	27
chr2	134650000	135500000	17
chr2	138950000	140200000	25
chr2	140250000	141650000	28
chr2	140850000	139800000	21
chr2	141100000	139450000	33
chr2	143600000	142850000	15
chr2	143650000	142550000	22
chr2	144400000	144400000	0
chr2	145000000	143950000	21
chr2	148100000	147100000	20
chr2	149250000	148650000	12
chr2	150600000	152650000	41
chr2	152700000	153300000	12
chr2	156900000	158500000	32
chr2	157350000	156200000	23
chr2	160850000	160100000	15
chr2	161000000	162550000	31
chr2	163800000	164700000	18
chr2	166300000	164850000	29
chr2	168700000	168250000	9
chr2	170350000	170750000	8
chr2	171850000	172950000	22
chr2	172750000	174000000	25
chr2	173800000	171950000	37
chr2	174100000	174800000	14
chr2	174150000	173550000	12
chr2	174700000	174100000	12
chr2	176050000	173150000	58
chr3	  2500000	  4300000	36
chr3	  3150000	  2500000	13
chr3	  3200000	  4700000	30
chr3	  4800000	  5350000	11
chr3	  5150000	  7200000	41
chr3	  6000000	  6850000	17
chr3	  8850000	  9100000	5
chr3	 10650000	 11500000	17
chr3	 13200000	 13950000	15
chr3	 14350000	 13400000	19
chr3	 16450000	 17200000	15
chr3	 16500000	 15400000	22
chr3	 20100000	 20700000	12
chr3	 20650000	 22350000	34
chr3	 21350000	 21850000	10
chr3	 23900000	 23050000	17
chr3	 24000000	 25700000	34
chr3	 24150000	 25850000	34
chr3	 26150000	 25000000	23
chr3	 30750000	 32850000	42
chr3	 36150000	 37250000	22
chr3	 40900000	 42600000	34
chr3	 43450000	 42800000	13
chr3	 47400000	 48150000	15
chr3	 47500000	 50300000	56
chr3	 47800000	 48950000	23
chr3	 49350000	 47400000	39
chr3	 50300000	 51300000	20
chr3	 54600000	 53150000	29
chr3	 56250000	 54250000	40
chr3	 56700000	 57550000	17
chr3	 57400000	 58500000	22
chr3	 58500000	 56850000	33
chr3	 62850000	 60950000	38
chr3	 66750000	 65850000	18
chr3	 70900000	 71900000	20
chr3	 74150000	 75250000	22
chr3	 75300000	 74050000	25
chr3	 78650000	 77900000	15
chr3	 82200000	 83600000	28
chr3	 83400000	 82600000	16
chr3	 84650000	 85100000	9
chr3	 86250000	 86750000	10
chr3	 86850000	 83600000	65
chr3	 87550000	 85950000	32
chr3	 89250000	 87300000	39
chr3	 89950000	 90350000	8
chr3	 90850000	 91250000	8
chr3	 92100000	 91000000	22
chr3	103000000	101300000	34
chr3	103300000	105050000	35
chr3	104100000	104950000	17
chr3	108650000	110150000	30
chr3	109300000	108350000	19
chr3	109500000	110200000	14
chr3	109550000	111750000	44
chr3	109950000	111250000	26
chr3	112550000	112000000	11
chr3	112650000	114450000	36
chr3	113850000	115250000	28
chr3	114050000	112850000	24
chr3	115050000	114200000	17
chr3	115300000	115800000	10
chr3	115550000	114650000	18
chr3	117500000	118150000	13
chr3	118350000	117450000	18
chr3	122150000	123500000	27
chr3	123900000	124850000	19
chr3	124850000	126900000	41
chr3	125000000	125850000	17
chr3	126500000	126500000	0
chr3	126850000	127550000	14
chr3	128300000	127700000	12
chr3	129450000	131900000	49
chr3	129800000	130350000	11
chr3	134050000	132500000	31
chr3	134800000	135150000	7
chr3	135050000	136250000	24
chr3	137250000	137900000	13
chr3	137500000	136200000	26
chr3	138100000	138850000	15
chr3	139300000	138950000	7
chr3	139850000	140750000	18
chr3	147150000	151800000	93
chr3	148550000	147900000	13
chr3	149050000	149600000	11
chr3	149350000	151150000	36
chr3	149750000	153250000	70
chr3	153350000	153900000	11
chr3	154800000	157150000	47
chr3	155000000	154400000	12
chr3	155350000	156500000	23
chr3	156500000	155450000	21
chr3	156700000	155800000	18
chr3	159350000	158150000	24
chr4	  4200000	  3900000	6
chr4	  4400000	  3100000	26
chr4	 11850000	 11400000	9
chr4	 12500000	 11050000	29
chr4	 14250000	 12700000	31
chr4	 23500000	 24200000	14
chr4	 28350000	 30000000	33
chr4	 28850000	 29450000	12
chr4	 30100000	 30700000	12
chr4	 31350000	 30350000	20
chr4	 31400000	 33600000	44
chr4	 34000000	 34800000	16
chr4	 35200000	 34150000	21
chr4	 35200000	 36050000	17
chr4	 35250000	 36350000	22
chr4	 37150000	 37800000	13
chr4	 38100000	 36600000	30
chr4	 43200000	 44550000	27
chr4	 43600000	 44350000	15
chr4	 48850000	 49200000	7
chr4	 49550000	 50500000	19
chr4	 49650000	 48450000	24
chr4	 49700000	 50600000	18
chr4	 53400000	 50050000	67
chr4	 56400000	 53700000	54
chr4	 58300000	 57850000	9
chr4	 61200000	 61650000	9
chr4	 65550000	 66550000	20
chr4	 68250000	 66850000	28
chr4	 68550000	 69650000	22
chr4	 69400000	 70850000	29
chr4	 71500000	 72200000	14
chr4	 72400000	 74100000	34
chr4	 73200000	 71300000	38
chr4	 79100000	 79650000	11
chr4	 80500000	 80200000	6
chr4	 81100000	 80450000	13
chr4	 81400000	 80600000	16
chr4	 82350000	 81850000	10
chr4	 82950000	 81250000	34
chr4	 84500000	 87000000	50
chr4	 91700000	 90950000	15
chr4	 92950000	 93850000	18
chr4	 93000000	 91800000	24
chr4	 93500000	 90950000	51
chr4	 97750000	 95600000	43
chr4	 98450000	 97850000	12
chr4	102350000	101250000	22
chr4	102650000	102450000	4
chr4	107400000	108850000	29
chr4	107850000	108950000	22
chr4	111050000	112250000	24
chr4	112650000	112450000	4
chr4	113800000	114400000	12
chr4	114000000	114700000	14
chr4	114150000	112950000	24
chr4	116350000	115850000	10
chr4	117300000	118100000	16
chr4	119950000	121250000	26
chr4	121300000	122400000	22
chr4	122500000	121450000	21
chr4	123900000	124900000	20
chr4	124900000	124050000	17
chr4	126950000	125900000	21
chr4	130500000	128900000	32
chr4	131500000	131000000	10
chr4	134750000	133800000	19
chr4	137350000	136050000	26
chr4	137450000	138100000	13
chr4	137850000	136600000	25
chr4	139850000	140800000	19
chr4	141400000	138950000	49
chr4	142650000	141550000	22
chr4	143000000	143900000	18
chr4	145700000	146350000	13
chr4	146550000	148800000	45
chr4	146950000	146350000	12
chr4	148700000	149250000	11
chr4	150600000	147500000	62
chr4	156400000	155400000	20
chr5	  1800000	   900000	18
chr5	  5400000	  6150000	15
chr5	  5800000	  5350000	9
chr5	  6300000	  5950000	7
chr5	  6350000	  6950000	12
chr5	  7450000	  8150000	14
chr5	  9250000	  8700000	11
chr5	 10950000	  9650000	26
chr5	 13150000	 14150000	20
chr5	 16250000	 14000000	45
chr5	 17200000	 15550000	33
chr5	 18000000	 16000000	40
chr5	 18700000	 16900000	36
chr5	 18900000	 18100000	16
chr5	 21450000	 21050000	8
chr5	 22300000	 20200000	42
chr5	 32800000	 32150000	13
chr5	 40500000	 39750000	15
chr5	 42150000	 41000000	23
chr5	 44350000	 42450000	38
chr5	 47150000	 46600000	11
chr5	 47950000	 46900000	21
chr5	 48300000	 47850000	9
chr5	 48650000	 47500000	23
chr5	 49000000	 47950000	21
chr5	 49200000	 49600000	8
chr5	 50000000	 50350000	7
chr5	 50300000	 51850000	31
chr5	 52650000	 54350000	34
chr5	 53250000	 52450000	16
chr5	 59400000	 58700000	14
chr5	 60300000	 58650000	33
chr5	 65900000	 64600000	26
chr5	 71250000	 71850000	12
chr5	 73200000	 71700000	30
chr5	 74450000	 75400000	19
chr5	 74850000	 73850000	20
chr5	 75550000	 76550000	20
chr5	 75600000	 76000000	8
chr5	 77000000	 77800000	16
chr5	 79250000	 79950000	14
chr5	 81500000	 81900000	8
chr5	 83200000	 82650000	11
chr5	 83850000	 82750000	22
chr5	 84350000	 83300000	21
chr5	 85700000	 88300000	52
chr5	 86050000	 86550000	10
chr5	 87800000	 88900000	22
chr5	 90650000	 91500000	17
chr5	 90800000	 91750000	19
chr5	 92750000	 94050000	26
chr5	100800000	101500000	14
chr5	106650000	107400000	15
chr5	108050000	106150000	38
chr5	111350000	112300000	19
chr5	111400000	109700000	34
chr5	111650000	110050000	32
chr5	114500000	116100000	32
chr5	116650000	118000000	27
chr5	117450000	116050000	28
chr5	118050000	116050000	40
chr5	121550000	122050000	10
chr5	122950000	121900000	21
chr5	123500000	123850000	7
chr5	124450000	125100000	13
chr5	124500000	125050000	11
chr5	125500000	125000000	10
chr5	125800000	126900000	22
chr5	126200000	128200000	40
chr5	126650000	125950000	14
chr5	127900000	126450000	29
chr5	128500000	127100000	28
chr5	128900000	129450000	11
chr5	129500000	128200000	26
chr5	129500000	130850000	27
chr5	132850000	132000000	17
chr5	135700000	134300000	28
chr5	138350000	140100000	35
chr5	139100000	138800000	6
chr5	139400000	138200000	24
chr5	140050000	141450000	28
chr5	140550000	141850000	26
chr5	143750000	143200000	11
chr5	144200000	142950000	25
chr5	147150000	146600000	11
chr5	147250000	148600000	27
chr5	147250000	148800000	31
chr5	148950000	148600000	7
chr5	150050000	148900000	23
chr5	150050000	149700000	7
chr5	150200000	148650000	31
chr5	150250000	151500000	25
chr6	  4650000	  3800000	17
chr6	  6150000	  6800000	13
chr6	  8450000	  9000000	11
chr6	 14000000	 11050000	59
chr6	 19100000	 19650000	11
chr6	 20450000	 21100000	13
chr6	 23650000	 22400000	25
chr6	 24750000	 27150000	48
chr6	 26400000	 23450000	59
chr6	 30150000	 29500000	13
chr6	 32500000	 31250000	25
chr6	 35750000	 34900000	17
chr6	 38950000	 37950000	20
chr6	 41200000	 39850000	27
chr6	 42400000	 41250000	23
chr6	 48600000	 46850000	35
chr6	 49750000	 48300000	29
chr6	 53550000	 52600000	19
chr6	 54100000	 53400000	14
chr6	 58750000	 58250000	10
chr6	 64750000	 63550000	24
chr6	 65350000	 64450000	18
chr6	 66100000	 66800000	14
chr6	 66700000	 65900000	16
chr6	 67200000	 66700000	10
chr6	 67450000	 69550000	42
chr6	 68400000	 66500000	38
chr6	 71900000	 71500000	8
chr6	 81500000	 81950000	9
chr6	 81900000	 80450000	29
chr6	 81950000	 83250000	26
chr6	 82300000	 82750000	9
chr6	 83950000	 84750000	16
chr6	 83950000	 87000000	61
chr6	 86150000	 85350000	16
chr6	 87550000	 86450000	22
chr6	 87900000	 88600000	14
chr6	 88850000	 87150000	34
chr6	 92600000	 96200000	72
chr6	 96050000	 96400000	7
chr6	 97700000	 96300000	28
chr6	 99550000	 98400000	23
chr6	102600000	102150000	9
chr6	102650000	104800000	43
chr6	102950000	104100000	23
chr6	109150000	111200000	41
chr6	110300000	108450000	37
chr6	110450000	115000000	91
chr6	110500000	111550000	21
chr6	110700000	110050000	13
chr6	111800000	110200000	32
chr6	112550000	112850000	6
chr6	113100000	114250000	23
chr6	113400000	112600000	16
chr6	115000000	113700000	26
chr6	115800000	117350000	31
chr6	117100000	116300000	16
chr6	117250000	120000000	55
chr6	119650000	119950000	6
chr6	119700000	120850000	23
chr6	120250000	118950000	26
chr6	122350000	123750000	28
chr6	123500000	124750000	25
chr6	130450000	131800000	27
chr6	130500000	128650000	37
chr6	131850000	134150000	46
chr6	131950000	132800000	17
chr6	134750000	133900000	17
chr6	136050000	136650000	12
chr6	136850000	136450000	8
chr6	138600000	140250000	33
chr6	139000000	138750000	5
chr6	141600000	139750000	37
chr6	145300000	145550000	5
chr6	145600000	146300000	14
chr6	145850000	144550000	26
chr6	148500000	148800000	6
chr7	   450000	  2300000	37
chr7	  4700000	  3300000	28
chr7	  6850000	  9750000	58
chr7	  7200000	  6500000	14
chr7	  8150000	  9300000	23
chr7	 13300000	 11700000	32
chr7	 13850000	 12400000	29
chr7	 13950000	 14700000	15
chr7	 14400000	 10850000	71
chr7	 19600000	 20350000	15
chr7	 23750000	 23100000	13
chr7	 24550000	 26000000	29
chr7	 28000000	 29400000	28
chr7	 31500000	 30750000	15
chr7	 33700000	 33100000	12
chr7	 33750000	 32650000	22
chr7	 34050000	 32600000	29
chr7	 35150000	 34350000	16
chr7	 38100000	 37750000	7
chr7	 38150000	 38900000	15
chr7	 38400000	 37950000	9
chr7	 39050000	 39300000	5
chr7	 40450000	 41600000	23
chr7	 41050000	 40650000	8
chr7	 43200000	 42100000	22
chr7	 44550000	 43550000	20
chr7	 60700000	 61800000	22
chr7	 63850000	 64700000	17
chr7	 65300000	 64900000	8
chr7	 67800000	 67150000	13
chr7	 68100000	 69150000	21
chr7	 68950000	 68050000	18
chr7	 70500000	 71550000	21
chr7	 73500000	 72450000	21
chr7	 75850000	 77850000	40
chr7	 75900000	 75100000	16
chr7	 76000000	 75200000	16
chr7	 76300000	 76300000	0
chr7	 78100000	 77250000	17
chr7	 78100000	 80000000	38
chr7	 78150000	 79200000	21
chr7	 82650000	 81350000	26
chr7	 82750000	 83700000	19
chr7	 84750000	 84000000	15
chr7	 85650000	 82350000	66
chr7	 86800000	 88050000	25
chr7	 88950000	 89800000	17
chr7	 90800000	 88700000	42
chr7	 90950000	 93100000	43
chr7	 91200000	 89600000	32
chr7	 91450000	 91800000	7
chr7	 92100000	 92950000	17
chr7	 98400000	 97650000	15
chr7	102250000	100900000	27
chr7	104700000	103050000	33
chr7	105650000	106300000	13
chr7	105750000	105050000	14
chr7	106750000	105850000	18
chr7	107000000	106400000	12
chr7	107100000	105150000	39
chr7	110150000	111050000	18
chr7	111150000	112450000	26
chr7	111450000	113300000	37
chr7	113950000	114900000	19
chr7	116700000	117850000	23
chr7	117050000	115700000	27
chr7	118100000	116900000	24
chr7	118350000	116850000	30
chr7	119000000	117150000	37
chr7	128750000	129600000	17
chr7	130500000	131900000	28
chr7	132300000	133200000	18
chr7	138500000	140700000	44
chr7	139250000	138150000	22
chr7	143800000	142900000	18
chr8	  3900000	  4550000	13
chr8	  4200000	  5650000	29
chr8	 12700000	 11700000	20
chr8	 13100000	 10550000	51
chr8	 14850000	 15500000	13
chr8	 15700000	 15300000	8
chr8	 16800000	 17850000	21
chr8	 17150000	 16050000	22
chr8	 21650000	 22350000	14
chr8	 23650000	 25250000	32
chr8	 24600000	 25200000	12
chr8	 27100000	 28550000	29
chr8	 29350000	 28650000	14
chr8	 29400000	 30150000	15
chr8	 31400000	 32100000	14
chr8	 32850000	 32500000	7
chr8	 42800000	 42250000	11
chr8	 43300000	 43750000	9
chr8	 43800000	 45150000	27
chr8	 45800000	 46650000	17
chr8	 46550000	 45100000	29
chr8	 46750000	 45750000	20
chr8	 47600000	 48650000	21
chr8	 48100000	 48650000	11
chr8	 48350000	 47400000	19
chr8	 56250000	 55700000	11
chr8	 56900000	 56900000	0
chr8	 56900000	 57550000	13
chr8	 58250000	 59500000	25
chr8	 60250000	 62100000	37
chr8	 62100000	 63750000	33
chr8	 66150000	 65650000	10
chr8	 67850000	 68700000	17
chr8	 68800000	 67750000	21
chr8	 71750000	 71400000	7
chr8	 74850000	 74000000	17
chr8	 75550000	 74850000	14
chr8	 77900000	 76950000	19
chr8	 78050000	 77200000	17
chr8	 78750000	 76950000	36
chr8	 79150000	 80900000	35
chr8	 80350000	 79850000	10
chr8	 87400000	 87700000	6
chr8	 89700000	 88000000	34
chr8	 93800000	 92500000	26
chr8	 95100000	 95950000	17
chr8	 96000000	 95500000	10
chr8	 98000000	 98650000	13
chr8	 98900000	101000000	42
chr8	 99700000	 97850000	37
chr8	100450000	 98900000	31
chr8	101550000	100900000	13
chr8	102150000	102700000	11
chr8	107800000	109250000	29
chr8	109500000	107200000	46
chr8	113100000	112200000	18
chr8	114650000	116350000	34
chr8	114700000	115850000	23
chr8	116750000	117600000	17
chr8	117850000	118400000	11
chr8	123850000	124650000	16
chr9	  2900000	  1600000	26
chr9	  4050000	  6200000	43
chr9	  5500000	  8500000	60
chr9	  5900000	  6950000	21
chr9	  7400000	  9050000	33
chr9	 10450000	 11200000	15
chr9	 11900000	  9600000	46
chr9	 12100000	 12100000	0
chr9	 21300000	 20750000	11
chr9	 21450000	 20750000	14
chr9	 32750000	 34550000	36
chr9	 34700000	 35700000	20
chr9	 38250000	 39000000	15
chr9	 39100000	 37000000	42
chr9	 39950000	 40850000	18
chr9	 40300000	 41650000	27
chr9	 41200000	 39400000	36
chr9	 41500000	 42850000	27
chr9	 41500000	 44500000	60
chr9	 43050000	 44250000	24
chr9	 46550000	 47800000	25
chr9	 47300000	 49150000	37
chr9	 49000000	 49800000	16
chr9	 52600000	 53350000	15
chr9	 53900000	 52150000	35
chr9	 55550000	 57000000	29
chr9	 56800000	 56300000	10
chr9	 57200000	 56700000	10
chr9	 60950000	 62300000	27
chr9	 62500000	 64050000	31
chr9	 63950000	 65000000	21
chr9	 68950000	 71150000	44
chr9	 69100000	 67750000	27
chr9	 70000000	 69850000	3
chr9	 70900000	 69700000	24
chr9	 71900000	 72450000	11
chr9	 74600000	 75800000	24
chr9	 74850000	 76400000	31
chr9	 84350000	 82700000	33
chr9	 91700000	 91100000	12
chr9	 94700000	 96050000	27
chr9	 94900000	 94500000	8
chr9	 97750000	 98000000	5
chr9	100850000	 99650000	24
chr9	105500000	104550000	19
chr9	105600000	105350000	5
chr9	106600000	107100000	10
chr9	108400000	107900000	10
chr9	110800000	111800000	20
chr9	110900000	109250000	33
chr9	113200000	114800000	32
chr9	116050000	115450000	12
chr9	116200000	116500000	6
chr9	118550000	119150000	12
chr9	119800000	116600000	64
chr9	120000000	120600000	12
chr9	123750000	123300000	9
chrX	  3850000	  7200000	67
chrX	  4200000	  4700000	10
chrX	  5450000	  4800000	13
chrX	  8300000	 10000000	34
chrX	 10300000	  9450000	17
chrX	 12600000	 14650000	41
chrX	 13300000	 14050000	15
chrX	 13850000	 13000000	17
chrX	 19450000	 20000000	11
chrX	 20600000	 21750000	23
chrX	 22650000	 25150000	50
chrX	 23850000	 22000000	37
chrX	 27150000	 25850000	26
chrX	 27250000	 25850000	28
chrX	 30100000	 30100000	0
chrX	 33850000	 33500000	7
chrX	 34150000	 35450000	26
chrX	 34650000	 35750000	22
chrX	 35250000	 32850000	48
chrX	 38100000	 37250000	17
chrX	 39000000	 39550000	11
chrX	 44350000	 45800000	29
chrX	 44900000	 46750000	37
chrX	 45050000	 47000000	39
chrX	 49850000	 48650000	24
chrX	 49850000	 49350000	10
chrX	 50500000	 52200000	34
chrX	 51000000	 54400000	68
chrX	 52050000	 52550000	10
chrX	 52450000	 53600000	23
chrX	 53150000	 54250000	22
chrX	 58350000	 57950000	8
chrX	 60800000	 59400000	28
chrX	 62850000	 63650000	16
chrX	 67650000	 66250000	28
chrX	 69150000	 69550000	8
chrX	 76000000	 74650000	27
chrX	 76100000	 74800000	26
chrX	 76950000	 77250000	6
chrX	 77050000	 77700000	13
chrX	 78500000	 79500000	20
chrX	 78800000	 80550000	35
chrX	 83900000	 83400000	10
chrX	 88200000	 87400000	16
chrX	 95050000	 94150000	18
chrX	 95700000	 97100000	28
chrX	 99050000	101550000	50
chrX	 99200000	 97150000	41
chrX	103250000	102150000	22
chrX	103950000	102200000	35
chrX	104900000	103700000	24
chrX	106650000	104600000	41
chrX	106750000	108450000	34
chrX	107700000	108450000	15
chrX	115200000	114650000	11
chrX	118650000	119600000	19
chrX	120400000	121150000	15
chrX	121450000	120050000	28
chrX	121950000	120650000	26
chrX	123600000	122800000	16
chrX	124250000	121400000	57
chrX	124600000	125250000	13
chrX	125650000	124400000	25
chrX	132650000	130900000	35
chrX	132800000	134050000	25
chrX	135250000	135700000	9
chrX	139450000	138550000	18
chrX	140800000	141200000	8
chrX	143650000	144150000	10
chrX	143750000	141800000	39
chrX	144100000	142600000	30
chrX	149150000	148700000	9
chrX	149650000	148100000	31
chrX	150600000	147850000	55
chrX	151700000	150650000	21
chrX	154800000	156250000	29
chrX	156700000	157450000	15
chrX	157150000	156300000	17
chrX	162000000	163450000	29
chrX	162700000	167300000	92
chrX	170450000	169550000	18
chrY	  1050000	    50000	20
chrY	  4750000	  5950000	24
chrY	 11300000	 12450000	23
chrY	 12200000	 13600000	28
chrY	 13800000	 12200000	32
chrY	 14300000	 11650000	53
chrY	 15200000	 16000000	16
chrY	 16350000	 15550000	16
chrY	 21450000	 22250000	16
chrY	 22750000	 22000000	15
chrY	 25500000	 24800000	14
chrY	 25850000	 26900000	21
chrY	 25950000	 27500000	31
chrY	 26900000	 27300000	8
chrY	 27950000	 26700000	25
chrY	 28850000	 30500000	33
chrY	 29700000	 26900000	56
chrY	 30000000	 30800000	16
chrY	 31550000	 33050000	30
chrY	 33250000	 34750000	30
chrY	 36550000	 35750000	16
chrY	 40600000	 39750000	17
chrY	 42600000	 42800000	4
chrY	 44050000	 42850000	24
chrY	 44050000	 43450000	12
chrY	 45200000	 46400000	24
chrY	 46100000	 47050000	19
chrY	 48500000	 49300000	16
chrY	 50100000	 52050000	39
chrY	 52950000	 54900000	39
chrY	 54500000	 53650000	17
chrY	 55450000	 56850000	28
chrY	 57550000	 59600000	41
chrY	 59750000	 59000000	15
chrY	 65800000	 65250000	11
chrY	 67650000	 66400000	25
chrY	 68500000	 70100000	32
chrY	 72000000	 71300000	14
chrY	 74750000	 75600000	17
chrY	 75100000	 73850000	25
chrY	 87550000	 87100000	9
chrY	 87950000	 90650000	54
chrY	 88850000	 89850000	20
chrY	 89650000	 90650000	20
