chr1	   850000	  1400000	11
chr1	  1550000	   100000	29
chr1	  4950000	  4350000	12
chr1	  6800000	  5500000	26
chr1	  8900000	  7650000	25
chr1	 13500000	 13150000	7
chr1	 14300000	 12050000	45
chr1	 22700000	 21250000	29
chr1	 26150000	 26900000	15
chr1	 26650000	 27700000	21
chr1	 27800000	 31300000	70
chr1	 29750000	 29100000	13
chr1	 39350000	 40300000	19
chr1	 39600000	 41800000	44
chr1	 41900000	 42650000	15
chr1	 42250000	 41000000	25
chr1	 46150000	 45000000	23
chr1	 49100000	 47150000	39
chr1	 54750000	 54250000	10
chr1	 56350000	 55750000	12
chr1	 57700000	 58800000	22
chr1	 59100000	 57400000	34
chr1	 59300000	 59900000	12
chr1	 65450000	 66600000	23
chr1	 68450000	 68250000	4
chr1	 69400000	 70400000	20
chr1	 73900000	 72850000	21
chr1	 74450000	 75800000	27
chr1	 74950000	 76550000	32
chr1	 79750000	 80000000	5
chr1	 83300000	 82550000	15
chr1	 86000000	 86850000	17
chr1	 88950000	 87150000	36
chr1	 89200000	 90050000	17
chr1	 89400000	 86950000	49
chr1	 89600000	 90500000	18
chr1	 89900000	 90350000	9
chr1	 90000000	 91900000	38
chr1	 91200000	 92850000	33
chr1	 94900000	 96050000	23
chr1	 97050000	 95100000	39
chr1	 97450000	 98200000	15
chr1	 99000000	 99650000	13
chr1	101200000	100500000	14
chr1	103650000	105450000	36
chr1	108400000	109400000	20
chr1	108600000	109100000	10
chr1	111000000	112150000	23
chr1	113700000	112950000	15
chr1	114500000	115500000	20
chr1	114550000	113850000	14
chr1	117250000	118900000	33
chr1	118650000	120400000	35
chr1	120700000	122000000	26
chr1	123200000	123800000	12
chr1	123400000	123900000	10
chr1	124550000	125100000	11
chr1	128150000	126200000	39
chr1	131400000	130700000	14
chr1	134900000	135350000	9
chr1	135700000	135250000	9
chr1	139450000	140350000	18
chr1	143350000	143900000	11
chr1	149300000	150050000	15
chr1	152800000	155150000	47
chr1	152900000	153150000	5
chr1	154150000	155650000	30
chr1	157200000	157950000	15
chr1	160150000	162500000	47
chr1	165600000	166550000	19
chr1	167300000	167950000	13
chr1	172000000	171150000	17
chr1	172000000	173500000	30
chr1	172900000	175000000	42
chr1	175900000	173900000	40
chr1	176900000	175700000	24
chr1	185700000	186400000	14
chr1	186100000	182900000	64
chr1	187650000	189650000	40
chr1	188550000	187350000	24
chr1	190700000	187300000	68
chr1	191100000	190050000	21
chr1	193250000	192750000	10
chr10	   750000	  2150000	28
chr10	  1750000	  2700000	19
chr10	  2550000	  3350000	16
chr10	  3500000	  2350000	23
chr10	  5300000	  4050000	25
chr10	  7150000	  5750000	28
chr10	 10050000	  8650000	28
chr10	 10200000	 10600000	8
chr10	 13050000	 13650000	12
chr10	 18900000	 17550000	27
chr10	 19050000	 18300000	15
chr10	 20100000	 19550000	11
chr10	 24450000	 25200000	15
chr10	 25850000	 24600000	25
chr10	 30200000	 29200000	20
chr10	 36000000	 35300000	14
chr10	 36250000	 35450000	16
chr10	 38250000	 40100000	37
chr10	 39100000	 40500000	28
chr10	 39250000	 38200000	21
chr10	 40600000	 39400000	24
chr10	 41050000	 40050000	20
chr10	 43850000	 44200000	7
chr10	 49400000	 50600000	24
chr10	 50950000	 49050000	38
chr10	 51650000	 51250000	8
chr10	 53150000	 54100000	19
chr10	 53650000	 54850000	24
chr10	 55150000	 56050000	18
chr10	 55200000	 52700000	50
chr10	 55300000	 53850000	29
chr10	 56350000	 54300000	41
chr10	 57100000	 58150000	21
chr10	 57150000	 57900000	15
chr10	 59150000	 58450000	14
chr10	 61800000	 63200000	28
chr10	 64850000	 65700000	17
chr10	 66150000	 68750000	52
chr10	 67200000	 68700000	30
chr10	 73500000	 74400000	18
chr10	 74900000	 75650000	15
chr10	 75100000	 74250000	17
chr10	 75600000	 75100000	10
chr10	 76700000	 78000000	26
chr10	 80100000	 79100000	20
chr10	 82900000	 83800000	18
chr10	 82950000	 83400000	9
chr10	 83050000	 83700000	13
chr10	 83150000	 82550000	12
chr10	 83850000	 81700000	43
chr10	 85650000	 84550000	22
chr10	 89050000	 89450000	8
chr10	 89300000	 89900000	12
chr10	 91700000	 90800000	18
chr10	 96900000	 97900000	20
chr10	 99050000	 98500000	11
chr10	 99450000	 98950000	10
chr10	100350000	100900000	11
chr10	103550000	105300000	35
chr10	104750000	105150000	8
chr10	108950000	108050000	18
chr10	109000000	107100000	38
chr10	109850000	107650000	44
chr10	109850000	109550000	6
chr10	113300000	113650000	7
chr10	116050000	115500000	11
chr10	118450000	119450000	20
chr10	119150000	119950000	16
chr10	119300000	119950000	13
chr10	120350000	120350000	0
chr10	125400000	127650000	45
chr10	125450000	127050000	32
chr10	127000000	127650000	13
chr10	127200000	127650000	9
chr10	128800000	128150000	13
chr10	129050000	127200000	37
chr11	  5000000	  1850000	63
chr11	  9600000	  7800000	36
chr11	 12150000	 12800000	13
chr11	 17500000	 21200000	74
chr11	 20250000	 18950000	26
chr11	 22200000	 20450000	35
chr11	 24100000	 26350000	45
chr11	 25750000	 22800000	59
chr11	 30450000	 32600000	43
chr11	 33550000	 34900000	27
chr11	 33700000	 35900000	44
chr11	 34300000	 35400000	22
chr11	 34500000	 35900000	28
chr11	 36600000	 37300000	14
chr11	 37250000	 36200000	21
chr11	 39950000	 39200000	15
chr11	 41900000	 41300000	12
chr11	 43650000	 43100000	11
chr11	 47400000	 45200000	44
chr11	 47900000	 50350000	49
chr11	 49050000	 49850000	16
chr11	 50600000	 48500000	42
chr11	 51650000	 52150000	10
chr11	 53250000	 52400000	17
chr11	 55400000	 56600000	24
chr11	 58700000	 58450000	5
chr11	 60450000	 59650000	16
chr11	 63700000	 64450000	15
chr11	 64850000	 65900000	21
chr11	 65500000	 66000000	10
chr11	 67800000	 66800000	20
chr11	 69050000	 69300000	5
chr11	 70750000	 71750000	20
chr11	 71800000	 72350000	11
chr11	 74100000	 73200000	18
chr11	 74200000	 74800000	12
chr11	 75300000	 75850000	11
chr11	 75500000	 77050000	31
chr11	 75700000	 74300000	28
chr11	 75800000	 74650000	23
chr11	 77000000	 78150000	23
chr11	 77450000	 76900000	11
chr11	 77550000	 76500000	21
chr11	 79150000	 77600000	31
chr11	 82500000	 81800000	14
chr11	 85850000	 84400000	29
chr11	 86600000	 84800000	36
chr11	 89000000	 86900000	42
chr11	 91450000	 91050000	8
chr11	 93250000	 94950000	34
chr11	 94200000	 93900000	6
chr11	 95850000	 96600000	15
chr11	 97100000	 97850000	15
chr11	 99600000	100950000	27
chr11	100850000	100400000	9
chr11	102850000	102000000	17
chr11	104600000	103400000	24
chr11	105000000	103550000	29
chr11	105950000	106450000	10
chr11	107050000	106450000	12
chr11	108350000	108750000	8
chr11	111750000	111100000	13
chr11	114750000	112600000	43
chr11	115100000	114350000	15
chr11	115900000	114850000	21
chr11	116500000	116150000	7
chr11	117700000	117150000	11
chr11	118700000	117200000	30
chr12	   700000	  1000000	6
chr12	  1800000	   500000	26
chr12	  4950000	  5400000	9
chr12	  9250000	  8500000	15
chr12	 10200000	  9650000	11
chr12	 11000000	 11250000	5
chr12	 13250000	 12050000	24
chr12	 14700000	 12000000	54
chr12	 15500000	 14350000	23
chr12	 15750000	 14650000	22
chr12	 17850000	 15450000	48
chr12	 21550000	 22450000	18
chr12	 23600000	 22550000	21
chr12	 24850000	 25950000	22
chr12	 26800000	 25150000	33
chr12	 29750000	 28600000	23
chr12	 31500000	 30700000	16
chr12	 32150000	 31000000	23
chr12	 32250000	 31000000	25
chr12	 34250000	 33000000	25
chr12	 35100000	 35500000	8
chr12	 35900000	 36900000	20
chr12	 38400000	 39300000	18
chr12	 38750000	 40500000	35
chr12	 40200000	 38100000	42
chr12	 44550000	 42500000	41
chr12	 47950000	 48750000	16
chr12	 52800000	 50400000	48
chr12	 53200000	 54700000	30
chr12	 53450000	 54900000	29
chr12	 56550000	 59100000	51
chr12	 59450000	 60450000	20
chr12	 62850000	 61500000	27
chr12	 63850000	 67200000	67
chr12	 74100000	 72400000	34
chr12	 74250000	 72850000	28
chr12	 78050000	 76700000	27
chr12	 78200000	 77000000	24
chr12	 78200000	 79950000	35
chr12	 81050000	 82100000	21
chr12	 81950000	 82450000	10
chr12	 83650000	 82750000	18
chr12	 85850000	 86800000	19
chr12	 86100000	 83700000	48
chr12	 86150000	 85500000	13
chr12	 89400000	 91150000	35
chr12	 89950000	 88500000	29
chr12	 93000000	 93300000	6
chr12	 94450000	 98000000	71
chr12	 95000000	 96500000	30
chr12	 96150000	 95550000	12
chr12	 98150000	 97750000	8
chr12	100100000	102300000	44
chr12	103100000	101500000	32
chr12	103750000	102750000	20
chr12	112050000	110900000	23
chr12	115850000	116600000	15
chr12	116250000	117850000	32
chr12	116350000	115000000	27
chr12	116800000	118250000	29
chr12	117000000	115700000	26
chr12	118250000	117500000	15
chr12	118500000	113900000	92
chr12	119750000	118450000	26
chr13	 15250000	 14500000	15
chr13	 15900000	 13800000	42
chr13	 19050000	 19850000	16
chr13	 20700000	 22200000	30
chr13	 20750000	 20100000	13
chr13	 21700000	 23100000	28
chr13	 21900000	 20050000	37
chr13	 22100000	 20300000	36
chr13	 23850000	 20600000	65
chr13	 28950000	 27050000	38
chr13	 30900000	 31350000	9
chr13	 31950000	 33200000	25
chr13	 38550000	 38250000	6
chr13	 38850000	 38500000	7
chr13	 41700000	 40650000	21
chr13	 41850000	 43000000	23
chr13	 45000000	 46350000	27
chr13	 51650000	 50050000	32
chr13	 52550000	 53350000	16
chr13	 53250000	 52650000	12
chr13	 54150000	 55200000	21
chr13	 57750000	 57300000	9
chr13	 59000000	 60550000	31
chr13	 59600000	 60700000	22
chr13	 61450000	 60850000	12
chr13	 62250000	 62250000	0
chr13	 62950000	 63900000	19
chr13	 65000000	 65700000	14
chr13	 67650000	 67950000	6
chr13	 68600000	 69850000	25
chr13	 69050000	 68450000	12
chr13	 69600000	 69100000	10
chr13	 73850000	 75100000	25
chr13	 83200000	 82800000	8
chr13	 84000000	 83100000	18
chr13	 85700000	 86300000	12
chr13	 86800000	 84200000	52
chr13	 91550000	 92750000	24
chr13	 92150000	 92700000	11
chr13	 94050000	 95350000	26
chr13	 97100000	 96100000	20
chr13	 97800000	 96300000	30
chr13	 97950000	 96450000	30
chr13	 98100000	 97000000	22
chr13	 99650000	101100000	29
chr13	102150000	101450000	14
chr13	102300000	101950000	7
chr13	102900000	100750000	43
chr13	103850000	103550000	6
chr13	104800000	104200000	12
chr13	107050000	108800000	35
chr13	109400000	109850000	9
chr13	112900000	112250000	13
chr13	114950000	116800000	37
chr13	117100000	114650000	49
chr14	  3200000	  3700000	10
chr14	  5400000	  3600000	36
chr14	  5950000	  6900000	19
chr14	  6150000	  6950000	16
chr14	  7550000	  6550000	20
chr14	  7800000	  8550000	15
chr14	 18850000	 19850000	20
chr14	 19750000	 18500000	25
chr14	 20700000	 22000000	26
chr14	 21800000	 20750000	21
chr14	 24000000	 24400000	8
chr14	 32300000	 31600000	14
chr14	 33500000	 32650000	17
chr14	 35650000	 34450000	24
chr14	 37150000	 36300000	17
chr14	 39350000	 40100000	15
chr14	 41450000	 39750000	34
chr14	 43900000	 41350000	51
chr14	 51750000	 52200000	9
chr14	 53750000	 52300000	29
chr14	 54050000	 50750000	66
chr14	 55750000	 56350000	12
chr14	 57300000	 56150000	23
chr14	 58150000	 57300000	17
chr14	 58450000	 59150000	14
chr14	 58550000	 57450000	22
chr14	 58600000	 59350000	15
chr14	 61050000	 59150000	38
chr14	 61900000	 60850000	21
chr14	 62400000	 61750000	13
chr14	 63800000	 62950000	17
chr14	 66900000	 66350000	11
chr14	 67200000	 65850000	27
chr14	 67700000	 66900000	16
chr14	 68200000	 66700000	30
chr14	 68250000	 67350000	18
chr14	 75900000	 73700000	44
chr14	 76100000	 75150000	19
chr14	 79800000	 79200000	12
chr14	 80100000	 80900000	16
chr14	 80350000	 78450000	38
chr14	 82600000	 81850000	15
chr14	 83250000	 81550000	34
chr14	 83450000	 81650000	36
chr14	 84150000	 83350000	16
chr14	 88000000	 89600000	32
chr14	 95500000	 94700000	16
chr14	 95800000	 96450000	13
chr14	 97850000	 98350000	10
chr14	 98200000	 99150000	19
chr14	 98300000	 97550000	15
chr14	100700000	101350000	13
chr14	101550000	100450000	22
chr14	103550000	102550000	20
chr14	108350000	107050000	26
chr14	109700000	110800000	22
chr14	118900000	117900000	20
chr14	119800000	118850000	19
chr14	121750000	120100000	33
chr14	122400000	121250000	23
chr15	  1300000	  2150000	17
chr15	  4400000	  6150000	35
chr15	  6000000	  4550000	29
chr15	  8150000	  8650000	10
chr15	  8850000	  7500000	27
chr15	  9450000	 10750000	26
chr15	 10750000	  8050000	54
chr15	 13150000	 16150000	60
chr15	 21400000	 23850000	49
chr15	 22000000	 20150000	37
chr15	 22650000	 23650000	20
chr15	 23150000	 22800000	7
chr15	 25600000	 23800000	36
chr15	 28700000	 29700000	20
chr15	 28950000	 29800000	17
chr15	 30050000	 29400000	13
chr15	 33900000	 32700000	24
chr15	 37950000	 37300000	13
chr15	 39750000	 38300000	29
chr15	 42450000	 42650000	4
chr15	 42650000	 42050000	12
chr15	 44900000	 44050000	17
chr15	 45050000	 47050000	40
chr15	 47000000	 47750000	15
chr15	 47200000	 48450000	25
chr15	 47300000	 46700000	12
chr15	 48600000	 48800000	4
chr15	 49750000	 48300000	29
chr15	 55000000	 56550000	31
chr15	 55100000	 54400000	14
chr15	 55800000	 60450000	93
chr15	 56450000	 54700000	35
chr15	 58550000	 58050000	10
chr15	 58750000	 58050000	14
chr15	 59450000	 61700000	45
chr15	 59500000	 60450000	19
chr15	 61700000	 60750000	19
chr15	 63050000	 65550000	50
chr15	 63900000	 63900000	0
chr15	 64900000	 65650000	15
chr15	 70050000	 68600000	29
chr15	 70800000	 70050000	15
chr15	 71900000	 72300000	8
chr15	 75800000	 78600000	56
chr15	 76600000	 77700000	22
chr15	 77700000	 75300000	48
chr15	 89150000	 87850000	26
chr15	 96100000	 97250000	23
chr15	 96650000	 97900000	25
chr15	 97550000	 98700000	23
chr15	 98100000	 98650000	11
chr15	 98600000	 96800000	36
chr15	 98650000	 99350000	14
chr15	 99500000	101100000	32
chr15	100350000	100850000	10
chr15	100650000	101600000	19
chr15	103300000	102950000	7
chr16	  1500000	  2200000	14
chr16	  1600000	  2900000	26
chr16	  3750000	  4700000	19
chr16	  5500000	  5850000	7
chr16	  6250000	  7100000	17
chr16	  6700000	  4500000	44
chr16	  7000000	  8050000	21
chr16	  8250000	  9650000	28
chr16	  8450000	  8950000	10
chr16	 10800000	 13300000	50
chr16	 13800000	 15850000	41
chr16	 17350000	 16800000	11
chr16	 18850000	 19500000	13
chr16	 19600000	 19200000	8
chr16	 19900000	 21600000	34
chr16	 20550000	 22500000	39
chr16	 22350000	 23450000	22
chr16	 23050000	 21450000	32
chr16	 24550000	 24050000	10
chr16	 24800000	 25550000	15
chr16	 25450000	 26150000	14
chr16	 26500000	 29250000	55
chr16	 31550000	 32850000	26
chr16	 35200000	 34350000	17
chr16	 36550000	 36000000	11
chr16	 37800000	 36500000	26
chr16	 40700000	 42450000	35
chr16	 40750000	 43450000	54
chr16	 41000000	 42000000	20
chr16	 45250000	 44100000	23
chr16	 47500000	 49500000	40
chr16	 48600000	 47350000	25
chr16	 53300000	 54200000	18
chr16	 53850000	 53300000	11
chr16	 54000000	 55200000	24
chr16	 54450000	 53750000	14
chr16	 58050000	 58300000	5
chr16	 58150000	 57100000	21
chr16	 59600000	 58000000	32
chr16	 61250000	 63050000	36
chr16	 61600000	 62250000	13
chr16	 61850000	 63700000	37
chr16	 63800000	 64450000	13
chr16	 67600000	 67000000	12
chr16	 73100000	 72450000	13
chr16	 75000000	 75900000	18
chr16	 77500000	 76900000	12
chr16	 79450000	 79000000	9
chr16	 81000000	 81850000	17
chr16	 81200000	 83300000	42
chr16	 83150000	 86000000	57
chr16	 83750000	 84600000	17
chr16	 85050000	 85900000	17
chr16	 85250000	 86150000	18
chr16	 86600000	 86600000	0
chr16	 89400000	 87300000	42
chr17	  1100000	   250000	17
chr17	  1950000	   750000	24
chr17	  2600000	  1700000	18
chr17	  4200000	  5050000	17
chr17	  7350000	  5550000	36
chr17	  7750000	  6550000	24
chr17	  7900000	  8500000	12
chr17	 13050000	 11400000	33
chr17	 13100000	 12500000	12
chr17	 13750000	 13050000	14
chr17	 16000000	 16400000	8
chr17	 17600000	 16250000	27
chr17	 22750000	 24300000	31
chr17	 31200000	 32250000	21
chr17	 35750000	 34150000	32
chr17	 36200000	 37650000	29
chr17	 38250000	 37050000	24
chr17	 40400000	 39600000	16
chr17	 41650000	 40700000	19
chr17	 45150000	 46600000	29
chr17	 46550000	 48400000	37
chr17	 48300000	 49100000	16
chr17	 49350000	 50650000	26
chr17	 49900000	 48350000	31
chr17	 53450000	 54400000	19
chr17	 55550000	 57000000	29
chr17	 55650000	 54850000	16
chr17	 55650000	 55200000	9
chr17	 58300000	 58750000	9
chr17	 59850000	 58650000	24
chr17	 66250000	 65500000	15
chr17	 67950000	 69800000	37
chr17	 70250000	 71050000	16
chr17	 75350000	 75000000	7
chr17	 78100000	 79350000	25
chr17	 80000000	 78600000	28
chr17	 80600000	 79600000	20
chr17	 81250000	 82400000	23
chr17	 83450000	 83850000	8
chr17	 87750000	 89150000	28
chr17	 91550000	 90550000	20
chr17	 93950000	 92200000	35
chr18	  1600000	   750000	17
chr18	  1950000	  1000000	19
chr18	  3300000	  4300000	20
chr18	  3950000	  4900000	19
chr18	  4100000	  3300000	16
chr18	  4800000	  5600000	16
chr18	  6800000	  6200000	12
chr18	 13700000	 15350000	33
chr18	 21150000	 20000000	23
chr18	 22800000	 23450000	13
chr18	 25850000	 25100000	15
chr18	 26800000	 28600000	36
chr18	 28350000	 27900000	9
chr18	 31000000	 29650000	27
chr18	 31400000	 29600000	36
chr18	 32800000	 33550000	15
chr18	 33450000	 34650000	24
chr18	 36700000	 38050000	27
chr18	 36950000	 34450000	50
chr18	 37400000	 36650000	15
chr18	 40000000	 40700000	14
chr18	 41900000	 43950000	41
chr18	 42300000	 43200000	18
chr18	 45250000	 44800000	9
chr18	 47100000	 47800000	14
chr18	 51500000	 52450000	19
chr18	 53900000	 53600000	6
chr18	 55200000	 54800000	8
chr18	 59250000	 58400000	17
chr18	 60700000	 58400000	46
chr18	 61050000	 62750000	34
chr18	 61300000	 62350000	21
chr18	 67550000	 67200000	7
chr18	 67550000	 68800000	25
chr18	 69050000	 68100000	19
chr18	 69300000	 71000000	34
chr18	 73950000	 74350000	8
chr18	 75100000	 76250000	23
chr18	 76900000	 77550000	13
chr18	 79100000	 78550000	11
chr18	 80000000	 81250000	25
chr18	 82350000	 83750000	28
chr18	 82950000	 81750000	24
chr18	 86950000	 88200000	25
chr18	 87050000	 86050000	20
chr18	 89650000	 88000000	33
chr18	 90700000	 88650000	41
chr19	  2900000	  1950000	19
chr19	  8850000	 10750000	38
chr19	 12800000	 12050000	15
chr19	 15600000	 14600000	20
chr19	 15700000	 14700000	20
chr19	 15700000	 14950000	15
chr19	 16650000	 15600000	21
chr19	 17700000	 19050000	27
chr19	 22050000	 23350000	26
chr19	 25600000	 26150000	11
chr19	 25600000	 27350000	35
chr19	 26350000	 27050000	14
chr19	 27450000	 26100000	27
chr19	 29200000	 28600000	12
chr19	 29400000	 28000000	28
chr19	 31150000	 32250000	22
chr19	 35050000	 35050000	0
chr19	 36050000	 34000000	41
chr19	 37150000	 37950000	16
chr19	 37750000	 36900000	17
chr19	 39300000	 38250000	21
chr19	 43100000	 44300000	24
chr19	 44400000	 43800000	12
chr19	 44850000	 45400000	11
chr19	 45400000	 45750000	7
chr19	 45950000	 46350000	8
chr19	 46900000	 46350000	11
chr19	 48300000	 44950000	67
chr19	 51400000	 50550000	17
chr19	 52800000	 53500000	14
chr19	 52900000	 53500000	12
chr19	 54350000	 52000000	47
chr19	 55600000	 57000000	28
chr19	 59050000	 59550000	10
chr2	  3150000	  4850000	34
chr2	  4400000	  6350000	39
chr2	  5400000	  3450000	39
chr2	  7050000	  8400000	27
chr2	  8500000	  9550000	21
chr2	 10800000	 11850000	21
chr2	 10950000	 11750000	16
chr2	 11500000	 10150000	27
chr2	 12600000	 11300000	26
chr2	 16050000	 15550000	10
chr2	 21750000	 21150000	12
chr2	 23150000	 22150000	20
chr2	 27700000	 29150000	29
chr2	 28550000	 29950000	28
chr2	 30150000	 31050000	18
chr2	 32450000	 31500000	19
chr2	 34950000	 34200000	15
chr2	 35100000	 35400000	6
chr2	 36100000	 35300000	16
chr2	 37250000	 38350000	22
chr2	 43850000	 45300000	29
chr2	 45200000	 44600000	12
chr2	 45900000	 47200000	26
chr2	 47750000	 46750000	20
chr2	 51250000	 52200000	19
chr2	 52300000	 52750000	9
chr2	 60350000	 62000000	33
chr2	 64800000	 64500000	6
chr2	 65000000	 66100000	22
chr2	 66850000	 66650000	4
chr2	 67300000	 67100000	4
chr2	 67550000	 66850000	14
chr2	 68550000	 67850000	14
chr2	 76600000	 77100000	10
chr2	 76900000	 75700000	24
chr2	 78350000	 80350000	40
chr2	 79250000	 77200000	41
chr2	 80550000	 80100000	9
chr2	 81350000	 82600000	25
chr2	 86250000	 85150000	22
chr2	 87500000	 90000000	50
chr2	 87850000	 89100000	25
chr2	 90100000	 89350000	15
chr2	 90950000	 90150000	16
chr2	 92600000	 91900000	14
chr2	 92900000	 93950000	21
chr2	 93600000	 92950000	13
chr2	 94000000	 95150000	23
chr2	 94150000	 93100000	21
chr2	 95850000	 94750000	22
chr2	 97550000	 96650000	18
chr2	101900000	101200000	14
chr2	102350000	104300000	39
chr2	104650000	104100000	11
chr2	104950000	103850000	22
chr2	105400000	104600000	16
chr2	105800000	106500000	14
chr2	105850000	103500000	47
chr2	106700000	107800000	22
chr2	107100000	106500000	12
chr2	109600000	110600000	20
chr2	111700000	111100000	12
chr2	112100000	110450000	33
chr2	114250000	113450000	16
chr2	123500000	122500000	20
chr2	124000000	125100000	22
chr2	128450000	128150000	6
chr2	128900000	129300000	8
chr2	129600000	128200000	28
chr2	130750000	131900000	23
chr2	138250000	136750000	30
chr2	138400000	136900000	30
chr2	145450000	146300000	17
chr2	149800000	149300000	10
chr2	149900000	150400000	10
chr2	153350000	154500000	23
chr2	155150000	157100000	39
chr2	156650000	154800000	37
chr2	158650000	158100000	11
chr2	159150000	157750000	28
chr2	159400000	162150000	55
chr2	161350000	161950000	12
chr2	161900000	159650000	45
chr2	166800000	165350000	29
chr2	167850000	165900000	39
chr2	169800000	168600000	24
chr2	169900000	168800000	22
chr2	171350000	170000000	27
chr2	172500000	171800000	14
chr2	174200000	177000000	56
chr2	174250000	174950000	14
chr2	176250000	175350000	18
chr2	176600000	177350000	15
chr2	177000000	175800000	24
chr2	181550000	179300000	45
chr3	  2300000	  1600000	14
chr3	  2650000	   650000	40
chr3	  3400000	  4000000	12
chr3	  6550000	  5900000	13
chr3	  9550000	  7800000	35
chr3	  9900000	 10950000	21
chr3	 14250000	 13150000	22
chr3	 14650000	 13050000	32
chr3	 15500000	 14350000	23
chr3	 17000000	 18400000	28
chr3	 19700000	 18550000	23
chr3	 19950000	 18700000	25
chr3	 23300000	 24750000	29
chr3	 24000000	 24850000	17
chr3	 24450000	 26250000	36
chr3	 29900000	 28150000	35
chr3	 31300000	 29550000	35
chr3	 35850000	 36250000	8
chr3	 36500000	 35850000	13
chr3	 36900000	 37800000	18
chr3	 36950000	 37600000	13
chr3	 37750000	 36300000	29
chr3	 39550000	 38550000	20
chr3	 48050000	 46900000	23
chr3	 51600000	 50950000	13
chr3	 52450000	 52150000	6
chr3	 53350000	 53650000	6
chr3	 54600000	 56100000	30
chr3	 56000000	 56500000	10
chr3	 58600000	 57300000	26
chr3	 58950000	 58300000	13
chr3	 59700000	 60200000	10
chr3	 60100000	 58350000	35
chr3	 64650000	 65450000	16
chr3	 64850000	 65200000	7
chr3	 69100000	 67600000	30
chr3	 70750000	 69900000	17
chr3	 74150000	 72800000	27
chr3	 77300000	 76050000	25
chr3	 78050000	 79450000	28
chr3	 82650000	 83100000	9
chr3	 83450000	 79700000	75
chr3	 83900000	 83150000	15
chr3	 84200000	 82200000	40
chr3	 85600000	 87250000	33
chr3	 87950000	 88800000	17
chr3	 91700000	 90200000	30
chr3	 95250000	 94550000	14
chr3	 98050000	 99700000	33
chr3	 98250000	 99350000	22
chr3	 98450000	 99350000	18
chr3	 99500000	 99000000	10
chr3	108600000	111300000	54
chr3	110700000	111500000	16
chr3	111450000	112000000	11
chr3	114250000	113150000	22
chr3	114550000	113850000	14
chr3	115400000	114050000	27
chr3	115550000	113700000	37
chr3	116950000	117650000	14
chr3	118250000	120050000	36
chr3	123900000	123550000	7
chr3	124150000	124650000	10
chr3	124650000	125050000	8
chr3	129250000	130400000	23
chr3	130300000	129650000	13
chr3	130350000	129700000	13
chr3	131900000	133550000	33
chr3	133500000	132800000	14
chr3	136450000	138300000	37
chr3	137450000	137950000	10
chr3	137550000	138200000	13
chr3	137800000	136550000	25
chr3	138300000	139700000	28
chr3	138550000	138050000	10
chr3	140800000	142450000	33
chr3	141500000	142800000	26
chr3	142900000	142450000	9
chr3	143250000	144150000	18
chr3	143800000	144300000	10
chr3	144800000	145800000	20
chr3	145650000	146000000	7
chr3	146450000	144200000	45
chr3	148250000	146850000	28
chr3	151800000	150100000	34
chr3	155050000	154050000	20
chr3	158400000	159500000	22
chr3	158500000	159700000	24
chr4	  3100000	  5050000	39
chr4	  3800000	  3100000	14
chr4	  8100000	  9550000	29
chr4	 11350000	 12150000	16
chr4	 12100000	 13950000	37
chr4	 13150000	 10050000	62
chr4	 14150000	 15950000	36
chr4	 21550000	 23150000	32
chr4	 21600000	 22100000	10
chr4	 22850000	 21300000	31
chr4	 27800000	 26100000	34
chr4	 32950000	 30050000	58
chr4	 35350000	 34150000	24
chr4	 36450000	 35100000	27
chr4	 37150000	 35700000	29
chr4	 41350000	 42900000	31
chr4	 44450000	 43400000	21
chr4	 48100000	 47200000	18
chr4	 49150000	 50500000	27
chr4	 54800000	 56050000	25
chr4	 55200000	 55900000	14
chr4	 57800000	 57450000	7
chr4	 59900000	 59000000	18
chr4	 60050000	 59150000	18
chr4	 62000000	 62550000	11
chr4	 63600000	 64450000	17
chr4	 64300000	 63150000	23
chr4	 64550000	 63250000	26
chr4	 64800000	 63700000	22
chr4	 71050000	 71950000	18
chr4	 71200000	 71700000	10
chr4	 71900000	 73600000	34
chr4	 76500000	 78500000	40
chr4	 77800000	 78800000	20
chr4	 79750000	 78850000	18
chr4	 82150000	 80850000	26
chr4	 82400000	 81700000	14
chr4	 84500000	 83200000	26
chr4	 85100000	 83950000	23
chr4	 87750000	 86000000	35
chr4	 88200000	 86850000	27
chr4	 90650000	 88950000	34
chr4	 92250000	 92250000	0
chr4	 94950000	 97350000	48
chr4	100300000	 98850000	29
chr4	100950000	101650000	14
chr4	101150000	100700000	9
chr4	101700000	102500000	16
chr4	108500000	109150000	13
chr4	109550000	111500000	39
chr4	111650000	111300000	7
chr4	112350000	113550000	24
chr4	113400000	112400000	20
chr4	113700000	113150000	11
chr4	116100000	116750000	13
chr4	119250000	121550000	46
chr4	121400000	120650000	15
chr4	121400000	122700000	26
chr4	131950000	131700000	5
chr4	132550000	131700000	17
chr4	134050000	135150000	22
chr4	135450000	134850000	12
chr4	138500000	140100000	32
chr4	140200000	138700000	30
chr4	141250000	138200000	61
chr4	141350000	142050000	14
chr4	142850000	143700000	17
chr4	144950000	143950000	20
chr4	145450000	144900000	11
chr4	146650000	145350000	26
chr4	147700000	145400000	46
chr4	151500000	151900000	8
chr4	154150000	154500000	7
chr4	154400000	153400000	20
chr4	155050000	154250000	16
chr5	   500000	   950000	9
chr5	  9150000	 10250000	22
chr5	 10850000	  9350000	30
chr5	 11300000	 10700000	12
chr5	 16500000	 17300000	16
chr5	 16700000	 15650000	21
chr5	 20850000	 19750000	22
chr5	 23400000	 22150000	25
chr5	 27350000	 25800000	31
chr5	 30050000	 30900000	17
chr5	 31900000	 32550000	13
chr5	 39050000	 40200000	23
chr5	 46500000	 47650000	23
chr5	 47450000	 46100000	27
chr5	 48700000	 49350000	13
chr5	 49100000	 49450000	7
chr5	 53700000	 52600000	22
chr5	 56450000	 53850000	52
chr5	 58050000	 57150000	18
chr5	 58650000	 59250000	12
chr5	 58950000	 56050000	58
chr5	 60750000	 62300000	31
chr5	 61750000	 63500000	35
chr5	 63150000	 61050000	42
chr5	 63150000	 62000000	23
chr5	 65200000	 64300000	18
chr5	 67650000	 67200000	9
chr5	 70150000	 70750000	12
chr5	 70950000	 71350000	8
chr5	 72000000	 71400000	12
chr5	 74500000	 75300000	16
chr5	 75550000	 75850000	6
chr5	 80000000	 78600000	28
chr5	 83050000	 81850000	24
chr5	 84050000	 86100000	41
chr5	 84200000	 85000000	16
chr5	 85700000	 84150000	31
chr5	 86400000	 84750000	33
chr5	 87250000	 88500000	25
chr5	 88100000	 88800000	14
chr5	 90350000	 89550000	16
chr5	 90500000	 94100000	72
chr5	 93050000	 94150000	22
chr5	 94200000	 93400000	16
chr5	 94700000	 95500000	16
chr5	 94950000	 96500000	31
chr5	 95050000	 93350000	34
chr5	100250000	101300000	21
chr5	102750000	102000000	15
chr5	105750000	106650000	18
chr5	110000000	107850000	43
chr5	110850000	111350000	10
chr5	111350000	109650000	34
chr5	113300000	114300000	20
chr5	117950000	116050000	38
chr5	118800000	119250000	9
chr5	118950000	119800000	17
chr5	119000000	120100000	22
chr5	119850000	118650000	24
chr5	120000000	122750000	55
chr5	120300000	119700000	12
chr5	123200000	124600000	28
chr5	123850000	124650000	16
chr5	124600000	124050000	11
chr5	125750000	124650000	22
chr5	128650000	129900000	25
chr5	131400000	133050000	33
chr5	134650000	134800000	3
chr5	140650000	139750000	18
chr5	144150000	141150000	60
chr6	  3950000	  5350000	28
chr6	  4500000	  3900000	12
chr6	  5850000	  6750000	18
chr6	  8150000	  6950000	24
chr6	 11050000	 10750000	6
chr6	 13500000	 14300000	16
chr6	 14500000	 16050000	31
chr6	 15300000	 13750000	31
chr6	 16600000	 15700000	18
chr6	 20450000	 23950000	70
chr6	 21350000	 22250000	18
chr6	 21800000	 22850000	21
chr6	 22000000	 20900000	22
chr6	 26950000	 25250000	34
chr6	 29150000	 28700000	9
chr6	 29400000	 29900000	10
chr6	 30550000	 29850000	14
chr6	 31550000	 31300000	5
chr6	 32000000	 31000000	20
chr6	 37700000	 39700000	40
chr6	 38200000	 36600000	32
chr6	 38700000	 39600000	18
chr6	 39650000	 38400000	25
chr6	 42600000	 43400000	16
chr6	 44250000	 46850000	52
chr6	 46000000	 47700000	34
chr6	 49950000	 48850000	22
chr6	 53950000	 55550000	32
chr6	 55300000	 54300000	20
chr6	 58300000	 58850000	11
chr6	 61000000	 61950000	19
chr6	 61200000	 62700000	30
chr6	 66900000	 67700000	16
chr6	 66900000	 68000000	22
chr6	 70150000	 72000000	37
chr6	 71750000	 70700000	21
chr6	 72250000	 73600000	27
chr6	 76300000	 75700000	12
chr6	 78300000	 79950000	33
chr6	 78700000	 77750000	19
chr6	 80950000	 79850000	22
chr6	 82100000	 83400000	26
chr6	 82450000	 84000000	31
chr6	 82500000	 81250000	25
chr6	 85650000	 85100000	11
chr6	 86600000	 87550000	19
chr6	 87250000	 87650000	8
chr6	 91550000	 92200000	13
chr6	 95150000	 97100000	39
chr6	 96300000	 94750000	31
chr6	 97800000	 97350000	9
chr6	 99250000	 98700000	11
chr6	100900000	103200000	46
chr6	101750000	103250000	30
chr6	106050000	104300000	35
chr6	112600000	111950000	13
chr6	117750000	116200000	31
chr6	118350000	119000000	13
chr6	118500000	119900000	28
chr6	119400000	118900000	10
chr6	123900000	122900000	20
chr6	124850000	125800000	19
chr6	131150000	131700000	11
chr6	132950000	131250000	34
chr6	136450000	135650000	16
chr6	138400000	139200000	16
chr6	142150000	143800000	33
chr6	144400000	142750000	33
chr6	145950000	147000000	21
chr6	149250000	148500000	15
chr7	  1700000	  3650000	39
chr7	  2000000	   900000	22
chr7	  2500000	  1100000	28
chr7	  2600000	  2600000	0
chr7	  3450000	  2150000	26
chr7	  8600000	  9800000	24
chr7	  8750000	  7550000	24
chr7	  9800000	  7150000	53
chr7	  9950000	 11250000	26
chr7	 10300000	 10650000	7
chr7	 11550000	 13900000	47
chr7	 16500000	 15100000	28
chr7	 18150000	 18950000	16
chr7	 18950000	 17450000	30
chr7	 21250000	 21800000	11
chr7	 22700000	 23550000	17
chr7	 23000000	 24000000	20
chr7	 24750000	 23600000	23
chr7	 25400000	 27150000	35
chr7	 25650000	 26750000	22
chr7	 27300000	 29350000	41
chr7	 30200000	 31600000	28
chr7	 32050000	 31750000	6
chr7	 32400000	 33350000	19
chr7	 34450000	 33550000	18
chr7	 34700000	 34150000	11
chr7	 34900000	 34000000	18
chr7	 35250000	 34400000	17
chr7	 42100000	 41950000	3
chr7	 45950000	 44650000	26
chr7	 46000000	 47150000	23
chr7	 47850000	 48650000	16
chr7	 49750000	 51250000	30
chr7	 50450000	 51200000	15
chr7	 56300000	 56950000	13
chr7	 56650000	 58200000	31
chr7	 57650000	 57000000	13
chr7	 59750000	 59000000	15
chr7	 60550000	 61000000	9
chr7	 61450000	 60350000	22
chr7	 64950000	 63800000	23
chr7	 65050000	 65800000	15
chr7	 65250000	 65500000	5
chr7	 65350000	 64800000	11
chr7	 66350000	 65800000	11
chr7	 69700000	 71200000	30
chr7	 70650000	 69300000	27
chr7	 71100000	 69500000	32
chr7	 71950000	 73950000	40
chr7	 72500000	 73950000	29
chr7	 74000000	 74350000	7
chr7	 74200000	 75800000	32
chr7	 74850000	 74400000	9
chr7	 75300000	 75300000	0
chr7	 75500000	 74050000	29
chr7	 76950000	 76100000	17
chr7	 77050000	 76050000	20
chr7	 79050000	 77500000	31
chr7	 81100000	 81950000	17
chr7	 81450000	 81050000	8
chr7	 83450000	 81800000	33
chr7	 83450000	 81850000	32
chr7	 85050000	 85550000	10
chr7	 85600000	 84900000	14
chr7	 88050000	 89250000	24
chr7	 88400000	 88700000	6
chr7	 88900000	 89400000	10
chr7	 90650000	 91200000	11
chr7	 91750000	 89700000	41
chr7	 95800000	 96750000	19
chr7	 97100000	 96300000	16
chr7	 99500000	 98100000	28
chr7	 99700000	 98550000	23
chr7	 99750000	 98200000	31
chr7	100500000	101800000	26
chr7	100750000	 99850000	18
chr7	103600000	102500000	22
chr7	103850000	103200000	13
chr7	104300000	103250000	21
chr7	104650000	109200000	91
chr7	110850000	111800000	19
chr7	114800000	114400000	8
chr7	115300000	113950000	27
chr7	120650000	119750000	18
chr7	122650000	123800000	23
chr7	122900000	123450000	11
chr7	126350000	124350000	40
chr7	130950000	130400000	11
chr7	132100000	132450000	7
chr7	133350000	134250000	18
chr7	136100000	133700000	48
chr7	136300000	135900000	8
chr7	139300000	138800000	10
chr7	139600000	140700000	22
chr7	141400000	142400000	20
chr7	142650000	140400000	45
chr7	143500000	144600000	22
chr8	  1650000	  2900000	25
chr8	  2100000	  3500000	28
chr8	  2850000	  4050000	24
chr8	  2950000	  4450000	30
chr8	  3700000	  4900000	24
chr8	  4750000	  3700000	21
chr8	  6550000	  8250000	34
chr8	  7400000	  8850000	29
chr8	  8900000	  8200000	14
chr8	 11200000	 12250000	21
chr8	 14150000	 14650000	10
chr8	 15950000	 17150000	24
chr8	 16100000	 16900000	16
chr8	 18150000	 14500000	73
chr8	 18150000	 18700000	11
chr8	 23550000	 25250000	34
chr8	 26650000	 24950000	34
chr8	 27350000	 27350000	0
chr8	 30100000	 29100000	20
chr8	 31650000	 30700000	19
chr8	 36750000	 37650000	18
chr8	 37300000	 38150000	17
chr8	 38850000	 37850000	20
chr8	 42450000	 42950000	10
chr8	 45000000	 43950000	21
chr8	 49950000	 51800000	37
chr8	 52300000	 53050000	15
chr8	 58600000	 59050000	9
chr8	 65500000	 65950000	9
chr8	 65700000	 64600000	22
chr8	 69050000	 69600000	11
chr8	 69100000	 70400000	26
chr8	 69250000	 68400000	17
chr8	 70950000	 70000000	19
chr8	 71750000	 73450000	34
chr8	 71800000	 70950000	17
chr8	 77750000	 78250000	10
chr8	 78650000	 79700000	21
chr8	 80500000	 81850000	27
chr8	 81050000	 77150000	78
chr8	 85100000	 85800000	14
chr8	 85450000	 87100000	33
chr8	 85750000	 86450000	14
chr8	 87100000	 85850000	25
chr8	 87450000	 89850000	48
chr8	 87550000	 88300000	15
chr8	 87600000	 86700000	18
chr8	 88150000	 87400000	15
chr8	 88650000	 87800000	17
chr8	 88800000	 87600000	24
chr8	 91100000	 93000000	38
chr8	 91300000	 92550000	25
chr8	 94750000	 94150000	12
chr8	 96100000	 95700000	8
chr8	 96400000	 95400000	20
chr8	100150000	 99750000	8
chr8	101850000	100500000	27
chr8	103550000	104300000	15
chr8	103750000	104400000	13
chr8	104700000	106350000	33
chr8	107950000	107500000	9
chr8	110100000	106850000	65
chr8	110800000	110150000	13
chr8	111250000	110300000	19
chr8	112050000	110650000	28
chr8	113300000	112500000	16
chr8	114500000	116300000	36
chr8	118350000	117600000	15
chr8	124550000	125550000	20
chr8	127200000	127200000	0
chr9	  1650000	   400000	25
chr9	  8800000	 11450000	53
chr9	 10150000	 10700000	11
chr9	 11600000	 10900000	14
chr9	 12650000	 13700000	21
chr9	 15100000	 15450000	7
chr9	 16500000	 17650000	23
chr9	 18800000	 19650000	17
chr9	 23000000	 24250000	25
chr9	 23950000	 25350000	28
chr9	 26800000	 26100000	14
chr9	 34300000	 32650000	33
chr9	 35100000	 34150000	19
chr9	 38150000	 35850000	46
chr9	 42300000	 41250000	21
chr9	 43100000	 42550000	11
chr9	 43700000	 42900000	16
chr9	 44900000	 45700000	16
chr9	 46550000	 46950000	8
chr9	 46650000	 45700000	19
chr9	 46950000	 47300000	7
chr9	 51450000	 50500000	19
chr9	 52350000	 53000000	13
chr9	 57800000	 58550000	15
chr9	 58100000	 58700000	12
chr9	 59050000	 60350000	26
chr9	 59800000	 58350000	29
chr9	 62450000	 63350000	18
chr9	 64400000	 66000000	32
chr9	 66450000	 67450000	20
chr9	 70450000	 70050000	8
chr9	 71900000	 69250000	53
chr9	 72750000	 74200000	29
chr9	 77600000	 76050000	31
chr9	 80200000	 81400000	24
chr9	 80700000	 80050000	13
chr9	 83950000	 82850000	22
chr9	 84350000	 85200000	17
chr9	 89600000	 88950000	13
chr9	 90100000	 89550000	11
chr9	 96050000	 93850000	44
chr9	 97200000	 96350000	17
chr9	 99450000	101100000	33
chr9	101050000	100750000	6
chr9	103100000	100300000	56
chr9	103850000	102000000	37
chr9	105450000	105050000	8
chr9	105750000	103850000	38
chr9	107300000	106250000	21
chr9	107750000	108450000	14
chr9	109600000	108650000	19
chr9	112100000	110950000	23
chr9	113500000	114100000	12
chr9	116600000	116850000	5
chr9	119500000	118950000	11
chrX	   950000	   400000	11
chrX	  2200000	  3000000	16
chrX	  8550000	  9400000	17
chrX	  8700000	  7900000	16
chrX	 10100000	 11600000	30
chrX	 10250000	 10850000	12
chrX	 15900000	 13350000	51
chrX	 20950000	 18800000	43
chrX	 21500000	 20600000	18
chrX	 22550000	 23650000	22
chrX	 22950000	 21350000	32
chrX	 23150000	 23600000	9
chrX	 26500000	 25750000	15
chrX	 26850000	 27550000	14
chrX	 27550000	 28700000	23
chrX	 29800000	 28450000	27
chrX	 30850000	 29200000	33
chrX	 33000000	 30450000	51
chrX	 34300000	 35450000	23
chrX	 34350000	 33050000	26
chrX	 35150000	 33000000	43
chrX	 36600000	 39400000	56
chrX	 43550000	 43900000	7
chrX	 44450000	 42900000	31
chrX	 45450000	 46300000	17
chrX	 53000000	 54850000	37
chrX	 53700000	 52350000	27
chrX	 54100000	 52850000	25
chrX	 56450000	 58900000	49
chrX	 57300000	 58450000	23
chrX	 58400000	 60450000	41
chrX	 64900000	 66900000	40
chrX	 69350000	 68700000	13
chrX	 70800000	 72700000	38
chrX	 72150000	 73450000	26
chrX	 73000000	 72150000	17
chrX	 76400000	 75950000	9
chrX	 77600000	 79350000	35
chrX	 78050000	 77450000	12
chrX	 78150000	 77200000	19
chrX	 82300000	 84200000	38
chrX	 83450000	 82100000	27
chrX	 87350000	 89050000	34
chrX	 92300000	 91100000	24
chrX	 92750000	 88900000	77
chrX	 92850000	 92650000	4
chrX	 94000000	 92200000	36
chrX	 94250000	 96750000	50
chrX	 95300000	 95500000	4
chrX	 97650000	 98250000	12
chrX	100850000	102050000	24
chrX	108250000	108950000	14
chrX	112400000	111450000	19
chrX	114200000	111250000	59
chrX	115700000	116900000	24
chrX	116200000	114300000	38
chrX	117800000	119500000	34
chrX	127900000	128850000	19
chrX	128450000	126350000	42
chrX	132600000	132100000	10
chrX	134850000	135800000	19
chrX	135150000	136200000	21
chrX	135400000	138250000	57
chrX	136250000	137250000	20
chrX	137250000	135600000	33
chrX	138850000	140350000	30
chrX	140950000	140950000	0
chrX	143900000	143250000	13
chrX	146750000	145950000	16
chrX	152850000	151850000	20
chrX	153800000	154200000	8
chrX	153900000	153050000	17
chrX	155850000	156550000	14
chrX	157100000	158000000	18
chrX	159600000	162500000	58
chrX	163500000	164750000	25
chrX	165950000	168900000	59
chrX	166100000	167000000	18
chrX	168150000	167850000	6
chrX	170300000	168950000	27
chrY	  1650000	   800000	17
chrY	  3750000	  3050000	14
chrY	  4500000	  2900000	32
chrY	  5350000	  3600000	35
chrY	  6900000	  5850000	21
chrY	  8250000	  7350000	18
chrY	 11200000	  9950000	25
chrY	 13800000	 12500000	26
chrY	 18850000	 17600000	25
chrY	 20200000	 20500000	6
chrY	 20800000	 21450000	13
chrY	 22300000	 21850000	9
chrY	 25850000	 26300000	9
chrY	 30050000	 29850000	4
chrY	 33800000	 33150000	13
chrY	 35650000	 37200000	31
chrY	 39450000	 40600000	23
chrY	 41050000	 40000000	21
chrY	 48950000	 47200000	35
chrY	 49750000	 48800000	19
chrY	 51250000	 51850000	12
chrY	 52250000	 54550000	46
chrY	 53450000	 52350000	22
chrY	 54750000	 55600000	17
chrY	 58350000	 56300000	41
chrY	 58700000	 57300000	28
chrY	 59050000	 60850000	36
chrY	 59400000	 60450000	21
chrY	 62000000	 62100000	2
chrY	 64200000	 61950000	45
chrY	 65400000	 66650000	25
chrY	 67850000	 65100000	55
chrY	 75450000	 76300000	17
chrY	 76150000	 75250000	18
chrY	 79200000	 78400000	16
chrY	 82350000	 81750000	12
chrY	 82950000	 81000000	39
chrY	 84050000	 82150000	38
chrY	 85300000	 84550000	15
chrY	 87900000	 87200000	14
chrY	 88800000	 88100000	14
chrY	 90700000	 91200000	10
