chr1	  2350000	  3750000	28
chr1	  3300000	  1800000	30
chr1	  5850000	  8050000	44
chr1	  5900000	  4500000	28
chr1	  7700000	  7150000	11
chr1	  9950000	 10850000	18
chr1	 12750000	 12250000	10
chr1	 14800000	 14200000	12
chr1	 17650000	 16150000	30
chr1	 23750000	 24500000	15
chr1	 24800000	 26000000	24
chr1	 28150000	 27000000	23
chr1	 28900000	 29750000	17
chr1	 35450000	 35800000	7
chr1	 39450000	 37400000	41
chr1	 39800000	 39050000	15
chr1	 41450000	 42000000	11
chr1	 41650000	 41300000	7
chr1	 43500000	 42900000	12
chr1	 45200000	 45700000	10
chr1	 45700000	 45200000	10
chr1	 45800000	 46950000	23
chr1	 52200000	 50400000	36
chr1	 57350000	 56400000	19
chr1	 59250000	 61300000	41
chr1	 59650000	 60100000	9
chr1	 59850000	 60650000	16
chr1	 60700000	 61250000	11
chr1	 63800000	 64600000	16
chr1	 65750000	 64750000	20
chr1	 66700000	 67650000	19
chr1	 67400000	 66650000	15
chr1	 68500000	 66900000	32
chr1	 70150000	 70800000	13
chr1	 70200000	 71100000	18
chr1	 71350000	 72000000	13
chr1	 72050000	 71350000	14
chr1	 74900000	 73600000	26
chr1	 77450000	 78200000	15
chr1	 81250000	 79300000	39
chr1	 83550000	 82450000	22
chr1	 83900000	 84650000	15
chr1	 84450000	 83050000	28
chr1	 85700000	 85700000	0
chr1	 86550000	 87400000	17
chr1	 87250000	 87850000	12
chr1	 87350000	 89000000	33
chr1	 87900000	 88850000	19
chr1	 89350000	 89050000	6
chr1	 91100000	 89900000	24
chr1	 91100000	 92000000	18
chr1	 92350000	 93750000	28
chr1	 92500000	 95750000	65
chr1	 92700000	 92100000	12
chr1	 92750000	 91750000	20
chr1	 94200000	 93500000	14
chr1	 94700000	 96450000	35
chr1	 94850000	 94100000	15
chr1	 96050000	 97450000	28
chr1	102250000	101400000	17
chr1	102500000	103050000	11
chr1	104200000	101950000	45
chr1	111600000	113300000	34
chr1	113900000	112600000	26
chr1	114750000	116100000	27
chr1	115850000	116700000	17
chr1	117700000	116500000	24
chr1	119050000	120250000	24
chr1	119850000	119050000	16
chr1	119950000	118800000	23
chr1	120800000	121950000	23
chr1	121200000	119650000	31
chr1	127950000	128400000	9
chr1	129700000	128550000	23
chr1	131550000	133300000	35
chr1	132750000	131900000	17
chr1	135250000	137050000	36
chr1	135500000	133600000	38
chr1	136850000	134950000	38
chr1	142100000	144400000	46
chr1	145500000	142950000	51
chr1	145500000	146450000	19
chr1	147500000	148350000	17
chr1	148400000	150200000	36
chr1	150450000	150250000	4
chr1	151900000	151700000	4
chr1	154000000	154750000	15
chr1	154050000	155150000	22
chr1	155100000	156700000	32
chr1	155750000	156900000	23
chr1	159950000	160850000	18
chr1	162800000	164050000	25
chr1	163900000	165250000	27
chr1	164500000	165400000	18
chr1	166900000	166000000	18
chr1	166900000	168300000	28
chr1	172950000	171950000	20
chr1	176350000	177750000	28
chr1	176750000	179500000	55
chr1	180700000	179950000	15
chr1	181600000	181050000	11
chr1	181700000	180350000	27
chr1	184400000	185850000	29
chr1	185900000	187100000	24
chr1	186750000	188500000	35
chr1	186800000	186150000	13
chr1	188250000	188950000	14
chr1	188950000	187900000	21
chr1	190550000	189900000	13
chr1	193000000	193400000	8
chr1	194150000	193300000	17
chr10	  1150000	   250000	18
chr10	  2100000	  1800000	6
chr10	  3600000	  4150000	11
chr10	  5100000	  5600000	10
chr10	  5350000	  4800000	11
chr10	  6250000	  4650000	32
chr10	 10400000	  8400000	40
chr10	 13550000	 14250000	14
chr10	 20100000	 18250000	37
chr10	 20400000	 19350000	21
chr10	 30500000	 31950000	29
chr10	 31600000	 29200000	48
chr10	 33050000	 31050000	40
chr10	 33800000	 34400000	12
chr10	 36400000	 34150000	45
chr10	 38550000	 37650000	18
chr10	 39750000	 40550000	16
chr10	 40550000	 39750000	16
chr10	 41200000	 40450000	15
chr10	 43750000	 45350000	32
chr10	 44750000	 45550000	16
chr10	 50600000	 49950000	13
chr10	 52250000	 51750000	10
chr10	 53150000	 53150000	0
chr10	 54400000	 52000000	48
chr10	 56300000	 58150000	37
chr10	 61800000	 62300000	10
chr10	 65950000	 67400000	29
chr10	 68250000	 68900000	13
chr10	 72400000	 75250000	57
chr10	 76000000	 76250000	5
chr10	 76200000	 77050000	17
chr10	 78550000	 77550000	20
chr10	 79000000	 79700000	14
chr10	 79600000	 80800000	24
chr10	 85250000	 84600000	13
chr10	 89100000	 91550000	49
chr10	 90100000	 90750000	13
chr10	 95250000	 94150000	22
chr10	 96800000	 96000000	16
chr10	 97350000	 95350000	40
chr10	 98750000	 94100000	93
chr10	 99300000	 98400000	18
chr10	101550000	103350000	36
chr10	102500000	101650000	17
chr10	103400000	104150000	15
chr10	104050000	102650000	28
chr10	105050000	106200000	23
chr10	106450000	107050000	12
chr10	107450000	108250000	16
chr10	108300000	107450000	17
chr10	116750000	118250000	30
chr10	120550000	121600000	21
chr10	120800000	120000000	16
chr10	129200000	130500000	26
chr10	129650000	128550000	22
chr10	130000000	129800000	4
chr11	  1900000	  3000000	22
chr11	  4050000	  6550000	50
chr11	  4400000	  6050000	33
chr11	  7100000	  6500000	12
chr11	  7250000	  6250000	20
chr11	  7250000	  6750000	10
chr11	 10150000	  9400000	15
chr11	 11100000	 12400000	26
chr11	 11650000	 13650000	40
chr11	 12150000	 11450000	14
chr11	 12350000	 10900000	29
chr11	 15000000	 16450000	29
chr11	 15100000	 13900000	24
chr11	 22150000	 23700000	31
chr11	 24000000	 25050000	21
chr11	 25150000	 23400000	35
chr11	 25350000	 24850000	10
chr11	 26200000	 27100000	18
chr11	 27800000	 26950000	17
chr11	 29450000	 31150000	34
chr11	 32950000	 31900000	21
chr11	 33700000	 34700000	20
chr11	 35400000	 34600000	16
chr11	 36650000	 37900000	25
chr11	 37650000	 39500000	37
chr11	 39500000	 40200000	14
chr11	 41300000	 41750000	9
chr11	 43100000	 44400000	26
chr11	 46650000	 45650000	20
chr11	 49900000	 48200000	34
chr11	 51100000	 49800000	26
chr11	 51700000	 52800000	22
chr11	 52900000	 50700000	44
chr11	 53300000	 51950000	27
chr11	 59650000	 60750000	22
chr11	 60600000	 59950000	13
chr11	 61250000	 60600000	13
chr11	 63400000	 64000000	12
chr11	 64250000	 65100000	17
chr11	 68000000	 67400000	12
chr11	 68350000	 69600000	25
chr11	 69650000	 70700000	21
chr11	 70350000	 70800000	9
chr11	 70700000	 71350000	13
chr11	 71650000	 73000000	27
chr11	 72150000	 70850000	26
chr11	 74300000	 73300000	20
chr11	 75200000	 74150000	21
chr11	 79750000	 79400000	7
chr11	 80300000	 81100000	16
chr11	 81250000	 80000000	25
chr11	 82900000	 81750000	23
chr11	 83950000	 82350000	32
chr11	 84150000	 85900000	35
chr11	 86200000	 87100000	18
chr11	 88650000	 89250000	12
chr11	 90700000	 91600000	18
chr11	 91950000	 93100000	23
chr11	 92950000	 93400000	9
chr11	 95950000	 94500000	29
chr11	 99450000	 98300000	23
chr11	 99650000	 98900000	15
chr11	100600000	102200000	32
chr11	100700000	101950000	25
chr11	101350000	100950000	8
chr11	102650000	100800000	37
chr11	103350000	104000000	13
chr11	103600000	103850000	5
chr11	105050000	105850000	16
chr11	105350000	104950000	8
chr11	107250000	106400000	17
chr11	109050000	108700000	7
chr11	112350000	113350000	20
chr11	112750000	112100000	13
chr11	112750000	113050000	6
chr11	114150000	113400000	15
chr11	115300000	114200000	22
chr11	118150000	119400000	25
chr11	118700000	117300000	28
chr12	  2150000	  3000000	17
chr12	  3200000	  4000000	16
chr12	  6000000	  7650000	33
chr12	  6600000	  5350000	25
chr12	  7300000	  5850000	29
chr12	 10300000	 12200000	38
chr12	 14150000	 13350000	16
chr12	 15050000	 15600000	11
chr12	 15600000	 14550000	21
chr12	 16500000	 15750000	15
chr12	 16600000	 17250000	13
chr12	 17300000	 19450000	43
chr12	 18100000	 19050000	19
chr12	 19750000	 21100000	27
chr12	 23450000	 24400000	19
chr12	 25300000	 24200000	22
chr12	 25800000	 23250000	51
chr12	 26050000	 27250000	24
chr12	 29400000	 31900000	50
chr12	 30350000	 32600000	45
chr12	 33200000	 34200000	20
chr12	 34850000	 34400000	9
chr12	 35200000	 34550000	13
chr12	 37150000	 37900000	15
chr12	 39700000	 41250000	31
chr12	 40550000	 39000000	31
chr12	 41150000	 39550000	32
chr12	 41300000	 39550000	35
chr12	 41950000	 43450000	30
chr12	 44350000	 45750000	28
chr12	 45850000	 44800000	21
chr12	 46900000	 46150000	15
chr12	 48200000	 47650000	11
chr12	 48900000	 48600000	6
chr12	 49400000	 47800000	32
chr12	 51350000	 52150000	16
chr12	 51900000	 51350000	11
chr12	 53550000	 54250000	14
chr12	 54050000	 57200000	63
chr12	 55500000	 55150000	7
chr12	 57300000	 55900000	28
chr12	 65950000	 66850000	18
chr12	 66500000	 65750000	15
chr12	 70800000	 69900000	18
chr12	 71800000	 72800000	20
chr12	 73400000	 74750000	27
chr12	 82900000	 82900000	0
chr12	 83250000	 81950000	26
chr12	 88250000	 88850000	12
chr12	 89450000	 90450000	20
chr12	 89950000	 89250000	14
chr12	 96900000	 94700000	44
chr12	 97550000	 96100000	29
chr12	101750000	103250000	30
chr12	102650000	104050000	28
chr12	102950000	102300000	13
chr12	103200000	101000000	44
chr12	104000000	103050000	19
chr12	105400000	108100000	54
chr12	105650000	105000000	13
chr12	111350000	112050000	14
chr12	112250000	113100000	17
chr12	113750000	114750000	20
chr13	  4450000	  4050000	8
chr13	  4750000	  4000000	15
chr13	 10250000	  9400000	17
chr13	 11500000	 10650000	17
chr13	 11700000	 11800000	2
chr13	 13700000	 14850000	23
chr13	 15400000	 16000000	12
chr13	 17700000	 16000000	34
chr13	 17700000	 16750000	19
chr13	 19300000	 19300000	0
chr13	 20050000	 20950000	18
chr13	 21250000	 22550000	26
chr13	 28750000	 29700000	19
chr13	 29850000	 31250000	28
chr13	 39450000	 40200000	15
chr13	 40000000	 38950000	21
chr13	 40450000	 41600000	23
chr13	 41550000	 42750000	24
chr13	 42450000	 43800000	27
chr13	 42500000	 44200000	34
chr13	 46650000	 47350000	14
chr13	 49550000	 51350000	36
chr13	 52600000	 51300000	26
chr13	 53000000	 52350000	13
chr13	 55000000	 54500000	10
chr13	 55950000	 55150000	16
chr13	 60400000	 57200000	64
chr13	 60450000	 60150000	6
chr13	 60550000	 62450000	38
chr13	 62850000	 65250000	48
chr13	 65200000	 64350000	17
chr13	 66000000	 66650000	13
chr13	 67600000	 65700000	38
chr13	 69900000	 70800000	18
chr13	 71200000	 70250000	19
chr13	 72500000	 73300000	16
chr13	 74150000	 74900000	15
chr13	 79650000	 78650000	20
chr13	 80100000	 78800000	26
chr13	 80850000	 79050000	36
chr13	 81800000	 81150000	13
chr13	 81900000	 80000000	38
chr13	 82200000	 84150000	39
chr13	 83450000	 82350000	22
chr13	 84350000	 85300000	19
chr13	 87750000	 87300000	9
chr13	 90050000	 90900000	17
chr13	 90350000	 89550000	16
chr13	 93500000	 93200000	6
chr13	 97100000	 95600000	30
chr13	100750000	101150000	8
chr13	104550000	105650000	22
chr13	105100000	107700000	52
chr13	106250000	105350000	18
chr13	110350000	109800000	11
chr13	111800000	112800000	20
chr13	112400000	113300000	18
chr13	113700000	114850000	23
chr13	115000000	113700000	26
chr13	119500000	119950000	9
chr14	   400000	  2850000	49
chr14	  1200000	  2400000	24
chr14	  3150000	  5250000	42
chr14	  8850000	  7850000	20
chr14	  9750000	 10300000	11
chr14	  9800000	  9800000	0
chr14	 11600000	 10350000	25
chr14	 15400000	 15100000	6
chr14	 15450000	 14200000	25
chr14	 17800000	 18650000	17
chr14	 18200000	 20150000	39
chr14	 19250000	 17650000	32
chr14	 19500000	 21100000	32
chr14	 21600000	 20300000	26
chr14	 31500000	 33000000	30
chr14	 32850000	 33850000	20
chr14	 33250000	 34350000	22
chr14	 35100000	 34550000	11
chr14	 36300000	 35500000	16
chr14	 36300000	 37850000	31
chr14	 37850000	 36950000	18
chr14	 38650000	 38050000	12
chr14	 42050000	 42900000	17
chr14	 42450000	 41850000	12
chr14	 43600000	 45250000	33
chr14	 50950000	 49700000	25
chr14	 51800000	 53450000	33
chr14	 55700000	 56450000	15
chr14	 56300000	 56650000	7
chr14	 57600000	 57150000	9
chr14	 59400000	 58450000	19
chr14	 59750000	 58400000	27
chr14	 65700000	 65200000	10
chr14	 67450000	 69200000	35
chr14	 67550000	 68900000	27
chr14	 69900000	 71000000	22
chr14	 70450000	 69900000	11
chr14	 72750000	 71100000	33
chr14	 73050000	 73500000	9
chr14	 73350000	 71600000	35
chr14	 75900000	 74800000	22
chr14	 78900000	 79550000	13
chr14	 86950000	 87500000	11
chr14	 88200000	 86500000	34
chr14	 90100000	 87750000	47
chr14	 93150000	 94650000	30
chr14	 94150000	 93750000	8
chr14	 95950000	 94500000	29
chr14	101750000	104650000	58
chr14	104200000	103650000	11
chr14	105800000	105100000	14
chr14	107050000	108250000	24
chr14	109050000	107750000	26
chr14	111300000	111800000	10
chr14	113100000	114000000	18
chr14	114750000	115800000	21
chr14	114950000	115850000	18
chr14	115300000	117250000	39
chr14	115400000	116950000	31
chr14	117650000	116900000	15
chr14	118750000	119750000	20
chr14	119450000	118550000	18
chr14	119600000	120600000	20
chr14	120200000	118550000	33
chr14	120450000	121650000	24
chr14	121500000	122600000	22
chr14	122400000	123450000	21
chr14	122850000	121600000	25
chr14	123150000	122600000	11
chr15	  2750000	  2500000	5
chr15	  3450000	  2350000	22
chr15	  8950000	  8300000	13
chr15	 10600000	 11100000	10
chr15	 11950000	 11300000	13
chr15	 15500000	 17200000	34
chr15	 15800000	 16750000	19
chr15	 16500000	 15550000	19
chr15	 17200000	 17700000	10
chr15	 17550000	 19050000	30
chr15	 17850000	 18850000	20
chr15	 19750000	 19750000	0
chr15	 28900000	 28200000	14
chr15	 29850000	 30900000	21
chr15	 43800000	 43550000	5
chr15	 45550000	 44850000	14
chr15	 49900000	 50550000	13
chr15	 56100000	 55250000	17
chr15	 56700000	 57850000	23
chr15	 57500000	 56600000	18
chr15	 57700000	 57000000	14
chr15	 57850000	 58550000	14
chr15	 60350000	 58950000	28
chr15	 62000000	 63150000	23
chr15	 62300000	 63850000	31
chr15	 64650000	 66450000	36
chr15	 65900000	 66200000	6
chr15	 66300000	 65000000	26
chr15	 69850000	 71250000	28
chr15	 70900000	 69050000	37
chr15	 73550000	 75550000	40
chr15	 75000000	 76200000	24
chr15	 79700000	 79250000	9
chr15	 80650000	 80250000	8
chr15	 81150000	 80400000	15
chr15	 82750000	 83800000	21
chr15	 87900000	 89100000	24
chr15	 87950000	 87950000	0
chr15	 88750000	 89600000	17
chr15	 88900000	 90400000	30
chr15	 94650000	 93100000	31
chr15	 95950000	 97100000	23
chr15	 96050000	 96650000	12
chr15	 96500000	 96000000	10
chr15	 97450000	 97150000	6
chr16	 10400000	 11450000	21
chr16	 17550000	 18600000	21
chr16	 19650000	 18550000	22
chr16	 21450000	 22000000	11
chr16	 25100000	 24800000	6
chr16	 29500000	 28200000	26
chr16	 30550000	 29300000	25
chr16	 37300000	 36350000	19
chr16	 37900000	 36750000	23
chr16	 39150000	 40450000	26
chr16	 40400000	 38650000	35
chr16	 40750000	 42200000	29
chr16	 44750000	 44250000	10
chr16	 45550000	 46250000	14
chr16	 46400000	 48500000	42
chr16	 46900000	 46450000	9
chr16	 48050000	 46550000	30
chr16	 49800000	 52700000	58
chr16	 51900000	 52700000	16
chr16	 54000000	 52650000	27
chr16	 55350000	 52600000	55
chr16	 56750000	 57400000	13
chr16	 57550000	 58450000	18
chr16	 57950000	 58700000	15
chr16	 61400000	 65000000	72
chr16	 64650000	 66200000	31
chr16	 65950000	 65550000	8
chr16	 66050000	 67250000	24
chr16	 68000000	 68850000	17
chr16	 69750000	 70750000	20
chr16	 71350000	 72650000	26
chr16	 72550000	 71600000	19
chr16	 73900000	 73450000	9
chr16	 77500000	 75450000	41
chr16	 80550000	 83050000	50
chr16	 81250000	 80850000	8
chr16	 81850000	 83000000	23
chr16	 83800000	 84400000	12
chr16	 84950000	 84150000	16
chr16	 90150000	 91450000	26
chr16	 96000000	 96150000	3
chr17	   450000	   100000	7
chr17	  1050000	  2450000	28
chr17	  1800000	   100000	34
chr17	  4450000	  5900000	29
chr17	  7300000	  9250000	39
chr17	  8550000	  9550000	20
chr17	  8850000	  8450000	8
chr17	  9450000	 10450000	20
chr17	 11450000	 12500000	21
chr17	 11650000	 15400000	75
chr17	 12300000	 14350000	41
chr17	 12850000	 14000000	23
chr17	 14250000	 13300000	19
chr17	 15150000	 14600000	11
chr17	 16900000	 16650000	5
chr17	 18900000	 19250000	7
chr17	 20600000	 21200000	12
chr17	 23250000	 23600000	7
chr17	 24000000	 22250000	35
chr17	 24200000	 26700000	50
chr17	 26250000	 26800000	11
chr17	 27150000	 26800000	7
chr17	 31350000	 33000000	33
chr17	 36700000	 36200000	10
chr17	 38250000	 37000000	25
chr17	 44050000	 42750000	26
chr17	 45600000	 46050000	9
chr17	 46400000	 47500000	22
chr17	 49650000	 46850000	56
chr17	 49850000	 49150000	14
chr17	 51500000	 51050000	9
chr17	 55050000	 55350000	6
chr17	 59300000	 59850000	11
chr17	 63700000	 64200000	10
chr17	 65950000	 66800000	17
chr17	 66450000	 65500000	19
chr17	 69700000	 69300000	8
chr17	 71500000	 70250000	25
chr17	 73200000	 73750000	11
chr17	 74000000	 72550000	29
chr17	 76750000	 77800000	21
chr17	 77350000	 78300000	19
chr17	 77750000	 76700000	21
chr17	 81550000	 82450000	18
chr17	 81850000	 80100000	35
chr17	 83900000	 85800000	38
chr17	 84750000	 85450000	14
chr17	 86750000	 87900000	23
chr17	 92600000	 91800000	16
chr18	  2150000	  4300000	43
chr18	  3900000	  4700000	16
chr18	  6800000	  5650000	23
chr18	  7600000	  6800000	16
chr18	 11350000	 11850000	10
chr18	 13050000	 14350000	26
chr18	 13650000	 14350000	14
chr18	 17350000	 19050000	34
chr18	 18700000	 17500000	24
chr18	 18750000	 20450000	34
chr18	 23500000	 22450000	21
chr18	 28700000	 27300000	28
chr18	 32600000	 33250000	13
chr18	 33300000	 34550000	25
chr18	 33750000	 37250000	70
chr18	 36150000	 35450000	14
chr18	 37400000	 39200000	36
chr18	 37850000	 38900000	21
chr18	 41850000	 41400000	9
chr18	 42300000	 42000000	6
chr18	 42350000	 43800000	29
chr18	 42900000	 42000000	18
chr18	 44300000	 42600000	34
chr18	 45800000	 47900000	42
chr18	 47750000	 50700000	59
chr18	 50000000	 48800000	24
chr18	 51400000	 52100000	14
chr18	 52300000	 52650000	7
chr18	 55150000	 56750000	32
chr18	 55450000	 52600000	57
chr18	 57000000	 56150000	17
chr18	 64300000	 62050000	45
chr18	 67500000	 66800000	14
chr18	 72750000	 72150000	12
chr18	 73950000	 74500000	11
chr18	 74500000	 74100000	8
chr18	 78200000	 78800000	12
chr18	 80600000	 79900000	14
chr18	 83600000	 82100000	30
chr18	 86500000	 87000000	10
chr18	 87350000	 85350000	40
chr18	 87350000	 86400000	19
chr18	 89950000	 88900000	21
chr18	 90250000	 89600000	13
chr19	  1800000	        0	36
chr19	  3650000	  3250000	8
chr19	  4150000	  3150000	20
chr19	  4800000	  5650000	17
chr19	  7100000	  7700000	12
chr19	  7350000	  8800000	29
chr19	 10900000	  9450000	29
chr19	 14450000	 12700000	35
chr19	 18300000	 17100000	24
chr19	 19750000	 23250000	70
chr19	 20700000	 21950000	25
chr19	 23250000	 22650000	12
chr19	 27950000	 26600000	27
chr19	 32500000	 31400000	22
chr19	 36300000	 37950000	33
chr19	 39500000	 40250000	15
chr19	 42150000	 43200000	21
chr19	 46400000	 47000000	12
chr19	 47150000	 45850000	26
chr19	 48600000	 49950000	27
chr19	 52350000	 53250000	18
chr19	 52500000	 53950000	29
chr19	 55250000	 57100000	37
chr2	  4250000	  5250000	20
chr2	 11250000	  9950000	26
chr2	 11900000	 13100000	24
chr2	 13100000	 13300000	4
chr2	 13450000	 15150000	34
chr2	 16150000	 15200000	19
chr2	 17150000	 18100000	19
chr2	 22900000	 23900000	20
chr2	 24150000	 23500000	13
chr2	 25050000	 26750000	34
chr2	 26950000	 26550000	8
chr2	 30000000	 29600000	8
chr2	 31100000	 28900000	44
chr2	 34850000	 35600000	15
chr2	 35850000	 35050000	16
chr2	 36700000	 34750000	39
chr2	 40300000	 39400000	18
chr2	 43150000	 44400000	25
chr2	 43650000	 44450000	16
chr2	 48450000	 48000000	9
chr2	 48550000	 50600000	41
chr2	 50300000	 50900000	12
chr2	 51800000	 54400000	52
chr2	 52150000	 51050000	22
chr2	 52800000	 51500000	26
chr2	 53950000	 54900000	19
chr2	 59350000	 59600000	5
chr2	 62400000	 60650000	35
chr2	 64750000	 65350000	12
chr2	 73200000	 70550000	53
chr2	 74200000	 71650000	51
chr2	 75350000	 76400000	21
chr2	 75750000	 75250000	10
chr2	 75800000	 76550000	15
chr2	 78450000	 76400000	41
chr2	 79450000	 79450000	0
chr2	 79700000	 79050000	13
chr2	 79700000	 80700000	20
chr2	 83900000	 85400000	30
chr2	 84250000	 85650000	28
chr2	 84550000	 84750000	4
chr2	 85600000	 86650000	21
chr2	 88200000	 89750000	31
chr2	 89350000	 90050000	14
chr2	 96850000	 97050000	4
chr2	100800000	 99700000	22
chr2	105750000	106550000	16
chr2	105950000	105650000	6
chr2	109600000	108350000	25
chr2	112900000	111300000	32
chr2	113550000	112300000	25
chr2	118850000	120350000	30
chr2	119100000	118350000	15
chr2	119350000	117600000	35
chr2	120450000	119700000	15
chr2	122750000	121750000	20
chr2	126700000	124850000	37
chr2	128050000	129000000	19
chr2	128800000	129850000	21
chr2	129100000	129350000	5
chr2	130300000	129050000	25
chr2	131200000	132650000	29
chr2	135800000	136950000	23
chr2	137300000	135950000	27
chr2	137600000	136400000	24
chr2	140800000	139550000	25
chr2	140800000	139750000	21
chr2	143250000	142850000	8
chr2	145200000	147050000	37
chr2	145250000	144800000	9
chr2	145500000	146650000	23
chr2	150800000	148700000	42
chr2	151300000	148500000	56
chr2	154150000	155050000	18
chr2	154800000	155750000	19
chr2	155000000	155450000	9
chr2	157550000	158650000	22
chr2	159550000	163200000	73
chr2	160000000	159400000	12
chr2	162350000	163050000	14
chr2	162800000	164600000	36
chr2	168250000	167550000	14
chr2	168600000	170950000	47
chr2	169300000	170100000	16
chr2	169400000	168750000	13
chr2	170000000	168900000	22
chr2	170450000	169500000	19
chr2	170650000	169350000	26
chr2	175750000	174700000	21
chr2	180000000	180900000	18
chr2	180600000	179450000	23
chr2	181300000	180450000	17
chr3	  1950000	  2400000	9
chr3	  2750000	  4100000	27
chr3	  5450000	  3750000	34
chr3	  8000000	  8550000	11
chr3	  8250000	  5000000	65
chr3	  9000000	  9400000	8
chr3	  9050000	 10450000	28
chr3	 10100000	  9500000	12
chr3	 11500000	 12300000	16
chr3	 14550000	 15950000	28
chr3	 15050000	 14350000	14
chr3	 16350000	 17050000	14
chr3	 17050000	 16200000	17
chr3	 23050000	 23500000	9
chr3	 25800000	 25450000	7
chr3	 28050000	 29050000	20
chr3	 29800000	 28150000	33
chr3	 36000000	 38100000	42
chr3	 36700000	 35800000	18
chr3	 38200000	 37150000	21
chr3	 41400000	 41900000	10
chr3	 44100000	 43650000	9
chr3	 49350000	 48950000	8
chr3	 54750000	 53100000	33
chr3	 58250000	 57150000	22
chr3	 66250000	 65050000	24
chr3	 66600000	 65700000	18
chr3	 70200000	 69150000	21
chr3	 72050000	 70050000	40
chr3	 74900000	 73850000	21
chr3	 75500000	 76050000	11
chr3	 78350000	 79200000	17
chr3	 82850000	 83500000	13
chr3	 82950000	 83750000	16
chr3	 83850000	 85150000	26
chr3	 84250000	 82850000	28
chr3	 85850000	 87600000	35
chr3	 86900000	 87950000	21
chr3	 88700000	 87850000	17
chr3	 92150000	 91600000	11
chr3	 92900000	 94150000	25
chr3	 96150000	 94450000	34
chr3	 96850000	 96250000	12
chr3	 97400000	 96000000	28
chr3	 97850000	 99100000	25
chr3	 98700000	 99550000	17
chr3	 99750000	 99600000	3
chr3	100450000	102350000	38
chr3	101000000	 99700000	26
chr3	102200000	101600000	12
chr3	102300000	101100000	24
chr3	110900000	112400000	30
chr3	111050000	109900000	23
chr3	111350000	111950000	12
chr3	114950000	114100000	17
chr3	116300000	115900000	8
chr3	125500000	126500000	20
chr3	127650000	126300000	27
chr3	128950000	128550000	8
chr3	130100000	129350000	15
chr3	135500000	134850000	13
chr3	137600000	136900000	14
chr3	137850000	139950000	42
chr3	143100000	144300000	24
chr3	143200000	144500000	26
chr3	144250000	143600000	13
chr3	148550000	149350000	16
chr3	151400000	152000000	12
chr3	153300000	153900000	12
chr3	157700000	156950000	15
chr4	   950000	  2650000	34
chr4	  2250000	  5250000	60
chr4	  2600000	  3500000	18
chr4	  6000000	  7000000	20
chr4	  8200000	  9600000	28
chr4	  9200000	  7300000	38
chr4	 10950000	  9750000	24
chr4	 12500000	 10850000	33
chr4	 13000000	 13700000	14
chr4	 14300000	 15150000	17
chr4	 14550000	 13950000	12
chr4	 17900000	 18250000	7
chr4	 25500000	 28450000	59
chr4	 29600000	 28600000	20
chr4	 31400000	 32300000	18
chr4	 32450000	 31300000	23
chr4	 32450000	 35750000	66
chr4	 32850000	 30550000	46
chr4	 38750000	 39500000	15
chr4	 40600000	 43200000	52
chr4	 47300000	 46200000	22
chr4	 47650000	 48350000	14
chr4	 49350000	 48600000	15
chr4	 51600000	 50300000	26
chr4	 52200000	 53600000	28
chr4	 52850000	 51550000	26
chr4	 54700000	 52850000	37
chr4	 57700000	 58650000	19
chr4	 59150000	 60450000	26
chr4	 60100000	 58500000	32
chr4	 62000000	 60850000	23
chr4	 62900000	 60950000	39
chr4	 64250000	 65050000	16
chr4	 68650000	 67300000	27
chr4	 68900000	 67900000	20
chr4	 69600000	 67950000	33
chr4	 70600000	 72600000	40
chr4	 71000000	 70400000	12
chr4	 71250000	 70300000	19
chr4	 74550000	 75450000	18
chr4	 75600000	 76100000	10
chr4	 78600000	 80100000	30
chr4	 84000000	 85200000	24
chr4	 86950000	 88600000	33
chr4	 88650000	 86250000	48
chr4	 89000000	 87350000	33
chr4	 89950000	 88000000	39
chr4	 92050000	 89900000	43
chr4	 92550000	 90000000	51
chr4	 92600000	 95950000	67
chr4	 94150000	 92950000	24
chr4	 94150000	 94700000	11
chr4	 97200000	 97950000	15
chr4	 97500000	 95700000	36
chr4	 98000000	100200000	44
chr4	 99250000	 98750000	10
chr4	101400000	100250000	23
chr4	104250000	104650000	8
chr4	110650000	110150000	10
chr4	112500000	110950000	31
chr4	113800000	115350000	31
chr4	114250000	115800000	31
chr4	115450000	117250000	36
chr4	115850000	117400000	31
chr4	115900000	117150000	25
chr4	116150000	116700000	11
chr4	116450000	114650000	36
chr4	116650000	114900000	35
chr4	121350000	120450000	18
chr4	122350000	119650000	54
chr4	123050000	125100000	41
chr4	124850000	125650000	16
chr4	125850000	124700000	23
chr4	126050000	126450000	8
chr4	126500000	128150000	33
chr4	126550000	129000000	49
chr4	128200000	127050000	23
chr4	132350000	131250000	22
chr4	134450000	133350000	22
chr4	135850000	137100000	25
chr4	137400000	138350000	19
chr4	137700000	136700000	20
chr4	144300000	145550000	25
chr4	147900000	148250000	7
chr4	149350000	149650000	6
chr4	149800000	148600000	24
chr4	151400000	149850000	31
chr5	  2100000	  2700000	12
chr5	  6200000	  5350000	17
chr5	  6750000	  8150000	28
chr5	  8250000	  7250000	20
chr5	  8500000	 13050000	91
chr5	 16500000	 17100000	12
chr5	 20000000	 19250000	15
chr5	 30850000	 29000000	37
chr5	 35300000	 36750000	29
chr5	 35450000	 35000000	9
chr5	 37150000	 39000000	37
chr5	 38550000	 38950000	8
chr5	 41450000	 39550000	38
chr5	 42300000	 41050000	25
chr5	 45700000	 46550000	17
chr5	 47600000	 46600000	20
chr5	 48050000	 45700000	47
chr5	 48600000	 47050000	31
chr5	 50450000	 51300000	17
chr5	 53200000	 53650000	9
chr5	 53350000	 52000000	27
chr5	 55900000	 54300000	32
chr5	 56600000	 55750000	17
chr5	 60350000	 57600000	55
chr5	 61050000	 60000000	21
chr5	 61650000	 61300000	7
chr5	 62000000	 61200000	16
chr5	 62900000	 64400000	30
chr5	 63750000	 64300000	11
chr5	 65100000	 66750000	33
chr5	 66300000	 65050000	25
chr5	 71650000	 70750000	18
chr5	 72200000	 69750000	49
chr5	 74800000	 73700000	22
chr5	 78500000	 79650000	23
chr5	 79150000	 78500000	13
chr5	 83450000	 83800000	7
chr5	 83550000	 82950000	12
chr5	 83700000	 81400000	46
chr5	 85650000	 87850000	44
chr5	 87400000	 88200000	16
chr5	 93900000	 94700000	16
chr5	 94850000	 93250000	32
chr5	 95550000	 97500000	39
chr5	 97550000	 98700000	23
chr5	 97850000	102450000	92
chr5	 98500000	 96750000	35
chr5	101700000	 97800000	78
chr5	109750000	110450000	14
chr5	110750000	112600000	37
chr5	113850000	114500000	13
chr5	114100000	113150000	19
chr5	115300000	116800000	30
chr5	117150000	116500000	13
chr5	117150000	119400000	45
chr5	118600000	117700000	18
chr5	120500000	121850000	27
chr5	121750000	122100000	7
chr5	122350000	123800000	29
chr5	123350000	125300000	39
chr5	123800000	122750000	21
chr5	125350000	125050000	6
chr5	125700000	125000000	14
chr5	128050000	129500000	29
chr5	128450000	128900000	9
chr5	129600000	128650000	19
chr5	130950000	131300000	7
chr5	133200000	134450000	25
chr5	133850000	133150000	14
chr5	133850000	133300000	11
chr5	137000000	135850000	23
chr5	138450000	138950000	10
chr5	138600000	139950000	27
chr5	139200000	138500000	14
chr5	139400000	138350000	21
chr5	141650000	140800000	17
chr5	143750000	144250000	10
chr5	146150000	145600000	11
chr5	147800000	148750000	19
chr6	  1050000	  1950000	18
chr6	  7600000	  5950000	33
chr6	  9950000	  8400000	31
chr6	 10100000	  7500000	52
chr6	 12750000	 11750000	20
chr6	 13000000	 13600000	12
chr6	 15100000	 14200000	18
chr6	 15650000	 13150000	50
chr6	 15850000	 14450000	28
chr6	 16200000	 16750000	11
chr6	 16800000	 17400000	12
chr6	 23000000	 25050000	41
chr6	 23100000	 20700000	48
chr6	 23750000	 22100000	33
chr6	 28200000	 29950000	35
chr6	 28800000	 27700000	22
chr6	 31150000	 30000000	23
chr6	 31750000	 33200000	29
chr6	 32650000	 31500000	23
chr6	 35350000	 34200000	23
chr6	 35400000	 36550000	23
chr6	 36700000	 37650000	19
chr6	 37250000	 36550000	14
chr6	 37300000	 38100000	16
chr6	 40600000	 38900000	34
chr6	 42250000	 41450000	16
chr6	 44200000	 45150000	19
chr6	 45650000	 43400000	45
chr6	 47400000	 46400000	20
chr6	 47950000	 48300000	7
chr6	 50600000	 52000000	28
chr6	 56350000	 57050000	14
chr6	 57150000	 57650000	10
chr6	 60950000	 61850000	18
chr6	 61400000	 63000000	32
chr6	 62850000	 64800000	39
chr6	 64900000	 62700000	44
chr6	 66500000	 64800000	34
chr6	 70500000	 71050000	11
chr6	 73850000	 72300000	31
chr6	 76050000	 75400000	13
chr6	 80450000	 79200000	25
chr6	 81850000	 85700000	77
chr6	 82450000	 80900000	31
chr6	 86500000	 84650000	37
chr6	 86900000	 86400000	10
chr6	 87900000	 86450000	29
chr6	 90550000	 91250000	14
chr6	 95450000	 94650000	16
chr6	 96100000	 94850000	25
chr6	 96600000	 97450000	17
chr6	 97650000	 97050000	12
chr6	100200000	 99400000	16
chr6	105100000	106200000	22
chr6	105350000	105900000	11
chr6	106450000	105500000	19
chr6	108000000	108650000	13
chr6	109000000	110200000	24
chr6	109150000	108600000	11
chr6	111350000	112350000	20
chr6	115000000	113950000	21
chr6	118000000	117650000	7
chr6	119300000	118750000	11
chr6	120650000	120150000	10
chr6	121450000	118750000	54
chr6	122200000	123350000	23
chr6	124250000	122900000	27
chr6	127650000	128450000	16
chr6	128250000	129000000	15
chr6	129650000	128550000	22
chr6	132900000	132200000	14
chr6	134900000	134400000	10
chr6	135550000	136300000	15
chr6	138400000	139050000	13
chr6	139250000	138800000	9
chr6	141600000	142800000	24
chr6	142300000	143300000	20
chr6	144050000	143200000	17
chr6	147000000	146200000	16
chr7	  1200000	  2050000	17
chr7	  3200000	  5100000	38
chr7	  4200000	  2250000	39
chr7	  6200000	  4650000	31
chr7	  6700000	  8100000	28
chr7	  9900000	 10650000	15
chr7	 10300000	 10900000	12
chr7	 10350000	 10050000	6
chr7	 10600000	  9500000	22
chr7	 12550000	 12200000	7
chr7	 16000000	 16650000	13
chr7	 17900000	 19300000	28
chr7	 19500000	 18150000	27
chr7	 23200000	 22500000	14
chr7	 23450000	 22000000	29
chr7	 24250000	 22500000	35
chr7	 25050000	 26000000	19
chr7	 28100000	 27450000	13
chr7	 31350000	 32300000	19
chr7	 32400000	 30700000	34
chr7	 32800000	 31000000	36
chr7	 33850000	 34400000	11
chr7	 38200000	 37100000	22
chr7	 40250000	 41450000	24
chr7	 40900000	 40100000	16
chr7	 43850000	 43100000	15
chr7	 44700000	 46100000	28
chr7	 45850000	 46350000	10
chr7	 46750000	 49800000	61
chr7	 47800000	 49500000	34
chr7	 51500000	 50800000	14
chr7	 53300000	 52750000	11
chr7	 54300000	 53900000	8
chr7	 56700000	 59500000	56
chr7	 57250000	 55750000	30
chr7	 59050000	 58300000	15
chr7	 59650000	 57250000	48
chr7	 61150000	 63500000	47
chr7	 63550000	 65150000	32
chr7	 64300000	 63050000	25
chr7	 64700000	 65200000	10
chr7	 65400000	 64700000	14
chr7	 65900000	 65300000	12
chr7	 66100000	 66750000	13
chr7	 67000000	 68650000	33
chr7	 69500000	 68600000	18
chr7	 69900000	 69050000	17
chr7	 70050000	 72100000	41
chr7	 71700000	 72500000	16
chr7	 77600000	 78150000	11
chr7	 77850000	 78500000	13
chr7	 78600000	 77300000	26
chr7	 80800000	 84150000	67
chr7	 83450000	 83200000	5
chr7	 85950000	 86950000	20
chr7	 86350000	 86850000	10
chr7	 87200000	 87800000	12
chr7	 87800000	 87800000	0
chr7	 90600000	 89200000	28
chr7	 92800000	 93500000	14
chr7	 93600000	 91800000	36
chr7	 94450000	 91950000	50
chr7	 97650000	 96600000	21
chr7	 99300000	100050000	15
chr7	 99300000	101400000	42
chr7	 99550000	 99950000	8
chr7	100850000	100150000	14
chr7	101300000	101650000	7
chr7	103800000	103050000	15
chr7	105800000	104800000	20
chr7	106800000	107200000	8
chr7	106800000	108100000	26
chr7	118550000	119450000	18
chr7	119950000	118600000	27
chr7	120750000	121950000	24
chr7	124750000	125300000	11
chr7	127750000	130000000	45
chr7	131450000	130100000	27
chr7	131600000	132750000	23
chr7	133650000	131500000	43
chr7	134550000	136700000	43
chr7	136050000	136850000	16
chr7	136350000	137150000	16
chr7	137100000	138300000	24
chr7	137350000	136250000	22
chr7	141100000	142150000	21
chr7	142400000	143400000	20
chr7	144350000	143500000	17
chr7	144800000	144400000	8
chr8	   650000	  1900000	25
chr8	  1700000	  2500000	16
chr8	  2250000	  3500000	25
chr8	  2550000	  3250000	14
chr8	  3100000	   650000	49
chr8	  5200000	  4000000	24
chr8	  5600000	  6900000	26
chr8	 10650000	 13050000	48
chr8	 16800000	 14900000	38
chr8	 17750000	 17300000	9
chr8	 18450000	 16750000	34
chr8	 21950000	 23450000	30
chr8	 22800000	 23350000	11
chr8	 23400000	 24750000	27
chr8	 24150000	 24700000	11
chr8	 24350000	 24950000	12
chr8	 25000000	 25750000	15
chr8	 25650000	 29200000	71
chr8	 26600000	 27900000	26
chr8	 27400000	 25150000	45
chr8	 27950000	 27000000	19
chr8	 29250000	 28150000	22
chr8	 30500000	 30200000	6
chr8	 31250000	 30400000	17
chr8	 39100000	 37900000	24
chr8	 39200000	 36200000	60
chr8	 44600000	 45300000	14
chr8	 48250000	 47250000	20
chr8	 52450000	 51000000	29
chr8	 53150000	 55900000	55
chr8	 54000000	 54450000	9
chr8	 55900000	 56600000	14
chr8	 64700000	 63150000	31
chr8	 66550000	 65550000	20
chr8	 68950000	 71750000	56
chr8	 69700000	 68650000	21
chr8	 73450000	 72700000	15
chr8	 75200000	 75900000	14
chr8	 75800000	 75000000	16
chr8	 77950000	 79200000	25
chr8	 88000000	 90300000	46
chr8	 88850000	 88400000	9
chr8	 89700000	 88950000	15
chr8	 92600000	 93700000	22
chr8	 93250000	 94850000	32
chr8	 96550000	 98550000	40
chr8	 98500000	 98000000	10
chr8	 99350000	100200000	17
chr8	106450000	104700000	35
chr8	112100000	112550000	9
chr8	112700000	111700000	20
chr8	113300000	115950000	53
chr8	113350000	115100000	35
chr8	118150000	117050000	22
chr8	118700000	119750000	21
chr8	119500000	119200000	6
chr8	120250000	121300000	21
chr8	121100000	122800000	34
chr8	123150000	124750000	32
chr8	123350000	123050000	6
chr8	124400000	122400000	40
chr8	125650000	124650000	20
chr8	129300000	127950000	27
chr9	  1800000	  1250000	11
chr9	  3000000	  2250000	15
chr9	  3750000	  4450000	14
chr9	 11900000	 12650000	15
chr9	 14200000	 12550000	33
chr9	 15300000	 14750000	11
chr9	 17650000	 16950000	14
chr9	 18000000	 18650000	13
chr9	 21400000	 22000000	12
chr9	 25600000	 24550000	21
chr9	 27250000	 26300000	19
chr9	 35950000	 35950000	0
chr9	 36400000	 36850000	9
chr9	 38050000	 39250000	24
chr9	 40500000	 41200000	14
chr9	 42500000	 42000000	10
chr9	 42850000	 42300000	11
chr9	 44800000	 45950000	23
chr9	 45850000	 48150000	46
chr9	 47100000	 47700000	12
chr9	 57050000	 55250000	36
chr9	 60550000	 59650000	18
chr9	 60800000	 59950000	17
chr9	 61850000	 60350000	30
chr9	 64950000	 62050000	58
chr9	 65100000	 64450000	13
chr9	 66950000	 67750000	16
chr9	 67500000	 69650000	43
chr9	 67850000	 67350000	10
chr9	 70850000	 71350000	10
chr9	 71600000	 72950000	27
chr9	 72950000	 73600000	13
chr9	 73250000	 74150000	18
chr9	 74150000	 74900000	15
chr9	 76300000	 75750000	11
chr9	 77300000	 78150000	17
chr9	 80950000	 82300000	27
chr9	 86050000	 84950000	22
chr9	 88950000	 88300000	13
chr9	 89300000	 87600000	34
chr9	 91150000	 92100000	19
chr9	 92050000	 90850000	24
chr9	 94750000	 92700000	41
chr9	 97100000	 98500000	28
chr9	101800000	103800000	40
chr9	102150000	100450000	34
chr9	103350000	104100000	15
chr9	103800000	102150000	33
chr9	105650000	107300000	33
chr9	105900000	104150000	35
chr9	108450000	108850000	8
chr9	108850000	107350000	30
chr9	116650000	118400000	35
chr9	119600000	118700000	18
chr9	122450000	124350000	38
chrX	  4000000	  2900000	22
chrX	  6300000	  4450000	37
chrX	 13100000	 12600000	10
chrX	 16500000	 14500000	40
chrX	 21150000	 21500000	7
chrX	 23500000	 22150000	27
chrX	 24700000	 23600000	22
chrX	 26700000	 27700000	20
chrX	 29250000	 30300000	21
chrX	 32300000	 31600000	14
chrX	 34350000	 33800000	11
chrX	 34800000	 33950000	17
chrX	 42450000	 43950000	30
chrX	 43750000	 45200000	29
chrX	 44550000	 45000000	9
chrX	 45050000	 44150000	18
chrX	 48100000	 46650000	29
chrX	 53850000	 56800000	59
chrX	 57500000	 58000000	10
chrX	 59950000	 60550000	12
chrX	 60550000	 58500000	41
chrX	 61850000	 62300000	9
chrX	 62900000	 61900000	20
chrX	 67650000	 68850000	24
chrX	 68750000	 68500000	5
chrX	 69900000	 71150000	25
chrX	 71700000	 70300000	28
chrX	 73350000	 72850000	10
chrX	 73650000	 72550000	22
chrX	 77600000	 78550000	19
chrX	 78050000	 79450000	28
chrX	 78850000	 76150000	54
chrX	 78950000	 78350000	12
chrX	 78950000	 79850000	18
chrX	 79450000	 78950000	10
chrX	 82550000	 81550000	20
chrX	 83550000	 82450000	22
chrX	 83750000	 85800000	41
chrX	 86800000	 87700000	18
chrX	 89500000	 89750000	5
chrX	 92450000	 91700000	15
chrX	 93350000	 93350000	0
chrX	 94400000	 95400000	20
chrX	 95300000	 94100000	24
chrX	 95550000	 96900000	27
chrX	 98750000	 99400000	13
chrX	100450000	101900000	29
chrX	106550000	105450000	22
chrX	109700000	109350000	7
chrX	109950000	110450000	10
chrX	112850000	114500000	33
chrX	113300000	113100000	4
chrX	114000000	112900000	22
chrX	114300000	113300000	20
chrX	116450000	114900000	31
chrX	117950000	117250000	14
chrX	118350000	119000000	13
chrX	120000000	120900000	18
chrX	124650000	126100000	29
chrX	127750000	129250000	30
chrX	128750000	127950000	16
chrX	132050000	132400000	7
chrX	132950000	132750000	4
chrX	133550000	136200000	53
chrX	135200000	134150000	21
chrX	137500000	136650000	17
chrX	138450000	137850000	12
chrX	138800000	136700000	42
chrX	144950000	144100000	17
chrX	151900000	153000000	22
chrX	153500000	153200000	6
chrX	153950000	156200000	45
chrX	155200000	154400000	16
chrX	158000000	156150000	37
chrX	158100000	159300000	24
chrX	158800000	160950000	43
chrX	159450000	159900000	9
chrX	160350000	156950000	68
chrX	163500000	165850000	47
chrX	165750000	164500000	25
chrX	168550000	167750000	16
chrY	  1150000	        0	23
chrY	  1300000	   500000	16
chrY	  3000000	  4150000	23
chrY	  3650000	  2100000	31
chrY	  4100000	  2750000	27
chrY	  5000000	  4250000	15
chrY	  5700000	  6100000	8
chrY	  6250000	  8550000	46
chrY	 11000000	  9050000	39
chrY	 13100000	 11950000	23
chrY	 13750000	 14400000	13
chrY	 15200000	 14750000	9
chrY	 16450000	 16050000	8
chrY	 21200000	 21600000	8
chrY	 21300000	 22650000	27
chrY	 23300000	 22450000	17
chrY	 23550000	 22350000	24
chrY	 25000000	 25600000	12
chrY	 26950000	 28750000	36
chrY	 28800000	 30400000	32
chrY	 28850000	 27900000	19
chrY	 31000000	 30500000	10
chrY	 31100000	 31900000	16
chrY	 32150000	 34250000	42
chrY	 33750000	 35200000	29
chrY	 34950000	 34300000	13
chrY	 40350000	 41700000	27
chrY	 41050000	 42950000	38
chrY	 41100000	 40700000	8
chrY	 42450000	 44400000	39
chrY	 45150000	 45750000	12
chrY	 47450000	 49300000	37
chrY	 50500000	 48850000	33
chrY	 54600000	 57700000	62
chrY	 56300000	 57050000	15
chrY	 58800000	 57700000	22
chrY	 60400000	 58900000	30
chrY	 65750000	 67200000	29
chrY	 66550000	 68350000	36
chrY	 74300000	 73550000	15
chrY	 75650000	 74350000	26
chrY	 80450000	 81700000	25
chrY	 80600000	 81300000	14
chrY	 85650000	 84050000	32
chrY	 86200000	 87300000	22
chrY	 86650000	 86100000	11
chrY	 88050000	 86250000	36
chrY	 91450000	 87750000	74
