chr1	  1000000	  1750000	15
chr1	  2000000	  2500000	10
chr1	  3000000	  1950000	21
chr1	  3950000	  3050000	18
chr1	  7000000	  8650000	33
chr1	  7700000	  6400000	26
chr1	  9250000	  8500000	15
chr1	 13950000	 15350000	28
chr1	 15500000	 13100000	48
chr1	 17900000	 16250000	33
chr1	 18450000	 17500000	19
chr1	 24200000	 21600000	52
chr1	 25100000	 25850000	15
chr1	 27900000	 26550000	27
chr1	 29600000	 31550000	39
chr1	 31300000	 33050000	35
chr1	 31600000	 31950000	7
chr1	 36550000	 37200000	13
chr1	 38650000	 38350000	6
chr1	 40800000	 42100000	26
chr1	 42050000	 43650000	32
chr1	 44050000	 45050000	20
chr1	 44550000	 43550000	20
chr1	 53600000	 54650000	21
chr1	 54400000	 55600000	24
chr1	 54650000	 53750000	18
chr1	 55200000	 55650000	9
chr1	 57900000	 59050000	23
chr1	 61450000	 58600000	57
chr1	 67100000	 67550000	9
chr1	 69400000	 68600000	16
chr1	 70150000	 68250000	38
chr1	 71200000	 72900000	34
chr1	 71900000	 74050000	43
chr1	 73100000	 72550000	11
chr1	 74650000	 73550000	22
chr1	 76000000	 74700000	26
chr1	 76900000	 75500000	28
chr1	 81100000	 79250000	37
chr1	 84700000	 86250000	31
chr1	 87500000	 85250000	45
chr1	 87850000	 86750000	22
chr1	 90750000	 91350000	12
chr1	 92950000	 94700000	35
chr1	 93400000	 95950000	51
chr1	 93450000	 92400000	21
chr1	 93600000	 91750000	37
chr1	 98500000	 99100000	12
chr1	 99500000	 99850000	7
chr1	101450000	100850000	12
chr1	101850000	101350000	10
chr1	103050000	102300000	15
chr1	105000000	105700000	14
chr1	108450000	106500000	39
chr1	110700000	111500000	16
chr1	111850000	114650000	56
chr1	113300000	114700000	28
chr1	116750000	117200000	9
chr1	117650000	115400000	45
chr1	122750000	120050000	54
chr1	124150000	123500000	13
chr1	125950000	128850000	58
chr1	128150000	127350000	16
chr1	131450000	133700000	45
chr1	132000000	132450000	9
chr1	132450000	133900000	29
chr1	132650000	131550000	22
chr1	133100000	131550000	31
chr1	133550000	133150000	8
chr1	135300000	135950000	13
chr1	140200000	139450000	15
chr1	140350000	139550000	16
chr1	144450000	145600000	23
chr1	150300000	151300000	20
chr1	157000000	157950000	19
chr1	157450000	158850000	28
chr1	165000000	165500000	10
chr1	166350000	165400000	19
chr1	167600000	167150000	9
chr1	168050000	168500000	9
chr1	169000000	169700000	14
chr1	171550000	172250000	14
chr1	172000000	170550000	29
chr1	172450000	173600000	23
chr1	173550000	173850000	6
chr1	174500000	175100000	12
chr1	175400000	174850000	11
chr1	177250000	176400000	17
chr1	177350000	178950000	32
chr1	187550000	189750000	44
chr1	188200000	187600000	12
chr1	189750000	188800000	19
chr1	189850000	190500000	13
chr1	193300000	193700000	8
chr1	193700000	194150000	9
chr10	  1600000	   850000	15
chr10	  6550000	  7500000	19
chr10	  7550000	  8800000	25
chr10	  8850000	  9500000	13
chr10	  9150000	  8100000	21
chr10	 12850000	  9350000	70
chr10	 12850000	 13400000	11
chr10	 14150000	 14850000	14
chr10	 16000000	 16900000	18
chr10	 16150000	 15450000	14
chr10	 19050000	 17900000	23
chr10	 19450000	 18700000	15
chr10	 19600000	 18750000	17
chr10	 19650000	 20250000	12
chr10	 19800000	 18200000	32
chr10	 22450000	 21450000	20
chr10	 22700000	 21550000	23
chr10	 25050000	 24700000	7
chr10	 25200000	 23450000	35
chr10	 30150000	 30600000	9
chr10	 30450000	 30750000	6
chr10	 35700000	 36450000	15
chr10	 37550000	 38150000	12
chr10	 39500000	 40000000	10
chr10	 42650000	 41600000	21
chr10	 44550000	 43550000	20
chr10	 51600000	 53000000	28
chr10	 56500000	 55850000	13
chr10	 59000000	 60300000	26
chr10	 59950000	 61350000	28
chr10	 60400000	 58950000	29
chr10	 60600000	 60250000	7
chr10	 61150000	 61650000	10
chr10	 61600000	 64400000	56
chr10	 63100000	 64550000	29
chr10	 64000000	 62800000	24
chr10	 66150000	 64750000	28
chr10	 69300000	 70400000	22
chr10	 69600000	 72600000	60
chr10	 69900000	 70500000	12
chr10	 73400000	 74750000	27
chr10	 73750000	 72600000	23
chr10	 74000000	 73250000	15
chr10	 74300000	 73600000	14
chr10	 75500000	 74800000	14
chr10	 77750000	 76800000	19
chr10	 81200000	 81950000	15
chr10	 81500000	 80800000	14
chr10	 83500000	 83500000	0
chr10	 83950000	 85400000	29
chr10	 84300000	 84800000	10
chr10	 85250000	 84850000	8
chr10	 92650000	 92850000	4
chr10	 93250000	 91200000	41
chr10	 93250000	 95000000	35
chr10	 94850000	 96400000	31
chr10	 95600000	 93650000	39
chr10	 96350000	 95250000	22
chr10	 97900000	 98700000	16
chr10	 98450000	 98000000	9
chr10	 98800000	 97350000	29
chr10	103500000	104650000	23
chr10	104300000	103100000	24
chr10	104350000	102650000	34
chr10	107400000	106650000	15
chr10	111500000	112900000	28
chr10	116600000	115750000	17
chr10	116600000	115850000	15
chr10	118400000	117250000	23
chr10	120050000	118250000	36
chr10	123050000	124300000	25
chr10	123050000	124600000	31
chr10	124250000	125350000	22
chr10	124750000	122450000	46
chr10	127900000	129250000	27
chr10	128450000	129300000	17
chr11	  1600000	  5350000	75
chr11	  3450000	  3850000	8
chr11	  7100000	  5750000	27
chr11	  9700000	 12200000	50
chr11	 10550000	 12350000	36
chr11	 10750000	 10100000	13
chr11	 10850000	 12200000	27
chr11	 11300000	 12850000	31
chr11	 11300000	 13000000	34
chr11	 11400000	 10750000	13
chr11	 12200000	 10150000	41
chr11	 13050000	 11800000	25
chr11	 14400000	 13850000	11
chr11	 15000000	 15400000	8
chr11	 17750000	 18800000	21
chr11	 19600000	 20800000	24
chr11	 20200000	 19550000	13
chr11	 21200000	 19750000	29
chr11	 21900000	 21350000	11
chr11	 25100000	 26800000	34
chr11	 29100000	 29950000	17
chr11	 29950000	 30600000	13
chr11	 30700000	 30150000	11
chr11	 31450000	 32800000	27
chr11	 32700000	 31450000	25
chr11	 32850000	 31500000	27
chr11	 33300000	 34200000	18
chr11	 37750000	 38550000	16
chr11	 38400000	 38400000	0
chr11	 39350000	 38500000	17
chr11	 40050000	 41500000	29
chr11	 41100000	 41850000	15
chr11	 41600000	 42450000	17
chr11	 44300000	 44600000	6
chr11	 50700000	 51900000	24
chr11	 52050000	 49750000	46
chr11	 56050000	 54950000	22
chr11	 57300000	 58000000	14
chr11	 59250000	 60500000	25
chr11	 59650000	 58750000	18
chr11	 59850000	 60450000	12
chr11	 61950000	 61350000	12
chr11	 66300000	 67050000	15
chr11	 67850000	 66850000	20
chr11	 69200000	 70300000	22
chr11	 73150000	 72200000	19
chr11	 78650000	 77400000	25
chr11	 81700000	 82450000	15
chr11	 83450000	 84150000	14
chr11	 83500000	 84350000	17
chr11	 83600000	 83900000	6
chr11	 85500000	 84500000	20
chr11	 86900000	 85800000	22
chr11	 87900000	 87100000	16
chr11	 89800000	 88950000	17
chr11	 90200000	 89000000	24
chr11	 91200000	 91600000	8
chr11	 94050000	 95050000	20
chr11	 97050000	 97400000	7
chr11	 98750000	 98250000	10
chr11	 99100000	 98350000	15
chr11	101700000	 98650000	61
chr11	102050000	100100000	39
chr11	102050000	101050000	20
chr11	103950000	106450000	50
chr11	104600000	104050000	11
chr11	104850000	104500000	7
chr11	107200000	105200000	40
chr11	108750000	109400000	13
chr11	109800000	110850000	21
chr11	111850000	110950000	18
chr11	118300000	118800000	10
chr12	  1750000	   400000	27
chr12	  4600000	  5400000	16
chr12	  6300000	  4750000	31
chr12	 10200000	 10900000	14
chr12	 10500000	  9450000	21
chr12	 17700000	 19650000	39
chr12	 18100000	 18850000	15
chr12	 22300000	 20700000	32
chr12	 23550000	 24600000	21
chr12	 23700000	 24850000	23
chr12	 28600000	 29700000	22
chr12	 29100000	 30100000	20
chr12	 30850000	 30150000	14
chr12	 33650000	 34000000	7
chr12	 33850000	 35600000	35
chr12	 36350000	 35300000	21
chr12	 37350000	 37350000	0
chr12	 39550000	 41450000	38
chr12	 43650000	 45100000	29
chr12	 48600000	 48150000	9
chr12	 51750000	 52650000	18
chr12	 54650000	 54650000	0
chr12	 54850000	 53400000	29
chr12	 56300000	 57900000	32
chr12	 59050000	 59900000	17
chr12	 65450000	 66100000	13
chr12	 70050000	 68850000	24
chr12	 70200000	 69000000	24
chr12	 74100000	 74550000	9
chr12	 76850000	 77700000	17
chr12	 78700000	 76000000	54
chr12	 79400000	 80400000	20
chr12	 81400000	 81000000	8
chr12	 81600000	 82200000	12
chr12	 84350000	 83600000	15
chr12	 85500000	 84850000	13
chr12	 88600000	 87500000	22
chr12	 88650000	 89100000	9
chr12	 89900000	 91200000	26
chr12	 90550000	 89450000	22
chr12	 94150000	 95100000	19
chr12	 94300000	 95200000	18
chr12	 95500000	 93800000	34
chr12	 95500000	 97100000	32
chr12	 95700000	 94750000	19
chr12	 98550000	 96350000	44
chr12	109350000	106750000	52
chr12	110150000	108450000	34
chr12	110900000	111700000	16
chr12	118350000	117500000	17
chr13	   900000	  1750000	17
chr13	  4250000	  5150000	18
chr13	  4700000	  5200000	10
chr13	  5700000	  6050000	7
chr13	 12400000	 13950000	31
chr13	 18600000	 20600000	40
chr13	 24550000	 26150000	32
chr13	 25100000	 24500000	12
chr13	 30950000	 30550000	8
chr13	 32150000	 33150000	20
chr13	 33100000	 32800000	6
chr13	 34100000	 32600000	30
chr13	 35000000	 36900000	38
chr13	 35800000	 36750000	19
chr13	 36950000	 38550000	32
chr13	 37750000	 36150000	32
chr13	 40050000	 42100000	41
chr13	 40200000	 37950000	45
chr13	 40350000	 41250000	18
chr13	 41150000	 38750000	48
chr13	 41450000	 43250000	36
chr13	 42250000	 41200000	21
chr13	 47600000	 47300000	6
chr13	 48100000	 47400000	14
chr13	 57200000	 56300000	18
chr13	 63200000	 62350000	17
chr13	 67350000	 68650000	26
chr13	 68100000	 66950000	23
chr13	 69800000	 70700000	18
chr13	 73150000	 71050000	42
chr13	 75000000	 76350000	27
chr13	 76200000	 77400000	24
chr13	 76950000	 78150000	24
chr13	 79850000	 76950000	58
chr13	 81750000	 80000000	35
chr13	 81850000	 82850000	20
chr13	 83850000	 83200000	13
chr13	 83850000	 84550000	14
chr13	 87900000	 89400000	30
chr13	 89250000	 90650000	28
chr13	 89550000	 88650000	18
chr13	 90600000	 90050000	11
chr13	 90700000	 92000000	26
chr13	 90850000	 91900000	21
chr13	 91800000	 91200000	12
chr13	 92550000	 93950000	28
chr13	 96700000	 94500000	44
chr13	 98350000	 99700000	27
chr13	 98850000	 96450000	48
chr13	100150000	100650000	10
chr13	100400000	 99150000	25
chr13	102250000	100600000	33
chr13	103100000	102300000	16
chr13	104150000	103400000	15
chr13	104800000	106900000	42
chr13	107250000	104900000	47
chr13	108700000	109250000	11
chr13	109050000	110300000	25
chr13	112050000	110600000	29
chr13	114400000	116300000	38
chr14	  1100000	  1600000	10
chr14	  2200000	  2900000	14
chr14	  4750000	  3450000	26
chr14	  4950000	  4400000	11
chr14	  7150000	  5900000	25
chr14	  8900000	 10700000	36
chr14	 11050000	 11400000	7
chr14	 11600000	 12300000	14
chr14	 12050000	 13250000	24
chr14	 13100000	 14050000	19
chr14	 16100000	 15300000	16
chr14	 16150000	 14700000	29
chr14	 18150000	 15650000	50
chr14	 18750000	 17000000	35
chr14	 19800000	 18500000	26
chr14	 20050000	 21550000	30
chr14	 20450000	 21600000	23
chr14	 22750000	 24350000	32
chr14	 23400000	 25350000	39
chr14	 23700000	 24950000	25
chr14	 28650000	 29250000	12
chr14	 31500000	 30700000	16
chr14	 34250000	 35150000	18
chr14	 36500000	 37250000	15
chr14	 37500000	 35350000	43
chr14	 37750000	 36100000	33
chr14	 38550000	 37100000	29
chr14	 38850000	 36200000	53
chr14	 41800000	 41250000	11
chr14	 42700000	 44750000	41
chr14	 46200000	 41650000	91
chr14	 52700000	 52700000	0
chr14	 54150000	 51600000	51
chr14	 55000000	 55900000	18
chr14	 55700000	 55100000	12
chr14	 61500000	 60750000	15
chr14	 61550000	 59150000	48
chr14	 61550000	 63250000	34
chr14	 66700000	 65250000	29
chr14	 66900000	 67400000	10
chr14	 68300000	 69800000	30
chr14	 69650000	 68800000	17
chr14	 71100000	 71900000	16
chr14	 71350000	 70550000	16
chr14	 74100000	 76950000	57
chr14	 79050000	 77650000	28
chr14	 86500000	 85900000	12
chr14	 87450000	 87650000	4
chr14	 88800000	 89500000	14
chr14	 96800000	 98150000	27
chr14	 97600000	 98100000	10
chr14	100350000	 98500000	37
chr14	103550000	104850000	26
chr14	103850000	103400000	9
chr14	105950000	104700000	25
chr14	108950000	110600000	33
chr14	111950000	113450000	30
chr14	112450000	111750000	14
chr14	113550000	112700000	17
chr14	116650000	116200000	9
chr14	117150000	117550000	8
chr14	123050000	123700000	13
chr15	  1200000	   600000	12
chr15	  9850000	  9000000	17
chr15	 12350000	 14200000	37
chr15	 13550000	 14650000	22
chr15	 13750000	 15150000	28
chr15	 14400000	 14000000	8
chr15	 14950000	 16200000	25
chr15	 20150000	 21150000	20
chr15	 23100000	 21100000	40
chr15	 32850000	 31900000	19
chr15	 34850000	 33450000	28
chr15	 36400000	 37150000	15
chr15	 36500000	 37350000	17
chr15	 38850000	 38150000	14
chr15	 39650000	 38450000	24
chr15	 41200000	 42050000	17
chr15	 41600000	 40600000	20
chr15	 47400000	 46000000	28
chr15	 47400000	 48550000	23
chr15	 54600000	 53050000	31
chr15	 55850000	 56700000	17
chr15	 56000000	 57600000	32
chr15	 56450000	 55650000	16
chr15	 56750000	 55650000	22
chr15	 60000000	 58800000	24
chr15	 61850000	 61650000	4
chr15	 63900000	 66150000	45
chr15	 65450000	 65000000	9
chr15	 65700000	 66700000	20
chr15	 71000000	 70550000	9
chr15	 71350000	 70450000	18
chr15	 72250000	 71200000	21
chr15	 72900000	 74550000	33
chr15	 73750000	 72100000	33
chr15	 77350000	 75650000	34
chr15	 78100000	 78650000	11
chr15	 78350000	 81150000	56
chr15	 79300000	 80600000	26
chr15	 82100000	 84100000	40
chr15	 89750000	 85150000	92
chr15	 90800000	 91450000	13
chr15	 94400000	 95950000	31
chr16	  2400000	  2950000	11
chr16	  3050000	  3800000	15
chr16	  4100000	  3250000	17
chr16	  5150000	  5650000	10
chr16	  5450000	  4600000	17
chr16	  7800000	  6750000	21
chr16	  7950000	  5950000	40
chr16	 13000000	 15300000	46
chr16	 13500000	 11150000	47
chr16	 13650000	 14350000	14
chr16	 14050000	 14650000	12
chr16	 16400000	 15400000	20
chr16	 17600000	 18750000	23
chr16	 17750000	 15750000	40
chr16	 18850000	 18350000	10
chr16	 19800000	 19300000	10
chr16	 25300000	 24750000	11
chr16	 27200000	 26500000	14
chr16	 27250000	 23850000	68
chr16	 28750000	 27850000	18
chr16	 28750000	 28200000	11
chr16	 29000000	 27000000	40
chr16	 29500000	 27850000	33
chr16	 29600000	 27350000	45
chr16	 33400000	 32700000	14
chr16	 34450000	 32600000	37
chr16	 36500000	 35000000	30
chr16	 37400000	 35850000	31
chr16	 39000000	 40250000	25
chr16	 40900000	 39650000	25
chr16	 41250000	 41950000	14
chr16	 51050000	 51950000	18
chr16	 51800000	 52800000	20
chr16	 53550000	 54050000	10
chr16	 53800000	 54750000	19
chr16	 56000000	 56650000	13
chr16	 56650000	 56000000	13
chr16	 63850000	 63000000	17
chr16	 63850000	 64550000	14
chr16	 63900000	 63250000	13
chr16	 68650000	 67500000	23
chr16	 69550000	 68200000	27
chr16	 72500000	 70200000	46
chr16	 72550000	 73100000	11
chr16	 73150000	 72950000	4
chr16	 73250000	 74050000	16
chr16	 74400000	 74900000	10
chr16	 79350000	 80250000	18
chr16	 81750000	 81200000	11
chr16	 82300000	 81350000	19
chr16	 83750000	 84600000	17
chr16	 89700000	 91150000	29
chr16	 90900000	 89400000	30
chr16	 91300000	 90350000	19
chr16	 91450000	 90650000	16
chr16	 91900000	 92750000	17
chr16	 97900000	 97350000	11
chr17	  1700000	   750000	19
chr17	  3250000	  3800000	11
chr17	  3650000	  2000000	33
chr17	  5100000	  6550000	29
chr17	  5350000	  4550000	16
chr17	  9050000	  8000000	21
chr17	 10600000	  7100000	70
chr17	 10750000	 11950000	24
chr17	 14700000	 14050000	13
chr17	 22500000	 23950000	29
chr17	 23400000	 22900000	10
chr17	 24200000	 24950000	15
chr17	 28250000	 27850000	8
chr17	 28800000	 29250000	9
chr17	 30200000	 31150000	19
chr17	 36600000	 34500000	42
chr17	 43500000	 44000000	10
chr17	 43650000	 42900000	15
chr17	 44550000	 46350000	36
chr17	 52800000	 53150000	7
chr17	 53100000	 54800000	34
chr17	 53350000	 54200000	17
chr17	 57150000	 56000000	23
chr17	 58500000	 56750000	35
chr17	 59450000	 60900000	29
chr17	 61800000	 62500000	14
chr17	 65450000	 66300000	17
chr17	 66000000	 67150000	23
chr17	 68200000	 67550000	13
chr17	 69150000	 68350000	16
chr17	 71350000	 71900000	11
chr17	 74150000	 74900000	15
chr17	 74800000	 73650000	23
chr17	 79100000	 78300000	16
chr17	 83600000	 83950000	7
chr17	 84100000	 82950000	23
chr17	 87750000	 89200000	29
chr18	        0	  1100000	22
chr18	  6000000	  6950000	19
chr18	 11750000	 12850000	22
chr18	 14650000	 13450000	24
chr18	 19350000	 18000000	27
chr18	 19650000	 18850000	16
chr18	 20300000	 19950000	7
chr18	 21400000	 20000000	28
chr18	 25100000	 22950000	43
chr18	 26150000	 27450000	26
chr18	 26200000	 26900000	14
chr18	 26900000	 28200000	26
chr18	 29350000	 28800000	11
chr18	 31850000	 33050000	24
chr18	 32300000	 30800000	30
chr18	 39750000	 37650000	42
chr18	 42250000	 43900000	33
chr18	 45950000	 47550000	32
chr18	 48250000	 49150000	18
chr18	 50750000	 51950000	24
chr18	 51100000	 53250000	43
chr18	 54350000	 55550000	24
chr18	 57100000	 55300000	36
chr18	 57450000	 56500000	19
chr18	 58050000	 57450000	12
chr18	 59850000	 60650000	16
chr18	 60950000	 62350000	28
chr18	 64100000	 63050000	21
chr18	 66050000	 66850000	16
chr18	 67100000	 65200000	38
chr18	 68250000	 67000000	25
chr18	 72450000	 76000000	71
chr18	 74200000	 73300000	18
chr18	 75650000	 72900000	55
chr18	 78000000	 80200000	44
chr18	 81450000	 83200000	35
chr18	 82700000	 84650000	39
chr18	 85000000	 84000000	20
chr18	 85200000	 86400000	24
chr18	 85500000	 86300000	16
chr18	 86400000	 85150000	25
chr18	 90500000	 89250000	25
chr19	  1450000	  1800000	7
chr19	  4600000	  3950000	13
chr19	  7800000	  9050000	25
chr19	  7850000	  8600000	15
chr19	  8350000	  6700000	33
chr19	  9250000	 10750000	30
chr19	 10450000	  9850000	12
chr19	 11750000	 12700000	19
chr19	 13700000	 12750000	19
chr19	 14300000	 13850000	9
chr19	 15050000	 14050000	20
chr19	 15700000	 14600000	22
chr19	 15850000	 17700000	37
chr19	 16550000	 16750000	4
chr19	 20200000	 21200000	20
chr19	 21700000	 20750000	19
chr19	 26000000	 25600000	8
chr19	 26650000	 28100000	29
chr19	 26950000	 26100000	17
chr19	 27200000	 25500000	34
chr19	 28150000	 29000000	17
chr19	 29700000	 30800000	22
chr19	 30050000	 30450000	8
chr19	 30400000	 31450000	21
chr19	 31250000	 30100000	23
chr19	 33000000	 32350000	13
chr19	 33600000	 34600000	20
chr19	 34250000	 35250000	20
chr19	 34600000	 33800000	16
chr19	 35000000	 33900000	22
chr19	 37800000	 39000000	24
chr19	 48800000	 51150000	47
chr19	 48900000	 47200000	34
chr19	 49300000	 49700000	8
chr19	 51100000	 50900000	4
chr19	 53050000	 53400000	7
chr2	  8000000	  6950000	21
chr2	  8200000	  8850000	13
chr2	  8550000	  7050000	30
chr2	  8850000	  9300000	9
chr2	 10700000	 11300000	12
chr2	 13900000	 12650000	25
chr2	 15200000	 14350000	17
chr2	 17250000	 16950000	6
chr2	 19100000	 20600000	30
chr2	 19600000	 23200000	72
chr2	 25100000	 24100000	20
chr2	 26550000	 28450000	38
chr2	 31100000	 29950000	23
chr2	 32300000	 31700000	12
chr2	 36100000	 34700000	28
chr2	 37900000	 39650000	35
chr2	 40450000	 42200000	35
chr2	 41450000	 40900000	11
chr2	 41650000	 42350000	14
chr2	 43500000	 42550000	19
chr2	 43850000	 43150000	14
chr2	 46450000	 47450000	20
chr2	 49350000	 48450000	18
chr2	 51100000	 49650000	29
chr2	 51800000	 50800000	20
chr2	 55300000	 54400000	18
chr2	 57150000	 57800000	13
chr2	 58000000	 56950000	21
chr2	 58850000	 59700000	17
chr2	 61750000	 63400000	33
chr2	 62150000	 63900000	35
chr2	 66100000	 67000000	18
chr2	 67050000	 65750000	26
chr2	 73300000	 73750000	9
chr2	 74400000	 73350000	21
chr2	 74750000	 72650000	42
chr2	 74950000	 74150000	16
chr2	 75250000	 75850000	12
chr2	 78900000	 77400000	30
chr2	 80050000	 81150000	22
chr2	 84150000	 85700000	31
chr2	 87900000	 89150000	25
chr2	 91900000	 94250000	47
chr2	 93200000	 91700000	30
chr2	 95850000	 96550000	14
chr2	 96750000	 98600000	37
chr2	 96950000	 98100000	23
chr2	 98400000	 99750000	27
chr2	100500000	101550000	21
chr2	101350000	102950000	32
chr2	107300000	108500000	24
chr2	108150000	109950000	36
chr2	109800000	111850000	41
chr2	112400000	110950000	29
chr2	112600000	113900000	26
chr2	113600000	112900000	14
chr2	113950000	114500000	11
chr2	117350000	118800000	29
chr2	118000000	118850000	17
chr2	124450000	123700000	15
chr2	124950000	125700000	15
chr2	125300000	124400000	18
chr2	126300000	125250000	21
chr2	127050000	126450000	12
chr2	127100000	128250000	23
chr2	127400000	127400000	0
chr2	127550000	127200000	7
chr2	129300000	131500000	44
chr2	130900000	130400000	10
chr2	131000000	131000000	0
chr2	131850000	131100000	15
chr2	132800000	131800000	20
chr2	133250000	132300000	19
chr2	133300000	131750000	31
chr2	135200000	138150000	59
chr2	135350000	134400000	19
chr2	135800000	136700000	18
chr2	140100000	141500000	28
chr2	142100000	140350000	35
chr2	142250000	140750000	30
chr2	142450000	143450000	20
chr2	145650000	144650000	20
chr2	150250000	148400000	37
chr2	152300000	152150000	3
chr2	153500000	152050000	29
chr2	154300000	155400000	22
chr2	154850000	156550000	34
chr2	162400000	163450000	21
chr2	163550000	164600000	21
chr2	164450000	166050000	32
chr2	165350000	164550000	16
chr2	165750000	164800000	19
chr2	166900000	167600000	14
chr2	168300000	167500000	16
chr2	169750000	169150000	12
chr2	171550000	174350000	56
chr2	173100000	172300000	16
chr2	174550000	174450000	2
chr2	177700000	176400000	26
chr2	178850000	177600000	25
chr2	181500000	180400000	22
chr3	  4250000	  5150000	18
chr3	  7900000	  7350000	11
chr3	  8100000	  8500000	8
chr3	  8800000	  9850000	21
chr3	  9150000	 10350000	24
chr3	 10150000	  8650000	30
chr3	 12800000	 11900000	18
chr3	 14600000	 11350000	65
chr3	 18800000	 19800000	20
chr3	 21750000	 22550000	16
chr3	 22300000	 24250000	39
chr3	 23100000	 22300000	16
chr3	 25400000	 23550000	37
chr3	 26350000	 25750000	12
chr3	 27400000	 25900000	30
chr3	 28400000	 26000000	48
chr3	 29100000	 27050000	41
chr3	 35350000	 37000000	33
chr3	 42700000	 41250000	29
chr3	 42700000	 43600000	18
chr3	 43000000	 43700000	14
chr3	 43400000	 44250000	17
chr3	 44150000	 44150000	0
chr3	 45350000	 46300000	19
chr3	 47950000	 46800000	23
chr3	 48400000	 47900000	10
chr3	 48600000	 47300000	26
chr3	 48750000	 46800000	39
chr3	 49300000	 51800000	50
chr3	 51100000	 52100000	20
chr3	 51850000	 50850000	20
chr3	 54850000	 53150000	34
chr3	 57250000	 58950000	34
chr3	 57350000	 58550000	24
chr3	 58150000	 58950000	16
chr3	 58550000	 58550000	0
chr3	 61300000	 62850000	31
chr3	 62350000	 63550000	24
chr3	 63700000	 64900000	24
chr3	 66800000	 68750000	39
chr3	 67550000	 68550000	20
chr3	 69700000	 68650000	21
chr3	 70250000	 71500000	25
chr3	 73000000	 71750000	25
chr3	 75750000	 73300000	49
chr3	 76100000	 75700000	8
chr3	 77450000	 79250000	36
chr3	 77800000	 76800000	20
chr3	 78050000	 78650000	12
chr3	 78550000	 80700000	43
chr3	 81250000	 82150000	18
chr3	 84450000	 83700000	15
chr3	 87650000	 89000000	27
chr3	 88350000	 85800000	51
chr3	 89450000	 90550000	22
chr3	 91000000	 89300000	34
chr3	 91000000	 92750000	35
chr3	 93550000	 92450000	22
chr3	 95000000	 95900000	18
chr3	 97350000	 98500000	23
chr3	100100000	100800000	14
chr3	106400000	105150000	25
chr3	107800000	109450000	33
chr3	108000000	107350000	13
chr3	108800000	110200000	28
chr3	111300000	112350000	21
chr3	111900000	112150000	5
chr3	112850000	114150000	26
chr3	117900000	117400000	10
chr3	118750000	120400000	33
chr3	118950000	120050000	22
chr3	121300000	120150000	23
chr3	123150000	122050000	22
chr3	126550000	124500000	41
chr3	130650000	129650000	20
chr3	134750000	134400000	7
chr3	135500000	136200000	14
chr3	140550000	142450000	38
chr3	142250000	141150000	22
chr3	143700000	141650000	41
chr3	145450000	144350000	22
chr3	148600000	147800000	16
chr3	150200000	152100000	38
chr3	150600000	147500000	62
chr3	152750000	153300000	11
chr3	155350000	156100000	15
chr3	155700000	156250000	11
chr3	159300000	159750000	9
chr4	   150000	  1150000	20
chr4	   350000	   750000	8
chr4	  4550000	  5350000	16
chr4	  7600000	  7000000	12
chr4	  7650000	  6300000	27
chr4	  8700000	  6600000	42
chr4	 11650000	 12850000	24
chr4	 14700000	 13950000	15
chr4	 15500000	 14200000	26
chr4	 17150000	 16150000	20
chr4	 22000000	 22950000	19
chr4	 23250000	 25950000	54
chr4	 23700000	 23000000	14
chr4	 25950000	 26850000	18
chr4	 26150000	 24600000	31
chr4	 26900000	 23900000	60
chr4	 35950000	 36800000	17
chr4	 37850000	 38350000	10
chr4	 37850000	 39450000	32
chr4	 39000000	 39950000	19
chr4	 41450000	 43300000	37
chr4	 41800000	 41250000	11
chr4	 42050000	 41650000	8
chr4	 44150000	 43000000	23
chr4	 48350000	 48550000	4
chr4	 51100000	 49000000	42
chr4	 51100000	 51550000	9
chr4	 52300000	 51800000	10
chr4	 53150000	 52500000	13
chr4	 55650000	 56900000	25
chr4	 57150000	 56500000	13
chr4	 57250000	 56050000	24
chr4	 60900000	 61650000	15
chr4	 62250000	 61050000	24
chr4	 65750000	 67000000	25
chr4	 66550000	 65900000	13
chr4	 69900000	 70450000	11
chr4	 70400000	 69800000	12
chr4	 71550000	 72600000	21
chr4	 76650000	 75100000	31
chr4	 78500000	 77450000	21
chr4	 80250000	 78950000	26
chr4	 81150000	 80500000	13
chr4	 85250000	 85900000	13
chr4	 86600000	 89000000	48
chr4	 90150000	 89550000	12
chr4	 93750000	 97450000	74
chr4	 93900000	 92550000	27
chr4	 94350000	 91800000	51
chr4	 95600000	 95350000	5
chr4	101700000	100100000	32
chr4	103750000	104900000	23
chr4	104450000	105000000	11
chr4	104700000	106750000	41
chr4	108400000	109450000	21
chr4	108850000	110550000	34
chr4	109000000	110600000	32
chr4	109650000	110050000	8
chr4	110000000	110250000	5
chr4	110650000	112100000	29
chr4	110900000	113050000	43
chr4	115600000	115250000	7
chr4	117150000	116150000	20
chr4	120200000	119800000	8
chr4	123500000	123000000	10
chr4	124350000	123300000	21
chr4	126700000	127900000	24
chr4	127800000	128100000	6
chr4	133150000	135500000	47
chr4	134400000	132600000	36
chr4	134550000	135500000	19
chr4	135150000	138300000	63
chr4	136300000	134450000	37
chr4	136850000	135500000	27
chr4	137700000	138750000	21
chr4	138400000	137350000	21
chr4	139600000	139200000	8
chr4	142300000	142600000	6
chr4	143950000	144650000	14
chr4	145700000	147650000	39
chr4	147600000	150550000	59
chr4	150150000	152350000	44
chr4	150200000	149450000	15
chr4	153400000	152800000	12
chr4	153850000	153450000	8
chr5	   200000	  1350000	23
chr5	  2350000	  3250000	18
chr5	  3350000	  2450000	18
chr5	  3500000	  2750000	15
chr5	  4000000	  2500000	30
chr5	  6100000	  5300000	16
chr5	  8450000	  9950000	30
chr5	  9750000	  6500000	65
chr5	  9750000	 10350000	12
chr5	 11200000	  9550000	33
chr5	 12700000	 13150000	9
chr5	 13400000	 12850000	11
chr5	 17000000	 17900000	18
chr5	 19050000	 19900000	17
chr5	 20700000	 21300000	12
chr5	 22600000	 24050000	29
chr5	 22750000	 21900000	17
chr5	 23950000	 24700000	15
chr5	 28700000	 29450000	15
chr5	 30750000	 32300000	31
chr5	 33950000	 32750000	24
chr5	 34600000	 35000000	8
chr5	 39900000	 40700000	16
chr5	 41200000	 42200000	20
chr5	 41250000	 43550000	46
chr5	 42450000	 40950000	30
chr5	 47350000	 50100000	55
chr5	 48500000	 46250000	45
chr5	 57150000	 56550000	12
chr5	 57500000	 55950000	31
chr5	 57550000	 53650000	78
chr5	 59550000	 58650000	18
chr5	 60300000	 61400000	22
chr5	 62850000	 61350000	30
chr5	 67200000	 67900000	14
chr5	 68800000	 70200000	28
chr5	 71450000	 69350000	42
chr5	 71800000	 72800000	20
chr5	 72200000	 73750000	31
chr5	 75100000	 73800000	26
chr5	 75850000	 75350000	10
chr5	 77950000	 77600000	7
chr5	 77950000	 78750000	16
chr5	 80000000	 78500000	30
chr5	 80600000	 83100000	50
chr5	 81600000	 80600000	20
chr5	 82850000	 81100000	35
chr5	 84550000	 84050000	10
chr5	 85350000	 82400000	59
chr5	 85800000	 88300000	50
chr5	 87000000	 87650000	13
chr5	 87650000	 86650000	20
chr5	 87700000	 89050000	27
chr5	 89000000	 87650000	27
chr5	 91050000	 91850000	16
chr5	 92400000	 91850000	11
chr5	 96800000	 95250000	31
chr5	 99750000	 98750000	20
chr5	103400000	104100000	14
chr5	106000000	106800000	16
chr5	106750000	105000000	35
chr5	107150000	106600000	11
chr5	107300000	107950000	13
chr5	108750000	107150000	32
chr5	109500000	111950000	49
chr5	110100000	110600000	10
chr5	110150000	109350000	16
chr5	113700000	112400000	26
chr5	116050000	116550000	10
chr5	116250000	115150000	22
chr5	117150000	118850000	34
chr5	117800000	118350000	11
chr5	120550000	121450000	18
chr5	122600000	123500000	18
chr5	133350000	132050000	26
chr5	133350000	134100000	15
chr5	139600000	137900000	34
chr5	147350000	146800000	11
chr5	151000000	149900000	22
chr6	  1100000	        0	22
chr6	  3300000	  2900000	8
chr6	  3950000	  3050000	18
chr6	  4900000	  5500000	12
chr6	  6950000	  5800000	23
chr6	  8500000	  8000000	10
chr6	  9400000	  7500000	38
chr6	  9800000	  8150000	33
chr6	 14950000	 14050000	18
chr6	 15800000	 17750000	39
chr6	 18150000	 18850000	14
chr6	 21200000	 23200000	40
chr6	 22000000	 20150000	37
chr6	 25350000	 25850000	10
chr6	 29450000	 28950000	10
chr6	 30250000	 28300000	39
chr6	 30750000	 32450000	34
chr6	 32700000	 33550000	17
chr6	 33550000	 31100000	49
chr6	 37000000	 36200000	16
chr6	 38100000	 40000000	38
chr6	 39000000	 39850000	17
chr6	 40000000	 41400000	28
chr6	 42750000	 41750000	20
chr6	 43750000	 45600000	37
chr6	 45550000	 46700000	23
chr6	 49650000	 50300000	13
chr6	 54100000	 55800000	34
chr6	 54300000	 55100000	16
chr6	 54350000	 53650000	14
chr6	 54900000	 53500000	28
chr6	 55000000	 55300000	6
chr6	 56200000	 56550000	7
chr6	 57250000	 59050000	36
chr6	 58300000	 60600000	46
chr6	 58550000	 60800000	45
chr6	 61450000	 62400000	19
chr6	 66000000	 67200000	24
chr6	 71100000	 71350000	5
chr6	 72300000	 72950000	13
chr6	 74650000	 75200000	11
chr6	 80700000	 83450000	55
chr6	 82200000	 81000000	24
chr6	 83350000	 83050000	6
chr6	 84700000	 87300000	52
chr6	 87700000	 86450000	25
chr6	 90350000	 91750000	28
chr6	 91200000	 92350000	23
chr6	 92900000	 94000000	22
chr6	 97550000	 98050000	10
chr6	 97900000	 97250000	13
chr6	 99450000	100700000	25
chr6	102150000	101300000	17
chr6	106050000	107100000	21
chr6	106700000	105650000	21
chr6	107550000	108650000	22
chr6	109100000	107750000	27
chr6	110000000	108200000	36
chr6	110650000	110450000	4
chr6	110850000	111600000	15
chr6	113900000	112550000	27
chr6	116850000	115100000	35
chr6	118250000	119600000	27
chr6	118350000	119100000	15
chr6	119350000	118650000	14
chr6	120600000	121050000	9
chr6	121000000	119850000	23
chr6	124350000	126550000	44
chr6	127250000	127850000	12
chr6	130650000	134500000	77
chr6	130900000	129650000	25
chr6	135650000	136500000	17
chr6	137450000	136650000	16
chr6	138750000	140050000	26
chr6	140850000	141800000	19
chr6	143200000	144450000	25
chr6	143400000	142100000	26
chr6	147900000	148350000	9
chr7	  1000000	   650000	7
chr7	  2350000	  1050000	26
chr7	  2750000	  2150000	12
chr7	  7350000	  6000000	27
chr7	  7650000	  7100000	11
chr7	  7650000	  8800000	23
chr7	  8350000	 10150000	36
chr7	  9400000	 12150000	55
chr7	 11600000	 13650000	41
chr7	 17400000	 18250000	17
chr7	 18900000	 18050000	17
chr7	 19700000	 21200000	30
chr7	 23950000	 25150000	24
chr7	 31350000	 32450000	22
chr7	 35850000	 36350000	10
chr7	 37800000	 36800000	20
chr7	 38100000	 37250000	17
chr7	 41850000	 42500000	13
chr7	 47550000	 45800000	35
chr7	 47550000	 46250000	26
chr7	 48150000	 47350000	16
chr7	 50100000	 49000000	22
chr7	 52200000	 54650000	49
chr7	 53750000	 54550000	16
chr7	 62050000	 63400000	27
chr7	 64150000	 63450000	14
chr7	 64150000	 65350000	24
chr7	 65100000	 64800000	6
chr7	 65850000	 67750000	38
chr7	 66000000	 65700000	6
chr7	 66950000	 65650000	26
chr7	 68250000	 67950000	6
chr7	 68500000	 66350000	43
chr7	 74550000	 74800000	5
chr7	 74800000	 73550000	25
chr7	 75400000	 76050000	13
chr7	 75400000	 76600000	24
chr7	 77900000	 76250000	33
chr7	 78200000	 79350000	23
chr7	 79450000	 78050000	28
chr7	 80750000	 79900000	17
chr7	 81300000	 80500000	16
chr7	 81650000	 83050000	28
chr7	 86200000	 85700000	10
chr7	 88950000	 89400000	9
chr7	 90250000	 89250000	20
chr7	 92400000	 91150000	25
chr7	 93550000	 95100000	31
chr7	 94800000	 93000000	36
chr7	100400000	101350000	19
chr7	102150000	105450000	66
chr7	104250000	104650000	8
chr7	105150000	104550000	12
chr7	106200000	104400000	36
chr7	107550000	105700000	37
chr7	108750000	109800000	21
chr7	109250000	108750000	10
chr7	110600000	112200000	32
chr7	112650000	112000000	13
chr7	115550000	116350000	16
chr7	116300000	117550000	25
chr7	116450000	115850000	12
chr7	123650000	124550000	18
chr7	124000000	123300000	14
chr7	126650000	128650000	40
chr7	127500000	126250000	25
chr7	131350000	133050000	34
chr7	132300000	134950000	53
chr7	135250000	136350000	22
chr7	136500000	134800000	34
chr7	136650000	137950000	26
chr7	138750000	138200000	11
chr7	141200000	140650000	11
chr7	142450000	141450000	20
chr8	  2900000	  2600000	6
chr8	  4450000	  3400000	21
chr8	  4900000	  6200000	26
chr8	  6100000	  5050000	21
chr8	 12400000	 12800000	8
chr8	 12400000	 13600000	24
chr8	 12400000	 14150000	35
chr8	 14750000	 15000000	5
chr8	 18900000	 18400000	10
chr8	 19900000	 19000000	18
chr8	 20550000	 19450000	22
chr8	 23150000	 25850000	54
chr8	 23500000	 22800000	14
chr8	 27950000	 28800000	17
chr8	 35000000	 35800000	16
chr8	 36600000	 36200000	8
chr8	 40150000	 40450000	6
chr8	 40900000	 39800000	22
chr8	 43400000	 42550000	17
chr8	 45450000	 44550000	18
chr8	 50050000	 50500000	9
chr8	 51500000	 51900000	8
chr8	 51750000	 50700000	21
chr8	 56050000	 57400000	27
chr8	 59000000	 58150000	17
chr8	 59850000	 60300000	9
chr8	 61250000	 59450000	36
chr8	 65950000	 64550000	28
chr8	 67000000	 66150000	17
chr8	 68100000	 70750000	53
chr8	 69000000	 68600000	8
chr8	 69900000	 70700000	16
chr8	 75650000	 76950000	26
chr8	 86200000	 85850000	7
chr8	 87500000	 86500000	20
chr8	 88100000	 86800000	26
chr8	 88250000	 89500000	25
chr8	 90700000	 92600000	38
chr8	 92000000	 92700000	14
chr8	 92650000	 95250000	52
chr8	 93100000	 92450000	13
chr8	 93700000	 94200000	10
chr8	 96450000	 97200000	15
chr8	 98050000	 97500000	11
chr8	 98700000	 97700000	20
chr8	 98950000	 99850000	18
chr8	 99350000	 98500000	17
chr8	100050000	 98350000	34
chr8	107600000	106250000	27
chr8	108450000	106800000	33
chr8	108850000	110900000	41
chr8	109550000	108500000	21
chr8	114550000	114950000	8
chr8	115900000	117450000	31
chr8	116500000	116950000	9
chr8	118700000	116900000	36
chr8	120050000	119350000	14
chr8	121300000	122250000	19
chr8	122650000	121150000	30
chr8	123550000	125650000	42
chr8	124250000	123200000	21
chr8	125950000	126700000	15
chr8	129050000	127750000	26
chr9	  3600000	  4850000	25
chr9	  4050000	  3450000	12
chr9	  5150000	  7000000	37
chr9	  5350000	  4650000	14
chr9	  5650000	  7000000	27
chr9	  7850000	  8800000	19
chr9	  8750000	  9850000	22
chr9	  9950000	 10900000	19
chr9	 10050000	  9300000	15
chr9	 11400000	 12350000	19
chr9	 12300000	 11650000	13
chr9	 13000000	 12450000	11
chr9	 13600000	 13350000	5
chr9	 18050000	 19450000	28
chr9	 20000000	 21550000	31
chr9	 20100000	 21550000	29
chr9	 20350000	 18450000	38
chr9	 20500000	 19250000	25
chr9	 23000000	 18350000	93
chr9	 26000000	 22650000	67
chr9	 27500000	 27000000	10
chr9	 27900000	 24250000	73
chr9	 44000000	 43250000	15
chr9	 47050000	 45950000	22
chr9	 47450000	 46350000	22
chr9	 48850000	 48350000	10
chr9	 49750000	 48950000	16
chr9	 50850000	 50200000	13
chr9	 55500000	 54850000	13
chr9	 58000000	 57400000	12
chr9	 59950000	 58150000	36
chr9	 61500000	 61950000	9
chr9	 62350000	 63350000	20
chr9	 62500000	 63650000	23
chr9	 66250000	 65650000	12
chr9	 67000000	 68850000	37
chr9	 68000000	 68800000	16
chr9	 68700000	 66950000	35
chr9	 69750000	 68650000	22
chr9	 71550000	 70200000	27
chr9	 71750000	 70800000	19
chr9	 72700000	 74750000	41
chr9	 74550000	 73500000	21
chr9	 75550000	 75100000	9
chr9	 75950000	 76850000	18
chr9	 81600000	 82800000	24
chr9	 82100000	 83100000	20
chr9	 85300000	 84850000	9
chr9	 86100000	 85200000	18
chr9	 88350000	 87400000	19
chr9	 90800000	 94150000	67
chr9	 92050000	 93200000	23
chr9	106200000	106750000	11
chr9	106700000	108450000	35
chr9	107000000	106450000	11
chr9	108800000	108250000	11
chr9	109650000	108650000	20
chr9	109800000	108650000	23
chr9	110700000	110100000	12
chr9	110700000	112950000	45
chr9	110900000	110550000	7
chr9	111550000	112400000	17
chr9	111950000	112650000	14
chr9	114850000	115200000	7
chr9	115500000	116650000	23
chr9	120250000	121650000	28
chr9	120400000	122050000	33
chr9	122050000	122600000	11
chrX	   900000	  1550000	13
chrX	  1950000	  2350000	8
chrX	  3200000	  3900000	14
chrX	  7750000	  7200000	11
chrX	  8900000	  9750000	17
chrX	 10800000	 12450000	33
chrX	 13300000	 12350000	19
chrX	 15250000	 16750000	30
chrX	 15950000	 17350000	28
chrX	 20350000	 18350000	40
chrX	 20750000	 21850000	22
chrX	 22000000	 22700000	14
chrX	 23300000	 22700000	12
chrX	 23400000	 22250000	23
chrX	 34600000	 34300000	6
chrX	 34900000	 34100000	16
chrX	 34900000	 35550000	13
chrX	 40250000	 41000000	15
chrX	 40700000	 43600000	58
chrX	 43600000	 44100000	10
chrX	 44850000	 46450000	32
chrX	 45800000	 46400000	12
chrX	 47350000	 47350000	0
chrX	 47650000	 46300000	27
chrX	 50550000	 49800000	15
chrX	 50550000	 51900000	27
chrX	 52250000	 50250000	40
chrX	 56500000	 57350000	17
chrX	 58700000	 59800000	22
chrX	 59250000	 57900000	27
chrX	 59250000	 58550000	14
chrX	 65200000	 64000000	24
chrX	 65300000	 65950000	13
chrX	 69050000	 67050000	40
chrX	 69050000	 67400000	33
chrX	 70200000	 69550000	13
chrX	 75050000	 77000000	39
chrX	 80550000	 80550000	0
chrX	 84650000	 85950000	26
chrX	 87550000	 88650000	22
chrX	 89250000	 89900000	13
chrX	 89550000	 90000000	9
chrX	 92450000	 91850000	12
chrX	 94650000	 96100000	29
chrX	 96950000	 99400000	49
chrX	100400000	103600000	64
chrX	101450000	100900000	11
chrX	103100000	104250000	23
chrX	103700000	103100000	12
chrX	110150000	109600000	11
chrX	111050000	109400000	33
chrX	111100000	111800000	14
chrX	112900000	114200000	26
chrX	122850000	123100000	5
chrX	128350000	129750000	28
chrX	130300000	131700000	28
chrX	134750000	133600000	23
chrX	138050000	139550000	30
chrX	139450000	138550000	18
chrX	140400000	139950000	9
chrX	142350000	142100000	5
chrX	145550000	144850000	14
chrX	148900000	149600000	14
chrX	151500000	153300000	36
chrX	151900000	152250000	7
chrX	154800000	155100000	6
chrX	157050000	156650000	8
chrX	157800000	157150000	13
chrX	160850000	162150000	26
chrX	161100000	160400000	14
chrX	162300000	162000000	6
chrX	165050000	166150000	22
chrX	168600000	169350000	15
chrY	  2000000	  2750000	15
chrY	  2400000	  4200000	36
chrY	  2900000	  3500000	12
chrY	  8300000	  6100000	44
chrY	  9300000	 10050000	15
chrY	 15250000	 15700000	9
chrY	 16900000	 18100000	24
chrY	 22400000	 23000000	12
chrY	 23600000	 24100000	10
chrY	 25550000	 26950000	28
chrY	 25750000	 27500000	35
chrY	 34850000	 33300000	31
chrY	 36200000	 35150000	21
chrY	 40300000	 41500000	24
chrY	 40750000	 42500000	35
chrY	 46750000	 45950000	16
chrY	 50050000	 49300000	15
chrY	 50100000	 49450000	13
chrY	 51600000	 51250000	7
chrY	 51850000	 54250000	48
chrY	 52100000	 51850000	5
chrY	 53550000	 55200000	33
chrY	 55900000	 56850000	19
chrY	 56950000	 58550000	32
chrY	 57600000	 58250000	13
chrY	 62200000	 62050000	3
chrY	 62550000	 61100000	29
chrY	 62750000	 61400000	27
chrY	 63250000	 63800000	11
chrY	 65650000	 65050000	12
chrY	 65650000	 66800000	23
chrY	 66600000	 68300000	34
chrY	 71550000	 72950000	28
chrY	 71850000	 73750000	38
chrY	 72200000	 71450000	15
chrY	 72350000	 70950000	28
chrY	 72850000	 72050000	16
chrY	 76500000	 77550000	21
chrY	 77700000	 78850000	23
chrY	 78950000	 77700000	25
chrY	 79850000	 80600000	15
chrY	 80400000	 81300000	18
chrY	 80850000	 79950000	18
chrY	 88350000	 86700000	33
chrY	 88750000	 87850000	18
chrY	 89000000	 88050000	19
