chr1	  1700000	   200000	30
chr1	  1800000	  2800000	20
chr1	  3600000	  2850000	15
chr1	  4000000	  4500000	10
chr1	  4850000	  5100000	5
chr1	  5550000	  4000000	31
chr1	  6300000	  5100000	24
chr1	  6350000	  4450000	38
chr1	  7600000	  8350000	15
chr1	  8450000	  9800000	27
chr1	 10400000	 11150000	15
chr1	 11450000	 10450000	20
chr1	 11550000	 10350000	24
chr1	 15000000	 15350000	7
chr1	 15800000	 15250000	11
chr1	 16900000	 17850000	19
chr1	 17350000	 17100000	5
chr1	 17500000	 16600000	18
chr1	 17750000	 16950000	16
chr1	 18750000	 18450000	6
chr1	 19550000	 18150000	28
chr1	 21750000	 22350000	12
chr1	 23650000	 24550000	18
chr1	 24300000	 23200000	22
chr1	 25300000	 26650000	27
chr1	 25700000	 23100000	52
chr1	 32950000	 34650000	34
chr1	 35200000	 36200000	20
chr1	 37050000	 38800000	35
chr1	 37850000	 37050000	16
chr1	 38800000	 41500000	54
chr1	 41150000	 41750000	12
chr1	 43700000	 44200000	10
chr1	 46850000	 49600000	55
chr1	 46850000	 49900000	61
chr1	 52900000	 53500000	12
chr1	 59300000	 58600000	14
chr1	 60750000	 61800000	21
chr1	 60850000	 60350000	10
chr1	 61050000	 63600000	51
chr1	 61500000	 59000000	50
chr1	 63700000	 65100000	28
chr1	 67200000	 68300000	22
chr1	 72600000	 73100000	10
chr1	 72800000	 72150000	13
chr1	 73600000	 71850000	35
chr1	 75950000	 76850000	18
chr1	 76850000	 77550000	14
chr1	 77100000	 75700000	28
chr1	 82000000	 80550000	29
chr1	 83300000	 82600000	14
chr1	 83850000	 83400000	9
chr1	 87750000	 87000000	15
chr1	 88300000	 87500000	16
chr1	 90000000	 90900000	18
chr1	 91450000	 90050000	28
chr1	 91500000	 90650000	17
chr1	 93950000	 93400000	11
chr1	 94000000	 96400000	48
chr1	 95950000	 94600000	27
chr1	 96250000	 94500000	35
chr1	 97800000	 94950000	57
chr1	104950000	104450000	10
chr1	105200000	104650000	11
chr1	107900000	108250000	7
chr1	117000000	117700000	14
chr1	117650000	117000000	13
chr1	119100000	118050000	21
chr1	119400000	118000000	28
chr1	122800000	121050000	35
chr1	123100000	122400000	14
chr1	123450000	124700000	25
chr1	129550000	129000000	11
chr1	132350000	134850000	50
chr1	139600000	140350000	15
chr1	140600000	139800000	16
chr1	142600000	141200000	28
chr1	142950000	141400000	31
chr1	143100000	142500000	12
chr1	143650000	142300000	27
chr1	144700000	144100000	12
chr1	145900000	147150000	25
chr1	146750000	146550000	4
chr1	148350000	149050000	14
chr1	149250000	148450000	16
chr1	151300000	150500000	16
chr1	153750000	153300000	9
chr1	154000000	154650000	13
chr1	154550000	154250000	6
chr1	158750000	159250000	10
chr1	159950000	160850000	18
chr1	160950000	161600000	13
chr1	161150000	159600000	31
chr1	164800000	164150000	13
chr1	168700000	167450000	25
chr1	169200000	168800000	8
chr1	172050000	173100000	21
chr1	177550000	176550000	20
chr1	179200000	179800000	12
chr1	181100000	183550000	49
chr1	185550000	188450000	58
chr1	185850000	186550000	14
chr1	186600000	187400000	16
chr1	193150000	193650000	10
chr1	194600000	194050000	11
chr10	   550000	  1700000	23
chr10	  1450000	   550000	18
chr10	  3950000	  4950000	20
chr10	  5500000	  4400000	22
chr10	  6650000	  6100000	11
chr10	 10900000	 12000000	22
chr10	 11200000	 10650000	11
chr10	 11200000	 11550000	7
chr10	 11300000	 13000000	34
chr10	 12700000	 13400000	14
chr10	 14300000	 15100000	16
chr10	 14850000	 13050000	36
chr10	 16650000	 16300000	7
chr10	 17100000	 18250000	23
chr10	 18900000	 17650000	25
chr10	 21150000	 21750000	12
chr10	 22550000	 21100000	29
chr10	 25300000	 24550000	15
chr10	 25400000	 26150000	15
chr10	 28350000	 29000000	13
chr10	 32200000	 31850000	7
chr10	 34100000	 32400000	34
chr10	 35300000	 37000000	34
chr10	 40100000	 38950000	23
chr10	 46450000	 44950000	30
chr10	 46850000	 46500000	7
chr10	 47750000	 49400000	33
chr10	 48050000	 50100000	41
chr10	 48100000	 47500000	12
chr10	 52200000	 51300000	18
chr10	 53800000	 53250000	11
chr10	 56600000	 56900000	6
chr10	 56750000	 55400000	27
chr10	 60450000	 59150000	26
chr10	 62750000	 63650000	18
chr10	 65800000	 67650000	37
chr10	 67600000	 64950000	53
chr10	 68000000	 69400000	28
chr10	 70400000	 72550000	43
chr10	 70950000	 70200000	15
chr10	 71000000	 73100000	42
chr10	 72300000	 73150000	17
chr10	 73350000	 72600000	15
chr10	 74000000	 75600000	32
chr10	 77800000	 76650000	23
chr10	 81500000	 83250000	35
chr10	 82600000	 83300000	14
chr10	 83450000	 85100000	33
chr10	 83650000	 81650000	40
chr10	 85700000	 87200000	30
chr10	 89600000	 88850000	15
chr10	 90850000	 89400000	29
chr10	 90950000	 89800000	23
chr10	 92450000	 92850000	8
chr10	 93650000	 95000000	27
chr10	 93900000	 94850000	19
chr10	 94750000	 96200000	29
chr10	 94800000	 95450000	13
chr10	103600000	106150000	51
chr10	105350000	106450000	22
chr10	105400000	104100000	26
chr10	105800000	107300000	30
chr10	107650000	108500000	17
chr10	108150000	107300000	17
chr10	109700000	110350000	13
chr10	110800000	112200000	28
chr10	110850000	112100000	25
chr10	119950000	116700000	65
chr10	122300000	123450000	23
chr10	126450000	124950000	30
chr10	130250000	129750000	10
chr10	130400000	129600000	16
chr11	    50000	  1350000	26
chr11	  5250000	  2800000	49
chr11	  8150000	  9150000	20
chr11	  8750000	  7700000	21
chr11	  8900000	  8000000	18
chr11	  9600000	  8400000	24
chr11	 11000000	 11750000	15
chr11	 12600000	 12850000	5
chr11	 19200000	 18150000	21
chr11	 19800000	 18100000	34
chr11	 20400000	 20200000	4
chr11	 21000000	 20650000	7
chr11	 21400000	 20750000	13
chr11	 24550000	 25500000	19
chr11	 26800000	 28550000	35
chr11	 26850000	 26050000	16
chr11	 27400000	 27700000	6
chr11	 28250000	 29900000	33
chr11	 29250000	 31300000	41
chr11	 30000000	 29250000	15
chr11	 31450000	 29050000	48
chr11	 35250000	 33150000	42
chr11	 39000000	 36800000	44
chr11	 39050000	 39050000	0
chr11	 44000000	 42450000	31
chr11	 44050000	 44700000	13
chr11	 47050000	 46450000	12
chr11	 48100000	 48950000	17
chr11	 51500000	 49800000	34
chr11	 51600000	 50600000	20
chr11	 51650000	 50200000	29
chr11	 52400000	 53100000	14
chr11	 55350000	 56150000	16
chr11	 56300000	 57450000	23
chr11	 59000000	 60650000	33
chr11	 61850000	 59600000	45
chr11	 63950000	 61650000	46
chr11	 64600000	 62400000	44
chr11	 66650000	 65550000	22
chr11	 71950000	 71300000	13
chr11	 75100000	 74500000	12
chr11	 78850000	 78550000	6
chr11	 79100000	 80700000	32
chr11	 80400000	 81050000	13
chr11	 80750000	 79900000	17
chr11	 82850000	 81000000	37
chr11	 84650000	 85600000	19
chr11	 85950000	 87500000	31
chr11	 86800000	 84850000	39
chr11	 87200000	 88200000	20
chr11	 87550000	 88000000	9
chr11	 88000000	 88700000	14
chr11	 88250000	 90300000	41
chr11	 90450000	 89650000	16
chr11	 91600000	 93350000	35
chr11	 93900000	 92300000	32
chr11	 96050000	 95350000	14
chr11	 98100000	 97300000	16
chr11	 99800000	100950000	23
chr11	100350000	 99700000	13
chr11	100650000	 96000000	93
chr11	101000000	101900000	18
chr11	103250000	101900000	27
chr11	106800000	107750000	19
chr11	110450000	112300000	37
chr11	115650000	116550000	18
chr11	117150000	121750000	92
chr11	117600000	116600000	20
chr11	119250000	117150000	42
chr12	   400000	   950000	11
chr12	  5400000	  6500000	22
chr12	  5650000	  4500000	23
chr12	  5850000	  6400000	11
chr12	  8850000	  9250000	8
chr12	 16250000	 15000000	25
chr12	 19100000	 20700000	32
chr12	 19600000	 20300000	14
chr12	 23200000	 23700000	10
chr12	 26100000	 25200000	18
chr12	 30250000	 31500000	25
chr12	 30450000	 29550000	18
chr12	 32250000	 33200000	19
chr12	 36150000	 38450000	46
chr12	 38650000	 39050000	8
chr12	 40250000	 38800000	29
chr12	 41750000	 40550000	24
chr12	 41850000	 41450000	8
chr12	 51150000	 53400000	45
chr12	 51850000	 52300000	9
chr12	 52000000	 53300000	26
chr12	 55950000	 55450000	10
chr12	 56100000	 56750000	13
chr12	 59550000	 58850000	14
chr12	 59600000	 60150000	11
chr12	 60650000	 62800000	43
chr12	 60700000	 59850000	17
chr12	 67550000	 66850000	14
chr12	 67600000	 66150000	29
chr12	 68950000	 67850000	22
chr12	 72400000	 71700000	14
chr12	 74500000	 75200000	14
chr12	 76750000	 75950000	16
chr12	 79750000	 81450000	34
chr12	 79950000	 78500000	29
chr12	 81900000	 83150000	25
chr12	 83650000	 84250000	12
chr12	 84250000	 83250000	20
chr12	 85200000	 86200000	20
chr12	 87050000	 86500000	11
chr12	 87750000	 88950000	24
chr12	 87950000	 87500000	9
chr12	 89200000	 88550000	13
chr12	 91300000	 92550000	25
chr12	 99050000	 97150000	38
chr12	101000000	 98750000	45
chr12	101150000	102200000	21
chr12	106300000	108300000	40
chr12	106950000	105750000	24
chr12	110650000	109300000	27
chr12	112950000	111400000	31
chr12	116100000	117650000	31
chr12	119200000	117050000	43
chr13	  2750000	  1550000	24
chr13	  5100000	  6800000	34
chr13	  9650000	  8900000	15
chr13	 10200000	  9700000	10
chr13	 10400000	 12100000	34
chr13	 11050000	  9700000	27
chr13	 16650000	 17600000	19
chr13	 17000000	 19300000	46
chr13	 18550000	 19400000	17
chr13	 18650000	 20250000	32
chr13	 19050000	 19950000	18
chr13	 19200000	 18000000	24
chr13	 23700000	 24300000	12
chr13	 23750000	 21500000	45
chr13	 25950000	 27550000	32
chr13	 29600000	 31450000	37
chr13	 29700000	 28300000	28
chr13	 37650000	 37150000	10
chr13	 52050000	 53500000	29
chr13	 52250000	 52700000	9
chr13	 55750000	 55450000	6
chr13	 60200000	 59200000	20
chr13	 61400000	 59450000	39
chr13	 66850000	 66200000	13
chr13	 68050000	 68800000	15
chr13	 71350000	 71950000	12
chr13	 77150000	 78050000	18
chr13	 77550000	 76550000	20
chr13	 77700000	 79600000	38
chr13	 81150000	 82100000	19
chr13	 81350000	 79800000	31
chr13	 81700000	 82650000	19
chr13	 88200000	 88750000	11
chr13	 89000000	 87900000	22
chr13	 89000000	 89850000	17
chr13	 91500000	 94250000	55
chr13	 91850000	 90750000	22
chr13	 92050000	 93100000	21
chr13	 94150000	 95050000	18
chr13	 95400000	 96150000	15
chr13	 96250000	 96750000	10
chr13	 98900000	 98300000	12
chr13	 99100000	100300000	24
chr13	 99700000	 97950000	35
chr13	104450000	104950000	10
chr13	104750000	102550000	44
chr13	106750000	107300000	11
chr13	106950000	105100000	37
chr13	107800000	107400000	8
chr13	110350000	111450000	22
chr13	110650000	111350000	14
chr13	113200000	114850000	33
chr13	113850000	112850000	20
chr13	116350000	118050000	34
chr13	116500000	116950000	9
chr14	  1850000	  2950000	22
chr14	  2550000	  4100000	31
chr14	  6400000	  7000000	12
chr14	  7000000	  7600000	12
chr14	  9400000	 11350000	39
chr14	 10550000	 10900000	7
chr14	 12050000	 10850000	24
chr14	 15900000	 15200000	14
chr14	 16900000	 17500000	12
chr14	 18600000	 19450000	17
chr14	 19750000	 18850000	18
chr14	 20400000	 19200000	24
chr14	 20550000	 22300000	35
chr14	 20800000	 19750000	21
chr14	 21600000	 20650000	19
chr14	 22950000	 25750000	56
chr14	 25600000	 26350000	15
chr14	 31250000	 32000000	15
chr14	 32500000	 33350000	17
chr14	 34150000	 32850000	26
chr14	 34750000	 36600000	37
chr14	 35750000	 34650000	22
chr14	 40200000	 42650000	49
chr14	 48400000	 49550000	23
chr14	 48450000	 50500000	41
chr14	 50550000	 48850000	34
chr14	 50800000	 50600000	4
chr14	 51750000	 53150000	28
chr14	 53050000	 54350000	26
chr14	 53950000	 52400000	31
chr14	 56800000	 60550000	75
chr14	 60600000	 59400000	24
chr14	 62700000	 62100000	12
chr14	 63350000	 62600000	15
chr14	 63850000	 66100000	45
chr14	 64800000	 65950000	23
chr14	 66300000	 65300000	20
chr14	 66550000	 66550000	0
chr14	 66800000	 66250000	11
chr14	 68050000	 68950000	18
chr14	 70750000	 70150000	12
chr14	 71700000	 72400000	14
chr14	 72200000	 72550000	7
chr14	 74600000	 75100000	10
chr14	 75700000	 77500000	36
chr14	 77550000	 75650000	38
chr14	 77650000	 76450000	24
chr14	 78000000	 78750000	15
chr14	 81350000	 80750000	12
chr14	 85450000	 86400000	19
chr14	 86350000	 88050000	34
chr14	 92450000	 93550000	22
chr14	 95250000	 96950000	34
chr14	 97000000	 96150000	17
chr14	 98550000	 97000000	31
chr14	 99700000	101250000	31
chr14	100300000	 99700000	12
chr14	100600000	 98550000	41
chr14	107000000	106550000	9
chr14	107450000	108900000	29
chr14	110500000	112400000	38
chr14	110750000	109750000	20
chr14	113550000	113700000	3
chr14	114050000	111650000	48
chr14	114850000	115400000	11
chr14	115000000	113500000	30
chr14	117650000	118300000	13
chr14	121150000	121650000	10
chr14	122050000	122650000	12
chr14	123400000	121400000	40
chr15	  4700000	  6700000	40
chr15	  5450000	  6650000	24
chr15	  8000000	  9050000	21
chr15	  8650000	 10100000	29
chr15	  8700000	  9350000	13
chr15	 14500000	 13100000	28
chr15	 17300000	 15350000	39
chr15	 20050000	 22250000	44
chr15	 21550000	 23400000	37
chr15	 21700000	 20800000	18
chr15	 22950000	 23700000	15
chr15	 25550000	 24950000	12
chr15	 25800000	 27050000	25
chr15	 27150000	 28600000	29
chr15	 29400000	 30350000	19
chr15	 29750000	 30200000	9
chr15	 30300000	 32850000	51
chr15	 31750000	 34050000	46
chr15	 36350000	 37350000	20
chr15	 37250000	 35800000	29
chr15	 39150000	 40150000	20
chr15	 39650000	 41450000	36
chr15	 40100000	 40100000	0
chr15	 40250000	 39400000	17
chr15	 40350000	 38400000	39
chr15	 45050000	 46950000	38
chr15	 45550000	 44050000	30
chr15	 45800000	 47300000	30
chr15	 46950000	 47550000	12
chr15	 48150000	 49000000	17
chr15	 48700000	 48250000	9
chr15	 48850000	 46950000	38
chr15	 51500000	 50300000	24
chr15	 52950000	 51800000	23
chr15	 55700000	 54800000	18
chr15	 57850000	 56800000	21
chr15	 59800000	 59500000	6
chr15	 60700000	 61600000	18
chr15	 61950000	 61550000	8
chr15	 62950000	 64550000	32
chr15	 66150000	 64950000	24
chr15	 67800000	 66800000	20
chr15	 70850000	 69400000	29
chr15	 71250000	 70250000	20
chr15	 72700000	 73450000	15
chr15	 73950000	 74950000	20
chr15	 77150000	 76350000	16
chr15	 77450000	 77900000	9
chr15	 80050000	 79450000	12
chr15	 82750000	 81500000	25
chr15	 84200000	 84950000	15
chr15	 86500000	 87250000	15
chr15	 90400000	 89650000	15
chr15	 93000000	 92400000	12
chr15	 94050000	 93250000	16
chr15	 96350000	 97100000	15
chr15	 96800000	 92900000	78
chr15	 98450000	 99800000	27
chr15	 98700000	 99550000	17
chr15	100450000	 99500000	19
chr15	100450000	 99650000	16
chr15	100950000	101750000	16
chr15	102700000	103750000	21
chr15	103050000	103650000	12
chr15	103400000	103650000	5
chr16	  5200000	  3850000	27
chr16	  5200000	  6850000	33
chr16	  6650000	  4400000	45
chr16	 11400000	  9850000	31
chr16	 14500000	 15100000	12
chr16	 14550000	 13600000	19
chr16	 15800000	 17850000	41
chr16	 16300000	 16700000	8
chr16	 17200000	 13700000	70
chr16	 18350000	 18100000	5
chr16	 19650000	 19100000	11
chr16	 19750000	 20150000	8
chr16	 20550000	 22200000	33
chr16	 23850000	 23300000	11
chr16	 28900000	 28300000	12
chr16	 29300000	 28150000	23
chr16	 32300000	 30900000	28
chr16	 34700000	 36600000	38
chr16	 36400000	 36900000	10
chr16	 37700000	 36600000	22
chr16	 39450000	 40350000	18
chr16	 39800000	 41600000	36
chr16	 40650000	 41850000	24
chr16	 40800000	 39500000	26
chr16	 42100000	 40750000	27
chr16	 43300000	 44950000	33
chr16	 44100000	 43550000	11
chr16	 44200000	 41300000	58
chr16	 45550000	 44550000	20
chr16	 45600000	 46700000	22
chr16	 47350000	 46150000	24
chr16	 47600000	 46550000	21
chr16	 47600000	 46850000	15
chr16	 47850000	 47050000	16
chr16	 48950000	 49900000	19
chr16	 49100000	 47550000	31
chr16	 50250000	 51250000	20
chr16	 50350000	 51750000	28
chr16	 50400000	 51250000	17
chr16	 50500000	 50200000	6
chr16	 52500000	 51050000	29
chr16	 52950000	 54150000	24
chr16	 53850000	 53150000	14
chr16	 54400000	 53200000	24
chr16	 56750000	 58300000	31
chr16	 60550000	 58400000	43
chr16	 61450000	 62450000	20
chr16	 61900000	 61400000	10
chr16	 62700000	 63800000	22
chr16	 63200000	 65000000	36
chr16	 63800000	 66750000	59
chr16	 65700000	 65200000	10
chr16	 73250000	 75000000	35
chr16	 74100000	 72000000	42
chr16	 74850000	 72600000	45
chr16	 75600000	 76050000	9
chr16	 75750000	 76100000	7
chr16	 80550000	 81400000	17
chr16	 87600000	 85800000	36
chr16	 88000000	 86400000	32
chr16	 91350000	 92150000	16
chr16	 91650000	 94600000	59
chr16	 91950000	 92850000	18
chr16	 92750000	 94450000	34
chr17	  3150000	  4200000	21
chr17	  4700000	  4350000	7
chr17	  6200000	  7050000	17
chr17	 10800000	 11750000	19
chr17	 10950000	  8550000	48
chr17	 11700000	 11400000	6
chr17	 14000000	 15450000	29
chr17	 20600000	 18900000	34
chr17	 21850000	 21000000	17
chr17	 22050000	 22700000	13
chr17	 23900000	 23050000	17
chr17	 25100000	 24050000	21
chr17	 28300000	 29850000	31
chr17	 34050000	 32350000	34
chr17	 34850000	 33100000	35
chr17	 38300000	 39600000	26
chr17	 38350000	 39450000	22
chr17	 38850000	 40550000	34
chr17	 43750000	 43200000	11
chr17	 45100000	 43700000	28
chr17	 47200000	 48750000	31
chr17	 47950000	 47400000	11
chr17	 49900000	 50600000	14
chr17	 50700000	 50200000	10
chr17	 52300000	 49900000	48
chr17	 53400000	 51650000	35
chr17	 54350000	 55150000	16
chr17	 60050000	 58700000	27
chr17	 63600000	 61550000	41
chr17	 63900000	 63050000	17
chr17	 65550000	 67150000	32
chr17	 67500000	 66450000	21
chr17	 68000000	 67000000	20
chr17	 70000000	 68900000	22
chr17	 70700000	 70450000	5
chr17	 71200000	 70200000	20
chr17	 72450000	 71750000	14
chr17	 72750000	 73250000	10
chr17	 73250000	 72050000	24
chr17	 73850000	 75100000	25
chr17	 75200000	 76050000	17
chr17	 77700000	 77150000	11
chr17	 79900000	 81250000	27
chr17	 84050000	 85400000	27
chr17	 85450000	 87100000	33
chr17	 86850000	 88850000	40
chr17	 92200000	 92750000	11
chr17	 93350000	 94650000	26
chr18	  1300000	  2100000	16
chr18	  1300000	  2700000	28
chr18	  2600000	  3050000	9
chr18	  3600000	  5450000	37
chr18	  5000000	  6150000	23
chr18	  6850000	  8350000	30
chr18	  9950000	  9450000	10
chr18	 11000000	 11450000	9
chr18	 17900000	 19900000	40
chr18	 24900000	 26250000	27
chr18	 25000000	 26250000	25
chr18	 25200000	 27500000	46
chr18	 25450000	 26450000	20
chr18	 26650000	 22800000	77
chr18	 28100000	 27700000	8
chr18	 31800000	 30850000	19
chr18	 36850000	 38200000	27
chr18	 37600000	 36850000	15
chr18	 40700000	 39900000	16
chr18	 42250000	 43150000	18
chr18	 46700000	 46250000	9
chr18	 50800000	 49950000	17
chr18	 50950000	 52350000	28
chr18	 55700000	 56600000	18
chr18	 56150000	 57800000	33
chr18	 60150000	 61000000	17
chr18	 61000000	 61750000	15
chr18	 65450000	 64500000	19
chr18	 67100000	 69150000	41
chr18	 67500000	 66750000	15
chr18	 68200000	 69000000	16
chr18	 68850000	 69650000	16
chr18	 70150000	 71000000	17
chr18	 70400000	 71800000	28
chr18	 70900000	 71600000	14
chr18	 72950000	 71700000	25
chr18	 76250000	 75300000	19
chr18	 78400000	 77300000	22
chr18	 84950000	 85600000	13
chr19	        0	  1150000	23
chr19	  1300000	   550000	15
chr19	  3650000	  3250000	8
chr19	  4250000	  5150000	18
chr19	  5200000	  4050000	23
chr19	  5550000	  3850000	34
chr19	  7050000	  7650000	12
chr19	  7650000	  6650000	20
chr19	  9650000	 11450000	36
chr19	  9950000	 11050000	22
chr19	 12100000	 11050000	21
chr19	 13550000	 14200000	13
chr19	 14050000	 13200000	17
chr19	 16600000	 15650000	19
chr19	 18300000	 19600000	26
chr19	 19800000	 20750000	19
chr19	 28100000	 27400000	14
chr19	 28300000	 27800000	10
chr19	 29600000	 28750000	17
chr19	 29750000	 28850000	18
chr19	 34350000	 33200000	23
chr19	 37000000	 36200000	16
chr19	 40550000	 39100000	29
chr19	 43650000	 42650000	20
chr19	 51150000	 52050000	18
chr19	 51200000	 52500000	26
chr19	 52600000	 54250000	33
chr19	 54700000	 54000000	14
chr19	 55600000	 56600000	20
chr19	 56500000	 57550000	21
chr19	 56900000	 56450000	9
chr2	  1850000	  2650000	16
chr2	  5650000	  6100000	9
chr2	  9850000	 11500000	33
chr2	 10800000	  9850000	19
chr2	 12600000	 11150000	29
chr2	 14300000	 14800000	10
chr2	 16750000	 15050000	34
chr2	 16750000	 17100000	7
chr2	 19500000	 18300000	24
chr2	 25250000	 22100000	63
chr2	 25300000	 24600000	14
chr2	 25800000	 25450000	7
chr2	 26250000	 27900000	33
chr2	 28850000	 28250000	12
chr2	 30550000	 31100000	11
chr2	 38350000	 39200000	17
chr2	 39900000	 40550000	13
chr2	 40500000	 39900000	12
chr2	 40750000	 41550000	16
chr2	 44600000	 44000000	12
chr2	 44750000	 43300000	29
chr2	 48900000	 46550000	47
chr2	 51550000	 51250000	6
chr2	 54800000	 53850000	19
chr2	 55050000	 53700000	27
chr2	 55100000	 56350000	25
chr2	 56250000	 55950000	6
chr2	 60350000	 61200000	17
chr2	 62650000	 61850000	16
chr2	 63150000	 62150000	20
chr2	 63600000	 62750000	17
chr2	 63600000	 63300000	6
chr2	 67950000	 67050000	18
chr2	 69800000	 70400000	12
chr2	 75050000	 76250000	24
chr2	 79450000	 78200000	25
chr2	 80750000	 79550000	24
chr2	 81900000	 80600000	26
chr2	 82450000	 83400000	19
chr2	 83300000	 81600000	34
chr2	 88100000	 88100000	0
chr2	 92950000	 93450000	10
chr2	 95500000	 94600000	18
chr2	 96250000	 97650000	28
chr2	 98000000	 99500000	30
chr2	102950000	104550000	32
chr2	103500000	102350000	23
chr2	116950000	117250000	6
chr2	122750000	123150000	8
chr2	124550000	123850000	14
chr2	126150000	125100000	21
chr2	129200000	128650000	11
chr2	130000000	131100000	22
chr2	130800000	128400000	48
chr2	131050000	132900000	37
chr2	131850000	132800000	19
chr2	132500000	131250000	25
chr2	136650000	137250000	12
chr2	137700000	137350000	7
chr2	139300000	140150000	17
chr2	144900000	144050000	17
chr2	146150000	144700000	29
chr2	148850000	150150000	26
chr2	149500000	145950000	71
chr2	151400000	152650000	25
chr2	153250000	154000000	15
chr2	153300000	153850000	11
chr2	156700000	157500000	16
chr2	158600000	159700000	22
chr2	159100000	160150000	21
chr2	161100000	161900000	16
chr2	163350000	164200000	17
chr2	172300000	171100000	24
chr2	172350000	171950000	8
chr2	172800000	174400000	32
chr2	174250000	173600000	13
chr2	174850000	174200000	13
chr2	178000000	179900000	38
chr3	  1900000	  3600000	34
chr3	  3650000	  2500000	23
chr3	  6350000	  5450000	18
chr3	  8000000	  7000000	20
chr3	 12350000	 11800000	11
chr3	 12750000	 11350000	28
chr3	 13750000	 14100000	7
chr3	 17100000	 16100000	20
chr3	 17700000	 17500000	4
chr3	 19150000	 20050000	18
chr3	 19250000	 19800000	11
chr3	 21950000	 22550000	12
chr3	 22050000	 21650000	8
chr3	 23000000	 24100000	22
chr3	 23050000	 23950000	18
chr3	 25650000	 24550000	22
chr3	 27000000	 27600000	12
chr3	 29350000	 30400000	21
chr3	 29900000	 32400000	50
chr3	 31550000	 28750000	56
chr3	 33600000	 36150000	51
chr3	 34900000	 32950000	39
chr3	 37600000	 38650000	21
chr3	 38350000	 38100000	5
chr3	 38650000	 38100000	11
chr3	 38700000	 36900000	36
chr3	 39000000	 36300000	54
chr3	 40900000	 40050000	17
chr3	 44800000	 44000000	16
chr3	 49450000	 48350000	22
chr3	 52000000	 53150000	23
chr3	 52450000	 53200000	15
chr3	 53400000	 55150000	35
chr3	 56900000	 56450000	9
chr3	 59250000	 60500000	25
chr3	 61500000	 59600000	38
chr3	 63900000	 62400000	30
chr3	 64150000	 64350000	4
chr3	 64700000	 63650000	21
chr3	 65100000	 67250000	43
chr3	 66150000	 64400000	35
chr3	 66900000	 68750000	37
chr3	 68150000	 69200000	21
chr3	 68700000	 70900000	44
chr3	 71000000	 72500000	30
chr3	 78750000	 75500000	65
chr3	 81150000	 81650000	10
chr3	 88000000	 86050000	39
chr3	 89350000	 90100000	15
chr3	 92950000	 93900000	19
chr3	 94100000	 93300000	16
chr3	 96250000	 95800000	9
chr3	101200000	102800000	32
chr3	103050000	103600000	11
chr3	105100000	103650000	29
chr3	110350000	108550000	36
chr3	112200000	111000000	24
chr3	113850000	114450000	12
chr3	118000000	116100000	38
chr3	119100000	118150000	19
chr3	122300000	122600000	6
chr3	125300000	126450000	23
chr3	125400000	124300000	22
chr3	129550000	130650000	22
chr3	131550000	131950000	8
chr3	131800000	131300000	10
chr3	132850000	134150000	26
chr3	134350000	133850000	10
chr3	134600000	135100000	10
chr3	134900000	131300000	72
chr3	136250000	138450000	44
chr3	138150000	137800000	7
chr3	138300000	137700000	12
chr3	140250000	141350000	22
chr3	140950000	142500000	31
chr3	142200000	143600000	28
chr3	142200000	145000000	56
chr3	142550000	145500000	59
chr3	146500000	145100000	28
chr3	149400000	150450000	21
chr3	156200000	155100000	22
chr3	157650000	157150000	10
chr4	  2750000	  2450000	6
chr4	 11800000	 12800000	20
chr4	 16400000	 17150000	15
chr4	 20700000	 18400000	46
chr4	 21150000	 22350000	24
chr4	 23400000	 24700000	26
chr4	 28550000	 29700000	23
chr4	 29000000	 28200000	16
chr4	 30150000	 29750000	8
chr4	 31600000	 32000000	8
chr4	 35350000	 34900000	9
chr4	 36350000	 37400000	21
chr4	 39600000	 37800000	36
chr4	 40150000	 40900000	15
chr4	 40700000	 41950000	25
chr4	 41350000	 39250000	42
chr4	 43300000	 43950000	13
chr4	 44350000	 45700000	27
chr4	 44850000	 42850000	40
chr4	 45050000	 42400000	53
chr4	 49150000	 48000000	23
chr4	 51000000	 49500000	30
chr4	 53500000	 54050000	11
chr4	 56000000	 57950000	39
chr4	 57000000	 55500000	30
chr4	 60900000	 59750000	23
chr4	 62250000	 61250000	20
chr4	 65850000	 66950000	22
chr4	 67450000	 68200000	15
chr4	 69100000	 70600000	30
chr4	 74750000	 72300000	49
chr4	 74900000	 72200000	54
chr4	 77000000	 76300000	14
chr4	 78050000	 78050000	0
chr4	 82000000	 83250000	25
chr4	 85150000	 85700000	11
chr4	 85500000	 86250000	15
chr4	 87950000	 86400000	31
chr4	 88250000	 89150000	18
chr4	 88650000	 89950000	26
chr4	 96850000	 95850000	20
chr4	 97450000	 98800000	27
chr4	 99900000	100250000	7
chr4	102350000	103050000	14
chr4	110950000	109900000	21
chr4	114450000	115600000	23
chr4	114550000	113300000	25
chr4	118000000	116650000	27
chr4	119400000	120450000	21
chr4	124550000	123900000	13
chr4	124800000	124400000	8
chr4	126250000	125250000	20
chr4	126650000	127500000	17
chr4	126700000	125700000	20
chr4	127800000	128900000	22
chr4	128700000	129200000	10
chr4	129250000	128600000	13
chr4	132250000	130800000	29
chr4	132500000	132750000	5
chr4	134600000	133750000	17
chr4	135000000	133600000	28
chr4	136200000	135350000	17
chr4	139900000	139450000	9
chr4	144300000	147300000	60
chr4	144800000	146250000	29
chr4	146600000	144250000	47
chr4	146900000	146350000	11
chr4	148400000	147250000	23
chr4	154950000	154300000	13
chr5	   400000	  1200000	16
chr5	  1900000	  3550000	33
chr5	  4700000	  5700000	20
chr5	  6000000	  8250000	45
chr5	 10100000	  9550000	11
chr5	 10100000	 11400000	26
chr5	 10650000	 10150000	10
chr5	 13000000	 12150000	17
chr5	 13150000	 14500000	27
chr5	 17150000	 17800000	13
chr5	 18650000	 19600000	19
chr5	 22900000	 23350000	9
chr5	 22900000	 24200000	26
chr5	 23550000	 24950000	28
chr5	 28850000	 27550000	26
chr5	 32550000	 33200000	13
chr5	 41500000	 43300000	36
chr5	 41700000	 42450000	15
chr5	 45250000	 44900000	7
chr5	 46450000	 47950000	30
chr5	 56250000	 56700000	9
chr5	 58950000	 60550000	32
chr5	 59950000	 59950000	0
chr5	 62850000	 62250000	12
chr5	 64700000	 63900000	16
chr5	 65950000	 64750000	24
chr5	 66450000	 64450000	40
chr5	 67500000	 66550000	19
chr5	 67700000	 66400000	26
chr5	 67900000	 67200000	14
chr5	 71850000	 73500000	33
chr5	 73700000	 72600000	22
chr5	 73700000	 75150000	29
chr5	 73800000	 74550000	15
chr5	 74800000	 76600000	36
chr5	 76400000	 76950000	11
chr5	 76900000	 77300000	8
chr5	 79950000	 79450000	10
chr5	 81650000	 82300000	13
chr5	 81650000	 82700000	21
chr5	 83350000	 85750000	48
chr5	 85350000	 83500000	37
chr5	 86550000	 88050000	30
chr5	 88150000	 86750000	28
chr5	 89650000	 92000000	47
chr5	 91900000	 91900000	0
chr5	 92000000	 93050000	21
chr5	 92250000	 92950000	14
chr5	 93700000	 93250000	9
chr5	 93800000	 94500000	14
chr5	 93900000	 97600000	74
chr5	 97600000	 96300000	26
chr5	 98950000	 98300000	13
chr5	100050000	 98800000	25
chr5	103450000	102350000	22
chr5	104750000	103500000	25
chr5	106750000	108250000	30
chr5	107450000	108000000	11
chr5	112450000	111750000	14
chr5	113200000	111650000	31
chr5	115450000	113850000	32
chr5	118750000	118450000	6
chr5	124100000	122750000	27
chr5	124550000	123100000	29
chr5	127050000	128350000	26
chr5	129100000	128000000	22
chr5	133150000	132700000	9
chr5	134850000	132150000	54
chr5	137500000	136400000	22
chr5	140600000	141400000	16
chr5	145550000	145950000	8
chr5	145600000	148200000	52
chr5	147150000	145400000	35
chr5	149100000	150100000	20
chr5	149650000	149000000	13
chr6	  1800000	  3600000	36
chr6	  2400000	  1050000	27
chr6	  8350000	 10200000	37
chr6	  9450000	 10500000	21
chr6	  9750000	  9300000	9
chr6	 10250000	  9350000	18
chr6	 11900000	 11400000	10
chr6	 12100000	 10100000	40
chr6	 16150000	 14900000	25
chr6	 18700000	 19850000	23
chr6	 21150000	 19850000	26
chr6	 23950000	 23100000	17
chr6	 28850000	 27500000	27
chr6	 31050000	 29850000	24
chr6	 35650000	 36550000	18
chr6	 43250000	 43750000	10
chr6	 47850000	 48650000	16
chr6	 52200000	 51100000	22
chr6	 53550000	 55400000	37
chr6	 54100000	 53250000	17
chr6	 57400000	 58550000	23
chr6	 59900000	 58050000	37
chr6	 60450000	 59950000	10
chr6	 61700000	 63450000	35
chr6	 64700000	 66350000	33
chr6	 65950000	 65950000	0
chr6	 68300000	 68800000	10
chr6	 69050000	 67800000	25
chr6	 69400000	 68550000	17
chr6	 73150000	 74450000	26
chr6	 77100000	 78650000	31
chr6	 78100000	 75850000	45
chr6	 78450000	 79500000	21
chr6	 80500000	 80000000	10
chr6	 83900000	 85850000	39
chr6	 85150000	 83900000	25
chr6	 85500000	 85050000	9
chr6	 90750000	 91450000	14
chr6	 92650000	 91950000	14
chr6	 93400000	 94350000	19
chr6	 93650000	 93250000	8
chr6	 96650000	 96450000	4
chr6	 97300000	 96150000	23
chr6	 98500000	 96500000	40
chr6	100050000	100800000	15
chr6	100800000	101750000	19
chr6	107400000	106850000	11
chr6	114200000	114900000	14
chr6	117450000	118050000	12
chr6	120200000	118800000	28
chr6	120450000	123800000	67
chr6	122250000	123900000	33
chr6	123100000	121600000	30
chr6	123100000	121650000	29
chr6	124500000	123700000	16
chr6	125200000	123900000	26
chr6	126300000	126500000	4
chr6	127800000	129150000	27
chr6	128850000	129650000	16
chr6	133850000	134850000	20
chr6	134850000	134150000	14
chr6	136600000	138200000	32
chr6	138200000	135200000	60
chr6	141200000	139250000	39
chr6	145800000	146700000	18
chr6	148400000	148950000	11
chr7	  2000000	  2850000	17
chr7	  4750000	  5950000	24
chr7	  5600000	  4950000	13
chr7	  5750000	  7150000	28
chr7	  6000000	  5200000	16
chr7	  6600000	  6200000	8
chr7	  7000000	  5850000	23
chr7	  8600000	  8600000	0
chr7	 15150000	 16900000	35
chr7	 16000000	 14750000	25
chr7	 17900000	 19700000	36
chr7	 18150000	 15400000	55
chr7	 21050000	 19850000	24
chr7	 21250000	 21900000	13
chr7	 22200000	 20050000	43
chr7	 27400000	 26650000	15
chr7	 28700000	 26650000	41
chr7	 30000000	 30850000	17
chr7	 33000000	 35600000	52
chr7	 35000000	 34000000	20
chr7	 35500000	 38700000	64
chr7	 36250000	 37500000	25
chr7	 39450000	 40800000	27
chr7	 39800000	 40550000	15
chr7	 41150000	 40000000	23
chr7	 41500000	 44600000	62
chr7	 41750000	 40350000	28
chr7	 42050000	 42600000	11
chr7	 43050000	 44000000	19
chr7	 45200000	 47300000	42
chr7	 47550000	 46950000	12
chr7	 51400000	 52300000	18
chr7	 59650000	 59050000	12
chr7	 62050000	 62700000	13
chr7	 62100000	 63050000	19
chr7	 65500000	 63900000	32
chr7	 66400000	 65150000	25
chr7	 68400000	 70200000	36
chr7	 68600000	 69600000	20
chr7	 68700000	 69200000	10
chr7	 70350000	 69150000	24
chr7	 71100000	 73100000	40
chr7	 77350000	 76150000	24
chr7	 79600000	 78600000	20
chr7	 83850000	 83500000	7
chr7	 86500000	 85350000	23
chr7	 87350000	 88050000	14
chr7	 87400000	 87850000	9
chr7	 87650000	 88600000	19
chr7	 92700000	 92200000	10
chr7	 97900000	 95950000	39
chr7	 98700000	100300000	32
chr7	102700000	103000000	6
chr7	102700000	103700000	20
chr7	108300000	107300000	20
chr7	108950000	107650000	26
chr7	108950000	109650000	14
chr7	109600000	110250000	13
chr7	110900000	109750000	23
chr7	111500000	112100000	12
chr7	111500000	112250000	15
chr7	114550000	114100000	9
chr7	114950000	116750000	36
chr7	116000000	115450000	11
chr7	117900000	116200000	34
chr7	119650000	121150000	30
chr7	124650000	122150000	50
chr7	128600000	128000000	12
chr7	129150000	128650000	10
chr7	130600000	131900000	26
chr7	132800000	132050000	15
chr7	133100000	134400000	26
chr7	135350000	138150000	56
chr7	136300000	137900000	32
chr7	136750000	135500000	25
chr7	137700000	139350000	33
chr7	138300000	139150000	17
chr7	139850000	138550000	26
chr7	141600000	140150000	29
chr7	142550000	143800000	25
chr7	142550000	144050000	30
chr7	143000000	143650000	13
chr7	144350000	142250000	42
chr8	   300000	  1100000	16
chr8	  3850000	  4500000	13
chr8	  5150000	  6300000	23
chr8	  6750000	  7100000	7
chr8	 10400000	 13900000	70
chr8	 12100000	  9350000	55
chr8	 13500000	 15150000	33
chr8	 14400000	 13750000	13
chr8	 14750000	 13550000	24
chr8	 17600000	 15800000	36
chr8	 21000000	 21650000	13
chr8	 27350000	 25600000	35
chr8	 28200000	 31850000	73
chr8	 35050000	 35050000	0
chr8	 35900000	 35000000	18
chr8	 37850000	 36700000	23
chr8	 38200000	 39850000	33
chr8	 45350000	 45750000	8
chr8	 45900000	 44850000	21
chr8	 48250000	 48700000	9
chr8	 50150000	 50850000	14
chr8	 50550000	 50150000	8
chr8	 52050000	 54000000	39
chr8	 53000000	 52550000	9
chr8	 54600000	 55150000	11
chr8	 60500000	 59700000	16
chr8	 68650000	 71150000	50
chr8	 71050000	 72750000	34
chr8	 71350000	 70250000	22
chr8	 73000000	 73350000	7
chr8	 75900000	 74800000	22
chr8	 76250000	 76150000	2
chr8	 77400000	 77800000	8
chr8	 78750000	 77550000	24
chr8	 83700000	 83000000	14
chr8	 85650000	 87550000	38
chr8	 87100000	 86400000	14
chr8	 90900000	 90200000	14
chr8	 91950000	 93400000	29
chr8	 93850000	 92800000	21
chr8	 94100000	 93750000	7
chr8	 94300000	 93600000	14
chr8	 95550000	 96600000	21
chr8	 95850000	 95100000	15
chr8	 98200000	 99000000	16
chr8	 98600000	 95300000	66
chr8	 99650000	 98450000	24
chr8	105650000	106950000	26
chr8	106450000	107950000	30
chr8	108450000	107650000	16
chr8	114300000	116750000	49
chr8	115300000	114400000	18
chr8	116400000	117000000	12
chr8	117700000	119000000	26
chr8	120850000	121600000	15
chr8	121450000	120850000	12
chr8	121950000	120600000	27
chr8	123300000	123950000	13
chr8	128450000	125950000	50
chr8	128500000	129400000	18
chr9	  1850000	   400000	29
chr9	  1950000	   550000	28
chr9	  4400000	  3850000	11
chr9	  4900000	  6250000	27
chr9	  4950000	  3900000	21
chr9	  8150000	  7250000	18
chr9	  9100000	  8200000	18
chr9	 10350000	 11400000	21
chr9	 14550000	 12450000	42
chr9	 14650000	 15450000	16
chr9	 16600000	 17900000	26
chr9	 19350000	 18500000	17
chr9	 20850000	 21500000	13
chr9	 21550000	 20250000	26
chr9	 26300000	 25050000	25
chr9	 27300000	 26900000	8
chr9	 28300000	 28150000	3
chr9	 32200000	 30800000	28
chr9	 34200000	 34750000	11
chr9	 37250000	 36450000	16
chr9	 38350000	 39200000	17
chr9	 39250000	 41150000	38
chr9	 40400000	 39600000	16
chr9	 46700000	 45850000	17
chr9	 47000000	 45900000	22
chr9	 47200000	 45950000	25
chr9	 52300000	 50550000	35
chr9	 53900000	 54250000	7
chr9	 54050000	 55400000	27
chr9	 56350000	 55700000	13
chr9	 57050000	 56800000	5
chr9	 60500000	 62150000	33
chr9	 61450000	 60750000	14
chr9	 62550000	 61600000	19
chr9	 62700000	 62400000	6
chr9	 64450000	 62600000	37
chr9	 69650000	 69250000	8
chr9	 73600000	 75250000	33
chr9	 73800000	 72300000	30
chr9	 74100000	 74800000	14
chr9	 75800000	 74050000	35
chr9	 76450000	 77900000	29
chr9	 79950000	 77900000	41
chr9	 86200000	 89100000	58
chr9	 86850000	 87500000	13
chr9	 88750000	 88250000	10
chr9	 91500000	 90100000	28
chr9	 98650000	 99300000	13
chr9	 98800000	 99950000	23
chr9	 99900000	 99150000	15
chr9	100250000	101600000	27
chr9	100800000	101400000	12
chr9	106200000	107850000	33
chr9	110500000	109350000	23
chr9	111550000	110150000	28
chr9	112400000	111700000	14
chr9	112650000	113800000	23
chr9	121900000	122750000	17
chr9	123200000	123850000	13
chr9	123900000	124350000	9
chrX	  3150000	  3700000	11
chrX	  4800000	  3500000	26
chrX	  5250000	  6250000	20
chrX	 11550000	  9800000	35
chrX	 11650000	 10700000	19
chrX	 13250000	 15600000	47
chrX	 14000000	 11850000	43
chrX	 16800000	 16550000	5
chrX	 16800000	 17850000	21
chrX	 17000000	 15450000	31
chrX	 18500000	 16950000	31
chrX	 19300000	 18200000	22
chrX	 23100000	 22200000	18
chrX	 26600000	 27500000	18
chrX	 26850000	 26100000	15
chrX	 28900000	 29350000	9
chrX	 29050000	 30650000	32
chrX	 30150000	 29100000	21
chrX	 32500000	 32050000	9
chrX	 33200000	 33900000	14
chrX	 37400000	 36350000	21
chrX	 37550000	 38650000	22
chrX	 40300000	 39350000	19
chrX	 40600000	 41250000	13
chrX	 42000000	 42200000	4
chrX	 43700000	 44500000	16
chrX	 47800000	 48950000	23
chrX	 49100000	 48050000	21
chrX	 49100000	 50450000	27
chrX	 51700000	 51700000	0
chrX	 52300000	 54050000	35
chrX	 53400000	 52150000	25
chrX	 53500000	 54850000	27
chrX	 54550000	 55100000	11
chrX	 55050000	 56250000	24
chrX	 56800000	 57650000	17
chrX	 56900000	 56450000	9
chrX	 57850000	 58450000	12
chrX	 59950000	 58750000	24
chrX	 61750000	 62850000	22
chrX	 67650000	 66850000	16
chrX	 73300000	 72900000	8
chrX	 73600000	 72700000	18
chrX	 75250000	 74450000	16
chrX	 76300000	 77600000	26
chrX	 78900000	 79650000	15
chrX	 80650000	 80250000	8
chrX	 84400000	 83600000	16
chrX	 86700000	 87400000	14
chrX	 88800000	 89950000	23
chrX	 94050000	 94750000	14
chrX	 94150000	 92650000	30
chrX	 95500000	 93900000	32
chrX	 99350000	100050000	14
chrX	105950000	105200000	15
chrX	106650000	107450000	16
chrX	107500000	108500000	20
chrX	110400000	109000000	28
chrX	112050000	110000000	41
chrX	112350000	110700000	33
chrX	115400000	115100000	6
chrX	116150000	117350000	24
chrX	118650000	117950000	14
chrX	120450000	122450000	40
chrX	120800000	122550000	35
chrX	121750000	124350000	52
chrX	121800000	121250000	11
chrX	122950000	122550000	8
chrX	124700000	125450000	15
chrX	125550000	123600000	39
chrX	128100000	130150000	41
chrX	128350000	127700000	13
chrX	128950000	130850000	38
chrX	130450000	133100000	53
chrX	132600000	133650000	21
chrX	134600000	135700000	22
chrX	135850000	136400000	11
chrX	136300000	136000000	6
chrX	137350000	135950000	28
chrX	141800000	140000000	36
chrX	141950000	138550000	68
chrX	143150000	142150000	20
chrX	144300000	143950000	7
chrX	145750000	145000000	15
chrX	146100000	146950000	17
chrX	147400000	146800000	12
chrX	148000000	147100000	18
chrX	149600000	148500000	22
chrX	150900000	151750000	17
chrX	156000000	155000000	20
chrX	157350000	157850000	10
chrX	157500000	156550000	19
chrX	160350000	158650000	34
chrX	162100000	160950000	23
chrY	  7500000	  6850000	13
chrY	  9050000	 10350000	26
chrY	 11550000	 13400000	37
chrY	 14150000	 11800000	47
chrY	 15300000	 18150000	57
chrY	 16000000	 15000000	20
chrY	 16000000	 15050000	19
chrY	 18650000	 16550000	42
chrY	 20850000	 19950000	18
chrY	 24500000	 23750000	15
chrY	 24650000	 25750000	22
chrY	 27550000	 26500000	21
chrY	 27600000	 26550000	21
chrY	 28200000	 27500000	14
chrY	 33300000	 33700000	8
chrY	 36900000	 36050000	17
chrY	 38700000	 40200000	30
chrY	 38850000	 38200000	13
chrY	 43950000	 45100000	23
chrY	 44600000	 46400000	36
chrY	 44750000	 43650000	22
chrY	 45550000	 47150000	32
chrY	 47200000	 48350000	23
chrY	 49650000	 51600000	39
chrY	 50900000	 49950000	19
chrY	 51250000	 47900000	67
chrY	 53200000	 52000000	24
chrY	 53200000	 52500000	14
chrY	 53250000	 51050000	44
chrY	 54500000	 59050000	91
chrY	 55650000	 55250000	8
chrY	 55850000	 54200000	33
chrY	 57250000	 55050000	44
chrY	 57400000	 58650000	25
chrY	 57750000	 59000000	25
chrY	 58200000	 59200000	20
chrY	 59450000	 60850000	28
chrY	 59950000	 59050000	18
chrY	 65150000	 64200000	19
chrY	 66600000	 65650000	19
chrY	 69650000	 69300000	7
chrY	 72650000	 71400000	25
chrY	 78200000	 77650000	11
chrY	 79250000	 78200000	21
chrY	 82050000	 82950000	18
chrY	 84650000	 85450000	16
