chr1	        0	   550000	11
chr1	   800000	  1400000	12
chr1	  1050000	  2300000	25
chr1	  4150000	  5200000	21
chr1	  7550000	  4900000	53
chr1	  7750000	  7750000	0
chr1	  8250000	  7400000	17
chr1	 10950000	 11850000	18
chr1	 14900000	 15900000	20
chr1	 16800000	 17550000	15
chr1	 19700000	 18800000	18
chr1	 22600000	 24050000	29
chr1	 24550000	 25650000	22
chr1	 26750000	 28350000	32
chr1	 27050000	 27550000	10
chr1	 27750000	 26750000	20
chr1	 28950000	 28500000	9
chr1	 30200000	 28350000	37
chr1	 31200000	 33000000	36
chr1	 31550000	 34150000	52
chr1	 34300000	 35600000	26
chr1	 34350000	 33750000	12
chr1	 36900000	 36450000	9
chr1	 45500000	 44250000	25
chr1	 46000000	 45800000	4
chr1	 46950000	 48350000	28
chr1	 47800000	 46200000	32
chr1	 52300000	 50850000	29
chr1	 52350000	 53200000	17
chr1	 53450000	 54900000	29
chr1	 55650000	 57400000	35
chr1	 57600000	 58500000	18
chr1	 58000000	 56200000	36
chr1	 60850000	 62150000	26
chr1	 61050000	 61950000	18
chr1	 61900000	 60800000	22
chr1	 62650000	 61650000	20
chr1	 64250000	 63550000	14
chr1	 66350000	 65650000	14
chr1	 70500000	 67700000	56
chr1	 72450000	 73950000	30
chr1	 73850000	 70500000	67
chr1	 74250000	 74950000	14
chr1	 76600000	 77700000	22
chr1	 77500000	 79050000	31
chr1	 80050000	 79200000	17
chr1	 80900000	 80100000	16
chr1	 81600000	 80700000	18
chr1	 83250000	 84050000	16
chr1	 92200000	 91100000	22
chr1	 93500000	 91650000	37
chr1	 96000000	 93850000	43
chr1	 96450000	 94650000	36
chr1	 97350000	 98100000	15
chr1	 97950000	 99700000	35
chr1	 98300000	 98500000	4
chr1	 98650000	 98000000	13
chr1	106400000	107100000	14
chr1	108750000	107850000	18
chr1	114350000	113250000	22
chr1	115300000	112850000	49
chr1	115450000	115700000	5
chr1	116050000	117100000	21
chr1	117700000	118400000	14
chr1	120900000	119950000	19
chr1	124700000	125200000	10
chr1	127350000	127650000	6
chr1	129950000	132450000	50
chr1	130350000	127700000	53
chr1	137700000	136750000	19
chr1	142000000	139150000	57
chr1	147200000	146750000	9
chr1	149500000	150850000	27
chr1	152300000	153250000	19
chr1	152550000	153300000	15
chr1	157200000	157900000	14
chr1	164400000	163700000	14
chr1	167150000	168300000	23
chr1	171250000	172550000	26
chr1	171400000	170600000	16
chr1	171800000	170700000	22
chr1	172700000	171850000	17
chr1	180150000	180650000	10
chr1	185000000	185750000	15
chr1	185800000	186800000	20
chr1	186150000	187750000	32
chr1	186500000	188850000	47
chr1	190100000	188600000	30
chr1	191150000	191750000	12
chr1	191850000	191000000	17
chr10	  3450000	  5100000	33
chr10	  4850000	  4100000	15
chr10	  6100000	  5450000	13
chr10	 10900000	 11700000	16
chr10	 11700000	 10750000	19
chr10	 12450000	 11000000	29
chr10	 15050000	 15700000	13
chr10	 20700000	 19050000	33
chr10	 23200000	 22750000	9
chr10	 23900000	 22150000	35
chr10	 26400000	 25100000	26
chr10	 26400000	 27300000	18
chr10	 26950000	 25700000	25
chr10	 38500000	 36750000	35
chr10	 39350000	 38450000	18
chr10	 39400000	 40100000	14
chr10	 46150000	 43900000	45
chr10	 47250000	 45500000	35
chr10	 47300000	 46400000	18
chr10	 48450000	 47550000	18
chr10	 48650000	 49300000	13
chr10	 50200000	 49300000	18
chr10	 52950000	 54150000	24
chr10	 54700000	 57200000	50
chr10	 58100000	 58550000	9
chr10	 58400000	 58600000	4
chr10	 59950000	 59300000	13
chr10	 62650000	 63050000	8
chr10	 68250000	 70050000	36
chr10	 69150000	 69900000	15
chr10	 69400000	 69050000	7
chr10	 73900000	 73400000	10
chr10	 74200000	 72800000	28
chr10	 80000000	 80350000	7
chr10	 81500000	 80500000	20
chr10	 82150000	 79350000	56
chr10	 83000000	 82450000	11
chr10	 83550000	 82950000	12
chr10	 89050000	 89050000	0
chr10	 91850000	 93700000	37
chr10	 92850000	 91050000	36
chr10	 94100000	 93600000	10
chr10	 94200000	 95900000	34
chr10	 96750000	 97050000	6
chr10	 98750000	 96450000	46
chr10	108200000	106800000	28
chr10	108550000	109150000	12
chr10	110750000	113000000	45
chr10	111900000	112400000	10
chr10	115100000	117800000	54
chr10	115300000	114750000	11
chr10	115650000	113450000	44
chr10	118500000	119000000	10
chr10	119100000	120350000	25
chr10	119500000	121100000	32
chr10	120300000	119150000	23
chr10	122500000	121550000	19
chr10	122950000	122250000	14
chr10	123050000	122400000	13
chr10	124350000	125500000	23
chr10	126900000	125950000	19
chr10	130100000	130650000	11
chr11	  2700000	  1850000	17
chr11	  4450000	  5150000	14
chr11	  6400000	  5650000	15
chr11	  8050000	  9000000	19
chr11	  9550000	 10650000	22
chr11	 10150000	  8650000	30
chr11	 14250000	 12550000	34
chr11	 16350000	 16850000	10
chr11	 19250000	 20250000	20
chr11	 19500000	 18950000	11
chr11	 22050000	 21050000	20
chr11	 23850000	 20350000	70
chr11	 24300000	 25650000	27
chr11	 24950000	 24250000	14
chr11	 28100000	 28500000	8
chr11	 31100000	 32200000	22
chr11	 36650000	 38600000	39
chr11	 37150000	 35950000	24
chr11	 39800000	 38450000	27
chr11	 40050000	 39550000	10
chr11	 42150000	 40100000	41
chr11	 44800000	 46550000	35
chr11	 48150000	 45950000	44
chr11	 51500000	 50800000	14
chr11	 59100000	 59900000	16
chr11	 60950000	 62150000	24
chr11	 63000000	 62300000	14
chr11	 63100000	 62400000	14
chr11	 63950000	 62100000	37
chr11	 71650000	 72500000	17
chr11	 79700000	 80600000	18
chr11	 82300000	 81200000	22
chr11	 84350000	 84700000	7
chr11	 86000000	 86300000	6
chr11	 86250000	 82550000	74
chr11	 86600000	 86250000	7
chr11	 87050000	 85300000	35
chr11	 87450000	 86800000	13
chr11	 90100000	 91050000	19
chr11	 90250000	 90800000	11
chr11	 92000000	 91350000	13
chr11	 94650000	 93500000	23
chr11	 97050000	 99100000	41
chr11	 97750000	 95500000	45
chr11	 98450000	 99650000	24
chr11	101400000	102850000	29
chr11	103700000	104550000	17
chr11	107950000	108650000	14
chr11	108500000	109050000	11
chr11	110950000	109000000	39
chr11	113150000	114250000	22
chr11	114350000	114950000	12
chr11	114400000	110900000	70
chr11	115550000	116600000	21
chr11	116150000	117050000	18
chr12	  5900000	  5500000	8
chr12	  6050000	  8300000	45
chr12	  6950000	  5950000	20
chr12	  7100000	  7800000	14
chr12	  9400000	  8000000	28
chr12	  9950000	  8950000	20
chr12	 10400000	  9500000	18
chr12	 13250000	 15150000	38
chr12	 13300000	 12850000	9
chr12	 13500000	 12550000	19
chr12	 13650000	 13100000	11
chr12	 14150000	 15000000	17
chr12	 14250000	 15750000	30
chr12	 15250000	 16350000	22
chr12	 17450000	 18300000	17
chr12	 18950000	 20800000	37
chr12	 19900000	 20700000	16
chr12	 22800000	 23750000	19
chr12	 23300000	 22400000	18
chr12	 27400000	 26200000	24
chr12	 27700000	 29450000	35
chr12	 32550000	 31750000	16
chr12	 35500000	 35150000	7
chr12	 36800000	 37050000	5
chr12	 40450000	 39650000	16
chr12	 40850000	 42100000	25
chr12	 49200000	 48650000	11
chr12	 51750000	 52650000	18
chr12	 52200000	 54650000	49
chr12	 53800000	 54650000	17
chr12	 53950000	 55500000	31
chr12	 58450000	 60250000	36
chr12	 61550000	 64200000	53
chr12	 62500000	 61350000	23
chr12	 63150000	 64350000	24
chr12	 64300000	 65900000	32
chr12	 66450000	 69600000	63
chr12	 67100000	 65100000	40
chr12	 68200000	 69050000	17
chr12	 68350000	 67250000	22
chr12	 68350000	 69850000	30
chr12	 69050000	 67600000	29
chr12	 69700000	 70650000	19
chr12	 70100000	 71300000	24
chr12	 73150000	 70800000	47
chr12	 73650000	 73300000	7
chr12	 73750000	 74300000	11
chr12	 77200000	 77950000	15
chr12	 82200000	 82750000	11
chr12	 82900000	 81700000	24
chr12	 83000000	 82650000	7
chr12	 83750000	 85450000	34
chr12	 84300000	 83300000	20
chr12	 88100000	 89000000	18
chr12	 89200000	 88500000	14
chr12	 90950000	 92200000	25
chr12	 96050000	 97100000	21
chr12	101400000	102800000	28
chr12	102400000	103850000	29
chr12	102750000	101750000	20
chr12	104400000	103650000	15
chr12	104450000	103150000	26
chr12	110150000	108550000	32
chr12	110300000	111000000	14
chr12	111000000	109900000	22
chr12	111150000	112350000	24
chr12	116950000	115400000	31
chr13	  5100000	  5500000	8
chr13	 14400000	 15400000	20
chr13	 14550000	 15300000	15
chr13	 15850000	 16950000	22
chr13	 15900000	 17800000	38
chr13	 16850000	 18650000	36
chr13	 18200000	 17000000	24
chr13	 19800000	 20500000	14
chr13	 19900000	 18650000	25
chr13	 20050000	 21600000	31
chr13	 20200000	 21500000	26
chr13	 20650000	 21400000	15
chr13	 21750000	 21200000	11
chr13	 21800000	 22900000	22
chr13	 24400000	 24900000	10
chr13	 31900000	 31900000	0
chr13	 33500000	 34250000	15
chr13	 33950000	 35650000	34
chr13	 35300000	 36050000	15
chr13	 37600000	 36900000	14
chr13	 44400000	 43950000	9
chr13	 44600000	 46000000	28
chr13	 45550000	 43850000	34
chr13	 45650000	 46300000	13
chr13	 48800000	 48200000	12
chr13	 55150000	 55950000	16
chr13	 58650000	 59900000	25
chr13	 59650000	 59200000	9
chr13	 62850000	 62250000	12
chr13	 63650000	 62800000	17
chr13	 69000000	 69600000	12
chr13	 69650000	 69000000	13
chr13	 70700000	 72200000	30
chr13	 71650000	 70800000	17
chr13	 71750000	 71200000	11
chr13	 73450000	 75100000	33
chr13	 73500000	 74750000	25
chr13	 73600000	 75000000	28
chr13	 74350000	 72550000	36
chr13	 75250000	 75950000	14
chr13	 76800000	 75900000	18
chr13	 83200000	 84100000	18
chr13	 94450000	 96500000	41
chr13	 94950000	 96100000	23
chr13	 95950000	 97000000	21
chr13	 96150000	 97600000	29
chr13	 96650000	 97500000	17
chr13	 99150000	100550000	28
chr13	 99200000	 99550000	7
chr13	100750000	 99600000	23
chr13	102750000	100850000	38
chr13	103900000	104550000	13
chr13	104100000	102850000	25
chr13	105150000	106600000	29
chr13	105700000	105100000	12
chr13	107800000	107100000	14
chr13	108250000	107650000	12
chr13	109350000	109850000	10
chr13	110300000	109650000	13
chr13	112900000	114700000	36
chr13	114150000	114850000	14
chr13	114550000	113900000	13
chr13	115100000	116150000	21
chr14	  1850000	  2300000	9
chr14	  2300000	  2600000	6
chr14	  2400000	  3150000	15
chr14	  2850000	  4300000	29
chr14	  3050000	  1550000	30
chr14	  5050000	  6400000	27
chr14	  6000000	  5150000	17
chr14	  6600000	  9300000	54
chr14	  6650000	  5500000	23
chr14	  6750000	  7700000	19
chr14	  7100000	  6100000	20
chr14	 14100000	 14700000	12
chr14	 14600000	 13550000	21
chr14	 15150000	 12750000	48
chr14	 15800000	 15350000	9
chr14	 15900000	 16800000	18
chr14	 21650000	 23400000	35
chr14	 23350000	 25650000	46
chr14	 23700000	 24700000	20
chr14	 25800000	 29550000	75
chr14	 25900000	 26550000	13
chr14	 26850000	 24100000	55
chr14	 28300000	 29150000	17
chr14	 29350000	 31700000	47
chr14	 29800000	 28100000	34
chr14	 31500000	 29100000	48
chr14	 34550000	 33200000	27
chr14	 37050000	 38400000	27
chr14	 37800000	 38500000	14
chr14	 38300000	 36750000	31
chr14	 38850000	 37650000	24
chr14	 39550000	 37300000	45
chr14	 41050000	 40100000	19
chr14	 43000000	 43950000	19
chr14	 44550000	 46050000	30
chr14	 45150000	 46750000	32
chr14	 48000000	 46000000	40
chr14	 49150000	 48500000	13
chr14	 50200000	 48650000	31
chr14	 50700000	 49550000	23
chr14	 51100000	 52800000	34
chr14	 56200000	 53450000	55
chr14	 56750000	 55500000	25
chr14	 56900000	 56300000	12
chr14	 57600000	 57100000	10
chr14	 58150000	 61100000	59
chr14	 59000000	 58550000	9
chr14	 59800000	 62350000	51
chr14	 61500000	 62200000	14
chr14	 61850000	 61350000	10
chr14	 66900000	 64400000	50
chr14	 68900000	 67850000	21
chr14	 72600000	 71800000	16
chr14	 72600000	 73950000	27
chr14	 73800000	 75100000	26
chr14	 74850000	 75450000	12
chr14	 76250000	 76550000	6
chr14	 76500000	 76050000	9
chr14	 76900000	 76250000	13
chr14	 76900000	 77700000	16
chr14	 82800000	 82000000	16
chr14	 86900000	 88050000	23
chr14	 88250000	 86850000	28
chr14	 88850000	 86650000	44
chr14	 88950000	 90850000	38
chr14	 90550000	 91050000	10
chr14	 92050000	 90100000	39
chr14	 92100000	 93550000	29
chr14	 93450000	 92000000	29
chr14	 95350000	 94500000	17
chr14	 97250000	 96100000	23
chr14	 98600000	 96900000	34
chr14	107700000	109300000	32
chr14	108850000	108350000	10
chr14	109550000	110050000	10
chr14	111600000	110850000	15
chr14	119050000	116100000	59
chr14	120550000	121950000	28
chr14	123550000	121850000	34
chr14	123900000	122850000	21
chr15	  2100000	   950000	23
chr15	  4150000	  2900000	25
chr15	  4200000	  3500000	14
chr15	  5800000	  7350000	31
chr15	  9300000	  8650000	13
chr15	  9600000	  8600000	20
chr15	 11350000	 11900000	11
chr15	 12100000	 11550000	11
chr15	 19150000	 21250000	42
chr15	 19400000	 17350000	41
chr15	 20200000	 18750000	29
chr15	 22400000	 22400000	0
chr15	 22850000	 22500000	7
chr15	 24500000	 25050000	11
chr15	 24900000	 23300000	32
chr15	 26800000	 25200000	32
chr15	 30700000	 28600000	42
chr15	 31450000	 32400000	19
chr15	 32150000	 31750000	8
chr15	 32650000	 33550000	18
chr15	 37100000	 35500000	32
chr15	 37250000	 37700000	9
chr15	 40250000	 38400000	37
chr15	 41550000	 39800000	35
chr15	 42900000	 44000000	22
chr15	 45000000	 44150000	17
chr15	 46500000	 45550000	19
chr15	 47100000	 43850000	65
chr15	 49850000	 50300000	9
chr15	 51150000	 50350000	16
chr15	 52000000	 51000000	20
chr15	 54450000	 52200000	45
chr15	 58300000	 57650000	13
chr15	 59850000	 59050000	16
chr15	 60800000	 59600000	24
chr15	 63000000	 64050000	21
chr15	 63200000	 63850000	13
chr15	 64500000	 63500000	20
chr15	 66750000	 66400000	7
chr15	 68850000	 69350000	10
chr15	 69850000	 67950000	38
chr15	 72150000	 71450000	14
chr15	 72600000	 72800000	4
chr15	 79000000	 77150000	37
chr15	 81350000	 80500000	17
chr15	 84250000	 83650000	12
chr15	 84850000	 84500000	7
chr15	 85300000	 84900000	8
chr15	 88050000	 89700000	33
chr15	 89050000	 87650000	28
chr15	 89200000	 88700000	10
chr15	 91700000	 91150000	11
chr15	 92250000	 93150000	18
chr15	 96750000	 97500000	15
chr15	 97750000	 96900000	17
chr15	100550000	100050000	10
chr16	  5350000	  6050000	14
chr16	  6100000	  6750000	13
chr16	  6950000	  7550000	12
chr16	 12450000	 13400000	19
chr16	 18800000	 19700000	18
chr16	 19950000	 20400000	9
chr16	 22000000	 25250000	65
chr16	 22550000	 19600000	59
chr16	 23000000	 22450000	11
chr16	 23500000	 22650000	17
chr16	 23600000	 23100000	10
chr16	 24150000	 24700000	11
chr16	 28400000	 31700000	66
chr16	 31800000	 31300000	10
chr16	 32200000	 30150000	41
chr16	 32250000	 30800000	29
chr16	 33700000	 34350000	13
chr16	 36000000	 37600000	32
chr16	 37550000	 36950000	12
chr16	 39050000	 38100000	19
chr16	 39750000	 38000000	35
chr16	 40200000	 38950000	25
chr16	 40250000	 40250000	0
chr16	 48250000	 46750000	30
chr16	 48650000	 50200000	31
chr16	 59150000	 57950000	24
chr16	 59400000	 57450000	39
chr16	 59750000	 60500000	15
chr16	 63300000	 63300000	0
chr16	 64900000	 63950000	19
chr16	 65200000	 66950000	35
chr16	 65500000	 64850000	13
chr16	 67800000	 69100000	26
chr16	 73550000	 72300000	25
chr16	 75250000	 73400000	37
chr16	 75750000	 74950000	16
chr16	 76200000	 75600000	12
chr16	 82150000	 81800000	7
chr16	 87150000	 88900000	35
chr16	 88550000	 89150000	12
chr16	 88950000	 88100000	17
chr16	 92950000	 94300000	27
chr16	 93200000	 93550000	7
chr16	 93350000	 92700000	13
chr17	   950000	    50000	18
chr17	  2750000	  4300000	31
chr17	  3700000	  4600000	18
chr17	  4800000	  3750000	21
chr17	  7100000	  9200000	42
chr17	  7400000	  6800000	12
chr17	  7700000	  9500000	36
chr17	 11050000	 10200000	17
chr17	 14350000	 12800000	31
chr17	 17050000	 15550000	30
chr17	 19900000	 18900000	20
chr17	 23650000	 22900000	15
chr17	 25200000	 26250000	21
chr17	 26050000	 27100000	21
chr17	 27950000	 26250000	34
chr17	 28850000	 27400000	29
chr17	 30700000	 29900000	16
chr17	 30950000	 29850000	22
chr17	 32100000	 31500000	12
chr17	 33500000	 32050000	29
chr17	 33900000	 34850000	19
chr17	 36600000	 37250000	13
chr17	 38500000	 36700000	36
chr17	 39850000	 37300000	51
chr17	 41150000	 39200000	39
chr17	 42950000	 42950000	0
chr17	 44450000	 46950000	50
chr17	 46900000	 46000000	18
chr17	 47950000	 47500000	9
chr17	 49100000	 47950000	23
chr17	 51850000	 51550000	6
chr17	 52200000	 53500000	26
chr17	 56750000	 54050000	54
chr17	 71150000	 70450000	14
chr17	 73900000	 74500000	12
chr17	 75850000	 74550000	26
chr17	 76000000	 74900000	22
chr17	 76800000	 77950000	23
chr17	 84850000	 85400000	11
chr17	 84900000	 82700000	44
chr17	 85250000	 86050000	16
chr17	 86100000	 83800000	46
chr17	 88150000	 89200000	21
chr17	 89250000	 91350000	42
chr17	 90850000	 92450000	32
chr17	 92400000	 91050000	27
chr18	  3150000	  4350000	24
chr18	  6600000	  7100000	10
chr18	  7000000	  8500000	30
chr18	  7400000	  7900000	10
chr18	  9450000	  8350000	22
chr18	  9600000	  9600000	0
chr18	 13800000	 13150000	13
chr18	 18100000	 16150000	39
chr18	 18450000	 17150000	26
chr18	 19150000	 17900000	25
chr18	 19150000	 20000000	17
chr18	 19250000	 19800000	11
chr18	 30200000	 31500000	26
chr18	 31800000	 32450000	13
chr18	 32350000	 31200000	23
chr18	 33500000	 33850000	7
chr18	 36150000	 37900000	35
chr18	 38650000	 40300000	33
chr18	 39000000	 41900000	58
chr18	 40000000	 41000000	20
chr18	 44750000	 42750000	40
chr18	 48050000	 49750000	34
chr18	 48600000	 49550000	19
chr18	 49050000	 48650000	8
chr18	 49150000	 52800000	73
chr18	 51200000	 53050000	37
chr18	 51900000	 50650000	25
chr18	 51950000	 53050000	22
chr18	 53550000	 51000000	51
chr18	 54450000	 53700000	15
chr18	 55050000	 56100000	21
chr18	 61200000	 60400000	16
chr18	 62000000	 60500000	30
chr18	 62000000	 61500000	10
chr18	 64900000	 63950000	19
chr18	 68700000	 69950000	25
chr18	 73300000	 72900000	8
chr18	 73400000	 76800000	68
chr18	 73500000	 74100000	12
chr18	 74100000	 73550000	11
chr18	 79400000	 78400000	20
chr18	 79850000	 81400000	31
chr18	 80200000	 79700000	10
chr18	 80850000	 79700000	23
chr18	 83700000	 84100000	8
chr18	 85650000	 86300000	13
chr18	 87100000	 86600000	10
chr18	 89750000	 89250000	10
chr19	  1900000	   800000	22
chr19	  4000000	  4450000	9
chr19	 11700000	 13200000	30
chr19	 12800000	 13300000	10
chr19	 13500000	 12150000	27
chr19	 13550000	 13050000	10
chr19	 15250000	 13300000	39
chr19	 18250000	 16600000	33
chr19	 20450000	 21000000	11
chr19	 21800000	 22850000	21
chr19	 23050000	 22350000	14
chr19	 26800000	 27100000	6
chr19	 28850000	 29400000	11
chr19	 30850000	 28900000	39
chr19	 31950000	 33950000	40
chr19	 33350000	 32750000	12
chr19	 33450000	 34450000	20
chr19	 34950000	 35650000	14
chr19	 36200000	 36650000	9
chr19	 39650000	 40050000	8
chr19	 40850000	 43300000	49
chr19	 46550000	 45300000	25
chr19	 46650000	 44750000	38
chr19	 47300000	 48650000	27
chr19	 47900000	 48500000	12
chr19	 49850000	 50600000	15
chr19	 51200000	 53350000	43
chr19	 52800000	 50700000	42
chr19	 53200000	 54250000	21
chr19	 54500000	 53450000	21
chr19	 56450000	 57600000	23
chr19	 56500000	 54400000	42
chr19	 56850000	 59450000	52
chr19	 58200000	 59050000	17
chr2	  3150000	  3850000	14
chr2	  4900000	  5800000	18
chr2	  6000000	  5150000	17
chr2	  7850000	  7100000	15
chr2	  8600000	  7000000	32
chr2	 11850000	 13600000	35
chr2	 12100000	 13900000	36
chr2	 13500000	 14600000	22
chr2	 16850000	 16450000	8
chr2	 19000000	 17950000	21
chr2	 19300000	 18100000	24
chr2	 19450000	 18100000	27
chr2	 22200000	 23300000	22
chr2	 23100000	 22350000	15
chr2	 29500000	 27450000	41
chr2	 29550000	 28400000	23
chr2	 31750000	 30750000	20
chr2	 32300000	 31750000	11
chr2	 32900000	 33800000	18
chr2	 33650000	 32100000	31
chr2	 34750000	 35600000	17
chr2	 35250000	 34650000	12
chr2	 40150000	 39300000	17
chr2	 40700000	 42150000	29
chr2	 43900000	 44700000	16
chr2	 54050000	 52250000	36
chr2	 58350000	 57300000	21
chr2	 58600000	 60550000	39
chr2	 59200000	 60400000	24
chr2	 61350000	 62000000	13
chr2	 62150000	 61150000	20
chr2	 64850000	 64000000	17
chr2	 69050000	 68050000	20
chr2	 69400000	 69400000	0
chr2	 71200000	 73050000	37
chr2	 74700000	 73050000	33
chr2	 75300000	 77200000	38
chr2	 75950000	 75150000	16
chr2	 79150000	 81150000	40
chr2	 80150000	 79050000	22
chr2	 81100000	 79100000	40
chr2	 83650000	 84250000	12
chr2	 89500000	 90600000	22
chr2	100050000	 98700000	27
chr2	101300000	100100000	24
chr2	103800000	103400000	8
chr2	105650000	106900000	25
chr2	105750000	106250000	10
chr2	107900000	107350000	11
chr2	111050000	112350000	26
chr2	119550000	121600000	41
chr2	120800000	120800000	0
chr2	121600000	120200000	28
chr2	121950000	123850000	38
chr2	125900000	126550000	13
chr2	126150000	126800000	13
chr2	128650000	129250000	12
chr2	130900000	130650000	5
chr2	134450000	134050000	8
chr2	134700000	132550000	43
chr2	136350000	134400000	39
chr2	136600000	137100000	10
chr2	139400000	140650000	25
chr2	140400000	137950000	49
chr2	142000000	141650000	7
chr2	144750000	144350000	8
chr2	146000000	145000000	20
chr2	146150000	145200000	19
chr2	147700000	148650000	19
chr2	147950000	149250000	26
chr2	149300000	147300000	40
chr2	149600000	150100000	10
chr2	149800000	151400000	32
chr2	150050000	150800000	15
chr2	158050000	158400000	7
chr2	158300000	159400000	22
chr2	164300000	164850000	11
chr2	165100000	164500000	12
chr2	165400000	167150000	35
chr2	165800000	167050000	25
chr2	167850000	169200000	27
chr2	171150000	170200000	19
chr2	171400000	170150000	25
chr2	173400000	174100000	14
chr2	175350000	176100000	15
chr2	175400000	176100000	14
chr2	179850000	180150000	6
chr2	180550000	181950000	28
chr3	   450000	  2300000	37
chr3	  1000000	  2250000	25
chr3	  4350000	  4800000	9
chr3	  5950000	  7250000	26
chr3	  6100000	  7100000	20
chr3	  9350000	 11250000	38
chr3	 11250000	  8350000	58
chr3	 16100000	 17100000	20
chr3	 16200000	 17850000	33
chr3	 26000000	 23650000	47
chr3	 28950000	 26550000	48
chr3	 30950000	 29100000	37
chr3	 31100000	 28850000	45
chr3	 35350000	 31750000	72
chr3	 36650000	 37250000	12
chr3	 42200000	 41150000	21
chr3	 46450000	 47150000	14
chr3	 48150000	 49050000	18
chr3	 50150000	 48500000	33
chr3	 55900000	 57850000	39
chr3	 57850000	 59700000	37
chr3	 58050000	 57500000	11
chr3	 59050000	 59350000	6
chr3	 59650000	 59500000	3
chr3	 62100000	 61050000	21
chr3	 63600000	 63250000	7
chr3	 64650000	 64450000	4
chr3	 64900000	 64150000	15
chr3	 66750000	 65350000	28
chr3	 68350000	 70350000	40
chr3	 69300000	 67650000	33
chr3	 71200000	 69750000	29
chr3	 71250000	 71900000	13
chr3	 76000000	 76650000	13
chr3	 78400000	 77100000	26
chr3	 78900000	 79450000	11
chr3	 79950000	 81000000	21
chr3	 82600000	 81850000	15
chr3	 83450000	 81550000	38
chr3	 85350000	 84500000	17
chr3	 87050000	 88500000	29
chr3	 91100000	 92650000	31
chr3	 91450000	 89650000	36
chr3	 93050000	 94800000	35
chr3	 95300000	 96450000	23
chr3	 98800000	 98500000	6
chr3	101850000	102150000	6
chr3	103600000	105900000	46
chr3	106600000	106950000	7
chr3	109450000	110250000	16
chr3	111700000	109950000	35
chr3	112900000	112600000	6
chr3	114250000	113100000	23
chr3	114700000	113500000	24
chr3	115450000	116300000	17
chr3	117750000	118450000	14
chr3	117800000	116950000	17
chr3	119800000	118300000	30
chr3	124600000	125700000	22
chr3	124750000	125850000	22
chr3	125800000	126450000	13
chr3	126800000	125600000	24
chr3	128850000	129600000	15
chr3	129300000	130950000	33
chr3	132350000	133350000	20
chr3	134350000	133350000	20
chr3	136900000	135200000	34
chr3	138700000	140150000	29
chr3	142100000	139650000	49
chr3	146200000	148150000	39
chr3	146800000	147550000	15
chr3	147700000	147100000	12
chr3	148650000	147800000	17
chr3	148750000	147300000	29
chr3	149200000	149950000	15
chr3	150700000	149850000	17
chr3	151450000	150400000	21
chr3	153150000	151400000	35
chr3	154450000	154000000	9
chr3	157350000	158300000	19
chr4	   300000	  1650000	27
chr4	  1150000	  2450000	26
chr4	  1250000	   650000	12
chr4	  2450000	  3450000	20
chr4	  4850000	  3950000	18
chr4	  4950000	  4100000	17
chr4	  5100000	  4750000	7
chr4	  6500000	  7100000	12
chr4	  8350000	  7400000	19
chr4	  8650000	 10150000	30
chr4	 11000000	 12050000	21
chr4	 12450000	 10650000	36
chr4	 15000000	 13800000	24
chr4	 17450000	 15750000	34
chr4	 18600000	 20100000	30
chr4	 21050000	 20150000	18
chr4	 22750000	 24050000	26
chr4	 23800000	 24250000	9
chr4	 25850000	 24700000	23
chr4	 27200000	 28100000	18
chr4	 30600000	 29400000	24
chr4	 30950000	 31550000	12
chr4	 31750000	 30350000	28
chr4	 34100000	 34800000	14
chr4	 36250000	 35500000	15
chr4	 38700000	 42250000	71
chr4	 40050000	 39350000	14
chr4	 40550000	 41150000	12
chr4	 40600000	 41150000	11
chr4	 41500000	 42600000	22
chr4	 43000000	 42300000	14
chr4	 43150000	 42350000	16
chr4	 44800000	 43400000	28
chr4	 46700000	 47250000	11
chr4	 47750000	 48350000	12
chr4	 48350000	 49300000	19
chr4	 53050000	 51450000	32
chr4	 55100000	 57500000	48
chr4	 55250000	 54950000	6
chr4	 55650000	 57700000	41
chr4	 57200000	 56850000	7
chr4	 58900000	 58050000	17
chr4	 64550000	 66050000	30
chr4	 71450000	 71850000	8
chr4	 72250000	 70600000	33
chr4	 75300000	 74300000	20
chr4	 75500000	 76200000	14
chr4	 78900000	 78700000	4
chr4	 86350000	 85200000	23
chr4	 86400000	 87000000	12
chr4	 86450000	 87950000	30
chr4	 86700000	 85950000	15
chr4	 86950000	 86300000	13
chr4	 88300000	 89300000	20
chr4	 89500000	 89000000	10
chr4	 95500000	 96700000	24
chr4	 97700000	100300000	52
chr4	105850000	105300000	11
chr4	106250000	104950000	26
chr4	107150000	106500000	13
chr4	107900000	109150000	25
chr4	108000000	106600000	28
chr4	108050000	109700000	33
chr4	109050000	110200000	23
chr4	112200000	111750000	9
chr4	112750000	113900000	23
chr4	114200000	118100000	78
chr4	120200000	118900000	26
chr4	122000000	122500000	10
chr4	122000000	123050000	21
chr4	123050000	123800000	15
chr4	124000000	125300000	26
chr4	124600000	125850000	25
chr4	125300000	126050000	15
chr4	125500000	123250000	45
chr4	127050000	129200000	43
chr4	128400000	127800000	12
chr4	131000000	129800000	24
chr4	131900000	132950000	21
chr4	134500000	132950000	31
chr4	135000000	134650000	7
chr4	135950000	134800000	23
chr4	139150000	138850000	6
chr4	140650000	142450000	36
chr4	140750000	138450000	46
chr4	142750000	144250000	30
chr4	144700000	146250000	31
chr4	150500000	150950000	9
chr4	151300000	150050000	25
chr5	  1100000	  2450000	27
chr5	  6100000	  2250000	77
chr5	 12450000	 11600000	17
chr5	 14200000	 13750000	9
chr5	 15200000	 16100000	18
chr5	 17350000	 16250000	22
chr5	 17600000	 15900000	34
chr5	 25300000	 23500000	36
chr5	 25800000	 24450000	27
chr5	 25850000	 26550000	14
chr5	 28000000	 32600000	92
chr5	 30500000	 29450000	21
chr5	 33000000	 34650000	33
chr5	 34000000	 34450000	9
chr5	 40400000	 38700000	34
chr5	 42550000	 43650000	22
chr5	 45050000	 44450000	12
chr5	 48800000	 47500000	26
chr5	 53700000	 53150000	11
chr5	 54700000	 56100000	28
chr5	 54900000	 58250000	67
chr5	 54950000	 53250000	34
chr5	 55600000	 56450000	17
chr5	 57600000	 56750000	17
chr5	 58250000	 57400000	17
chr5	 64250000	 62850000	28
chr5	 67950000	 67150000	16
chr5	 68450000	 69600000	23
chr5	 68500000	 67850000	13
chr5	 69950000	 68550000	28
chr5	 73300000	 72800000	10
chr5	 77200000	 76300000	18
chr5	 79750000	 78750000	20
chr5	 81800000	 81050000	15
chr5	 81800000	 82400000	12
chr5	 83600000	 82350000	25
chr5	 83850000	 83050000	16
chr5	 84650000	 86050000	28
chr5	 86550000	 85750000	16
chr5	 89250000	 88600000	13
chr5	 92050000	 91650000	8
chr5	 93450000	 94900000	29
chr5	 94400000	 96800000	48
chr5	 94850000	 93750000	22
chr5	 96500000	 95600000	18
chr5	 99500000	100300000	16
chr5	101750000	103800000	41
chr5	101850000	103500000	33
chr5	102650000	101450000	24
chr5	102950000	104100000	23
chr5	108500000	109800000	26
chr5	109850000	111600000	35
chr5	111350000	112800000	29
chr5	111850000	110800000	21
chr5	113700000	113450000	5
chr5	114000000	115650000	33
chr5	114700000	115200000	10
chr5	122600000	123800000	24
chr5	123150000	124050000	18
chr5	131800000	133000000	24
chr5	133400000	134200000	16
chr5	133400000	134750000	27
chr5	133600000	132900000	14
chr5	135850000	133750000	42
chr5	136550000	135700000	17
chr5	138550000	139700000	23
chr5	140600000	141550000	19
chr5	142200000	143100000	18
chr5	144550000	143750000	16
chr5	146200000	145150000	21
chr5	149400000	149750000	7
chr6	  2550000	  1950000	12
chr6	  2800000	  2050000	15
chr6	  2950000	  4150000	24
chr6	  4400000	  5400000	20
chr6	  8100000	  6250000	37
chr6	  8150000	  9700000	31
chr6	 12200000	 13200000	20
chr6	 15400000	 16200000	16
chr6	 15900000	 17200000	26
chr6	 16650000	 15150000	30
chr6	 21200000	 20800000	8
chr6	 24400000	 23000000	28
chr6	 26900000	 28200000	26
chr6	 27800000	 28700000	18
chr6	 29150000	 30100000	19
chr6	 30650000	 31750000	22
chr6	 30850000	 32800000	39
chr6	 31100000	 30700000	8
chr6	 37850000	 36450000	28
chr6	 38250000	 37850000	8
chr6	 39400000	 38700000	14
chr6	 42050000	 43900000	37
chr6	 43400000	 41050000	47
chr6	 44450000	 45450000	20
chr6	 45300000	 46650000	27
chr6	 47600000	 50600000	60
chr6	 48950000	 47250000	34
chr6	 49750000	 50500000	15
chr6	 50250000	 49450000	16
chr6	 53350000	 51850000	30
chr6	 54550000	 57250000	54
chr6	 57100000	 56000000	22
chr6	 57950000	 58500000	11
chr6	 58000000	 58800000	16
chr6	 58800000	 58300000	10
chr6	 63100000	 64450000	27
chr6	 65150000	 64150000	20
chr6	 66450000	 65100000	27
chr6	 66850000	 68500000	33
chr6	 67650000	 68300000	13
chr6	 68750000	 70750000	40
chr6	 69250000	 70050000	16
chr6	 70250000	 70700000	9
chr6	 70650000	 71800000	23
chr6	 71950000	 74200000	45
chr6	 72550000	 74750000	44
chr6	 76400000	 77500000	22
chr6	 76900000	 78150000	25
chr6	 77800000	 76550000	25
chr6	 80600000	 80900000	6
chr6	 81700000	 84500000	56
chr6	 85250000	 86300000	21
chr6	 86000000	 87100000	22
chr6	 86150000	 87600000	29
chr6	 88000000	 88400000	8
chr6	 91250000	 89800000	29
chr6	 91850000	 92400000	11
chr6	 94800000	 94250000	11
chr6	 95100000	 96550000	29
chr6	 95500000	 97150000	33
chr6	 99200000	 97900000	26
chr6	 99600000	 98500000	22
chr6	101050000	 99950000	22
chr6	103550000	103800000	5
chr6	110400000	111300000	18
chr6	110650000	110650000	0
chr6	111000000	109700000	26
chr6	112950000	114050000	22
chr6	112950000	114350000	28
chr6	119700000	118950000	15
chr6	121200000	120450000	15
chr6	129800000	128500000	26
chr6	129950000	129350000	12
chr6	130350000	130900000	11
chr6	133400000	134100000	14
chr6	134650000	135500000	17
chr6	138450000	138850000	8
chr6	139800000	140550000	15
chr6	140400000	140100000	6
chr6	142450000	144200000	35
chr6	144450000	144750000	6
chr6	147150000	144650000	50
chr7	   850000	  1650000	16
chr7	  1700000	   100000	32
chr7	  3150000	  4300000	23
chr7	  5050000	  6000000	19
chr7	  8200000	 10000000	36
chr7	  8750000	  9450000	14
chr7	  9350000	 10400000	21
chr7	 11450000	 12700000	25
chr7	 12200000	  9900000	46
chr7	 14250000	 15350000	22
chr7	 14500000	 13550000	19
chr7	 16450000	 14700000	35
chr7	 25350000	 23950000	28
chr7	 26300000	 25000000	26
chr7	 27650000	 29550000	38
chr7	 28100000	 26950000	23
chr7	 31150000	 32550000	28
chr7	 33300000	 33700000	8
chr7	 36050000	 36500000	9
chr7	 38600000	 40100000	30
chr7	 43950000	 42800000	23
chr7	 44700000	 45500000	16
chr7	 46550000	 47700000	23
chr7	 46850000	 47550000	14
chr7	 55900000	 57300000	28
chr7	 59750000	 58950000	16
chr7	 60750000	 60400000	7
chr7	 63100000	 62250000	17
chr7	 65150000	 66800000	33
chr7	 65400000	 64350000	21
chr7	 66700000	 68000000	26
chr7	 69050000	 70000000	19
chr7	 69750000	 70950000	24
chr7	 74350000	 73000000	27
chr7	 75650000	 76650000	20
chr7	 76450000	 77200000	15
chr7	 77150000	 75600000	31
chr7	 77450000	 76550000	18
chr7	 86200000	 87450000	25
chr7	 91450000	 92050000	12
chr7	 96200000	 95200000	20
chr7	 98750000	 97450000	26
chr7	101350000	102000000	13
chr7	104300000	105500000	24
chr7	105000000	106200000	24
chr7	107900000	108900000	20
chr7	110800000	111050000	5
chr7	113600000	112250000	27
chr7	114600000	114800000	4
chr7	115350000	113650000	34
chr7	116150000	117800000	33
chr7	121300000	121950000	13
chr7	124000000	124850000	17
chr7	124650000	123400000	25
chr7	126300000	128400000	42
chr7	129300000	131350000	41
chr7	129350000	130750000	28
chr7	132450000	134550000	42
chr7	133450000	134450000	20
chr7	139550000	138750000	16
chr7	141900000	140400000	30
chr7	142100000	139350000	55
chr8	  6350000	  7300000	19
chr8	  6950000	  8000000	21
chr8	  8250000	  8950000	14
chr8	 10750000	 11900000	23
chr8	 11550000	 10200000	27
chr8	 17400000	 17950000	11
chr8	 19200000	 18400000	16
chr8	 19650000	 17650000	40
chr8	 24150000	 24750000	12
chr8	 24500000	 24300000	4
chr8	 26050000	 25200000	17
chr8	 27650000	 26000000	33
chr8	 27850000	 27150000	14
chr8	 28100000	 27400000	14
chr8	 28800000	 29600000	16
chr8	 29950000	 28950000	20
chr8	 30100000	 29600000	10
chr8	 33350000	 35050000	34
chr8	 35250000	 36150000	18
chr8	 36150000	 36700000	11
chr8	 42950000	 44050000	22
chr8	 50850000	 47750000	62
chr8	 54750000	 55550000	16
chr8	 55950000	 55350000	12
chr8	 56800000	 58350000	31
chr8	 59300000	 59700000	8
chr8	 59600000	 61000000	28
chr8	 62250000	 64150000	38
chr8	 62300000	 61750000	11
chr8	 65650000	 66450000	16
chr8	 66650000	 66350000	6
chr8	 67250000	 67500000	5
chr8	 74500000	 76250000	35
chr8	 78950000	 78500000	9
chr8	 79450000	 77250000	44
chr8	 79750000	 79450000	6
chr8	 81100000	 82250000	23
chr8	 82000000	 81300000	14
chr8	 85300000	 83900000	28
chr8	 90700000	 91900000	24
chr8	 92800000	 93800000	20
chr8	 93400000	 92600000	16
chr8	 94700000	 96100000	28
chr8	 95450000	 94850000	12
chr8	105850000	103800000	41
chr8	106900000	105650000	25
chr8	107250000	106450000	16
chr8	109500000	110000000	10
chr8	112050000	113700000	33
chr8	113650000	112050000	32
chr8	116150000	114150000	40
chr8	116450000	115800000	13
chr8	118900000	119700000	16
chr8	119000000	120000000	20
chr8	119850000	118850000	20
chr8	120050000	122450000	48
chr8	121350000	121800000	9
chr8	122950000	123200000	5
chr8	123450000	122400000	21
chr8	124300000	123600000	14
chr8	126100000	125200000	18
chr8	126300000	127050000	15
chr8	127500000	128650000	23
chr8	127650000	126600000	21
chr9	  3300000	  4500000	24
chr9	  4900000	  5900000	20
chr9	  5900000	  7600000	34
chr9	  6000000	  6550000	11
chr9	 14600000	 16100000	30
chr9	 15350000	 13200000	43
chr9	 15550000	 14550000	20
chr9	 26250000	 25800000	9
chr9	 26550000	 25800000	15
chr9	 27300000	 26550000	15
chr9	 27300000	 28100000	16
chr9	 27950000	 28200000	5
chr9	 28050000	 29100000	21
chr9	 30700000	 32400000	34
chr9	 33500000	 33000000	10
chr9	 33950000	 33050000	18
chr9	 34800000	 33900000	18
chr9	 35450000	 37250000	36
chr9	 38900000	 37350000	31
chr9	 42150000	 44300000	43
chr9	 42950000	 43800000	17
chr9	 46850000	 46100000	15
chr9	 53000000	 54250000	25
chr9	 53300000	 53950000	13
chr9	 54200000	 53500000	14
chr9	 57500000	 57150000	7
chr9	 60400000	 62550000	43
chr9	 60500000	 60950000	9
chr9	 60600000	 59850000	15
chr9	 64350000	 64600000	5
chr9	 67150000	 65550000	32
chr9	 67250000	 69250000	40
chr9	 68200000	 68750000	11
chr9	 68250000	 67100000	23
chr9	 69300000	 68200000	22
chr9	 69650000	 70650000	20
chr9	 77900000	 78550000	13
chr9	 78150000	 80350000	44
chr9	 79450000	 79750000	6
chr9	 79750000	 78650000	22
chr9	 82550000	 81000000	31
chr9	 83750000	 82400000	27
chr9	 88150000	 86800000	27
chr9	 90700000	 92750000	41
chr9	 92600000	 90200000	48
chr9	 96050000	 96700000	13
chr9	 97250000	 95800000	29
chr9	 97550000	 98300000	15
chr9	 98100000	 99000000	18
chr9	 98300000	 95450000	57
chr9	 99900000	 98450000	29
chr9	100700000	 99350000	27
chr9	101900000	 98900000	60
chr9	101900000	100750000	23
chr9	109150000	109700000	11
chr9	109650000	109250000	8
chr9	111850000	111000000	17
chr9	112750000	113700000	19
chr9	114550000	113750000	16
chr9	115100000	116000000	18
chr9	116150000	115000000	23
chr9	117200000	116150000	21
chr9	119300000	120400000	22
chr9	120100000	119650000	9
chr9	120850000	119200000	33
chr9	124500000	123750000	15
chrX	  2100000	  3250000	23
chrX	  2800000	  2450000	7
chrX	  6150000	  7000000	17
chrX	  7300000	  5900000	28
chrX	 10050000	  9900000	3
chrX	 10300000	 11200000	18
chrX	 10600000	 11800000	24
chrX	 11900000	 11500000	8
chrX	 13600000	 15150000	31
chrX	 17650000	 16800000	17
chrX	 18050000	 20800000	55
chrX	 20050000	 20700000	13
chrX	 23600000	 23050000	11
chrX	 24350000	 25300000	19
chrX	 25500000	 24250000	25
chrX	 26650000	 27200000	11
chrX	 27700000	 26800000	18
chrX	 28050000	 28700000	13
chrX	 28750000	 30350000	32
chrX	 30150000	 28650000	30
chrX	 31150000	 30600000	11
chrX	 33500000	 35100000	32
chrX	 34150000	 33000000	23
chrX	 35000000	 35500000	10
chrX	 35000000	 37200000	44
chrX	 41500000	 40550000	19
chrX	 41800000	 37150000	93
chrX	 45050000	 46050000	20
chrX	 46250000	 45200000	21
chrX	 48850000	 48100000	15
chrX	 49100000	 48300000	16
chrX	 50800000	 47900000	58
chrX	 52000000	 53250000	25
chrX	 53800000	 55450000	33
chrX	 56000000	 57350000	27
chrX	 57000000	 58100000	22
chrX	 61300000	 60000000	26
chrX	 61350000	 62450000	22
chrX	 64600000	 65350000	15
chrX	 65350000	 64000000	27
chrX	 67150000	 68150000	20
chrX	 71100000	 72800000	34
chrX	 75350000	 74550000	16
chrX	 76350000	 75000000	27
chrX	 78100000	 76900000	24
chrX	 78250000	 76550000	34
chrX	 79000000	 80200000	24
chrX	 82800000	 81750000	21
chrX	 84250000	 85200000	19
chrX	 85550000	 84750000	16
chrX	 86150000	 87800000	33
chrX	 95700000	 97150000	29
chrX	 97200000	 98400000	24
chrX	 98250000	 97850000	8
chrX	 98500000	 97800000	14
chrX	 98650000	100350000	34
chrX	 99650000	100800000	23
chrX	102050000	 99250000	56
chrX	102350000	102250000	2
chrX	103450000	102800000	13
chrX	105900000	106650000	15
chrX	106500000	105400000	22
chrX	110100000	109050000	21
chrX	111350000	111750000	8
chrX	111450000	110550000	18
chrX	112000000	112400000	8
chrX	113350000	114550000	24
chrX	113400000	113900000	10
chrX	114150000	116000000	37
chrX	116250000	116750000	10
chrX	118250000	117450000	16
chrX	120000000	121300000	26
chrX	121150000	121950000	16
chrX	121750000	120950000	16
chrX	122000000	123400000	28
chrX	122100000	121150000	19
chrX	129200000	128350000	17
chrX	130050000	131600000	31
chrX	134050000	133150000	18
chrX	139800000	138450000	27
chrX	144250000	145600000	27
chrX	144700000	144000000	14
chrX	150050000	148850000	24
chrX	151350000	150950000	8
chrX	153300000	152600000	14
chrX	157250000	156650000	12
chrX	158350000	157750000	12
chrX	159400000	160950000	31
chrY	  7500000	  8250000	15
chrY	 10650000	 10250000	8
chrY	 11150000	 11700000	11
chrY	 13700000	 12400000	26
chrY	 14000000	 13200000	16
chrY	 15500000	 16750000	25
chrY	 16700000	 15900000	16
chrY	 16700000	 17750000	21
chrY	 17350000	 16950000	8
chrY	 18250000	 17300000	19
chrY	 21600000	 20400000	24
chrY	 21650000	 19150000	50
chrY	 22500000	 23450000	19
chrY	 24150000	 23700000	9
chrY	 25200000	 28400000	64
chrY	 25400000	 26050000	13
chrY	 27550000	 28400000	17
chrY	 28150000	 28800000	13
chrY	 30650000	 31300000	13
chrY	 34650000	 35300000	13
chrY	 34700000	 35950000	25
chrY	 38700000	 39450000	15
chrY	 38900000	 37700000	24
chrY	 42250000	 42650000	8
chrY	 43700000	 42900000	16
chrY	 44100000	 44700000	12
chrY	 44400000	 43100000	26
chrY	 45100000	 48150000	61
chrY	 46100000	 44750000	27
chrY	 46750000	 44850000	38
chrY	 48800000	 47850000	19
chrY	 53300000	 54350000	21
chrY	 56800000	 55400000	28
chrY	 57650000	 58950000	26
chrY	 59150000	 60150000	20
chrY	 59400000	 56850000	51
chrY	 60150000	 60600000	9
chrY	 60300000	 61450000	23
chrY	 61000000	 65550000	91
chrY	 65550000	 66150000	12
chrY	 67650000	 68700000	21
chrY	 67850000	 67100000	15
chrY	 71750000	 72750000	20
chrY	 73450000	 72900000	11
chrY	 76100000	 78050000	39
chrY	 81350000	 83950000	52
chrY	 84250000	 85700000	29
chrY	 84350000	 86250000	38
chrY	 89400000	 88950000	9
