chr1	  3950000	  4700000	15
chr1	  4450000	  5500000	21
chr1	  7150000	  8050000	18
chr1	 12050000	 11850000	4
chr1	 13850000	 12500000	27
chr1	 15900000	 15200000	14
chr1	 15950000	 17850000	38
chr1	 16150000	 15650000	10
chr1	 16850000	 15850000	20
chr1	 17200000	 15150000	41
chr1	 17500000	 18550000	21
chr1	 19700000	 18950000	15
chr1	 20600000	 21350000	15
chr1	 26050000	 27750000	34
chr1	 28250000	 27250000	20
chr1	 28400000	 26850000	31
chr1	 30150000	 29400000	15
chr1	 30200000	 31300000	22
chr1	 31850000	 30550000	26
chr1	 32900000	 33750000	17
chr1	 37450000	 39150000	34
chr1	 44250000	 44500000	5
chr1	 46900000	 51450000	91
chr1	 48800000	 50400000	32
chr1	 51950000	 51450000	10
chr1	 52000000	 51400000	12
chr1	 52000000	 51650000	7
chr1	 52550000	 51100000	29
chr1	 53450000	 52450000	20
chr1	 53650000	 54700000	21
chr1	 55650000	 56950000	26
chr1	 56950000	 55750000	24
chr1	 59750000	 58850000	18
chr1	 60150000	 58900000	25
chr1	 62600000	 63500000	18
chr1	 64150000	 65700000	31
chr1	 68000000	 68750000	15
chr1	 72150000	 74300000	43
chr1	 73450000	 72550000	18
chr1	 74800000	 75650000	17
chr1	 84150000	 85500000	27
chr1	 86100000	 85050000	21
chr1	 88250000	 88900000	13
chr1	 88500000	 88950000	9
chr1	 89750000	 89350000	8
chr1	 91250000	 93150000	38
chr1	 94750000	 93500000	25
chr1	 94950000	 95850000	18
chr1	 95800000	 94750000	21
chr1	 99550000	 99950000	8
chr1	103050000	102250000	16
chr1	103700000	104950000	25
chr1	105450000	104850000	12
chr1	106050000	107850000	36
chr1	115250000	114150000	22
chr1	115550000	113250000	46
chr1	115850000	114950000	18
chr1	116600000	115300000	26
chr1	119450000	121800000	47
chr1	120850000	121950000	22
chr1	123050000	123500000	9
chr1	126200000	125750000	9
chr1	126550000	127700000	23
chr1	126800000	124300000	50
chr1	127700000	129000000	26
chr1	131250000	132600000	27
chr1	132700000	130700000	40
chr1	136000000	135150000	17
chr1	137550000	138050000	10
chr1	140200000	138250000	39
chr1	143550000	142300000	25
chr1	144200000	145800000	32
chr1	149900000	149700000	4
chr1	153550000	154950000	28
chr1	155750000	156100000	7
chr1	157000000	157550000	11
chr1	158250000	159650000	28
chr1	158800000	158100000	14
chr1	160150000	159300000	17
chr1	161850000	162800000	19
chr1	162850000	164250000	28
chr1	167900000	168500000	12
chr1	168250000	167400000	17
chr1	168750000	169650000	18
chr1	175850000	177300000	29
chr1	184150000	185100000	19
chr10	  1400000	  1800000	8
chr10	  8500000	  7550000	19
chr10	 10950000	 12200000	25
chr10	 11500000	 12500000	20
chr10	 11950000	 11400000	11
chr10	 14800000	 16950000	43
chr10	 15900000	 14650000	25
chr10	 18150000	 15650000	50
chr10	 20200000	 21150000	19
chr10	 21950000	 22700000	15
chr10	 22700000	 20250000	49
chr10	 25600000	 24950000	13
chr10	 29000000	 31600000	52
chr10	 31400000	 30850000	11
chr10	 32100000	 31000000	22
chr10	 32250000	 32800000	11
chr10	 32300000	 31500000	16
chr10	 36250000	 35600000	13
chr10	 37650000	 38750000	22
chr10	 47150000	 47400000	5
chr10	 49000000	 46300000	54
chr10	 57300000	 55750000	31
chr10	 57350000	 56100000	25
chr10	 58500000	 60550000	41
chr10	 58600000	 59800000	24
chr10	 59750000	 58850000	18
chr10	 67400000	 66950000	9
chr10	 69050000	 69650000	12
chr10	 71800000	 71250000	11
chr10	 73950000	 76250000	46
chr10	 74650000	 75450000	16
chr10	 75100000	 73700000	28
chr10	 77100000	 76150000	19
chr10	 79500000	 77750000	35
chr10	 81800000	 83000000	24
chr10	 84550000	 85350000	16
chr10	 85250000	 85800000	11
chr10	 85450000	 84300000	23
chr10	 86200000	 86950000	15
chr10	 87750000	 88250000	10
chr10	 88900000	 87250000	33
chr10	 91300000	 93100000	36
chr10	 94100000	 95250000	23
chr10	 96950000	 95600000	27
chr10	103050000	102150000	18
chr10	104250000	108150000	78
chr10	109950000	110900000	19
chr10	112050000	113150000	22
chr10	113050000	113400000	7
chr10	113650000	112500000	23
chr10	116850000	116450000	8
chr10	117350000	116150000	24
chr10	118600000	117900000	14
chr10	121250000	121950000	14
chr10	124050000	122800000	25
chr10	125400000	124500000	18
chr10	126700000	125400000	26
chr10	128700000	129550000	17
chr10	128900000	128250000	13
chr10	128950000	129950000	20
chr11	    50000	   750000	14
chr11	  1050000	  1600000	11
chr11	  1800000	   550000	25
chr11	  3050000	  1500000	31
chr11	  3450000	  2900000	11
chr11	  4200000	  3200000	20
chr11	  4850000	  5950000	22
chr11	  5600000	  6550000	19
chr11	  5600000	  8150000	51
chr11	  6750000	  8250000	30
chr11	  8800000	  6950000	37
chr11	 11350000	 11350000	0
chr11	 18600000	 18100000	10
chr11	 19000000	 16050000	59
chr11	 22250000	 20600000	33
chr11	 26100000	 25200000	18
chr11	 27200000	 25200000	40
chr11	 30250000	 29100000	23
chr11	 30750000	 31550000	16
chr11	 31050000	 30750000	6
chr11	 35850000	 34700000	23
chr11	 36750000	 38150000	28
chr11	 40700000	 40450000	5
chr11	 40800000	 39700000	22
chr11	 42200000	 42550000	7
chr11	 43350000	 44600000	25
chr11	 43400000	 44050000	13
chr11	 43600000	 44250000	13
chr11	 50000000	 51100000	22
chr11	 50550000	 49350000	24
chr11	 51900000	 50950000	19
chr11	 58850000	 57150000	34
chr11	 61500000	 63000000	30
chr11	 64700000	 62950000	35
chr11	 65950000	 68150000	44
chr11	 66750000	 67400000	13
chr11	 68000000	 69500000	30
chr11	 72000000	 70850000	23
chr11	 72850000	 72100000	15
chr11	 73650000	 74000000	7
chr11	 74000000	 72850000	23
chr11	 74800000	 75900000	22
chr11	 75950000	 76300000	7
chr11	 78800000	 76450000	47
chr11	 79750000	 80600000	17
chr11	 82300000	 81750000	11
chr11	 85500000	 84800000	14
chr11	 87050000	 86050000	20
chr11	 89850000	 89200000	13
chr11	 91750000	 92450000	14
chr11	 92100000	 94000000	38
chr11	 92700000	 91950000	15
chr11	 93700000	 94000000	6
chr11	 93750000	 94300000	11
chr11	 98100000	 98650000	11
chr11	 98300000	 95700000	52
chr11	 99150000	 97600000	31
chr11	100650000	100050000	12
chr11	101650000	101100000	11
chr11	103000000	103700000	14
chr11	105500000	102200000	66
chr11	107050000	107800000	15
chr11	107550000	108600000	21
chr11	108600000	107750000	17
chr11	112350000	112600000	5
chr11	112500000	113150000	13
chr11	115500000	114450000	21
chr11	115650000	116400000	15
chr11	115850000	118050000	44
chr11	115950000	116750000	16
chr11	120450000	120950000	10
chr11	120800000	121800000	20
chr12	  3050000	  3600000	11
chr12	  5300000	  4250000	21
chr12	  8400000	  6850000	31
chr12	 15500000	 15100000	8
chr12	 16250000	 16700000	9
chr12	 18700000	 20200000	30
chr12	 19800000	 21000000	24
chr12	 20600000	 21600000	20
chr12	 21800000	 20250000	31
chr12	 25850000	 25100000	15
chr12	 30150000	 30900000	15
chr12	 34250000	 32900000	27
chr12	 35200000	 38400000	64
chr12	 37000000	 38450000	29
chr12	 41000000	 39550000	29
chr12	 42750000	 41450000	26
chr12	 42850000	 44200000	27
chr12	 44850000	 43450000	28
chr12	 46200000	 47750000	31
chr12	 49200000	 48450000	15
chr12	 51200000	 51750000	11
chr12	 56850000	 55700000	23
chr12	 58400000	 57250000	23
chr12	 60950000	 62100000	23
chr12	 64750000	 64350000	8
chr12	 67150000	 68250000	22
chr12	 68400000	 69400000	20
chr12	 71550000	 72850000	26
chr12	 72500000	 71800000	14
chr12	 75050000	 76300000	25
chr12	 78600000	 77200000	28
chr12	 83050000	 82550000	10
chr12	 83100000	 84000000	18
chr12	 83850000	 83150000	14
chr12	 87750000	 86550000	24
chr12	 88900000	 90000000	22
chr12	 90200000	 88400000	36
chr12	 91450000	 90400000	21
chr12	 94700000	 95100000	8
chr12	 94800000	 96650000	37
chr12	 96950000	 99200000	45
chr12	102650000	101300000	27
chr12	103250000	103850000	12
chr12	103600000	104350000	15
chr12	103800000	102350000	29
chr12	104200000	104700000	10
chr12	106550000	105500000	21
chr12	107000000	108050000	21
chr12	107650000	106850000	16
chr12	108050000	108850000	16
chr12	109000000	108600000	8
chr12	109750000	111350000	32
chr12	110150000	109250000	18
chr12	110950000	108750000	44
chr12	111250000	110500000	15
chr12	112500000	113250000	15
chr12	114300000	115400000	22
chr12	114950000	115200000	5
chr12	115800000	114450000	27
chr12	117300000	118950000	33
chr13	  1600000	  2200000	12
chr13	 12100000	 13050000	19
chr13	 13300000	 15750000	49
chr13	 13950000	 15100000	23
chr13	 16150000	 14100000	41
chr13	 17400000	 17600000	4
chr13	 18000000	 16250000	35
chr13	 18150000	 19500000	27
chr13	 25750000	 25300000	9
chr13	 26700000	 24350000	47
chr13	 32700000	 30250000	49
chr13	 35600000	 37000000	28
chr13	 38650000	 36800000	37
chr13	 40650000	 39650000	20
chr13	 41900000	 42450000	11
chr13	 42200000	 43800000	32
chr13	 42500000	 43400000	18
chr13	 42950000	 42300000	13
chr13	 43050000	 41200000	37
chr13	 43500000	 41250000	45
chr13	 46350000	 45150000	24
chr13	 46650000	 47500000	17
chr13	 47550000	 46100000	29
chr13	 47600000	 48300000	14
chr13	 51600000	 50150000	29
chr13	 53300000	 52550000	15
chr13	 55750000	 54950000	16
chr13	 58500000	 58050000	9
chr13	 59950000	 61100000	23
chr13	 60450000	 62100000	33
chr13	 62650000	 63150000	10
chr13	 63050000	 63750000	14
chr13	 63850000	 63400000	9
chr13	 68400000	 66750000	33
chr13	 72400000	 73000000	12
chr13	 73100000	 71350000	35
chr13	 74000000	 75400000	28
chr13	 74650000	 75750000	22
chr13	 75050000	 74050000	20
chr13	 75450000	 73950000	30
chr13	 77100000	 76400000	14
chr13	 78150000	 78950000	16
chr13	 78650000	 78100000	11
chr13	 82400000	 83500000	22
chr13	 83800000	 84850000	21
chr13	 84750000	 83950000	16
chr13	 91300000	 92050000	15
chr13	 91800000	 92550000	15
chr13	 92400000	 93350000	19
chr13	 95800000	 94650000	23
chr13	 96350000	 95000000	27
chr13	100900000	 99100000	36
chr13	102950000	102000000	19
chr13	103100000	103850000	15
chr13	104550000	105800000	25
chr13	105150000	107950000	56
chr13	105800000	104950000	17
chr13	109450000	110300000	17
chr13	110050000	110550000	10
chr13	112750000	111450000	26
chr13	113950000	113050000	18
chr13	115850000	114800000	21
chr13	117950000	118450000	10
chr13	118250000	119050000	16
chr13	118300000	117150000	23
chr13	118750000	117250000	30
chr13	119300000	117650000	33
chr14	  5250000	  6650000	28
chr14	  5400000	  5850000	9
chr14	  7000000	  8300000	26
chr14	 11650000	 10800000	17
chr14	 12450000	 13500000	21
chr14	 12500000	 11500000	20
chr14	 12500000	 11850000	13
chr14	 14600000	 13750000	17
chr14	 16350000	 17400000	21
chr14	 18700000	 20000000	26
chr14	 21150000	 22950000	36
chr14	 21500000	 20500000	20
chr14	 22600000	 22150000	9
chr14	 22700000	 23350000	13
chr14	 25800000	 24850000	19
chr14	 30000000	 30450000	9
chr14	 30750000	 31150000	8
chr14	 33100000	 30200000	58
chr14	 34950000	 35900000	19
chr14	 37000000	 38650000	33
chr14	 37500000	 38700000	24
chr14	 38850000	 40400000	31
chr14	 41400000	 45050000	73
chr14	 42950000	 41800000	23
chr14	 43700000	 42550000	23
chr14	 46250000	 46650000	8
chr14	 47050000	 47350000	6
chr14	 48200000	 46800000	28
chr14	 49500000	 51100000	32
chr14	 50100000	 48550000	31
chr14	 53150000	 51350000	36
chr14	 55250000	 54050000	24
chr14	 58700000	 57850000	17
chr14	 63750000	 65050000	26
chr14	 66200000	 66900000	14
chr14	 68800000	 66750000	41
chr14	 69550000	 68600000	19
chr14	 70000000	 72600000	52
chr14	 70500000	 71150000	13
chr14	 72750000	 73650000	18
chr14	 75700000	 74000000	34
chr14	 75700000	 74950000	15
chr14	 78500000	 80350000	37
chr14	 80150000	 79750000	8
chr14	 80250000	 80450000	4
chr14	 80500000	 81450000	19
chr14	 83350000	 82250000	22
chr14	 87850000	 87200000	13
chr14	 88200000	 87900000	6
chr14	 89700000	 90400000	14
chr14	 90750000	 91550000	16
chr14	 91600000	 91300000	6
chr14	 91750000	 91100000	13
chr14	 98100000	 95750000	47
chr14	 98750000	 96300000	49
chr14	 98900000	 96600000	46
chr14	 99400000	100450000	21
chr14	101500000	100350000	23
chr14	102550000	102100000	9
chr14	105250000	106350000	22
chr14	107600000	106750000	17
chr14	110300000	109850000	9
chr14	111500000	110600000	18
chr14	112150000	113200000	21
chr14	112300000	114250000	39
chr14	112650000	111750000	18
chr14	116800000	118950000	43
chr14	117450000	117750000	6
chr14	117800000	120500000	54
chr14	119750000	120300000	11
chr14	119850000	121100000	25
chr14	121700000	122900000	24
chr14	122200000	123200000	20
chr14	123050000	124400000	27
chr14	123100000	121250000	37
chr14	124700000	122400000	46
chr15	  2500000	  3250000	15
chr15	  3350000	  4700000	27
chr15	  5600000	  5600000	0
chr15	  8100000	  7550000	11
chr15	  8250000	  6650000	32
chr15	  8550000	  9900000	27
chr15	  8600000	  9200000	12
chr15	 15800000	 16200000	8
chr15	 16450000	 15850000	12
chr15	 18350000	 19650000	26
chr15	 18500000	 19950000	29
chr15	 19000000	 19300000	6
chr15	 20000000	 21100000	22
chr15	 20950000	 21350000	8
chr15	 21650000	 22900000	25
chr15	 22250000	 23550000	26
chr15	 24100000	 24400000	6
chr15	 24550000	 23200000	27
chr15	 27450000	 28050000	12
chr15	 28050000	 27400000	13
chr15	 31950000	 31300000	13
chr15	 32000000	 33550000	31
chr15	 32100000	 31300000	16
chr15	 32350000	 32650000	6
chr15	 47400000	 49100000	34
chr15	 52200000	 55350000	63
chr15	 55000000	 56450000	29
chr15	 58750000	 59300000	11
chr15	 59300000	 59950000	13
chr15	 60150000	 61350000	24
chr15	 61050000	 60350000	14
chr15	 66100000	 66500000	8
chr15	 69100000	 70900000	36
chr15	 70800000	 73500000	54
chr15	 71050000	 74150000	62
chr15	 71100000	 71550000	9
chr15	 72850000	 74850000	40
chr15	 75500000	 74500000	20
chr15	 76200000	 74550000	33
chr15	 77150000	 76100000	21
chr15	 79250000	 78800000	9
chr15	 79500000	 79200000	6
chr15	 81650000	 81050000	12
chr15	 86350000	 87100000	15
chr15	 87900000	 87200000	14
chr15	 92750000	 93350000	12
chr15	 97300000	 98950000	33
chr15	 98500000	 97350000	23
chr15	102650000	101600000	21
chr16	  1300000	   100000	24
chr16	  3200000	  4400000	24
chr16	  3950000	  2900000	21
chr16	  6800000	  5650000	23
chr16	  9450000	 11000000	31
chr16	 11150000	 10700000	9
chr16	 13900000	 15750000	37
chr16	 14150000	 15000000	17
chr16	 14200000	 12900000	26
chr16	 15600000	 17350000	35
chr16	 23050000	 22100000	19
chr16	 23200000	 22450000	15
chr16	 23250000	 24450000	24
chr16	 24250000	 25150000	18
chr16	 32150000	 30300000	37
chr16	 32750000	 32250000	10
chr16	 34050000	 34750000	14
chr16	 34100000	 35000000	18
chr16	 35900000	 36450000	11
chr16	 37500000	 39450000	39
chr16	 37700000	 38350000	13
chr16	 39100000	 40050000	19
chr16	 41300000	 42150000	17
chr16	 51900000	 49900000	40
chr16	 54250000	 54800000	11
chr16	 58050000	 58900000	17
chr16	 59650000	 60950000	26
chr16	 60800000	 62350000	31
chr16	 60950000	 61950000	20
chr16	 63200000	 65200000	40
chr16	 63950000	 63150000	16
chr16	 65100000	 63500000	32
chr16	 70200000	 69850000	7
chr16	 72300000	 73150000	17
chr16	 73250000	 75100000	37
chr16	 75750000	 75250000	10
chr16	 77900000	 79600000	34
chr16	 84650000	 85300000	13
chr16	 85800000	 86300000	10
chr16	 90550000	 91500000	19
chr16	 95050000	 93800000	25
chr16	 96550000	 97050000	10
chr16	 97500000	 96700000	16
chr17	   800000	   150000	13
chr17	  2250000	  3800000	31
chr17	  3050000	  1600000	29
chr17	  4650000	  3600000	21
chr17	  5550000	  5200000	7
chr17	  8500000	  6100000	48
chr17	  8750000	  7450000	26
chr17	 13100000	 12250000	17
chr17	 13650000	 11900000	35
chr17	 19350000	 19750000	8
chr17	 20600000	 23250000	53
chr17	 22400000	 23250000	17
chr17	 24300000	 22650000	33
chr17	 25450000	 25800000	7
chr17	 27350000	 27900000	11
chr17	 29400000	 28700000	14
chr17	 30400000	 28450000	39
chr17	 32350000	 32850000	10
chr17	 35400000	 35750000	7
chr17	 39700000	 42450000	55
chr17	 41450000	 40650000	16
chr17	 42450000	 43200000	15
chr17	 43400000	 42200000	24
chr17	 44250000	 42350000	38
chr17	 47650000	 47000000	13
chr17	 48950000	 50300000	27
chr17	 51800000	 52050000	5
chr17	 52200000	 52700000	10
chr17	 52250000	 51400000	17
chr17	 52900000	 52550000	7
chr17	 55600000	 56300000	14
chr17	 57350000	 58200000	17
chr17	 57700000	 59300000	32
chr17	 57850000	 59350000	30
chr17	 60500000	 59100000	28
chr17	 62800000	 61800000	20
chr17	 72550000	 75100000	51
chr17	 75000000	 75850000	17
chr17	 75550000	 73550000	40
chr17	 75550000	 77500000	39
chr17	 77450000	 76100000	27
chr17	 80500000	 81200000	14
chr17	 82950000	 80650000	46
chr17	 84400000	 85150000	15
chr17	 84750000	 84150000	12
chr17	 84800000	 86000000	24
chr17	 93550000	 92150000	28
chr18	  2000000	   350000	33
chr18	  2400000	  1550000	17
chr18	  3650000	  3200000	9
chr18	  7400000	  6100000	26
chr18	 11800000	 11100000	14
chr18	 12950000	 11250000	34
chr18	 17550000	 16200000	27
chr18	 17650000	 18150000	10
chr18	 25100000	 24100000	20
chr18	 28500000	 27450000	21
chr18	 28650000	 29500000	17
chr18	 31350000	 31750000	8
chr18	 31500000	 32500000	20
chr18	 33000000	 34450000	29
chr18	 34250000	 34750000	10
chr18	 34850000	 33300000	31
chr18	 35350000	 35800000	9
chr18	 36600000	 34850000	35
chr18	 40450000	 42350000	38
chr18	 41850000	 40300000	31
chr18	 44400000	 47050000	53
chr18	 44600000	 45350000	15
chr18	 50750000	 49050000	34
chr18	 51650000	 52650000	20
chr18	 53100000	 51950000	23
chr18	 56100000	 58000000	38
chr18	 57500000	 56450000	21
chr18	 60850000	 59150000	34
chr18	 61500000	 59750000	35
chr18	 63650000	 62950000	14
chr18	 67100000	 68100000	20
chr18	 76900000	 76050000	17
chr18	 78250000	 76150000	42
chr18	 79950000	 80550000	12
chr18	 82200000	 80900000	26
chr18	 82500000	 83350000	17
chr18	 87500000	 88950000	29
chr19	  1550000	  2100000	11
chr19	  3950000	  3000000	19
chr19	  5250000	  4450000	16
chr19	 10350000	 11100000	15
chr19	 10500000	  9600000	18
chr19	 13700000	 15400000	34
chr19	 14450000	 14850000	8
chr19	 16650000	 17500000	17
chr19	 16700000	 15300000	28
chr19	 18350000	 20050000	34
chr19	 24250000	 23450000	16
chr19	 24450000	 25050000	12
chr19	 24550000	 22600000	39
chr19	 26550000	 25400000	23
chr19	 28600000	 26450000	43
chr19	 29900000	 29500000	8
chr19	 32500000	 33250000	15
chr19	 32950000	 34050000	22
chr19	 33900000	 35100000	24
chr19	 34650000	 35450000	16
chr19	 39350000	 39900000	11
chr19	 40600000	 41250000	13
chr19	 41000000	 40150000	17
chr19	 41200000	 39700000	30
chr19	 41600000	 41900000	6
chr19	 43950000	 44650000	14
chr19	 47900000	 48400000	10
chr19	 50500000	 49750000	15
chr19	 52750000	 53500000	15
chr19	 53300000	 53800000	10
chr19	 53650000	 53050000	12
chr19	 55700000	 56250000	11
chr19	 55750000	 58150000	48
chr19	 55950000	 55150000	16
chr19	 57400000	 56300000	22
chr19	 58500000	 57700000	16
chr19	 58750000	 60150000	28
chr2	  1750000	  2350000	12
chr2	  3300000	  2500000	16
chr2	  7500000	  8600000	22
chr2	  7700000	  5700000	40
chr2	  8600000	  9150000	11
chr2	 11200000	 12950000	35
chr2	 12250000	 14050000	36
chr2	 15950000	 16600000	13
chr2	 16600000	 14700000	38
chr2	 21300000	 21750000	9
chr2	 22750000	 24200000	29
chr2	 25450000	 23200000	45
chr2	 25600000	 24850000	15
chr2	 25750000	 26650000	18
chr2	 26250000	 24750000	30
chr2	 28100000	 27800000	6
chr2	 30650000	 30100000	11
chr2	 31100000	 31850000	15
chr2	 33700000	 33000000	14
chr2	 34650000	 36600000	39
chr2	 38050000	 37750000	6
chr2	 40150000	 40850000	14
chr2	 42300000	 43450000	23
chr2	 42500000	 43200000	14
chr2	 49850000	 50850000	20
chr2	 51500000	 50850000	13
chr2	 52300000	 51150000	23
chr2	 57500000	 58350000	17
chr2	 60650000	 61450000	16
chr2	 61350000	 63300000	39
chr2	 62650000	 62650000	0
chr2	 68750000	 67150000	32
chr2	 71550000	 71150000	8
chr2	 73650000	 74200000	11
chr2	 74600000	 74000000	12
chr2	 74800000	 75550000	15
chr2	 74850000	 73150000	34
chr2	 75450000	 76100000	13
chr2	 78000000	 76550000	29
chr2	 79000000	 78450000	11
chr2	 79050000	 77500000	31
chr2	 85050000	 85750000	14
chr2	 85250000	 82750000	50
chr2	 87400000	 86800000	12
chr2	 88350000	 89000000	13
chr2	 89000000	 87900000	22
chr2	 90100000	 89250000	17
chr2	 90400000	 90000000	8
chr2	 91150000	 89850000	26
chr2	 92150000	 92650000	10
chr2	 93550000	 94500000	19
chr2	 94500000	 96100000	32
chr2	102800000	101950000	17
chr2	103100000	104400000	26
chr2	104050000	103400000	13
chr2	105500000	104250000	25
chr2	106300000	108750000	49
chr2	107000000	105850000	23
chr2	107500000	107100000	8
chr2	107500000	108100000	12
chr2	110150000	110550000	8
chr2	114100000	113450000	13
chr2	114550000	115950000	28
chr2	118700000	117400000	26
chr2	121800000	121450000	7
chr2	122750000	123350000	12
chr2	123500000	124000000	10
chr2	123750000	125200000	29
chr2	124350000	126150000	36
chr2	125000000	124200000	16
chr2	126100000	127750000	33
chr2	127650000	126150000	30
chr2	128050000	127100000	19
chr2	129500000	131450000	39
chr2	129850000	128750000	22
chr2	131200000	130550000	13
chr2	131950000	129450000	50
chr2	135100000	134650000	9
chr2	136850000	135950000	18
chr2	151400000	151950000	11
chr2	151900000	152350000	9
chr2	153050000	151800000	25
chr2	154650000	155850000	24
chr2	155150000	156450000	26
chr2	156700000	160200000	70
chr2	157700000	153050000	93
chr2	159700000	158750000	19
chr2	160950000	162000000	21
chr2	162600000	163900000	26
chr2	163900000	163200000	14
chr2	165050000	165700000	13
chr2	172850000	172500000	7
chr2	174250000	175500000	25
chr2	174700000	174000000	14
chr2	180550000	181300000	15
chr2	181650000	180100000	31
chr3	  3000000	  2250000	15
chr3	  3150000	  2000000	23
chr3	  4650000	  3700000	19
chr3	  8750000	 10650000	38
chr3	  9000000	  7900000	22
chr3	 10800000	  9400000	28
chr3	 17350000	 16650000	14
chr3	 18700000	 17850000	17
chr3	 20950000	 19500000	29
chr3	 24350000	 23400000	19
chr3	 25400000	 24400000	20
chr3	 27550000	 29000000	29
chr3	 27750000	 28050000	6
chr3	 27800000	 26000000	36
chr3	 28650000	 28150000	10
chr3	 30650000	 29850000	16
chr3	 31700000	 32250000	11
chr3	 32900000	 31750000	23
chr3	 34150000	 34950000	16
chr3	 37150000	 38300000	23
chr3	 37650000	 36550000	22
chr3	 41200000	 42400000	24
chr3	 43800000	 46050000	45
chr3	 45750000	 44050000	34
chr3	 45750000	 44650000	22
chr3	 47100000	 47850000	15
chr3	 51150000	 49550000	32
chr3	 51500000	 50900000	12
chr3	 54150000	 55150000	20
chr3	 55300000	 56100000	16
chr3	 58350000	 57100000	25
chr3	 59850000	 59200000	13
chr3	 59900000	 57750000	43
chr3	 65800000	 66400000	12
chr3	 65850000	 66650000	16
chr3	 69400000	 68400000	20
chr3	 75950000	 77450000	30
chr3	 77600000	 76700000	18
chr3	 81050000	 82650000	32
chr3	 81200000	 82450000	25
chr3	 81400000	 79050000	47
chr3	 84000000	 83600000	8
chr3	 85750000	 85250000	10
chr3	 85750000	 85750000	0
chr3	 88950000	 92700000	75
chr3	 90600000	 88650000	39
chr3	 91950000	 92850000	18
chr3	 92150000	 90700000	29
chr3	 95750000	 96850000	22
chr3	 96700000	 97950000	25
chr3	 98100000	 98700000	12
chr3	100150000	101050000	18
chr3	102750000	102150000	12
chr3	104200000	103200000	20
chr3	108000000	108950000	19
chr3	109150000	111900000	55
chr3	110050000	109800000	5
chr3	110700000	112000000	26
chr3	113450000	111450000	40
chr3	114600000	113500000	22
chr3	120750000	119000000	35
chr3	121450000	120250000	24
chr3	131250000	134850000	72
chr3	131650000	131100000	11
chr3	132450000	133450000	20
chr3	136500000	134900000	32
chr3	137200000	135800000	28
chr3	139000000	140150000	23
chr3	141200000	143450000	45
chr3	142950000	143850000	18
chr3	147000000	146150000	17
chr3	148650000	147700000	19
chr3	149850000	149000000	17
chr3	150700000	151350000	13
chr3	151900000	152900000	20
chr3	153800000	154600000	16
chr3	155750000	157350000	32
chr3	156050000	158300000	45
chr3	159800000	158100000	34
chr4	  1950000	   450000	30
chr4	  3000000	  2700000	6
chr4	  3150000	  1700000	29
chr4	  4050000	  5100000	21
chr4	  5000000	  3600000	28
chr4	  7350000	 10050000	54
chr4	  7900000	  6700000	24
chr4	  9200000	  8100000	22
chr4	 12050000	 10600000	29
chr4	 14050000	 14950000	18
chr4	 18700000	 17900000	16
chr4	 20300000	 21300000	20
chr4	 22600000	 23750000	23
chr4	 24400000	 25100000	14
chr4	 24800000	 24800000	0
chr4	 24800000	 25900000	22
chr4	 26550000	 27400000	17
chr4	 27700000	 28800000	22
chr4	 31300000	 30650000	13
chr4	 32850000	 34450000	32
chr4	 36200000	 37700000	30
chr4	 37450000	 38950000	30
chr4	 38200000	 39450000	25
chr4	 38450000	 40550000	42
chr4	 47250000	 46050000	24
chr4	 51000000	 48600000	48
chr4	 52550000	 50900000	33
chr4	 52600000	 54200000	32
chr4	 53500000	 52500000	20
chr4	 54100000	 53600000	10
chr4	 55650000	 56150000	10
chr4	 57250000	 56350000	18
chr4	 63450000	 61900000	31
chr4	 64200000	 64750000	11
chr4	 66050000	 63800000	45
chr4	 68250000	 67950000	6
chr4	 68850000	 68100000	15
chr4	 73250000	 75000000	35
chr4	 73450000	 74050000	12
chr4	 73750000	 73250000	10
chr4	 76700000	 76800000	2
chr4	 76750000	 78150000	28
chr4	 77400000	 77150000	5
chr4	 77800000	 75950000	37
chr4	 79350000	 79200000	3
chr4	 81600000	 82550000	19
chr4	 83000000	 84650000	33
chr4	 84250000	 83050000	24
chr4	 87100000	 89050000	39
chr4	 88150000	 88400000	5
chr4	 90500000	 93500000	60
chr4	 96000000	 95300000	14
chr4	 97200000	 96700000	10
chr4	 97650000	 98800000	23
chr4	 97750000	 98250000	10
chr4	100000000	 99000000	20
chr4	100550000	101900000	27
chr4	104250000	104550000	6
chr4	105150000	105800000	13
chr4	105550000	105750000	4
chr4	110300000	111300000	20
chr4	113600000	112950000	13
chr4	115500000	116150000	13
chr4	115650000	116850000	24
chr4	116550000	118550000	40
chr4	117100000	116000000	22
chr4	119050000	117900000	23
chr4	126800000	125150000	33
chr4	127600000	128200000	12
chr4	134000000	131950000	41
chr4	134500000	135700000	24
chr4	135200000	133850000	27
chr4	135450000	136550000	22
chr4	135600000	137900000	46
chr4	137800000	137000000	16
chr4	139150000	138850000	6
chr4	139700000	140400000	14
chr4	140200000	138500000	34
chr4	141750000	142650000	18
chr4	145500000	148550000	61
chr4	149550000	148100000	29
chr4	150400000	152200000	36
chr4	152000000	151150000	17
chr4	152550000	151500000	21
chr4	153100000	151750000	27
chr5	  3150000	  2250000	18
chr5	  4600000	  5100000	10
chr5	  4650000	  4050000	12
chr5	  6850000	  6850000	0
chr5	  6950000	  8700000	35
chr5	  9250000	  8050000	24
chr5	 10400000	  9750000	13
chr5	 10550000	  9850000	14
chr5	 10650000	 12850000	44
chr5	 10800000	 10000000	16
chr5	 12650000	 10700000	39
chr5	 14550000	 15350000	16
chr5	 15850000	 13600000	45
chr5	 16200000	 18250000	41
chr5	 19150000	 20100000	19
chr5	 19350000	 21100000	35
chr5	 20200000	 20850000	13
chr5	 22000000	 21050000	19
chr5	 22400000	 23050000	13
chr5	 25550000	 27000000	29
chr5	 25700000	 22700000	60
chr5	 26000000	 25350000	13
chr5	 27600000	 28100000	10
chr5	 29600000	 29000000	12
chr5	 33900000	 33500000	8
chr5	 36050000	 35350000	14
chr5	 38300000	 37750000	11
chr5	 46150000	 44850000	26
chr5	 46500000	 47300000	16
chr5	 46550000	 47450000	18
chr5	 48300000	 50700000	48
chr5	 52800000	 51950000	17
chr5	 54050000	 53700000	7
chr5	 54350000	 53150000	24
chr5	 60500000	 59300000	24
chr5	 62700000	 61600000	22
chr5	 71450000	 72150000	14
chr5	 72700000	 71750000	19
chr5	 74000000	 74950000	19
chr5	 74450000	 75350000	18
chr5	 76050000	 77200000	23
chr5	 76400000	 76850000	9
chr5	 80150000	 80850000	14
chr5	 81000000	 79300000	34
chr5	 83600000	 85300000	34
chr5	 86300000	 85250000	21
chr5	 87200000	 87750000	11
chr5	 87500000	 86700000	16
chr5	 89650000	 88950000	14
chr5	 91700000	 93850000	43
chr5	 94200000	 92750000	29
chr5	 97400000	 97200000	4
chr5	 99800000	101350000	31
chr5	108950000	107500000	29
chr5	108950000	110300000	27
chr5	111650000	113550000	38
chr5	112350000	110950000	28
chr5	112850000	113800000	19
chr5	113400000	111550000	37
chr5	117650000	116550000	22
chr5	119950000	120350000	8
chr5	120900000	122950000	41
chr5	123400000	124450000	21
chr5	123850000	122450000	28
chr5	125150000	124650000	10
chr5	128950000	126900000	41
chr5	132050000	130850000	24
chr5	138450000	140550000	42
chr5	138800000	139650000	17
chr5	140150000	140750000	12
chr5	150800000	149400000	28
chr5	151000000	150300000	14
chr6	  4200000	  3550000	13
chr6	  5400000	  4300000	22
chr6	  6300000	  7950000	33
chr6	  8150000	  9050000	18
chr6	  8500000	  9350000	17
chr6	  9900000	 11100000	24
chr6	 10400000	 11750000	27
chr6	 11000000	 11750000	15
chr6	 11050000	 10300000	15
chr6	 11550000	 13050000	30
chr6	 11850000	 12600000	15
chr6	 12950000	 11600000	27
chr6	 14550000	 16650000	42
chr6	 18500000	 19150000	13
chr6	 19500000	 20700000	24
chr6	 19550000	 20950000	28
chr6	 19950000	 17400000	51
chr6	 22350000	 23750000	28
chr6	 23350000	 24200000	17
chr6	 24700000	 26950000	45
chr6	 25000000	 25450000	9
chr6	 28900000	 30550000	33
chr6	 29000000	 30650000	33
chr6	 32900000	 34100000	24
chr6	 34850000	 33500000	27
chr6	 36400000	 37000000	12
chr6	 37200000	 37900000	14
chr6	 37550000	 36750000	16
chr6	 42500000	 42100000	8
chr6	 44350000	 44000000	7
chr6	 44350000	 46550000	44
chr6	 44750000	 44250000	10
chr6	 45250000	 43150000	42
chr6	 45750000	 43950000	36
chr6	 47900000	 48500000	12
chr6	 49250000	 50200000	19
chr6	 50300000	 48600000	34
chr6	 51150000	 52600000	29
chr6	 51900000	 54550000	53
chr6	 53550000	 54750000	24
chr6	 56350000	 55250000	22
chr6	 58150000	 57050000	22
chr6	 64300000	 62100000	44
chr6	 66950000	 64100000	57
chr6	 68050000	 66000000	41
chr6	 70650000	 69850000	16
chr6	 71200000	 72150000	19
chr6	 72800000	 73300000	10
chr6	 73750000	 74800000	21
chr6	 74250000	 73250000	20
chr6	 79350000	 79950000	12
chr6	 80150000	 79550000	12
chr6	 80350000	 81200000	17
chr6	 81250000	 79500000	35
chr6	 81350000	 79600000	35
chr6	 81800000	 79050000	55
chr6	 84500000	 86350000	37
chr6	 85650000	 84200000	29
chr6	 89600000	 90450000	17
chr6	 92100000	 91350000	15
chr6	 94250000	 93350000	18
chr6	 97850000	 99750000	38
chr6	101800000	102300000	10
chr6	108050000	109750000	34
chr6	108100000	107450000	13
chr6	108900000	109500000	12
chr6	111050000	111850000	16
chr6	113500000	114100000	12
chr6	113800000	115550000	35
chr6	114350000	116200000	37
chr6	115100000	114950000	3
chr6	117150000	115750000	28
chr6	119950000	121050000	22
chr6	120300000	121950000	33
chr6	127800000	124450000	67
chr6	132950000	133700000	15
chr6	132950000	133950000	20
chr6	133800000	133150000	13
chr6	135950000	136750000	16
chr6	138850000	138200000	13
chr6	139350000	139900000	11
chr6	141750000	143100000	27
chr6	142400000	142850000	9
chr6	145800000	146350000	11
chr6	146150000	145100000	21
chr7	  1650000	  1250000	8
chr7	  6650000	  7650000	20
chr7	  7650000	  8800000	23
chr7	  9950000	  9200000	15
chr7	 12150000	 10900000	25
chr7	 14000000	 15400000	28
chr7	 20950000	 19950000	20
chr7	 21400000	 22350000	19
chr7	 21550000	 22350000	16
chr7	 21950000	 21950000	0
chr7	 25000000	 23550000	29
chr7	 34600000	 35300000	14
chr7	 35200000	 36250000	21
chr7	 36100000	 34600000	30
chr7	 36350000	 35050000	26
chr7	 37350000	 36350000	20
chr7	 39050000	 37200000	37
chr7	 39650000	 38400000	25
chr7	 42500000	 41850000	13
chr7	 44500000	 43400000	22
chr7	 48750000	 48150000	12
chr7	 49450000	 45900000	71
chr7	 51900000	 51100000	16
chr7	 53900000	 55300000	28
chr7	 54900000	 55750000	17
chr7	 55650000	 54650000	20
chr7	 55900000	 54250000	33
chr7	 55950000	 55050000	18
chr7	 68100000	 67650000	9
chr7	 68750000	 70150000	28
chr7	 71550000	 74950000	68
chr7	 72250000	 73050000	16
chr7	 72700000	 74200000	30
chr7	 72950000	 74000000	21
chr7	 77800000	 77250000	11
chr7	 83650000	 82750000	18
chr7	 84550000	 84050000	10
chr7	 87150000	 89550000	48
chr7	 89350000	 86800000	51
chr7	 91000000	 89900000	22
chr7	 91400000	 91050000	7
chr7	 96350000	 97650000	26
chr7	 98850000	100250000	28
chr7	102400000	103950000	31
chr7	104300000	106100000	36
chr7	105100000	104050000	21
chr7	107300000	106750000	11
chr7	107700000	109250000	31
chr7	109050000	109650000	12
chr7	109350000	108000000	27
chr7	109600000	110250000	13
chr7	111150000	110250000	18
chr7	113200000	114100000	18
chr7	113450000	114700000	25
chr7	116600000	117300000	14
chr7	116750000	115900000	17
chr7	116800000	116100000	14
chr7	118250000	116750000	30
chr7	118950000	120000000	21
chr7	120500000	121500000	20
chr7	125750000	126500000	15
chr7	126300000	125050000	25
chr7	126400000	126900000	10
chr7	127600000	127200000	8
chr7	128150000	129950000	36
chr7	130250000	129900000	7
chr7	134750000	133600000	23
chr8	  2750000	  3150000	8
chr8	  3750000	  4350000	12
chr8	  7000000	  6600000	8
chr8	  9600000	  8300000	26
chr8	 12900000	 13700000	16
chr8	 13050000	 13950000	18
chr8	 13850000	 12200000	33
chr8	 13900000	 11700000	44
chr8	 14000000	 14650000	13
chr8	 16150000	 14750000	28
chr8	 19700000	 21400000	34
chr8	 20200000	 18950000	25
chr8	 23600000	 26500000	58
chr8	 28000000	 27400000	12
chr8	 29700000	 27600000	42
chr8	 33150000	 33700000	11
chr8	 33500000	 34100000	12
chr8	 33500000	 36400000	58
chr8	 34100000	 35700000	32
chr8	 34250000	 34600000	7
chr8	 34300000	 35000000	14
chr8	 35400000	 35400000	0
chr8	 36250000	 37050000	16
chr8	 36950000	 35800000	23
chr8	 39050000	 37300000	35
chr8	 41550000	 43450000	38
chr8	 42750000	 41500000	25
chr8	 44900000	 46500000	32
chr8	 45750000	 47300000	31
chr8	 48600000	 47100000	30
chr8	 49050000	 48300000	15
chr8	 53600000	 51800000	36
chr8	 54100000	 55400000	26
chr8	 56550000	 58150000	32
chr8	 58350000	 57350000	20
chr8	 59900000	 58250000	33
chr8	 64250000	 62800000	29
chr8	 65750000	 62500000	65
chr8	 70600000	 68500000	42
chr8	 72800000	 74250000	29
chr8	 74950000	 75950000	20
chr8	 75300000	 73800000	30
chr8	 78050000	 80050000	40
chr8	 79150000	 79450000	6
chr8	 87850000	 90650000	56
chr8	 90950000	 92000000	21
chr8	 91650000	 90600000	21
chr8	 92900000	 94000000	22
chr8	 93700000	 94400000	14
chr8	 97250000	100950000	74
chr8	 97350000	 94400000	59
chr8	101950000	103200000	25
chr8	103900000	102650000	25
chr8	106100000	108700000	52
chr8	108400000	107550000	17
chr8	108450000	108800000	7
chr8	109000000	110300000	26
chr8	114550000	112850000	34
chr8	114850000	114250000	12
chr8	115700000	117300000	32
chr8	116950000	115100000	37
chr8	117450000	119200000	35
chr8	118250000	117150000	22
chr8	125500000	125500000	0
chr9	   850000	  2850000	40
chr9	  1600000	   650000	19
chr9	  3650000	  3150000	10
chr9	  5250000	  7300000	41
chr9	  5550000	  6600000	21
chr9	  5800000	  7950000	43
chr9	  6400000	  5150000	25
chr9	  6850000	  5050000	36
chr9	  9850000	 11050000	24
chr9	 12050000	 13050000	20
chr9	 17050000	 16450000	12
chr9	 23800000	 24500000	14
chr9	 27550000	 28000000	9
chr9	 27850000	 28900000	21
chr9	 28900000	 29950000	21
chr9	 29100000	 29500000	8
chr9	 29600000	 28100000	30
chr9	 31850000	 33500000	33
chr9	 32400000	 31200000	24
chr9	 33200000	 32950000	5
chr9	 33350000	 34350000	20
chr9	 33650000	 31900000	35
chr9	 40500000	 39050000	29
chr9	 42150000	 41150000	20
chr9	 44750000	 45400000	13
chr9	 45800000	 47050000	25
chr9	 47300000	 48300000	20
chr9	 47750000	 45350000	48
chr9	 49100000	 48100000	20
chr9	 52100000	 50350000	35
chr9	 53300000	 55100000	36
chr9	 53450000	 53800000	7
chr9	 55400000	 54700000	14
chr9	 55500000	 53700000	36
chr9	 58000000	 57800000	4
chr9	 60900000	 58800000	42
chr9	 62800000	 61650000	23
chr9	 64550000	 63550000	20
chr9	 65150000	 63650000	30
chr9	 70700000	 70250000	9
chr9	 73250000	 73700000	9
chr9	 77250000	 76000000	25
chr9	 79050000	 81900000	57
chr9	 79800000	 80850000	21
chr9	 81050000	 79150000	38
chr9	 81700000	 82150000	9
chr9	 82900000	 82450000	9
chr9	 83700000	 82550000	23
chr9	 85950000	 85350000	12
chr9	 87000000	 87550000	11
chr9	 94700000	 92200000	50
chr9	 95550000	 93850000	34
chr9	100050000	 99750000	6
chr9	103950000	104700000	15
chr9	103950000	105000000	21
chr9	105800000	104700000	22
chr9	107700000	105700000	40
chr9	109750000	110950000	24
chr9	110550000	110000000	11
chr9	112400000	113200000	16
chr9	112600000	113150000	11
chr9	115750000	116650000	18
chr9	119750000	118750000	20
chr9	119850000	120350000	10
chr9	120300000	119000000	26
chrX	  5100000	  2300000	56
chrX	  5300000	  6800000	30
chrX	  6100000	  7050000	19
chrX	  7650000	  6450000	24
chrX	  9200000	  7850000	27
chrX	 10200000	 11550000	27
chrX	 10400000	 11200000	16
chrX	 13100000	 12500000	12
chrX	 16200000	 17200000	20
chrX	 20750000	 21400000	13
chrX	 20950000	 20500000	9
chrX	 21050000	 19100000	39
chrX	 21200000	 21200000	0
chrX	 21250000	 20250000	20
chrX	 21850000	 20500000	27
chrX	 23800000	 24150000	7
chrX	 24300000	 23500000	16
chrX	 24400000	 25350000	19
chrX	 27450000	 28150000	14
chrX	 28250000	 29050000	16
chrX	 32100000	 32900000	16
chrX	 32350000	 31900000	9
chrX	 37500000	 37850000	7
chrX	 38550000	 37600000	19
chrX	 39900000	 39200000	14
chrX	 40400000	 41450000	21
chrX	 42550000	 41600000	19
chrX	 44450000	 43650000	16
chrX	 47300000	 43450000	77
chrX	 49450000	 50000000	11
chrX	 49800000	 51050000	25
chrX	 51150000	 49200000	39
chrX	 53800000	 53100000	14
chrX	 54100000	 53500000	12
chrX	 56400000	 55500000	18
chrX	 57250000	 56050000	24
chrX	 60900000	 62800000	38
chrX	 63400000	 62850000	11
chrX	 63950000	 61200000	55
chrX	 65150000	 65700000	11
chrX	 66750000	 68800000	41
chrX	 67500000	 68350000	17
chrX	 72550000	 71850000	14
chrX	 73250000	 74400000	23
chrX	 74900000	 73100000	36
chrX	 75050000	 76950000	38
chrX	 75950000	 75450000	10
chrX	 78950000	 77450000	30
chrX	 81500000	 80800000	14
chrX	 82250000	 84000000	35
chrX	 86200000	 87900000	34
chrX	 88850000	 89750000	18
chrX	 90200000	 89750000	9
chrX	 95400000	 97900000	50
chrX	 96300000	 96900000	12
chrX	 96650000	 97750000	22
chrX	102150000	103450000	26
chrX	102300000	100950000	27
chrX	105650000	106000000	7
chrX	105700000	103300000	48
chrX	105800000	102550000	65
chrX	108950000	106850000	42
chrX	110100000	111150000	21
chrX	116950000	115200000	35
chrX	121750000	120600000	23
chrX	124350000	122950000	28
chrX	125800000	123950000	37
chrX	128050000	129400000	27
chrX	134100000	134100000	0
chrX	135550000	134150000	28
chrX	136100000	133150000	59
chrX	137150000	138400000	25
chrX	138950000	137200000	35
chrX	141200000	142100000	18
chrX	141250000	140750000	10
chrX	145450000	141950000	70
chrX	147950000	150150000	44
chrX	148950000	150550000	32
chrX	151600000	151100000	10
chrX	151700000	152250000	11
chrX	152000000	153250000	25
chrX	152700000	156050000	67
chrX	154450000	155600000	23
chrX	159800000	161850000	41
chrX	162400000	161800000	12
chrX	163300000	164000000	14
chrX	166100000	167000000	18
chrX	166350000	166550000	4
chrX	166650000	167550000	18
chrX	166900000	167750000	17
chrY	  1200000	  1950000	15
chrY	  2100000	  2900000	16
chrY	  6400000	  7200000	16
chrY	  9300000	 10150000	17
chrY	 11350000	 12650000	26
chrY	 14500000	 13950000	11
chrY	 20150000	 18500000	33
chrY	 20300000	 21950000	33
chrY	 21050000	 22400000	27
chrY	 25900000	 26250000	7
chrY	 26750000	 27500000	15
chrY	 27000000	 27850000	17
chrY	 29050000	 27800000	25
chrY	 31250000	 32950000	34
chrY	 31700000	 32800000	22
chrY	 33500000	 36300000	56
chrY	 34550000	 34150000	8
chrY	 40000000	 40950000	19
chrY	 40800000	 42300000	30
chrY	 43000000	 42100000	18
chrY	 45700000	 44450000	25
chrY	 46550000	 45800000	15
chrY	 47100000	 47900000	16
chrY	 48050000	 49050000	20
chrY	 48500000	 49250000	15
chrY	 49250000	 48400000	17
chrY	 49700000	 48300000	28
chrY	 50150000	 51350000	24
chrY	 56000000	 60600000	92
chrY	 57150000	 58450000	26
chrY	 58050000	 57000000	21
chrY	 58200000	 57750000	9
chrY	 58550000	 59300000	15
chrY	 63100000	 64050000	19
chrY	 64800000	 63900000	18
chrY	 66150000	 65000000	23
chrY	 66450000	 67550000	22
chrY	 76350000	 76950000	12
chrY	 77150000	 76700000	9
chrY	 78950000	 77650000	26
chrY	 80200000	 81550000	27
chrY	 80500000	 81400000	18
chrY	 82400000	 83550000	23
chrY	 84650000	 83950000	14
chrY	 88500000	 88150000	7
chrY	 89300000	 88000000	26
chrY	 89400000	 88500000	18
