chr1	   250000	  1150000	18
chr1	  2400000	  1000000	28
chr1	  2950000	  4250000	26
chr1	  3500000	  1100000	48
chr1	  6950000	  8150000	24
chr1	 12150000	 12800000	13
chr1	 13300000	 14650000	27
chr1	 18700000	 17400000	26
chr1	 20750000	 19250000	30
chr1	 21250000	 20350000	18
chr1	 21350000	 19900000	29
chr1	 21950000	 24400000	49
chr1	 24650000	 23500000	23
chr1	 24700000	 22600000	42
chr1	 25600000	 26200000	12
chr1	 28600000	 28200000	8
chr1	 29350000	 31800000	49
chr1	 30900000	 33400000	50
chr1	 32550000	 31150000	28
chr1	 32650000	 35150000	50
chr1	 36450000	 35600000	17
chr1	 39000000	 35650000	67
chr1	 41200000	 42350000	23
chr1	 53100000	 52850000	5
chr1	 54100000	 55950000	37
chr1	 54700000	 55700000	20
chr1	 54750000	 53200000	31
chr1	 56750000	 57600000	17
chr1	 57150000	 58200000	21
chr1	 57900000	 56400000	30
chr1	 57900000	 56850000	21
chr1	 58300000	 57450000	17
chr1	 60000000	 57800000	44
chr1	 60550000	 61150000	12
chr1	 60850000	 61350000	10
chr1	 62500000	 63250000	15
chr1	 63550000	 64750000	24
chr1	 65650000	 64800000	17
chr1	 66650000	 65250000	28
chr1	 67000000	 71600000	92
chr1	 69350000	 71050000	34
chr1	 71100000	 70050000	21
chr1	 72100000	 72650000	11
chr1	 72200000	 71600000	12
chr1	 73250000	 73900000	13
chr1	 73550000	 74050000	10
chr1	 79200000	 78600000	12
chr1	 79600000	 80650000	21
chr1	 82250000	 82900000	13
chr1	 86300000	 84550000	35
chr1	 86750000	 87500000	15
chr1	 86950000	 87400000	9
chr1	 92000000	 92550000	11
chr1	 93400000	 94250000	17
chr1	 98600000	 97750000	17
chr1	100950000	102450000	30
chr1	104750000	105450000	14
chr1	106300000	104700000	32
chr1	106300000	105800000	10
chr1	106950000	108350000	28
chr1	109200000	110800000	32
chr1	109900000	110850000	19
chr1	118450000	120050000	32
chr1	120000000	119200000	16
chr1	122050000	125750000	74
chr1	123900000	123900000	0
chr1	125550000	124250000	26
chr1	128650000	127550000	22
chr1	130200000	131500000	26
chr1	130250000	129700000	11
chr1	131050000	133450000	48
chr1	131150000	132250000	22
chr1	131350000	129950000	28
chr1	134550000	134950000	8
chr1	135450000	137200000	35
chr1	140100000	140700000	12
chr1	140950000	140450000	10
chr1	141400000	142050000	13
chr1	148900000	149750000	17
chr1	149550000	150800000	25
chr1	155900000	154400000	30
chr1	156350000	155550000	16
chr1	156950000	155250000	34
chr1	166350000	166100000	5
chr1	168000000	168750000	15
chr1	168250000	169700000	29
chr1	176450000	178150000	34
chr1	183150000	184150000	20
chr1	183500000	184350000	17
chr1	187050000	188400000	27
chr1	189300000	190900000	32
chr1	189600000	188400000	24
chr1	191750000	190800000	19
chr10	   550000	   300000	5
chr10	  3550000	  4150000	12
chr10	  5700000	  4300000	28
chr10	  7650000	  9700000	41
chr10	  8900000	  9700000	16
chr10	  9000000	  6650000	47
chr10	 12300000	 14600000	46
chr10	 17850000	 18750000	18
chr10	 22050000	 20850000	24
chr10	 23900000	 22500000	28
chr10	 24750000	 25950000	24
chr10	 25650000	 24000000	33
chr10	 26100000	 27100000	20
chr10	 26200000	 25650000	11
chr10	 26750000	 25750000	20
chr10	 31350000	 32100000	15
chr10	 34800000	 35700000	18
chr10	 37850000	 38500000	13
chr10	 37900000	 38350000	9
chr10	 39200000	 36850000	47
chr10	 42050000	 43400000	27
chr10	 45000000	 45500000	10
chr10	 47000000	 48400000	28
chr10	 51750000	 52500000	15
chr10	 52000000	 51700000	6
chr10	 52050000	 52950000	18
chr10	 52350000	 51300000	21
chr10	 53400000	 52950000	9
chr10	 55200000	 54100000	22
chr10	 55500000	 56950000	29
chr10	 56750000	 55400000	27
chr10	 60700000	 58850000	37
chr10	 62100000	 61000000	22
chr10	 63350000	 64800000	29
chr10	 68200000	 68950000	15
chr10	 73350000	 72500000	17
chr10	 77200000	 76000000	24
chr10	 78600000	 81600000	60
chr10	 78850000	 78100000	15
chr10	 80800000	 80800000	0
chr10	 80900000	 79200000	34
chr10	 83500000	 82800000	14
chr10	 85750000	 86450000	14
chr10	 88450000	 86550000	38
chr10	 91850000	 91000000	17
chr10	 92850000	 91750000	22
chr10	 93050000	 93550000	10
chr10	 99500000	100400000	18
chr10	103750000	106100000	47
chr10	104400000	103800000	12
chr10	106550000	106150000	8
chr10	108500000	107550000	19
chr10	109550000	107950000	32
chr10	109600000	109050000	11
chr10	111050000	111350000	6
chr10	114800000	115600000	16
chr10	115300000	116700000	28
chr10	119500000	121550000	41
chr10	121050000	122300000	25
chr10	124000000	123050000	19
chr11	   850000	  1200000	7
chr11	  2550000	  3900000	27
chr11	  4150000	  5100000	19
chr11	  5900000	  5900000	0
chr11	  6300000	  4550000	35
chr11	  6300000	  5300000	20
chr11	  6900000	  6250000	13
chr11	  7400000	  6500000	18
chr11	  9500000	 10900000	28
chr11	 11250000	 12700000	29
chr11	 14450000	 16500000	41
chr11	 14550000	 15300000	15
chr11	 17350000	 18050000	14
chr11	 18700000	 19550000	17
chr11	 19350000	 18200000	23
chr11	 30450000	 28550000	38
chr11	 33850000	 34550000	14
chr11	 35250000	 33000000	45
chr11	 35650000	 36350000	14
chr11	 37750000	 36850000	18
chr11	 42200000	 42500000	6
chr11	 45400000	 46300000	18
chr11	 46900000	 44700000	44
chr11	 46950000	 43350000	72
chr11	 50300000	 48350000	39
chr11	 51100000	 49850000	25
chr11	 54350000	 53050000	26
chr11	 55550000	 58350000	56
chr11	 58000000	 58400000	8
chr11	 58300000	 60550000	45
chr11	 61350000	 60000000	27
chr11	 70300000	 70950000	13
chr11	 70350000	 70850000	10
chr11	 82750000	 83400000	13
chr11	 83150000	 83700000	11
chr11	 83250000	 84900000	33
chr11	 83400000	 85200000	36
chr11	 87050000	 84800000	45
chr11	 90650000	 88800000	37
chr11	 92000000	 89500000	50
chr11	 97300000	 98200000	18
chr11	 98300000	 97400000	18
chr11	103450000	102850000	12
chr11	105800000	104150000	33
chr11	107850000	108300000	9
chr11	107850000	109000000	23
chr11	108650000	107000000	33
chr11	110600000	109700000	18
chr11	111100000	112950000	37
chr11	112350000	110200000	43
chr11	115650000	114100000	31
chr11	116900000	117500000	12
chr11	118250000	115800000	49
chr11	118700000	120450000	35
chr11	118850000	121450000	52
chr11	119150000	118150000	20
chr12	   650000	  2450000	36
chr12	   900000	   300000	12
chr12	  1350000	   650000	14
chr12	  2000000	   950000	21
chr12	  2250000	  1650000	12
chr12	  4200000	  2050000	43
chr12	  6600000	  7200000	12
chr12	  6750000	  6150000	12
chr12	  7150000	  9800000	53
chr12	  7700000	 10150000	49
chr12	  7800000	  8200000	8
chr12	  8700000	  9600000	18
chr12	  9350000	 10100000	15
chr12	  9500000	 10750000	25
chr12	 10400000	  9650000	15
chr12	 12800000	 11600000	24
chr12	 13700000	 13050000	13
chr12	 13950000	 15100000	23
chr12	 14950000	 13600000	27
chr12	 16250000	 15200000	21
chr12	 19000000	 21850000	57
chr12	 21700000	 22750000	21
chr12	 24600000	 23850000	15
chr12	 25800000	 25450000	7
chr12	 27950000	 29150000	24
chr12	 30300000	 27000000	66
chr12	 30700000	 30000000	14
chr12	 30750000	 29800000	19
chr12	 32750000	 30900000	37
chr12	 32900000	 32750000	3
chr12	 36700000	 35950000	15
chr12	 38950000	 39300000	7
chr12	 41650000	 41400000	5
chr12	 41800000	 40900000	18
chr12	 43400000	 42750000	13
chr12	 44350000	 43900000	9
chr12	 44550000	 43800000	15
chr12	 44800000	 47450000	53
chr12	 46700000	 47550000	17
chr12	 51850000	 51100000	15
chr12	 52150000	 51050000	22
chr12	 55350000	 54950000	8
chr12	 58000000	 58400000	8
chr12	 62300000	 63650000	27
chr12	 62900000	 60800000	42
chr12	 63800000	 64000000	4
chr12	 68750000	 68100000	13
chr12	 73350000	 72300000	21
chr12	 79550000	 80750000	24
chr12	 82800000	 82000000	16
chr12	 83950000	 82550000	28
chr12	 84750000	 85600000	17
chr12	 86000000	 89500000	70
chr12	 88250000	 87450000	16
chr12	 90100000	 91400000	26
chr12	 91050000	 91400000	7
chr12	100200000	 99000000	24
chr12	101450000	100650000	16
chr12	101600000	 98850000	55
chr12	105900000	105500000	8
chr12	109000000	107100000	38
chr12	110100000	112150000	41
chr12	110350000	111400000	21
chr12	110650000	111600000	19
chr12	114950000	113000000	39
chr12	117000000	118250000	25
chr12	119050000	118200000	17
chr13	  1650000	  2750000	22
chr13	  1800000	  3800000	40
chr13	  2300000	  1650000	13
chr13	  5850000	  4450000	28
chr13	  7900000	  7250000	13
chr13	  8500000	  9300000	16
chr13	  8850000	  7950000	18
chr13	 12250000	 11000000	25
chr13	 13050000	 11850000	24
chr13	 15300000	 12950000	47
chr13	 18050000	 16650000	28
chr13	 20800000	 21350000	11
chr13	 21000000	 19900000	22
chr13	 22150000	 23000000	17
chr13	 29200000	 28300000	18
chr13	 31250000	 30250000	20
chr13	 32650000	 32950000	6
chr13	 35300000	 34650000	13
chr13	 35550000	 36500000	19
chr13	 36350000	 35200000	23
chr13	 37450000	 38950000	30
chr13	 37550000	 36200000	27
chr13	 37750000	 38650000	18
chr13	 40600000	 41400000	16
chr13	 42650000	 42350000	6
chr13	 49900000	 51000000	22
chr13	 57850000	 58250000	8
chr13	 60950000	 62750000	36
chr13	 61950000	 62700000	15
chr13	 66400000	 65600000	16
chr13	 67950000	 67200000	15
chr13	 68350000	 65350000	60
chr13	 73500000	 74450000	19
chr13	 76600000	 79000000	48
chr13	 78500000	 79850000	27
chr13	 82600000	 81300000	26
chr13	 85500000	 84650000	17
chr13	 86300000	 87350000	21
chr13	 88350000	 88850000	10
chr13	 89700000	 90500000	16
chr13	 90200000	 88950000	25
chr13	 93450000	 94650000	24
chr13	 93650000	 92850000	16
chr13	 94800000	 92800000	40
chr13	 94950000	 95700000	15
chr13	 95300000	 93500000	36
chr13	 96750000	 96450000	6
chr13	 97600000	 99750000	43
chr13	100850000	101500000	13
chr13	101450000	100900000	11
chr13	101750000	102950000	24
chr13	102900000	104750000	37
chr13	103800000	103800000	0
chr13	105950000	104450000	30
chr13	109050000	108050000	20
chr13	109850000	108900000	19
chr13	111400000	109250000	43
chr13	112250000	113300000	21
chr13	115000000	115650000	13
chr14	   850000	  1600000	15
chr14	  6000000	  4100000	38
chr14	  7100000	  8100000	20
chr14	  8050000	  8550000	10
chr14	  8750000	  8750000	0
chr14	 10000000	  9350000	13
chr14	 10650000	 12250000	32
chr14	 11400000	  8150000	65
chr14	 14800000	 15950000	23
chr14	 15950000	 14850000	22
chr14	 19050000	 20100000	21
chr14	 21550000	 20650000	18
chr14	 22050000	 23400000	27
chr14	 23950000	 25000000	21
chr14	 24000000	 24550000	11
chr14	 30100000	 31350000	25
chr14	 31400000	 30300000	22
chr14	 33000000	 31700000	26
chr14	 34400000	 33500000	18
chr14	 36900000	 36100000	16
chr14	 37250000	 37550000	6
chr14	 37400000	 37400000	0
chr14	 38000000	 39350000	27
chr14	 41500000	 43050000	31
chr14	 44750000	 46000000	25
chr14	 45600000	 45050000	11
chr14	 47100000	 45450000	33
chr14	 55950000	 56550000	12
chr14	 57300000	 56500000	16
chr14	 58000000	 57300000	14
chr14	 58100000	 58600000	10
chr14	 58900000	 58550000	7
chr14	 62500000	 61300000	24
chr14	 63600000	 62850000	15
chr14	 64950000	 63800000	23
chr14	 69050000	 67700000	27
chr14	 69250000	 68000000	25
chr14	 70700000	 69050000	33
chr14	 72350000	 71500000	17
chr14	 73700000	 72750000	19
chr14	 73800000	 74400000	12
chr14	 76500000	 77300000	16
chr14	 77700000	 76750000	19
chr14	 78700000	 77650000	21
chr14	 79000000	 77200000	36
chr14	 79650000	 81150000	30
chr14	 82200000	 81600000	12
chr14	 82550000	 82550000	0
chr14	 84450000	 83800000	13
chr14	 84500000	 84250000	5
chr14	 87400000	 84450000	59
chr14	 88650000	 88400000	5
chr14	 90550000	 92100000	31
chr14	 90900000	 92750000	37
chr14	 91950000	 92700000	15
chr14	 92850000	 93550000	14
chr14	 93000000	 91850000	23
chr14	 95100000	 96300000	24
chr14	 96450000	 96100000	7
chr14	 96700000	 97700000	20
chr14	 97100000	 99550000	49
chr14	 98100000	 98650000	11
chr14	100900000	102200000	26
chr14	101700000	102750000	21
chr14	103100000	104850000	35
chr14	103850000	104400000	11
chr14	106200000	108150000	39
chr14	107200000	108650000	29
chr14	110050000	109400000	13
chr14	115550000	116300000	15
chr14	116950000	114650000	46
chr14	117200000	116600000	12
chr14	117400000	118100000	14
chr14	117650000	118700000	21
chr14	120000000	121650000	33
chr14	121200000	119100000	42
chr15	  2400000	   350000	41
chr15	  3200000	  3950000	15
chr15	  3250000	  3700000	9
chr15	  6050000	  8650000	52
chr15	  6250000	  6700000	9
chr15	  6900000	  8050000	23
chr15	 11950000	 13350000	28
chr15	 14450000	 13250000	24
chr15	 14600000	 15400000	16
chr15	 15250000	 13500000	35
chr15	 15250000	 16750000	30
chr15	 16050000	 17750000	34
chr15	 16500000	 18350000	37
chr15	 16550000	 17800000	25
chr15	 17000000	 17350000	7
chr15	 25500000	 26650000	23
chr15	 25500000	 27300000	36
chr15	 27850000	 27450000	8
chr15	 28700000	 29800000	22
chr15	 32550000	 30750000	36
chr15	 32900000	 34650000	35
chr15	 34100000	 33700000	8
chr15	 34500000	 35500000	20
chr15	 34800000	 35800000	20
chr15	 39950000	 40650000	14
chr15	 41050000	 41650000	12
chr15	 43350000	 44200000	17
chr15	 43950000	 42250000	34
chr15	 44650000	 43650000	20
chr15	 47000000	 45300000	34
chr15	 49750000	 48450000	26
chr15	 58900000	 57550000	27
chr15	 60650000	 62200000	31
chr15	 69150000	 66450000	54
chr15	 73600000	 74700000	22
chr15	 75250000	 74450000	16
chr15	 76750000	 75400000	27
chr15	 77800000	 74850000	59
chr15	 81550000	 83200000	33
chr15	 83550000	 83200000	7
chr15	 84300000	 83500000	16
chr15	 89350000	 89850000	10
chr15	 94350000	 94800000	9
chr15	 94700000	 95450000	15
chr15	 98150000	 99350000	24
chr15	 98350000	 99250000	18
chr15	100200000	102700000	50
chr15	101000000	101800000	16
chr15	101500000	102850000	27
chr15	103000000	103850000	17
chr16	  1000000	  3900000	58
chr16	  6600000	  7400000	16
chr16	  8450000	  9150000	14
chr16	  8850000	 11700000	57
chr16	  9250000	  8650000	12
chr16	  9650000	  9150000	10
chr16	  9800000	  8950000	17
chr16	  9950000	  9050000	18
chr16	 11450000	  9900000	31
chr16	 12550000	 12150000	8
chr16	 16000000	 14500000	30
chr16	 16800000	 18050000	25
chr16	 19850000	 21100000	25
chr16	 27700000	 28750000	21
chr16	 32150000	 31450000	14
chr16	 32700000	 31950000	15
chr16	 33250000	 34700000	29
chr16	 38900000	 37500000	28
chr16	 38950000	 38000000	19
chr16	 39250000	 38750000	10
chr16	 43550000	 41850000	34
chr16	 44650000	 44050000	12
chr16	 46700000	 44650000	41
chr16	 46750000	 47300000	11
chr16	 46800000	 45700000	22
chr16	 47750000	 49450000	34
chr16	 49900000	 50550000	13
chr16	 54350000	 55250000	18
chr16	 54950000	 53550000	28
chr16	 55350000	 56100000	15
chr16	 56100000	 57000000	18
chr16	 56150000	 57000000	17
chr16	 56650000	 57650000	20
chr16	 57500000	 58050000	11
chr16	 60800000	 60150000	13
chr16	 64550000	 66550000	40
chr16	 66950000	 66200000	15
chr16	 67200000	 66500000	14
chr16	 68950000	 68150000	16
chr16	 70600000	 69150000	29
chr16	 70950000	 72350000	28
chr16	 75650000	 73450000	44
chr16	 75750000	 76600000	17
chr16	 75850000	 74750000	22
chr16	 76550000	 73800000	55
chr16	 77100000	 76900000	4
chr16	 77550000	 76100000	29
chr16	 78700000	 77850000	17
chr16	 79150000	 78000000	23
chr16	 86200000	 86650000	9
chr16	 91500000	 93200000	34
chr16	 93250000	 93900000	13
chr16	 96100000	 95250000	17
chr16	 97200000	 95450000	35
chr17	  3300000	  2500000	16
chr17	  3550000	  2500000	21
chr17	  4250000	  5350000	22
chr17	  5750000	  6950000	24
chr17	  8800000	  7800000	20
chr17	  9100000	 11500000	48
chr17	  9850000	  8350000	30
chr17	 10650000	 12500000	37
chr17	 11350000	 13000000	33
chr17	 12100000	 10400000	34
chr17	 12750000	 13150000	8
chr17	 13800000	 12400000	28
chr17	 16700000	 17100000	8
chr17	 17650000	 18650000	20
chr17	 18900000	 19400000	10
chr17	 19550000	 20600000	21
chr17	 20100000	 21300000	24
chr17	 20300000	 18650000	33
chr17	 21100000	 21900000	16
chr17	 21700000	 20250000	29
chr17	 22450000	 22900000	9
chr17	 26100000	 24350000	35
chr17	 27300000	 28850000	31
chr17	 27400000	 26250000	23
chr17	 31550000	 29900000	33
chr17	 32300000	 32700000	8
chr17	 36000000	 37000000	20
chr17	 42050000	 42350000	6
chr17	 44750000	 45350000	12
chr17	 45900000	 45050000	17
chr17	 46950000	 48100000	23
chr17	 47300000	 48050000	15
chr17	 50150000	 49850000	6
chr17	 53650000	 54300000	13
chr17	 55700000	 54850000	17
chr17	 57800000	 57100000	14
chr17	 59750000	 58750000	20
chr17	 60200000	 59550000	13
chr17	 61550000	 61000000	11
chr17	 61750000	 65650000	78
chr17	 62050000	 61700000	7
chr17	 64950000	 64450000	10
chr17	 66800000	 65550000	25
chr17	 67400000	 65750000	33
chr17	 67550000	 68200000	13
chr17	 67650000	 69550000	38
chr17	 68250000	 68800000	11
chr17	 69700000	 67750000	39
chr17	 71350000	 71800000	9
chr17	 71550000	 72650000	22
chr17	 71800000	 72400000	12
chr17	 72650000	 71450000	24
chr17	 73400000	 74700000	26
chr17	 74900000	 75400000	10
chr17	 76300000	 75150000	23
chr17	 79600000	 77850000	35
chr17	 81250000	 79100000	43
chr17	 87400000	 86800000	12
chr17	 88250000	 88850000	12
chr17	 89050000	 90050000	20
chr17	 91500000	 92500000	20
chr17	 94800000	 93700000	22
chr18	   350000	   800000	9
chr18	   500000	   950000	9
chr18	  1550000	   100000	29
chr18	  1800000	  3100000	26
chr18	  6150000	  6850000	14
chr18	  6300000	  8200000	38
chr18	  9000000	  9400000	8
chr18	  9200000	  7450000	35
chr18	 12450000	 15050000	52
chr18	 12900000	 10400000	50
chr18	 13950000	 14700000	15
chr18	 15900000	 15300000	12
chr18	 17900000	 16100000	36
chr18	 20750000	 18950000	36
chr18	 24650000	 22800000	37
chr18	 32200000	 30250000	39
chr18	 32200000	 30850000	27
chr18	 35350000	 33550000	36
chr18	 35550000	 34800000	15
chr18	 35600000	 37350000	35
chr18	 36250000	 38200000	39
chr18	 38400000	 39900000	30
chr18	 41550000	 39600000	39
chr18	 44800000	 45650000	17
chr18	 49500000	 48400000	22
chr18	 53150000	 54250000	22
chr18	 55650000	 54000000	33
chr18	 56900000	 58900000	40
chr18	 59500000	 58950000	11
chr18	 60900000	 59450000	29
chr18	 61550000	 60950000	12
chr18	 65800000	 66750000	19
chr18	 68050000	 67850000	4
chr18	 72900000	 71300000	32
chr18	 73300000	 73200000	2
chr18	 73300000	 74250000	19
chr18	 74000000	 73350000	13
chr18	 74350000	 74050000	6
chr18	 74650000	 77300000	53
chr18	 75350000	 74400000	19
chr18	 75750000	 74300000	29
chr18	 75750000	 74850000	18
chr18	 76500000	 75300000	24
chr18	 80050000	 80550000	10
chr18	 80450000	 82050000	32
chr18	 81100000	 80200000	18
chr18	 84900000	 85750000	17
chr18	 85800000	 84250000	31
chr18	 87500000	 86800000	14
chr18	 88900000	 87350000	31
chr18	 90400000	 89050000	27
chr19	  4000000	  5150000	23
chr19	  6150000	  8400000	45
chr19	  6650000	  6400000	5
chr19	 15800000	 17100000	26
chr19	 16850000	 16350000	10
chr19	 16950000	 16100000	17
chr19	 19350000	 19550000	4
chr19	 20600000	 21100000	10
chr19	 21500000	 20100000	28
chr19	 22600000	 23300000	14
chr19	 24050000	 23000000	21
chr19	 28450000	 28850000	8
chr19	 31350000	 32950000	32
chr19	 34450000	 33200000	25
chr19	 35450000	 34000000	29
chr19	 42050000	 41100000	19
chr19	 47050000	 44000000	61
chr19	 52800000	 52150000	13
chr19	 54000000	 55250000	25
chr19	 54350000	 56100000	35
chr19	 57650000	 56900000	15
chr19	 59050000	 58150000	18
chr2	  1350000	   700000	13
chr2	  8250000	  8600000	7
chr2	 11450000	 10150000	26
chr2	 12700000	 12000000	14
chr2	 16000000	 14950000	21
chr2	 18300000	 17500000	16
chr2	 18750000	 17200000	31
chr2	 18900000	 20250000	27
chr2	 20550000	 18900000	33
chr2	 21600000	 20750000	17
chr2	 22200000	 20550000	33
chr2	 22600000	 20350000	45
chr2	 23400000	 22300000	22
chr2	 25500000	 23500000	40
chr2	 31250000	 30900000	7
chr2	 34350000	 34000000	7
chr2	 34400000	 32050000	47
chr2	 36500000	 37550000	21
chr2	 37850000	 36900000	19
chr2	 38700000	 35800000	58
chr2	 42850000	 44800000	39
chr2	 48450000	 47750000	14
chr2	 48700000	 49050000	7
chr2	 51500000	 50900000	12
chr2	 52600000	 53150000	11
chr2	 54600000	 54900000	6
chr2	 56500000	 55150000	27
chr2	 58700000	 58200000	10
chr2	 59200000	 61300000	42
chr2	 59250000	 57050000	44
chr2	 59500000	 60700000	24
chr2	 59850000	 58700000	23
chr2	 61800000	 60650000	23
chr2	 61950000	 63250000	26
chr2	 62200000	 62950000	15
chr2	 62650000	 63750000	22
chr2	 72950000	 71950000	20
chr2	 74600000	 76450000	37
chr2	 76100000	 76950000	17
chr2	 76400000	 76400000	0
chr2	 78000000	 76350000	33
chr2	 79050000	 79850000	16
chr2	 79800000	 79500000	6
chr2	 82400000	 80950000	29
chr2	 82500000	 81100000	28
chr2	 83500000	 84650000	23
chr2	 83700000	 84650000	19
chr2	 87950000	 88400000	9
chr2	 89450000	 91150000	34
chr2	101300000	102300000	20
chr2	102700000	100800000	38
chr2	104450000	104000000	9
chr2	108800000	109600000	16
chr2	110450000	108750000	34
chr2	113750000	113400000	7
chr2	114350000	115000000	13
chr2	116000000	116600000	12
chr2	116500000	114950000	31
chr2	117950000	116650000	26
chr2	118250000	117350000	18
chr2	121550000	123150000	32
chr2	126500000	125050000	29
chr2	131100000	129750000	27
chr2	132650000	131550000	22
chr2	135450000	137250000	36
chr2	135800000	138100000	46
chr2	138900000	136100000	56
chr2	142950000	141300000	33
chr2	142950000	142950000	0
chr2	145300000	146800000	30
chr2	146200000	145050000	23
chr2	147850000	150050000	44
chr2	148450000	146850000	32
chr2	151050000	151400000	7
chr2	155450000	157300000	37
chr2	156900000	156500000	8
chr2	160100000	160600000	10
chr2	162800000	161450000	27
chr2	165700000	166750000	21
chr2	166400000	168100000	34
chr2	168300000	167650000	13
chr2	168350000	169550000	24
chr2	168650000	166850000	36
chr2	173200000	172000000	24
chr2	177850000	178700000	17
chr2	181400000	180700000	14
chr3	   700000	  1500000	16
chr3	  1900000	   650000	25
chr3	  6500000	  6000000	10
chr3	 13400000	 11150000	45
chr3	 14400000	 15150000	15
chr3	 15650000	 13650000	40
chr3	 18450000	 17650000	16
chr3	 18550000	 20250000	34
chr3	 20200000	 21250000	21
chr3	 20250000	 19750000	10
chr3	 21950000	 20550000	28
chr3	 23500000	 22950000	11
chr3	 24000000	 24700000	14
chr3	 24800000	 25000000	4
chr3	 25000000	 23800000	24
chr3	 29300000	 27350000	39
chr3	 30400000	 29300000	22
chr3	 32800000	 34400000	32
chr3	 33750000	 31200000	51
chr3	 40150000	 41350000	24
chr3	 42450000	 41450000	20
chr3	 43050000	 41000000	41
chr3	 43800000	 41100000	54
chr3	 45350000	 45900000	11
chr3	 45750000	 47000000	25
chr3	 46850000	 46000000	17
chr3	 47250000	 45950000	26
chr3	 53750000	 55050000	26
chr3	 54550000	 54000000	11
chr3	 57000000	 56150000	17
chr3	 62300000	 58450000	77
chr3	 65600000	 66500000	18
chr3	 68650000	 67800000	17
chr3	 68950000	 68400000	11
chr3	 69050000	 70200000	23
chr3	 70200000	 73850000	73
chr3	 73150000	 72000000	23
chr3	 74900000	 73950000	19
chr3	 78200000	 78500000	6
chr3	 78200000	 79000000	16
chr3	 79200000	 78850000	7
chr3	 79800000	 79050000	15
chr3	 81800000	 82600000	16
chr3	 82050000	 83000000	19
chr3	 83350000	 82250000	22
chr3	 91300000	 93250000	39
chr3	 92950000	 91050000	38
chr3	 96850000	 95400000	29
chr3	 98500000	 98900000	8
chr3	 98750000	 97250000	30
chr3	 98800000	 98300000	10
chr3	 99200000	 98450000	15
chr3	 99900000	 98750000	23
chr3	100750000	 99900000	17
chr3	102100000	100900000	24
chr3	104850000	104150000	14
chr3	105650000	104600000	21
chr3	107350000	105800000	31
chr3	108650000	109200000	11
chr3	112450000	111850000	12
chr3	112600000	114500000	38
chr3	116800000	117900000	22
chr3	117150000	118250000	22
chr3	117550000	115700000	37
chr3	120100000	119100000	20
chr3	122600000	121850000	15
chr3	123350000	122550000	16
chr3	126800000	127750000	19
chr3	130150000	128700000	29
chr3	130150000	130750000	12
chr3	130450000	129500000	19
chr3	130850000	132200000	27
chr3	131550000	132400000	17
chr3	131600000	130850000	15
chr3	133850000	134500000	13
chr3	137550000	136650000	18
chr3	139300000	138200000	22
chr3	140650000	139400000	25
chr3	141100000	139800000	26
chr3	142600000	142000000	12
chr3	142650000	141200000	29
chr3	143850000	144850000	20
chr3	143900000	145400000	30
chr3	146200000	144750000	29
chr3	147700000	147200000	10
chr3	149700000	148750000	19
chr3	151350000	150450000	18
chr3	153700000	153250000	9
chr3	154050000	152600000	29
chr3	154450000	153900000	11
chr3	156600000	157400000	16
chr4	   150000	  1050000	18
chr4	  2500000	  1900000	12
chr4	  6450000	  5750000	14
chr4	  7700000	  6300000	28
chr4	 14100000	 14500000	8
chr4	 16600000	 19550000	59
chr4	 16750000	 18300000	31
chr4	 19250000	 19700000	9
chr4	 20150000	 21800000	33
chr4	 22200000	 24700000	50
chr4	 22500000	 21500000	20
chr4	 24400000	 23950000	9
chr4	 26500000	 25850000	13
chr4	 26850000	 25150000	34
chr4	 26950000	 28050000	22
chr4	 29550000	 30450000	18
chr4	 32500000	 30350000	43
chr4	 32650000	 30900000	35
chr4	 34100000	 32850000	25
chr4	 37450000	 35700000	35
chr4	 39150000	 40000000	17
chr4	 41850000	 40800000	21
chr4	 43900000	 43300000	12
chr4	 46250000	 47150000	18
chr4	 47850000	 49350000	30
chr4	 50550000	 49850000	14
chr4	 52900000	 53950000	21
chr4	 57450000	 58050000	12
chr4	 60300000	 61650000	27
chr4	 60650000	 59950000	14
chr4	 61850000	 63300000	29
chr4	 73200000	 73850000	13
chr4	 75700000	 74900000	16
chr4	 77300000	 78550000	25
chr4	 77550000	 78800000	25
chr4	 79550000	 80300000	15
chr4	 79950000	 81650000	34
chr4	 82950000	 83400000	9
chr4	 83950000	 82150000	36
chr4	 84200000	 86000000	36
chr4	 84400000	 84800000	8
chr4	 84850000	 85850000	20
chr4	 85550000	 85550000	0
chr4	 87550000	 87900000	7
chr4	 87850000	 89050000	24
chr4	 89550000	 90100000	11
chr4	 90000000	 92700000	54
chr4	 90800000	 91950000	23
chr4	 91900000	 93600000	34
chr4	 93250000	 94050000	16
chr4	 97800000	 97150000	13
chr4	 98950000	 97250000	34
chr4	 99750000	 97450000	46
chr4	101950000	104050000	42
chr4	109500000	107400000	42
chr4	112800000	112100000	14
chr4	114050000	113450000	12
chr4	116800000	115900000	18
chr4	121650000	121100000	11
chr4	122400000	121450000	19
chr4	125450000	126950000	30
chr4	129100000	127500000	32
chr4	129500000	130450000	19
chr4	131750000	130000000	35
chr4	133600000	134850000	25
chr4	137400000	139000000	32
chr4	137950000	136850000	22
chr4	144450000	144000000	9
chr4	144450000	145050000	12
chr4	146100000	145400000	14
chr4	146800000	147850000	21
chr4	148850000	150700000	37
chr4	151100000	149850000	25
chr4	155750000	154850000	18
chr4	156150000	154050000	42
chr5	  1850000	  1400000	9
chr5	  2000000	   850000	23
chr5	  2500000	  3050000	11
chr5	  7750000	  6900000	17
chr5	  8700000	  6850000	37
chr5	  9650000	 10200000	11
chr5	 10750000	 13850000	62
chr5	 13150000	 12050000	22
chr5	 14100000	 14750000	13
chr5	 15350000	 14100000	25
chr5	 22200000	 19600000	52
chr5	 22300000	 21850000	9
chr5	 26150000	 24150000	40
chr5	 26700000	 27700000	20
chr5	 26800000	 27500000	14
chr5	 30550000	 29350000	24
chr5	 36000000	 36250000	5
chr5	 37050000	 37850000	16
chr5	 37650000	 38050000	8
chr5	 38550000	 38950000	8
chr5	 38800000	 39750000	19
chr5	 39050000	 37650000	28
chr5	 42250000	 43550000	26
chr5	 45050000	 45800000	15
chr5	 47000000	 46300000	14
chr5	 51000000	 49550000	29
chr5	 52050000	 54600000	51
chr5	 54450000	 53850000	12
chr5	 56100000	 57200000	22
chr5	 58000000	 59300000	26
chr5	 61700000	 62350000	13
chr5	 62200000	 61450000	15
chr5	 64450000	 65150000	14
chr5	 65450000	 64150000	26
chr5	 66950000	 69050000	42
chr5	 67250000	 69000000	35
chr5	 67800000	 67350000	9
chr5	 69300000	 68000000	26
chr5	 70400000	 69750000	13
chr5	 71650000	 73700000	41
chr5	 72150000	 71150000	20
chr5	 72350000	 71300000	21
chr5	 73650000	 73300000	7
chr5	 74050000	 73000000	21
chr5	 76450000	 73100000	67
chr5	 76800000	 77800000	20
chr5	 76950000	 78150000	24
chr5	 80500000	 80500000	0
chr5	 87700000	 87200000	10
chr5	 90200000	 91500000	26
chr5	 94900000	 94300000	12
chr5	 99200000	 99850000	13
chr5	101550000	100000000	31
chr5	102750000	104400000	33
chr5	105350000	104650000	14
chr5	106300000	106750000	9
chr5	108250000	109300000	21
chr5	109400000	109200000	4
chr5	110000000	109650000	7
chr5	112600000	114000000	28
chr5	117900000	117650000	5
chr5	117950000	115200000	55
chr5	119800000	118450000	27
chr5	120500000	121850000	27
chr5	121050000	123800000	55
chr5	121200000	122000000	16
chr5	122600000	123250000	13
chr5	123500000	124500000	20
chr5	124250000	124900000	13
chr5	125850000	126750000	18
chr5	128050000	128550000	10
chr5	128500000	127750000	15
chr5	134250000	133550000	14
chr5	139050000	138500000	11
chr5	143800000	144100000	6
chr5	144300000	143400000	18
chr5	144600000	145550000	19
chr6	  3000000	  2650000	7
chr6	  3200000	  2100000	22
chr6	  3500000	  4400000	18
chr6	  5550000	  3800000	35
chr6	  6900000	  6550000	7
chr6	  8600000	  9100000	10
chr6	  9650000	 10650000	20
chr6	 12500000	 11400000	22
chr6	 12900000	 11650000	25
chr6	 13850000	 13150000	14
chr6	 14100000	 14900000	16
chr6	 14150000	 14650000	10
chr6	 22200000	 20200000	40
chr6	 23800000	 24950000	23
chr6	 26000000	 27550000	31
chr6	 26300000	 29450000	63
chr6	 26650000	 27500000	17
chr6	 28750000	 26800000	39
chr6	 28950000	 30350000	28
chr6	 31250000	 31750000	10
chr6	 34500000	 36000000	30
chr6	 38200000	 37150000	21
chr6	 40250000	 39350000	18
chr6	 45800000	 47750000	39
chr6	 48550000	 50050000	30
chr6	 48650000	 47500000	23
chr6	 49100000	 49800000	14
chr6	 53150000	 54250000	22
chr6	 54200000	 52700000	30
chr6	 54300000	 56350000	41
chr6	 55800000	 55000000	16
chr6	 57550000	 58350000	16
chr6	 57700000	 56450000	25
chr6	 58000000	 59100000	22
chr6	 58050000	 56400000	33
chr6	 58100000	 58850000	15
chr6	 61800000	 62650000	17
chr6	 64050000	 65350000	26
chr6	 67700000	 67150000	11
chr6	 70750000	 70250000	10
chr6	 71400000	 73700000	46
chr6	 73850000	 75800000	39
chr6	 74250000	 72850000	28
chr6	 75000000	 72200000	56
chr6	 75250000	 73650000	32
chr6	 75700000	 76000000	6
chr6	 85350000	 85750000	8
chr6	 85400000	 84100000	26
chr6	 86550000	 87250000	14
chr6	 88500000	 92250000	75
chr6	 89000000	 88100000	18
chr6	 89150000	 90350000	24
chr6	 92250000	 92950000	14
chr6	 96050000	100700000	93
chr6	 96800000	 95550000	25
chr6	 99900000	 99350000	11
chr6	101050000	101850000	16
chr6	102700000	100800000	38
chr6	105900000	107100000	24
chr6	107400000	106150000	25
chr6	110850000	112600000	35
chr6	112700000	111500000	24
chr6	114400000	113900000	10
chr6	117100000	114850000	45
chr6	119400000	118450000	19
chr6	120950000	119350000	32
chr6	121000000	120300000	14
chr6	124500000	125600000	22
chr6	129900000	127700000	44
chr6	131700000	130700000	20
chr6	132400000	133500000	22
chr6	134050000	134900000	17
chr6	136000000	136800000	16
chr6	136650000	136050000	12
chr6	136650000	137700000	21
chr6	141600000	142200000	12
chr6	144800000	147200000	48
chr6	145050000	146300000	25
chr7	  4700000	  5250000	11
chr7	  6750000	  5800000	19
chr7	  7150000	  8350000	24
chr7	  9350000	  8500000	17
chr7	 10800000	  9450000	27
chr7	 13250000	 12400000	17
chr7	 14700000	 15600000	18
chr7	 15100000	 14700000	8
chr7	 15200000	 14650000	11
chr7	 18750000	 17750000	20
chr7	 23150000	 22250000	18
chr7	 24500000	 26250000	35
chr7	 25150000	 26800000	33
chr7	 25850000	 25000000	17
chr7	 27400000	 27000000	8
chr7	 27550000	 28500000	19
chr7	 28350000	 29850000	30
chr7	 30500000	 29950000	11
chr7	 31550000	 31100000	9
chr7	 34800000	 35300000	10
chr7	 35250000	 33200000	41
chr7	 37750000	 37000000	15
chr7	 40750000	 39000000	35
chr7	 42750000	 43500000	15
chr7	 43950000	 42700000	25
chr7	 44600000	 45600000	20
chr7	 47900000	 46950000	19
chr7	 48600000	 47800000	16
chr7	 54650000	 54100000	11
chr7	 56000000	 57150000	23
chr7	 56700000	 55250000	29
chr7	 59950000	 57950000	40
chr7	 65750000	 65050000	14
chr7	 66050000	 66600000	11
chr7	 67200000	 66200000	20
chr7	 67350000	 66350000	20
chr7	 67700000	 67200000	10
chr7	 69850000	 69250000	12
chr7	 71050000	 73600000	51
chr7	 72600000	 73850000	25
chr7	 75250000	 76600000	27
chr7	 76050000	 74650000	28
chr7	 77150000	 78950000	36
chr7	 78650000	 77600000	21
chr7	 80000000	 81200000	24
chr7	 81350000	 82000000	13
chr7	 81750000	 81950000	4
chr7	 82300000	 81500000	16
chr7	 82850000	 83350000	10
chr7	 83800000	 83200000	12
chr7	 90300000	 88750000	31
chr7	 90500000	 88850000	33
chr7	 90900000	 92600000	34
chr7	 90950000	 94450000	70
chr7	 93650000	 95200000	31
chr7	 95500000	 97150000	33
chr7	 96900000	 96450000	9
chr7	 97200000	 98150000	19
chr7	100350000	 99300000	21
chr7	103500000	103150000	7
chr7	103900000	103150000	15
chr7	104650000	103350000	26
chr7	104800000	106600000	36
chr7	109750000	110900000	23
chr7	111950000	114850000	58
chr7	112600000	111300000	26
chr7	116650000	118900000	45
chr7	117100000	117400000	6
chr7	117100000	117450000	7
chr7	117250000	116450000	16
chr7	118650000	119900000	25
chr7	125200000	123400000	36
chr7	125600000	123900000	34
chr7	127750000	129950000	44
chr7	128100000	127200000	18
chr7	128450000	130100000	33
chr7	131550000	130700000	17
chr7	134400000	133400000	20
chr7	134500000	133100000	28
chr7	134800000	134200000	12
chr7	138150000	138450000	6
chr7	138300000	138750000	9
chr7	140300000	141700000	28
chr7	141100000	139650000	29
chr7	143100000	142100000	20
chr7	144900000	141500000	68
chr8	  2900000	  2000000	18
chr8	  7400000	  8800000	28
chr8	  9500000	  8100000	28
chr8	  9800000	  8950000	17
chr8	 14250000	 13200000	21
chr8	 14900000	 16050000	23
chr8	 20200000	 20800000	12
chr8	 23000000	 24000000	20
chr8	 23950000	 24650000	14
chr8	 24950000	 26550000	32
chr8	 29450000	 30050000	12
chr8	 36850000	 38000000	23
chr8	 36950000	 35600000	27
chr8	 37650000	 38300000	13
chr8	 37800000	 36950000	17
chr8	 38600000	 37950000	13
chr8	 39650000	 40550000	18
chr8	 40200000	 37950000	45
chr8	 42000000	 42850000	17
chr8	 47200000	 43950000	65
chr8	 49700000	 47700000	40
chr8	 50400000	 49350000	21
chr8	 53650000	 54150000	10
chr8	 54800000	 54250000	11
chr8	 57550000	 58850000	26
chr8	 60350000	 61400000	21
chr8	 64100000	 64600000	10
chr8	 66350000	 67650000	26
chr8	 69150000	 69700000	11
chr8	 72650000	 71700000	19
chr8	 76750000	 76100000	13
chr8	 78300000	 77300000	20
chr8	 81350000	 80000000	27
chr8	 89600000	 90400000	16
chr8	 90000000	 89800000	4
chr8	 91550000	 90250000	26
chr8	 93050000	 93350000	6
chr8	 98650000	 98100000	11
chr8	100200000	 99100000	22
chr8	101650000	100650000	20
chr8	108500000	108800000	6
chr8	111650000	110550000	22
chr8	112400000	113500000	22
chr8	114750000	114250000	10
chr8	114850000	113250000	32
chr8	115750000	116450000	14
chr8	118700000	119400000	14
chr8	119350000	117800000	31
chr8	121100000	121400000	6
chr8	125350000	123850000	30
chr8	126600000	127150000	11
chr8	128200000	126750000	29
chr9	  2950000	  1150000	36
chr9	  3200000	  4000000	16
chr9	  4100000	  5400000	26
chr9	  4850000	  4100000	15
chr9	 11100000	 12400000	26
chr9	 12200000	 10900000	26
chr9	 13050000	 15100000	41
chr9	 13650000	 14400000	15
chr9	 16400000	 15400000	20
chr9	 18450000	 20050000	32
chr9	 18750000	 17800000	19
chr9	 19400000	 21150000	35
chr9	 21450000	 20250000	24
chr9	 25250000	 24750000	10
chr9	 26000000	 26650000	13
chr9	 26550000	 29350000	56
chr9	 28900000	 30450000	31
chr9	 28950000	 27400000	31
chr9	 31450000	 32150000	14
chr9	 32100000	 33550000	29
chr9	 35400000	 33950000	29
chr9	 38350000	 39250000	18
chr9	 38450000	 39850000	28
chr9	 39850000	 38800000	21
chr9	 42850000	 43350000	10
chr9	 43800000	 42100000	34
chr9	 43800000	 43400000	8
chr9	 48150000	 47900000	5
chr9	 48400000	 47800000	12
chr9	 49150000	 47250000	38
chr9	 50300000	 51250000	19
chr9	 57900000	 57200000	14
chr9	 59300000	 62850000	71
chr9	 65000000	 66500000	30
chr9	 69100000	 70100000	20
chr9	 70050000	 69350000	14
chr9	 70250000	 67850000	48
chr9	 71350000	 73650000	46
chr9	 71450000	 72200000	15
chr9	 71550000	 68350000	64
chr9	 73200000	 72600000	12
chr9	 75450000	 76850000	28
chr9	 76200000	 77300000	22
chr9	 76850000	 74800000	41
chr9	 85650000	 85100000	11
chr9	 94550000	 92650000	38
chr9	 96000000	 95000000	20
chr9	100250000	100600000	7
chr9	103000000	103400000	8
chr9	103550000	103050000	10
chr9	108200000	108350000	3
chr9	113650000	114100000	9
chr9	115000000	112300000	54
chr9	117500000	118200000	14
chr9	119750000	120550000	16
chr9	121650000	121000000	13
chr9	123850000	123100000	15
chrX	  3800000	  3000000	16
chrX	  5000000	  9550000	91
chrX	  6100000	  6700000	12
chrX	  7800000	  6800000	20
chrX	 10700000	 12700000	40
chrX	 19800000	 20500000	14
chrX	 20100000	 19450000	13
chrX	 20200000	 21900000	34
chrX	 21850000	 23550000	34
chrX	 25000000	 24100000	18
chrX	 25250000	 24100000	23
chrX	 28200000	 27450000	15
chrX	 28550000	 28100000	9
chrX	 29200000	 28550000	13
chrX	 29800000	 29250000	11
chrX	 34250000	 33250000	20
chrX	 36250000	 35050000	24
chrX	 38050000	 39800000	35
chrX	 45250000	 46350000	22
chrX	 45350000	 46650000	26
chrX	 45850000	 46300000	9
chrX	 49100000	 49850000	15
chrX	 50700000	 49250000	29
chrX	 53100000	 51950000	23
chrX	 53100000	 53550000	9
chrX	 53450000	 54000000	11
chrX	 54300000	 54750000	9
chrX	 55450000	 56600000	23
chrX	 57450000	 58750000	26
chrX	 59150000	 58600000	11
chrX	 59800000	 58850000	19
chrX	 60050000	 59450000	12
chrX	 61600000	 60600000	20
chrX	 62350000	 63450000	22
chrX	 62900000	 64050000	23
chrX	 63000000	 64150000	23
chrX	 63450000	 62750000	14
chrX	 63600000	 62100000	30
chrX	 65450000	 64750000	14
chrX	 68150000	 69600000	29
chrX	 71850000	 72700000	17
chrX	 73350000	 74050000	14
chrX	 77300000	 75100000	44
chrX	 77450000	 78150000	14
chrX	 84350000	 83900000	9
chrX	 85550000	 86450000	18
chrX	 87850000	 86700000	23
chrX	 89300000	 88050000	25
chrX	 91550000	 89400000	43
chrX	 91850000	 91000000	17
chrX	 92600000	 93600000	20
chrX	 94050000	 95250000	24
chrX	 97700000	 96350000	27
chrX	 98150000	 97600000	11
chrX	103900000	104800000	18
chrX	106900000	107500000	12
chrX	107550000	107150000	8
chrX	110450000	111250000	16
chrX	112000000	111200000	16
chrX	117950000	117300000	13
chrX	118100000	119000000	18
chrX	118200000	117450000	15
chrX	121500000	122650000	23
chrX	125150000	125550000	8
chrX	132850000	131650000	24
chrX	133200000	132400000	16
chrX	133250000	133900000	13
chrX	134050000	134600000	11
chrX	135100000	136350000	25
chrX	135850000	138400000	51
chrX	136900000	137850000	19
chrX	137450000	135500000	39
chrX	138300000	140700000	48
chrX	138800000	137700000	22
chrX	139650000	138850000	16
chrX	141800000	142950000	23
chrX	142500000	143150000	13
chrX	156550000	155400000	23
chrX	159050000	157800000	25
chrX	167450000	165900000	31
chrX	169250000	168250000	20
chrY	  1400000	   250000	23
chrY	  1850000	  1300000	11
chrY	  2500000	  1550000	19
chrY	  5000000	  6900000	38
chrY	 12050000	 10550000	30
chrY	 13150000	 11800000	27
chrY	 13300000	 14050000	15
chrY	 13500000	 11900000	32
chrY	 14550000	 13550000	20
chrY	 16400000	 18000000	32
chrY	 20200000	 19800000	8
chrY	 20550000	 20050000	10
chrY	 21600000	 20100000	30
chrY	 23350000	 25000000	33
chrY	 25350000	 24650000	14
chrY	 25800000	 26200000	8
chrY	 29050000	 27050000	40
chrY	 32400000	 30550000	37
chrY	 32400000	 31850000	11
chrY	 32850000	 31900000	19
chrY	 33900000	 32650000	25
chrY	 35550000	 36650000	22
chrY	 38150000	 37200000	19
chrY	 39350000	 38300000	21
chrY	 40500000	 41600000	22
chrY	 45250000	 44100000	23
chrY	 48000000	 49400000	28
chrY	 48100000	 47350000	15
chrY	 48850000	 49900000	21
chrY	 49750000	 48700000	21
chrY	 51150000	 52100000	19
chrY	 51850000	 51350000	10
chrY	 51950000	 50600000	27
chrY	 54750000	 53900000	17
chrY	 55100000	 55800000	14
chrY	 59350000	 57800000	31
chrY	 62350000	 62000000	7
chrY	 65350000	 66500000	23
chrY	 65700000	 65000000	14
chrY	 66700000	 68250000	31
chrY	 67150000	 65250000	38
chrY	 67900000	 69150000	25
chrY	 72650000	 72200000	9
chrY	 74050000	 76150000	42
chrY	 79350000	 80550000	24
chrY	 79600000	 80400000	16
chrY	 82300000	 83350000	21
chrY	 82300000	 84100000	36
chrY	 84400000	 85200000	16
chrY	 86400000	 87400000	20
chrY	 87600000	 88050000	9
