chr1	  2100000	   900000	24
chr1	  8050000	  8850000	16
chr1	  9900000	  7800000	42
chr1	 11450000	 10550000	18
chr1	 20800000	 18350000	49
chr1	 21350000	 22050000	14
chr1	 23350000	 22300000	21
chr1	 24650000	 26450000	36
chr1	 24800000	 23400000	28
chr1	 34750000	 33650000	22
chr1	 35750000	 37300000	31
chr1	 37650000	 36900000	15
chr1	 39900000	 38950000	19
chr1	 40250000	 40950000	14
chr1	 40450000	 41550000	22
chr1	 41300000	 40500000	16
chr1	 43450000	 44000000	11
chr1	 43950000	 44750000	16
chr1	 44650000	 45500000	17
chr1	 44850000	 45400000	11
chr1	 45750000	 49250000	70
chr1	 49100000	 47850000	25
chr1	 51550000	 48800000	55
chr1	 58500000	 57050000	29
chr1	 59950000	 60650000	14
chr1	 61150000	 58900000	45
chr1	 61650000	 63250000	32
chr1	 62150000	 60250000	38
chr1	 62950000	 63950000	20
chr1	 63600000	 63950000	7
chr1	 63650000	 64500000	17
chr1	 65900000	 65250000	13
chr1	 66700000	 67700000	20
chr1	 67200000	 69000000	36
chr1	 67250000	 68750000	30
chr1	 68550000	 67500000	21
chr1	 68700000	 67800000	18
chr1	 69650000	 70900000	25
chr1	 69900000	 69050000	17
chr1	 71150000	 69950000	24
chr1	 71300000	 72500000	24
chr1	 72300000	 70400000	38
chr1	 75300000	 74800000	10
chr1	 77050000	 78800000	35
chr1	 78550000	 77250000	26
chr1	 79900000	 78550000	27
chr1	 81800000	 82050000	5
chr1	 86650000	 91200000	91
chr1	 87950000	 88400000	9
chr1	 90100000	 89250000	17
chr1	 90350000	 91100000	15
chr1	 93150000	 93550000	8
chr1	 94650000	 93500000	23
chr1	 96200000	 97450000	25
chr1	100000000	100600000	12
chr1	101750000	100450000	26
chr1	102550000	103200000	13
chr1	109550000	111350000	36
chr1	109950000	112250000	46
chr1	118650000	120300000	33
chr1	119550000	120550000	20
chr1	120150000	119800000	7
chr1	120650000	121500000	17
chr1	121500000	123250000	35
chr1	122050000	122750000	14
chr1	125450000	126300000	17
chr1	127000000	128400000	28
chr1	127300000	125900000	28
chr1	129450000	128550000	18
chr1	129850000	128750000	22
chr1	130150000	128800000	27
chr1	130400000	129800000	12
chr1	130650000	129350000	26
chr1	132850000	134150000	26
chr1	134300000	133900000	8
chr1	139550000	140750000	24
chr1	140650000	140150000	10
chr1	142150000	143250000	22
chr1	142500000	143150000	13
chr1	143150000	142900000	5
chr1	143500000	144150000	13
chr1	145250000	146350000	22
chr1	152050000	150400000	33
chr1	153100000	151950000	23
chr1	153350000	152150000	24
chr1	153950000	152850000	22
chr1	154100000	155400000	26
chr1	155250000	156500000	25
chr1	163650000	164450000	16
chr1	165800000	167250000	29
chr1	171400000	169400000	40
chr1	172400000	173350000	19
chr1	173850000	174800000	19
chr1	174100000	172300000	36
chr1	176500000	175450000	21
chr1	177550000	178350000	16
chr1	178250000	179850000	32
chr1	178950000	179450000	10
chr1	181900000	181600000	6
chr1	183300000	181700000	32
chr1	184950000	184400000	11
chr1	188450000	187550000	18
chr1	192550000	191950000	12
chr10	  1400000	  2000000	12
chr10	  4400000	  3850000	11
chr10	  8600000	  7100000	30
chr10	  8650000	  9250000	12
chr10	 12500000	 11850000	13
chr10	 13550000	 14550000	20
chr10	 13900000	 16200000	46
chr10	 14550000	 16000000	29
chr10	 17850000	 14950000	58
chr10	 20050000	 21050000	20
chr10	 22700000	 23250000	11
chr10	 26300000	 26950000	13
chr10	 27700000	 27950000	5
chr10	 28500000	 26950000	31
chr10	 32800000	 31400000	28
chr10	 33300000	 32200000	22
chr10	 34750000	 37250000	50
chr10	 37200000	 36300000	18
chr10	 47500000	 48950000	29
chr10	 48900000	 49500000	12
chr10	 49550000	 48650000	18
chr10	 49550000	 50050000	10
chr10	 50950000	 50500000	9
chr10	 51550000	 50900000	13
chr10	 53000000	 51950000	21
chr10	 53850000	 52450000	28
chr10	 55550000	 54450000	22
chr10	 57100000	 56250000	17
chr10	 62500000	 61600000	18
chr10	 64400000	 63750000	13
chr10	 65600000	 63750000	37
chr10	 66050000	 65200000	17
chr10	 66100000	 66450000	7
chr10	 66350000	 65600000	15
chr10	 66400000	 68450000	41
chr10	 73000000	 74900000	38
chr10	 75300000	 76950000	33
chr10	 77050000	 75950000	22
chr10	 79200000	 80050000	17
chr10	 80050000	 79650000	8
chr10	 80550000	 79500000	21
chr10	 83500000	 85300000	36
chr10	 85250000	 86300000	21
chr10	 85700000	 86350000	13
chr10	 87650000	 86950000	14
chr10	 90750000	 91950000	24
chr10	 93050000	 92300000	15
chr10	 94200000	 92900000	26
chr10	101900000	101000000	18
chr10	102300000	103050000	15
chr10	107100000	107550000	9
chr10	110700000	111300000	12
chr10	113850000	114450000	12
chr10	114800000	113400000	28
chr10	116900000	117300000	8
chr10	116900000	118400000	30
chr10	119950000	119300000	13
chr10	125600000	124500000	22
chr10	126150000	126700000	11
chr10	126800000	125850000	19
chr10	126850000	125950000	18
chr10	128050000	127650000	8
chr11	   700000	  1200000	10
chr11	  1800000	  2650000	17
chr11	  3800000	  1100000	54
chr11	  4250000	  3900000	7
chr11	  4400000	  2650000	35
chr11	  5450000	  3950000	30
chr11	  6850000	  5800000	21
chr11	  8300000	  8850000	11
chr11	  9600000	  8900000	14
chr11	 10800000	 10600000	4
chr11	 12300000	 14450000	43
chr11	 14300000	 12800000	30
chr11	 16150000	 16700000	11
chr11	 29800000	 29600000	4
chr11	 30650000	 31150000	10
chr11	 31400000	 32300000	18
chr11	 33900000	 34650000	15
chr11	 34850000	 35700000	17
chr11	 38400000	 38850000	9
chr11	 39450000	 38150000	26
chr11	 40100000	 41350000	25
chr11	 41900000	 43750000	37
chr11	 43600000	 43600000	0
chr11	 44600000	 43950000	13
chr11	 44950000	 45750000	16
chr11	 45950000	 46500000	11
chr11	 46000000	 47200000	24
chr11	 48950000	 49600000	13
chr11	 55850000	 58350000	50
chr11	 56050000	 53450000	52
chr11	 60450000	 58800000	33
chr11	 66100000	 64400000	34
chr11	 67500000	 69300000	36
chr11	 67550000	 65350000	44
chr11	 67550000	 69600000	41
chr11	 68100000	 66700000	28
chr11	 68350000	 67300000	21
chr11	 69500000	 67600000	38
chr11	 70250000	 71400000	23
chr11	 70500000	 70150000	7
chr11	 75650000	 77450000	36
chr11	 76150000	 77600000	29
chr11	 78400000	 79850000	29
chr11	 79550000	 78600000	19
chr11	 80500000	 79600000	18
chr11	 85950000	 86650000	14
chr11	 88200000	 89350000	23
chr11	 88400000	 87750000	13
chr11	 89600000	 88000000	32
chr11	 89650000	 90350000	14
chr11	 89900000	 90300000	8
chr11	 91050000	 90100000	19
chr11	 91650000	 92250000	12
chr11	 95300000	 96250000	19
chr11	 96800000	 97300000	10
chr11	 97800000	 96750000	21
chr11	 98150000	 98800000	13
chr11	100850000	 99500000	27
chr11	102300000	103800000	30
chr11	103450000	102150000	26
chr11	104400000	105100000	14
chr11	106400000	104300000	42
chr11	106850000	105650000	24
chr11	106900000	108800000	38
chr11	107550000	108300000	15
chr11	108600000	109150000	11
chr11	109650000	108900000	15
chr11	111250000	111550000	6
chr11	111700000	109900000	36
chr11	113650000	114800000	23
chr11	114050000	115050000	20
chr11	115750000	117700000	39
chr11	116400000	115200000	24
chr11	118100000	119050000	19
chr11	119900000	118200000	34
chr11	120650000	121650000	20
chr11	120750000	118650000	42
chr11	121400000	121850000	9
chr12	  2800000	  3200000	8
chr12	  3800000	  4950000	23
chr12	  6200000	  5900000	6
chr12	 10700000	 10200000	10
chr12	 11250000	 12750000	30
chr12	 13800000	 14850000	21
chr12	 13850000	 14350000	10
chr12	 17950000	 19150000	24
chr12	 29150000	 27700000	29
chr12	 31000000	 29650000	27
chr12	 33300000	 34650000	27
chr12	 33500000	 33050000	9
chr12	 34650000	 33700000	19
chr12	 35500000	 36250000	15
chr12	 37000000	 39500000	50
chr12	 46400000	 46150000	5
chr12	 47700000	 49150000	29
chr12	 48500000	 50150000	33
chr12	 50400000	 47900000	50
chr12	 51550000	 53650000	42
chr12	 53250000	 51600000	33
chr12	 53900000	 54750000	17
chr12	 56650000	 57200000	11
chr12	 57000000	 58000000	20
chr12	 58750000	 59300000	11
chr12	 64200000	 62550000	33
chr12	 71000000	 69400000	32
chr12	 72900000	 72350000	11
chr12	 73150000	 74700000	31
chr12	 76200000	 72550000	73
chr12	 76600000	 76900000	6
chr12	 76800000	 78200000	28
chr12	 76950000	 78350000	28
chr12	 78700000	 78150000	11
chr12	 79050000	 79650000	12
chr12	 79600000	 79950000	7
chr12	 82150000	 81200000	19
chr12	 85750000	 85000000	15
chr12	 88450000	 90300000	37
chr12	 89300000	 90550000	25
chr12	 94700000	 93300000	28
chr12	 99150000	 99550000	8
chr12	 99400000	 97900000	30
chr12	101150000	102850000	34
chr12	105700000	107700000	40
chr12	106200000	104450000	35
chr12	106500000	105650000	17
chr12	107900000	108200000	6
chr12	109850000	110200000	7
chr12	110100000	107300000	56
chr12	111300000	109900000	28
chr12	112150000	111200000	19
chr12	114200000	112950000	25
chr12	117800000	117800000	0
chr12	117900000	116900000	20
chr12	119500000	120050000	11
chr13	   750000	  1300000	11
chr13	  1900000	  2900000	20
chr13	  3250000	  1100000	43
chr13	  4050000	  4600000	11
chr13	  7000000	  5850000	23
chr13	  8450000	  9200000	15
chr13	  8600000	  9400000	16
chr13	  8800000	  6900000	38
chr13	 10250000	 12450000	44
chr13	 11650000	 15500000	77
chr13	 22800000	 21450000	27
chr13	 23550000	 22400000	23
chr13	 24700000	 25800000	22
chr13	 29450000	 29050000	8
chr13	 30550000	 29350000	24
chr13	 32350000	 30500000	37
chr13	 33650000	 32650000	20
chr13	 34400000	 38100000	74
chr13	 35000000	 34200000	16
chr13	 35950000	 35750000	4
chr13	 36350000	 35450000	18
chr13	 36750000	 35800000	19
chr13	 38550000	 40100000	31
chr13	 39550000	 42500000	59
chr13	 40550000	 41400000	17
chr13	 42650000	 42850000	4
chr13	 43100000	 43450000	7
chr13	 43400000	 40100000	66
chr13	 48700000	 47400000	26
chr13	 57500000	 56400000	22
chr13	 57500000	 56650000	17
chr13	 61200000	 59500000	34
chr13	 63750000	 62900000	17
chr13	 66850000	 69450000	52
chr13	 67400000	 67900000	10
chr13	 69350000	 68700000	13
chr13	 69650000	 70700000	21
chr13	 69750000	 68100000	33
chr13	 74600000	 76500000	38
chr13	 74650000	 75350000	14
chr13	 74800000	 75800000	20
chr13	 75750000	 73850000	38
chr13	 77450000	 80600000	63
chr13	 78500000	 79350000	17
chr13	 78850000	 79600000	15
chr13	 81200000	 80100000	22
chr13	 82150000	 81000000	23
chr13	 83050000	 81950000	22
chr13	 83100000	 82800000	6
chr13	 86850000	 87300000	9
chr13	 87750000	 86000000	35
chr13	 91600000	 89850000	35
chr13	 92150000	 91650000	10
chr13	 92200000	 91700000	10
chr13	 96650000	 98300000	33
chr13	 97200000	 98450000	25
chr13	 99000000	 98400000	12
chr13	101150000	101500000	7
chr13	101300000	100050000	25
chr13	101850000	104250000	48
chr13	103850000	103350000	10
chr13	106450000	104150000	46
chr13	110700000	112650000	39
chr13	113200000	116450000	65
chr13	114300000	113200000	22
chr13	114800000	116800000	40
chr13	116350000	115200000	23
chr13	116700000	116050000	13
chr13	116800000	118350000	31
chr13	116950000	115900000	21
chr13	117200000	116600000	12
chr14	  1700000	  1000000	14
chr14	  1950000	   850000	22
chr14	  5350000	  3750000	32
chr14	  5800000	  3850000	39
chr14	  5950000	  5600000	7
chr14	  9450000	 10450000	20
chr14	 10550000	 12650000	42
chr14	 10800000	 11300000	10
chr14	 11400000	 10000000	28
chr14	 12100000	 13300000	24
chr14	 12300000	 13600000	26
chr14	 14350000	 12650000	34
chr14	 15700000	 14400000	26
chr14	 17600000	 16650000	19
chr14	 18300000	 16850000	29
chr14	 22600000	 23350000	15
chr14	 26900000	 25800000	22
chr14	 27350000	 28250000	18
chr14	 29450000	 28200000	25
chr14	 32150000	 35100000	59
chr14	 33350000	 32200000	23
chr14	 36500000	 35300000	24
chr14	 38300000	 38900000	12
chr14	 39100000	 38850000	5
chr14	 40350000	 41050000	14
chr14	 40650000	 41300000	13
chr14	 43150000	 42500000	13
chr14	 46850000	 45550000	26
chr14	 49650000	 51400000	35
chr14	 51750000	 52750000	20
chr14	 54550000	 55650000	22
chr14	 55050000	 54250000	16
chr14	 55800000	 58150000	47
chr14	 58350000	 61350000	60
chr14	 61150000	 61750000	12
chr14	 67000000	 66500000	10
chr14	 73200000	 72800000	8
chr14	 73350000	 73700000	7
chr14	 74350000	 73500000	17
chr14	 76200000	 77400000	24
chr14	 78800000	 79700000	18
chr14	 81550000	 80650000	18
chr14	 85150000	 86000000	17
chr14	 87500000	 88350000	17
chr14	 87550000	 89400000	37
chr14	 87650000	 88150000	10
chr14	 90500000	 88500000	40
chr14	 90650000	 91300000	13
chr14	 95350000	 94150000	24
chr14	 96750000	 99600000	57
chr14	 97150000	 96050000	22
chr14	 98600000	 99700000	22
chr14	 99550000	 96200000	67
chr14	 99750000	100800000	21
chr14	100150000	102100000	39
chr14	100350000	 99450000	18
chr14	106550000	105750000	16
chr14	106800000	106350000	9
chr14	111700000	110850000	17
chr14	114050000	113600000	9
chr14	116650000	117200000	11
chr14	116700000	115500000	24
chr14	117800000	115500000	46
chr14	118800000	118350000	9
chr14	119000000	120000000	20
chr14	120350000	121050000	14
chr14	121900000	122950000	21
chr14	122400000	123800000	28
chr14	122650000	123750000	22
chr14	122950000	121700000	25
chr14	123700000	123700000	0
chr15	  2850000	  3400000	11
chr15	  2950000	  4800000	37
chr15	  4950000	  1950000	60
chr15	  5900000	  5250000	13
chr15	  6500000	  6000000	10
chr15	  6700000	  6000000	14
chr15	 11800000	 10750000	21
chr15	 12000000	 11350000	13
chr15	 12600000	 13300000	14
chr15	 16400000	 15500000	18
chr15	 17300000	 15800000	30
chr15	 18550000	 15200000	67
chr15	 18600000	 19150000	11
chr15	 24400000	 22750000	33
chr15	 24900000	 24900000	0
chr15	 27900000	 28350000	9
chr15	 29650000	 28400000	25
chr15	 31200000	 32550000	27
chr15	 31900000	 31300000	12
chr15	 38100000	 36200000	38
chr15	 41400000	 42000000	12
chr15	 41450000	 43900000	49
chr15	 43950000	 45300000	27
chr15	 45300000	 45900000	12
chr15	 50850000	 52000000	23
chr15	 52650000	 53550000	18
chr15	 54800000	 55850000	21
chr15	 55450000	 54950000	10
chr15	 61800000	 63100000	26
chr15	 63400000	 64250000	17
chr15	 64400000	 63050000	27
chr15	 69550000	 68750000	16
chr15	 74300000	 71550000	55
chr15	 75600000	 76100000	10
chr15	 76450000	 77900000	29
chr15	 78000000	 76700000	26
chr15	 78100000	 77200000	18
chr15	 80050000	 80850000	16
chr15	 84200000	 85950000	35
chr15	 86450000	 85750000	14
chr15	 89250000	 90050000	16
chr15	 89300000	 90650000	27
chr15	 91000000	 94250000	65
chr15	 91650000	 92500000	17
chr15	 92000000	 93750000	35
chr15	 92400000	 92700000	6
chr15	 93500000	 94400000	18
chr15	 93650000	 93250000	8
chr15	 96750000	 95600000	23
chr15	102150000	102900000	15
chr15	103900000	103350000	11
chr16	  2950000	  1850000	22
chr16	  3650000	  5200000	31
chr16	  3750000	  2750000	20
chr16	  3900000	  3300000	12
chr16	  9300000	  8300000	20
chr16	 11550000	 12350000	16
chr16	 13500000	 12500000	20
chr16	 14700000	 15300000	12
chr16	 14800000	 14200000	12
chr16	 15050000	 15850000	16
chr16	 15750000	 14900000	17
chr16	 18100000	 17250000	17
chr16	 20000000	 19600000	8
chr16	 21100000	 22250000	23
chr16	 21900000	 21300000	12
chr16	 22900000	 20900000	40
chr16	 24650000	 24650000	0
chr16	 25000000	 22800000	44
chr16	 25100000	 29000000	78
chr16	 27250000	 24750000	50
chr16	 28050000	 25850000	44
chr16	 30800000	 31400000	12
chr16	 36100000	 34400000	34
chr16	 38700000	 37800000	18
chr16	 42000000	 38900000	62
chr16	 42050000	 41650000	8
chr16	 43350000	 44650000	26
chr16	 43600000	 44200000	12
chr16	 48850000	 49550000	14
chr16	 49900000	 50200000	6
chr16	 56000000	 54900000	22
chr16	 56700000	 57400000	14
chr16	 60350000	 59550000	16
chr16	 60400000	 61100000	14
chr16	 62250000	 63400000	23
chr16	 63300000	 63650000	7
chr16	 64650000	 66050000	28
chr16	 65900000	 67000000	22
chr16	 67950000	 68850000	18
chr16	 68800000	 67100000	34
chr16	 73600000	 76800000	64
chr16	 74150000	 75800000	33
chr16	 74600000	 74050000	11
chr16	 74950000	 74200000	15
chr16	 77700000	 78600000	18
chr16	 79250000	 80850000	32
chr16	 80300000	 81850000	31
chr16	 81300000	 82350000	21
chr16	 81650000	 81300000	7
chr16	 86150000	 84950000	24
chr16	 86250000	 85650000	12
chr16	 87200000	 86000000	24
chr16	 91350000	 89750000	32
chr16	 91500000	 90750000	15
chr16	 93200000	 92500000	14
chr16	 93650000	 92950000	14
chr17	  3350000	  2900000	9
chr17	  5950000	  9450000	70
chr17	  9250000	  9650000	8
chr17	  9500000	 10300000	16
chr17	 17800000	 19000000	24
chr17	 19000000	 19400000	8
chr17	 22900000	 22400000	10
chr17	 23750000	 23750000	0
chr17	 24400000	 24250000	3
chr17	 30450000	 30750000	6
chr17	 34500000	 33150000	27
chr17	 35400000	 36300000	18
chr17	 35800000	 34500000	26
chr17	 36100000	 35350000	15
chr17	 36450000	 36900000	9
chr17	 36850000	 35050000	36
chr17	 37150000	 38850000	34
chr17	 38200000	 37500000	14
chr17	 41800000	 41300000	10
chr17	 41800000	 42450000	13
chr17	 43850000	 41600000	45
chr17	 43900000	 45450000	31
chr17	 45000000	 44150000	17
chr17	 47900000	 47200000	14
chr17	 56450000	 57550000	22
chr17	 57200000	 55250000	39
chr17	 59400000	 60850000	29
chr17	 60650000	 61350000	14
chr17	 61350000	 62750000	28
chr17	 62550000	 61900000	13
chr17	 62800000	 63250000	9
chr17	 64900000	 65750000	17
chr17	 66000000	 65250000	15
chr17	 67050000	 68600000	31
chr17	 68200000	 69100000	18
chr17	 68450000	 69250000	16
chr17	 70200000	 71250000	21
chr17	 73050000	 72050000	20
chr17	 74100000	 73300000	16
chr17	 74500000	 73550000	19
chr17	 75100000	 73300000	36
chr17	 76000000	 80600000	92
chr17	 76550000	 77200000	13
chr17	 77500000	 77000000	10
chr17	 78000000	 78850000	17
chr17	 83450000	 85100000	33
chr17	 83800000	 85450000	33
chr17	 84950000	 85850000	18
chr17	 85000000	 85700000	14
chr17	 85250000	 83200000	41
chr17	 88500000	 89400000	18
chr17	 90250000	 91000000	15
chr18	  2100000	   450000	33
chr18	  3950000	  2100000	37
chr18	  5800000	  4650000	23
chr18	  8350000	 10300000	39
chr18	 11600000	 12600000	20
chr18	 13300000	 14150000	17
chr18	 16400000	 17050000	13
chr18	 17300000	 16600000	14
chr18	 19000000	 18550000	9
chr18	 20050000	 17800000	45
chr18	 20850000	 20550000	6
chr18	 21650000	 22150000	10
chr18	 23450000	 23050000	8
chr18	 28800000	 28350000	9
chr18	 29350000	 28550000	16
chr18	 29700000	 30550000	17
chr18	 31500000	 32200000	14
chr18	 31900000	 30500000	28
chr18	 32500000	 31350000	23
chr18	 34150000	 35550000	28
chr18	 35350000	 34550000	16
chr18	 35550000	 36150000	12
chr18	 43250000	 44300000	21
chr18	 44300000	 43150000	23
chr18	 46050000	 44050000	40
chr18	 47000000	 46350000	13
chr18	 47050000	 48800000	35
chr18	 47350000	 49300000	39
chr18	 47600000	 48950000	27
chr18	 56550000	 57650000	22
chr18	 58300000	 59850000	31
chr18	 58550000	 59450000	18
chr18	 60450000	 59850000	12
chr18	 60850000	 62050000	24
chr18	 61200000	 61600000	8
chr18	 64300000	 64650000	7
chr18	 66750000	 68050000	26
chr18	 68350000	 69200000	17
chr18	 70500000	 69900000	12
chr18	 72100000	 71150000	19
chr18	 72900000	 73650000	15
chr18	 74650000	 72850000	36
chr18	 74650000	 76300000	33
chr18	 74750000	 72700000	41
chr18	 76000000	 74850000	23
chr18	 76100000	 75100000	20
chr18	 78700000	 77800000	18
chr18	 78850000	 80150000	26
chr18	 85100000	 85550000	9
chr18	 86900000	 86500000	8
chr19	  4100000	  3300000	16
chr19	  7300000	  8900000	32
chr19	  9650000	 10650000	20
chr19	 10450000	 11150000	14
chr19	 11450000	 10600000	17
chr19	 12350000	 10600000	35
chr19	 12900000	 11900000	20
chr19	 13000000	 10900000	42
chr19	 15150000	 16200000	21
chr19	 15400000	 16050000	13
chr19	 15450000	 13550000	38
chr19	 16150000	 17300000	23
chr19	 17200000	 15750000	29
chr19	 18550000	 17650000	18
chr19	 21300000	 21850000	11
chr19	 25400000	 26050000	13
chr19	 28400000	 29200000	16
chr19	 29550000	 28750000	16
chr19	 31400000	 30350000	21
chr19	 32300000	 33800000	30
chr19	 40100000	 39250000	17
chr19	 41750000	 40000000	35
chr19	 41800000	 44050000	45
chr19	 46950000	 47450000	10
chr19	 47350000	 44750000	52
chr19	 49050000	 50100000	21
chr19	 51000000	 48900000	42
chr19	 51350000	 50650000	14
chr19	 53900000	 51700000	44
chr19	 57450000	 58000000	11
chr19	 59600000	 61250000	33
chr19	 60150000	 60950000	16
chr19	 60200000	 60700000	10
chr19	 60850000	 61350000	10
chr2	  1450000	   950000	10
chr2	  3150000	  1850000	26
chr2	  6150000	  8000000	37
chr2	  6850000	  5550000	26
chr2	  8400000	  8050000	7
chr2	  9750000	  8500000	25
chr2	 11800000	 10650000	23
chr2	 16300000	 17100000	16
chr2	 18550000	 17100000	29
chr2	 20950000	 22850000	38
chr2	 21250000	 20600000	13
chr2	 21650000	 19950000	34
chr2	 22550000	 21500000	21
chr2	 26900000	 25550000	27
chr2	 36150000	 37350000	24
chr2	 36500000	 36900000	8
chr2	 44000000	 43300000	14
chr2	 45000000	 45700000	14
chr2	 45900000	 46100000	4
chr2	 46900000	 44900000	40
chr2	 47600000	 49400000	36
chr2	 49800000	 50900000	22
chr2	 49850000	 48850000	20
chr2	 53700000	 53250000	9
chr2	 57000000	 55800000	24
chr2	 57700000	 58500000	16
chr2	 58350000	 57750000	12
chr2	 59750000	 60450000	14
chr2	 59750000	 62100000	47
chr2	 68100000	 70500000	48
chr2	 69650000	 71150000	30
chr2	 71250000	 71650000	8
chr2	 78300000	 75500000	56
chr2	 79500000	 79100000	8
chr2	 84400000	 85400000	20
chr2	 85700000	 85250000	9
chr2	 86600000	 87500000	18
chr2	 86700000	 85000000	34
chr2	 87350000	 85300000	41
chr2	 89400000	 88150000	25
chr2	 92250000	 93450000	24
chr2	 94100000	 93150000	19
chr2	 95250000	 94500000	15
chr2	 95400000	 94850000	11
chr2	 95900000	 96350000	9
chr2	 99900000	 97900000	40
chr2	100250000	101600000	27
chr2	104300000	105250000	19
chr2	106150000	107150000	20
chr2	107250000	106950000	6
chr2	107900000	109250000	27
chr2	110700000	111450000	15
chr2	111350000	109350000	40
chr2	112950000	113550000	12
chr2	115450000	114600000	17
chr2	115750000	116300000	11
chr2	116150000	117000000	17
chr2	116650000	117950000	26
chr2	121250000	120000000	25
chr2	121650000	121000000	13
chr2	121950000	121450000	10
chr2	123800000	121650000	43
chr2	126950000	127850000	18
chr2	127650000	129200000	31
chr2	128250000	127100000	23
chr2	129150000	130200000	21
chr2	131900000	132000000	2
chr2	132250000	130100000	43
chr2	133700000	132100000	32
chr2	135100000	137600000	50
chr2	135500000	133850000	33
chr2	136800000	137350000	11
chr2	137200000	135900000	26
chr2	139950000	140950000	20
chr2	140250000	139500000	15
chr2	142100000	143100000	20
chr2	143950000	145800000	37
chr2	144100000	142900000	24
chr2	144800000	144500000	6
chr2	146900000	145700000	24
chr2	153750000	155550000	36
chr2	156200000	155050000	23
chr2	156200000	155900000	6
chr2	157050000	155800000	25
chr2	158650000	156950000	34
chr2	159600000	160350000	15
chr2	159950000	162250000	46
chr2	161300000	162450000	23
chr2	161900000	164050000	43
chr2	162500000	161250000	25
chr2	165600000	164350000	25
chr2	166050000	166900000	17
chr2	168400000	169650000	25
chr2	170150000	171100000	19
chr2	170250000	172100000	37
chr2	172600000	174850000	45
chr2	173850000	176250000	48
chr2	174650000	175900000	25
chr2	175100000	172800000	46
chr2	175500000	174900000	12
chr2	179750000	181700000	39
chr2	180250000	178650000	32
chr2	180300000	181700000	28
chr2	181100000	178750000	47
chr2	181250000	180100000	23
chr3	  1400000	   150000	25
chr3	  4900000	  5300000	8
chr3	  5350000	  6550000	24
chr3	 17150000	 16750000	8
chr3	 17300000	 15700000	32
chr3	 18350000	 17050000	26
chr3	 19800000	 20750000	19
chr3	 22100000	 20700000	28
chr3	 29200000	 26250000	59
chr3	 30500000	 29350000	23
chr3	 30900000	 30050000	17
chr3	 32350000	 33000000	13
chr3	 33550000	 34800000	25
chr3	 33550000	 35100000	31
chr3	 33600000	 34500000	18
chr3	 48000000	 47250000	15
chr3	 54850000	 54000000	17
chr3	 55750000	 54300000	29
chr3	 59600000	 58650000	19
chr3	 60200000	 59350000	17
chr3	 60750000	 62550000	36
chr3	 64550000	 62500000	41
chr3	 65350000	 66150000	16
chr3	 66650000	 68850000	44
chr3	 67650000	 66150000	30
chr3	 67800000	 67350000	9
chr3	 67850000	 69400000	31
chr3	 68350000	 69050000	14
chr3	 70700000	 72200000	30
chr3	 71400000	 71900000	10
chr3	 74100000	 73000000	22
chr3	 74500000	 75650000	23
chr3	 74700000	 74000000	14
chr3	 76800000	 77050000	5
chr3	 77900000	 78250000	7
chr3	 78500000	 79650000	23
chr3	 79550000	 78900000	13
chr3	 79600000	 81700000	42
chr3	 80550000	 82500000	39
chr3	 82500000	 81950000	11
chr3	 83000000	 83700000	14
chr3	 83250000	 82700000	11
chr3	 86350000	 87550000	24
chr3	 86850000	 88100000	25
chr3	 87450000	 85850000	32
chr3	 92100000	 90850000	25
chr3	 97700000	 96950000	15
chr3	 99200000	100000000	16
chr3	100100000	101100000	20
chr3	101200000	100600000	12
chr3	104750000	106000000	25
chr3	107000000	106400000	12
chr3	107200000	107600000	8
chr3	110800000	111950000	23
chr3	111650000	110950000	14
chr3	111750000	111100000	13
chr3	113850000	114200000	7
chr3	115150000	117200000	41
chr3	115800000	116700000	18
chr3	120950000	119700000	25
chr3	121100000	120200000	18
chr3	121550000	122200000	13
chr3	126450000	127050000	12
chr3	126700000	125650000	21
chr3	127050000	128700000	33
chr3	127450000	127900000	9
chr3	131500000	133350000	37
chr3	132550000	133450000	18
chr3	134350000	133500000	17
chr3	136250000	137700000	29
chr3	137950000	139500000	31
chr3	144050000	145500000	29
chr3	144650000	145750000	22
chr3	146850000	149500000	53
chr3	147800000	148850000	21
chr3	148050000	149000000	19
chr3	149150000	150200000	21
chr3	150050000	151550000	30
chr3	153100000	152200000	18
chr3	155100000	156250000	23
chr3	156700000	156100000	12
chr3	156700000	158100000	28
chr3	156800000	159700000	58
chr4	   250000	   750000	10
chr4	  4200000	  4900000	14
chr4	  5200000	  8750000	71
chr4	  6050000	  7400000	27
chr4	  8900000	  7850000	21
chr4	  9600000	  8550000	21
chr4	 10900000	 11100000	4
chr4	 12550000	 14300000	35
chr4	 14950000	 15600000	13
chr4	 17350000	 16000000	27
chr4	 17800000	 16900000	18
chr4	 19750000	 21150000	28
chr4	 19850000	 21650000	36
chr4	 25200000	 24350000	17
chr4	 25550000	 26400000	17
chr4	 27550000	 28950000	28
chr4	 28800000	 29700000	18
chr4	 31100000	 31550000	9
chr4	 32000000	 30350000	33
chr4	 34700000	 35800000	22
chr4	 35800000	 33900000	38
chr4	 36750000	 36750000	0
chr4	 41350000	 40700000	13
chr4	 43300000	 41550000	35
chr4	 44100000	 46150000	41
chr4	 44250000	 45450000	24
chr4	 44600000	 43800000	16
chr4	 44650000	 45000000	7
chr4	 47150000	 45800000	27
chr4	 47700000	 47250000	9
chr4	 47750000	 47300000	9
chr4	 53450000	 54350000	18
chr4	 54350000	 53400000	19
chr4	 59150000	 58550000	12
chr4	 63150000	 65400000	45
chr4	 63450000	 62450000	20
chr4	 65500000	 66850000	27
chr4	 69950000	 69350000	12
chr4	 70950000	 71650000	14
chr4	 71800000	 71200000	12
chr4	 76500000	 77700000	24
chr4	 78050000	 77400000	13
chr4	 82900000	 78250000	93
chr4	 83150000	 84900000	35
chr4	 87350000	 88350000	20
chr4	 88350000	 88950000	12
chr4	 89300000	 89900000	12
chr4	 90100000	 90800000	14
chr4	 91200000	 92150000	19
chr4	 94000000	 93500000	10
chr4	 95750000	 93950000	36
chr4	 96700000	 95100000	32
chr4	 96800000	 96250000	11
chr4	 96800000	 96350000	9
chr4	100850000	102550000	34
chr4	101250000	101950000	14
chr4	101300000	100850000	9
chr4	101450000	100700000	15
chr4	101600000	 99050000	51
chr4	102350000	103750000	28
chr4	103450000	104550000	22
chr4	104250000	104950000	14
chr4	107250000	107600000	7
chr4	117500000	116200000	26
chr4	126350000	126900000	11
chr4	126900000	127550000	13
chr4	127700000	128500000	16
chr4	131150000	132050000	18
chr4	131600000	130300000	26
chr4	131750000	131100000	13
chr4	131750000	132250000	10
chr4	135550000	134800000	15
chr4	135900000	135350000	11
chr4	143450000	142450000	20
chr4	144800000	144100000	14
chr4	151200000	149600000	32
chr4	154400000	154100000	6
chr4	156150000	154850000	26
chr5	  2000000	  1300000	14
chr5	  8650000	  9200000	11
chr5	 10050000	  8550000	30
chr5	 16350000	 14750000	32
chr5	 17250000	 18200000	19
chr5	 18700000	 17750000	19
chr5	 22150000	 23600000	29
chr5	 22200000	 21550000	13
chr5	 25350000	 24300000	21
chr5	 29700000	 28600000	22
chr5	 30450000	 29600000	17
chr5	 32000000	 33100000	22
chr5	 34800000	 36250000	29
chr5	 35400000	 36850000	29
chr5	 38200000	 36450000	35
chr5	 38800000	 39200000	8
chr5	 42700000	 44250000	31
chr5	 46650000	 45850000	16
chr5	 49950000	 48800000	23
chr5	 50150000	 48450000	34
chr5	 52850000	 52450000	8
chr5	 55050000	 54300000	15
chr5	 57800000	 56450000	27
chr5	 60800000	 60400000	8
chr5	 66350000	 68700000	47
chr5	 68850000	 67150000	34
chr5	 71750000	 72750000	20
chr5	 71800000	 72800000	20
chr5	 72050000	 73600000	31
chr5	 75500000	 76250000	15
chr5	 77350000	 76800000	11
chr5	 84400000	 86100000	34
chr5	 87900000	 89300000	28
chr5	 88000000	 89150000	23
chr5	 95650000	 97000000	27
chr5	 96300000	 95150000	23
chr5	 98450000	 99150000	14
chr5	100100000	 99600000	10
chr5	100900000	 99950000	19
chr5	101050000	 99900000	23
chr5	101850000	103050000	24
chr5	107300000	106000000	26
chr5	115650000	117500000	37
chr5	120150000	119350000	16
chr5	120500000	121450000	19
chr5	123350000	122750000	12
chr5	123550000	125400000	37
chr5	124500000	126750000	45
chr5	124800000	126100000	26
chr5	125400000	123850000	31
chr5	127500000	128700000	24
chr5	128250000	129300000	21
chr5	133550000	132550000	20
chr5	134550000	135950000	28
chr5	134850000	133450000	28
chr5	136300000	136750000	9
chr5	137850000	137100000	15
chr5	137900000	138450000	11
chr5	138300000	136300000	40
chr5	142000000	140550000	29
chr5	146850000	144700000	43
chr5	147750000	148500000	15
chr6	  2500000	  1600000	18
chr6	  2550000	  2850000	6
chr6	  4300000	  2600000	34
chr6	  4700000	  8450000	75
chr6	  9900000	 10850000	19
chr6	 10050000	  9150000	18
chr6	 12850000	 14150000	26
chr6	 15300000	 14100000	24
chr6	 20450000	 22250000	36
chr6	 21900000	 22600000	14
chr6	 25850000	 26350000	10
chr6	 29700000	 30150000	9
chr6	 34700000	 37350000	53
chr6	 35150000	 36250000	22
chr6	 35450000	 34150000	26
chr6	 43750000	 44450000	14
chr6	 44950000	 44300000	13
chr6	 47450000	 46350000	22
chr6	 53750000	 55100000	27
chr6	 59650000	 60550000	18
chr6	 59650000	 60900000	25
chr6	 60100000	 60350000	5
chr6	 60550000	 61650000	22
chr6	 62050000	 63700000	33
chr6	 65800000	 67250000	29
chr6	 68550000	 69800000	25
chr6	 69300000	 70100000	16
chr6	 70950000	 70150000	16
chr6	 73500000	 74700000	24
chr6	 79050000	 80000000	19
chr6	 81050000	 81050000	0
chr6	 83400000	 84250000	17
chr6	 84600000	 83000000	32
chr6	 86100000	 87400000	26
chr6	 89050000	 89900000	17
chr6	 91650000	 89600000	41
chr6	 94750000	 96500000	35
chr6	 96150000	 95500000	13
chr6	 97550000	 98300000	15
chr6	 98600000	 99150000	11
chr6	100750000	 99500000	25
chr6	105150000	106050000	18
chr6	110250000	109050000	24
chr6	113050000	112650000	8
chr6	121200000	120100000	22
chr6	122300000	122750000	9
chr6	124400000	123400000	20
chr6	126850000	124950000	38
chr6	127900000	126400000	30
chr6	128800000	128400000	8
chr6	129150000	127600000	31
chr6	133850000	131650000	44
chr6	134600000	133400000	24
chr6	135450000	138000000	51
chr6	138750000	139750000	20
chr6	140650000	139550000	22
chr6	140750000	137950000	56
chr6	141300000	139950000	27
chr6	143300000	143800000	10
chr6	143350000	140500000	57
chr6	146000000	145200000	16
chr6	147550000	146550000	20
chr7	  3000000	  1750000	25
chr7	  3200000	   500000	54
chr7	  3700000	  5100000	28
chr7	  7750000	  5350000	48
chr7	  7900000	  6200000	34
chr7	  9200000	  9400000	4
chr7	 11550000	 12650000	22
chr7	 13150000	 13750000	12
chr7	 17400000	 19000000	32
chr7	 17900000	 19700000	36
chr7	 19700000	 21800000	42
chr7	 20750000	 22250000	30
chr7	 25300000	 24000000	26
chr7	 26300000	 27300000	20
chr7	 27600000	 28950000	27
chr7	 33200000	 33950000	15
chr7	 35500000	 34300000	24
chr7	 41050000	 40250000	16
chr7	 42600000	 42950000	7
chr7	 49800000	 50650000	17
chr7	 50400000	 49350000	21
chr7	 52950000	 54350000	28
chr7	 53050000	 52300000	15
chr7	 58450000	 59900000	29
chr7	 62300000	 62800000	10
chr7	 64800000	 65150000	7
chr7	 68300000	 68800000	10
chr7	 73050000	 72500000	11
chr7	 73450000	 71400000	41
chr7	 79950000	 80750000	16
chr7	 83850000	 84850000	20
chr7	 85150000	 83950000	24
chr7	 88500000	 87750000	15
chr7	 90650000	 91400000	15
chr7	 91400000	 90650000	15
chr7	 94500000	 92100000	48
chr7	 95950000	 96250000	6
chr7	101650000	103250000	32
chr7	103300000	101700000	32
chr7	112850000	110150000	54
chr7	115750000	114000000	35
chr7	116050000	113850000	44
chr7	116700000	117150000	9
chr7	118750000	119350000	12
chr7	119400000	118500000	18
chr7	123250000	123250000	0
chr7	123650000	126700000	61
chr7	125100000	124050000	21
chr7	127000000	128250000	25
chr7	129300000	130050000	15
chr7	129750000	130300000	11
chr7	129900000	128350000	31
chr7	132050000	132750000	14
chr7	133300000	132100000	24
chr7	135550000	136700000	23
chr7	136850000	138300000	29
chr7	137400000	138650000	25
chr7	140500000	137700000	56
chr8	   450000	  2000000	31
chr8	  2500000	  3350000	17
chr8	  4900000	  4350000	11
chr8	  5250000	  7400000	43
chr8	  6750000	  7500000	15
chr8	  7400000	  5900000	30
chr8	 13300000	 13950000	13
chr8	 13300000	 14300000	20
chr8	 14100000	 15250000	23
chr8	 14650000	 13850000	16
chr8	 14700000	 13800000	18
chr8	 15350000	 16850000	30
chr8	 18800000	 20650000	37
chr8	 21000000	 19600000	28
chr8	 21650000	 22300000	13
chr8	 22350000	 20850000	30
chr8	 22450000	 21900000	11
chr8	 27250000	 25900000	27
chr8	 27600000	 30050000	49
chr8	 29250000	 30000000	15
chr8	 32100000	 34700000	52
chr8	 32250000	 32950000	14
chr8	 34700000	 34000000	14
chr8	 41450000	 42300000	17
chr8	 43200000	 42550000	13
chr8	 43950000	 43150000	16
chr8	 44650000	 45200000	11
chr8	 47350000	 45600000	35
chr8	 47550000	 48550000	20
chr8	 47850000	 46450000	28
chr8	 52900000	 54450000	31
chr8	 55800000	 56100000	6
chr8	 58350000	 58800000	9
chr8	 60250000	 61950000	34
chr8	 60350000	 61500000	23
chr8	 61700000	 59750000	39
chr8	 64000000	 64300000	6
chr8	 64200000	 65250000	21
chr8	 73800000	 74550000	15
chr8	 75400000	 77300000	38
chr8	 78300000	 77900000	8
chr8	 79550000	 77300000	45
chr8	 80300000	 81150000	17
chr8	 80700000	 81700000	20
chr8	 81050000	 79400000	33
chr8	 81800000	 81350000	9
chr8	 84000000	 85350000	27
chr8	 86550000	 84150000	48
chr8	 93900000	 92250000	33
chr8	 95450000	 96300000	17
chr8	 98100000	 97800000	6
chr8	 98500000	 97800000	14
chr8	 98900000	 99700000	16
chr8	101650000	102600000	19
chr8	106050000	104950000	22
chr8	106050000	106650000	12
chr8	107000000	107200000	4
chr8	110500000	109400000	22
chr8	112900000	113250000	7
chr8	113100000	112150000	19
chr8	113300000	111550000	35
chr8	113350000	113900000	11
chr8	114950000	113700000	25
chr8	116900000	117700000	16
chr8	118350000	117100000	25
chr8	118550000	119300000	15
chr8	120200000	120700000	10
chr8	120400000	119050000	27
chr8	120400000	121350000	19
chr9	  1150000	   350000	16
chr9	  2950000	  4400000	29
chr9	  4550000	  5450000	18
chr9	  6950000	  6550000	8
chr9	  9400000	  8650000	15
chr9	 10200000	  8700000	30
chr9	 11150000	 12000000	17
chr9	 11450000	 13900000	49
chr9	 12700000	 13400000	14
chr9	 13100000	 14050000	19
chr9	 14800000	 14300000	10
chr9	 18200000	 17700000	10
chr9	 20400000	 18950000	29
chr9	 25500000	 27450000	39
chr9	 26650000	 28600000	39
chr9	 26750000	 27750000	20
chr9	 26950000	 26150000	16
chr9	 28950000	 30300000	27
chr9	 31050000	 32300000	25
chr9	 34150000	 33500000	13
chr9	 41000000	 40500000	10
chr9	 43900000	 45950000	41
chr9	 46250000	 45750000	10
chr9	 47300000	 46500000	16
chr9	 48100000	 49100000	20
chr9	 49000000	 50050000	21
chr9	 52300000	 50600000	34
chr9	 54200000	 54750000	11
chr9	 54550000	 53350000	24
chr9	 56200000	 55400000	16
chr9	 56550000	 58050000	30
chr9	 56650000	 57750000	22
chr9	 62250000	 63200000	19
chr9	 63050000	 62000000	21
chr9	 63250000	 62100000	23
chr9	 68400000	 64800000	72
chr9	 68400000	 67000000	28
chr9	 74400000	 73750000	13
chr9	 75900000	 76250000	7
chr9	 78300000	 79650000	27
chr9	 79800000	 78750000	21
chr9	 79900000	 81250000	27
chr9	 86250000	 85500000	15
chr9	 86750000	 86050000	14
chr9	 88000000	 89450000	29
chr9	 88800000	 90450000	33
chr9	 93600000	 92700000	18
chr9	 93750000	 91050000	54
chr9	 94900000	 93600000	26
chr9	 95150000	 93300000	37
chr9	 95650000	 93900000	35
chr9	 98600000	 97650000	19
chr9	100600000	102250000	33
chr9	101150000	 98700000	49
chr9	104750000	103300000	29
chr9	105250000	105800000	11
chr9	105300000	102750000	51
chr9	105950000	103050000	58
chr9	107000000	105950000	21
chr9	107150000	106500000	13
chr9	110700000	109450000	25
chr9	111700000	111050000	13
chr9	111850000	110550000	26
chr9	112250000	110500000	35
chr9	113250000	114200000	19
chr9	115250000	115800000	11
chr9	117000000	116400000	12
chr9	117550000	116800000	15
chr9	119000000	118000000	20
chrX	  5600000	  5000000	12
chrX	  9650000	 10750000	22
chrX	 12750000	 11450000	26
chrX	 21250000	 19750000	30
chrX	 22900000	 23850000	19
chrX	 25000000	 22250000	55
chrX	 33200000	 32150000	21
chrX	 34900000	 37150000	45
chrX	 35850000	 34900000	19
chrX	 36850000	 37800000	19
chrX	 40550000	 39050000	30
chrX	 44100000	 42700000	28
chrX	 44700000	 43250000	29
chrX	 44950000	 43850000	22
chrX	 45500000	 44200000	26
chrX	 48500000	 49300000	16
chrX	 51250000	 52250000	20
chrX	 52950000	 49550000	68
chrX	 59200000	 57600000	32
chrX	 62200000	 62450000	5
chrX	 62600000	 62000000	12
chrX	 69000000	 67850000	23
chrX	 73300000	 75950000	53
chrX	 74000000	 75350000	27
chrX	 76300000	 76600000	6
chrX	 76800000	 76100000	14
chrX	 78050000	 76100000	39
chrX	 82250000	 82400000	3
chrX	 84150000	 83400000	15
chrX	 84550000	 83000000	31
chrX	 85550000	 84750000	16
chrX	 87850000	 88600000	15
chrX	 89200000	 88000000	24
chrX	 92100000	 93350000	25
chrX	 95700000	 94650000	21
chrX	 95700000	 94900000	16
chrX	 96450000	 97000000	11
chrX	 99150000	 98250000	18
chrX	104350000	105600000	25
chrX	104650000	104100000	11
chrX	108450000	107300000	23
chrX	109400000	110100000	14
chrX	112700000	114700000	40
chrX	113400000	114750000	27
chrX	114600000	115400000	16
chrX	115300000	116350000	21
chrX	117700000	118650000	19
chrX	118300000	117850000	9
chrX	118550000	118300000	5
chrX	119700000	120800000	22
chrX	121700000	120700000	20
chrX	123300000	122500000	16
chrX	124700000	124100000	12
chrX	126400000	128950000	51
chrX	126800000	128500000	34
chrX	127450000	127450000	0
chrX	127900000	128250000	7
chrX	130450000	132850000	48
chrX	134800000	137150000	47
chrX	135050000	135900000	17
chrX	136050000	134600000	29
chrX	140150000	140150000	0
chrX	140250000	139100000	23
chrX	140850000	141850000	20
chrX	148950000	148000000	19
chrX	149500000	150500000	20
chrX	149700000	151450000	35
chrX	149950000	148800000	23
chrX	153400000	151700000	34
chrX	156800000	156050000	15
chrX	159750000	160850000	22
chrX	160150000	161850000	34
chrX	161450000	161700000	5
chrX	162600000	161550000	21
chrX	165500000	166450000	19
chrY	  1650000	  1150000	10
chrY	  8900000	  9650000	15
chrY	 10550000	 11150000	12
chrY	 11100000	 10400000	14
chrY	 11150000	 12150000	20
chrY	 12900000	 12550000	7
chrY	 18550000	 19650000	22
chrY	 23050000	 21050000	40
chrY	 25050000	 26450000	28
chrY	 27650000	 28400000	15
chrY	 31550000	 28800000	55
chrY	 33250000	 34750000	30
chrY	 37500000	 36700000	16
chrY	 38950000	 38500000	9
chrY	 39800000	 38100000	34
chrY	 41800000	 43850000	41
chrY	 43300000	 41350000	39
chrY	 46300000	 45650000	13
chrY	 52250000	 51450000	16
chrY	 54100000	 55800000	34
chrY	 55250000	 56300000	21
chrY	 55700000	 56500000	16
chrY	 56450000	 57200000	15
chrY	 57000000	 55200000	36
chrY	 60350000	 61100000	15
chrY	 61350000	 62500000	23
chrY	 66550000	 67150000	12
chrY	 67400000	 65750000	33
chrY	 67450000	 68900000	29
chrY	 70100000	 69500000	12
chrY	 72100000	 70550000	31
chrY	 78650000	 76800000	37
chrY	 80750000	 79350000	28
chrY	 81150000	 81800000	13
chrY	 81300000	 80300000	20
chrY	 82100000	 81700000	8
chrY	 85600000	 86150000	11
chrY	 87750000	 88800000	21
chrY	 91300000	 89950000	27
