chr1	   300000	  1550000	25
chr1	  1400000	  2100000	14
chr1	  2250000	  1950000	6
chr1	  7550000	  9200000	33
chr1	 10500000	 12300000	36
chr1	 15950000	 16550000	12
chr1	 16450000	 18450000	40
chr1	 25750000	 23950000	36
chr1	 29600000	 29950000	7
chr1	 30050000	 29200000	17
chr1	 31200000	 32700000	30
chr1	 33450000	 34600000	23
chr1	 40150000	 41500000	27
chr1	 40450000	 39750000	14
chr1	 41250000	 42450000	24
chr1	 44050000	 44450000	8
chr1	 44600000	 42500000	42
chr1	 45000000	 42800000	44
chr1	 45350000	 44550000	16
chr1	 52150000	 54150000	40
chr1	 55950000	 56800000	17
chr1	 61950000	 62950000	20
chr1	 65500000	 64150000	27
chr1	 67000000	 68600000	32
chr1	 70050000	 68900000	23
chr1	 71000000	 71800000	16
chr1	 72350000	 71200000	23
chr1	 72550000	 71350000	24
chr1	 74900000	 73400000	30
chr1	 76050000	 77700000	33
chr1	 78000000	 76750000	25
chr1	 79550000	 80500000	19
chr1	 80800000	 80300000	10
chr1	 81850000	 84300000	49
chr1	 82250000	 83900000	33
chr1	 86050000	 86200000	3
chr1	 87100000	 86550000	11
chr1	 87300000	 85350000	39
chr1	 87400000	 86250000	23
chr1	 92000000	 93250000	25
chr1	 93350000	 93850000	10
chr1	 97400000	 99350000	39
chr1	100700000	102750000	41
chr1	101500000	103550000	41
chr1	102000000	100600000	28
chr1	105550000	104400000	23
chr1	108600000	109350000	15
chr1	111100000	110250000	17
chr1	113500000	114150000	13
chr1	114800000	113350000	29
chr1	118950000	118250000	14
chr1	120200000	118850000	27
chr1	127350000	126900000	9
chr1	127600000	129250000	33
chr1	128000000	125400000	52
chr1	130200000	132250000	41
chr1	131050000	132950000	38
chr1	131550000	131000000	11
chr1	132950000	130450000	50
chr1	134400000	135400000	20
chr1	135650000	135100000	11
chr1	137000000	137600000	12
chr1	138600000	139150000	11
chr1	142500000	143550000	21
chr1	142600000	141300000	26
chr1	147550000	148950000	28
chr1	147750000	146550000	24
chr1	148000000	150000000	40
chr1	149100000	150150000	21
chr1	149500000	150700000	24
chr1	149750000	150450000	14
chr1	150200000	153550000	67
chr1	150450000	151300000	17
chr1	151200000	152300000	22
chr1	156100000	155450000	13
chr1	162450000	163300000	17
chr1	163700000	162700000	20
chr1	167750000	168600000	17
chr1	167750000	168850000	22
chr1	169850000	168350000	30
chr1	175950000	176650000	14
chr1	177150000	178150000	20
chr1	177200000	176400000	16
chr1	177550000	176150000	28
chr1	179150000	178050000	22
chr1	181050000	180350000	14
chr1	183350000	183900000	11
chr1	190300000	189200000	22
chr1	190600000	189850000	15
chr1	195400000	194700000	14
chr10	  1550000	   700000	17
chr10	  2150000	  1200000	19
chr10	  2300000	  1700000	12
chr10	  4450000	  5200000	15
chr10	  6850000	  8850000	40
chr10	  9000000	  9350000	7
chr10	 10150000	 10850000	14
chr10	 10300000	 11500000	24
chr10	 10300000	 11550000	25
chr10	 11150000	 11750000	12
chr10	 11850000	 11200000	13
chr10	 17100000	 16450000	13
chr10	 18150000	 17400000	15
chr10	 19850000	 20850000	20
chr10	 21750000	 20850000	18
chr10	 22050000	 21150000	18
chr10	 22100000	 22500000	8
chr10	 25250000	 26300000	21
chr10	 25450000	 26000000	11
chr10	 25800000	 26650000	17
chr10	 28000000	 27400000	12
chr10	 30700000	 30200000	10
chr10	 33750000	 35250000	30
chr10	 35050000	 36300000	25
chr10	 35550000	 36200000	13
chr10	 36150000	 37350000	24
chr10	 36700000	 37700000	20
chr10	 39250000	 40200000	19
chr10	 41200000	 41900000	14
chr10	 43050000	 41350000	34
chr10	 51150000	 53750000	52
chr10	 52750000	 54200000	29
chr10	 55800000	 57350000	31
chr10	 59750000	 62000000	45
chr10	 60450000	 61100000	13
chr10	 61850000	 62650000	16
chr10	 63350000	 65100000	35
chr10	 64050000	 66700000	53
chr10	 70350000	 71050000	14
chr10	 71250000	 70350000	18
chr10	 71300000	 72450000	23
chr10	 71750000	 70850000	18
chr10	 72800000	 71500000	26
chr10	 75000000	 73900000	22
chr10	 77100000	 77700000	12
chr10	 78200000	 79300000	22
chr10	 84650000	 85500000	17
chr10	 85100000	 86200000	22
chr10	 89550000	 89550000	0
chr10	 98950000	100600000	33
chr10	101300000	102300000	20
chr10	101700000	103250000	31
chr10	102200000	101750000	9
chr10	102450000	103350000	18
chr10	104750000	103300000	29
chr10	104950000	102950000	40
chr10	105450000	103500000	39
chr10	107750000	109550000	36
chr10	110950000	111800000	17
chr10	117100000	116650000	9
chr10	119150000	120450000	26
chr10	119250000	120350000	22
chr10	122450000	121400000	21
chr10	125300000	124500000	16
chr11	  1000000	   100000	18
chr11	  1050000	  1950000	18
chr11	  4250000	  3450000	16
chr11	  5750000	  4800000	19
chr11	  6000000	  6950000	19
chr11	  6300000	  7650000	27
chr11	  6350000	  5800000	11
chr11	  8250000	  7350000	18
chr11	 10000000	  8600000	28
chr11	 10850000	  9550000	26
chr11	 11200000	 10800000	8
chr11	 11700000	  9600000	42
chr11	 13350000	 13950000	12
chr11	 15850000	 15500000	7
chr11	 19350000	 16800000	51
chr11	 22850000	 21450000	28
chr11	 26000000	 27250000	25
chr11	 32400000	 30550000	37
chr11	 35550000	 34850000	14
chr11	 36500000	 37250000	15
chr11	 37900000	 37100000	16
chr11	 38350000	 39050000	14
chr11	 38550000	 37850000	14
chr11	 38950000	 37350000	32
chr11	 39250000	 40100000	17
chr11	 42550000	 40850000	34
chr11	 44650000	 46050000	28
chr11	 46450000	 45350000	22
chr11	 46950000	 48850000	38
chr11	 47900000	 49200000	26
chr11	 49150000	 50550000	28
chr11	 49600000	 48200000	28
chr11	 53200000	 54350000	23
chr11	 54350000	 54050000	6
chr11	 55550000	 57650000	42
chr11	 58000000	 59100000	22
chr11	 60450000	 60250000	4
chr11	 61900000	 61450000	9
chr11	 62100000	 63150000	21
chr11	 63800000	 63150000	13
chr11	 63800000	 64500000	14
chr11	 64850000	 64200000	13
chr11	 65250000	 64800000	9
chr11	 66100000	 67500000	28
chr11	 66850000	 66150000	14
chr11	 68000000	 68450000	9
chr11	 68150000	 67050000	22
chr11	 68600000	 69450000	17
chr11	 70550000	 69700000	17
chr11	 76350000	 78150000	36
chr11	 85300000	 86100000	16
chr11	 85950000	 85550000	8
chr11	 86550000	 88900000	47
chr11	 86650000	 88150000	30
chr11	 91450000	 92300000	17
chr11	 96900000	 98300000	28
chr11	 98350000	 99350000	20
chr11	101800000	102500000	14
chr11	116650000	118900000	45
chr11	117650000	115950000	34
chr11	118350000	119800000	29
chr12	  3350000	  5650000	46
chr12	  3450000	  5250000	36
chr12	  3750000	  6350000	52
chr12	  7600000	  8550000	19
chr12	 10150000	  9300000	17
chr12	 13300000	 11900000	28
chr12	 15500000	 16650000	23
chr12	 18850000	 18000000	17
chr12	 22350000	 22800000	9
chr12	 32150000	 31000000	23
chr12	 36900000	 36150000	15
chr12	 41950000	 40200000	35
chr12	 45250000	 43550000	34
chr12	 46950000	 48250000	26
chr12	 47650000	 48650000	20
chr12	 48550000	 51450000	58
chr12	 50050000	 52100000	41
chr12	 50450000	 49850000	12
chr12	 51000000	 50200000	16
chr12	 52550000	 51200000	27
chr12	 56200000	 57700000	30
chr12	 57800000	 56400000	28
chr12	 57900000	 57600000	6
chr12	 58200000	 54650000	71
chr12	 58400000	 59600000	24
chr12	 59450000	 60450000	20
chr12	 66850000	 65150000	34
chr12	 68050000	 67300000	15
chr12	 68150000	 67000000	23
chr12	 71350000	 70550000	16
chr12	 75800000	 77150000	27
chr12	 78050000	 81250000	64
chr12	 82600000	 81900000	14
chr12	 84900000	 85350000	9
chr12	 84950000	 84050000	18
chr12	 85700000	 85200000	10
chr12	 86750000	 88400000	33
chr12	 87700000	 86750000	19
chr12	 89500000	 86700000	56
chr12	 90950000	 91950000	20
chr12	 93150000	 94150000	20
chr12	 96500000	 97100000	12
chr12	 98100000	 99250000	23
chr12	 98950000	 96700000	45
chr12	101800000	102400000	12
chr12	103000000	102200000	16
chr12	104550000	103850000	14
chr12	105650000	104800000	17
chr12	109950000	108400000	31
chr12	110600000	110950000	7
chr12	111000000	110300000	14
chr12	111850000	112450000	12
chr12	112250000	111300000	19
chr12	113800000	112700000	22
chr12	115750000	115000000	15
chr12	117050000	118700000	33
chr13	   200000	  1550000	27
chr13	  3150000	  5050000	38
chr13	  5650000	  4600000	21
chr13	  8350000	  9300000	19
chr13	  8500000	  9400000	18
chr13	  8550000	  9150000	12
chr13	  8600000	 10000000	28
chr13	  8900000	 11150000	45
chr13	  9150000	 10200000	21
chr13	 10250000	 10950000	14
chr13	 10350000	 11300000	19
chr13	 13250000	 11850000	28
chr13	 18500000	 20350000	37
chr13	 19000000	 19600000	12
chr13	 19850000	 18450000	28
chr13	 20000000	 19250000	15
chr13	 20900000	 22250000	27
chr13	 22750000	 20800000	39
chr13	 24900000	 23100000	36
chr13	 24950000	 24400000	11
chr13	 25000000	 24550000	9
chr13	 25750000	 26700000	19
chr13	 29450000	 28150000	26
chr13	 31500000	 31500000	0
chr13	 31850000	 30750000	22
chr13	 32500000	 33450000	19
chr13	 33950000	 35500000	31
chr13	 35250000	 36450000	24
chr13	 35850000	 36950000	22
chr13	 36600000	 37000000	8
chr13	 37850000	 39800000	39
chr13	 38500000	 37150000	27
chr13	 44150000	 44750000	12
chr13	 44750000	 46350000	32
chr13	 47300000	 48500000	24
chr13	 48700000	 46850000	37
chr13	 49600000	 48800000	16
chr13	 49750000	 49150000	12
chr13	 51100000	 52100000	20
chr13	 51100000	 52600000	30
chr13	 52850000	 50550000	46
chr13	 58000000	 58800000	16
chr13	 61250000	 60850000	8
chr13	 61350000	 60450000	18
chr13	 61600000	 61200000	8
chr13	 62000000	 60200000	36
chr13	 63000000	 61550000	29
chr13	 64050000	 61700000	47
chr13	 64200000	 65950000	35
chr13	 65000000	 66250000	25
chr13	 65350000	 64300000	21
chr13	 66100000	 67250000	23
chr13	 67250000	 67500000	5
chr13	 71050000	 71900000	17
chr13	 72300000	 73350000	21
chr13	 75600000	 77850000	45
chr13	 76200000	 77200000	20
chr13	 77050000	 78950000	38
chr13	 79200000	 80350000	23
chr13	 79600000	 78800000	16
chr13	 86100000	 85800000	6
chr13	 86750000	 87900000	23
chr13	 92050000	 90450000	32
chr13	 93550000	 94850000	26
chr13	 94100000	 93450000	13
chr13	 94600000	 96500000	38
chr13	 95100000	 96550000	29
chr13	 96250000	 96000000	5
chr13	 98500000	 97700000	16
chr13	 98650000	100200000	31
chr13	101150000	 99400000	35
chr13	101950000	101350000	12
chr13	103700000	103400000	6
chr13	104200000	105450000	25
chr13	104800000	103250000	31
chr13	105650000	104500000	23
chr13	112500000	111900000	12
chr13	112750000	114350000	32
chr13	114100000	114750000	13
chr13	114850000	115600000	15
chr13	118700000	119150000	9
chr14	  3200000	  4800000	32
chr14	 10100000	  9450000	13
chr14	 10850000	  9900000	19
chr14	 12400000	 14800000	48
chr14	 15500000	 14400000	22
chr14	 18750000	 17100000	33
chr14	 23700000	 23400000	6
chr14	 23950000	 24600000	13
chr14	 31300000	 32050000	15
chr14	 31400000	 30250000	23
chr14	 31400000	 31900000	10
chr14	 31500000	 31500000	0
chr14	 33300000	 34150000	17
chr14	 34250000	 35150000	18
chr14	 35100000	 35750000	13
chr14	 35250000	 36750000	30
chr14	 43050000	 42000000	21
chr14	 43700000	 45200000	30
chr14	 43850000	 43250000	12
chr14	 45050000	 42550000	50
chr14	 47700000	 46550000	23
chr14	 49750000	 48600000	23
chr14	 56650000	 55650000	20
chr14	 56800000	 58000000	24
chr14	 57900000	 58400000	10
chr14	 58050000	 58600000	11
chr14	 58350000	 57450000	18
chr14	 61650000	 61200000	9
chr14	 67050000	 66450000	12
chr14	 69000000	 67450000	31
chr14	 69700000	 70750000	21
chr14	 71650000	 72500000	17
chr14	 73950000	 74400000	9
chr14	 74050000	 75300000	25
chr14	 74050000	 76000000	39
chr14	 75750000	 76400000	13
chr14	 76250000	 75550000	14
chr14	 77600000	 78450000	17
chr14	 78300000	 77000000	26
chr14	 82100000	 83750000	33
chr14	 86350000	 87200000	17
chr14	 87800000	 88700000	18
chr14	 91850000	 93600000	35
chr14	 95050000	 94550000	10
chr14	 97350000	 96350000	20
chr14	 98550000	 99400000	17
chr14	 98600000	 99800000	24
chr14	103150000	104500000	27
chr14	103600000	102350000	25
chr14	108550000	107250000	26
chr14	111900000	111250000	13
chr14	112700000	114200000	30
chr14	113050000	114950000	38
chr14	113500000	112550000	19
chr14	115150000	113100000	41
chr14	115350000	115900000	11
chr14	116450000	117400000	19
chr14	118400000	117750000	13
chr14	123250000	123000000	5
chr15	  1100000	   450000	13
chr15	  3300000	  2350000	19
chr15	  5950000	  6750000	16
chr15	  6150000	  4750000	28
chr15	  9900000	 11000000	22
chr15	 11100000	 12150000	21
chr15	 13250000	 11300000	39
chr15	 13650000	 16050000	48
chr15	 18150000	 18400000	5
chr15	 18200000	 15750000	49
chr15	 18950000	 19400000	9
chr15	 20050000	 21700000	33
chr15	 20350000	 21150000	16
chr15	 23650000	 24200000	11
chr15	 27000000	 28600000	32
chr15	 27050000	 28350000	26
chr15	 28400000	 26950000	29
chr15	 28600000	 29750000	23
chr15	 29600000	 30200000	12
chr15	 30750000	 31900000	23
chr15	 31250000	 30250000	20
chr15	 32200000	 33300000	22
chr15	 34100000	 34600000	10
chr15	 34550000	 35900000	27
chr15	 34950000	 35650000	14
chr15	 36800000	 38350000	31
chr15	 37850000	 37100000	15
chr15	 38350000	 40200000	37
chr15	 41200000	 37900000	66
chr15	 45500000	 47350000	37
chr15	 48250000	 48250000	0
chr15	 49350000	 49550000	4
chr15	 52400000	 53700000	26
chr15	 54500000	 53200000	26
chr15	 56000000	 56500000	10
chr15	 59950000	 61550000	32
chr15	 61100000	 59750000	27
chr15	 65350000	 63200000	43
chr15	 68850000	 68350000	10
chr15	 69600000	 71450000	37
chr15	 70950000	 70550000	8
chr15	 74750000	 74100000	13
chr15	 75600000	 74600000	20
chr15	 76550000	 75850000	14
chr15	 77900000	 77000000	18
chr15	 79850000	 79500000	7
chr15	 84250000	 83350000	18
chr15	 85700000	 85000000	14
chr15	 87000000	 85850000	23
chr15	 91450000	 92650000	24
chr15	 93400000	 92150000	25
chr15	 95300000	 94650000	13
chr15	 97500000	 96050000	29
chr15	 99550000	 98250000	26
chr15	100300000	 99200000	22
chr15	100300000	100900000	12
chr15	101800000	 99500000	46
chr16	   200000	  1200000	20
chr16	  2050000	  2850000	16
chr16	  2250000	  3000000	15
chr16	  2850000	  2100000	15
chr16	  2950000	  4700000	35
chr16	 11950000	 12700000	15
chr16	 16900000	 19000000	42
chr16	 17250000	 19100000	37
chr16	 17400000	 18100000	14
chr16	 25700000	 25700000	0
chr16	 29700000	 30050000	7
chr16	 30400000	 27550000	57
chr16	 33200000	 35450000	45
chr16	 33250000	 34200000	19
chr16	 33750000	 34550000	16
chr16	 34500000	 32650000	37
chr16	 35500000	 34700000	16
chr16	 38400000	 37650000	15
chr16	 39300000	 38600000	14
chr16	 40750000	 42000000	25
chr16	 43400000	 47250000	77
chr16	 43550000	 42600000	19
chr16	 45800000	 45300000	10
chr16	 46150000	 45100000	21
chr16	 48900000	 48400000	10
chr16	 50200000	 49800000	8
chr16	 51250000	 52400000	23
chr16	 51650000	 52950000	26
chr16	 54050000	 55800000	35
chr16	 57250000	 59800000	51
chr16	 58350000	 57900000	9
chr16	 62750000	 62400000	7
chr16	 64000000	 65000000	20
chr16	 69100000	 70300000	24
chr16	 70050000	 71350000	26
chr16	 82500000	 84150000	33
chr16	 87600000	 86350000	25
chr16	 88700000	 88100000	12
chr16	 92300000	 91200000	22
chr16	 95200000	 94050000	23
chr16	 95600000	 95000000	12
chr16	 97500000	 96200000	26
chr16	 97750000	 96200000	31
chr17	  1300000	  1900000	12
chr17	  1500000	  1150000	7
chr17	  5200000	  4700000	10
chr17	  5700000	  4900000	16
chr17	  8150000	  9350000	24
chr17	  8450000	  7800000	13
chr17	  8750000	  7500000	25
chr17	  9750000	  9150000	12
chr17	 10850000	 15400000	91
chr17	 14050000	 15750000	34
chr17	 14100000	 13250000	17
chr17	 15450000	 16300000	17
chr17	 15900000	 16800000	18
chr17	 17250000	 18100000	17
chr17	 18100000	 18650000	11
chr17	 18100000	 20150000	41
chr17	 22300000	 21600000	14
chr17	 24950000	 25950000	20
chr17	 29450000	 27850000	32
chr17	 30200000	 29100000	22
chr17	 30500000	 29900000	12
chr17	 38250000	 38850000	12
chr17	 41900000	 42450000	11
chr17	 42200000	 41400000	16
chr17	 43900000	 45150000	25
chr17	 47750000	 46900000	17
chr17	 51650000	 52200000	11
chr17	 54300000	 52650000	33
chr17	 54350000	 54000000	7
chr17	 62000000	 58850000	63
chr17	 62900000	 61200000	34
chr17	 64150000	 63550000	12
chr17	 71600000	 74550000	59
chr17	 72450000	 71650000	16
chr17	 75700000	 76650000	19
chr17	 81800000	 80800000	20
chr17	 82950000	 82150000	16
chr17	 84550000	 82200000	47
chr17	 86700000	 88650000	39
chr17	 87600000	 88000000	8
chr17	 89650000	 87500000	43
chr17	 90450000	 91700000	25
chr17	 91900000	 90600000	26
chr17	 93300000	 92300000	20
chr18	  1450000	   500000	19
chr18	  1950000	   250000	34
chr18	  3100000	  3600000	10
chr18	  6750000	  5600000	23
chr18	  6850000	  6300000	11
chr18	  8850000	 11000000	43
chr18	  9600000	 11350000	35
chr18	  9650000	  8400000	25
chr18	 10550000	 11300000	15
chr18	 13050000	 12000000	21
chr18	 13650000	 12200000	29
chr18	 14650000	 16250000	32
chr18	 15500000	 15850000	7
chr18	 17000000	 18550000	31
chr18	 17050000	 15600000	29
chr18	 18700000	 21650000	59
chr18	 19850000	 20650000	16
chr18	 22300000	 21400000	18
chr18	 23450000	 25950000	50
chr18	 24000000	 22200000	36
chr18	 24000000	 24300000	6
chr18	 24150000	 23400000	15
chr18	 29100000	 30050000	19
chr18	 29300000	 29950000	13
chr18	 30850000	 32250000	28
chr18	 33250000	 34950000	34
chr18	 34000000	 35250000	25
chr18	 35750000	 35000000	15
chr18	 37750000	 37500000	5
chr18	 39700000	 39000000	14
chr18	 42150000	 42450000	6
chr18	 43000000	 43950000	19
chr18	 43650000	 45200000	31
chr18	 47400000	 48750000	27
chr18	 48700000	 48050000	13
chr18	 49150000	 51850000	54
chr18	 49650000	 48100000	31
chr18	 50900000	 50200000	14
chr18	 53050000	 53700000	13
chr18	 53900000	 55600000	34
chr18	 54600000	 56400000	36
chr18	 58850000	 60400000	31
chr18	 59550000	 60850000	26
chr18	 62000000	 63300000	26
chr18	 63000000	 62050000	19
chr18	 70350000	 71900000	31
chr18	 72700000	 73950000	25
chr18	 78050000	 77600000	9
chr18	 80800000	 79000000	36
chr18	 82350000	 83450000	22
chr18	 82400000	 80350000	41
chr18	 85700000	 87050000	27
chr18	 86600000	 88900000	46
chr18	 90000000	 86650000	67
chr18	 90150000	 89300000	17
chr19	   400000	  1600000	24
chr19	  2150000	   900000	25
chr19	  4200000	  3400000	16
chr19	  5300000	  5700000	8
chr19	  6200000	  6800000	12
chr19	  7250000	  6500000	15
chr19	  7400000	  7950000	11
chr19	 11100000	  8300000	56
chr19	 11200000	 10050000	23
chr19	 18800000	 18250000	11
chr19	 19300000	 22050000	55
chr19	 27000000	 25950000	21
chr19	 29350000	 30450000	22
chr19	 30150000	 30650000	10
chr19	 31050000	 30850000	4
chr19	 31550000	 32150000	12
chr19	 35100000	 36850000	35
chr19	 35650000	 36400000	15
chr19	 35950000	 37850000	38
chr19	 36700000	 35950000	15
chr19	 36700000	 37750000	21
chr19	 38500000	 40300000	36
chr19	 38750000	 42450000	74
chr19	 39600000	 40700000	22
chr19	 42350000	 41050000	26
chr19	 50150000	 51700000	31
chr19	 51300000	 50100000	24
chr19	 52350000	 53200000	17
chr19	 53750000	 52400000	27
chr19	 56500000	 57850000	27
chr19	 58300000	 57300000	20
chr19	 60550000	 59450000	22
chr19	 60950000	 61400000	9
chr2	  1050000	  2050000	20
chr2	  2350000	  1750000	12
chr2	  2800000	  3300000	10
chr2	  3250000	  3050000	4
chr2	  3500000	  2500000	20
chr2	  3950000	  2400000	31
chr2	  4200000	  1900000	46
chr2	  6150000	  6400000	5
chr2	  7100000	  8300000	24
chr2	  7400000	  8350000	19
chr2	  7500000	  6600000	18
chr2	  7900000	  8800000	18
chr2	  8350000	  9800000	29
chr2	 11400000	 10900000	10
chr2	 13000000	 12300000	14
chr2	 15200000	 16250000	21
chr2	 15800000	 15250000	11
chr2	 15900000	 16600000	14
chr2	 17500000	 18600000	22
chr2	 18050000	 17350000	14
chr2	 18700000	 18350000	7
chr2	 22050000	 22300000	5
chr2	 24400000	 24950000	11
chr2	 24800000	 25550000	15
chr2	 24950000	 23750000	24
chr2	 27200000	 27950000	15
chr2	 27500000	 26250000	25
chr2	 27950000	 26300000	33
chr2	 30000000	 31250000	25
chr2	 30500000	 28800000	34
chr2	 32850000	 32300000	11
chr2	 34150000	 33150000	20
chr2	 34850000	 32500000	47
chr2	 36500000	 35300000	24
chr2	 36700000	 35500000	24
chr2	 37050000	 37850000	16
chr2	 37100000	 37450000	7
chr2	 41500000	 41000000	10
chr2	 41800000	 40300000	30
chr2	 46750000	 47500000	15
chr2	 46800000	 45800000	20
chr2	 47600000	 47950000	7
chr2	 51250000	 50950000	6
chr2	 52200000	 51200000	20
chr2	 52650000	 53600000	19
chr2	 52700000	 51250000	29
chr2	 54800000	 56050000	25
chr2	 59100000	 60450000	27
chr2	 60650000	 59600000	21
chr2	 63800000	 64950000	23
chr2	 68000000	 69050000	21
chr2	 70000000	 71000000	20
chr2	 71300000	 70850000	9
chr2	 72450000	 73650000	24
chr2	 72900000	 73800000	18
chr2	 74700000	 73950000	15
chr2	 75450000	 73400000	41
chr2	 76150000	 74300000	37
chr2	 78000000	 81050000	61
chr2	 78500000	 77850000	13
chr2	 79000000	 78600000	8
chr2	 80600000	 79750000	17
chr2	 81900000	 80450000	29
chr2	 81950000	 82800000	17
chr2	 83400000	 84100000	14
chr2	 86650000	 84600000	41
chr2	 87250000	 86300000	19
chr2	 89200000	 90450000	25
chr2	 90300000	 89400000	18
chr2	 90500000	 91400000	18
chr2	 90750000	 88150000	52
chr2	 90950000	 89850000	22
chr2	 91600000	 93300000	34
chr2	 92700000	 91650000	21
chr2	 95400000	 94350000	21
chr2	 95750000	 96400000	13
chr2	 96500000	 98950000	49
chr2	 99150000	100450000	26
chr2	102800000	101450000	27
chr2	102950000	101800000	23
chr2	104150000	103000000	23
chr2	104500000	104100000	8
chr2	110350000	109200000	23
chr2	111950000	112850000	18
chr2	112650000	111800000	17
chr2	114300000	115350000	21
chr2	114450000	114800000	7
chr2	115250000	116150000	18
chr2	116400000	115900000	10
chr2	122200000	121650000	11
chr2	128500000	128700000	4
chr2	128500000	128850000	7
chr2	131650000	133550000	38
chr2	133250000	132700000	11
chr2	133750000	132850000	18
chr2	135650000	134850000	16
chr2	140800000	139100000	34
chr2	146050000	147250000	24
chr2	149450000	151100000	33
chr2	149850000	149050000	16
chr2	152450000	154000000	31
chr2	155150000	153050000	42
chr2	155650000	154750000	18
chr2	157700000	157000000	14
chr2	160150000	159400000	15
chr2	161350000	160300000	21
chr2	161500000	162000000	10
chr2	168250000	165700000	51
chr2	173600000	172950000	13
chr2	174250000	175150000	18
chr2	175600000	174850000	15
chr2	177100000	175750000	27
chr3	  2150000	  2750000	12
chr3	  2200000	  4750000	51
chr3	  3750000	  5600000	37
chr3	  4600000	  6050000	29
chr3	  5200000	  5900000	14
chr3	  6550000	  6250000	6
chr3	  9500000	 11200000	34
chr3	 10250000	  9800000	9
chr3	 13300000	 11550000	35
chr3	 13900000	 18550000	93
chr3	 14750000	 17750000	60
chr3	 14900000	 14250000	13
chr3	 15200000	 16350000	23
chr3	 15550000	 14700000	17
chr3	 16900000	 17300000	8
chr3	 19850000	 20600000	15
chr3	 20200000	 22650000	49
chr3	 21050000	 20600000	9
chr3	 22550000	 21650000	18
chr3	 24800000	 25250000	9
chr3	 25400000	 24900000	10
chr3	 25800000	 23900000	38
chr3	 26800000	 25800000	20
chr3	 27500000	 27850000	7
chr3	 31900000	 32450000	11
chr3	 33300000	 34100000	16
chr3	 33550000	 34300000	15
chr3	 33600000	 33050000	11
chr3	 35800000	 37600000	36
chr3	 36500000	 38900000	48
chr3	 39350000	 39050000	6
chr3	 45450000	 43800000	33
chr3	 48650000	 49400000	15
chr3	 49750000	 49300000	9
chr3	 54650000	 53900000	15
chr3	 66850000	 66350000	10
chr3	 67150000	 68600000	29
chr3	 70050000	 70800000	15
chr3	 71500000	 71950000	9
chr3	 77250000	 77850000	12
chr3	 80700000	 82200000	30
chr3	 82850000	 84300000	29
chr3	 85700000	 84700000	20
chr3	 85900000	 87650000	35
chr3	 89350000	 88450000	18
chr3	 89400000	 89650000	5
chr3	 89450000	 91050000	32
chr3	 89800000	 88500000	26
chr3	 90350000	 92300000	39
chr3	 94150000	 94600000	9
chr3	 97300000	 96400000	18
chr3	102550000	101100000	29
chr3	107250000	106650000	12
chr3	109850000	108850000	20
chr3	114600000	115900000	26
chr3	118600000	117600000	20
chr3	118700000	119800000	22
chr3	118750000	116950000	36
chr3	118950000	120450000	30
chr3	121500000	120250000	25
chr3	121600000	122250000	13
chr3	122100000	122900000	16
chr3	124650000	124000000	13
chr3	125750000	123650000	42
chr3	133750000	134550000	16
chr3	141050000	141700000	13
chr3	143200000	142550000	13
chr3	143600000	142550000	21
chr3	144150000	143300000	17
chr3	144350000	145800000	29
chr3	145850000	146800000	19
chr3	146350000	147850000	30
chr3	149600000	151050000	29
chr3	151650000	150600000	21
chr3	152450000	153300000	17
chr3	153650000	152650000	20
chr3	157850000	157300000	11
chr4	  1450000	  2900000	29
chr4	  5600000	  6150000	11
chr4	  9050000	  8400000	13
chr4	 18850000	 18250000	12
chr4	 21300000	 20400000	18
chr4	 24500000	 25150000	13
chr4	 24550000	 23950000	12
chr4	 27850000	 28350000	10
chr4	 28650000	 29650000	20
chr4	 31350000	 29250000	42
chr4	 32150000	 34550000	48
chr4	 34850000	 33800000	21
chr4	 38050000	 36600000	29
chr4	 42000000	 41250000	15
chr4	 42350000	 41700000	13
chr4	 42800000	 44300000	30
chr4	 44850000	 43150000	34
chr4	 47500000	 47800000	6
chr4	 52300000	 51450000	17
chr4	 55000000	 53500000	30
chr4	 56950000	 55100000	37
chr4	 57400000	 55200000	44
chr4	 57800000	 58850000	21
chr4	 58150000	 57200000	19
chr4	 58250000	 60650000	48
chr4	 64050000	 65850000	36
chr4	 65700000	 65050000	13
chr4	 65850000	 67000000	23
chr4	 66550000	 66100000	9
chr4	 69800000	 69500000	6
chr4	 71950000	 72450000	10
chr4	 75250000	 76600000	27
chr4	 76450000	 74650000	36
chr4	 82250000	 83300000	21
chr4	 82750000	 80750000	40
chr4	 88350000	 90300000	39
chr4	 91350000	 93150000	36
chr4	 92050000	 92400000	7
chr4	 93700000	 92050000	33
chr4	 94400000	 94900000	10
chr4	 94950000	 96400000	29
chr4	 96450000	 96050000	8
chr4	100900000	101350000	9
chr4	101450000	100050000	28
chr4	101600000	102450000	17
chr4	103000000	105100000	42
chr4	103150000	101300000	37
chr4	103150000	103050000	2
chr4	103400000	102850000	11
chr4	103650000	104300000	13
chr4	104400000	103300000	22
chr4	105600000	104950000	13
chr4	109450000	108550000	18
chr4	110450000	108700000	35
chr4	112650000	111250000	28
chr4	115200000	115750000	11
chr4	115350000	117150000	36
chr4	115600000	116550000	19
chr4	125500000	124750000	15
chr4	141150000	138150000	60
chr4	142300000	143050000	15
chr4	143050000	141950000	22
chr4	144950000	144950000	0
chr4	146300000	145600000	14
chr4	146750000	148100000	27
chr4	149700000	148900000	16
chr5	  8250000	  9000000	15
chr5	 10150000	  8850000	26
chr5	 10600000	 11300000	14
chr5	 12600000	 11000000	32
chr5	 12700000	 13700000	20
chr5	 15550000	 16500000	19
chr5	 19000000	 17600000	28
chr5	 19950000	 21400000	29
chr5	 20650000	 19650000	20
chr5	 21500000	 22550000	21
chr5	 22100000	 19950000	43
chr5	 25100000	 25650000	11
chr5	 25200000	 25700000	10
chr5	 25600000	 23800000	36
chr5	 29000000	 27750000	25
chr5	 30750000	 32800000	41
chr5	 41000000	 41500000	10
chr5	 41650000	 40650000	20
chr5	 41950000	 39200000	55
chr5	 42400000	 43200000	16
chr5	 45350000	 46650000	26
chr5	 46050000	 44650000	28
chr5	 49350000	 48650000	14
chr5	 49550000	 50250000	14
chr5	 51500000	 50750000	15
chr5	 54900000	 53400000	30
chr5	 58400000	 55700000	54
chr5	 58550000	 59150000	12
chr5	 60800000	 60100000	14
chr5	 62450000	 61650000	16
chr5	 67000000	 66200000	16
chr5	 67450000	 66950000	10
chr5	 68650000	 67750000	18
chr5	 70500000	 71650000	23
chr5	 70500000	 72350000	37
chr5	 72650000	 74400000	35
chr5	 72950000	 71950000	20
chr5	 76000000	 76850000	17
chr5	 80050000	 80450000	8
chr5	 80650000	 80100000	11
chr5	 81800000	 83200000	28
chr5	 87000000	 87450000	9
chr5	 87700000	 86600000	22
chr5	 94050000	 95500000	29
chr5	 94100000	 92950000	23
chr5	 97400000	 96950000	9
chr5	 98000000	 97400000	12
chr5	 98900000	100300000	28
chr5	103200000	102250000	19
chr5	104700000	105250000	11
chr5	105150000	106550000	28
chr5	107200000	107400000	4
chr5	107300000	105300000	40
chr5	108150000	109000000	17
chr5	112950000	114250000	26
chr5	113300000	114300000	20
chr5	113500000	112300000	24
chr5	117350000	117600000	5
chr5	119550000	118350000	24
chr5	125100000	124500000	12
chr5	125150000	125650000	10
chr5	128200000	128600000	8
chr5	130000000	130500000	10
chr5	130900000	130200000	14
chr5	135650000	134050000	32
chr5	136750000	137300000	11
chr5	139300000	138950000	7
chr5	141000000	138100000	58
chr5	142750000	144650000	38
chr5	147100000	145500000	32
chr5	148450000	149500000	21
chr5	150250000	149000000	25
chr5	150650000	148000000	53
chr6	   800000	        0	16
chr6	  1250000	  2150000	18
chr6	  2250000	  3600000	27
chr6	  5700000	  7250000	31
chr6	  6900000	  7950000	21
chr6	 11100000	  8850000	45
chr6	 11200000	 10450000	15
chr6	 11800000	 11800000	0
chr6	 12350000	 10200000	43
chr6	 14450000	 13650000	16
chr6	 14950000	 16650000	34
chr6	 16500000	 15600000	18
chr6	 18050000	 19100000	21
chr6	 18200000	 18050000	3
chr6	 22150000	 23500000	27
chr6	 23700000	 27200000	70
chr6	 23850000	 24350000	10
chr6	 24400000	 22700000	34
chr6	 26350000	 27400000	21
chr6	 26400000	 27100000	14
chr6	 29300000	 28650000	13
chr6	 32850000	 34250000	28
chr6	 37800000	 37300000	10
chr6	 39150000	 38600000	11
chr6	 40800000	 39050000	35
chr6	 46350000	 48500000	43
chr6	 47950000	 48350000	8
chr6	 50150000	 49600000	11
chr6	 54050000	 55700000	33
chr6	 56850000	 55800000	21
chr6	 59150000	 58600000	11
chr6	 60850000	 59650000	24
chr6	 63900000	 65650000	35
chr6	 65050000	 64650000	8
chr6	 65700000	 67450000	35
chr6	 69750000	 69100000	13
chr6	 74300000	 74850000	11
chr6	 75100000	 74350000	15
chr6	 79550000	 77600000	39
chr6	 81250000	 80050000	24
chr6	 81650000	 79250000	48
chr6	 82600000	 83550000	19
chr6	 90100000	 93750000	73
chr6	 93200000	 92500000	14
chr6	 95350000	 95800000	9
chr6	 95550000	 96250000	14
chr6	 97050000	 96400000	13
chr6	 97500000	 98350000	17
chr6	 97800000	 95050000	55
chr6	 98200000	 97650000	11
chr6	100550000	 98050000	50
chr6	101000000	100600000	8
chr6	102600000	105050000	49
chr6	103900000	106800000	58
chr6	105200000	103000000	44
chr6	105600000	104650000	19
chr6	105950000	107100000	23
chr6	108150000	110450000	46
chr6	111650000	114900000	65
chr6	114850000	113750000	22
chr6	115650000	116550000	18
chr6	116950000	116700000	5
chr6	117250000	118000000	15
chr6	121150000	121900000	15
chr6	125150000	127400000	45
chr6	125650000	124300000	27
chr6	125950000	123750000	44
chr6	128050000	126850000	24
chr6	128250000	127550000	14
chr6	128550000	129550000	20
chr6	130700000	132200000	30
chr6	134900000	134200000	14
chr6	137450000	138350000	18
chr6	138350000	137700000	13
chr6	145100000	145650000	11
chr6	145250000	146700000	29
chr6	145850000	143450000	48
chr6	147050000	148450000	28
chr6	149500000	147600000	38
chr7	  6800000	  6450000	7
chr7	  9650000	  9000000	13
chr7	  9950000	  9200000	15
chr7	 16700000	 16100000	12
chr7	 17200000	 19200000	40
chr7	 19800000	 20400000	12
chr7	 22450000	 24200000	35
chr7	 24200000	 23800000	8
chr7	 24400000	 22400000	40
chr7	 31750000	 31550000	4
chr7	 35850000	 36900000	21
chr7	 37650000	 36450000	24
chr7	 37850000	 39600000	35
chr7	 38950000	 38550000	8
chr7	 39850000	 40250000	8
chr7	 40350000	 39150000	24
chr7	 40850000	 40400000	9
chr7	 42650000	 43750000	22
chr7	 47600000	 46200000	28
chr7	 48500000	 47400000	22
chr7	 49450000	 50500000	21
chr7	 58600000	 57850000	15
chr7	 63050000	 64250000	24
chr7	 63350000	 64300000	19
chr7	 63650000	 62850000	16
chr7	 64200000	 62950000	25
chr7	 67700000	 69700000	40
chr7	 70150000	 70800000	13
chr7	 70600000	 72300000	34
chr7	 70850000	 71150000	6
chr7	 74450000	 75450000	20
chr7	 77200000	 74700000	50
chr7	 77450000	 78850000	28
chr7	 79900000	 79400000	10
chr7	 80700000	 80150000	11
chr7	 82600000	 81950000	13
chr7	 83900000	 83000000	18
chr7	 84350000	 83350000	20
chr7	 84600000	 86150000	31
chr7	 84650000	 80750000	78
chr7	 90100000	 91250000	23
chr7	 91400000	 92500000	22
chr7	 93250000	 95200000	39
chr7	 93850000	 91800000	41
chr7	 94800000	 93200000	32
chr7	103350000	103950000	12
chr7	105100000	105450000	7
chr7	105150000	104650000	10
chr7	109200000	111250000	41
chr7	112800000	111550000	25
chr7	114800000	115750000	19
chr7	120850000	118650000	44
chr7	121150000	122200000	21
chr7	121800000	123150000	27
chr7	128150000	129400000	25
chr7	128400000	127500000	18
chr7	131150000	132850000	34
chr7	132150000	131750000	8
chr7	132750000	133500000	15
chr7	133100000	132600000	10
chr7	134850000	136050000	24
chr7	135250000	136800000	31
chr7	138100000	138600000	10
chr7	138300000	136400000	38
chr7	140750000	141400000	13
chr7	142500000	141650000	17
chr7	145300000	144950000	7
chr8	  1300000	  4900000	72
chr8	  1400000	  2100000	14
chr8	  3650000	  4450000	16
chr8	  4650000	  3950000	14
chr8	  7450000	  5700000	35
chr8	  7700000	  6550000	23
chr8	 10550000	  9950000	12
chr8	 12550000	 13650000	22
chr8	 12600000	 12950000	7
chr8	 12700000	 12350000	7
chr8	 13400000	 14050000	13
chr8	 15150000	 18550000	68
chr8	 15350000	 15850000	10
chr8	 19150000	 16350000	56
chr8	 21150000	 20550000	12
chr8	 25300000	 24250000	21
chr8	 26700000	 25600000	22
chr8	 29850000	 30750000	18
chr8	 31300000	 31300000	0
chr8	 32800000	 33650000	17
chr8	 36100000	 35500000	12
chr8	 37100000	 38250000	23
chr8	 39550000	 40800000	25
chr8	 41000000	 41700000	14
chr8	 44250000	 43900000	7
chr8	 46350000	 45200000	23
chr8	 47550000	 48500000	19
chr8	 48800000	 49650000	17
chr8	 49400000	 50150000	15
chr8	 55200000	 56100000	18
chr8	 55900000	 55600000	6
chr8	 57200000	 58950000	35
chr8	 57450000	 58950000	30
chr8	 58300000	 57450000	17
chr8	 60100000	 59600000	10
chr8	 60200000	 61800000	32
chr8	 63500000	 62200000	26
chr8	 67050000	 65600000	29
chr8	 67050000	 66650000	8
chr8	 68150000	 66500000	33
chr8	 73300000	 73850000	11
chr8	 74950000	 74150000	16
chr8	 75050000	 74600000	9
chr8	 78450000	 78050000	8
chr8	 78700000	 77250000	29
chr8	 79050000	 78650000	8
chr8	 82850000	 81700000	23
chr8	 83000000	 83400000	8
chr8	 84600000	 81950000	53
chr8	 84700000	 80100000	92
chr8	 85600000	 84850000	15
chr8	 90350000	 89550000	16
chr8	 92650000	 93000000	7
chr8	 92800000	 91950000	17
chr8	 95150000	 94750000	8
chr8	 98200000	 97600000	12
chr8	 98500000	 96000000	50
chr8	 99150000	 99850000	14
chr8	106250000	107300000	21
chr8	107850000	106500000	27
chr8	108350000	110100000	35
chr8	109200000	110400000	24
chr8	109700000	111050000	27
chr8	113450000	111900000	31
chr8	114500000	115050000	11
chr8	118500000	117800000	14
chr8	120900000	118900000	40
chr8	121300000	123000000	34
chr8	124200000	125750000	31
chr8	125300000	126150000	17
chr8	125450000	126850000	28
chr8	125850000	127300000	29
chr8	127350000	127350000	0
chr8	129200000	128100000	22
chr9	  2200000	   450000	35
chr9	  4500000	  5550000	21
chr9	  4600000	  5700000	22
chr9	  4800000	  6900000	42
chr9	  6450000	  6000000	9
chr9	  7100000	  7600000	10
chr9	  9950000	 11150000	24
chr9	 10650000	 11450000	16
chr9	 10850000	 11600000	15
chr9	 11700000	 11000000	14
chr9	 12500000	 11750000	15
chr9	 17400000	 16550000	17
chr9	 18000000	 15250000	55
chr9	 18300000	 17550000	15
chr9	 19750000	 20950000	24
chr9	 20450000	 23550000	62
chr9	 20500000	 20200000	6
chr9	 20750000	 19250000	30
chr9	 21000000	 20550000	9
chr9	 22350000	 20600000	35
chr9	 23200000	 22150000	21
chr9	 23750000	 22850000	18
chr9	 28750000	 29550000	16
chr9	 29550000	 30050000	10
chr9	 32300000	 33500000	24
chr9	 35800000	 37450000	33
chr9	 38250000	 41750000	70
chr9	 38350000	 41050000	54
chr9	 38900000	 37800000	22
chr9	 40950000	 39800000	23
chr9	 43400000	 44400000	20
chr9	 43750000	 45400000	33
chr9	 44900000	 45450000	11
chr9	 47100000	 46500000	12
chr9	 50150000	 51350000	24
chr9	 51100000	 51650000	11
chr9	 51500000	 53650000	43
chr9	 56550000	 57200000	13
chr9	 58300000	 59600000	26
chr9	 60100000	 56850000	65
chr9	 62000000	 63250000	25
chr9	 63300000	 62350000	19
chr9	 64150000	 65150000	20
chr9	 65100000	 66400000	26
chr9	 66300000	 65150000	23
chr9	 70350000	 69000000	27
chr9	 71700000	 70650000	21
chr9	 73950000	 72350000	32
chr9	 79900000	 79600000	6
chr9	 82000000	 83300000	26
chr9	 83650000	 82100000	31
chr9	 84450000	 85250000	16
chr9	 85250000	 85550000	6
chr9	 87650000	 88650000	20
chr9	 89800000	 91100000	26
chr9	 90250000	 89100000	23
chr9	 91250000	 90800000	9
chr9	 91650000	 90900000	15
chr9	 93700000	 96650000	59
chr9	 95000000	 94150000	17
chr9	 96050000	 94950000	22
chr9	100300000	 99450000	17
chr9	101450000	100900000	11
chr9	102450000	103250000	16
chr9	103050000	103650000	12
chr9	105700000	105150000	11
chr9	106600000	106600000	0
chr9	106750000	104400000	47
chr9	110000000	109300000	14
chr9	113350000	114150000	16
chr9	113400000	115600000	44
chr9	113950000	115050000	22
chr9	115000000	115750000	15
chr9	115600000	116400000	16
chr9	116450000	115000000	29
chr9	118400000	117600000	16
chr9	121950000	120750000	24
chrX	  1450000	  4250000	56
chrX	  1600000	  2050000	9
chrX	  5250000	  6200000	19
chrX	  7000000	  7800000	16
chrX	  7400000	  5450000	39
chrX	  9200000	  7500000	34
chrX	 10300000	  9450000	17
chrX	 13750000	 14550000	16
chrX	 13800000	 14300000	10
chrX	 14350000	 15700000	27
chrX	 19050000	 17700000	27
chrX	 19400000	 18100000	26
chrX	 23900000	 24400000	10
chrX	 24800000	 23300000	30
chrX	 27650000	 26350000	26
chrX	 31850000	 32550000	14
chrX	 32350000	 32150000	4
chrX	 33850000	 35550000	34
chrX	 35850000	 36850000	20
chrX	 35850000	 37150000	26
chrX	 38000000	 39250000	25
chrX	 41850000	 43500000	33
chrX	 47850000	 48750000	18
chrX	 49200000	 48550000	13
chrX	 58350000	 59850000	30
chrX	 58950000	 60250000	26
chrX	 60150000	 60950000	16
chrX	 61100000	 62450000	27
chrX	 73200000	 71550000	33
chrX	 73900000	 75100000	24
chrX	 76300000	 75350000	19
chrX	 76600000	 75700000	18
chrX	 77750000	 78600000	17
chrX	 80500000	 79500000	20
chrX	 82200000	 81100000	22
chrX	 82450000	 81900000	11
chrX	 83450000	 83000000	9
chrX	 89800000	 89000000	16
chrX	 92300000	 91050000	25
chrX	 96200000	 97200000	20
chrX	103450000	102400000	21
chrX	104100000	104950000	17
chrX	106150000	107050000	18
chrX	107100000	107900000	16
chrX	110550000	108550000	40
chrX	111100000	108900000	44
chrX	114450000	112800000	33
chrX	116700000	117650000	19
chrX	118300000	118850000	11
chrX	123450000	124900000	29
chrX	124050000	122700000	27
chrX	124750000	126450000	34
chrX	125350000	123950000	28
chrX	125900000	125200000	14
chrX	129800000	131050000	25
chrX	130850000	130350000	10
chrX	131700000	132300000	12
chrX	132150000	130650000	30
chrX	133550000	137300000	75
chrX	134350000	135600000	25
chrX	134450000	133200000	25
chrX	142950000	142950000	0
chrX	143150000	141750000	28
chrX	145250000	143400000	37
chrX	147400000	146300000	22
chrX	148750000	148100000	13
chrX	149200000	150350000	23
chrX	150000000	147150000	57
chrX	151600000	153100000	30
chrX	151650000	152200000	11
chrX	151650000	153250000	32
chrX	156150000	155500000	13
chrX	157500000	158100000	12
chrX	159450000	160550000	22
chrX	161650000	162850000	24
chrX	163500000	163200000	6
chrX	167400000	165800000	32
chrX	167700000	168800000	22
chrX	167850000	166000000	37
chrX	169950000	168700000	25
chrY	  1200000	  2150000	19
chrY	  1700000	  1050000	13
chrY	  4300000	  2900000	28
chrY	  8650000	  9850000	24
chrY	 10450000	  8800000	33
chrY	 18450000	 16850000	32
chrY	 18750000	 20150000	28
chrY	 20200000	 21300000	22
chrY	 23200000	 24100000	18
chrY	 23700000	 24100000	8
chrY	 27350000	 29250000	38
chrY	 29400000	 28500000	18
chrY	 30850000	 30100000	15
chrY	 32100000	 33800000	34
chrY	 33150000	 32150000	20
chrY	 36400000	 35300000	22
chrY	 39150000	 39550000	8
chrY	 40150000	 41050000	18
chrY	 44450000	 45850000	28
chrY	 45200000	 44250000	19
chrY	 46700000	 46300000	8
chrY	 46950000	 49650000	54
chrY	 49100000	 50750000	33
chrY	 49950000	 48600000	27
chrY	 57600000	 59200000	32
chrY	 58000000	 60200000	44
chrY	 59450000	 61300000	37
chrY	 66100000	 67600000	30
chrY	 67900000	 68900000	20
chrY	 68400000	 66600000	36
chrY	 74750000	 75650000	18
chrY	 76150000	 74200000	39
chrY	 78900000	 81150000	45
chrY	 82700000	 80800000	38
chrY	 88400000	 88100000	6
chrY	 90550000	 91600000	21
