chr1	   400000	  1450000	21
chr1	  1050000	   150000	18
chr1	  2800000	  4050000	25
chr1	  3250000	  3850000	12
chr1	  4000000	  3600000	8
chr1	  7800000	  6100000	34
chr1	 10650000	 11300000	13
chr1	 11300000	  9750000	31
chr1	 13300000	 12550000	15
chr1	 14300000	 14600000	6
chr1	 14400000	 12300000	42
chr1	 19000000	 18350000	13
chr1	 19950000	 19050000	18
chr1	 21200000	 21800000	12
chr1	 21300000	 21950000	13
chr1	 23000000	 23250000	5
chr1	 28350000	 25950000	48
chr1	 29650000	 30250000	12
chr1	 34100000	 33200000	18
chr1	 34750000	 32800000	39
chr1	 35000000	 33250000	35
chr1	 36200000	 35200000	20
chr1	 37100000	 35150000	39
chr1	 41800000	 42700000	18
chr1	 46550000	 47950000	28
chr1	 47600000	 48850000	25
chr1	 47900000	 49450000	31
chr1	 49250000	 48100000	23
chr1	 52500000	 55450000	59
chr1	 52600000	 53950000	27
chr1	 54800000	 53350000	29
chr1	 55200000	 52800000	48
chr1	 57000000	 52450000	91
chr1	 57200000	 58950000	35
chr1	 57900000	 58850000	19
chr1	 59050000	 60550000	30
chr1	 60450000	 61300000	17
chr1	 60950000	 60500000	9
chr1	 61400000	 62550000	23
chr1	 61750000	 60050000	34
chr1	 64700000	 63300000	28
chr1	 65000000	 66150000	23
chr1	 65850000	 68450000	52
chr1	 67200000	 69450000	45
chr1	 67800000	 68750000	19
chr1	 72350000	 73800000	29
chr1	 72550000	 70850000	34
chr1	 76750000	 77700000	19
chr1	 77000000	 75350000	33
chr1	 78300000	 79350000	21
chr1	 81350000	 82900000	31
chr1	 81600000	 79800000	36
chr1	 82300000	 81500000	16
chr1	 83100000	 82000000	22
chr1	 84500000	 84150000	7
chr1	 87000000	 89800000	56
chr1	 89750000	 88250000	30
chr1	 93700000	 95250000	31
chr1	 97150000	 96400000	15
chr1	 99200000	100100000	18
chr1	 99650000	 98800000	17
chr1	100500000	101350000	17
chr1	101050000	102250000	24
chr1	104350000	105450000	22
chr1	105950000	106650000	14
chr1	106450000	106900000	9
chr1	106550000	107850000	26
chr1	107050000	106550000	10
chr1	107950000	109000000	21
chr1	110100000	110950000	17
chr1	113650000	115700000	41
chr1	123250000	122300000	19
chr1	125150000	126050000	18
chr1	125650000	126650000	20
chr1	128950000	131500000	51
chr1	130950000	132100000	23
chr1	131850000	131250000	12
chr1	134050000	133350000	14
chr1	136050000	134850000	24
chr1	136150000	134850000	26
chr1	140700000	140300000	8
chr1	142600000	141900000	14
chr1	143000000	142650000	7
chr1	144500000	142700000	36
chr1	146000000	145650000	7
chr1	149150000	148150000	20
chr1	149600000	148650000	19
chr1	150350000	150650000	6
chr1	151450000	152750000	26
chr1	153050000	153450000	8
chr1	154800000	155350000	11
chr1	155300000	156150000	17
chr1	156450000	155650000	16
chr1	156450000	156450000	0
chr1	160000000	158900000	22
chr1	160900000	164550000	73
chr1	164250000	162800000	29
chr1	166150000	165100000	21
chr1	167650000	166400000	25
chr1	170000000	170700000	14
chr1	171450000	172250000	16
chr1	175650000	174500000	23
chr1	179100000	178350000	15
chr1	179150000	178650000	10
chr1	180550000	179750000	16
chr1	189950000	188700000	25
chr1	189950000	191050000	22
chr1	191250000	189550000	34
chr1	192400000	191450000	19
chr1	193200000	192350000	17
chr1	193900000	193050000	17
chr1	194100000	192850000	25
chr1	194400000	194750000	7
chr10	   500000	  1600000	22
chr10	  3000000	  3700000	14
chr10	  3950000	  4950000	20
chr10	  5950000	  4000000	39
chr10	  8500000	  6150000	47
chr10	 11250000	  9150000	42
chr10	 12000000	 10200000	36
chr10	 12300000	 11100000	24
chr10	 13350000	 13050000	6
chr10	 14050000	 13500000	11
chr10	 15350000	 13650000	34
chr10	 20900000	 21750000	17
chr10	 21300000	 22400000	22
chr10	 21550000	 23350000	36
chr10	 23900000	 25050000	23
chr10	 25100000	 24100000	20
chr10	 25250000	 26400000	23
chr10	 27150000	 26550000	12
chr10	 29700000	 29900000	4
chr10	 30300000	 29600000	14
chr10	 31800000	 32850000	21
chr10	 34450000	 33700000	15
chr10	 36950000	 36150000	16
chr10	 37600000	 39100000	30
chr10	 38750000	 37350000	28
chr10	 43800000	 44950000	23
chr10	 44450000	 43350000	22
chr10	 45000000	 46500000	30
chr10	 45550000	 46550000	20
chr10	 48000000	 49300000	26
chr10	 48850000	 50600000	35
chr10	 52300000	 51450000	17
chr10	 55650000	 54400000	25
chr10	 57650000	 58300000	13
chr10	 58450000	 58450000	0
chr10	 60950000	 60950000	0
chr10	 66700000	 65900000	16
chr10	 67350000	 66400000	19
chr10	 67450000	 66700000	15
chr10	 67700000	 67250000	9
chr10	 74150000	 75100000	19
chr10	 74500000	 73500000	20
chr10	 75500000	 74400000	22
chr10	 76500000	 75050000	29
chr10	 79200000	 78450000	15
chr10	 81200000	 82450000	25
chr10	 81350000	 80050000	26
chr10	 83500000	 82950000	11
chr10	 84700000	 83450000	25
chr10	 85400000	 84250000	23
chr10	 87400000	 84500000	58
chr10	 88550000	 86650000	38
chr10	 90750000	 90050000	14
chr10	 91750000	 89750000	40
chr10	 92500000	 93250000	15
chr10	 93950000	 93700000	5
chr10	 96650000	 97050000	8
chr10	100250000	 99600000	13
chr10	100850000	101850000	20
chr10	101250000	102900000	33
chr10	103650000	103650000	0
chr10	105550000	103800000	35
chr10	107050000	107700000	13
chr10	108300000	107650000	13
chr10	111450000	110600000	17
chr10	112400000	113900000	30
chr10	114250000	115300000	21
chr10	114300000	115700000	28
chr10	128050000	127350000	14
chr10	130500000	129900000	12
chr11	  1100000	   150000	19
chr11	  7950000	  8550000	12
chr11	  8450000	  9200000	15
chr11	 11250000	 12600000	27
chr11	 11700000	 13200000	30
chr11	 15350000	 14750000	12
chr11	 15950000	 17900000	39
chr11	 22650000	 19500000	63
chr11	 23350000	 25200000	37
chr11	 25450000	 26650000	24
chr11	 26400000	 23450000	59
chr11	 29600000	 30900000	26
chr11	 29950000	 30750000	16
chr11	 30900000	 29900000	20
chr11	 31200000	 32350000	23
chr11	 33050000	 34100000	21
chr11	 34150000	 33450000	14
chr11	 35300000	 34000000	26
chr11	 37950000	 36550000	28
chr11	 42600000	 43500000	18
chr11	 43550000	 42600000	19
chr11	 44150000	 43300000	17
chr11	 44950000	 46350000	28
chr11	 45100000	 45450000	7
chr11	 48600000	 46850000	35
chr11	 48750000	 50200000	29
chr11	 50050000	 50650000	12
chr11	 51900000	 53200000	26
chr11	 53800000	 52350000	29
chr11	 54800000	 52800000	40
chr11	 55650000	 56350000	14
chr11	 56900000	 57400000	10
chr11	 62450000	 63450000	20
chr11	 67150000	 67900000	15
chr11	 67700000	 68950000	25
chr11	 67750000	 66900000	17
chr11	 70600000	 71550000	19
chr11	 71400000	 72300000	18
chr11	 72700000	 71600000	22
chr11	 76200000	 76900000	14
chr11	 78050000	 79100000	21
chr11	 78600000	 77800000	16
chr11	 80000000	 78100000	38
chr11	 84050000	 82650000	28
chr11	 87500000	 85000000	50
chr11	 89250000	 91050000	36
chr11	 89900000	 85250000	93
chr11	 91950000	 90400000	31
chr11	 93400000	 90450000	59
chr11	 96650000	 95100000	31
chr11	 99550000	 97700000	37
chr11	 99950000	101100000	23
chr11	100800000	100350000	9
chr11	101250000	101800000	11
chr11	102600000	101400000	24
chr11	104350000	108250000	78
chr11	105150000	103300000	37
chr11	105250000	103200000	41
chr11	107550000	108050000	10
chr11	108050000	108550000	10
chr11	109450000	107800000	33
chr11	112250000	111700000	11
chr11	113500000	116050000	51
chr11	114150000	111800000	47
chr11	115950000	116900000	19
chr11	116100000	115250000	17
chr11	120250000	119400000	17
chr12	   200000	  2850000	53
chr12	  2700000	  3750000	21
chr12	 11650000	 12500000	17
chr12	 16400000	 18100000	34
chr12	 16600000	 17350000	15
chr12	 21750000	 22500000	15
chr12	 25750000	 26600000	17
chr12	 27950000	 29400000	29
chr12	 29900000	 32150000	45
chr12	 30150000	 29450000	14
chr12	 30450000	 31500000	21
chr12	 31600000	 29400000	44
chr12	 33650000	 32650000	20
chr12	 35050000	 33300000	35
chr12	 35050000	 35650000	12
chr12	 37100000	 37850000	15
chr12	 39000000	 40050000	21
chr12	 41800000	 42350000	11
chr12	 43550000	 41950000	32
chr12	 46000000	 46800000	16
chr12	 46150000	 48750000	52
chr12	 46750000	 47700000	19
chr12	 51600000	 50300000	26
chr12	 55100000	 54250000	17
chr12	 55650000	 54700000	19
chr12	 56700000	 56200000	10
chr12	 57950000	 57350000	12
chr12	 59550000	 57950000	32
chr12	 62950000	 65400000	49
chr12	 63450000	 65150000	34
chr12	 68250000	 67700000	11
chr12	 70650000	 71800000	23
chr12	 72900000	 71950000	19
chr12	 77550000	 77100000	9
chr12	 80650000	 80950000	6
chr12	 81400000	 82650000	25
chr12	 82050000	 83900000	37
chr12	 84300000	 85200000	18
chr12	 86150000	 86900000	15
chr12	 86600000	 86100000	10
chr12	 91250000	 89800000	29
chr12	 92800000	 90300000	50
chr12	 93900000	 91650000	45
chr12	 95750000	 95400000	7
chr12	 96500000	 95450000	21
chr12	100850000	101100000	5
chr12	101150000	104750000	72
chr12	103150000	102050000	22
chr12	103300000	103650000	7
chr12	104150000	103850000	6
chr12	106900000	105600000	26
chr12	108050000	109200000	23
chr12	110650000	110250000	8
chr12	112600000	114250000	33
chr12	114450000	113800000	13
chr12	117500000	116850000	13
chr13	  2850000	  3650000	16
chr13	  6000000	  6750000	15
chr13	  7750000	  6950000	16
chr13	 11450000	 10400000	21
chr13	 12850000	 13200000	7
chr13	 13500000	 14400000	18
chr13	 13950000	 15600000	33
chr13	 14400000	 13850000	11
chr13	 15050000	 19650000	92
chr13	 16200000	 15700000	10
chr13	 16200000	 16200000	0
chr13	 19700000	 18050000	33
chr13	 22450000	 22100000	7
chr13	 23900000	 24800000	18
chr13	 26250000	 26950000	14
chr13	 30500000	 31450000	19
chr13	 31750000	 33000000	25
chr13	 37500000	 39150000	33
chr13	 39650000	 42300000	53
chr13	 40400000	 39850000	11
chr13	 41900000	 41050000	17
chr13	 43350000	 43850000	10
chr13	 44750000	 45500000	15
chr13	 47200000	 48650000	29
chr13	 55800000	 56400000	12
chr13	 56750000	 58700000	39
chr13	 57150000	 57850000	14
chr13	 58650000	 55600000	61
chr13	 58650000	 59050000	8
chr13	 60850000	 60050000	16
chr13	 65550000	 68300000	55
chr13	 68500000	 68150000	7
chr13	 69500000	 68650000	17
chr13	 71400000	 71100000	6
chr13	 72950000	 71100000	37
chr13	 73750000	 73000000	15
chr13	 73900000	 71100000	56
chr13	 75750000	 75550000	4
chr13	 78850000	 77850000	20
chr13	 79600000	 77150000	49
chr13	 82450000	 83300000	17
chr13	 83900000	 87200000	66
chr13	 85900000	 86550000	13
chr13	 86000000	 86950000	19
chr13	 91900000	 92650000	15
chr13	 95000000	 95600000	12
chr13	 95600000	 97100000	30
chr13	 95700000	 94300000	28
chr13	 99350000	100500000	23
chr13	101300000	101400000	2
chr13	105100000	105800000	14
chr13	105200000	105650000	9
chr13	105300000	105300000	0
chr13	105450000	104800000	13
chr13	108750000	107300000	29
chr13	109400000	111300000	38
chr13	113100000	111700000	28
chr13	115000000	115900000	18
chr13	115500000	114150000	27
chr13	117300000	118500000	24
chr13	117900000	118700000	16
chr14	  4550000	  5650000	22
chr14	  5100000	  4650000	9
chr14	  7000000	  6350000	13
chr14	  8300000	  9850000	31
chr14	 11300000	 12100000	16
chr14	 11650000	  9550000	42
chr14	 11900000	 13800000	38
chr14	 12750000	 11500000	25
chr14	 13250000	 13900000	13
chr14	 19950000	 18850000	22
chr14	 20800000	 19250000	31
chr14	 21300000	 22350000	21
chr14	 22250000	 21500000	15
chr14	 22700000	 23350000	13
chr14	 24200000	 22700000	30
chr14	 25150000	 24400000	15
chr14	 27550000	 28250000	14
chr14	 28250000	 26800000	29
chr14	 38450000	 36150000	46
chr14	 41850000	 40150000	34
chr14	 47950000	 47300000	13
chr14	 48700000	 49000000	6
chr14	 50650000	 50000000	13
chr14	 50750000	 50350000	8
chr14	 51750000	 53300000	31
chr14	 52750000	 53750000	20
chr14	 63650000	 65700000	41
chr14	 67100000	 66500000	12
chr14	 68500000	 67550000	19
chr14	 68750000	 69950000	24
chr14	 69650000	 69050000	12
chr14	 69800000	 71050000	25
chr14	 71650000	 70200000	29
chr14	 72300000	 74450000	43
chr14	 73850000	 75550000	34
chr14	 76200000	 75250000	19
chr14	 78000000	 78700000	14
chr14	 79150000	 79650000	10
chr14	 85650000	 83250000	48
chr14	 86450000	 85850000	12
chr14	 87350000	 86450000	18
chr14	 89500000	 90950000	29
chr14	 93950000	 93500000	9
chr14	 94850000	 93250000	32
chr14	 95200000	 93900000	26
chr14	 95850000	 96450000	12
chr14	 99500000	100050000	11
chr14	102200000	101150000	21
chr14	103000000	101250000	35
chr14	103650000	104600000	19
chr14	105100000	107600000	50
chr14	106000000	104750000	25
chr14	106550000	107300000	15
chr14	106650000	107500000	17
chr14	107200000	105900000	26
chr14	108050000	109050000	20
chr14	112050000	110750000	26
chr14	113550000	113150000	8
chr14	114500000	113500000	20
chr14	115050000	114850000	4
chr14	116450000	117050000	12
chr14	123650000	122600000	21
chr14	123800000	122350000	29
chr14	124900000	122750000	43
chr15	  5000000	  6250000	25
chr15	  6250000	  6750000	10
chr15	 11750000	 10150000	32
chr15	 13050000	 13850000	16
chr15	 14250000	 13400000	17
chr15	 14500000	 13650000	17
chr15	 15450000	 16850000	28
chr15	 17050000	 17800000	15
chr15	 19600000	 16350000	65
chr15	 20450000	 18100000	47
chr15	 22700000	 20000000	54
chr15	 25650000	 26150000	10
chr15	 27050000	 28200000	23
chr15	 28150000	 29150000	20
chr15	 28600000	 28000000	12
chr15	 30650000	 31350000	14
chr15	 35800000	 34650000	23
chr15	 37900000	 37100000	16
chr15	 40850000	 42250000	28
chr15	 41100000	 42850000	35
chr15	 42600000	 41350000	25
chr15	 44000000	 40650000	67
chr15	 44150000	 45500000	27
chr15	 45450000	 46500000	21
chr15	 47350000	 47350000	0
chr15	 48400000	 48700000	6
chr15	 49800000	 51550000	35
chr15	 50250000	 51250000	20
chr15	 52450000	 51750000	14
chr15	 54250000	 54850000	12
chr15	 54500000	 52050000	49
chr15	 57900000	 59650000	35
chr15	 62800000	 63650000	17
chr15	 64750000	 63000000	35
chr15	 65050000	 63950000	22
chr15	 65150000	 65500000	7
chr15	 65350000	 66100000	15
chr15	 65850000	 67600000	35
chr15	 67950000	 69000000	21
chr15	 69450000	 68550000	18
chr15	 74300000	 76450000	43
chr15	 76100000	 75150000	19
chr15	 76400000	 75750000	13
chr15	 76500000	 76100000	8
chr15	 78150000	 77350000	16
chr15	 82200000	 82500000	6
chr15	 87150000	 88800000	33
chr15	 87450000	 89050000	32
chr15	 88400000	 87600000	16
chr15	 88850000	 89650000	16
chr15	 88900000	 87500000	28
chr15	 89700000	 88450000	25
chr15	 90750000	 91950000	24
chr15	 90800000	 89800000	20
chr15	 93700000	 92700000	20
chr15	 96550000	 97700000	23
chr15	101600000	102150000	11
chr15	102650000	101100000	31
chr16	   800000	  2650000	37
chr16	  1250000	  1550000	6
chr16	  2450000	  2800000	7
chr16	  8600000	  9500000	18
chr16	  9100000	  7950000	23
chr16	 10650000	 12650000	40
chr16	 12550000	 11450000	22
chr16	 12700000	 13650000	19
chr16	 17000000	 18600000	32
chr16	 20900000	 20350000	11
chr16	 23750000	 22650000	22
chr16	 25350000	 26150000	16
chr16	 27300000	 28900000	32
chr16	 30000000	 31050000	21
chr16	 30950000	 32800000	37
chr16	 34650000	 36500000	37
chr16	 38400000	 39100000	14
chr16	 40400000	 41500000	22
chr16	 48500000	 47400000	22
chr16	 48650000	 46500000	43
chr16	 50000000	 50850000	17
chr16	 50200000	 51900000	34
chr16	 50650000	 51700000	21
chr16	 57800000	 57400000	8
chr16	 59600000	 59600000	0
chr16	 62400000	 60450000	39
chr16	 66550000	 65800000	15
chr16	 68200000	 67050000	23
chr16	 69000000	 70100000	22
chr16	 71850000	 73000000	23
chr16	 75700000	 74850000	17
chr16	 76000000	 76900000	18
chr16	 78850000	 80000000	23
chr16	 79200000	 78100000	22
chr16	 80100000	 80750000	13
chr16	 81450000	 81150000	6
chr16	 81550000	 82350000	16
chr16	 83950000	 83350000	12
chr16	 84150000	 83150000	20
chr16	 86650000	 87600000	19
chr16	 88050000	 88550000	10
chr16	 90300000	 93050000	55
chr16	 90350000	 87350000	60
chr17	  1500000	   600000	18
chr17	 11550000	 10500000	21
chr17	 11650000	 10500000	23
chr17	 11900000	 10150000	35
chr17	 17300000	 16100000	24
chr17	 17500000	 18050000	11
chr17	 21600000	 22300000	14
chr17	 22600000	 24100000	30
chr17	 22750000	 23350000	12
chr17	 29600000	 30350000	15
chr17	 30100000	 31200000	22
chr17	 33000000	 33800000	16
chr17	 37150000	 38000000	17
chr17	 41100000	 41600000	10
chr17	 42000000	 43600000	32
chr17	 43450000	 44750000	26
chr17	 43800000	 44350000	11
chr17	 43900000	 42250000	33
chr17	 45800000	 46600000	16
chr17	 46750000	 48400000	33
chr17	 49650000	 47350000	46
chr17	 51350000	 51850000	10
chr17	 51800000	 50450000	27
chr17	 52400000	 52800000	8
chr17	 53900000	 54600000	14
chr17	 54750000	 55250000	10
chr17	 55050000	 57500000	49
chr17	 55800000	 56950000	23
chr17	 61900000	 62900000	20
chr17	 62050000	 61050000	20
chr17	 67150000	 66950000	4
chr17	 68150000	 67550000	12
chr17	 70400000	 69650000	15
chr17	 71550000	 71000000	11
chr17	 74550000	 75000000	9
chr17	 77200000	 76600000	12
chr17	 79100000	 79100000	0
chr17	 81150000	 82000000	17
chr17	 82000000	 82750000	15
chr17	 85000000	 83950000	21
chr17	 86700000	 85650000	21
chr17	 87850000	 88550000	14
chr17	 88850000	 88400000	9
chr17	 89550000	 90450000	18
chr17	 93550000	 91800000	35
chr17	 94250000	 94500000	5
chr18	  3850000	  2850000	20
chr18	  4450000	  6500000	41
chr18	  5950000	  6750000	16
chr18	  7750000	  7000000	15
chr18	 13200000	 12900000	6
chr18	 17700000	 18250000	11
chr18	 19950000	 19400000	11
chr18	 24100000	 22750000	27
chr18	 24950000	 26600000	33
chr18	 26200000	 28650000	49
chr18	 26600000	 28050000	29
chr18	 29700000	 28450000	25
chr18	 30050000	 29500000	11
chr18	 38000000	 38350000	7
chr18	 39950000	 40800000	17
chr18	 40800000	 42350000	31
chr18	 41300000	 40950000	7
chr18	 42050000	 41700000	7
chr18	 42650000	 43300000	13
chr18	 45700000	 45200000	10
chr18	 48400000	 48000000	8
chr18	 49100000	 51200000	42
chr18	 51250000	 50750000	10
chr18	 51800000	 51200000	12
chr18	 52450000	 53300000	17
chr18	 58750000	 60300000	31
chr18	 60150000	 58950000	24
chr18	 63450000	 63900000	9
chr18	 68650000	 70000000	27
chr18	 69650000	 70250000	12
chr18	 74400000	 75350000	19
chr18	 76700000	 76400000	6
chr18	 78400000	 78950000	11
chr18	 78850000	 79200000	7
chr18	 79100000	 80450000	27
chr18	 85700000	 87950000	45
chr18	 86300000	 85500000	16
chr18	 86800000	 85500000	26
chr19	  1150000	    50000	22
chr19	  2600000	   550000	41
chr19	  5600000	  4200000	28
chr19	  6650000	  5350000	26
chr19	  7000000	  7300000	6
chr19	  9750000	 11050000	26
chr19	 10150000	  9400000	15
chr19	 11250000	 10700000	11
chr19	 18100000	 17200000	18
chr19	 21200000	 20650000	11
chr19	 22150000	 19450000	54
chr19	 24950000	 26700000	35
chr19	 25600000	 27900000	46
chr19	 25800000	 26350000	11
chr19	 26700000	 25200000	30
chr19	 27950000	 27050000	18
chr19	 30650000	 30800000	3
chr19	 32250000	 30550000	34
chr19	 34200000	 34850000	13
chr19	 36050000	 35400000	13
chr19	 37000000	 35950000	21
chr19	 37500000	 38000000	10
chr19	 37700000	 38000000	6
chr19	 38150000	 39250000	22
chr19	 44600000	 45850000	25
chr19	 47050000	 48300000	25
chr19	 47250000	 44150000	62
chr19	 47750000	 48400000	13
chr19	 52100000	 51600000	10
chr19	 52650000	 53800000	23
chr19	 52650000	 54200000	31
chr19	 53200000	 51950000	25
chr19	 55200000	 56600000	28
chr19	 55500000	 56700000	24
chr19	 57100000	 56700000	8
chr2	   500000	    50000	9
chr2	  1100000	  2300000	24
chr2	  1400000	   550000	17
chr2	  5550000	  6750000	24
chr2	  7500000	  8300000	16
chr2	 10300000	 11250000	19
chr2	 11150000	 10700000	9
chr2	 12700000	 13350000	13
chr2	 15800000	 14950000	17
chr2	 17900000	 17300000	12
chr2	 19250000	 21750000	50
chr2	 19450000	 18750000	14
chr2	 21650000	 20250000	28
chr2	 22750000	 21550000	24
chr2	 25550000	 27350000	36
chr2	 28000000	 28750000	15
chr2	 30050000	 30250000	4
chr2	 30650000	 32750000	42
chr2	 31600000	 32100000	10
chr2	 33800000	 32700000	22
chr2	 35650000	 34000000	33
chr2	 38000000	 37100000	18
chr2	 39750000	 40900000	23
chr2	 41200000	 40750000	9
chr2	 42850000	 43400000	11
chr2	 43300000	 41450000	37
chr2	 47900000	 46500000	28
chr2	 48500000	 46300000	44
chr2	 49550000	 50350000	16
chr2	 50800000	 49350000	29
chr2	 51000000	 51800000	16
chr2	 55550000	 58950000	68
chr2	 57500000	 56750000	15
chr2	 58650000	 59550000	18
chr2	 60800000	 59750000	21
chr2	 61050000	 57700000	67
chr2	 61500000	 60600000	18
chr2	 63450000	 62600000	17
chr2	 68500000	 69000000	10
chr2	 69200000	 69450000	5
chr2	 69250000	 67850000	28
chr2	 81000000	 83400000	48
chr2	 84100000	 82900000	24
chr2	 84150000	 85650000	30
chr2	 84900000	 83250000	33
chr2	 85300000	 86900000	32
chr2	 86000000	 87300000	26
chr2	 86700000	 88150000	29
chr2	 86750000	 87950000	24
chr2	 87400000	 88200000	16
chr2	 90000000	 88650000	27
chr2	 90800000	 92550000	35
chr2	 92450000	 89650000	56
chr2	 93300000	 94050000	15
chr2	 94400000	 92850000	31
chr2	 96900000	 95550000	27
chr2	 97950000	 97300000	13
chr2	 99000000	 97750000	25
chr2	 99350000	 97750000	32
chr2	 99800000	101050000	25
chr2	105450000	104400000	21
chr2	109350000	111350000	40
chr2	110050000	108600000	29
chr2	110450000	108250000	44
chr2	111300000	112400000	22
chr2	112850000	114100000	25
chr2	112900000	114250000	27
chr2	115950000	117250000	26
chr2	119950000	119100000	17
chr2	121000000	120150000	17
chr2	123150000	122450000	14
chr2	125750000	123800000	39
chr2	127650000	127150000	10
chr2	129100000	130750000	33
chr2	129650000	128400000	25
chr2	132450000	133750000	26
chr2	132550000	132200000	7
chr2	134000000	131800000	44
chr2	134250000	134000000	5
chr2	134300000	135100000	16
chr2	134500000	133800000	14
chr2	136300000	138350000	41
chr2	136800000	137550000	15
chr2	137300000	136700000	12
chr2	137750000	138500000	15
chr2	138100000	138750000	13
chr2	139350000	138100000	25
chr2	140550000	139700000	17
chr2	140900000	138700000	44
chr2	141450000	140800000	13
chr2	141950000	143350000	28
chr2	144400000	143900000	10
chr2	144500000	141900000	52
chr2	148700000	149450000	15
chr2	148850000	149400000	11
chr2	155650000	154500000	23
chr2	156700000	157100000	8
chr2	159650000	159250000	8
chr2	160550000	161600000	21
chr2	162450000	161900000	11
chr2	165050000	164750000	6
chr2	167300000	168250000	19
chr2	170450000	171150000	14
chr2	175250000	174350000	18
chr2	180800000	178800000	40
chr2	180800000	181450000	13
chr3	  1350000	  2350000	20
chr3	  1850000	  1350000	10
chr3	  2750000	  3200000	9
chr3	  4100000	  5000000	18
chr3	  4250000	  5100000	17
chr3	  7400000	  8400000	20
chr3	  8350000	  8800000	9
chr3	 10900000	 11400000	10
chr3	 12050000	 12850000	16
chr3	 19400000	 18850000	11
chr3	 20250000	 19100000	23
chr3	 21550000	 22750000	24
chr3	 21900000	 23250000	27
chr3	 24050000	 23550000	10
chr3	 25250000	 26050000	16
chr3	 25550000	 24050000	30
chr3	 27650000	 28550000	18
chr3	 27750000	 29350000	32
chr3	 28950000	 29850000	18
chr3	 29150000	 30450000	26
chr3	 33550000	 34550000	20
chr3	 39150000	 39400000	5
chr3	 40450000	 40950000	10
chr3	 40750000	 41600000	17
chr3	 43100000	 41300000	36
chr3	 43150000	 44950000	36
chr3	 47800000	 48600000	16
chr3	 47850000	 48600000	15
chr3	 49100000	 48550000	11
chr3	 52950000	 52100000	17
chr3	 54500000	 53050000	29
chr3	 57650000	 55850000	36
chr3	 61650000	 61250000	8
chr3	 63100000	 65000000	38
chr3	 63550000	 64550000	20
chr3	 63700000	 64400000	14
chr3	 65350000	 64400000	19
chr3	 67400000	 69250000	37
chr3	 70000000	 71200000	24
chr3	 75100000	 74700000	8
chr3	 76150000	 76500000	7
chr3	 79500000	 77200000	46
chr3	 81400000	 80050000	27
chr3	 83350000	 85400000	41
chr3	 85550000	 87550000	40
chr3	 87550000	 88450000	18
chr3	 91600000	 92400000	16
chr3	 95500000	 97000000	30
chr3	 97350000	 96950000	8
chr3	102350000	101800000	11
chr3	107600000	104750000	57
chr3	108300000	108600000	6
chr3	108500000	108100000	8
chr3	110500000	111200000	14
chr3	111650000	109950000	34
chr3	114500000	116100000	32
chr3	120800000	119700000	22
chr3	124700000	125400000	14
chr3	124900000	123900000	20
chr3	126250000	125150000	22
chr3	126850000	128550000	34
chr3	130250000	128900000	27
chr3	132700000	130900000	36
chr3	133700000	132550000	23
chr3	134250000	134900000	13
chr3	135250000	135800000	11
chr3	142250000	144750000	50
chr3	142400000	142950000	11
chr3	142750000	141300000	29
chr3	143050000	143550000	10
chr3	145400000	146600000	24
chr3	147650000	148700000	21
chr3	148950000	147800000	23
chr3	149650000	148850000	16
chr3	157300000	158200000	18
chr4	  4150000	  3450000	14
chr4	  4700000	  5900000	24
chr4	  7200000	  8950000	35
chr4	 11600000	 10600000	20
chr4	 14650000	 13850000	16
chr4	 15700000	 17950000	45
chr4	 16150000	 17250000	22
chr4	 16550000	 17750000	24
chr4	 23950000	 24450000	10
chr4	 30400000	 29500000	18
chr4	 34150000	 33700000	9
chr4	 37000000	 39250000	45
chr4	 37900000	 36400000	30
chr4	 40450000	 41400000	19
chr4	 46500000	 46050000	9
chr4	 46800000	 45500000	26
chr4	 47150000	 49200000	41
chr4	 48150000	 48550000	8
chr4	 48750000	 49750000	20
chr4	 52800000	 52600000	4
chr4	 52900000	 52450000	9
chr4	 53000000	 53900000	18
chr4	 54450000	 55650000	24
chr4	 56500000	 59050000	51
chr4	 59050000	 57700000	27
chr4	 60850000	 57350000	70
chr4	 62200000	 60800000	28
chr4	 65350000	 64000000	27
chr4	 67950000	 69150000	24
chr4	 69950000	 70700000	15
chr4	 72650000	 71650000	20
chr4	 77850000	 78750000	18
chr4	 79300000	 78600000	14
chr4	 79700000	 80600000	18
chr4	 85700000	 87050000	27
chr4	 85750000	 85500000	5
chr4	 86850000	 87750000	18
chr4	 92800000	 92000000	16
chr4	 96450000	 96150000	6
chr4	 96500000	 96950000	9
chr4	 97850000	 97400000	9
chr4	 99150000	100000000	17
chr4	 99800000	100150000	7
chr4	 99900000	 98200000	34
chr4	101450000	102350000	18
chr4	102850000	101600000	25
chr4	107500000	106700000	16
chr4	110250000	110800000	11
chr4	114250000	113050000	24
chr4	114750000	117350000	52
chr4	115300000	115900000	12
chr4	116950000	118400000	29
chr4	118600000	119950000	27
chr4	119150000	120650000	30
chr4	119950000	119600000	7
chr4	122950000	122100000	17
chr4	128300000	128900000	12
chr4	134600000	131900000	54
chr4	136600000	135200000	28
chr4	136900000	135550000	27
chr4	136900000	136100000	16
chr4	138800000	140300000	30
chr4	141050000	142450000	28
chr4	142650000	143450000	16
chr4	143350000	144000000	13
chr4	144000000	142350000	33
chr4	149450000	148000000	29
chr4	149500000	146850000	53
chr4	149900000	150450000	11
chr5	   700000	  1350000	13
chr5	   750000	  1650000	18
chr5	  2950000	  6450000	70
chr5	  3400000	  5750000	47
chr5	  6850000	  5800000	21
chr5	  7200000	  7950000	15
chr5	 10950000	 12400000	29
chr5	 11150000	 12300000	23
chr5	 12400000	 11600000	16
chr5	 12950000	 12950000	0
chr5	 13200000	 14350000	23
chr5	 14400000	 15100000	14
chr5	 21600000	 20650000	19
chr5	 22050000	 23150000	22
chr5	 23200000	 23950000	15
chr5	 24550000	 25200000	13
chr5	 31800000	 32300000	10
chr5	 32850000	 31250000	32
chr5	 33550000	 30650000	58
chr5	 35150000	 36150000	20
chr5	 36450000	 37050000	12
chr5	 43050000	 42400000	13
chr5	 44700000	 44200000	10
chr5	 45700000	 44450000	25
chr5	 49100000	 48600000	10
chr5	 51450000	 50350000	22
chr5	 52300000	 54050000	35
chr5	 53600000	 52850000	15
chr5	 55800000	 53700000	42
chr5	 56100000	 58050000	39
chr5	 58300000	 57500000	16
chr5	 60650000	 61550000	18
chr5	 63150000	 61750000	28
chr5	 63850000	 65050000	24
chr5	 64600000	 60850000	75
chr5	 65750000	 63050000	54
chr5	 70850000	 72650000	36
chr5	 71250000	 70150000	22
chr5	 72650000	 71650000	20
chr5	 74050000	 76000000	39
chr5	 74150000	 73150000	20
chr5	 75400000	 74800000	12
chr5	 80650000	 82650000	40
chr5	 84300000	 83000000	26
chr5	 84850000	 83250000	32
chr5	 87800000	 88350000	11
chr5	 92300000	 93200000	18
chr5	 95500000	 95500000	0
chr5	101600000	101150000	9
chr5	102300000	101600000	14
chr5	104550000	106000000	29
chr5	105200000	106150000	19
chr5	107100000	106300000	16
chr5	108900000	110750000	37
chr5	109200000	109600000	8
chr5	113100000	111750000	27
chr5	116650000	118250000	32
chr5	119150000	120300000	23
chr5	119500000	119000000	10
chr5	121850000	122550000	14
chr5	122250000	120900000	27
chr5	126650000	125150000	30
chr5	128650000	130050000	28
chr5	132000000	132950000	19
chr5	133300000	132900000	8
chr5	134250000	133700000	11
chr5	143400000	141750000	33
chr5	146650000	144950000	34
chr5	150000000	151650000	33
chr5	150900000	150400000	10
chr6	   250000	   650000	8
chr6	  4900000	  6100000	24
chr6	  7500000	  6100000	28
chr6	  9300000	  7800000	30
chr6	  9950000	 10600000	13
chr6	 15050000	 16000000	19
chr6	 17550000	 19450000	38
chr6	 17800000	 18500000	14
chr6	 18200000	 17500000	14
chr6	 21200000	 20550000	13
chr6	 23350000	 22350000	20
chr6	 23500000	 23900000	8
chr6	 26600000	 27400000	16
chr6	 27100000	 27800000	14
chr6	 27850000	 28300000	9
chr6	 28650000	 26800000	37
chr6	 31750000	 30750000	20
chr6	 39900000	 42650000	55
chr6	 42900000	 43900000	20
chr6	 48050000	 49100000	21
chr6	 50950000	 52400000	29
chr6	 51100000	 50250000	17
chr6	 51450000	 50250000	24
chr6	 53500000	 52850000	13
chr6	 58100000	 57600000	10
chr6	 58250000	 60050000	36
chr6	 58550000	 59750000	24
chr6	 60000000	 59450000	11
chr6	 64200000	 62700000	30
chr6	 67550000	 68150000	12
chr6	 68550000	 67900000	13
chr6	 69250000	 68350000	18
chr6	 69500000	 67950000	31
chr6	 70750000	 70050000	14
chr6	 72600000	 73900000	26
chr6	 79300000	 78600000	14
chr6	 85800000	 87100000	26
chr6	 90750000	 92300000	31
chr6	 91650000	 90400000	25
chr6	 97800000	 97100000	14
chr6	100200000	101300000	22
chr6	101050000	 99450000	32
chr6	104650000	103400000	25
chr6	105700000	106800000	22
chr6	107300000	106700000	12
chr6	107550000	106950000	12
chr6	108450000	107750000	14
chr6	113650000	115500000	37
chr6	114800000	115350000	11
chr6	119550000	116700000	57
chr6	124200000	125050000	17
chr6	124300000	124850000	11
chr6	125850000	126400000	11
chr6	133050000	133950000	18
chr6	133950000	132400000	31
chr6	138250000	137250000	20
chr6	142600000	141250000	27
chr6	144200000	145100000	18
chr6	144300000	142800000	30
chr6	147400000	146400000	20
chr7	  2150000	  2800000	13
chr7	  3250000	  4300000	21
chr7	  8800000	  7150000	33
chr7	  9300000	  9950000	13
chr7	  9850000	 11850000	40
chr7	 14050000	 13400000	13
chr7	 14300000	 16050000	35
chr7	 14800000	 15550000	15
chr7	 17300000	 18400000	22
chr7	 19000000	 18300000	14
chr7	 19300000	 18100000	24
chr7	 19400000	 18050000	27
chr7	 22450000	 23450000	20
chr7	 23150000	 25700000	51
chr7	 23450000	 23900000	9
chr7	 25150000	 25300000	3
chr7	 26050000	 27300000	25
chr7	 27400000	 29050000	33
chr7	 27950000	 27600000	7
chr7	 28700000	 27500000	24
chr7	 29200000	 27350000	37
chr7	 29800000	 30700000	18
chr7	 35400000	 34300000	22
chr7	 36400000	 37250000	17
chr7	 37950000	 39000000	21
chr7	 39500000	 38300000	24
chr7	 45000000	 42800000	44
chr7	 47500000	 49000000	30
chr7	 49250000	 49700000	9
chr7	 50200000	 50950000	15
chr7	 50350000	 51200000	17
chr7	 50550000	 51850000	26
chr7	 54300000	 53150000	23
chr7	 54850000	 54100000	15
chr7	 55050000	 56450000	28
chr7	 56900000	 55250000	33
chr7	 63300000	 63650000	7
chr7	 63800000	 64600000	16
chr7	 70250000	 68450000	36
chr7	 71700000	 70650000	21
chr7	 72050000	 70700000	27
chr7	 72650000	 74050000	28
chr7	 73350000	 71900000	29
chr7	 75500000	 74250000	25
chr7	 76750000	 76050000	14
chr7	 76850000	 76100000	15
chr7	 79900000	 81550000	33
chr7	 80600000	 81600000	20
chr7	 82150000	 80950000	24
chr7	 83050000	 85450000	48
chr7	 85000000	 84800000	4
chr7	 86250000	 86700000	9
chr7	 90350000	 91550000	24
chr7	 90650000	 88700000	39
chr7	 94300000	 96350000	41
chr7	 94400000	 93400000	20
chr7	 95500000	 94350000	23
chr7	 96100000	 98350000	45
chr7	 98250000	 96850000	28
chr7	 99050000	 98000000	21
chr7	100600000	101400000	16
chr7	101050000	100150000	18
chr7	102450000	101600000	17
chr7	103350000	104200000	17
chr7	103500000	104650000	23
chr7	106550000	108250000	34
chr7	108650000	107450000	24
chr7	108750000	108300000	9
chr7	109350000	109950000	12
chr7	111650000	113350000	34
chr7	118650000	118000000	13
chr7	119500000	120600000	22
chr7	120250000	122300000	41
chr7	121950000	120850000	22
chr7	122400000	124650000	45
chr7	123400000	122550000	17
chr7	124750000	125550000	16
chr7	125350000	123550000	36
chr7	125750000	127250000	30
chr7	126300000	124950000	27
chr7	127750000	128850000	22
chr7	128050000	127200000	17
chr7	131300000	130600000	14
chr7	131450000	130150000	26
chr7	135750000	134600000	23
chr7	136950000	135100000	37
chr7	139100000	135400000	74
chr7	144500000	143850000	13
chr7	144500000	145100000	12
chr8	  1450000	   350000	22
chr8	  1600000	  3150000	31
chr8	  1900000	   300000	32
chr8	  3050000	  4200000	23
chr8	  4250000	  4850000	12
chr8	  4700000	  6750000	41
chr8	  7650000	  5750000	38
chr8	 17900000	 19300000	28
chr8	 19950000	 21550000	32
chr8	 21450000	 23650000	44
chr8	 21650000	 20650000	20
chr8	 25500000	 24850000	13
chr8	 25900000	 28000000	42
chr8	 26450000	 27200000	15
chr8	 28950000	 27250000	34
chr8	 29700000	 29100000	12
chr8	 29900000	 27400000	50
chr8	 31750000	 31200000	11
chr8	 38050000	 39450000	28
chr8	 38500000	 39500000	20
chr8	 43800000	 45100000	26
chr8	 44600000	 43200000	28
chr8	 45350000	 47500000	43
chr8	 49900000	 51000000	22
chr8	 50700000	 49850000	17
chr8	 53900000	 55600000	34
chr8	 56950000	 58100000	23
chr8	 60650000	 60150000	10
chr8	 61550000	 60650000	18
chr8	 61650000	 61250000	8
chr8	 64000000	 64500000	10
chr8	 64350000	 63350000	20
chr8	 65350000	 64050000	26
chr8	 70950000	 69600000	27
chr8	 71450000	 72000000	11
chr8	 72000000	 72400000	8
chr8	 78700000	 76450000	45
chr8	 85400000	 86400000	20
chr8	 87600000	 86000000	32
chr8	 87700000	 87400000	6
chr8	 88600000	 87400000	24
chr8	 89400000	 87900000	30
chr8	 90200000	 89800000	8
chr8	 90250000	 91550000	26
chr8	 94750000	 95650000	18
chr8	 95250000	 96000000	15
chr8	 95750000	 94550000	24
chr8	 96000000	 98400000	48
chr8	102750000	103100000	7
chr8	105350000	104450000	18
chr8	105550000	106000000	9
chr8	107150000	110400000	65
chr8	107200000	105800000	28
chr8	108150000	107500000	13
chr8	108400000	106850000	31
chr8	113600000	111200000	48
chr8	117500000	119200000	34
chr8	117800000	116850000	19
chr8	119350000	119900000	11
chr8	122100000	122800000	14
chr8	127900000	127350000	11
chr8	128300000	128900000	12
chr9	  8050000	  7200000	17
chr9	  8250000	  7800000	9
chr9	 10350000	  8400000	39
chr9	 11300000	 10950000	7
chr9	 14350000	 13350000	20
chr9	 14500000	 14800000	6
chr9	 17650000	 21200000	71
chr9	 18500000	 16950000	31
chr9	 19150000	 18200000	19
chr9	 19400000	 17500000	38
chr9	 21400000	 20650000	15
chr9	 21700000	 23000000	26
chr9	 22050000	 22700000	13
chr9	 23750000	 24400000	13
chr9	 24350000	 26250000	38
chr9	 27000000	 27400000	8
chr9	 27050000	 27500000	9
chr9	 32200000	 33100000	18
chr9	 33850000	 32550000	26
chr9	 34350000	 32350000	40
chr9	 36150000	 37050000	18
chr9	 36450000	 35900000	11
chr9	 37100000	 37700000	12
chr9	 37100000	 38050000	19
chr9	 38050000	 40200000	43
chr9	 43900000	 44350000	9
chr9	 48400000	 50250000	37
chr9	 54700000	 54150000	11
chr9	 54950000	 54300000	13
chr9	 55700000	 56750000	21
chr9	 59200000	 60550000	27
chr9	 61550000	 59650000	38
chr9	 62950000	 62350000	12
chr9	 63050000	 64300000	25
chr9	 67850000	 69000000	23
chr9	 68550000	 69150000	12
chr9	 70750000	 71800000	21
chr9	 71600000	 69600000	40
chr9	 71600000	 71150000	9
chr9	 71800000	 71100000	14
chr9	 72100000	 72600000	10
chr9	 75250000	 75950000	14
chr9	 75900000	 77700000	36
chr9	 79950000	 81550000	32
chr9	 81150000	 81950000	16
chr9	 84400000	 85750000	27
chr9	 87150000	 87400000	5
chr9	 91150000	 91800000	13
chr9	 93050000	 94950000	38
chr9	 93500000	 95450000	39
chr9	 93850000	 94850000	20
chr9	 95700000	 94900000	16
chr9	101250000	102500000	25
chr9	102800000	102300000	10
chr9	104100000	102150000	39
chr9	107350000	106800000	11
chr9	111800000	112750000	19
chr9	117300000	117900000	12
chr9	119700000	118700000	20
chr9	121750000	122150000	8
chr9	121900000	123200000	26
chrX	  1300000	  3300000	40
chrX	  5750000	  6400000	13
chrX	  6200000	  4550000	33
chrX	  6950000	  5500000	29
chrX	  7200000	  7700000	10
chrX	  7900000	  8500000	12
chrX	  8400000	  7200000	24
chrX	 13100000	 12300000	16
chrX	 14050000	 15300000	25
chrX	 15650000	 17000000	27
chrX	 16400000	 18450000	41
chrX	 18650000	 18150000	10
chrX	 21600000	 20500000	22
chrX	 21800000	 21050000	15
chrX	 21850000	 19950000	38
chrX	 25550000	 26150000	12
chrX	 33650000	 34950000	26
chrX	 33850000	 33400000	9
chrX	 36700000	 36500000	4
chrX	 37800000	 34600000	64
chrX	 38450000	 40000000	31
chrX	 40000000	 41050000	21
chrX	 41350000	 43650000	46
chrX	 42900000	 41850000	21
chrX	 44100000	 41300000	56
chrX	 45100000	 43350000	35
chrX	 45400000	 43650000	35
chrX	 48400000	 49150000	15
chrX	 50500000	 51550000	21
chrX	 50550000	 49950000	12
chrX	 50850000	 52500000	33
chrX	 53400000	 54350000	19
chrX	 55400000	 54850000	11
chrX	 58800000	 59600000	16
chrX	 59400000	 59900000	10
chrX	 62000000	 63100000	22
chrX	 62100000	 60400000	34
chrX	 64200000	 65850000	33
chrX	 65750000	 64500000	25
chrX	 67200000	 69200000	40
chrX	 71350000	 69550000	36
chrX	 72300000	 71600000	14
chrX	 73500000	 74200000	14
chrX	 79700000	 78800000	18
chrX	 82350000	 80650000	34
chrX	 83550000	 81750000	36
chrX	 84250000	 82800000	29
chrX	 84950000	 84700000	5
chrX	 87800000	 88400000	12
chrX	 90500000	 88400000	42
chrX	 91000000	 90600000	8
chrX	 94400000	 93050000	27
chrX	 96050000	 98400000	47
chrX	 98150000	 97800000	7
chrX	104700000	106300000	32
chrX	107000000	107650000	13
chrX	109550000	108350000	24
chrX	110100000	109350000	15
chrX	112200000	112600000	8
chrX	115400000	114450000	19
chrX	115850000	114900000	19
chrX	116400000	117400000	20
chrX	119650000	118100000	31
chrX	120400000	122500000	42
chrX	122650000	120950000	34
chrX	124100000	125000000	18
chrX	124450000	123400000	21
chrX	125000000	125700000	14
chrX	126750000	129650000	58
chrX	128600000	130900000	46
chrX	129150000	130800000	33
chrX	131500000	132700000	24
chrX	135200000	134100000	22
chrX	138900000	139350000	9
chrX	144600000	143500000	22
chrX	146250000	144900000	27
chrX	158200000	157400000	16
chrX	159250000	157900000	27
chrX	159600000	160400000	16
chrX	161250000	162000000	15
chrX	162050000	160250000	36
chrX	163100000	164150000	21
chrX	163200000	162600000	12
chrX	168950000	169650000	14
chrY	  2050000	  3050000	20
chrY	  3550000	  5350000	36
chrY	  3650000	  2200000	29
chrY	  6400000	  4200000	44
chrY	  7850000	  7100000	15
chrY	  7850000	  7300000	11
chrY	  8550000	 10100000	31
chrY	  9050000	  7650000	28
chrY	 10500000	 11800000	26
chrY	 12400000	 13150000	15
chrY	 12650000	 14350000	34
chrY	 22200000	 21250000	19
chrY	 23750000	 24900000	23
chrY	 25300000	 24450000	17
chrY	 26450000	 25850000	12
chrY	 26850000	 27950000	22
chrY	 27100000	 26050000	21
chrY	 27450000	 26100000	27
chrY	 28150000	 27050000	22
chrY	 28300000	 26800000	30
chrY	 30450000	 33450000	60
chrY	 31600000	 32600000	20
chrY	 32400000	 33500000	22
chrY	 33900000	 32500000	28
chrY	 34400000	 33300000	22
chrY	 35000000	 34300000	14
chrY	 35000000	 36200000	24
chrY	 39800000	 41750000	39
chrY	 41700000	 39800000	38
chrY	 44300000	 48150000	77
chrY	 45950000	 47100000	23
chrY	 46850000	 45700000	23
chrY	 51700000	 53600000	38
chrY	 56050000	 57000000	19
chrY	 60000000	 59550000	9
chrY	 61200000	 60650000	11
chrY	 62300000	 62700000	8
chrY	 64050000	 64750000	14
chrY	 64350000	 62600000	35
chrY	 66850000	 68600000	35
chrY	 67700000	 69850000	43
chrY	 69300000	 70250000	19
chrY	 70850000	 69800000	21
chrY	 72400000	 71150000	25
chrY	 72900000	 73950000	21
chrY	 73750000	 74400000	13
chrY	 74550000	 75200000	13
chrY	 76850000	 78350000	30
chrY	 79350000	 80650000	26
chrY	 79750000	 80500000	15
chrY	 82450000	 81750000	14
chrY	 82950000	 82150000	16
chrY	 83150000	 84300000	23
chrY	 84250000	 81500000	55
chrY	 84350000	 85750000	28
chrY	 87900000	 86650000	25
chrY	 90900000	 89450000	29
