chr1	  2650000	  3600000	19
chr1	  4000000	  1300000	54
chr1	  4200000	  5500000	26
chr1	  8850000	 10100000	25
chr1	 11050000	 10350000	14
chr1	 11150000	 11750000	12
chr1	 11250000	 12400000	23
chr1	 15700000	 15100000	12
chr1	 17400000	 16450000	19
chr1	 17900000	 17400000	10
chr1	 17950000	 17500000	9
chr1	 19850000	 19400000	9
chr1	 27750000	 28850000	22
chr1	 30800000	 31600000	16
chr1	 31600000	 31250000	7
chr1	 31950000	 33100000	23
chr1	 35600000	 35600000	0
chr1	 35650000	 37250000	32
chr1	 38150000	 36550000	32
chr1	 43100000	 44000000	18
chr1	 43150000	 43500000	7
chr1	 43200000	 42100000	22
chr1	 43350000	 44450000	22
chr1	 45750000	 47550000	36
chr1	 51800000	 53750000	39
chr1	 55550000	 54750000	16
chr1	 57050000	 56750000	6
chr1	 58550000	 57450000	22
chr1	 63950000	 62900000	21
chr1	 65200000	 66300000	22
chr1	 69100000	 67050000	41
chr1	 70100000	 73950000	77
chr1	 70800000	 73300000	50
chr1	 75150000	 77700000	51
chr1	 78000000	 77000000	20
chr1	 80750000	 78200000	51
chr1	 80800000	 82000000	24
chr1	 83600000	 83050000	11
chr1	 87950000	 89350000	28
chr1	 88550000	 88150000	8
chr1	 89050000	 88100000	19
chr1	 90800000	 88600000	44
chr1	 93500000	 92250000	25
chr1	 96000000	 95500000	10
chr1	106200000	109250000	61
chr1	107200000	108400000	24
chr1	107350000	106600000	15
chr1	108350000	107750000	12
chr1	108850000	109400000	11
chr1	111600000	112050000	9
chr1	113650000	115400000	35
chr1	116950000	116650000	6
chr1	117250000	116150000	22
chr1	119250000	119900000	13
chr1	120150000	120600000	9
chr1	120550000	119950000	12
chr1	123200000	122400000	16
chr1	123700000	124600000	18
chr1	124200000	123500000	14
chr1	127250000	128250000	20
chr1	130700000	127950000	55
chr1	135450000	134900000	11
chr1	138600000	138050000	11
chr1	139950000	141150000	24
chr1	141300000	140000000	26
chr1	141450000	141450000	0
chr1	143450000	144750000	26
chr1	145600000	146400000	16
chr1	146600000	145200000	28
chr1	148300000	146250000	41
chr1	149950000	150650000	14
chr1	150700000	150350000	7
chr1	150750000	151300000	11
chr1	152350000	151250000	22
chr1	155850000	156350000	10
chr1	156050000	156800000	15
chr1	156950000	159300000	47
chr1	159050000	158200000	17
chr1	163350000	164850000	30
chr1	163950000	164450000	10
chr1	168350000	170450000	42
chr1	170600000	169450000	23
chr1	171400000	173700000	46
chr1	172100000	172550000	9
chr1	173200000	175850000	53
chr1	177350000	177750000	8
chr1	178200000	177700000	10
chr1	178900000	178300000	12
chr1	179450000	178800000	13
chr1	182050000	181350000	14
chr1	186750000	187500000	15
chr1	187500000	188050000	11
chr1	189150000	189450000	6
chr1	191250000	193200000	39
chr1	194000000	193500000	10
chr10	   900000	    50000	17
chr10	  1050000	   700000	7
chr10	  2550000	  4850000	46
chr10	  3350000	  2650000	14
chr10	  3750000	  7250000	70
chr10	  6450000	  5450000	20
chr10	 11650000	 11300000	7
chr10	 12000000	 12500000	10
chr10	 13050000	 12650000	8
chr10	 17700000	 16700000	20
chr10	 19050000	 18600000	9
chr10	 19350000	 20450000	22
chr10	 22050000	 24550000	50
chr10	 22700000	 23500000	16
chr10	 22850000	 23250000	8
chr10	 24200000	 24700000	10
chr10	 25700000	 23950000	35
chr10	 28600000	 26950000	33
chr10	 34700000	 33300000	28
chr10	 36550000	 38100000	31
chr10	 39950000	 41500000	31
chr10	 41500000	 40650000	17
chr10	 44400000	 45950000	31
chr10	 59650000	 60350000	14
chr10	 60250000	 60950000	14
chr10	 61300000	 60650000	13
chr10	 61850000	 62600000	15
chr10	 62150000	 63800000	33
chr10	 63150000	 62700000	9
chr10	 64150000	 66650000	50
chr10	 64950000	 66750000	36
chr10	 65350000	 66850000	30
chr10	 67500000	 68650000	23
chr10	 69950000	 69200000	15
chr10	 70400000	 71400000	20
chr10	 72100000	 71000000	22
chr10	 74600000	 75600000	20
chr10	 75100000	 74450000	13
chr10	 76300000	 73500000	56
chr10	 79900000	 80650000	15
chr10	 82250000	 81400000	17
chr10	 83450000	 82450000	20
chr10	 83700000	 84150000	9
chr10	 87800000	 85850000	39
chr10	 88050000	 87000000	21
chr10	 88300000	 86850000	29
chr10	 89800000	 90450000	13
chr10	 91450000	 92550000	22
chr10	 92350000	 91550000	16
chr10	 95250000	 96350000	22
chr10	 97800000	 96100000	34
chr10	101100000	101700000	12
chr10	103700000	102700000	20
chr10	104100000	103250000	17
chr10	108850000	108050000	16
chr10	111800000	113700000	38
chr10	114900000	116800000	38
chr10	114950000	113150000	36
chr10	117800000	120200000	48
chr10	120200000	119700000	10
chr10	122950000	123750000	16
chr10	124850000	122900000	39
chr10	130100000	128450000	33
chr11	   550000	  1250000	14
chr11	  1200000	   550000	13
chr11	  1200000	  2500000	26
chr11	  3700000	  4700000	20
chr11	  4250000	  3100000	23
chr11	  4750000	  6200000	29
chr11	  6100000	  4400000	34
chr11	  6850000	  8800000	39
chr11	  9800000	 10700000	18
chr11	 10500000	 11750000	25
chr11	 10600000	  9100000	30
chr11	 15050000	 16000000	19
chr11	 16350000	 15200000	23
chr11	 18600000	 17800000	16
chr11	 21400000	 19800000	32
chr11	 21950000	 21250000	14
chr11	 23000000	 24200000	24
chr11	 25800000	 26400000	12
chr11	 27000000	 25100000	38
chr11	 28950000	 29300000	7
chr11	 29350000	 28100000	25
chr11	 30700000	 31700000	20
chr11	 31250000	 33350000	42
chr11	 31700000	 29900000	36
chr11	 32700000	 32300000	8
chr11	 33950000	 33100000	17
chr11	 34850000	 33750000	22
chr11	 40600000	 40050000	11
chr11	 43700000	 43050000	13
chr11	 43900000	 43200000	14
chr11	 49550000	 50450000	18
chr11	 49700000	 48750000	19
chr11	 50050000	 51100000	21
chr11	 51900000	 52800000	18
chr11	 53850000	 52400000	29
chr11	 53900000	 53200000	14
chr11	 54200000	 54700000	10
chr11	 55450000	 53950000	30
chr11	 56750000	 58050000	26
chr11	 58950000	 59500000	11
chr11	 61300000	 59600000	34
chr11	 62500000	 64200000	34
chr11	 63450000	 62700000	15
chr11	 70200000	 69050000	23
chr11	 70450000	 71400000	19
chr11	 71000000	 72200000	24
chr11	 74650000	 75550000	18
chr11	 75700000	 75050000	13
chr11	 84900000	 85600000	14
chr11	 87500000	 85050000	49
chr11	 92150000	 90750000	28
chr11	 94500000	 93900000	12
chr11	 94600000	 92400000	44
chr11	 94950000	 96100000	23
chr11	 95650000	 92800000	57
chr11	 97550000	 96950000	12
chr11	101550000	100600000	19
chr11	101600000	100550000	21
chr11	102400000	103200000	16
chr11	105150000	107050000	38
chr11	109250000	111300000	41
chr11	109500000	108050000	29
chr11	109550000	108150000	28
chr11	109900000	110700000	16
chr11	111400000	112700000	26
chr11	113100000	114200000	22
chr11	114000000	115250000	25
chr11	115450000	115100000	7
chr11	119050000	119700000	13
chr11	120100000	120900000	16
chr11	120300000	121050000	15
chr12	  2950000	  3700000	15
chr12	  3300000	  2400000	18
chr12	  4200000	  4850000	13
chr12	  5500000	  3300000	44
chr12	  8050000	  7600000	9
chr12	  8500000	  7700000	16
chr12	 13200000	 14150000	19
chr12	 19600000	 20250000	13
chr12	 21300000	 21850000	11
chr12	 28750000	 29300000	11
chr12	 31850000	 33050000	24
chr12	 32250000	 33950000	34
chr12	 33800000	 34550000	15
chr12	 34700000	 33950000	15
chr12	 35450000	 34750000	14
chr12	 36350000	 35250000	22
chr12	 39600000	 39050000	11
chr12	 40550000	 41500000	19
chr12	 41550000	 37650000	78
chr12	 44400000	 45950000	31
chr12	 47500000	 45650000	37
chr12	 48050000	 48850000	16
chr12	 48150000	 46750000	28
chr12	 48450000	 47300000	23
chr12	 53800000	 53250000	11
chr12	 54600000	 56500000	38
chr12	 55900000	 55200000	14
chr12	 57650000	 58650000	20
chr12	 61850000	 62600000	15
chr12	 62100000	 63350000	25
chr12	 63250000	 65250000	40
chr12	 65100000	 66500000	28
chr12	 65600000	 66250000	13
chr12	 65900000	 67600000	34
chr12	 68000000	 68500000	10
chr12	 71900000	 71350000	11
chr12	 76850000	 75400000	29
chr12	 77350000	 77150000	4
chr12	 79950000	 81350000	28
chr12	 80150000	 81650000	30
chr12	 83550000	 85000000	29
chr12	 83850000	 86100000	45
chr12	 86900000	 85950000	19
chr12	 88600000	 90050000	29
chr12	 90150000	 88600000	31
chr12	 91750000	 92050000	6
chr12	 92000000	 91050000	19
chr12	 93750000	 92050000	34
chr12	 95400000	 97150000	35
chr12	 98000000	 96850000	23
chr12	 99750000	100450000	14
chr12	100450000	 99150000	26
chr12	104900000	103950000	19
chr12	106050000	105500000	11
chr12	106700000	106700000	0
chr12	107550000	107100000	9
chr12	108850000	109300000	9
chr12	115850000	117100000	25
chr12	117650000	116250000	28
chr13	  1800000	  1000000	16
chr13	  2050000	  1050000	20
chr13	  4450000	  3700000	15
chr13	  4950000	  6250000	26
chr13	  6500000	  5400000	22
chr13	  8100000	 10100000	40
chr13	  8550000	  9350000	16
chr13	 13150000	 11550000	32
chr13	 17000000	 17750000	15
chr13	 17850000	 18900000	21
chr13	 17950000	 18700000	15
chr13	 19350000	 19850000	10
chr13	 19900000	 19300000	12
chr13	 24550000	 23050000	30
chr13	 30150000	 28700000	29
chr13	 31150000	 30150000	20
chr13	 31250000	 29650000	32
chr13	 32450000	 34950000	50
chr13	 34900000	 36300000	28
chr13	 37750000	 38750000	20
chr13	 43150000	 44800000	33
chr13	 43300000	 44750000	29
chr13	 43350000	 44600000	25
chr13	 44200000	 42650000	31
chr13	 49300000	 47950000	27
chr13	 51000000	 51650000	13
chr13	 52800000	 49200000	72
chr13	 61650000	 59600000	41
chr13	 63300000	 64000000	14
chr13	 63750000	 62600000	23
chr13	 65350000	 63250000	42
chr13	 65850000	 65550000	6
chr13	 66950000	 69350000	48
chr13	 68500000	 69800000	26
chr13	 69500000	 69000000	10
chr13	 69650000	 70550000	18
chr13	 72000000	 72300000	6
chr13	 76500000	 75600000	18
chr13	 77250000	 76200000	21
chr13	 78100000	 77000000	22
chr13	 81300000	 79400000	38
chr13	 82400000	 83150000	15
chr13	 82550000	 81600000	19
chr13	 84550000	 83150000	28
chr13	 89750000	 91050000	26
chr13	 91050000	 89800000	25
chr13	 91950000	 90200000	35
chr13	 92550000	 91950000	12
chr13	 93350000	 92350000	20
chr13	 94500000	 95050000	11
chr13	 95650000	 95100000	11
chr13	 96050000	 97600000	31
chr13	 96600000	 94750000	37
chr13	 98750000	 97900000	17
chr13	 99050000	 99500000	9
chr13	102250000	101350000	18
chr13	103900000	102950000	19
chr13	105950000	107450000	30
chr13	109250000	111800000	51
chr13	109350000	108600000	15
chr13	109850000	113500000	73
chr13	113500000	113200000	6
chr13	115300000	116900000	32
chr13	116000000	116950000	19
chr13	118600000	117500000	22
chr14	  1100000	  1750000	13
chr14	  3900000	  5100000	24
chr14	  8650000	  7900000	15
chr14	  9000000	  7050000	39
chr14	  9100000	  9850000	15
chr14	  9450000	 11250000	36
chr14	 11550000	 12500000	19
chr14	 12350000	 14250000	38
chr14	 15400000	 14950000	9
chr14	 15600000	 16700000	22
chr14	 17400000	 16200000	24
chr14	 19450000	 20600000	23
chr14	 22200000	 22600000	8
chr14	 22450000	 21300000	23
chr14	 23750000	 22700000	21
chr14	 25100000	 25900000	16
chr14	 26450000	 26700000	5
chr14	 28850000	 30200000	27
chr14	 28900000	 28350000	11
chr14	 29250000	 29050000	4
chr14	 35600000	 36250000	13
chr14	 36000000	 33100000	58
chr14	 38200000	 36650000	31
chr14	 43800000	 44950000	23
chr14	 44100000	 43700000	8
chr14	 44950000	 46700000	35
chr14	 45250000	 44550000	14
chr14	 46050000	 45800000	5
chr14	 46300000	 48950000	53
chr14	 46350000	 45850000	10
chr14	 48000000	 46300000	34
chr14	 49050000	 48200000	17
chr14	 49750000	 48750000	20
chr14	 57050000	 55700000	27
chr14	 59850000	 58950000	18
chr14	 59900000	 59200000	14
chr14	 60850000	 60350000	10
chr14	 61600000	 62050000	9
chr14	 61750000	 63300000	31
chr14	 69900000	 69300000	12
chr14	 70650000	 72600000	39
chr14	 70900000	 69550000	27
chr14	 75400000	 74350000	21
chr14	 75900000	 77450000	31
chr14	 78150000	 79000000	17
chr14	 78250000	 78600000	7
chr14	 80950000	 78900000	41
chr14	 83000000	 84650000	33
chr14	 86850000	 84950000	38
chr14	 87250000	 89300000	41
chr14	 90500000	 89750000	15
chr14	 90500000	 90950000	9
chr14	 91100000	 92550000	29
chr14	 94050000	 93000000	21
chr14	 96550000	 96050000	10
chr14	101200000	 99850000	27
chr14	101800000	103050000	25
chr14	102250000	100950000	26
chr14	102900000	103950000	21
chr14	103950000	105200000	25
chr14	106400000	106700000	6
chr14	109700000	110300000	12
chr14	109750000	108950000	16
chr14	114750000	116150000	28
chr14	116100000	115200000	18
chr14	118000000	119650000	33
chr14	121900000	119950000	39
chr15	  1700000	   900000	16
chr15	  1950000	  3100000	23
chr15	  3450000	  2950000	10
chr15	  5850000	  5050000	16
chr15	  9850000	 10450000	12
chr15	 10250000	 11400000	23
chr15	 10900000	  8950000	39
chr15	 12150000	 10850000	26
chr15	 13000000	 11250000	35
chr15	 17400000	 14900000	50
chr15	 19050000	 18250000	16
chr15	 23150000	 23450000	6
chr15	 30050000	 31400000	27
chr15	 32300000	 35050000	55
chr15	 34200000	 32200000	40
chr15	 34600000	 35900000	26
chr15	 34650000	 32450000	44
chr15	 36850000	 38900000	41
chr15	 37900000	 40900000	60
chr15	 40650000	 41150000	10
chr15	 44500000	 45800000	26
chr15	 45250000	 47450000	44
chr15	 49250000	 50950000	34
chr15	 49600000	 48900000	14
chr15	 50000000	 51350000	27
chr15	 50200000	 51350000	23
chr15	 50500000	 51350000	17
chr15	 51700000	 49850000	37
chr15	 52600000	 51600000	20
chr15	 55550000	 56350000	16
chr15	 55900000	 55050000	17
chr15	 57050000	 56500000	11
chr15	 59900000	 59150000	15
chr15	 62400000	 64550000	43
chr15	 66550000	 67750000	24
chr15	 68500000	 69850000	27
chr15	 71500000	 72150000	13
chr15	 74450000	 75150000	14
chr15	 79900000	 80650000	15
chr15	 82700000	 84850000	43
chr15	 84950000	 86200000	25
chr15	 89100000	 88350000	15
chr15	 93150000	 93850000	14
chr15	 98200000	 96450000	35
chr15	101400000	100400000	20
chr15	101600000	100700000	18
chr16	  1800000	  3950000	43
chr16	  2000000	  3400000	28
chr16	  3800000	  4550000	15
chr16	  7650000	  9050000	28
chr16	  8450000	  8850000	8
chr16	  9550000	  8350000	24
chr16	 10000000	  7550000	49
chr16	 11800000	 12500000	14
chr16	 11950000	 12600000	13
chr16	 12400000	 13850000	29
chr16	 15850000	 14250000	32
chr16	 17150000	 18000000	17
chr16	 18550000	 17850000	14
chr16	 19150000	 16850000	46
chr16	 20000000	 20900000	18
chr16	 22500000	 23250000	15
chr16	 24450000	 24750000	6
chr16	 27000000	 28450000	29
chr16	 27100000	 28800000	34
chr16	 28000000	 26600000	28
chr16	 28950000	 30550000	32
chr16	 36300000	 39800000	70
chr16	 36800000	 37750000	19
chr16	 39750000	 38200000	31
chr16	 45850000	 44350000	30
chr16	 47750000	 46750000	20
chr16	 48350000	 49550000	24
chr16	 49700000	 50000000	6
chr16	 51500000	 50900000	12
chr16	 52000000	 53500000	30
chr16	 54650000	 51550000	62
chr16	 57650000	 58750000	22
chr16	 60600000	 59800000	16
chr16	 62550000	 63150000	12
chr16	 67100000	 68300000	24
chr16	 67950000	 67300000	13
chr16	 68550000	 69100000	11
chr16	 71700000	 72350000	13
chr16	 72400000	 71950000	9
chr16	 74100000	 73800000	6
chr16	 75150000	 77150000	40
chr16	 75650000	 77700000	41
chr16	 78150000	 79150000	20
chr16	 78500000	 79150000	13
chr16	 81350000	 79600000	35
chr16	 84050000	 84650000	12
chr16	 85150000	 82450000	54
chr16	 85950000	 85100000	17
chr16	 87400000	 85400000	40
chr16	 88800000	 90000000	24
chr16	 90150000	 90650000	10
chr16	 90850000	 89950000	18
chr16	 93400000	 92600000	16
chr16	 93750000	 93300000	9
chr16	 93950000	 95700000	35
chr16	 94050000	 95000000	19
chr16	 94150000	 96400000	45
chr16	 95900000	 96600000	14
chr16	 97850000	 96700000	23
chr17	  2850000	  1900000	19
chr17	  3200000	  2800000	8
chr17	  5000000	  3400000	32
chr17	  6100000	  7000000	18
chr17	  6250000	  4750000	30
chr17	  8450000	  9200000	15
chr17	 10000000	 11750000	35
chr17	 10150000	 11800000	33
chr17	 10900000	  9700000	24
chr17	 11600000	  9900000	34
chr17	 12750000	 11950000	16
chr17	 14850000	 14350000	10
chr17	 15300000	 14000000	26
chr17	 17600000	 19200000	32
chr17	 18600000	 19350000	15
chr17	 19400000	 18900000	10
chr17	 23050000	 24650000	32
chr17	 23900000	 24400000	10
chr17	 24400000	 25700000	26
chr17	 27850000	 30300000	49
chr17	 30200000	 31900000	34
chr17	 30450000	 29000000	29
chr17	 32750000	 34800000	41
chr17	 37550000	 36200000	27
chr17	 40950000	 39750000	24
chr17	 42100000	 39700000	48
chr17	 42450000	 43050000	12
chr17	 42750000	 43100000	7
chr17	 43550000	 45100000	31
chr17	 44050000	 46300000	45
chr17	 44750000	 43650000	22
chr17	 48050000	 47450000	12
chr17	 53550000	 54600000	21
chr17	 55100000	 53650000	29
chr17	 55300000	 53850000	29
chr17	 56950000	 56350000	12
chr17	 58650000	 56750000	38
chr17	 58900000	 59100000	4
chr17	 59350000	 57700000	33
chr17	 60450000	 59350000	22
chr17	 60850000	 60300000	11
chr17	 60950000	 62600000	33
chr17	 66600000	 67200000	12
chr17	 67150000	 65500000	33
chr17	 68250000	 69350000	22
chr17	 70400000	 71950000	31
chr17	 71900000	 71000000	18
chr17	 74350000	 75700000	27
chr17	 75100000	 73300000	36
chr17	 77200000	 76500000	14
chr17	 83050000	 81050000	40
chr17	 85800000	 85150000	13
chr17	 88700000	 90450000	35
chr17	 90750000	 90050000	14
chr17	 94850000	 93650000	24
chr18	  5350000	  3950000	28
chr18	  8150000	  6800000	27
chr18	  8350000	  7400000	19
chr18	 13250000	 11750000	30
chr18	 13400000	 13050000	7
chr18	 16250000	 16900000	13
chr18	 18100000	 21650000	71
chr18	 20400000	 21250000	17
chr18	 20700000	 22450000	35
chr18	 21100000	 19550000	31
chr18	 23950000	 22700000	25
chr18	 26600000	 27700000	22
chr18	 31850000	 33350000	30
chr18	 32200000	 33350000	23
chr18	 34350000	 35250000	18
chr18	 36550000	 37650000	22
chr18	 38550000	 37800000	15
chr18	 39150000	 39750000	12
chr18	 39850000	 41000000	23
chr18	 41350000	 40550000	16
chr18	 42100000	 42950000	17
chr18	 42650000	 43850000	24
chr18	 43400000	 44150000	15
chr18	 47950000	 48250000	6
chr18	 53050000	 53500000	9
chr18	 54350000	 55050000	14
chr18	 55150000	 56150000	20
chr18	 56700000	 59050000	47
chr18	 57600000	 56350000	25
chr18	 59350000	 59650000	6
chr18	 62750000	 63300000	11
chr18	 65350000	 67100000	35
chr18	 71550000	 70450000	22
chr18	 73700000	 74050000	7
chr18	 74550000	 75350000	16
chr18	 77350000	 76850000	10
chr18	 79650000	 77950000	34
chr18	 79650000	 81200000	31
chr18	 80050000	 80600000	11
chr18	 86300000	 85250000	21
chr18	 86900000	 87050000	3
chr18	 89000000	 88300000	14
chr19	  4550000	  5050000	10
chr19	  4950000	  4250000	14
chr19	  5700000	  7650000	39
chr19	  6250000	  7050000	16
chr19	  7250000	  6050000	24
chr19	  7300000	  8050000	15
chr19	  7750000	  6550000	24
chr19	  8700000	  9550000	17
chr19	 12400000	 13300000	18
chr19	 13250000	 12050000	24
chr19	 13250000	 14800000	31
chr19	 16300000	 17650000	27
chr19	 22100000	 23400000	26
chr19	 26400000	 25950000	9
chr19	 27450000	 28450000	20
chr19	 30650000	 31750000	22
chr19	 31850000	 30850000	20
chr19	 34750000	 35300000	11
chr19	 35350000	 35350000	0
chr19	 35600000	 36400000	16
chr19	 36750000	 35350000	28
chr19	 38900000	 39900000	20
chr19	 43500000	 43900000	8
chr19	 43550000	 42400000	23
chr19	 45300000	 44050000	25
chr19	 46100000	 47200000	22
chr19	 46700000	 46350000	7
chr19	 47500000	 45800000	34
chr19	 49200000	 49450000	5
chr19	 50350000	 50950000	12
chr19	 51300000	 51850000	11
chr19	 55950000	 56800000	17
chr19	 58750000	 57650000	22
chr19	 60100000	 59600000	10
chr2	  3550000	  3950000	8
chr2	  4700000	  4350000	7
chr2	  6250000	  7750000	30
chr2	  7350000	  8500000	23
chr2	  8000000	  9250000	25
chr2	  8200000	  9050000	17
chr2	 10800000	 12550000	35
chr2	 15150000	 16250000	22
chr2	 16000000	 16450000	9
chr2	 16350000	 15200000	23
chr2	 17400000	 18200000	16
chr2	 19400000	 18200000	24
chr2	 20400000	 19700000	14
chr2	 21700000	 19550000	43
chr2	 21800000	 21150000	13
chr2	 21850000	 22000000	3
chr2	 25850000	 27000000	23
chr2	 26650000	 27600000	19
chr2	 28300000	 30600000	46
chr2	 28450000	 29300000	17
chr2	 30150000	 29300000	17
chr2	 30600000	 29400000	24
chr2	 31800000	 32800000	20
chr2	 39450000	 38100000	27
chr2	 40500000	 41300000	16
chr2	 41050000	 41900000	17
chr2	 45200000	 46450000	25
chr2	 47000000	 48800000	36
chr2	 51500000	 52100000	12
chr2	 54150000	 52800000	27
chr2	 56050000	 52800000	65
chr2	 56050000	 57350000	26
chr2	 59600000	 60050000	9
chr2	 63900000	 62900000	20
chr2	 64200000	 63250000	19
chr2	 65350000	 64300000	21
chr2	 67000000	 65700000	26
chr2	 68000000	 70100000	42
chr2	 68750000	 69650000	18
chr2	 71200000	 72450000	25
chr2	 73250000	 73550000	6
chr2	 75350000	 75750000	8
chr2	 77000000	 74500000	50
chr2	 78500000	 77450000	21
chr2	 84550000	 85450000	18
chr2	 84900000	 85500000	12
chr2	 85650000	 86550000	18
chr2	 87750000	 87500000	5
chr2	 90000000	 88850000	23
chr2	 90200000	 93150000	59
chr2	101250000	102300000	21
chr2	104050000	105500000	29
chr2	108350000	109850000	30
chr2	111050000	110750000	6
chr2	111550000	110850000	14
chr2	112650000	113500000	17
chr2	112850000	111650000	24
chr2	117550000	118650000	22
chr2	118450000	117700000	15
chr2	119750000	118500000	25
chr2	121400000	122700000	26
chr2	122400000	123000000	12
chr2	129550000	128800000	15
chr2	132100000	131350000	15
chr2	135050000	135400000	7
chr2	138650000	139000000	7
chr2	140900000	137700000	64
chr2	142100000	142650000	11
chr2	142200000	141500000	14
chr2	142750000	143050000	6
chr2	142900000	140900000	40
chr2	144850000	145700000	17
chr2	145200000	144550000	13
chr2	147350000	145550000	36
chr2	148900000	147450000	29
chr2	149550000	148700000	17
chr2	151650000	153950000	46
chr2	154100000	156800000	54
chr2	154300000	156150000	37
chr2	154350000	154600000	5
chr2	157150000	155800000	27
chr2	162550000	162050000	10
chr2	162950000	164650000	34
chr2	165450000	165950000	10
chr2	169050000	170000000	19
chr2	170150000	168450000	34
chr2	170750000	171650000	18
chr2	174000000	174850000	17
chr2	178200000	179500000	26
chr2	179200000	178600000	12
chr3	   900000	  1750000	17
chr3	  1950000	   800000	23
chr3	  6700000	  8650000	39
chr3	  7000000	  7800000	16
chr3	 12500000	 11900000	12
chr3	 12500000	 13350000	17
chr3	 16850000	 17600000	15
chr3	 17300000	 18050000	15
chr3	 17300000	 19150000	37
chr3	 20750000	 21800000	21
chr3	 21250000	 19000000	45
chr3	 25100000	 23600000	30
chr3	 26100000	 25200000	18
chr3	 30200000	 28300000	38
chr3	 30700000	 29750000	19
chr3	 32650000	 34400000	35
chr3	 32750000	 33100000	7
chr3	 34250000	 36100000	37
chr3	 34400000	 34200000	4
chr3	 37100000	 38250000	23
chr3	 37450000	 38700000	25
chr3	 40250000	 41600000	27
chr3	 41000000	 41750000	15
chr3	 41400000	 43250000	37
chr3	 42500000	 40600000	38
chr3	 46400000	 45500000	18
chr3	 48200000	 47400000	16
chr3	 50700000	 50150000	11
chr3	 50700000	 52900000	44
chr3	 53400000	 52050000	27
chr3	 53500000	 52650000	17
chr3	 54850000	 55900000	21
chr3	 55550000	 56550000	20
chr3	 56600000	 57450000	17
chr3	 63000000	 61950000	21
chr3	 64900000	 64000000	18
chr3	 65200000	 65850000	13
chr3	 69450000	 69000000	9
chr3	 71350000	 74500000	63
chr3	 78100000	 76800000	26
chr3	 78200000	 80850000	53
chr3	 85950000	 85700000	5
chr3	 86650000	 86050000	12
chr3	 86950000	 87750000	16
chr3	 90200000	 89400000	16
chr3	 90550000	 88850000	34
chr3	 90850000	 91250000	8
chr3	 92850000	 91450000	28
chr3	 94200000	 93100000	22
chr3	 94800000	 94250000	11
chr3	 95000000	 94150000	17
chr3	 95050000	 94350000	14
chr3	 95050000	 94650000	8
chr3	 95350000	 93450000	38
chr3	 95700000	 96900000	24
chr3	 96450000	 99450000	60
chr3	 99200000	101550000	47
chr3	101500000	101750000	5
chr3	102300000	103550000	25
chr3	102650000	101300000	27
chr3	104550000	102300000	45
chr3	107650000	108950000	26
chr3	108600000	110200000	32
chr3	110150000	110500000	7
chr3	110950000	112600000	33
chr3	111750000	112400000	13
chr3	112450000	111650000	16
chr3	112950000	112350000	12
chr3	113250000	112400000	17
chr3	117700000	117150000	11
chr3	118150000	122750000	92
chr3	119500000	120050000	11
chr3	122000000	119750000	45
chr3	122950000	122400000	11
chr3	132750000	131050000	34
chr3	142500000	143150000	13
chr3	144250000	145900000	33
chr3	144850000	143750000	22
chr3	147400000	146800000	12
chr3	148100000	149050000	19
chr3	148350000	147800000	11
chr3	150400000	151950000	31
chr3	152550000	151350000	24
chr3	153150000	152450000	14
chr3	155400000	156200000	16
chr3	155800000	157050000	25
chr4	  1500000	  2100000	12
chr4	  3550000	  4800000	25
chr4	  5950000	  3750000	44
chr4	  6300000	  6550000	5
chr4	  8300000	  6650000	33
chr4	 10350000	 11150000	16
chr4	 11250000	 12400000	23
chr4	 11650000	 12350000	14
chr4	 19450000	 20350000	18
chr4	 24000000	 24350000	7
chr4	 25250000	 25650000	8
chr4	 26200000	 25800000	8
chr4	 29400000	 29800000	8
chr4	 29500000	 30350000	17
chr4	 30100000	 31150000	21
chr4	 32400000	 31500000	18
chr4	 32800000	 31300000	30
chr4	 33750000	 36700000	59
chr4	 36600000	 34800000	36
chr4	 36800000	 35150000	33
chr4	 40600000	 40000000	12
chr4	 43200000	 41800000	28
chr4	 44850000	 45750000	18
chr4	 61150000	 63200000	41
chr4	 61600000	 59750000	37
chr4	 64900000	 63200000	34
chr4	 65200000	 64100000	22
chr4	 69050000	 70000000	19
chr4	 69250000	 70250000	20
chr4	 71450000	 70550000	18
chr4	 71550000	 72700000	23
chr4	 72250000	 72950000	14
chr4	 74000000	 74000000	0
chr4	 75150000	 74000000	23
chr4	 75250000	 73700000	31
chr4	 75400000	 74500000	18
chr4	 75700000	 76350000	13
chr4	 77050000	 78350000	26
chr4	 77900000	 77250000	13
chr4	 78500000	 77750000	15
chr4	 81800000	 83800000	40
chr4	 86800000	 87750000	19
chr4	 87450000	 88150000	14
chr4	 89950000	 89000000	19
chr4	 91700000	 91050000	13
chr4	 92650000	 93350000	14
chr4	 96750000	 95750000	20
chr4	103000000	106250000	65
chr4	103400000	102700000	14
chr4	103900000	104650000	15
chr4	106200000	106650000	9
chr4	106650000	106050000	12
chr4	107950000	109150000	24
chr4	109250000	111250000	40
chr4	109600000	110650000	21
chr4	113500000	114150000	13
chr4	115950000	113700000	45
chr4	116300000	116500000	4
chr4	120900000	119650000	25
chr4	126500000	127000000	10
chr4	128150000	126400000	35
chr4	128800000	127500000	26
chr4	130150000	129000000	23
chr4	130800000	129750000	21
chr4	130950000	129000000	39
chr4	134150000	133250000	18
chr4	134400000	135100000	14
chr4	138400000	137800000	12
chr4	140600000	139550000	21
chr4	140900000	139350000	31
chr4	144700000	145100000	8
chr4	145350000	144950000	8
chr4	147650000	148100000	9
chr4	152000000	150850000	23
chr4	154400000	155800000	28
chr4	155350000	154050000	26
chr5	  1850000	  1100000	15
chr5	  2200000	  3250000	21
chr5	  2500000	  1800000	14
chr5	  3450000	  2600000	17
chr5	  7400000	  9950000	51
chr5	  8400000	  9300000	18
chr5	 18200000	 17650000	11
chr5	 20400000	 21100000	14
chr5	 20650000	 20200000	9
chr5	 20750000	 22750000	40
chr5	 21050000	 22350000	26
chr5	 21550000	 23000000	29
chr5	 21600000	 22950000	27
chr5	 21950000	 20350000	32
chr5	 21950000	 24300000	47
chr5	 22200000	 21350000	17
chr5	 22800000	 24050000	25
chr5	 25150000	 23750000	28
chr5	 26350000	 27400000	21
chr5	 28150000	 29500000	27
chr5	 28600000	 27550000	21
chr5	 28750000	 30200000	29
chr5	 30850000	 28750000	42
chr5	 33550000	 32950000	12
chr5	 37100000	 36000000	22
chr5	 38750000	 37950000	16
chr5	 40800000	 39200000	32
chr5	 41700000	 41200000	10
chr5	 42100000	 38400000	74
chr5	 44400000	 45850000	29
chr5	 46850000	 45750000	22
chr5	 50550000	 53900000	67
chr5	 55850000	 56450000	12
chr5	 56600000	 58250000	33
chr5	 57200000	 58000000	16
chr5	 58850000	 59300000	9
chr5	 63650000	 62200000	29
chr5	 64650000	 66200000	31
chr5	 66450000	 66900000	9
chr5	 66700000	 65900000	16
chr5	 67550000	 66200000	27
chr5	 68100000	 66750000	27
chr5	 68650000	 67350000	26
chr5	 68750000	 70300000	31
chr5	 68850000	 67800000	21
chr5	 70650000	 68950000	34
chr5	 70800000	 70600000	4
chr5	 71400000	 73050000	33
chr5	 73800000	 73300000	10
chr5	 75200000	 73950000	25
chr5	 75500000	 78900000	68
chr5	 75550000	 76900000	27
chr5	 76200000	 74850000	27
chr5	 77750000	 80150000	48
chr5	 77800000	 76200000	32
chr5	 81500000	 81100000	8
chr5	 82050000	 80300000	35
chr5	 82850000	 82050000	16
chr5	 85100000	 84600000	10
chr5	 85200000	 85950000	15
chr5	 88850000	 90650000	36
chr5	 91950000	 91050000	18
chr5	 93000000	 95950000	59
chr5	 93750000	 95000000	25
chr5	 97400000	 96750000	13
chr5	102500000	101950000	11
chr5	106500000	107750000	25
chr5	108200000	107800000	8
chr5	110000000	109900000	2
chr5	112250000	111750000	10
chr5	113700000	114100000	8
chr5	114800000	116050000	25
chr5	118950000	120300000	27
chr5	121750000	122950000	24
chr5	122700000	123400000	14
chr5	123550000	124350000	16
chr5	125650000	123850000	36
chr5	126650000	125950000	14
chr5	134300000	132950000	27
chr5	141100000	140850000	5
chr5	143550000	142700000	17
chr5	144300000	145500000	24
chr5	145550000	146400000	17
chr5	145750000	148050000	46
chr5	146450000	145700000	15
chr5	148400000	147250000	23
chr5	148500000	150000000	30
chr5	149950000	150950000	20
chr5	151250000	151750000	10
chr6	   550000	  1300000	15
chr6	   600000	  2450000	37
chr6	  4850000	  7250000	48
chr6	  5100000	  6600000	30
chr6	  6000000	  7650000	33
chr6	  7050000	  6250000	16
chr6	  8000000	  9400000	28
chr6	  8800000	  7800000	20
chr6	 11000000	 12450000	29
chr6	 11550000	 10100000	29
chr6	 11900000	 11100000	16
chr6	 13700000	 14250000	11
chr6	 16800000	 15400000	28
chr6	 17400000	 19150000	35
chr6	 17700000	 17050000	13
chr6	 18500000	 18700000	4
chr6	 20800000	 21300000	10
chr6	 23050000	 23850000	16
chr6	 27100000	 27750000	13
chr6	 33150000	 31750000	28
chr6	 35700000	 36750000	21
chr6	 39300000	 39700000	8
chr6	 46850000	 45700000	23
chr6	 49150000	 48800000	7
chr6	 49450000	 47550000	38
chr6	 51650000	 51200000	9
chr6	 52550000	 52100000	9
chr6	 52700000	 52350000	7
chr6	 57800000	 54900000	58
chr6	 60300000	 59050000	25
chr6	 60750000	 61500000	15
chr6	 63400000	 62350000	21
chr6	 63450000	 63100000	7
chr6	 66050000	 67000000	19
chr6	 68700000	 69300000	12
chr6	 79150000	 78400000	15
chr6	 79350000	 79950000	12
chr6	 79400000	 80400000	20
chr6	 82450000	 83200000	15
chr6	 83450000	 82600000	17
chr6	 87000000	 84150000	57
chr6	 88950000	 87150000	36
chr6	 91350000	 90250000	22
chr6	 93250000	 94450000	24
chr6	 94150000	 93150000	20
chr6	 94250000	 95500000	25
chr6	 94950000	 96350000	28
chr6	 96100000	 97750000	33
chr6	 98600000	 99300000	14
chr6	101900000	101400000	10
chr6	103550000	103100000	9
chr6	106150000	107350000	24
chr6	110450000	108950000	30
chr6	111150000	110100000	21
chr6	113550000	114850000	26
chr6	114500000	114100000	8
chr6	123800000	122350000	29
chr6	124150000	124150000	0
chr6	126200000	126600000	8
chr6	129250000	130850000	32
chr6	131000000	135650000	93
chr6	132200000	131650000	11
chr6	132450000	133550000	22
chr6	134850000	135650000	16
chr6	139400000	139950000	11
chr6	140150000	138750000	28
chr6	140250000	139500000	15
chr6	145150000	144300000	17
chr7	  3050000	  2500000	11
chr7	  3900000	  4550000	13
chr7	  6950000	  5950000	20
chr7	  7750000	  7550000	4
chr7	 10950000	 10100000	17
chr7	 14450000	 13700000	15
chr7	 16100000	 17900000	36
chr7	 16850000	 15200000	33
chr7	 17100000	 15700000	28
chr7	 17500000	 15750000	35
chr7	 18950000	 19400000	9
chr7	 27150000	 26300000	17
chr7	 28100000	 26750000	27
chr7	 28950000	 27700000	25
chr7	 32450000	 34200000	35
chr7	 32800000	 31950000	17
chr7	 34600000	 35850000	25
chr7	 35500000	 38250000	55
chr7	 37800000	 35950000	37
chr7	 37900000	 38650000	15
chr7	 42400000	 42000000	8
chr7	 48200000	 47150000	21
chr7	 49950000	 50550000	12
chr7	 55850000	 56650000	16
chr7	 57200000	 58200000	20
chr7	 57300000	 59000000	34
chr7	 58000000	 58450000	9
chr7	 63200000	 62700000	10
chr7	 64900000	 63100000	36
chr7	 66850000	 69000000	43
chr7	 68800000	 70950000	43
chr7	 70650000	 69800000	17
chr7	 72450000	 71250000	24
chr7	 76200000	 74550000	33
chr7	 77350000	 78550000	24
chr7	 82600000	 81500000	22
chr7	 83850000	 82950000	18
chr7	 84350000	 85300000	19
chr7	 86200000	 85650000	11
chr7	 88150000	 88700000	11
chr7	 89850000	 88600000	25
chr7	 90800000	 92050000	25
chr7	 93950000	 92850000	22
chr7	 96350000	 98150000	36
chr7	 98550000	 97400000	23
chr7	101150000	100750000	8
chr7	101300000	100550000	15
chr7	101750000	102800000	21
chr7	103050000	102700000	7
chr7	103350000	102300000	21
chr7	103550000	103850000	6
chr7	105300000	103950000	27
chr7	105450000	106400000	19
chr7	107750000	108750000	20
chr7	109100000	108300000	16
chr7	113450000	114600000	23
chr7	119700000	119000000	14
chr7	122150000	122800000	13
chr7	123150000	124750000	32
chr7	126250000	126850000	12
chr7	126300000	125300000	20
chr7	128300000	129200000	18
chr7	128650000	129300000	13
chr7	129500000	128500000	20
chr7	129850000	128550000	26
chr7	130600000	128800000	36
chr7	130850000	130300000	11
chr7	131050000	129550000	30
chr7	135800000	133950000	37
chr7	138400000	138950000	11
chr7	139200000	140400000	24
chr7	141150000	140150000	20
chr7	143850000	144150000	6
chr7	144200000	142150000	41
chr8	  6950000	  5550000	28
chr8	 10450000	 12050000	32
chr8	 13750000	 14700000	19
chr8	 13950000	 15400000	29
chr8	 14250000	 14900000	13
chr8	 14400000	 15300000	18
chr8	 15700000	 13950000	35
chr8	 21350000	 23450000	42
chr8	 21700000	 22350000	13
chr8	 22600000	 22150000	9
chr8	 24000000	 25650000	33
chr8	 28550000	 29250000	14
chr8	 30500000	 27900000	52
chr8	 34850000	 35850000	20
chr8	 35750000	 36950000	24
chr8	 39350000	 39850000	10
chr8	 39500000	 38850000	13
chr8	 41700000	 40300000	28
chr8	 45600000	 46300000	14
chr8	 47850000	 47250000	12
chr8	 48000000	 48950000	19
chr8	 50300000	 50850000	11
chr8	 51000000	 48800000	44
chr8	 51250000	 52350000	22
chr8	 55900000	 56200000	6
chr8	 56100000	 58800000	54
chr8	 56400000	 57750000	27
chr8	 57550000	 58250000	14
chr8	 60100000	 63450000	67
chr8	 63350000	 63950000	12
chr8	 63650000	 64650000	20
chr8	 63750000	 62450000	26
chr8	 64000000	 62400000	32
chr8	 64350000	 63350000	20
chr8	 64800000	 64100000	14
chr8	 66700000	 69600000	58
chr8	 68750000	 67650000	22
chr8	 72550000	 73950000	28
chr8	 78250000	 79750000	30
chr8	 78850000	 78350000	10
chr8	 79550000	 78600000	19
chr8	 80450000	 79750000	14
chr8	 81400000	 84000000	52
chr8	 83400000	 82550000	17
chr8	 87200000	 90000000	56
chr8	 90950000	 92700000	35
chr8	 94950000	 93400000	31
chr8	 96400000	 98800000	48
chr8	 96850000	 97850000	20
chr8	103200000	104800000	32
chr8	103400000	104600000	24
chr8	106950000	105800000	23
chr8	107150000	105300000	37
chr8	107650000	108200000	11
chr8	109450000	108400000	21
chr8	109700000	109200000	10
chr8	109800000	108550000	25
chr8	112100000	112950000	17
chr8	114900000	114250000	13
chr8	116900000	115050000	37
chr8	119600000	118600000	20
chr8	121350000	120350000	20
chr8	126950000	127600000	13
chr8	127450000	129300000	37
chr9	  1500000	  2400000	18
chr9	  2650000	  1900000	15
chr9	  5050000	  3850000	24
chr9	  5550000	  4400000	23
chr9	  7050000	  7050000	0
chr9	  7050000	  7900000	17
chr9	  7700000	  8350000	13
chr9	  9350000	  8700000	13
chr9	 12950000	 13600000	13
chr9	 13350000	 13800000	9
chr9	 13700000	 12250000	29
chr9	 19000000	 17900000	22
chr9	 19100000	 19950000	17
chr9	 20600000	 20600000	0
chr9	 25950000	 23800000	43
chr9	 26500000	 28550000	41
chr9	 32250000	 30650000	32
chr9	 32250000	 33550000	26
chr9	 36350000	 36750000	8
chr9	 40800000	 39600000	24
chr9	 42350000	 44950000	52
chr9	 45600000	 47150000	31
chr9	 48150000	 49050000	18
chr9	 51000000	 52650000	33
chr9	 53050000	 51250000	36
chr9	 57150000	 56100000	21
chr9	 58100000	 59600000	30
chr9	 60200000	 61000000	16
chr9	 66600000	 66600000	0
chr9	 66700000	 67650000	19
chr9	 67750000	 66700000	21
chr9	 68450000	 69300000	17
chr9	 71650000	 71250000	8
chr9	 73350000	 74850000	30
chr9	 74850000	 75750000	18
chr9	 78850000	 80150000	26
chr9	 84950000	 83900000	21
chr9	 86200000	 87050000	17
chr9	 89700000	 91550000	37
chr9	 89900000	 92000000	42
chr9	 94500000	 94100000	8
chr9	 98050000	 99050000	20
chr9	 99750000	101750000	40
chr9	 99800000	 98900000	18
chr9	100600000	 99700000	18
chr9	109050000	107350000	34
chr9	110200000	111200000	20
chr9	111400000	112100000	14
chr9	113400000	114500000	22
chr9	114850000	115900000	21
chr9	115250000	114100000	23
chr9	119700000	120200000	10
chrX	  4400000	  6100000	34
chrX	  4900000	  5850000	19
chrX	  8100000	  9150000	21
chrX	  8100000	  9350000	25
chrX	  8750000	  7850000	18
chrX	 10400000	 10950000	11
chrX	 10900000	 11500000	12
chrX	 14750000	 17550000	56
chrX	 15900000	 15250000	13
chrX	 16050000	 16400000	7
chrX	 18100000	 17150000	19
chrX	 20300000	 17500000	56
chrX	 20450000	 19100000	27
chrX	 21200000	 23150000	39
chrX	 24600000	 25850000	25
chrX	 26100000	 26100000	0
chrX	 28500000	 29900000	28
chrX	 29400000	 27000000	48
chrX	 29900000	 30400000	10
chrX	 30950000	 31550000	12
chrX	 34750000	 33700000	21
chrX	 38150000	 38500000	7
chrX	 43100000	 39800000	66
chrX	 44600000	 44600000	0
chrX	 47000000	 45100000	38
chrX	 48000000	 48650000	13
chrX	 49150000	 50300000	23
chrX	 49900000	 49250000	13
chrX	 51550000	 51000000	11
chrX	 57700000	 58700000	20
chrX	 59450000	 59050000	8
chrX	 59850000	 59450000	8
chrX	 61300000	 62350000	21
chrX	 61900000	 59550000	47
chrX	 63200000	 64150000	19
chrX	 64000000	 62050000	39
chrX	 64800000	 65700000	18
chrX	 65800000	 64850000	19
chrX	 67450000	 65000000	49
chrX	 69050000	 69950000	18
chrX	 71700000	 73150000	29
chrX	 76500000	 79100000	52
chrX	 77100000	 75900000	24
chrX	 79050000	 78450000	12
chrX	 79050000	 80000000	19
chrX	 79900000	 78500000	28
chrX	 82950000	 83700000	15
chrX	 83400000	 82550000	17
chrX	 84200000	 83150000	21
chrX	 85150000	 86250000	22
chrX	 87100000	 86350000	15
chrX	 89400000	 91050000	33
chrX	 90200000	 93950000	75
chrX	 93750000	 94350000	12
chrX	 97900000	 99750000	37
chrX	 99300000	100500000	24
chrX	 99600000	 98900000	14
chrX	 99850000	101950000	42
chrX	102950000	103850000	18
chrX	103150000	101850000	26
chrX	103150000	104450000	26
chrX	103800000	101800000	40
chrX	106600000	107650000	21
chrX	106650000	106050000	12
chrX	108850000	107450000	28
chrX	112650000	112200000	9
chrX	113400000	110650000	55
chrX	113500000	114950000	29
chrX	120000000	121050000	21
chrX	120350000	121650000	26
chrX	120950000	119850000	22
chrX	121450000	122450000	20
chrX	121750000	120800000	19
chrX	125150000	123400000	35
chrX	126500000	128750000	45
chrX	126800000	126000000	16
chrX	128650000	127000000	33
chrX	129400000	128750000	13
chrX	129750000	134300000	91
chrX	130850000	132200000	27
chrX	134600000	133450000	23
chrX	137200000	135850000	27
chrX	137750000	136300000	29
chrX	140600000	140250000	7
chrX	141050000	142850000	36
chrX	141650000	141050000	12
chrX	156100000	154950000	23
chrX	156100000	156950000	17
chrX	160800000	160000000	16
chrX	161450000	162350000	18
chrX	163500000	162400000	22
chrY	   400000	  1250000	17
chrY	  1900000	   800000	22
chrY	  7150000	  6900000	5
chrY	  7750000	  6550000	24
chrY	 14500000	 13050000	29
chrY	 20250000	 18750000	30
chrY	 20700000	 18900000	36
chrY	 21300000	 22200000	18
chrY	 23700000	 24250000	11
chrY	 34350000	 33000000	27
chrY	 41350000	 42250000	18
chrY	 42600000	 41900000	14
chrY	 45050000	 46750000	34
chrY	 46800000	 46100000	14
chrY	 48000000	 49150000	23
chrY	 49050000	 51300000	45
chrY	 49600000	 50100000	10
chrY	 49900000	 50450000	11
chrY	 51050000	 52050000	20
chrY	 52150000	 50750000	28
chrY	 53150000	 51050000	42
chrY	 54200000	 53200000	20
chrY	 55850000	 53400000	49
chrY	 59350000	 60300000	19
chrY	 59550000	 59000000	11
chrY	 62250000	 63300000	21
chrY	 63600000	 64200000	12
chrY	 68850000	 68050000	16
chrY	 69450000	 70200000	15
chrY	 73700000	 74550000	17
chrY	 79450000	 78550000	18
chrY	 79700000	 79200000	10
chrY	 81700000	 80700000	20
chrY	 83800000	 83150000	13
chrY	 85500000	 86150000	13
chrY	 87350000	 86550000	16
chrY	 89050000	 87400000	33
chrY	 90250000	 88750000	30
