chr1	  6450000	  7550000	22
chr1	  7750000	  6750000	20
chr1	  8700000	  7000000	34
chr1	  9350000	  8050000	26
chr1	 11750000	 15500000	75
chr1	 12400000	 10850000	31
chr1	 15600000	 14350000	25
chr1	 18300000	 17750000	11
chr1	 20650000	 21350000	14
chr1	 21700000	 21000000	14
chr1	 27000000	 25300000	34
chr1	 27400000	 25800000	32
chr1	 27900000	 29050000	23
chr1	 29250000	 28300000	19
chr1	 29500000	 28450000	21
chr1	 32050000	 35000000	59
chr1	 35100000	 34350000	15
chr1	 35550000	 32950000	52
chr1	 39150000	 39950000	16
chr1	 45850000	 45300000	11
chr1	 47500000	 47100000	8
chr1	 51150000	 52250000	22
chr1	 55650000	 54600000	21
chr1	 55800000	 55150000	13
chr1	 58000000	 58500000	10
chr1	 58250000	 59650000	28
chr1	 61650000	 61200000	9
chr1	 62050000	 60300000	35
chr1	 62550000	 61750000	16
chr1	 67000000	 68550000	31
chr1	 68050000	 69150000	22
chr1	 68450000	 66900000	31
chr1	 68950000	 69750000	16
chr1	 72500000	 73050000	11
chr1	 75400000	 75950000	11
chr1	 75700000	 73600000	42
chr1	 76250000	 77550000	26
chr1	 78750000	 79300000	11
chr1	 83500000	 84750000	25
chr1	 86100000	 83750000	47
chr1	 87650000	 87050000	12
chr1	 87750000	 86200000	31
chr1	 92650000	 93150000	10
chr1	 93200000	 97050000	77
chr1	 93450000	 92750000	14
chr1	 94400000	 93500000	18
chr1	 96500000	 95350000	23
chr1	 96750000	 95700000	21
chr1	103800000	105200000	28
chr1	105300000	103950000	27
chr1	105300000	104400000	18
chr1	107750000	108700000	19
chr1	108600000	107450000	23
chr1	115900000	114600000	26
chr1	118250000	120100000	37
chr1	121800000	120100000	34
chr1	127650000	129350000	34
chr1	128750000	129650000	18
chr1	129500000	128250000	25
chr1	130350000	129600000	15
chr1	133900000	135250000	27
chr1	134150000	133300000	17
chr1	138700000	137500000	24
chr1	140950000	141600000	13
chr1	145950000	146400000	9
chr1	148450000	149200000	15
chr1	149900000	148950000	19
chr1	151800000	156450000	93
chr1	152700000	153250000	11
chr1	152950000	152400000	11
chr1	153100000	151950000	23
chr1	153350000	154950000	32
chr1	155300000	156500000	24
chr1	158100000	158900000	16
chr1	158250000	157200000	21
chr1	158800000	160850000	41
chr1	162450000	161350000	22
chr1	165200000	165650000	9
chr1	166750000	164000000	55
chr1	167950000	168300000	7
chr1	168950000	168100000	17
chr1	170100000	171350000	25
chr1	170150000	170800000	13
chr1	170900000	170250000	13
chr1	171300000	171850000	11
chr1	171800000	172700000	18
chr1	172650000	171850000	16
chr1	172850000	171800000	21
chr1	174400000	173600000	16
chr1	175750000	175000000	15
chr1	176750000	176200000	11
chr1	180600000	179000000	32
chr1	182100000	181350000	15
chr1	183100000	184200000	22
chr1	186150000	187000000	17
chr1	186600000	184950000	33
chr1	188450000	187050000	28
chr1	190200000	191450000	25
chr1	191400000	191750000	7
chr1	192100000	193550000	29
chr10	   350000	  1600000	25
chr10	   750000	  2350000	32
chr10	  2100000	  3550000	29
chr10	  6050000	  5550000	10
chr10	 12200000	 10450000	35
chr10	 14100000	 15300000	24
chr10	 21150000	 19100000	41
chr10	 23000000	 21200000	36
chr10	 25550000	 26350000	16
chr10	 25650000	 25900000	5
chr10	 25800000	 26100000	6
chr10	 29550000	 30200000	13
chr10	 31300000	 32100000	16
chr10	 33500000	 32000000	30
chr10	 34250000	 32150000	42
chr10	 35250000	 33850000	28
chr10	 35700000	 36350000	13
chr10	 36700000	 35750000	19
chr10	 39700000	 41450000	35
chr10	 41650000	 41100000	11
chr10	 44450000	 43050000	28
chr10	 49600000	 48200000	28
chr10	 50700000	 51750000	21
chr10	 52500000	 53050000	11
chr10	 52550000	 53700000	23
chr10	 53250000	 54400000	23
chr10	 55500000	 56000000	10
chr10	 55700000	 56100000	8
chr10	 57850000	 58650000	16
chr10	 62100000	 63050000	19
chr10	 62450000	 62100000	7
chr10	 65850000	 63550000	46
chr10	 69900000	 71250000	27
chr10	 70200000	 71050000	17
chr10	 70300000	 68550000	35
chr10	 72150000	 73450000	26
chr10	 78750000	 75850000	58
chr10	 80500000	 81750000	25
chr10	 82150000	 82150000	0
chr10	 82950000	 83300000	7
chr10	 84500000	 87650000	63
chr10	 85400000	 83150000	45
chr10	 86500000	 88500000	40
chr10	 86900000	 87250000	7
chr10	 89550000	 90650000	22
chr10	 90650000	 89650000	20
chr10	 93850000	 93450000	8
chr10	 94400000	 92850000	31
chr10	 94550000	 94300000	5
chr10	 97350000	 95900000	29
chr10	 98050000	 98750000	14
chr10	 99300000	100050000	15
chr10	108850000	110650000	36
chr10	109800000	109150000	13
chr10	110150000	108200000	39
chr10	112650000	111900000	15
chr10	119850000	120650000	16
chr10	120500000	120150000	7
chr10	120900000	122050000	23
chr10	120950000	121800000	17
chr10	124700000	125900000	24
chr10	124850000	124450000	8
chr10	125000000	124250000	15
chr10	126450000	127750000	26
chr10	128800000	129700000	18
chr10	129350000	129650000	6
chr10	130150000	129500000	13
chr11	  2850000	  2000000	17
chr11	  4250000	  5400000	23
chr11	 10800000	 11600000	16
chr11	 13750000	 14700000	19
chr11	 14550000	 12850000	34
chr11	 16350000	 16750000	8
chr11	 17150000	 15400000	35
chr11	 17200000	 17200000	0
chr11	 17750000	 16450000	26
chr11	 19300000	 17400000	38
chr11	 19700000	 19600000	2
chr11	 19850000	 17000000	57
chr11	 19900000	 18200000	34
chr11	 20050000	 18650000	28
chr11	 22350000	 20950000	28
chr11	 22800000	 21750000	21
chr11	 25800000	 27050000	25
chr11	 26600000	 25100000	30
chr11	 28050000	 28900000	17
chr11	 28300000	 28950000	13
chr11	 28550000	 29300000	15
chr11	 30850000	 28350000	50
chr11	 30900000	 29650000	25
chr11	 31150000	 30150000	20
chr11	 31750000	 32400000	13
chr11	 31750000	 33050000	26
chr11	 32100000	 32750000	13
chr11	 32650000	 33350000	14
chr11	 33850000	 33250000	12
chr11	 33900000	 33400000	10
chr11	 33950000	 36350000	48
chr11	 38900000	 36600000	46
chr11	 42350000	 42950000	12
chr11	 43500000	 43000000	10
chr11	 49900000	 49150000	15
chr11	 52650000	 54350000	34
chr11	 54200000	 53550000	13
chr11	 55400000	 56400000	20
chr11	 58050000	 57550000	10
chr11	 66500000	 65400000	22
chr11	 67100000	 69650000	51
chr11	 70100000	 69100000	20
chr11	 74050000	 74800000	15
chr11	 74550000	 74550000	0
chr11	 76600000	 75150000	29
chr11	 83300000	 81600000	34
chr11	 84350000	 86600000	45
chr11	 90800000	 90300000	10
chr11	 91800000	 90850000	19
chr11	 95850000	 97950000	42
chr11	 95900000	 94450000	29
chr11	100200000	 98450000	35
chr11	103200000	101500000	34
chr11	103400000	102300000	22
chr11	103500000	104300000	16
chr11	103800000	104450000	13
chr11	105350000	107300000	39
chr11	106100000	103200000	58
chr11	106200000	105800000	8
chr11	110350000	109400000	19
chr11	115350000	116500000	23
chr12	  1750000	   900000	17
chr12	  9150000	  9950000	16
chr12	 10600000	 11000000	8
chr12	 14000000	 14650000	13
chr12	 15150000	 16650000	30
chr12	 17050000	 16400000	13
chr12	 17850000	 16650000	24
chr12	 22250000	 21800000	9
chr12	 24900000	 27700000	56
chr12	 25200000	 27100000	38
chr12	 26100000	 27400000	26
chr12	 26600000	 26000000	12
chr12	 26700000	 27400000	14
chr12	 27450000	 23750000	74
chr12	 28550000	 29300000	15
chr12	 31800000	 32500000	14
chr12	 33900000	 32900000	20
chr12	 34950000	 34050000	18
chr12	 36100000	 34950000	23
chr12	 39900000	 40850000	19
chr12	 43150000	 44800000	33
chr12	 44850000	 43200000	33
chr12	 45050000	 44300000	15
chr12	 48000000	 49350000	27
chr12	 50150000	 50550000	8
chr12	 55050000	 55800000	15
chr12	 55700000	 56200000	10
chr12	 56500000	 56850000	7
chr12	 57350000	 56700000	13
chr12	 58550000	 59100000	11
chr12	 64200000	 65050000	17
chr12	 72100000	 72950000	17
chr12	 72100000	 73400000	26
chr12	 72500000	 71750000	15
chr12	 75300000	 77200000	38
chr12	 76450000	 76250000	4
chr12	 78650000	 76450000	44
chr12	 80650000	 79100000	31
chr12	 81100000	 80750000	7
chr12	 82000000	 80350000	33
chr12	 83000000	 81100000	38
chr12	 84000000	 82150000	37
chr12	 85150000	 86800000	33
chr12	 86350000	 84250000	42
chr12	 86350000	 87250000	18
chr12	 93550000	 94800000	25
chr12	 95100000	 93650000	29
chr12	 99900000	100900000	20
chr12	101200000	100750000	9
chr12	102250000	101250000	20
chr12	108300000	108700000	8
chr12	109050000	107950000	22
chr12	109600000	107800000	36
chr12	109750000	110300000	11
chr12	117400000	118050000	13
chr13	   500000	  2850000	47
chr13	  4150000	  3250000	18
chr13	 12200000	 14450000	45
chr13	 18800000	 20600000	36
chr13	 19950000	 18900000	21
chr13	 20600000	 21750000	23
chr13	 26300000	 25850000	9
chr13	 27000000	 24600000	48
chr13	 29800000	 31700000	38
chr13	 30100000	 29500000	12
chr13	 31100000	 31700000	12
chr13	 33000000	 33500000	10
chr13	 35700000	 34800000	18
chr13	 38050000	 38600000	11
chr13	 38100000	 38700000	12
chr13	 38750000	 35200000	71
chr13	 39450000	 38300000	23
chr13	 43300000	 42600000	14
chr13	 44000000	 41500000	50
chr13	 45050000	 44100000	19
chr13	 46100000	 47150000	21
chr13	 49650000	 50250000	12
chr13	 50400000	 50050000	7
chr13	 53750000	 56150000	48
chr13	 58650000	 59550000	18
chr13	 60450000	 61600000	23
chr13	 62200000	 63200000	20
chr13	 62750000	 63250000	10
chr13	 68500000	 69450000	19
chr13	 70400000	 71050000	13
chr13	 74400000	 75250000	17
chr13	 77200000	 77950000	15
chr13	 83400000	 82700000	14
chr13	 83550000	 83950000	8
chr13	 88600000	 87950000	13
chr13	 88850000	 89900000	21
chr13	 89100000	 90700000	32
chr13	 89200000	 90350000	23
chr13	 94250000	 92900000	27
chr13	 96750000	 95000000	35
chr13	104050000	105150000	22
chr13	104950000	103850000	22
chr13	106650000	108100000	29
chr13	109400000	107300000	42
chr13	110500000	109000000	30
chr13	110800000	110000000	16
chr13	112800000	114500000	34
chr13	113450000	114050000	12
chr13	114100000	112800000	26
chr13	116100000	115500000	12
chr13	117100000	116100000	20
chr13	118500000	119350000	17
chr13	119500000	118000000	30
chr13	119500000	118550000	19
chr14	  1100000	  3250000	43
chr14	  2100000	  3750000	33
chr14	  3200000	  2650000	11
chr14	  3750000	  4500000	15
chr14	  5900000	  6450000	11
chr14	  9100000	  8400000	14
chr14	 11400000	 10300000	22
chr14	 12550000	 10350000	44
chr14	 12600000	 14150000	31
chr14	 14550000	 14950000	8
chr14	 17200000	 16350000	17
chr14	 18850000	 20200000	27
chr14	 24700000	 23850000	17
chr14	 25800000	 24550000	25
chr14	 28900000	 30650000	35
chr14	 29200000	 30700000	30
chr14	 32200000	 31400000	16
chr14	 34700000	 37450000	55
chr14	 35500000	 37350000	37
chr14	 37200000	 37650000	9
chr14	 37500000	 36000000	30
chr14	 40800000	 39950000	17
chr14	 45650000	 46650000	20
chr14	 46500000	 50000000	70
chr14	 48550000	 49100000	11
chr14	 49550000	 48800000	15
chr14	 56050000	 56750000	14
chr14	 60200000	 62450000	45
chr14	 61250000	 60400000	17
chr14	 62550000	 60400000	43
chr14	 67550000	 69600000	41
chr14	 70500000	 69850000	13
chr14	 71000000	 71950000	19
chr14	 72450000	 70700000	35
chr14	 74100000	 73200000	18
chr14	 75800000	 75200000	12
chr14	 79650000	 82150000	50
chr14	 81350000	 80800000	11
chr14	 83000000	 83850000	17
chr14	 84350000	 85250000	18
chr14	 85850000	 86400000	11
chr14	 89900000	 89250000	13
chr14	 90150000	 91000000	17
chr14	 90250000	 91450000	24
chr14	 90800000	 91700000	18
chr14	 91150000	 92250000	22
chr14	 92450000	 92450000	0
chr14	 94400000	 93700000	14
chr14	 94800000	 95550000	15
chr14	 95100000	 95950000	17
chr14	 97150000	 96400000	15
chr14	 97550000	 98050000	10
chr14	 97800000	 96900000	18
chr14	 99500000	 98400000	22
chr14	100550000	 99850000	14
chr14	104350000	103150000	24
chr14	104650000	105150000	10
chr14	105250000	104450000	16
chr14	108150000	107850000	6
chr14	108800000	107900000	18
chr14	115500000	117250000	35
chr14	120850000	121400000	11
chr14	121200000	122150000	19
chr14	121350000	123100000	35
chr15	  2050000	   500000	31
chr15	  3400000	  4000000	12
chr15	  6200000	  4600000	32
chr15	  7850000	  7050000	16
chr15	 11250000	 10000000	25
chr15	 16700000	 15900000	16
chr15	 19150000	 20450000	26
chr15	 20250000	 21400000	23
chr15	 22400000	 22700000	6
chr15	 23150000	 24550000	28
chr15	 25650000	 27850000	44
chr15	 26100000	 24750000	27
chr15	 26950000	 25450000	30
chr15	 27100000	 25900000	24
chr15	 27250000	 26600000	13
chr15	 34950000	 34250000	14
chr15	 35950000	 36350000	8
chr15	 36700000	 37400000	14
chr15	 36750000	 38350000	32
chr15	 39350000	 38850000	10
chr15	 40050000	 40300000	5
chr15	 40650000	 42600000	39
chr15	 44250000	 43600000	13
chr15	 45300000	 46300000	20
chr15	 48600000	 47800000	16
chr15	 48700000	 49200000	10
chr15	 52500000	 52950000	9
chr15	 54700000	 54200000	10
chr15	 58150000	 59450000	26
chr15	 58750000	 57900000	17
chr15	 59150000	 57050000	42
chr15	 63750000	 61800000	39
chr15	 68900000	 70250000	27
chr15	 69050000	 68600000	9
chr15	 70150000	 70600000	9
chr15	 70200000	 68850000	27
chr15	 70850000	 69700000	23
chr15	 70950000	 69600000	27
chr15	 71300000	 71100000	4
chr15	 71750000	 72700000	19
chr15	 72450000	 74500000	41
chr15	 73550000	 74450000	18
chr15	 74650000	 75100000	9
chr15	 75700000	 73000000	54
chr15	 76150000	 75100000	21
chr15	 76450000	 73950000	50
chr15	 77550000	 78650000	22
chr15	 83150000	 80700000	49
chr15	 83750000	 85100000	27
chr15	 84600000	 85850000	25
chr15	 84700000	 83800000	18
chr15	 92150000	 91250000	18
chr15	 94300000	 93050000	25
chr15	 96450000	 95150000	26
chr15	 98650000	 99550000	18
chr15	 99950000	 97850000	42
chr15	100200000	 98850000	27
chr15	101950000	103350000	28
chr15	103900000	101250000	53
chr16	   200000	  1750000	31
chr16	   900000	  1700000	16
chr16	  1850000	  1050000	16
chr16	  4450000	  5750000	26
chr16	  5350000	  5750000	8
chr16	  6000000	  4950000	21
chr16	  9250000	  7600000	33
chr16	 11500000	  9150000	47
chr16	 17950000	 19150000	24
chr16	 20550000	 22550000	40
chr16	 21400000	 20050000	27
chr16	 21700000	 23550000	37
chr16	 23600000	 22200000	28
chr16	 26250000	 25350000	18
chr16	 27300000	 26350000	19
chr16	 30450000	 28250000	44
chr16	 32900000	 31650000	25
chr16	 35400000	 33750000	33
chr16	 36000000	 34150000	37
chr16	 37050000	 35950000	22
chr16	 50750000	 51350000	12
chr16	 51000000	 50000000	20
chr16	 51050000	 53050000	40
chr16	 52050000	 53150000	22
chr16	 53500000	 52250000	25
chr16	 56200000	 56800000	12
chr16	 59650000	 60900000	25
chr16	 59950000	 58750000	24
chr16	 64300000	 66200000	38
chr16	 65100000	 66400000	26
chr16	 67550000	 69000000	29
chr16	 67950000	 69400000	29
chr16	 68400000	 68400000	0
chr16	 68450000	 69600000	23
chr16	 69750000	 68950000	16
chr16	 77500000	 78100000	12
chr16	 77900000	 78900000	20
chr16	 79750000	 78400000	27
chr16	 80750000	 79650000	22
chr16	 81100000	 80050000	21
chr16	 82700000	 82000000	14
chr16	 84250000	 81750000	50
chr16	 84250000	 83750000	10
chr16	 85100000	 84250000	17
chr16	 87800000	 87300000	10
chr16	 92150000	 92450000	6
chr16	 95100000	 93900000	24
chr16	 96450000	 97000000	11
chr17	  3650000	  2000000	33
chr17	  5150000	  5950000	16
chr17	  5800000	  4800000	20
chr17	  8850000	  8000000	17
chr17	 10650000	  9750000	18
chr17	 12950000	 14650000	34
chr17	 22500000	 23150000	13
chr17	 22900000	 21800000	22
chr17	 23200000	 22750000	9
chr17	 24350000	 25200000	17
chr17	 25500000	 26450000	19
chr17	 26400000	 25350000	21
chr17	 30450000	 29200000	25
chr17	 33050000	 34450000	28
chr17	 33300000	 32850000	9
chr17	 33350000	 33950000	12
chr17	 33400000	 32550000	17
chr17	 34400000	 33550000	17
chr17	 35500000	 36050000	11
chr17	 40000000	 41650000	33
chr17	 41650000	 41000000	13
chr17	 42250000	 45200000	59
chr17	 42400000	 41500000	18
chr17	 43550000	 44550000	20
chr17	 44800000	 44050000	15
chr17	 46650000	 47050000	8
chr17	 46650000	 47650000	20
chr17	 49350000	 49900000	11
chr17	 51050000	 50350000	14
chr17	 52400000	 55000000	52
chr17	 52500000	 51400000	22
chr17	 52500000	 51800000	14
chr17	 59300000	 58150000	23
chr17	 59450000	 58900000	11
chr17	 59750000	 59200000	11
chr17	 60700000	 62350000	33
chr17	 61150000	 59850000	26
chr17	 68650000	 70000000	27
chr17	 69300000	 70250000	19
chr17	 69650000	 66250000	68
chr17	 72200000	 69350000	57
chr17	 72500000	 72200000	6
chr17	 73500000	 72400000	22
chr17	 79250000	 80300000	21
chr17	 81200000	 81650000	9
chr17	 81250000	 79800000	29
chr17	 82300000	 83250000	19
chr17	 83100000	 81300000	36
chr17	 83350000	 85000000	33
chr17	 84600000	 85250000	13
chr17	 87150000	 87850000	14
chr17	 88600000	 89450000	17
chr17	 91150000	 89700000	29
chr17	 92750000	 94500000	35
chr18	  2400000	  1050000	27
chr18	  3150000	   100000	61
chr18	  4500000	  5600000	22
chr18	  4600000	  3750000	17
chr18	  6600000	  8300000	34
chr18	  6750000	  8300000	31
chr18	  7350000	 10250000	58
chr18	  7650000	  6550000	22
chr18	 10350000	 11700000	27
chr18	 10450000	 12850000	48
chr18	 16550000	 15650000	18
chr18	 17550000	 19450000	38
chr18	 18150000	 19400000	25
chr18	 20150000	 18350000	36
chr18	 27300000	 25300000	40
chr18	 29500000	 28100000	28
chr18	 32600000	 30600000	40
chr18	 32600000	 32000000	12
chr18	 37700000	 37400000	6
chr18	 39000000	 39300000	6
chr18	 39200000	 39700000	10
chr18	 41650000	 43800000	43
chr18	 47700000	 46750000	19
chr18	 48150000	 49200000	21
chr18	 49250000	 50850000	32
chr18	 52950000	 52200000	15
chr18	 53950000	 53350000	12
chr18	 55250000	 54700000	11
chr18	 56150000	 56150000	0
chr18	 60500000	 60650000	3
chr18	 61100000	 60450000	13
chr18	 62800000	 63500000	14
chr18	 64950000	 63150000	36
chr18	 66750000	 65950000	16
chr18	 67650000	 68150000	10
chr18	 74400000	 73550000	17
chr18	 75100000	 75450000	7
chr18	 77700000	 76150000	31
chr18	 79250000	 81550000	46
chr18	 85050000	 84450000	12
chr18	 85550000	 87200000	33
chr19	    50000	  2450000	48
chr19	  5000000	  6400000	28
chr19	  6500000	  7850000	27
chr19	 11750000	 11300000	9
chr19	 12550000	 13000000	9
chr19	 17650000	 18000000	7
chr19	 18100000	 20150000	41
chr19	 22300000	 23000000	14
chr19	 23900000	 22050000	37
chr19	 26950000	 28600000	33
chr19	 30450000	 30700000	5
chr19	 31150000	 32150000	20
chr19	 31800000	 33550000	35
chr19	 32300000	 31700000	12
chr19	 37000000	 37800000	16
chr19	 40500000	 39000000	30
chr19	 42400000	 41350000	21
chr19	 42750000	 41300000	29
chr19	 42950000	 41800000	23
chr19	 47350000	 46250000	22
chr19	 47950000	 48550000	12
chr19	 50550000	 49750000	16
chr19	 53900000	 54800000	18
chr19	 58350000	 59150000	16
chr19	 60150000	 59150000	20
chr19	 61250000	 60650000	12
chr2	  6450000	  6250000	4
chr2	  7900000	  6750000	23
chr2	  9500000	  9200000	6
chr2	 12600000	 13850000	25
chr2	 19100000	 17650000	29
chr2	 19550000	 21250000	34
chr2	 19750000	 18700000	21
chr2	 20000000	 20900000	18
chr2	 27350000	 27550000	4
chr2	 29650000	 30350000	14
chr2	 30150000	 31150000	20
chr2	 30800000	 31350000	11
chr2	 32050000	 32500000	9
chr2	 32700000	 32250000	9
chr2	 33750000	 32200000	31
chr2	 34300000	 34900000	12
chr2	 36150000	 38900000	55
chr2	 36750000	 36150000	12
chr2	 39050000	 37300000	35
chr2	 39800000	 38700000	22
chr2	 41450000	 43900000	49
chr2	 41650000	 41000000	13
chr2	 42200000	 40800000	28
chr2	 51700000	 51100000	12
chr2	 60050000	 59750000	6
chr2	 60950000	 59000000	39
chr2	 61050000	 63500000	49
chr2	 64550000	 66150000	32
chr2	 65200000	 64350000	17
chr2	 67200000	 67750000	11
chr2	 67300000	 67800000	10
chr2	 69950000	 71200000	25
chr2	 70200000	 69650000	11
chr2	 70550000	 69600000	19
chr2	 71850000	 69950000	38
chr2	 73400000	 74100000	14
chr2	 74750000	 75350000	12
chr2	 76850000	 76150000	14
chr2	 80800000	 80050000	15
chr2	 82900000	 83900000	20
chr2	 86400000	 86950000	11
chr2	 90150000	 92000000	37
chr2	 91500000	 90550000	19
chr2	 91650000	 90050000	32
chr2	 91900000	 94350000	49
chr2	 94550000	 93350000	24
chr2	 94600000	 92650000	39
chr2	 96150000	 96650000	10
chr2	100300000	102000000	34
chr2	100600000	101400000	16
chr2	101650000	102750000	22
chr2	104550000	105500000	19
chr2	108250000	107300000	19
chr2	110000000	110700000	14
chr2	110100000	109450000	13
chr2	112400000	113650000	25
chr2	114400000	115100000	14
chr2	115900000	117700000	36
chr2	116250000	115400000	17
chr2	116650000	115800000	17
chr2	122350000	123750000	28
chr2	124500000	125900000	28
chr2	126250000	126900000	13
chr2	128100000	128700000	12
chr2	130100000	129050000	21
chr2	133800000	132150000	33
chr2	134450000	134000000	9
chr2	134650000	133850000	16
chr2	137250000	137850000	12
chr2	138200000	137000000	24
chr2	138500000	138800000	6
chr2	138550000	139200000	13
chr2	138750000	136400000	47
chr2	139200000	139700000	10
chr2	140800000	140050000	15
chr2	144850000	145350000	10
chr2	146250000	147450000	24
chr2	146450000	147450000	20
chr2	146750000	145700000	21
chr2	150300000	149550000	15
chr2	157150000	156300000	17
chr2	158150000	156950000	24
chr2	159500000	158500000	20
chr2	159600000	160400000	16
chr2	159850000	157650000	44
chr2	160900000	162850000	39
chr2	162100000	161000000	22
chr2	163250000	161350000	38
chr2	165400000	166800000	28
chr2	165550000	164250000	26
chr2	166750000	167450000	14
chr2	168850000	169750000	18
chr2	171300000	173100000	36
chr2	172300000	171400000	18
chr2	172300000	173100000	16
chr2	173150000	171700000	29
chr2	174200000	172950000	25
chr2	174400000	178950000	91
chr2	177250000	177000000	5
chr2	178450000	179450000	20
chr2	178550000	179250000	14
chr2	178800000	177850000	19
chr2	178900000	179800000	18
chr2	179000000	180100000	22
chr3	   700000	  1600000	18
chr3	  2600000	  2050000	11
chr3	  3600000	  5100000	30
chr3	  4800000	  2750000	41
chr3	  5250000	  5650000	8
chr3	  7400000	  8450000	21
chr3	  8450000	  9050000	12
chr3	 12100000	 12850000	15
chr3	 13150000	 12350000	16
chr3	 17000000	 18550000	31
chr3	 17600000	 18600000	20
chr3	 20950000	 19550000	28
chr3	 25000000	 26600000	32
chr3	 35850000	 33100000	55
chr3	 37100000	 38050000	19
chr3	 37150000	 36600000	11
chr3	 38350000	 39250000	18
chr3	 38500000	 38500000	0
chr3	 40950000	 42750000	36
chr3	 41150000	 40400000	15
chr3	 41300000	 42500000	24
chr3	 44300000	 47500000	64
chr3	 45200000	 46500000	26
chr3	 46900000	 46000000	18
chr3	 50500000	 51200000	14
chr3	 50800000	 52400000	32
chr3	 51750000	 51000000	15
chr3	 51850000	 52300000	9
chr3	 52250000	 53800000	31
chr3	 52700000	 52250000	9
chr3	 54050000	 56000000	39
chr3	 54100000	 55150000	21
chr3	 54100000	 56800000	54
chr3	 54800000	 56600000	36
chr3	 55600000	 56150000	11
chr3	 56400000	 58300000	38
chr3	 56650000	 55600000	21
chr3	 57450000	 59300000	37
chr3	 58100000	 56600000	30
chr3	 62500000	 61050000	29
chr3	 65450000	 63400000	41
chr3	 65750000	 67900000	43
chr3	 66100000	 64750000	27
chr3	 66400000	 67000000	12
chr3	 68100000	 69300000	24
chr3	 68800000	 66100000	54
chr3	 69800000	 68600000	24
chr3	 70400000	 69850000	11
chr3	 70450000	 73400000	59
chr3	 73400000	 75100000	34
chr3	 76200000	 75150000	21
chr3	 77750000	 79000000	25
chr3	 82550000	 85550000	60
chr3	 84950000	 82300000	53
chr3	 87800000	 88800000	20
chr3	 88900000	 89350000	9
chr3	 89500000	 92000000	50
chr3	 91250000	 91950000	14
chr3	 93300000	 92800000	10
chr3	 93950000	 92450000	30
chr3	 96100000	 94350000	35
chr3	 97150000	 96750000	8
chr3	107050000	107450000	8
chr3	107250000	106250000	20
chr3	118200000	119600000	28
chr3	118250000	118950000	14
chr3	119000000	117600000	28
chr3	123900000	123400000	10
chr3	128000000	126450000	31
chr3	132750000	134600000	37
chr3	133200000	132800000	8
chr3	133350000	132900000	9
chr3	135350000	132000000	67
chr3	136250000	136500000	5
chr3	139750000	139300000	9
chr3	143550000	142150000	28
chr3	143750000	143000000	15
chr3	148050000	148850000	16
chr3	151400000	150000000	28
chr3	153750000	154600000	17
chr4	   850000	        0	17
chr4	  1750000	  3850000	42
chr4	  3900000	  3550000	7
chr4	  6050000	  7200000	23
chr4	  7800000	  8850000	21
chr4	  8250000	  7400000	17
chr4	 18550000	 19300000	15
chr4	 20650000	 19500000	23
chr4	 21750000	 22200000	9
chr4	 24250000	 27500000	65
chr4	 25000000	 26100000	22
chr4	 31600000	 32950000	27
chr4	 33250000	 32400000	17
chr4	 33550000	 32400000	23
chr4	 34600000	 34000000	12
chr4	 37250000	 36650000	12
chr4	 37950000	 36450000	30
chr4	 43250000	 42050000	24
chr4	 44200000	 45750000	31
chr4	 46750000	 45900000	17
chr4	 50300000	 49000000	26
chr4	 51650000	 50650000	20
chr4	 53000000	 52800000	4
chr4	 53250000	 52200000	21
chr4	 53750000	 55100000	27
chr4	 56800000	 55800000	20
chr4	 57900000	 59200000	26
chr4	 59050000	 58050000	20
chr4	 60600000	 59900000	14
chr4	 62250000	 63950000	34
chr4	 62650000	 64100000	29
chr4	 68300000	 69050000	15
chr4	 69750000	 70050000	6
chr4	 72050000	 70800000	25
chr4	 72350000	 73050000	14
chr4	 75950000	 74450000	30
chr4	 79000000	 79350000	7
chr4	 80250000	 80750000	10
chr4	 89750000	 90700000	19
chr4	 90550000	 88550000	40
chr4	 91900000	 95200000	66
chr4	 92250000	 90900000	27
chr4	 92350000	 91100000	25
chr4	 94500000	 93050000	29
chr4	 95250000	 95650000	8
chr4	 97850000	 99500000	33
chr4	 98000000	 96000000	40
chr4	102200000	103950000	35
chr4	105800000	106000000	4
chr4	106850000	105750000	22
chr4	109550000	108750000	16
chr4	111750000	110650000	22
chr4	112150000	113950000	36
chr4	116450000	114100000	47
chr4	118300000	119400000	22
chr4	119150000	118350000	16
chr4	124100000	123500000	12
chr4	124550000	126450000	38
chr4	124800000	125600000	16
chr4	125450000	123650000	36
chr4	126850000	125650000	24
chr4	129200000	130200000	20
chr4	130250000	129100000	23
chr4	136850000	136500000	7
chr4	139150000	138000000	23
chr4	139850000	139050000	16
chr4	140850000	139200000	33
chr4	147850000	148200000	7
chr4	150050000	150200000	3
chr4	151450000	152900000	29
chr4	152000000	153300000	26
chr4	152100000	151550000	11
chr4	153000000	154000000	20
chr4	154200000	152200000	40
chr5	  4700000	  3450000	25
chr5	  6400000	  6750000	7
chr5	  9900000	  8600000	26
chr5	 11400000	 12900000	30
chr5	 12400000	 11650000	15
chr5	 13750000	 15100000	27
chr5	 14700000	 14000000	14
chr5	 16450000	 15350000	22
chr5	 22950000	 21250000	34
chr5	 23400000	 22700000	14
chr5	 25800000	 26950000	23
chr5	 27200000	 28450000	25
chr5	 28250000	 27150000	22
chr5	 28750000	 27300000	29
chr5	 30050000	 30450000	8
chr5	 31900000	 34450000	51
chr5	 33550000	 31900000	33
chr5	 36050000	 37250000	24
chr5	 38950000	 39900000	19
chr5	 41100000	 40450000	13
chr5	 44900000	 44250000	13
chr5	 45600000	 46550000	19
chr5	 45700000	 47000000	26
chr5	 47700000	 48900000	24
chr5	 48100000	 49950000	37
chr5	 51600000	 52350000	15
chr5	 52650000	 53400000	15
chr5	 60050000	 60650000	12
chr5	 60700000	 62050000	27
chr5	 61900000	 61050000	17
chr5	 63850000	 63000000	17
chr5	 65350000	 66350000	20
chr5	 65900000	 66750000	17
chr5	 66800000	 68750000	39
chr5	 73250000	 72050000	24
chr5	 74200000	 71950000	45
chr5	 76450000	 75300000	23
chr5	 78250000	 78650000	8
chr5	 79150000	 77400000	35
chr5	 86150000	 84350000	36
chr5	 88250000	 86650000	32
chr5	 89200000	 90050000	17
chr5	 90150000	 91300000	23
chr5	 90400000	 89800000	12
chr5	 91200000	 92300000	22
chr5	 92200000	 94200000	40
chr5	 94500000	 97500000	60
chr5	 97750000	 98250000	10
chr5	 98150000	 97600000	11
chr5	 98950000	100300000	27
chr5	100400000	101600000	24
chr5	104100000	103450000	13
chr5	104800000	103750000	21
chr5	105150000	103650000	30
chr5	105500000	104750000	15
chr5	106350000	105950000	8
chr5	106750000	109050000	46
chr5	107800000	106400000	28
chr5	107800000	108600000	16
chr5	108950000	108550000	8
chr5	109300000	110950000	33
chr5	109950000	109350000	12
chr5	113450000	112150000	26
chr5	113800000	114100000	6
chr5	114000000	113600000	8
chr5	120150000	118600000	31
chr5	120550000	120350000	4
chr5	122000000	120800000	24
chr5	123000000	120900000	42
chr5	124550000	125950000	28
chr5	125000000	124700000	6
chr5	125000000	126600000	32
chr5	130350000	129250000	22
chr5	132300000	131150000	23
chr5	134100000	133450000	13
chr5	134900000	135400000	10
chr5	137000000	134750000	45
chr5	137050000	136150000	18
chr5	137800000	136300000	30
chr5	138000000	138550000	11
chr5	139300000	138450000	17
chr5	140400000	141500000	22
chr5	141200000	142950000	35
chr5	143300000	144200000	18
chr5	143850000	145450000	32
chr5	146950000	146200000	15
chr5	149100000	146900000	44
chr6	  1150000	  2150000	20
chr6	  2600000	  2300000	6
chr6	  3000000	  1800000	24
chr6	  3250000	  2450000	16
chr6	  4000000	  3700000	6
chr6	  4800000	  5550000	15
chr6	  5050000	  4050000	20
chr6	  9000000	  9600000	12
chr6	 10000000	  7450000	51
chr6	 11150000	 10750000	8
chr6	 11750000	 13800000	41
chr6	 12300000	 13250000	19
chr6	 17200000	 18300000	22
chr6	 25050000	 26000000	19
chr6	 26800000	 24850000	39
chr6	 32050000	 34200000	43
chr6	 34500000	 34050000	9
chr6	 35050000	 33550000	30
chr6	 39450000	 40600000	23
chr6	 39600000	 40300000	14
chr6	 39850000	 37950000	38
chr6	 42400000	 41100000	26
chr6	 42550000	 43500000	19
chr6	 42850000	 43500000	13
chr6	 42900000	 43250000	7
chr6	 44750000	 45900000	23
chr6	 44950000	 45450000	10
chr6	 44950000	 45550000	12
chr6	 46850000	 48050000	24
chr6	 50800000	 54700000	78
chr6	 51450000	 54700000	65
chr6	 52850000	 53800000	19
chr6	 54050000	 54800000	15
chr6	 54100000	 53050000	21
chr6	 55750000	 56450000	14
chr6	 57450000	 56050000	28
chr6	 57800000	 56750000	21
chr6	 60700000	 59550000	23
chr6	 61600000	 59400000	44
chr6	 62600000	 64350000	35
chr6	 62650000	 61750000	18
chr6	 64550000	 65200000	13
chr6	 72300000	 72750000	9
chr6	 75000000	 76700000	34
chr6	 75400000	 73350000	41
chr6	 77100000	 75600000	30
chr6	 77100000	 76550000	11
chr6	 78800000	 77600000	24
chr6	 81900000	 81200000	14
chr6	 83200000	 80950000	45
chr6	 89550000	 91400000	37
chr6	 90750000	 90450000	6
chr6	 92500000	 92250000	5
chr6	 93950000	 93100000	17
chr6	 94800000	 96200000	28
chr6	 97450000	 97650000	4
chr6	 99500000	100850000	27
chr6	100700000	 99300000	28
chr6	102950000	103750000	16
chr6	105500000	104300000	24
chr6	106850000	107200000	7
chr6	107700000	106300000	28
chr6	107800000	109000000	24
chr6	108750000	107300000	29
chr6	109350000	109950000	12
chr6	113650000	112000000	33
chr6	114850000	113900000	19
chr6	120000000	120900000	18
chr6	120050000	119450000	12
chr6	120950000	121850000	18
chr6	121950000	123250000	26
chr6	122450000	123350000	18
chr6	123150000	122800000	7
chr6	126650000	125850000	16
chr6	126900000	125800000	22
chr6	128150000	129150000	20
chr6	131250000	130100000	23
chr6	131400000	133650000	45
chr6	132700000	132000000	14
chr6	133200000	132300000	18
chr6	139250000	140400000	23
chr7	  3050000	  2500000	11
chr7	  9100000	  9850000	15
chr7	 10250000	  8400000	37
chr7	 12650000	 10250000	48
chr7	 13600000	 12600000	20
chr7	 16400000	 17850000	29
chr7	 16750000	 17050000	6
chr7	 17450000	 16350000	22
chr7	 17450000	 16900000	11
chr7	 21350000	 20250000	22
chr7	 22000000	 20200000	36
chr7	 24600000	 25000000	8
chr7	 26250000	 27500000	25
chr7	 30000000	 29450000	11
chr7	 32050000	 33350000	26
chr7	 32700000	 31900000	16
chr7	 32950000	 34000000	21
chr7	 35850000	 35100000	15
chr7	 39250000	 38600000	13
chr7	 40350000	 41050000	14
chr7	 41100000	 41800000	14
chr7	 42800000	 42200000	12
chr7	 43350000	 42500000	17
chr7	 45300000	 45850000	11
chr7	 49600000	 50500000	18
chr7	 51000000	 49300000	34
chr7	 51850000	 52750000	18
chr7	 53000000	 53250000	5
chr7	 53900000	 57500000	72
chr7	 57100000	 57750000	13
chr7	 58100000	 57600000	10
chr7	 65300000	 64300000	20
chr7	 68800000	 66900000	38
chr7	 68800000	 69600000	16
chr7	 70700000	 71150000	9
chr7	 74250000	 73200000	21
chr7	 75400000	 76500000	22
chr7	 83550000	 85100000	31
chr7	 84700000	 84200000	10
chr7	 85400000	 84500000	18
chr7	 86700000	 85250000	29
chr7	 87250000	 87950000	14
chr7	 93500000	 95650000	43
chr7	 94400000	 93100000	26
chr7	100550000	 97900000	53
chr7	101400000	100250000	23
chr7	105250000	104550000	14
chr7	105500000	107250000	35
chr7	107050000	107750000	14
chr7	109700000	111050000	27
chr7	116200000	112550000	73
chr7	117000000	118550000	31
chr7	117300000	116550000	15
chr7	118700000	119200000	10
chr7	119450000	118250000	24
chr7	119800000	120750000	19
chr7	120300000	120950000	13
chr7	120950000	120100000	17
chr7	126050000	125550000	10
chr7	128700000	127950000	15
chr7	129950000	131000000	21
chr7	134800000	135750000	19
chr7	136750000	137950000	24
chr7	137200000	135950000	25
chr7	138500000	137750000	15
chr7	141400000	139900000	30
chr7	141450000	140850000	12
chr8	        0	        0	0
chr8	  1900000	   250000	33
chr8	  3550000	  5750000	44
chr8	  3800000	  4500000	14
chr8	  5050000	  5550000	10
chr8	  5500000	  6950000	29
chr8	  9500000	 10400000	18
chr8	 10450000	 11700000	25
chr8	 10500000	  9100000	28
chr8	 13950000	 13100000	17
chr8	 14150000	 12450000	34
chr8	 19000000	 20200000	24
chr8	 20300000	 19500000	16
chr8	 23800000	 24700000	18
chr8	 26800000	 26250000	11
chr8	 28900000	 29250000	7
chr8	 30300000	 31550000	25
chr8	 35400000	 36450000	21
chr8	 35500000	 36550000	21
chr8	 36400000	 37550000	23
chr8	 38850000	 40850000	40
chr8	 40900000	 41350000	9
chr8	 42800000	 44700000	38
chr8	 44150000	 42100000	41
chr8	 46250000	 46850000	12
chr8	 51250000	 53400000	43
chr8	 52100000	 51500000	12
chr8	 52350000	 53950000	32
chr8	 54250000	 56000000	35
chr8	 56950000	 59250000	46
chr8	 58850000	 59350000	10
chr8	 59600000	 60250000	13
chr8	 59900000	 61400000	30
chr8	 62000000	 60450000	31
chr8	 63250000	 62400000	17
chr8	 63450000	 62400000	21
chr8	 64450000	 63600000	17
chr8	 65150000	 64800000	7
chr8	 65950000	 68750000	56
chr8	 66450000	 66950000	10
chr8	 67750000	 68800000	21
chr8	 69300000	 68550000	15
chr8	 72000000	 71250000	15
chr8	 72450000	 73350000	18
chr8	 75400000	 74600000	16
chr8	 78100000	 77400000	14
chr8	 79700000	 77400000	46
chr8	 82050000	 83200000	23
chr8	 83900000	 82850000	21
chr8	 84950000	 86050000	22
chr8	 85700000	 84500000	24
chr8	 88900000	 87250000	33
chr8	 89750000	 90200000	9
chr8	 91150000	 90550000	12
chr8	 91400000	 92200000	16
chr8	 93700000	 94850000	23
chr8	 94850000	 95900000	21
chr8	 95800000	 93850000	39
chr8	 96600000	 94750000	37
chr8	100000000	100300000	6
chr8	102750000	102150000	12
chr8	105800000	106200000	8
chr8	106700000	105800000	18
chr8	107600000	107050000	11
chr8	108650000	106700000	39
chr8	112800000	113800000	20
chr8	113450000	112800000	13
chr8	113500000	115550000	41
chr8	120900000	119800000	22
chr8	122850000	123850000	20
chr8	127650000	128800000	23
chr9	  1600000	  2150000	11
chr9	  3250000	  1750000	30
chr9	  4500000	  6100000	32
chr9	  5600000	  3750000	37
chr9	  9300000	  7950000	27
chr9	 15650000	 14600000	21
chr9	 16550000	 16100000	9
chr9	 18950000	 17750000	24
chr9	 19150000	 18050000	22
chr9	 19300000	 19550000	5
chr9	 19350000	 20350000	20
chr9	 22300000	 21050000	25
chr9	 22500000	 24100000	32
chr9	 22650000	 23750000	22
chr9	 24650000	 21850000	56
chr9	 25650000	 26300000	13
chr9	 27800000	 26350000	29
chr9	 30650000	 29250000	28
chr9	 34150000	 35650000	30
chr9	 35850000	 36900000	21
chr9	 39500000	 40800000	26
chr9	 40250000	 40900000	13
chr9	 44100000	 44900000	16
chr9	 47550000	 47900000	7
chr9	 48600000	 48100000	10
chr9	 50850000	 52700000	37
chr9	 52000000	 53600000	32
chr9	 54950000	 55300000	7
chr9	 55250000	 54550000	14
chr9	 55750000	 54850000	18
chr9	 63650000	 62800000	17
chr9	 63800000	 63200000	12
chr9	 66150000	 67700000	31
chr9	 66250000	 68200000	39
chr9	 68650000	 70000000	27
chr9	 71450000	 70750000	14
chr9	 77350000	 79400000	41
chr9	 77850000	 78700000	17
chr9	 80350000	 79650000	14
chr9	 80800000	 81500000	14
chr9	 82000000	 80350000	33
chr9	 82500000	 83350000	17
chr9	 83050000	 82150000	18
chr9	 83500000	 83100000	8
chr9	 83700000	 85100000	28
chr9	 85050000	 86700000	33
chr9	 87150000	 85150000	40
chr9	 87900000	 87450000	9
chr9	 89850000	 90850000	20
chr9	 90700000	 89450000	25
chr9	 92200000	 92750000	11
chr9	 96750000	 97950000	24
chr9	 97850000	 95300000	51
chr9	 97850000	 99450000	32
chr9	 98150000	 97250000	18
chr9	100750000	100750000	0
chr9	101850000	103250000	28
chr9	106150000	104500000	33
chr9	111350000	108750000	52
chr9	111600000	113350000	35
chr9	115250000	115800000	11
chr9	117100000	120200000	62
chr9	117550000	118250000	14
chr9	119750000	120500000	15
chrX	  2750000	  3450000	14
chrX	  3250000	  2550000	14
chrX	  8650000	  9100000	9
chrX	 10700000	  9950000	15
chrX	 14600000	 14950000	7
chrX	 15450000	 14400000	21
chrX	 19150000	 17800000	27
chrX	 20200000	 19200000	20
chrX	 24050000	 22900000	23
chrX	 24100000	 22800000	26
chrX	 25500000	 24800000	14
chrX	 27400000	 28850000	29
chrX	 28700000	 29450000	15
chrX	 28900000	 28250000	13
chrX	 29300000	 30600000	26
chrX	 37800000	 36900000	18
chrX	 41350000	 41750000	8
chrX	 41650000	 39850000	36
chrX	 44950000	 44950000	0
chrX	 46000000	 47000000	20
chrX	 47700000	 47100000	12
chrX	 49400000	 49900000	10
chrX	 54100000	 52300000	36
chrX	 55300000	 56250000	19
chrX	 55350000	 54300000	21
chrX	 57250000	 58150000	18
chrX	 58400000	 57150000	25
chrX	 59300000	 59800000	10
chrX	 60850000	 59650000	24
chrX	 64650000	 65300000	13
chrX	 69500000	 70300000	16
chrX	 69550000	 70900000	27
chrX	 78800000	 77800000	20
chrX	 80100000	 80900000	16
chrX	 80450000	 82150000	34
chrX	 80850000	 79100000	35
chrX	 83050000	 84050000	20
chrX	 83350000	 82050000	26
chrX	 83350000	 83850000	10
chrX	 85750000	 84800000	19
chrX	 85800000	 86650000	17
chrX	 88100000	 87450000	13
chrX	 92250000	 93450000	24
chrX	 92650000	 91650000	20
chrX	 94150000	 92450000	34
chrX	 94600000	 95950000	27
chrX	 95200000	 99800000	92
chrX	 96750000	 97700000	19
chrX	100000000	 99700000	6
chrX	104000000	102300000	34
chrX	107200000	108650000	29
chrX	108800000	107550000	25
chrX	110000000	111450000	29
chrX	112700000	113500000	16
chrX	114100000	115600000	30
chrX	117850000	117850000	0
chrX	118200000	117450000	15
chrX	120600000	121350000	15
chrX	123150000	123900000	15
chrX	129750000	128750000	20
chrX	131100000	129950000	23
chrX	132500000	130650000	37
chrX	133000000	134700000	34
chrX	136150000	137700000	31
chrX	140700000	141650000	19
chrX	141150000	141550000	8
chrX	144250000	142650000	32
chrX	148500000	147900000	12
chrX	151000000	153450000	49
chrX	157900000	159250000	27
chrX	160200000	161200000	20
chrX	163000000	164150000	23
chrX	163450000	164750000	26
chrX	163500000	162050000	29
chrX	164450000	161750000	54
chrX	164550000	167900000	67
chrX	164650000	165800000	23
chrX	165800000	163850000	39
chrX	166350000	169850000	70
chrX	166500000	165050000	29
chrX	167100000	165700000	28
chrX	167650000	166400000	25
chrX	170300000	170950000	13
chrY	        0	  2400000	48
chrY	   150000	   400000	5
chrY	  6450000	  6000000	9
chrY	  6800000	  6000000	16
chrY	  7800000	  6500000	26
chrY	 13250000	 14750000	30
chrY	 15750000	 13950000	36
chrY	 15900000	 16650000	15
chrY	 18750000	 20300000	31
chrY	 26450000	 25650000	16
chrY	 32600000	 33050000	9
chrY	 33950000	 31150000	56
chrY	 34050000	 36050000	40
chrY	 34700000	 35900000	24
chrY	 34850000	 35850000	20
chrY	 37950000	 37350000	12
chrY	 38800000	 40100000	26
chrY	 41400000	 44000000	52
chrY	 45350000	 43550000	36
chrY	 46450000	 45450000	20
chrY	 47850000	 47100000	15
chrY	 50300000	 51100000	16
chrY	 51100000	 51750000	13
chrY	 51700000	 52200000	10
chrY	 53450000	 52400000	21
chrY	 55100000	 52850000	45
chrY	 58750000	 58350000	8
chrY	 63800000	 62600000	24
chrY	 64550000	 65350000	16
chrY	 70750000	 71100000	7
chrY	 71450000	 72700000	25
chrY	 72100000	 72500000	8
chrY	 73350000	 72650000	14
chrY	 74900000	 74400000	10
chrY	 76250000	 75600000	13
chrY	 77250000	 76300000	19
chrY	 80150000	 79150000	20
chrY	 80750000	 79300000	29
chrY	 82650000	 83300000	13
chrY	 82950000	 84000000	21
chrY	 84500000	 85050000	11
chrY	 86500000	 87800000	26
chrY	 88300000	 87200000	22
chrY	 90700000	 89750000	19
