chr1	  1850000	  2650000	16
chr1	  2150000	  5100000	59
chr1	  2700000	  3250000	11
chr1	  2750000	  1600000	23
chr1	  4700000	  5750000	21
chr1	  6050000	  5300000	15
chr1	  7100000	  8600000	30
chr1	  8800000	  7600000	24
chr1	  9350000	  8000000	27
chr1	 10450000	 11500000	21
chr1	 11150000	 11300000	3
chr1	 11450000	 13300000	37
chr1	 11500000	 11000000	10
chr1	 13550000	 14450000	18
chr1	 15950000	 16650000	14
chr1	 20050000	 20350000	6
chr1	 20650000	 20100000	11
chr1	 21750000	 20550000	24
chr1	 22150000	 20950000	24
chr1	 23350000	 20450000	58
chr1	 26200000	 28800000	52
chr1	 26550000	 25700000	17
chr1	 27300000	 27800000	10
chr1	 36650000	 35450000	24
chr1	 37750000	 36650000	22
chr1	 41400000	 40700000	14
chr1	 43050000	 43850000	16
chr1	 43300000	 42900000	8
chr1	 44050000	 43200000	17
chr1	 45800000	 47050000	25
chr1	 54100000	 55200000	22
chr1	 58950000	 60650000	34
chr1	 59300000	 58000000	26
chr1	 61150000	 62700000	31
chr1	 63250000	 63750000	10
chr1	 65550000	 66000000	9
chr1	 67900000	 68550000	13
chr1	 69700000	 71450000	35
chr1	 70100000	 69100000	20
chr1	 72400000	 73950000	31
chr1	 74950000	 72850000	42
chr1	 76450000	 76000000	9
chr1	 81350000	 82650000	26
chr1	 88350000	 89800000	29
chr1	 88900000	 88050000	17
chr1	 91750000	 90750000	20
chr1	 92900000	 94750000	37
chr1	 94100000	 94550000	9
chr1	 94900000	 93550000	27
chr1	 98400000	 97300000	22
chr1	 98400000	 98800000	8
chr1	101600000	 99800000	36
chr1	102000000	101100000	18
chr1	103250000	103950000	14
chr1	104000000	104550000	11
chr1	104200000	106450000	45
chr1	104300000	102950000	27
chr1	107700000	106650000	21
chr1	108100000	107450000	13
chr1	108700000	109600000	18
chr1	113400000	112650000	15
chr1	114050000	115550000	30
chr1	115850000	116200000	7
chr1	116900000	117950000	21
chr1	117300000	116000000	26
chr1	119150000	118650000	10
chr1	119250000	118700000	11
chr1	119400000	120850000	29
chr1	119700000	117600000	42
chr1	120400000	119600000	16
chr1	127150000	129250000	42
chr1	130000000	130850000	17
chr1	130200000	129150000	21
chr1	132100000	131600000	10
chr1	133000000	133900000	18
chr1	135300000	134600000	14
chr1	139800000	141250000	29
chr1	141700000	142650000	19
chr1	143100000	141400000	34
chr1	143850000	145850000	40
chr1	144100000	145150000	21
chr1	148650000	145650000	60
chr1	148700000	147200000	30
chr1	152050000	153450000	28
chr1	153050000	152050000	20
chr1	153650000	156100000	49
chr1	154700000	155850000	23
chr1	156650000	155700000	19
chr1	159350000	160050000	14
chr1	160600000	159550000	21
chr1	161400000	162000000	12
chr1	165350000	164200000	23
chr1	171500000	170550000	19
chr1	172750000	174100000	27
chr1	173600000	174300000	14
chr1	177400000	178250000	17
chr1	178050000	177450000	12
chr1	178100000	179050000	19
chr1	179350000	178050000	26
chr1	181200000	181800000	12
chr1	181450000	180100000	27
chr1	182300000	181450000	17
chr1	185400000	187450000	41
chr1	187200000	188200000	20
chr1	189150000	191200000	41
chr1	190500000	191750000	25
chr10	  1900000	  2250000	7
chr10	  6000000	  4850000	23
chr10	  6150000	  7450000	26
chr10	  8200000	  7500000	14
chr10	  8200000	  9200000	20
chr10	  8650000	  9750000	22
chr10	 10600000	 12450000	37
chr10	 12250000	 13300000	21
chr10	 13800000	 12800000	20
chr10	 20450000	 22400000	39
chr10	 21450000	 19850000	32
chr10	 26350000	 29150000	56
chr10	 27450000	 28300000	17
chr10	 32200000	 33000000	16
chr10	 34000000	 34950000	19
chr10	 35700000	 37000000	26
chr10	 36400000	 35900000	10
chr10	 36800000	 37700000	18
chr10	 41000000	 40050000	19
chr10	 44700000	 43650000	21
chr10	 45000000	 43850000	23
chr10	 46700000	 47950000	25
chr10	 47200000	 48650000	29
chr10	 47950000	 46200000	35
chr10	 52800000	 53400000	12
chr10	 53300000	 52750000	11
chr10	 55150000	 54400000	15
chr10	 59200000	 59750000	11
chr10	 59750000	 59100000	13
chr10	 66150000	 65700000	9
chr10	 68200000	 68600000	8
chr10	 71350000	 71800000	9
chr10	 73050000	 73550000	10
chr10	 73700000	 73500000	4
chr10	 76500000	 75750000	15
chr10	 78350000	 77050000	26
chr10	 78350000	 77650000	14
chr10	 81550000	 82650000	22
chr10	 82050000	 81000000	21
chr10	 82500000	 83500000	20
chr10	 92900000	 92300000	12
chr10	 96500000	 95600000	18
chr10	 98250000	 99250000	20
chr10	 99600000	 99200000	8
chr10	101300000	 99650000	33
chr10	102850000	104550000	34
chr10	107600000	107200000	8
chr10	107800000	108850000	21
chr10	108900000	109350000	9
chr10	109000000	110650000	33
chr10	109850000	109300000	11
chr10	111150000	109700000	29
chr10	111400000	110900000	10
chr10	113250000	114800000	31
chr10	114300000	115350000	21
chr10	118800000	120400000	32
chr10	120050000	119550000	10
chr10	121550000	120800000	15
chr10	124400000	126400000	40
chr10	127600000	126450000	23
chr11	   500000	  2650000	43
chr11	  1450000	   950000	10
chr11	  4900000	  5200000	6
chr11	  5650000	  6650000	20
chr11	  5900000	  7600000	34
chr11	  6300000	  6000000	6
chr11	  6750000	  8350000	32
chr11	  7550000	  8500000	19
chr11	  7700000	 11550000	77
chr11	  8600000	  7700000	18
chr11	 11200000	 11750000	11
chr11	 12750000	 12150000	12
chr11	 14600000	 13200000	28
chr11	 15600000	 15200000	8
chr11	 17500000	 19000000	30
chr11	 19750000	 19050000	14
chr11	 22650000	 23950000	26
chr11	 23200000	 24550000	27
chr11	 24600000	 25250000	13
chr11	 25300000	 23750000	31
chr11	 26050000	 25600000	9
chr11	 27250000	 28900000	33
chr11	 27650000	 28450000	16
chr11	 28500000	 27100000	28
chr11	 32750000	 34700000	39
chr11	 33150000	 34500000	27
chr11	 39000000	 40350000	27
chr11	 39250000	 41500000	45
chr11	 39350000	 34800000	91
chr11	 43250000	 44450000	24
chr11	 44550000	 45150000	12
chr11	 44700000	 47600000	58
chr11	 44850000	 45600000	15
chr11	 45100000	 44350000	15
chr11	 46800000	 46000000	16
chr11	 48000000	 49800000	36
chr11	 49150000	 50750000	32
chr11	 52550000	 54050000	30
chr11	 55100000	 54150000	19
chr11	 55300000	 56750000	29
chr11	 58200000	 59250000	21
chr11	 59550000	 60350000	16
chr11	 61250000	 65150000	78
chr11	 63700000	 64700000	20
chr11	 65150000	 63450000	34
chr11	 69050000	 68250000	16
chr11	 70450000	 68100000	47
chr11	 71200000	 70000000	24
chr11	 71750000	 73300000	31
chr11	 77700000	 76600000	22
chr11	 78300000	 77700000	12
chr11	 79700000	 80150000	9
chr11	 80300000	 81400000	22
chr11	 80450000	 79200000	25
chr11	 84350000	 83350000	20
chr11	 85650000	 82850000	56
chr11	 87300000	 88350000	21
chr11	 87850000	 87300000	11
chr11	 90050000	 90750000	14
chr11	 95800000	 96600000	16
chr11	 96200000	 94500000	34
chr11	100250000	 99050000	24
chr11	102000000	102450000	9
chr11	103000000	102300000	14
chr11	109850000	110150000	6
chr11	110550000	108600000	39
chr11	110600000	111300000	14
chr11	114650000	113100000	31
chr11	116850000	115900000	19
chr11	118300000	116500000	36
chr12	  2950000	  1100000	37
chr12	  3250000	  2600000	13
chr12	  3350000	  2750000	12
chr12	  4000000	  3550000	9
chr12	  4600000	  6050000	29
chr12	  5650000	  6450000	16
chr12	  8600000	  8850000	5
chr12	 13200000	 13550000	7
chr12	 15400000	 15950000	11
chr12	 17700000	 16150000	31
chr12	 18050000	 18850000	16
chr12	 21000000	 20200000	16
chr12	 23800000	 23050000	15
chr12	 29000000	 29350000	7
chr12	 31050000	 30600000	9
chr12	 31650000	 32950000	26
chr12	 33350000	 32450000	18
chr12	 35050000	 35800000	15
chr12	 35400000	 36400000	20
chr12	 38450000	 38100000	7
chr12	 40350000	 39350000	20
chr12	 40650000	 41550000	18
chr12	 46650000	 45850000	16
chr12	 49350000	 49350000	0
chr12	 50800000	 51550000	15
chr12	 51850000	 53100000	25
chr12	 52750000	 53500000	15
chr12	 54800000	 56300000	30
chr12	 55300000	 56100000	16
chr12	 56650000	 55850000	16
chr12	 58400000	 57000000	28
chr12	 69700000	 68600000	22
chr12	 70800000	 69850000	19
chr12	 72100000	 73100000	20
chr12	 72150000	 69400000	55
chr12	 73000000	 72150000	17
chr12	 80400000	 79100000	26
chr12	 80700000	 79400000	26
chr12	 81400000	 80000000	28
chr12	 83950000	 85000000	21
chr12	 85300000	 84600000	14
chr12	 86250000	 85100000	23
chr12	 86550000	 85500000	21
chr12	 86850000	 87400000	11
chr12	101100000	102500000	28
chr12	101750000	100850000	18
chr12	101750000	102500000	15
chr12	102550000	101250000	26
chr12	102550000	101500000	21
chr12	103050000	101750000	26
chr12	104050000	106300000	45
chr12	106550000	105850000	14
chr12	107100000	108500000	28
chr12	108450000	107600000	17
chr12	112250000	113050000	16
chr12	114250000	113050000	24
chr12	115050000	113750000	26
chr12	115950000	117450000	30
chr12	118050000	117150000	18
chr13	  1200000	   600000	12
chr13	  1250000	  1750000	10
chr13	  3550000	  2800000	15
chr13	  5850000	  4850000	20
chr13	  6450000	  6250000	4
chr13	  6650000	  7350000	14
chr13	 16950000	 15750000	24
chr13	 20150000	 19300000	17
chr13	 21000000	 19600000	28
chr13	 22800000	 23200000	8
chr13	 23050000	 23450000	8
chr13	 23500000	 21150000	47
chr13	 24050000	 23200000	17
chr13	 24250000	 23650000	12
chr13	 25500000	 24600000	18
chr13	 26100000	 25300000	16
chr13	 35500000	 37050000	31
chr13	 37250000	 36000000	25
chr13	 37600000	 35850000	35
chr13	 39600000	 39900000	6
chr13	 41250000	 41250000	0
chr13	 44300000	 43750000	11
chr13	 45100000	 44050000	21
chr13	 46850000	 48000000	23
chr13	 49000000	 51500000	50
chr13	 51100000	 50800000	6
chr13	 52350000	 50050000	46
chr13	 53200000	 53750000	11
chr13	 53700000	 53700000	0
chr13	 56800000	 55050000	35
chr13	 57900000	 57100000	16
chr13	 59850000	 60050000	4
chr13	 62600000	 61900000	14
chr13	 64350000	 64050000	6
chr13	 65100000	 62450000	53
chr13	 67100000	 68550000	29
chr13	 67150000	 66600000	11
chr13	 68350000	 69200000	17
chr13	 69200000	 69800000	12
chr13	 71500000	 74050000	51
chr13	 72350000	 70650000	34
chr13	 72800000	 72400000	8
chr13	 72900000	 73250000	7
chr13	 73650000	 72650000	20
chr13	 73950000	 74900000	19
chr13	 74550000	 72800000	35
chr13	 75150000	 74550000	12
chr13	 77100000	 76850000	5
chr13	 78350000	 79750000	28
chr13	 79450000	 80450000	20
chr13	 79550000	 78850000	14
chr13	 82600000	 81950000	13
chr13	 84200000	 86900000	54
chr13	 84450000	 82600000	37
chr13	 84750000	 85650000	18
chr13	 85200000	 86400000	24
chr13	 86000000	 86850000	17
chr13	 86800000	 88400000	32
chr13	 87550000	 86200000	27
chr13	 88750000	 89400000	13
chr13	 89500000	 88300000	24
chr13	 92800000	 93550000	15
chr13	 94650000	 96750000	42
chr13	101050000	 99700000	27
chr13	101200000	102450000	25
chr13	102100000	100800000	26
chr13	104400000	103600000	16
chr13	105000000	104350000	13
chr13	108250000	110000000	35
chr13	109700000	107900000	36
chr13	112450000	114250000	36
chr13	116600000	115850000	15
chr13	116950000	117100000	3
chr13	117450000	119400000	39
chr13	118200000	115700000	50
chr14	  2950000	  3400000	9
chr14	  8600000	  7450000	23
chr14	  9050000	  9850000	16
chr14	 11300000	 10700000	12
chr14	 12200000	 11900000	6
chr14	 18100000	 15300000	56
chr14	 19850000	 18450000	28
chr14	 23100000	 23700000	12
chr14	 24800000	 26700000	38
chr14	 25950000	 26450000	10
chr14	 26500000	 24850000	33
chr14	 26700000	 28400000	34
chr14	 27350000	 28350000	20
chr14	 37200000	 37750000	11
chr14	 48250000	 49450000	24
chr14	 49450000	 48850000	12
chr14	 51800000	 51150000	13
chr14	 53300000	 52250000	21
chr14	 54350000	 57100000	55
chr14	 55100000	 54200000	18
chr14	 55650000	 56900000	25
chr14	 56150000	 58150000	40
chr14	 58500000	 60000000	30
chr14	 60650000	 62450000	36
chr14	 64550000	 63800000	15
chr14	 66050000	 65000000	21
chr14	 67150000	 67850000	14
chr14	 69650000	 68300000	27
chr14	 69850000	 69100000	15
chr14	 73150000	 74550000	28
chr14	 75450000	 77400000	39
chr14	 75500000	 74200000	26
chr14	 75700000	 74850000	17
chr14	 76250000	 78000000	35
chr14	 77250000	 78150000	18
chr14	 79650000	 81400000	35
chr14	 79900000	 81550000	33
chr14	 83400000	 81950000	29
chr14	 85400000	 87450000	41
chr14	 86000000	 85300000	14
chr14	 86050000	 88250000	44
chr14	 89500000	 89050000	9
chr14	 93750000	 92000000	35
chr14	 93800000	 94250000	9
chr14	 94950000	 95950000	20
chr14	 96200000	 97900000	34
chr14	 96900000	 97850000	19
chr14	 97550000	 98550000	20
chr14	100050000	 99350000	14
chr14	105850000	103800000	41
chr14	111450000	110150000	26
chr14	113850000	112800000	21
chr14	115050000	116900000	37
chr14	115450000	116000000	11
chr14	116700000	115700000	20
chr14	118250000	116150000	42
chr14	118800000	117550000	25
chr14	119300000	118500000	16
chr14	119600000	119800000	4
chr14	120900000	117900000	60
chr14	122000000	120350000	33
chr14	122700000	122700000	0
chr15	   350000	  1350000	20
chr15	  1500000	   300000	24
chr15	  1800000	  2850000	21
chr15	  2600000	  3650000	21
chr15	  2700000	  3500000	16
chr15	  2750000	  2050000	14
chr15	  7450000	  9450000	40
chr15	  8000000	  6650000	27
chr15	  9300000	  7900000	28
chr15	 14050000	 13300000	15
chr15	 14200000	 12900000	26
chr15	 14700000	 16500000	36
chr15	 16200000	 16950000	15
chr15	 16750000	 18550000	36
chr15	 26600000	 27350000	15
chr15	 27100000	 27950000	17
chr15	 29600000	 28750000	17
chr15	 33550000	 35200000	33
chr15	 34150000	 33100000	21
chr15	 35000000	 34350000	13
chr15	 35150000	 35400000	5
chr15	 35450000	 31700000	75
chr15	 37050000	 34100000	59
chr15	 43350000	 42350000	20
chr15	 44750000	 45150000	8
chr15	 47350000	 46750000	12
chr15	 48200000	 48800000	12
chr15	 48400000	 50300000	38
chr15	 52650000	 53650000	20
chr15	 57700000	 57300000	8
chr15	 57950000	 56750000	24
chr15	 61350000	 62000000	13
chr15	 63800000	 62600000	24
chr15	 64200000	 64700000	10
chr15	 67800000	 69700000	38
chr15	 69000000	 69850000	17
chr15	 69650000	 66300000	67
chr15	 70600000	 71450000	17
chr15	 72800000	 72300000	10
chr15	 74950000	 76650000	34
chr15	 75500000	 75700000	4
chr15	 82050000	 80150000	38
chr15	 84650000	 85950000	26
chr15	 85300000	 85850000	11
chr15	 89450000	 90450000	20
chr15	 89900000	 91850000	39
chr15	 90850000	 88900000	39
chr15	 91700000	 90650000	21
chr15	 95400000	 96350000	19
chr15	 97150000	 97900000	15
chr15	 98950000	 95450000	70
chr15	100700000	101900000	24
chr15	102800000	103300000	10
chr16	  1650000	   900000	15
chr16	  1900000	  3450000	31
chr16	  2550000	  1750000	16
chr16	  9200000	 10950000	35
chr16	 15700000	 18100000	48
chr16	 16500000	 15000000	30
chr16	 18400000	 15650000	55
chr16	 19400000	 20400000	20
chr16	 22700000	 23200000	10
chr16	 23500000	 25000000	30
chr16	 24200000	 23750000	9
chr16	 26900000	 25900000	20
chr16	 29700000	 30300000	12
chr16	 30650000	 31350000	14
chr16	 30900000	 30100000	16
chr16	 31200000	 30350000	17
chr16	 36400000	 34650000	35
chr16	 40600000	 38750000	37
chr16	 42350000	 43450000	22
chr16	 50600000	 49950000	13
chr16	 50750000	 49900000	17
chr16	 54150000	 54050000	2
chr16	 54350000	 54350000	0
chr16	 55600000	 57700000	42
chr16	 56450000	 56150000	6
chr16	 57650000	 59550000	38
chr16	 61800000	 59750000	41
chr16	 63600000	 66950000	67
chr16	 66150000	 63350000	56
chr16	 67850000	 66900000	19
chr16	 68650000	 70000000	27
chr16	 68750000	 69550000	16
chr16	 77400000	 75950000	29
chr16	 80550000	 81350000	16
chr16	 82250000	 82700000	9
chr16	 83400000	 82900000	10
chr16	 88750000	 87900000	17
chr16	 94450000	 95450000	20
chr17	   400000	  1650000	25
chr17	  1500000	  2200000	14
chr17	  5850000	  7250000	28
chr17	  6500000	  3250000	65
chr17	  6550000	  7600000	21
chr17	  7450000	  5900000	31
chr17	  8700000	  7150000	31
chr17	  9200000	  9650000	9
chr17	 12000000	 11750000	5
chr17	 14800000	 15550000	15
chr17	 16650000	 16300000	7
chr17	 17950000	 18400000	9
chr17	 20650000	 19800000	17
chr17	 25250000	 24600000	13
chr17	 26250000	 25200000	21
chr17	 32200000	 31550000	13
chr17	 33700000	 31300000	48
chr17	 39250000	 37600000	33
chr17	 41400000	 43000000	32
chr17	 48450000	 47800000	13
chr17	 49750000	 50400000	13
chr17	 54850000	 55800000	19
chr17	 55850000	 57850000	40
chr17	 58350000	 56900000	29
chr17	 61050000	 59000000	41
chr17	 63350000	 62350000	20
chr17	 66300000	 65500000	16
chr17	 68700000	 70100000	28
chr17	 73550000	 74650000	22
chr17	 73650000	 72750000	18
chr17	 73850000	 74750000	18
chr17	 75100000	 74550000	11
chr17	 79350000	 78450000	18
chr17	 84100000	 82350000	35
chr17	 84200000	 83550000	13
chr17	 84900000	 85150000	5
chr17	 86750000	 90450000	74
chr17	 88150000	 89400000	25
chr17	 92000000	 90550000	29
chr17	 94850000	 93950000	18
chr18	  2000000	  1400000	12
chr18	  2300000	  1850000	9
chr18	  2450000	  1300000	23
chr18	  3400000	  2500000	18
chr18	  4850000	  5500000	13
chr18	  6500000	  7050000	11
chr18	 16000000	 15450000	11
chr18	 17300000	 18400000	22
chr18	 17600000	 20750000	63
chr18	 19550000	 20450000	18
chr18	 22700000	 23400000	14
chr18	 22900000	 21700000	24
chr18	 23650000	 23950000	6
chr18	 24400000	 25350000	19
chr18	 30650000	 28800000	37
chr18	 31900000	 33600000	34
chr18	 36250000	 35750000	10
chr18	 41500000	 41200000	6
chr18	 42300000	 44000000	34
chr18	 44450000	 45500000	21
chr18	 46750000	 45300000	29
chr18	 47500000	 48000000	10
chr18	 48150000	 50350000	44
chr18	 51600000	 53800000	44
chr18	 55650000	 56900000	25
chr18	 59450000	 58450000	20
chr18	 59600000	 61200000	32
chr18	 59900000	 59300000	12
chr18	 62600000	 60750000	37
chr18	 63850000	 63500000	7
chr18	 67050000	 68500000	29
chr18	 69500000	 66950000	51
chr18	 71900000	 72550000	13
chr18	 72800000	 71550000	25
chr18	 73200000	 72200000	20
chr18	 82800000	 82550000	5
chr18	 83750000	 82750000	20
chr18	 84600000	 82150000	49
chr18	 87750000	 90050000	46
chr19	  1700000	  2950000	25
chr19	  5950000	  5500000	9
chr19	  7550000	  5700000	37
chr19	  8350000	  7900000	9
chr19	  8350000	  9350000	20
chr19	 10200000	  8600000	32
chr19	 13700000	 12550000	23
chr19	 14450000	 12600000	37
chr19	 15800000	 16150000	7
chr19	 16300000	 15000000	26
chr19	 16450000	 15550000	18
chr19	 19800000	 19200000	12
chr19	 20250000	 18900000	27
chr19	 22750000	 19450000	66
chr19	 25650000	 24700000	19
chr19	 26300000	 27300000	20
chr19	 29750000	 30200000	9
chr19	 34800000	 34250000	11
chr19	 35450000	 36150000	14
chr19	 39550000	 40750000	24
chr19	 39950000	 40650000	14
chr19	 40500000	 40900000	8
chr19	 40550000	 39700000	17
chr19	 43550000	 45000000	29
chr19	 45550000	 45300000	5
chr19	 46100000	 45550000	11
chr19	 47000000	 47300000	6
chr19	 49900000	 48800000	22
chr19	 50050000	 51800000	35
chr19	 55850000	 54150000	34
chr19	 56300000	 54600000	34
chr19	 57400000	 56600000	16
chr19	 57600000	 59650000	41
chr19	 58900000	 60100000	24
chr19	 59700000	 59100000	12
chr2	  1050000	  1850000	16
chr2	  2850000	  2350000	10
chr2	  4750000	  3700000	21
chr2	  5650000	  4200000	29
chr2	  7650000	  8850000	24
chr2	  9650000	 10850000	24
chr2	 11050000	 10350000	14
chr2	 11850000	 12400000	11
chr2	 12100000	 10100000	40
chr2	 12700000	 13300000	12
chr2	 16550000	 13850000	54
chr2	 17300000	 16950000	7
chr2	 19050000	 17000000	41
chr2	 19550000	 19950000	8
chr2	 20300000	 21250000	19
chr2	 21800000	 20100000	34
chr2	 22600000	 23350000	15
chr2	 23300000	 22550000	15
chr2	 30550000	 31700000	23
chr2	 35700000	 34850000	17
chr2	 38700000	 40000000	26
chr2	 40000000	 40900000	18
chr2	 41600000	 40800000	16
chr2	 42350000	 43700000	27
chr2	 42750000	 40100000	53
chr2	 43750000	 42650000	22
chr2	 43900000	 42950000	19
chr2	 44300000	 46200000	38
chr2	 44600000	 46300000	34
chr2	 50300000	 51000000	14
chr2	 51500000	 50900000	12
chr2	 52550000	 52750000	4
chr2	 59600000	 58900000	14
chr2	 60250000	 58550000	34
chr2	 60900000	 61600000	14
chr2	 64000000	 65450000	29
chr2	 65100000	 63700000	28
chr2	 66550000	 65850000	14
chr2	 70500000	 71650000	23
chr2	 71000000	 68950000	41
chr2	 75850000	 77600000	35
chr2	 81300000	 79650000	33
chr2	 82150000	 81400000	15
chr2	 87950000	 88400000	9
chr2	 88400000	 86800000	32
chr2	 89400000	 88000000	28
chr2	 89500000	 90200000	14
chr2	 89700000	 88100000	32
chr2	 97650000	 97100000	11
chr2	103800000	102000000	36
chr2	103800000	102700000	22
chr2	105550000	106400000	17
chr2	109200000	108450000	15
chr2	109600000	110050000	9
chr2	110100000	108300000	36
chr2	111950000	111400000	11
chr2	112250000	111450000	16
chr2	113000000	112100000	18
chr2	114000000	111450000	51
chr2	115150000	115850000	14
chr2	118350000	118750000	8
chr2	122450000	121350000	22
chr2	123300000	122650000	13
chr2	124450000	123550000	18
chr2	127300000	128600000	26
chr2	127750000	129050000	26
chr2	128700000	127850000	17
chr2	132000000	133000000	20
chr2	132300000	133100000	16
chr2	133550000	132600000	19
chr2	138450000	140700000	45
chr2	139900000	137500000	48
chr2	139900000	138650000	25
chr2	140400000	138550000	37
chr2	141350000	142850000	30
chr2	142400000	143250000	17
chr2	143400000	143900000	10
chr2	145350000	144200000	23
chr2	145450000	145750000	6
chr2	147300000	143750000	71
chr2	148050000	147350000	14
chr2	148250000	148650000	8
chr2	148300000	146950000	27
chr2	150050000	148950000	22
chr2	150400000	149250000	23
chr2	151100000	150100000	20
chr2	152250000	153400000	23
chr2	152350000	153600000	25
chr2	153300000	152500000	16
chr2	154200000	153650000	11
chr2	154450000	154450000	0
chr2	154650000	154250000	8
chr2	155650000	156750000	22
chr2	156000000	152400000	72
chr2	156150000	155000000	23
chr2	161650000	162150000	10
chr2	163200000	164600000	28
chr2	164250000	163500000	15
chr2	167400000	168300000	18
chr2	168200000	167600000	12
chr2	169350000	168300000	21
chr2	170200000	172000000	36
chr2	170300000	170950000	13
chr2	170550000	169600000	19
chr2	174050000	175150000	22
chr2	175050000	175550000	10
chr2	178250000	177400000	17
chr2	178450000	177650000	16
chr2	179400000	180400000	20
chr3	  1000000	  5600000	92
chr3	  6150000	  5250000	18
chr3	  6400000	  7550000	23
chr3	  8000000	  7550000	9
chr3	 10150000	 11700000	31
chr3	 10200000	 11400000	24
chr3	 14600000	 16700000	42
chr3	 15250000	 15700000	9
chr3	 15300000	 14900000	8
chr3	 16450000	 15850000	12
chr3	 20900000	 21150000	5
chr3	 20900000	 21900000	20
chr3	 21700000	 23300000	32
chr3	 21800000	 21000000	16
chr3	 22200000	 22000000	4
chr3	 24900000	 26150000	25
chr3	 26300000	 26950000	13
chr3	 29250000	 31300000	41
chr3	 30700000	 29550000	23
chr3	 31650000	 29850000	36
chr3	 32200000	 31500000	14
chr3	 32700000	 31900000	16
chr3	 36750000	 37350000	12
chr3	 37200000	 38850000	33
chr3	 38450000	 40100000	33
chr3	 41250000	 42750000	30
chr3	 45200000	 44550000	13
chr3	 49800000	 49050000	15
chr3	 53850000	 52700000	23
chr3	 54100000	 55300000	24
chr3	 58100000	 58350000	5
chr3	 60650000	 62100000	29
chr3	 65200000	 64050000	23
chr3	 68400000	 67150000	25
chr3	 71250000	 70150000	22
chr3	 74900000	 75800000	18
chr3	 76300000	 71650000	93
chr3	 87350000	 87850000	10
chr3	 90350000	 91150000	16
chr3	 92250000	 92950000	14
chr3	 93800000	 92500000	26
chr3	 94850000	 93600000	25
chr3	 95500000	 94050000	29
chr3	 95500000	 94800000	14
chr3	 98250000	 96650000	32
chr3	101200000	 99400000	36
chr3	102550000	101600000	19
chr3	103850000	104900000	21
chr3	104450000	106150000	34
chr3	104500000	105200000	14
chr3	104800000	106450000	33
chr3	106150000	108650000	50
chr3	107150000	106650000	10
chr3	109750000	109200000	11
chr3	110000000	107300000	54
chr3	113700000	112800000	18
chr3	114200000	115850000	33
chr3	116650000	117100000	9
chr3	118600000	118150000	9
chr3	122750000	123750000	20
chr3	123400000	123750000	7
chr3	123800000	122300000	30
chr3	123800000	123800000	0
chr3	125250000	126350000	22
chr3	125300000	123000000	46
chr3	125950000	124600000	27
chr3	135200000	136100000	18
chr3	136350000	135750000	12
chr3	139350000	140650000	26
chr3	140550000	140850000	6
chr3	142100000	144300000	44
chr3	148250000	148800000	11
chr3	151450000	152550000	22
chr3	152600000	153350000	15
chr3	154150000	153550000	12
chr3	155850000	156450000	12
chr3	156050000	155450000	12
chr3	157550000	159300000	35
chr4	  1850000	  2500000	13
chr4	  1950000	    50000	38
chr4	  3300000	  3000000	6
chr4	  3850000	  4450000	12
chr4	  6750000	  6150000	12
chr4	  7850000	  8450000	12
chr4	  9000000	  9650000	13
chr4	  9200000	  7950000	25
chr4	 10800000	  9900000	18
chr4	 11500000	 10650000	17
chr4	 13500000	 14200000	14
chr4	 13650000	 13000000	13
chr4	 14650000	 13850000	16
chr4	 15050000	 13400000	33
chr4	 15900000	 17250000	27
chr4	 21750000	 19900000	37
chr4	 23450000	 22450000	20
chr4	 23850000	 25250000	28
chr4	 24450000	 23700000	15
chr4	 25850000	 26950000	22
chr4	 28100000	 28550000	9
chr4	 28850000	 28000000	17
chr4	 29600000	 29000000	12
chr4	 30600000	 29100000	30
chr4	 32850000	 34800000	39
chr4	 34050000	 33450000	12
chr4	 34300000	 32150000	43
chr4	 35200000	 33400000	36
chr4	 35750000	 36450000	14
chr4	 36250000	 35050000	24
chr4	 37150000	 36850000	6
chr4	 38000000	 36900000	22
chr4	 40550000	 41600000	21
chr4	 42450000	 43500000	21
chr4	 43950000	 45200000	25
chr4	 48950000	 49650000	14
chr4	 50100000	 51350000	25
chr4	 52800000	 51650000	23
chr4	 56350000	 56850000	10
chr4	 57000000	 55650000	27
chr4	 61500000	 62750000	25
chr4	 63650000	 64800000	23
chr4	 64150000	 63150000	20
chr4	 65000000	 63600000	28
chr4	 65600000	 63600000	40
chr4	 66400000	 68050000	33
chr4	 67750000	 66650000	22
chr4	 70600000	 71150000	11
chr4	 74000000	 72200000	36
chr4	 74600000	 75550000	19
chr4	 75300000	 75950000	13
chr4	 76100000	 74350000	35
chr4	 78850000	 80500000	33
chr4	 79700000	 78100000	32
chr4	 81600000	 82200000	12
chr4	 82700000	 83250000	11
chr4	 91800000	 90700000	22
chr4	 92250000	 90250000	40
chr4	 95200000	 94100000	22
chr4	 95950000	 94900000	21
chr4	 96400000	 93900000	50
chr4	 97600000	 95300000	46
chr4	 99100000	 98250000	17
chr4	100100000	100850000	15
chr4	106650000	107300000	13
chr4	108800000	108050000	15
chr4	110300000	109450000	17
chr4	113950000	114700000	15
chr4	114950000	114350000	12
chr4	119200000	118750000	9
chr4	121850000	120200000	33
chr4	122600000	124050000	29
chr4	124800000	123900000	18
chr4	130300000	131250000	19
chr4	133350000	130900000	49
chr4	134000000	135100000	22
chr4	134600000	135600000	20
chr4	137400000	134650000	55
chr4	137800000	138200000	8
chr4	138200000	138850000	13
chr4	138950000	140100000	23
chr4	139300000	140500000	24
chr4	139400000	140750000	27
chr4	140700000	141250000	11
chr4	140750000	139800000	19
chr4	140950000	139400000	31
chr4	141100000	142950000	37
chr4	142600000	141850000	15
chr4	146800000	145650000	23
chr4	148250000	147300000	19
chr4	149650000	150900000	25
chr4	152600000	153550000	19
chr4	152850000	154000000	23
chr4	153100000	154450000	27
chr5	  3900000	  6300000	48
chr5	 10650000	  9500000	23
chr5	 11400000	  9800000	32
chr5	 14200000	 14850000	13
chr5	 16050000	 17150000	22
chr5	 16500000	 15700000	16
chr5	 17100000	 18550000	29
chr5	 18400000	 18900000	10
chr5	 18700000	 19250000	11
chr5	 19100000	 22050000	59
chr5	 20100000	 18850000	25
chr5	 22100000	 21200000	18
chr5	 24550000	 23900000	13
chr5	 26800000	 30000000	64
chr5	 33550000	 31750000	36
chr5	 33650000	 32400000	25
chr5	 34200000	 35200000	20
chr5	 34750000	 34000000	15
chr5	 35800000	 37000000	24
chr5	 36850000	 34400000	49
chr5	 37050000	 37950000	18
chr5	 38900000	 39450000	11
chr5	 41300000	 42250000	19
chr5	 42800000	 44400000	32
chr5	 44700000	 43550000	23
chr5	 47000000	 47750000	15
chr5	 47900000	 47000000	18
chr5	 55750000	 57250000	30
chr5	 58200000	 59750000	31
chr5	 60250000	 59250000	20
chr5	 61450000	 61100000	7
chr5	 61700000	 60250000	29
chr5	 62100000	 61250000	17
chr5	 62200000	 64450000	45
chr5	 62400000	 63500000	22
chr5	 62700000	 63450000	15
chr5	 63150000	 64200000	21
chr5	 63550000	 62400000	23
chr5	 63650000	 64600000	19
chr5	 70000000	 69500000	10
chr5	 71700000	 73250000	31
chr5	 72800000	 73500000	14
chr5	 79650000	 78750000	18
chr5	 82000000	 83300000	26
chr5	 82400000	 84500000	42
chr5	 82650000	 82250000	8
chr5	 83950000	 83200000	15
chr5	 85550000	 87300000	35
chr5	 87500000	 88750000	25
chr5	 92200000	 91100000	22
chr5	 93750000	 94400000	13
chr5	 95050000	 93150000	38
chr5	 95700000	 95700000	0
chr5	 97700000	 99850000	43
chr5	100800000	 98800000	40
chr5	100800000	100150000	13
chr5	102750000	102000000	15
chr5	103400000	101200000	44
chr5	103500000	102650000	17
chr5	104550000	104000000	11
chr5	105150000	103550000	32
chr5	106200000	105250000	19
chr5	107050000	105950000	22
chr5	107300000	108700000	28
chr5	108300000	107300000	20
chr5	108600000	110150000	31
chr5	110700000	109200000	30
chr5	111550000	113300000	35
chr5	113100000	115350000	45
chr5	115050000	115350000	6
chr5	115050000	116200000	23
chr5	117000000	117550000	11
chr5	119450000	118100000	27
chr5	120450000	119600000	17
chr5	120700000	121800000	22
chr5	122900000	122150000	15
chr5	124050000	122100000	39
chr5	124200000	125850000	33
chr5	127300000	125550000	35
chr5	130300000	131900000	32
chr5	130750000	132700000	39
chr5	135050000	134250000	16
chr5	136100000	136650000	11
chr5	138150000	137450000	14
chr5	141400000	140200000	24
chr5	145300000	147250000	39
chr5	145350000	144250000	22
chr5	149500000	148850000	13
chr5	150450000	149950000	10
chr5	151150000	149750000	28
chr5	151700000	150200000	30
chr5	151800000	150350000	29
chr6	  7400000	  8750000	27
chr6	  8400000	  8050000	7
chr6	  8550000	  9700000	23
chr6	  8600000	  9100000	10
chr6	  9250000	  7850000	28
chr6	 12350000	 14250000	38
chr6	 13450000	 11100000	47
chr6	 15750000	 17050000	26
chr6	 16650000	 15750000	18
chr6	 19700000	 18900000	16
chr6	 19750000	 20450000	14
chr6	 20500000	 21450000	19
chr6	 24700000	 26850000	43
chr6	 31000000	 33250000	45
chr6	 32050000	 32700000	13
chr6	 35700000	 37000000	26
chr6	 39050000	 38700000	7
chr6	 39900000	 40900000	20
chr6	 42750000	 41800000	19
chr6	 48450000	 49950000	30
chr6	 48900000	 50000000	22
chr6	 50100000	 51950000	37
chr6	 51150000	 51550000	8
chr6	 51550000	 49300000	45
chr6	 52350000	 51700000	13
chr6	 52450000	 53350000	18
chr6	 53800000	 54800000	20
chr6	 55450000	 56500000	21
chr6	 56700000	 57100000	8
chr6	 57350000	 57000000	7
chr6	 57450000	 56200000	25
chr6	 60450000	 61200000	15
chr6	 65750000	 65750000	0
chr6	 72150000	 71650000	10
chr6	 75300000	 76950000	33
chr6	 79150000	 80250000	22
chr6	 83950000	 81650000	46
chr6	 85500000	 83600000	38
chr6	 91300000	 90300000	20
chr6	101600000	100800000	16
chr6	106500000	107650000	23
chr6	107550000	108650000	22
chr6	108000000	106950000	21
chr6	108550000	107350000	24
chr6	112250000	110250000	40
chr6	120600000	119300000	26
chr6	123700000	124950000	25
chr6	127950000	127050000	18
chr6	132650000	131100000	31
chr6	133750000	132900000	17
chr6	138050000	139750000	34
chr6	139600000	138200000	28
chr6	142750000	143700000	19
chr6	143850000	145650000	36
chr6	144700000	146250000	31
chr6	147650000	147100000	11
chr7	  1250000	   300000	19
chr7	  5450000	  4700000	15
chr7	  5600000	  6000000	8
chr7	 19500000	 21200000	34
chr7	 19800000	 18300000	30
chr7	 20500000	 19350000	23
chr7	 20850000	 20400000	9
chr7	 21750000	 22750000	20
chr7	 23100000	 24200000	22
chr7	 28600000	 29150000	11
chr7	 30250000	 27750000	50
chr7	 31900000	 30400000	30
chr7	 33300000	 30950000	47
chr7	 37650000	 36300000	27
chr7	 39100000	 37750000	27
chr7	 39400000	 40450000	21
chr7	 39850000	 41800000	39
chr7	 40850000	 43100000	45
chr7	 41000000	 43600000	52
chr7	 42900000	 43450000	11
chr7	 43000000	 41400000	32
chr7	 43850000	 41200000	53
chr7	 44600000	 45000000	8
chr7	 47050000	 47850000	16
chr7	 47300000	 45100000	44
chr7	 49000000	 51350000	47
chr7	 49950000	 50700000	15
chr7	 52550000	 53550000	20
chr7	 57550000	 59450000	38
chr7	 59250000	 61150000	38
chr7	 61250000	 59750000	30
chr7	 68100000	 70950000	57
chr7	 73200000	 74500000	26
chr7	 79700000	 78800000	18
chr7	 80850000	 80100000	15
chr7	 81850000	 80300000	31
chr7	 84400000	 84900000	10
chr7	 87800000	 89000000	24
chr7	 89550000	 90500000	19
chr7	 90700000	 89250000	29
chr7	 91350000	 90000000	27
chr7	 92150000	 91750000	8
chr7	 93750000	 93050000	14
chr7	 93850000	 93450000	8
chr7	 95750000	 94600000	23
chr7	 97150000	 98000000	17
chr7	 99400000	100550000	23
chr7	100550000	101700000	23
chr7	108850000	108050000	16
chr7	108900000	108200000	14
chr7	110450000	109900000	11
chr7	112800000	111900000	18
chr7	113350000	114750000	28
chr7	113750000	115450000	34
chr7	115050000	116250000	24
chr7	115250000	117350000	42
chr7	115400000	114100000	26
chr7	117600000	118500000	18
chr7	118000000	116350000	33
chr7	125550000	126050000	10
chr7	129150000	129950000	16
chr7	129800000	128000000	36
chr7	133100000	134000000	18
chr7	137700000	138550000	17
chr7	138600000	137850000	15
chr7	138650000	138250000	8
chr7	144550000	143600000	19
chr8	  4150000	  3850000	6
chr8	  5000000	  4300000	14
chr8	  5200000	  3650000	31
chr8	  5950000	  5400000	11
chr8	  6700000	  8700000	40
chr8	 10450000	  9350000	22
chr8	 12100000	 13450000	27
chr8	 14400000	 13200000	24
chr8	 15800000	 14600000	24
chr8	 16250000	 15600000	13
chr8	 17600000	 17100000	10
chr8	 18050000	 19250000	24
chr8	 23600000	 22950000	13
chr8	 26050000	 25700000	7
chr8	 26250000	 27650000	28
chr8	 27250000	 28500000	25
chr8	 31250000	 31850000	12
chr8	 31550000	 30700000	17
chr8	 35950000	 34550000	28
chr8	 37400000	 38800000	28
chr8	 43050000	 43650000	12
chr8	 45850000	 44300000	31
chr8	 48250000	 48450000	4
chr8	 48300000	 48950000	13
chr8	 50900000	 51250000	7
chr8	 53550000	 52300000	25
chr8	 57000000	 58050000	21
chr8	 59200000	 55550000	73
chr8	 59450000	 58600000	17
chr8	 59550000	 60950000	28
chr8	 61500000	 60800000	14
chr8	 62800000	 63500000	14
chr8	 65450000	 64000000	29
chr8	 70250000	 69450000	16
chr8	 76850000	 77700000	17
chr8	 76900000	 76050000	17
chr8	 78050000	 77000000	21
chr8	 83600000	 82400000	24
chr8	 86200000	 84850000	27
chr8	 88250000	 87150000	22
chr8	 89550000	 90400000	17
chr8	 90900000	 89850000	21
chr8	 91750000	 90600000	23
chr8	 96300000	 97400000	22
chr8	 99000000	 97750000	25
chr8	100100000	101050000	19
chr8	100250000	100900000	13
chr8	100950000	102450000	30
chr8	101050000	101700000	13
chr8	104400000	106900000	50
chr8	107150000	108050000	18
chr8	109500000	112100000	52
chr8	109900000	108400000	30
chr8	110150000	112050000	38
chr8	110250000	109400000	17
chr8	111450000	110350000	22
chr8	113200000	110600000	52
chr8	113450000	112850000	12
chr8	117300000	118000000	14
chr8	118500000	120150000	33
chr8	121200000	121750000	11
chr8	123300000	122700000	12
chr8	125050000	127100000	41
chr8	127350000	126150000	24
chr9	   250000	  2000000	35
chr9	  2500000	  3650000	23
chr9	  2850000	  2300000	11
chr9	  3750000	  4250000	10
chr9	  3950000	  4750000	16
chr9	  5450000	  6500000	21
chr9	  7950000	  7200000	15
chr9	  9200000	 10050000	17
chr9	  9700000	  8900000	16
chr9	 17050000	 17650000	12
chr9	 22550000	 22900000	7
chr9	 24350000	 22150000	44
chr9	 25800000	 25300000	10
chr9	 26100000	 24700000	28
chr9	 33900000	 32450000	29
chr9	 39350000	 38550000	16
chr9	 41350000	 43000000	33
chr9	 41950000	 42400000	9
chr9	 43800000	 43300000	10
chr9	 48150000	 47250000	18
chr9	 48400000	 47000000	28
chr9	 50550000	 51250000	14
chr9	 51750000	 50900000	17
chr9	 53100000	 55250000	43
chr9	 55250000	 56500000	25
chr9	 55550000	 54700000	17
chr9	 56300000	 56600000	6
chr9	 57050000	 55750000	26
chr9	 59950000	 59300000	13
chr9	 63000000	 64750000	35
chr9	 70350000	 69500000	17
chr9	 71750000	 73050000	26
chr9	 71900000	 73850000	39
chr9	 72050000	 72700000	13
chr9	 84600000	 82050000	51
chr9	 89700000	 90200000	10
chr9	 98600000	 98350000	5
chr9	100350000	101800000	29
chr9	100400000	 98900000	30
chr9	100450000	102150000	34
chr9	101350000	103050000	34
chr9	104400000	100900000	70
chr9	104500000	105000000	10
chr9	106200000	105250000	19
chr9	106200000	107850000	33
chr9	107250000	106400000	17
chr9	107850000	108400000	11
chr9	110400000	112050000	33
chr9	111950000	111350000	12
chr9	112300000	110950000	27
chr9	114450000	112300000	43
chr9	117800000	116900000	18
chr9	118450000	119800000	27
chr9	121500000	121150000	7
chr9	122050000	123000000	19
chrX	  3050000	  1850000	24
chrX	  3750000	  5050000	26
chrX	  5300000	  4500000	16
chrX	  6600000	  7250000	13
chrX	  8850000	  9750000	18
chrX	  9650000	 11650000	40
chrX	 10750000	 12200000	29
chrX	 11250000	 12450000	24
chrX	 12650000	 14400000	35
chrX	 13100000	 10200000	58
chrX	 13200000	 12450000	15
chrX	 14050000	 14550000	10
chrX	 19700000	 20650000	19
chrX	 20100000	 21200000	22
chrX	 23100000	 24950000	37
chrX	 23250000	 22450000	16
chrX	 23950000	 22600000	27
chrX	 28500000	 27750000	15
chrX	 29600000	 29250000	7
chrX	 31200000	 32450000	25
chrX	 37050000	 35950000	22
chrX	 37650000	 38400000	15
chrX	 40400000	 41050000	13
chrX	 42550000	 40250000	46
chrX	 42750000	 42750000	0
chrX	 44200000	 43050000	23
chrX	 45750000	 44500000	25
chrX	 47750000	 48900000	23
chrX	 48950000	 47800000	23
chrX	 50900000	 50200000	14
chrX	 56750000	 55750000	20
chrX	 56900000	 58050000	23
chrX	 59650000	 60550000	18
chrX	 66350000	 67750000	28
chrX	 66650000	 67250000	12
chrX	 67050000	 66450000	12
chrX	 68550000	 69150000	12
chrX	 71050000	 69250000	36
chrX	 71200000	 71550000	7
chrX	 71200000	 71600000	8
chrX	 72200000	 71650000	11
chrX	 72950000	 74600000	33
chrX	 74500000	 75300000	16
chrX	 74800000	 76950000	43
chrX	 74900000	 76000000	22
chrX	 76450000	 75800000	13
chrX	 83500000	 82000000	30
chrX	 87150000	 87700000	11
chrX	 88600000	 87500000	22
chrX	 93950000	 95850000	38
chrX	 94500000	 94050000	9
chrX	 96350000	 95700000	13
chrX	 97350000	 98200000	17
chrX	 98050000	 97300000	15
chrX	107750000	106200000	31
chrX	108250000	105850000	48
chrX	108500000	109650000	23
chrX	109950000	108500000	29
chrX	113250000	112000000	25
chrX	114600000	115200000	12
chrX	114750000	118000000	65
chrX	116200000	115550000	13
chrX	116450000	115350000	22
chrX	117300000	114900000	48
chrX	124900000	123650000	25
chrX	126100000	125700000	8
chrX	126750000	127750000	20
chrX	127300000	126950000	7
chrX	127750000	126700000	21
chrX	128450000	129150000	14
chrX	129900000	128700000	24
chrX	131000000	130200000	16
chrX	133000000	133500000	10
chrX	134200000	133350000	17
chrX	135850000	136400000	11
chrX	138800000	140000000	24
chrX	142100000	143450000	27
chrX	142800000	143350000	11
chrX	145000000	145750000	15
chrX	146900000	145500000	28
chrX	147700000	147050000	13
chrX	147750000	145550000	44
chrX	152350000	151850000	10
chrX	155400000	155800000	8
chrX	156000000	157700000	34
chrX	159950000	160350000	8
chrX	163200000	161600000	32
chrX	164900000	164050000	17
chrX	168300000	167900000	8
chrY	  3700000	  5650000	39
chrY	  7150000	  8050000	18
chrY	 10750000	 11250000	10
chrY	 11650000	 12950000	26
chrY	 12050000	 11300000	15
chrY	 18300000	 19850000	31
chrY	 21450000	 22900000	29
chrY	 21550000	 21550000	0
chrY	 23650000	 24550000	18
chrY	 26400000	 27100000	14
chrY	 26950000	 26250000	14
chrY	 31250000	 32200000	19
chrY	 31650000	 31000000	13
chrY	 36700000	 35600000	22
chrY	 37350000	 37050000	6
chrY	 37800000	 35350000	49
chrY	 38750000	 40150000	28
chrY	 42300000	 43350000	21
chrY	 44850000	 46200000	27
chrY	 46100000	 47350000	25
chrY	 48100000	 51500000	68
chrY	 49350000	 50950000	32
chrY	 50550000	 52150000	32
chrY	 51400000	 53800000	48
chrY	 51600000	 48900000	54
chrY	 55850000	 55500000	7
chrY	 56500000	 54750000	35
chrY	 61200000	 59900000	26
chrY	 62050000	 64900000	57
chrY	 65800000	 68850000	61
chrY	 66700000	 66300000	8
chrY	 72050000	 73000000	19
chrY	 74600000	 73800000	16
chrY	 74800000	 75150000	7
chrY	 75000000	 72950000	41
chrY	 75750000	 76400000	13
chrY	 77750000	 74650000	62
chrY	 78500000	 79700000	24
chrY	 79100000	 79700000	12
chrY	 80500000	 80150000	7
chrY	 80950000	 80500000	9
chrY	 85050000	 84600000	9
chrY	 88700000	 87300000	28
