chr1	   450000	  2750000	46
chr1	 10450000	  9900000	11
chr1	 10900000	 10350000	11
chr1	 11600000	 10850000	15
chr1	 13150000	 12100000	21
chr1	 14500000	 13600000	18
chr1	 16300000	 15300000	20
chr1	 20400000	 19400000	20
chr1	 26750000	 24900000	37
chr1	 26950000	 26700000	5
chr1	 35850000	 34650000	24
chr1	 36100000	 34850000	25
chr1	 37550000	 36650000	18
chr1	 37650000	 36750000	18
chr1	 37800000	 38850000	21
chr1	 41150000	 42050000	18
chr1	 45850000	 46850000	20
chr1	 47700000	 48750000	21
chr1	 48950000	 49600000	13
chr1	 50350000	 52150000	36
chr1	 50950000	 51900000	19
chr1	 51300000	 49700000	32
chr1	 58550000	 57600000	19
chr1	 58900000	 57700000	24
chr1	 71350000	 70600000	15
chr1	 71450000	 72100000	13
chr1	 72500000	 73100000	12
chr1	 74850000	 73400000	29
chr1	 76850000	 76350000	10
chr1	 85200000	 87650000	49
chr1	 85400000	 86600000	24
chr1	 87700000	 91050000	67
chr1	 93750000	 94450000	14
chr1	 99750000	100150000	8
chr1	102200000	102900000	14
chr1	103000000	103700000	14
chr1	105400000	103750000	33
chr1	106000000	106850000	17
chr1	106000000	107550000	31
chr1	106350000	107550000	24
chr1	109900000	112600000	54
chr1	110550000	108700000	37
chr1	110550000	109650000	18
chr1	112650000	111400000	25
chr1	113050000	111900000	23
chr1	114500000	113800000	14
chr1	114550000	112750000	36
chr1	114700000	116150000	29
chr1	115900000	116350000	9
chr1	133950000	133200000	15
chr1	140850000	140150000	14
chr1	141500000	140050000	29
chr1	146000000	146550000	11
chr1	149650000	148700000	19
chr1	150650000	149800000	17
chr1	150800000	151600000	16
chr1	159500000	161100000	32
chr1	166750000	167300000	11
chr1	168900000	167550000	27
chr1	170100000	170350000	5
chr1	171100000	172800000	34
chr1	171350000	171750000	8
chr1	174000000	174800000	16
chr1	175250000	171650000	72
chr1	175400000	176500000	22
chr1	176950000	175950000	20
chr1	184450000	183050000	28
chr1	187050000	185400000	33
chr1	191750000	190700000	21
chr1	191900000	192950000	21
chr1	192200000	191650000	11
chr1	194650000	193750000	18
chr10	  2250000	  3550000	26
chr10	  2450000	  1950000	10
chr10	  3600000	  3300000	6
chr10	  4100000	  4550000	9
chr10	  5750000	  4750000	20
chr10	  7450000	  8800000	27
chr10	 11250000	 13100000	37
chr10	 12600000	 14250000	33
chr10	 13350000	 14250000	18
chr10	 17900000	 18900000	20
chr10	 23800000	 22550000	25
chr10	 23950000	 24300000	7
chr10	 25150000	 24500000	13
chr10	 26250000	 26700000	9
chr10	 27150000	 26950000	4
chr10	 27500000	 28150000	13
chr10	 28800000	 27450000	27
chr10	 31750000	 33350000	32
chr10	 34600000	 31850000	55
chr10	 35050000	 32950000	42
chr10	 36650000	 35350000	26
chr10	 36850000	 37650000	16
chr10	 38050000	 39350000	26
chr10	 44100000	 43150000	19
chr10	 46550000	 49150000	52
chr10	 47050000	 45600000	29
chr10	 48200000	 50250000	41
chr10	 50350000	 49050000	26
chr10	 59200000	 60300000	22
chr10	 60650000	 61700000	21
chr10	 66250000	 66800000	11
chr10	 66950000	 67950000	20
chr10	 70700000	 70300000	8
chr10	 78450000	 77950000	10
chr10	 84350000	 83700000	13
chr10	 84700000	 82800000	38
chr10	 86800000	 88200000	28
chr10	 87100000	 86200000	18
chr10	 87150000	 86700000	9
chr10	 89050000	 87900000	23
chr10	 90500000	 91000000	10
chr10	 92950000	 92150000	16
chr10	 93050000	 94200000	23
chr10	 94300000	 92250000	41
chr10	 94600000	 93950000	13
chr10	 99050000	 98550000	10
chr10	100000000	 98750000	25
chr10	103700000	104900000	24
chr10	104850000	105700000	17
chr10	105950000	106450000	10
chr10	106850000	108650000	36
chr10	108150000	110950000	56
chr10	109450000	108650000	16
chr10	109900000	108750000	23
chr10	115100000	113900000	24
chr10	117600000	116350000	25
chr10	117650000	116650000	20
chr10	119500000	121000000	30
chr10	120850000	119750000	22
chr10	123700000	122750000	19
chr10	124000000	123750000	5
chr10	124250000	123700000	11
chr10	125000000	126150000	23
chr10	125250000	126950000	34
chr10	125300000	124950000	7
chr10	126350000	127900000	31
chr10	127050000	127700000	13
chr11	  4350000	  3650000	14
chr11	  5000000	  4450000	11
chr11	  8900000	 10400000	30
chr11	  9550000	 10400000	17
chr11	 10850000	 11500000	13
chr11	 12500000	 13150000	13
chr11	 15300000	 15000000	6
chr11	 15650000	 17050000	28
chr11	 23700000	 24250000	11
chr11	 23950000	 23500000	9
chr11	 24900000	 24500000	8
chr11	 25150000	 24450000	14
chr11	 27750000	 29350000	32
chr11	 33300000	 32150000	23
chr11	 34800000	 35650000	17
chr11	 38250000	 38700000	9
chr11	 39500000	 40150000	13
chr11	 40900000	 40900000	0
chr11	 43200000	 42100000	22
chr11	 43400000	 44950000	31
chr11	 44050000	 43300000	15
chr11	 44500000	 44800000	6
chr11	 47950000	 49400000	29
chr11	 52750000	 54300000	31
chr11	 54000000	 53650000	7
chr11	 55200000	 55900000	14
chr11	 57950000	 58650000	14
chr11	 59600000	 60550000	19
chr11	 61300000	 62600000	26
chr11	 61800000	 61350000	9
chr11	 65050000	 62850000	44
chr11	 70050000	 68450000	32
chr11	 75950000	 76350000	8
chr11	 78700000	 77900000	16
chr11	 80400000	 79800000	12
chr11	 81600000	 80950000	13
chr11	 87300000	 87850000	11
chr11	 87450000	 87000000	9
chr11	 89250000	 90150000	18
chr11	 91950000	 93250000	26
chr11	 92700000	 92300000	8
chr11	 95450000	 95800000	7
chr11	 95750000	 96600000	17
chr11	 96800000	 97500000	14
chr11	 96850000	100550000	74
chr11	 97300000	 94900000	48
chr11	100450000	 99150000	26
chr11	104950000	108500000	71
chr11	106100000	105250000	17
chr11	112050000	111650000	8
chr11	114250000	114800000	11
chr11	117150000	115150000	40
chr11	117300000	115850000	29
chr11	118850000	120100000	25
chr11	120150000	118850000	26
chr11	120850000	119500000	27
chr12	  1850000	  1100000	15
chr12	  3350000	  3050000	6
chr12	  4100000	  4650000	11
chr12	  5250000	  3450000	36
chr12	  9450000	 10550000	22
chr12	 20100000	 18850000	25
chr12	 21000000	 20250000	15
chr12	 22850000	 24150000	26
chr12	 23500000	 24250000	15
chr12	 24750000	 26000000	25
chr12	 25550000	 26450000	18
chr12	 32500000	 33550000	21
chr12	 34150000	 33250000	18
chr12	 36950000	 38350000	28
chr12	 41350000	 41750000	8
chr12	 41400000	 41600000	4
chr12	 41700000	 41100000	12
chr12	 43300000	 43150000	3
chr12	 43800000	 41400000	48
chr12	 43800000	 42850000	19
chr12	 57800000	 56200000	32
chr12	 59500000	 58000000	30
chr12	 59850000	 61700000	37
chr12	 60900000	 59350000	31
chr12	 61450000	 59600000	37
chr12	 62500000	 63000000	10
chr12	 64050000	 62400000	33
chr12	 65150000	 66350000	24
chr12	 67100000	 64100000	60
chr12	 69000000	 70050000	21
chr12	 70050000	 71050000	20
chr12	 70400000	 69150000	25
chr12	 70850000	 72050000	24
chr12	 75400000	 74750000	13
chr12	 76200000	 77900000	34
chr12	 76600000	 77400000	16
chr12	 79150000	 79150000	0
chr12	 79250000	 78600000	13
chr12	 84750000	 82200000	51
chr12	 89000000	 89800000	16
chr12	 89600000	 88100000	30
chr12	 96200000	 97050000	17
chr12	 96500000	 96800000	6
chr12	 96800000	100700000	78
chr12	103100000	102300000	16
chr12	104800000	108550000	75
chr12	107650000	107150000	10
chr12	112000000	111300000	14
chr12	112250000	112850000	12
chr12	112700000	113850000	23
chr12	113150000	112300000	17
chr12	117250000	116450000	16
chr12	119050000	120050000	20
chr13	  2650000	  3650000	20
chr13	 10950000	 13450000	50
chr13	 13000000	 11900000	22
chr13	 17450000	 16400000	21
chr13	 18000000	 16750000	25
chr13	 21250000	 18450000	56
chr13	 23450000	 23150000	6
chr13	 25200000	 23650000	31
chr13	 26550000	 25750000	16
chr13	 26700000	 25650000	21
chr13	 32150000	 33000000	17
chr13	 32300000	 32900000	12
chr13	 32550000	 33150000	12
chr13	 37350000	 38300000	19
chr13	 40000000	 40400000	8
chr13	 41900000	 40550000	27
chr13	 46050000	 45250000	16
chr13	 46850000	 45800000	21
chr13	 49900000	 50600000	14
chr13	 55100000	 54300000	16
chr13	 56150000	 58100000	39
chr13	 57100000	 60000000	58
chr13	 60900000	 62050000	23
chr13	 62550000	 65050000	50
chr13	 62750000	 61100000	33
chr13	 62800000	 63250000	9
chr13	 65100000	 66450000	27
chr13	 67400000	 66650000	15
chr13	 67700000	 66950000	15
chr13	 68800000	 67150000	33
chr13	 69100000	 67150000	39
chr13	 69550000	 69550000	0
chr13	 69800000	 68700000	22
chr13	 72450000	 71600000	17
chr13	 73600000	 74150000	11
chr13	 74550000	 75500000	19
chr13	 78650000	 77950000	14
chr13	 80050000	 80050000	0
chr13	 81800000	 82300000	10
chr13	 87000000	 85850000	23
chr13	 90100000	 89400000	14
chr13	 92450000	 91550000	18
chr13	 92550000	 91000000	31
chr13	 93850000	 93650000	4
chr13	 94350000	 92150000	44
chr13	 94950000	 94400000	11
chr13	 96250000	 96750000	10
chr13	 96650000	 97950000	26
chr13	 97250000	 98250000	20
chr13	 97850000	 96100000	35
chr13	 98900000	 96950000	39
chr13	100400000	 99850000	11
chr13	101150000	 99300000	37
chr13	101550000	100150000	28
chr13	102250000	102800000	11
chr13	102750000	103400000	13
chr13	103650000	104550000	18
chr13	104950000	106100000	23
chr13	106000000	107750000	35
chr13	107950000	109250000	26
chr13	108400000	106500000	38
chr13	114150000	113800000	7
chr13	117650000	118100000	9
chr13	117800000	116650000	23
chr13	118650000	120200000	31
chr14	  1450000	  2850000	28
chr14	  2050000	  2800000	15
chr14	  4700000	  6700000	40
chr14	  8750000	  8500000	5
chr14	  9750000	 12000000	45
chr14	 10050000	 10700000	13
chr14	 11500000	 12000000	10
chr14	 11900000	 12700000	16
chr14	 12050000	 11850000	4
chr14	 14200000	 15700000	30
chr14	 15350000	 14350000	20
chr14	 22250000	 22600000	7
chr14	 24800000	 25650000	17
chr14	 28050000	 26950000	22
chr14	 32900000	 33900000	20
chr14	 33050000	 33800000	15
chr14	 33900000	 34550000	13
chr14	 34250000	 35600000	27
chr14	 37000000	 38000000	20
chr14	 37150000	 38250000	22
chr14	 40500000	 41900000	28
chr14	 45550000	 43750000	36
chr14	 45900000	 44900000	20
chr14	 53450000	 52700000	15
chr14	 54600000	 53850000	15
chr14	 55450000	 54600000	17
chr14	 55700000	 54100000	32
chr14	 56350000	 55600000	15
chr14	 64250000	 63550000	14
chr14	 68800000	 69800000	20
chr14	 69050000	 71450000	48
chr14	 75350000	 73900000	29
chr14	 76250000	 78000000	35
chr14	 77250000	 77850000	12
chr14	 78150000	 77300000	17
chr14	 81450000	 80650000	16
chr14	 81900000	 81600000	6
chr14	 85950000	 87200000	25
chr14	 86750000	 85850000	18
chr14	 89300000	 87400000	38
chr14	 91150000	 90250000	18
chr14	 99150000	 98400000	15
chr14	100600000	102050000	29
chr14	101150000	101650000	10
chr14	103200000	101400000	36
chr14	104600000	104300000	6
chr14	105400000	106600000	24
chr14	105750000	105250000	10
chr14	107700000	108550000	17
chr14	110100000	109350000	15
chr14	110300000	111700000	28
chr14	110650000	108650000	40
chr14	111050000	110650000	8
chr14	111850000	112900000	21
chr14	112050000	111300000	15
chr14	113150000	114450000	26
chr14	114450000	115300000	17
chr14	114550000	112250000	46
chr14	114600000	115000000	8
chr14	115100000	115900000	16
chr14	116900000	115100000	36
chr14	116950000	115550000	28
chr14	119850000	120650000	16
chr14	120100000	119400000	14
chr14	120500000	119300000	24
chr14	121350000	121950000	12
chr15	  3850000	  3200000	13
chr15	  5650000	  4900000	15
chr15	  5750000	  3950000	36
chr15	  8450000	  6800000	33
chr15	 16100000	 14750000	27
chr15	 18000000	 19350000	27
chr15	 18850000	 20200000	27
chr15	 29050000	 28350000	14
chr15	 31350000	 32700000	27
chr15	 38100000	 39900000	36
chr15	 38300000	 39500000	24
chr15	 40400000	 39800000	12
chr15	 42100000	 43900000	36
chr15	 42300000	 41600000	14
chr15	 42550000	 40350000	44
chr15	 43600000	 44250000	13
chr15	 45450000	 47500000	41
chr15	 46250000	 45900000	7
chr15	 46500000	 45650000	17
chr15	 47900000	 48300000	8
chr15	 51400000	 52100000	14
chr15	 52400000	 54150000	35
chr15	 54200000	 53500000	14
chr15	 57950000	 56850000	22
chr15	 58500000	 56850000	33
chr15	 58500000	 57200000	26
chr15	 59400000	 57300000	42
chr15	 59500000	 61400000	38
chr15	 60550000	 60050000	10
chr15	 62050000	 60200000	37
chr15	 62450000	 63700000	25
chr15	 63100000	 63950000	17
chr15	 63800000	 62100000	34
chr15	 64700000	 66000000	26
chr15	 66150000	 64450000	34
chr15	 74950000	 73500000	29
chr15	 81100000	 80550000	11
chr15	 82450000	 84250000	36
chr15	 82750000	 83350000	12
chr15	 83750000	 82850000	18
chr15	 83750000	 84350000	12
chr15	 83850000	 83450000	8
chr15	 85450000	 87150000	34
chr15	 93600000	 92500000	22
chr15	 94800000	 93750000	21
chr15	 94950000	 96100000	23
chr15	 96800000	 95900000	18
chr15	 98250000	 97550000	14
chr15	103750000	101050000	54
chr15	103900000	102950000	19
chr16	  1850000	   850000	20
chr16	  2250000	   500000	35
chr16	  2850000	  1400000	29
chr16	  3000000	  1300000	34
chr16	  3850000	  2850000	20
chr16	  6800000	  5000000	36
chr16	  9300000	 11150000	37
chr16	 15200000	 16000000	16
chr16	 15300000	 13550000	35
chr16	 15950000	 15400000	11
chr16	 16950000	 18700000	35
chr16	 19000000	 16750000	45
chr16	 20600000	 21600000	20
chr16	 21400000	 19600000	36
chr16	 21400000	 22300000	18
chr16	 27300000	 28300000	20
chr16	 28400000	 28850000	9
chr16	 28450000	 29550000	22
chr16	 33500000	 33150000	7
chr16	 35350000	 36800000	29
chr16	 37050000	 34150000	58
chr16	 43400000	 46000000	52
chr16	 44950000	 46900000	39
chr16	 49500000	 50600000	22
chr16	 49550000	 47200000	47
chr16	 50200000	 49900000	6
chr16	 50850000	 50050000	16
chr16	 51350000	 51750000	8
chr16	 52200000	 53350000	23
chr16	 53600000	 54450000	17
chr16	 53650000	 54200000	11
chr16	 57700000	 56750000	19
chr16	 59850000	 58100000	35
chr16	 61300000	 60750000	11
chr16	 67400000	 67200000	4
chr16	 67650000	 68050000	8
chr16	 68900000	 69450000	11
chr16	 69000000	 67650000	27
chr16	 70350000	 69450000	18
chr16	 71650000	 70750000	18
chr16	 75800000	 75150000	13
chr16	 78050000	 78700000	13
chr16	 78500000	 78850000	7
chr16	 78950000	 77650000	26
chr16	 80050000	 81250000	24
chr16	 81250000	 81850000	12
chr16	 81800000	 80000000	36
chr16	 83700000	 82350000	27
chr16	 84600000	 85050000	9
chr16	 84700000	 83550000	23
chr16	 85000000	 86450000	29
chr16	 85300000	 86750000	29
chr16	 86000000	 84900000	22
chr16	 87000000	 85150000	37
chr16	 87950000	 87600000	7
chr16	 88800000	 91800000	60
chr16	 89650000	 90450000	16
chr16	 91950000	 91050000	18
chr16	 95550000	 94750000	16
chr16	 97900000	 96800000	22
chr17	  1350000	  2050000	14
chr17	  6100000	  4600000	30
chr17	  9850000	 11000000	23
chr17	 15450000	 16550000	22
chr17	 16750000	 17600000	17
chr17	 17100000	 15000000	42
chr17	 20400000	 19700000	14
chr17	 21800000	 20700000	22
chr17	 22100000	 23800000	34
chr17	 25450000	 26200000	15
chr17	 27050000	 27750000	14
chr17	 27950000	 27150000	16
chr17	 38750000	 37500000	25
chr17	 38800000	 38300000	10
chr17	 39550000	 38950000	12
chr17	 40400000	 39000000	28
chr17	 43400000	 42250000	23
chr17	 46300000	 46800000	10
chr17	 48950000	 50300000	27
chr17	 50050000	 50500000	9
chr17	 50950000	 51350000	8
chr17	 51200000	 52700000	30
chr17	 52100000	 50000000	42
chr17	 52150000	 51850000	6
chr17	 52400000	 53500000	22
chr17	 55750000	 57150000	28
chr17	 56950000	 56400000	11
chr17	 58500000	 57500000	20
chr17	 61800000	 61150000	13
chr17	 62750000	 61850000	18
chr17	 65200000	 66400000	24
chr17	 69200000	 68200000	20
chr17	 69450000	 69750000	6
chr17	 69450000	 72100000	53
chr17	 69950000	 70900000	19
chr17	 76400000	 77500000	22
chr17	 79350000	 80800000	29
chr17	 79800000	 77450000	47
chr17	 80150000	 81900000	35
chr17	 80400000	 78200000	44
chr17	 83650000	 84550000	18
chr17	 90800000	 92450000	33
chr17	 91050000	 91650000	12
chr17	 92200000	 92800000	12
chr18	   250000	  1150000	18
chr18	  5250000	  3850000	28
chr18	  5450000	  7150000	34
chr18	  5650000	  4600000	21
chr18	 15850000	 17100000	25
chr18	 16800000	 14700000	42
chr18	 22200000	 21700000	10
chr18	 22400000	 23850000	29
chr18	 22950000	 24500000	31
chr18	 25200000	 26000000	16
chr18	 26000000	 25150000	17
chr18	 29150000	 28400000	15
chr18	 30000000	 31350000	27
chr18	 44350000	 45000000	13
chr18	 44500000	 45650000	23
chr18	 46300000	 45750000	11
chr18	 47150000	 48550000	28
chr18	 48500000	 46750000	35
chr18	 50500000	 51150000	13
chr18	 53500000	 52500000	20
chr18	 57250000	 58200000	19
chr18	 57450000	 58100000	13
chr18	 62400000	 61950000	9
chr18	 66650000	 68700000	41
chr18	 66900000	 68000000	22
chr18	 67350000	 69750000	48
chr18	 67450000	 63600000	77
chr18	 67600000	 67100000	10
chr18	 67800000	 68950000	23
chr18	 68700000	 69700000	20
chr18	 69100000	 67650000	29
chr18	 70200000	 66800000	68
chr18	 70200000	 71450000	25
chr18	 70500000	 69550000	19
chr18	 75500000	 74100000	28
chr18	 76200000	 77450000	25
chr18	 77450000	 76350000	22
chr18	 78900000	 78900000	0
chr18	 79750000	 80300000	11
chr18	 81150000	 82050000	18
chr18	 83350000	 83850000	10
chr18	 83600000	 82450000	23
chr18	 89000000	 90300000	26
chr18	 90500000	 87900000	52
chr19	  1250000	  3150000	38
chr19	  4550000	  5550000	20
chr19	  4650000	  2950000	34
chr19	  5050000	  3100000	39
chr19	  5300000	  2500000	56
chr19	  6300000	  4450000	37
chr19	  6950000	  8050000	22
chr19	 11000000	 11800000	16
chr19	 13950000	 12850000	22
chr19	 14050000	 13400000	13
chr19	 15800000	 16600000	16
chr19	 15850000	 15000000	17
chr19	 16350000	 15950000	8
chr19	 17300000	 18650000	27
chr19	 21300000	 20050000	25
chr19	 23550000	 23550000	0
chr19	 27500000	 24650000	57
chr19	 27600000	 27850000	5
chr19	 28400000	 29400000	20
chr19	 29850000	 30350000	10
chr19	 30100000	 25550000	91
chr19	 31200000	 30650000	11
chr19	 32250000	 30950000	26
chr19	 34000000	 34450000	9
chr19	 35000000	 33500000	30
chr19	 36350000	 37000000	13
chr19	 44500000	 43450000	21
chr19	 49050000	 48650000	8
chr19	 51150000	 49800000	27
chr19	 52650000	 54000000	27
chr19	 59100000	 58200000	18
chr19	 59750000	 58600000	23
chr2	  1500000	   150000	27
chr2	  3100000	  2350000	15
chr2	  3200000	  4000000	16
chr2	  6250000	  8550000	46
chr2	  6800000	  7500000	14
chr2	  7000000	  5850000	23
chr2	  9700000	  8950000	15
chr2	 13050000	 11100000	39
chr2	 14500000	 13000000	30
chr2	 19550000	 20150000	12
chr2	 20600000	 21800000	24
chr2	 20650000	 21450000	16
chr2	 21250000	 20150000	22
chr2	 23750000	 24300000	11
chr2	 24150000	 24750000	12
chr2	 24700000	 25250000	11
chr2	 25100000	 26700000	32
chr2	 27000000	 26600000	8
chr2	 27100000	 26600000	10
chr2	 27600000	 28500000	18
chr2	 31650000	 29950000	34
chr2	 32000000	 31150000	17
chr2	 32650000	 33650000	20
chr2	 34150000	 32650000	30
chr2	 35400000	 36850000	29
chr2	 35750000	 34600000	23
chr2	 36550000	 37150000	12
chr2	 36900000	 38100000	24
chr2	 37250000	 35600000	33
chr2	 37350000	 38650000	26
chr2	 39800000	 38450000	27
chr2	 43350000	 43800000	9
chr2	 43550000	 45500000	39
chr2	 45000000	 44200000	16
chr2	 45250000	 44350000	18
chr2	 48100000	 49600000	30
chr2	 49250000	 48800000	9
chr2	 50500000	 51850000	27
chr2	 54100000	 56250000	43
chr2	 54400000	 55050000	13
chr2	 60900000	 59950000	19
chr2	 63000000	 59700000	66
chr2	 63200000	 62700000	10
chr2	 65350000	 65950000	12
chr2	 66050000	 66800000	15
chr2	 68600000	 67500000	22
chr2	 72200000	 71400000	16
chr2	 72350000	 72700000	7
chr2	 75800000	 77000000	24
chr2	 76250000	 75400000	17
chr2	 76750000	 78050000	26
chr2	 77450000	 75000000	49
chr2	 79950000	 77800000	43
chr2	 80000000	 81450000	29
chr2	 81200000	 79550000	33
chr2	 82200000	 82650000	9
chr2	 86650000	 86100000	11
chr2	 87750000	 88900000	23
chr2	 89250000	 89700000	9
chr2	 90250000	 91100000	17
chr2	 91000000	 90400000	12
chr2	 91350000	 89850000	30
chr2	 92100000	 93200000	22
chr2	 92400000	 90650000	35
chr2	 92400000	 93800000	28
chr2	 93900000	 95150000	25
chr2	 95500000	 94550000	19
chr2	 97200000	 94650000	51
chr2	101600000	102300000	14
chr2	104400000	103900000	10
chr2	112750000	113650000	18
chr2	113550000	114300000	15
chr2	113900000	112850000	21
chr2	114050000	114500000	9
chr2	115100000	115750000	13
chr2	120000000	120600000	12
chr2	120250000	119100000	23
chr2	123750000	123200000	11
chr2	126350000	127350000	20
chr2	126550000	127250000	14
chr2	127600000	128600000	20
chr2	132800000	134750000	39
chr2	133450000	134100000	13
chr2	134500000	133600000	18
chr2	140150000	139100000	21
chr2	143750000	142550000	24
chr2	147050000	145900000	23
chr2	150450000	149400000	21
chr2	151300000	151850000	11
chr2	157250000	156950000	6
chr2	158750000	157050000	34
chr2	163450000	165000000	31
chr2	165200000	163900000	26
chr2	165350000	167450000	42
chr2	166400000	165500000	18
chr2	166450000	168150000	34
chr2	167350000	165400000	39
chr2	167700000	168350000	13
chr2	171900000	170900000	20
chr2	172400000	171150000	25
chr2	172500000	173550000	21
chr2	173150000	174100000	19
chr2	177500000	176600000	18
chr2	179750000	179100000	13
chr2	182100000	181050000	21
chr3	  1850000	  3100000	25
chr3	  2150000	  1300000	17
chr3	  2950000	  4150000	24
chr3	  3250000	  1350000	38
chr3	  3450000	  2500000	19
chr3	  3650000	  3350000	6
chr3	  5150000	  4700000	9
chr3	  5400000	  6000000	12
chr3	  6850000	  8950000	42
chr3	 10550000	 11150000	12
chr3	 14100000	 16250000	43
chr3	 14450000	 16100000	33
chr3	 18050000	 15850000	44
chr3	 18900000	 17600000	26
chr3	 19000000	 18400000	12
chr3	 19150000	 19850000	14
chr3	 19450000	 17450000	40
chr3	 20900000	 20450000	9
chr3	 22100000	 22750000	13
chr3	 24100000	 22650000	29
chr3	 24550000	 28050000	70
chr3	 24700000	 23100000	32
chr3	 25050000	 26500000	29
chr3	 26100000	 27150000	21
chr3	 28300000	 29100000	16
chr3	 29500000	 27650000	37
chr3	 29950000	 29350000	12
chr3	 31750000	 31100000	13
chr3	 32950000	 31400000	31
chr3	 36500000	 35300000	24
chr3	 42150000	 43400000	25
chr3	 42450000	 40500000	39
chr3	 43700000	 43150000	11
chr3	 45200000	 43500000	34
chr3	 45800000	 46450000	13
chr3	 49950000	 48300000	33
chr3	 50250000	 51100000	17
chr3	 51200000	 49650000	31
chr3	 52850000	 54400000	31
chr3	 59000000	 57700000	26
chr3	 60900000	 62300000	28
chr3	 64000000	 60350000	73
chr3	 65450000	 65850000	8
chr3	 69800000	 68650000	23
chr3	 70200000	 68350000	37
chr3	 71800000	 70850000	19
chr3	 76150000	 74750000	28
chr3	 77750000	 76950000	16
chr3	 78900000	 76450000	49
chr3	 80650000	 79600000	21
chr3	 81200000	 79350000	37
chr3	 82200000	 84450000	45
chr3	 84150000	 83350000	16
chr3	 86100000	 84800000	26
chr3	 93300000	 90550000	55
chr3	 93850000	 92900000	19
chr3	100000000	 99350000	13
chr3	101400000	100350000	21
chr3	103150000	102100000	21
chr3	109100000	108700000	8
chr3	109900000	110850000	19
chr3	110500000	111550000	21
chr3	111850000	113350000	30
chr3	112050000	113850000	36
chr3	114150000	113250000	18
chr3	114550000	115800000	25
chr3	117350000	115350000	40
chr3	119450000	117950000	30
chr3	119850000	118800000	21
chr3	119850000	120750000	18
chr3	120650000	122550000	38
chr3	122400000	122750000	7
chr3	126500000	129550000	61
chr3	127700000	129100000	28
chr3	129150000	130350000	24
chr3	129750000	133000000	65
chr3	130550000	129800000	15
chr3	130950000	130000000	19
chr3	133000000	134550000	31
chr3	133950000	135650000	34
chr3	135250000	132550000	54
chr3	139050000	141250000	44
chr3	140200000	139050000	23
chr3	141850000	142950000	22
chr3	143150000	146650000	70
chr3	145600000	142450000	63
chr3	146100000	148150000	41
chr3	146300000	145900000	8
chr3	148100000	147200000	18
chr3	150900000	151350000	9
chr3	151100000	151950000	17
chr3	151550000	151950000	8
chr3	152750000	150750000	40
chr3	154150000	153400000	15
chr3	156000000	157150000	23
chr3	156900000	156250000	13
chr3	157200000	158200000	20
chr3	159150000	158050000	22
chr4	   950000	  1250000	6
chr4	  6200000	  7650000	29
chr4	  6200000	  8350000	43
chr4	  8400000	  6850000	31
chr4	  9400000	  9750000	7
chr4	  9750000	 11700000	39
chr4	 10250000	 10900000	13
chr4	 11950000	 11600000	7
chr4	 12550000	 11300000	25
chr4	 12800000	 13000000	4
chr4	 12900000	 11700000	24
chr4	 13950000	 15050000	22
chr4	 14300000	 15200000	18
chr4	 18300000	 15500000	56
chr4	 18900000	 17650000	25
chr4	 21200000	 24150000	59
chr4	 21750000	 21300000	9
chr4	 23350000	 22350000	20
chr4	 23350000	 23900000	11
chr4	 25750000	 26850000	22
chr4	 27900000	 25900000	40
chr4	 28900000	 27500000	28
chr4	 32300000	 33300000	20
chr4	 33250000	 32250000	20
chr4	 33700000	 32850000	17
chr4	 34950000	 34150000	16
chr4	 36900000	 35850000	21
chr4	 41050000	 41750000	14
chr4	 44050000	 46250000	44
chr4	 46000000	 46650000	13
chr4	 51300000	 52600000	26
chr4	 51750000	 50250000	30
chr4	 56550000	 55950000	12
chr4	 57150000	 56750000	8
chr4	 61250000	 63100000	37
chr4	 65500000	 66900000	28
chr4	 65600000	 64250000	27
chr4	 65750000	 66700000	19
chr4	 67750000	 66500000	25
chr4	 70800000	 70800000	0
chr4	 74500000	 75050000	11
chr4	 81400000	 82000000	12
chr4	 84300000	 85200000	18
chr4	 87300000	 87750000	9
chr4	 87550000	 87750000	4
chr4	 89000000	 89700000	14
chr4	 89550000	 90400000	17
chr4	 91100000	 91800000	14
chr4	 92600000	 94000000	28
chr4	 96050000	 98500000	49
chr4	 96450000	 96200000	5
chr4	 99500000	 98400000	22
chr4	100400000	101900000	30
chr4	103600000	104300000	14
chr4	106350000	107450000	22
chr4	108450000	110350000	38
chr4	109150000	107800000	27
chr4	109300000	104700000	92
chr4	109450000	110650000	24
chr4	110400000	108700000	34
chr4	111750000	113350000	32
chr4	114900000	115750000	17
chr4	115900000	114900000	20
chr4	119600000	120700000	22
chr4	121050000	122050000	20
chr4	121150000	120050000	22
chr4	121550000	122050000	10
chr4	121800000	122750000	19
chr4	123450000	124050000	12
chr4	124350000	125250000	18
chr4	124500000	124000000	10
chr4	124600000	129250000	93
chr4	129250000	129550000	6
chr4	134650000	135300000	13
chr4	135350000	136500000	23
chr4	135550000	135050000	10
chr4	137600000	139250000	33
chr4	140450000	139800000	13
chr4	149100000	148500000	12
chr4	150600000	151900000	26
chr4	152100000	153050000	19
chr4	153750000	152950000	16
chr4	154100000	155350000	25
chr5	  9900000	 10550000	13
chr5	 11400000	 12050000	13
chr5	 12000000	 12900000	18
chr5	 12600000	 13200000	12
chr5	 17600000	 18200000	12
chr5	 18950000	 17700000	25
chr5	 19050000	 18150000	18
chr5	 21050000	 20050000	20
chr5	 24350000	 23050000	26
chr5	 24750000	 25400000	13
chr5	 26950000	 28150000	24
chr5	 29100000	 29900000	16
chr5	 34400000	 34750000	7
chr5	 37100000	 38350000	25
chr5	 42850000	 41200000	33
chr5	 45250000	 46600000	27
chr5	 46600000	 48450000	37
chr5	 47250000	 48650000	28
chr5	 47500000	 47000000	10
chr5	 47650000	 46400000	25
chr5	 48900000	 47850000	21
chr5	 50000000	 51900000	38
chr5	 50800000	 49250000	31
chr5	 51850000	 51200000	13
chr5	 53000000	 53550000	11
chr5	 54250000	 52250000	40
chr5	 54950000	 53750000	24
chr5	 55800000	 54700000	22
chr5	 56450000	 54900000	31
chr5	 56550000	 57150000	12
chr5	 57850000	 57300000	11
chr5	 58750000	 55400000	67
chr5	 58950000	 61000000	41
chr5	 59500000	 56650000	57
chr5	 61100000	 60500000	12
chr5	 62050000	 63050000	20
chr5	 63650000	 62050000	32
chr5	 67050000	 67900000	17
chr5	 67800000	 66050000	35
chr5	 72000000	 73000000	20
chr5	 72400000	 72850000	9
chr5	 72950000	 72600000	7
chr5	 73300000	 74800000	30
chr5	 74650000	 76000000	27
chr5	 75350000	 74100000	25
chr5	 78000000	 75600000	48
chr5	 78750000	 78300000	9
chr5	 79250000	 80200000	19
chr5	 83550000	 84250000	14
chr5	 84750000	 85200000	9
chr5	 87850000	 87000000	17
chr5	 89250000	 90300000	21
chr5	 90550000	 89600000	19
chr5	 90800000	 90050000	15
chr5	 90800000	 91550000	15
chr5	 92750000	 92500000	5
chr5	 96900000	 96150000	15
chr5	 97950000	 95950000	40
chr5	 98900000	 98200000	14
chr5	104200000	106000000	36
chr5	105550000	105800000	5
chr5	106450000	105700000	15
chr5	110500000	111350000	17
chr5	110800000	111350000	11
chr5	112200000	111200000	20
chr5	112750000	112000000	15
chr5	112750000	112900000	3
chr5	113300000	112400000	18
chr5	113450000	112850000	12
chr5	113550000	112500000	21
chr5	113600000	113100000	10
chr5	114900000	113700000	24
chr5	118850000	116600000	45
chr5	127250000	126350000	18
chr5	128850000	128050000	16
chr5	128850000	128500000	7
chr5	128900000	130200000	26
chr5	132600000	133400000	16
chr5	133950000	131650000	46
chr5	141200000	142150000	19
chr5	142150000	144900000	55
chr5	144000000	145050000	21
chr5	144300000	145700000	28
chr5	144400000	142850000	31
chr5	149850000	148900000	19
chr6	  2800000	  3600000	16
chr6	  5750000	  5200000	11
chr6	 12100000	 10800000	26
chr6	 13500000	 12950000	11
chr6	 14700000	 15350000	13
chr6	 15100000	 16300000	24
chr6	 15700000	 16550000	17
chr6	 22600000	 24250000	33
chr6	 22650000	 21400000	25
chr6	 25750000	 27250000	30
chr6	 25950000	 27350000	28
chr6	 28050000	 29300000	25
chr6	 29800000	 31300000	30
chr6	 36350000	 38800000	49
chr6	 37400000	 36450000	19
chr6	 41650000	 39150000	50
chr6	 43350000	 43700000	7
chr6	 47950000	 46500000	29
chr6	 49650000	 50100000	9
chr6	 51300000	 52350000	21
chr6	 55050000	 54250000	16
chr6	 56400000	 58650000	45
chr6	 58750000	 58750000	0
chr6	 59650000	 60400000	15
chr6	 59900000	 59150000	15
chr6	 61300000	 60700000	12
chr6	 65200000	 64150000	21
chr6	 68700000	 68000000	14
chr6	 69600000	 67700000	38
chr6	 72950000	 74250000	26
chr6	 74100000	 74650000	11
chr6	 74400000	 73450000	19
chr6	 77900000	 80650000	55
chr6	 81200000	 80600000	12
chr6	 81900000	 82850000	19
chr6	 82600000	 82600000	0
chr6	 83200000	 84500000	26
chr6	 83900000	 84450000	11
chr6	 85000000	 84300000	14
chr6	 85900000	 86650000	15
chr6	 86500000	 88650000	43
chr6	 95050000	 93400000	33
chr6	 99350000	101700000	47
chr6	100550000	100850000	6
chr6	101850000	100050000	36
chr6	104150000	103100000	21
chr6	104250000	103450000	16
chr6	107750000	107200000	11
chr6	109900000	108450000	29
chr6	114500000	116550000	41
chr6	115000000	115700000	14
chr6	115650000	116200000	11
chr6	115950000	116700000	15
chr6	119150000	117650000	30
chr6	119900000	118800000	22
chr6	124600000	125250000	13
chr6	124600000	126050000	29
chr6	125150000	122900000	45
chr6	126400000	124200000	44
chr6	127850000	128950000	22
chr6	128050000	127200000	17
chr6	130050000	130550000	10
chr6	131400000	130550000	17
chr6	131500000	130450000	21
chr6	132150000	133450000	26
chr6	135850000	134700000	23
chr6	138100000	137300000	16
chr6	139850000	138150000	34
chr6	141750000	142850000	22
chr6	142150000	140350000	36
chr7	  2050000	  4700000	53
chr7	  2800000	  2100000	14
chr7	  5300000	  3750000	31
chr7	 13800000	 14950000	23
chr7	 14250000	 12850000	28
chr7	 15650000	 13950000	34
chr7	 17000000	 18900000	38
chr7	 18550000	 18150000	8
chr7	 25550000	 24600000	19
chr7	 31450000	 32800000	27
chr7	 34350000	 35200000	17
chr7	 38850000	 40200000	27
chr7	 39200000	 37550000	33
chr7	 39200000	 38200000	20
chr7	 41950000	 41600000	7
chr7	 42000000	 40900000	22
chr7	 43950000	 42100000	37
chr7	 47600000	 47050000	11
chr7	 48900000	 49350000	9
chr7	 50550000	 50100000	9
chr7	 52000000	 51100000	18
chr7	 53450000	 55800000	47
chr7	 56750000	 55350000	28
chr7	 57100000	 57550000	9
chr7	 61500000	 61150000	7
chr7	 62000000	 63000000	20
chr7	 64100000	 64100000	0
chr7	 65400000	 66600000	24
chr7	 65600000	 67300000	34
chr7	 65750000	 67250000	30
chr7	 66300000	 66950000	13
chr7	 67900000	 69300000	28
chr7	 68200000	 68950000	15
chr7	 68850000	 67450000	28
chr7	 69150000	 69550000	8
chr7	 71200000	 72600000	28
chr7	 71650000	 72900000	25
chr7	 71700000	 72500000	16
chr7	 72400000	 70500000	38
chr7	 73750000	 75150000	28
chr7	 75450000	 76050000	12
chr7	 76400000	 78300000	38
chr7	 78750000	 79550000	16
chr7	 81900000	 80750000	23
chr7	 82900000	 84600000	34
chr7	 83750000	 82500000	25
chr7	 83900000	 84650000	15
chr7	 84500000	 83300000	24
chr7	 86250000	 89200000	59
chr7	 89500000	 88900000	12
chr7	 93600000	 93100000	10
chr7	 94700000	 92700000	40
chr7	 95150000	 97550000	48
chr7	 98200000	 98800000	12
chr7	 99250000	 97500000	35
chr7	 99250000	 98500000	15
chr7	100350000	101350000	20
chr7	100700000	100700000	0
chr7	101800000	102700000	18
chr7	103050000	101450000	32
chr7	106550000	106150000	8
chr7	114700000	116250000	31
chr7	117550000	118350000	16
chr7	117950000	119150000	24
chr7	118350000	117550000	16
chr7	119850000	121550000	34
chr7	120000000	120700000	14
chr7	120600000	122850000	45
chr7	121300000	118900000	48
chr7	122250000	121500000	15
chr7	122550000	120800000	35
chr7	126800000	126450000	7
chr7	126900000	127450000	11
chr7	128950000	127800000	23
chr7	129850000	130450000	12
chr7	130350000	129950000	8
chr7	131000000	133000000	40
chr7	132400000	131200000	24
chr7	135200000	136500000	26
chr7	137400000	138100000	14
chr7	138400000	140550000	43
chr7	138750000	137850000	18
chr7	139200000	138700000	10
chr7	139250000	138900000	7
chr8	  1900000	  3250000	27
chr8	  4300000	  2750000	31
chr8	  4600000	  5400000	16
chr8	  5550000	  3400000	43
chr8	  6450000	  7100000	13
chr8	  8900000	  7300000	32
chr8	 13500000	 14650000	23
chr8	 22000000	 21450000	11
chr8	 29350000	 30600000	25
chr8	 31450000	 29950000	30
chr8	 32850000	 31400000	29
chr8	 33700000	 34800000	22
chr8	 41200000	 40350000	17
chr8	 45600000	 44050000	31
chr8	 48300000	 47550000	15
chr8	 51500000	 52550000	21
chr8	 52550000	 53400000	17
chr8	 53850000	 55750000	38
chr8	 54600000	 52800000	36
chr8	 60150000	 59650000	10
chr8	 60350000	 61150000	16
chr8	 62050000	 61350000	14
chr8	 66250000	 67300000	21
chr8	 66900000	 66150000	15
chr8	 68650000	 69250000	12
chr8	 68950000	 66050000	58
chr8	 69250000	 67800000	29
chr8	 70500000	 71700000	24
chr8	 80050000	 78450000	32
chr8	 81550000	 82700000	23
chr8	 83700000	 80450000	65
chr8	 84950000	 84050000	18
chr8	 85950000	 84200000	35
chr8	 86250000	 86950000	14
chr8	 87800000	 91000000	64
chr8	 92450000	 94750000	46
chr8	 96750000	 96300000	9
chr8	101750000	102500000	15
chr8	104650000	105850000	24
chr8	109950000	109600000	7
chr8	112250000	113600000	27
chr8	113900000	114950000	21
chr8	116750000	117000000	5
chr8	119650000	118350000	26
chr8	120750000	119650000	22
chr8	120900000	119250000	33
chr8	121500000	120650000	17
chr8	122000000	120700000	26
chr8	127150000	127450000	6
chr9	   150000	   950000	16
chr9	  2600000	  4000000	28
chr9	  2850000	  3950000	22
chr9	  4150000	  4850000	14
chr9	  4800000	  5550000	15
chr9	  5600000	  6200000	12
chr9	  8000000	  6950000	21
chr9	  9400000	 10850000	29
chr9	  9900000	  8900000	20
chr9	 13800000	 15750000	39
chr9	 17250000	 16900000	7
chr9	 19900000	 20200000	6
chr9	 20850000	 22000000	23
chr9	 21050000	 21550000	10
chr9	 21650000	 21350000	6
chr9	 23600000	 23200000	8
chr9	 24100000	 23400000	14
chr9	 26700000	 25250000	29
chr9	 28050000	 27450000	12
chr9	 28650000	 28100000	11
chr9	 28900000	 30250000	27
chr9	 35950000	 35000000	19
chr9	 38900000	 39850000	19
chr9	 41750000	 43700000	39
chr9	 42050000	 41000000	21
chr9	 42150000	 43100000	19
chr9	 51850000	 53000000	23
chr9	 53600000	 54800000	24
chr9	 54000000	 52950000	21
chr9	 54150000	 51650000	50
chr9	 59950000	 59250000	14
chr9	 61900000	 62200000	6
chr9	 62950000	 61550000	28
chr9	 65700000	 66200000	10
chr9	 68050000	 66100000	39
chr9	 68350000	 69100000	15
chr9	 69150000	 69850000	14
chr9	 71850000	 70650000	24
chr9	 77450000	 76650000	16
chr9	 81700000	 81200000	10
chr9	 82800000	 83200000	8
chr9	 85700000	 84950000	15
chr9	 88400000	 87300000	22
chr9	 93300000	 95350000	41
chr9	 95700000	 96450000	15
chr9	 97500000	 95000000	50
chr9	 98400000	 99150000	15
chr9	 99850000	 98150000	34
chr9	100200000	 99500000	14
chr9	101350000	 99250000	42
chr9	102350000	 99750000	52
chr9	106950000	106000000	19
chr9	109750000	109250000	10
chr9	110650000	112300000	33
chr9	112850000	113700000	17
chr9	114250000	115400000	23
chr9	114850000	115800000	19
chr9	116150000	115450000	14
chr9	118600000	118100000	10
chr9	120450000	117800000	53
chr9	123900000	122150000	35
chrX	  8100000	  6500000	32
chrX	  8400000	 10450000	41
chrX	 12450000	 13050000	12
chrX	 14300000	 13500000	16
chrX	 14900000	 15650000	15
chrX	 15800000	 14050000	35
chrX	 17200000	 17700000	10
chrX	 17750000	 18650000	18
chrX	 18800000	 19750000	19
chrX	 19300000	 18100000	24
chrX	 23550000	 21900000	33
chrX	 27450000	 29050000	32
chrX	 29550000	 28400000	23
chrX	 34750000	 33150000	32
chrX	 35100000	 38050000	59
chrX	 38700000	 38000000	14
chrX	 40250000	 39550000	14
chrX	 52600000	 53800000	24
chrX	 53750000	 52300000	29
chrX	 61850000	 62550000	14
chrX	 62100000	 61250000	17
chrX	 64350000	 63100000	25
chrX	 64950000	 63350000	32
chrX	 65300000	 67650000	47
chrX	 68550000	 70300000	35
chrX	 70050000	 69050000	20
chrX	 72900000	 71700000	24
chrX	 76200000	 77550000	27
chrX	 89400000	 89900000	10
chrX	 92150000	 92550000	8
chrX	 93050000	 92050000	20
chrX	 94200000	 95850000	33
chrX	 94450000	 93500000	19
chrX	 94600000	 96850000	45
chrX	 95250000	 94500000	15
chrX	100800000	 99650000	23
chrX	101100000	100250000	17
chrX	102700000	103550000	17
chrX	103500000	104300000	16
chrX	103900000	103300000	12
chrX	105100000	103550000	31
chrX	105550000	104900000	13
chrX	107350000	106250000	22
chrX	108300000	107100000	24
chrX	108750000	110800000	41
chrX	109500000	111550000	41
chrX	112300000	111000000	26
chrX	112600000	111800000	16
chrX	113000000	113700000	14
chrX	113550000	114300000	15
chrX	114000000	114600000	12
chrX	115500000	114650000	17
chrX	116350000	115300000	21
chrX	117700000	119300000	32
chrX	119750000	120750000	20
chrX	121050000	120850000	4
chrX	121400000	120650000	15
chrX	124950000	124300000	13
chrX	125800000	126850000	21
chrX	126050000	126850000	16
chrX	126200000	126850000	13
chrX	127250000	125850000	28
chrX	128650000	128150000	10
chrX	129900000	130900000	20
chrX	130550000	130150000	8
chrX	132250000	134300000	41
chrX	135700000	138200000	50
chrX	136450000	138700000	45
chrX	138250000	137500000	15
chrX	138400000	139300000	18
chrX	138800000	140550000	35
chrX	139700000	140150000	9
chrX	140200000	138200000	40
chrX	141050000	142650000	32
chrX	143850000	145450000	32
chrX	144300000	145300000	20
chrX	145650000	144800000	17
chrX	148500000	147950000	11
chrX	149450000	147950000	30
chrX	153500000	154700000	24
chrX	155350000	152800000	51
chrX	155850000	157000000	23
chrX	156250000	157350000	22
chrX	158250000	158500000	5
chrX	158550000	156450000	42
chrX	160800000	161900000	22
chrX	161900000	159600000	46
chrX	165250000	166600000	27
chrX	165650000	166750000	22
chrX	166250000	165650000	12
chrX	168000000	167500000	10
chrX	168100000	168650000	11
chrX	169050000	167550000	30
chrY	   850000	  1700000	17
chrY	  5600000	  4300000	26
chrY	  6750000	  6250000	10
chrY	  6900000	  6400000	10
chrY	 12450000	 13150000	14
chrY	 14700000	 13800000	18
chrY	 15800000	 14850000	19
chrY	 16350000	 17800000	29
chrY	 16650000	 17600000	19
chrY	 18150000	 21250000	62
chrY	 18750000	 18150000	12
chrY	 20050000	 17350000	54
chrY	 22100000	 20900000	24
chrY	 29550000	 28700000	17
chrY	 30650000	 29400000	25
chrY	 30950000	 32650000	34
chrY	 33700000	 34050000	7
chrY	 34700000	 36450000	35
chrY	 35400000	 37100000	34
chrY	 35750000	 37400000	33
chrY	 35850000	 37600000	35
chrY	 39450000	 40250000	16
chrY	 47050000	 48550000	30
chrY	 47400000	 48250000	17
chrY	 48300000	 46650000	33
chrY	 48800000	 51350000	51
chrY	 49650000	 48300000	27
chrY	 51200000	 52200000	20
chrY	 51300000	 50600000	14
chrY	 52500000	 51250000	25
chrY	 53200000	 54950000	35
chrY	 53400000	 54300000	18
chrY	 54850000	 54750000	2
chrY	 55150000	 56900000	35
chrY	 56650000	 57500000	17
chrY	 59200000	 58200000	20
chrY	 68150000	 68750000	12
chrY	 75050000	 76700000	33
chrY	 76550000	 75400000	23
chrY	 76600000	 77200000	12
chrY	 79400000	 80150000	15
chrY	 81350000	 82400000	21
chrY	 85150000	 84300000	17
chrY	 86000000	 86450000	9
chrY	 87800000	 88950000	23
chrY	 88850000	 87450000	28
chrY	 90000000	 90700000	14
