chr1	   800000	  1100000	6
chr1	  1450000	  2500000	21
chr1	  1550000	   550000	20
chr1	  1700000	  3400000	34
chr1	  4850000	  6500000	33
chr1	  5050000	  1450000	72
chr1	  5650000	  4350000	26
chr1	  6300000	  7250000	19
chr1	  6750000	  9350000	52
chr1	  8900000	  9300000	8
chr1	 11400000	 11100000	6
chr1	 12000000	 10050000	39
chr1	 16650000	 14350000	46
chr1	 17000000	 17350000	7
chr1	 18500000	 19850000	27
chr1	 20500000	 21150000	13
chr1	 20600000	 24100000	70
chr1	 20800000	 21800000	20
chr1	 21150000	 19650000	30
chr1	 22650000	 24850000	44
chr1	 27600000	 26450000	23
chr1	 28250000	 28600000	7
chr1	 30700000	 31450000	15
chr1	 32950000	 32400000	11
chr1	 35350000	 34750000	12
chr1	 36600000	 36900000	6
chr1	 37500000	 40000000	50
chr1	 39650000	 40000000	7
chr1	 42900000	 42500000	8
chr1	 43350000	 41800000	31
chr1	 51650000	 52700000	21
chr1	 53000000	 51750000	25
chr1	 53400000	 52500000	18
chr1	 54950000	 55650000	14
chr1	 60750000	 61700000	19
chr1	 61250000	 61900000	13
chr1	 61600000	 63000000	28
chr1	 65950000	 64850000	22
chr1	 67350000	 66150000	24
chr1	 71550000	 74550000	60
chr1	 73150000	 73450000	6
chr1	 75500000	 73900000	32
chr1	 76700000	 77300000	12
chr1	 77250000	 77950000	14
chr1	 79150000	 78500000	13
chr1	 79700000	 80250000	11
chr1	 84600000	 86700000	42
chr1	 88850000	 88250000	12
chr1	 91850000	 90400000	29
chr1	 92300000	 93600000	26
chr1	 93800000	 92750000	21
chr1	 94550000	 95300000	15
chr1	 95500000	 96050000	11
chr1	 96100000	 97400000	26
chr1	 98100000	 98500000	8
chr1	 99150000	 97750000	28
chr1	100100000	102400000	46
chr1	102650000	102800000	3
chr1	106650000	108150000	30
chr1	109800000	111750000	39
chr1	118150000	118850000	14
chr1	119300000	118850000	9
chr1	122550000	122850000	6
chr1	123650000	122900000	15
chr1	127300000	127800000	10
chr1	129900000	128150000	35
chr1	132550000	131000000	31
chr1	133350000	130000000	67
chr1	133500000	136000000	50
chr1	134500000	135250000	15
chr1	136900000	135900000	20
chr1	137750000	136650000	22
chr1	139550000	138150000	28
chr1	140100000	141350000	25
chr1	141050000	139850000	24
chr1	141500000	140600000	18
chr1	145650000	146850000	24
chr1	147750000	147150000	12
chr1	150600000	151000000	8
chr1	153000000	152250000	15
chr1	153850000	152750000	22
chr1	154750000	153400000	27
chr1	155850000	156650000	16
chr1	157900000	157250000	13
chr1	158200000	154300000	78
chr1	160050000	158200000	37
chr1	160200000	161350000	23
chr1	161150000	163650000	50
chr1	162200000	160550000	33
chr1	162650000	162650000	0
chr1	163250000	165150000	38
chr1	163550000	162400000	23
chr1	163850000	164050000	4
chr1	164850000	163650000	24
chr1	165550000	164100000	29
chr1	168750000	169450000	14
chr1	170250000	171250000	20
chr1	175650000	175150000	10
chr1	175700000	176800000	22
chr1	179500000	177850000	33
chr1	179700000	181200000	30
chr1	181300000	180150000	23
chr1	181450000	180250000	24
chr1	183300000	182350000	19
chr1	184400000	184950000	11
chr1	185150000	185950000	16
chr1	185400000	184300000	22
chr1	185700000	185150000	11
chr1	188500000	188250000	5
chr1	189950000	190750000	16
chr1	192650000	194450000	36
chr1	195450000	194000000	29
chr10	  3400000	  4700000	26
chr10	  3650000	  4900000	25
chr10	  3700000	  3050000	13
chr10	  4450000	  4950000	10
chr10	  8400000	  6750000	33
chr10	 11500000	 11150000	7
chr10	 11800000	 11250000	11
chr10	 12050000	 13100000	21
chr10	 14150000	 13750000	8
chr10	 15000000	 13600000	28
chr10	 19300000	 18200000	22
chr10	 22550000	 24200000	33
chr10	 22850000	 21350000	30
chr10	 25650000	 25900000	5
chr10	 27300000	 28400000	22
chr10	 29200000	 30350000	23
chr10	 30250000	 32000000	35
chr10	 35750000	 33800000	39
chr10	 38350000	 37100000	25
chr10	 41600000	 41150000	9
chr10	 42100000	 42650000	11
chr10	 45200000	 46000000	16
chr10	 49250000	 48650000	12
chr10	 51350000	 52200000	17
chr10	 52200000	 51050000	23
chr10	 55500000	 56800000	26
chr10	 55950000	 57650000	34
chr10	 63150000	 61900000	25
chr10	 67550000	 68800000	25
chr10	 77850000	 76600000	25
chr10	 77950000	 78800000	17
chr10	 78050000	 81600000	71
chr10	 78250000	 79250000	20
chr10	 78500000	 79100000	12
chr10	 79100000	 79750000	13
chr10	 80050000	 79700000	7
chr10	 81600000	 80300000	26
chr10	 82900000	 82050000	17
chr10	 85700000	 83800000	38
chr10	 91800000	 89700000	42
chr10	 92800000	 93000000	4
chr10	 93600000	 94350000	15
chr10	 96200000	 97450000	25
chr10	 97850000	 97050000	16
chr10	 98050000	 97350000	14
chr10	 99050000	 99600000	11
chr10	 99700000	 99300000	8
chr10	100500000	101600000	22
chr10	104800000	107200000	48
chr10	105000000	105450000	9
chr10	108850000	107100000	35
chr10	112800000	113450000	13
chr10	114100000	114300000	4
chr10	114250000	114850000	12
chr10	115050000	116450000	28
chr10	116000000	117500000	30
chr10	116200000	114550000	33
chr10	119200000	117850000	27
chr10	122050000	121650000	8
chr10	122800000	124800000	40
chr10	124100000	122400000	34
chr10	130050000	129350000	14
chr11	  4250000	  3850000	8
chr11	  5900000	  8000000	42
chr11	  8650000	  7750000	18
chr11	  9000000	  8550000	9
chr11	  9150000	  8050000	22
chr11	 11300000	  9200000	42
chr11	 12000000	 10700000	26
chr11	 16950000	 14750000	44
chr11	 19750000	 19150000	12
chr11	 21550000	 22800000	25
chr11	 23200000	 24000000	16
chr11	 23650000	 22850000	16
chr11	 24950000	 27450000	50
chr11	 25950000	 25100000	17
chr11	 27150000	 26400000	15
chr11	 28150000	 26400000	35
chr11	 28750000	 29350000	12
chr11	 31450000	 32350000	18
chr11	 41150000	 40200000	19
chr11	 42550000	 40650000	38
chr11	 44200000	 45150000	19
chr11	 45400000	 46150000	15
chr11	 49300000	 46350000	59
chr11	 49750000	 51350000	32
chr11	 58350000	 59150000	16
chr11	 59350000	 60800000	29
chr11	 59500000	 57000000	50
chr11	 60650000	 59150000	30
chr11	 65050000	 64150000	18
chr11	 65850000	 67500000	33
chr11	 66150000	 64750000	28
chr11	 68150000	 69950000	36
chr11	 70600000	 72800000	44
chr11	 73500000	 72650000	17
chr11	 76400000	 74150000	45
chr11	 77750000	 78550000	16
chr11	 79600000	 82050000	49
chr11	 82000000	 81700000	6
chr11	 83500000	 84000000	10
chr11	 86800000	 85800000	20
chr11	 87050000	 87950000	18
chr11	 87350000	 85750000	32
chr11	 87350000	 86600000	15
chr11	 89950000	 90600000	13
chr11	 91550000	 93000000	29
chr11	 94900000	 95700000	16
chr11	 97150000	 96600000	11
chr11	 98500000	 97400000	22
chr11	101150000	100050000	22
chr11	102200000	104750000	51
chr11	104300000	105150000	17
chr11	104900000	103250000	33
chr11	105150000	106400000	25
chr11	106400000	106400000	0
chr11	112900000	113750000	17
chr11	113500000	115550000	41
chr11	115300000	114100000	24
chr11	115550000	117200000	33
chr11	117550000	116800000	15
chr11	118350000	116300000	41
chr11	118700000	119900000	24
chr12	  9950000	  8400000	31
chr12	 10800000	  9300000	30
chr12	 12350000	 13350000	20
chr12	 14700000	 15300000	12
chr12	 15600000	 14850000	15
chr12	 16700000	 17550000	17
chr12	 17700000	 16400000	26
chr12	 18750000	 19600000	17
chr12	 19300000	 17650000	33
chr12	 19450000	 21150000	34
chr12	 21200000	 20350000	17
chr12	 24300000	 23500000	16
chr12	 25050000	 25800000	15
chr12	 27300000	 26700000	12
chr12	 29250000	 29550000	6
chr12	 29600000	 31650000	41
chr12	 30200000	 29050000	23
chr12	 31500000	 33150000	33
chr12	 32550000	 33250000	14
chr12	 32550000	 35750000	64
chr12	 35900000	 34100000	36
chr12	 37600000	 38200000	12
chr12	 40950000	 40200000	15
chr12	 41150000	 41550000	8
chr12	 41900000	 42850000	19
chr12	 43850000	 45200000	27
chr12	 46850000	 46250000	12
chr12	 48300000	 49400000	22
chr12	 52800000	 53700000	18
chr12	 53050000	 52300000	15
chr12	 53700000	 54650000	19
chr12	 56300000	 56700000	8
chr12	 57950000	 56400000	31
chr12	 68000000	 67100000	18
chr12	 69300000	 69300000	0
chr12	 73150000	 74350000	24
chr12	 75050000	 75750000	14
chr12	 78700000	 77850000	17
chr12	 80100000	 80450000	7
chr12	 84500000	 85000000	10
chr12	 87100000	 88850000	35
chr12	 87350000	 85850000	30
chr12	 88900000	 87650000	25
chr12	 89900000	 89500000	8
chr12	 91750000	 92150000	8
chr12	 93950000	 92800000	23
chr12	 95550000	 94050000	30
chr12	 97650000	 99700000	41
chr12	104900000	105800000	18
chr12	111050000	112200000	23
chr12	112200000	111200000	20
chr12	116450000	115650000	16
chr12	117250000	117800000	11
chr12	118450000	119350000	18
chr13	  1000000	  1600000	12
chr13	  2800000	  3300000	10
chr13	 11400000	 10450000	19
chr13	 11750000	 12900000	23
chr13	 13150000	 13950000	16
chr13	 14300000	 18850000	91
chr13	 14900000	 15450000	11
chr13	 16200000	 15300000	18
chr13	 17600000	 17350000	5
chr13	 17750000	 16150000	32
chr13	 19000000	 18300000	14
chr13	 20350000	 22100000	35
chr13	 21550000	 21900000	7
chr13	 24500000	 26150000	33
chr13	 28850000	 28400000	9
chr13	 29150000	 28800000	7
chr13	 29850000	 32250000	48
chr13	 30900000	 28500000	48
chr13	 31900000	 30950000	19
chr13	 32400000	 34750000	47
chr13	 34350000	 32950000	28
chr13	 34800000	 33400000	28
chr13	 35750000	 34900000	17
chr13	 36150000	 35100000	21
chr13	 41700000	 42050000	7
chr13	 41750000	 42300000	11
chr13	 47150000	 48450000	26
chr13	 52800000	 54000000	24
chr13	 53000000	 52500000	10
chr13	 53600000	 54950000	27
chr13	 57200000	 55850000	27
chr13	 57400000	 57000000	8
chr13	 59050000	 56850000	44
chr13	 64250000	 65400000	23
chr13	 64500000	 63300000	24
chr13	 64650000	 68000000	67
chr13	 64800000	 65900000	22
chr13	 65100000	 65550000	9
chr13	 65600000	 64850000	15
chr13	 66200000	 64800000	28
chr13	 68450000	 67750000	14
chr13	 69750000	 68350000	28
chr13	 71700000	 70050000	33
chr13	 77650000	 76800000	17
chr13	 78400000	 76900000	30
chr13	 82050000	 82550000	10
chr13	 82200000	 83250000	21
chr13	 83750000	 84650000	18
chr13	 92700000	 93400000	14
chr13	 93650000	 93850000	4
chr13	 95050000	 95700000	13
chr13	101200000	100850000	7
chr13	107800000	106800000	20
chr13	112200000	110800000	28
chr13	112850000	114300000	29
chr13	114900000	115550000	13
chr13	115600000	114850000	15
chr13	117400000	116250000	23
chr13	118750000	119400000	13
chr13	119750000	118200000	31
chr13	119800000	118250000	31
chr14	  1900000	  3000000	22
chr14	  2000000	  3150000	23
chr14	  2800000	  4650000	37
chr14	  6800000	  7650000	17
chr14	  7500000	  7800000	6
chr14	 11150000	 10800000	7
chr14	 15800000	 17250000	29
chr14	 16250000	 15200000	21
chr14	 22050000	 24050000	40
chr14	 22600000	 21600000	20
chr14	 23050000	 24350000	26
chr14	 24300000	 23150000	23
chr14	 26050000	 25200000	17
chr14	 27450000	 29300000	37
chr14	 30750000	 30000000	15
chr14	 31300000	 30250000	21
chr14	 33850000	 35300000	29
chr14	 35750000	 36500000	15
chr14	 37150000	 37150000	0
chr14	 39450000	 37800000	33
chr14	 40350000	 41450000	22
chr14	 41200000	 40750000	9
chr14	 41450000	 40550000	18
chr14	 41600000	 40400000	24
chr14	 42300000	 40400000	38
chr14	 43700000	 43500000	4
chr14	 51150000	 52200000	21
chr14	 53800000	 53000000	16
chr14	 54250000	 56050000	36
chr14	 54950000	 53100000	37
chr14	 56100000	 55100000	20
chr14	 57500000	 56250000	25
chr14	 58800000	 59300000	10
chr14	 60500000	 61550000	21
chr14	 61600000	 61850000	5
chr14	 64150000	 64500000	7
chr14	 73850000	 74750000	18
chr14	 74800000	 76050000	25
chr14	 75300000	 76000000	14
chr14	 76300000	 75650000	13
chr14	 80300000	 80500000	4
chr14	 82700000	 81100000	32
chr14	 83700000	 82650000	21
chr14	 85150000	 84300000	17
chr14	 88900000	 90400000	30
chr14	 90800000	 89800000	20
chr14	 90850000	 88700000	43
chr14	 91150000	 92050000	18
chr14	 91800000	 92350000	11
chr14	 92900000	 94300000	28
chr14	 94600000	 95900000	26
chr14	 95850000	 96550000	14
chr14	 96050000	 94700000	27
chr14	 97950000	 98950000	20
chr14	 98200000	 96650000	31
chr14	100700000	 99800000	18
chr14	107750000	109100000	27
chr14	108450000	107650000	16
chr14	109350000	110600000	25
chr14	109950000	111000000	21
chr14	110400000	109950000	9
chr14	112550000	113450000	18
chr14	114050000	112600000	29
chr14	114550000	115250000	14
chr14	115350000	115000000	7
chr14	116150000	117450000	26
chr14	118250000	117550000	14
chr14	119650000	121250000	32
chr14	121400000	118700000	54
chr14	122800000	122100000	14
chr15	  1200000	   400000	16
chr15	  2100000	  3300000	24
chr15	  2550000	  1700000	17
chr15	  8950000	  9300000	7
chr15	 12250000	 12500000	5
chr15	 14050000	 12850000	24
chr15	 17700000	 16650000	21
chr15	 18750000	 20350000	32
chr15	 19850000	 18450000	28
chr15	 19850000	 20750000	18
chr15	 24300000	 23200000	22
chr15	 25300000	 26850000	31
chr15	 26750000	 28250000	30
chr15	 28100000	 29350000	25
chr15	 29750000	 29200000	11
chr15	 30800000	 31700000	18
chr15	 32850000	 33100000	5
chr15	 34650000	 36900000	45
chr15	 35450000	 36950000	30
chr15	 36250000	 35100000	23
chr15	 37850000	 40750000	58
chr15	 38200000	 37750000	9
chr15	 38850000	 39350000	10
chr15	 43400000	 42900000	10
chr15	 44900000	 44300000	12
chr15	 47200000	 47900000	14
chr15	 47750000	 47100000	13
chr15	 48950000	 50700000	35
chr15	 49200000	 48350000	17
chr15	 53000000	 51300000	34
chr15	 54100000	 52800000	26
chr15	 56200000	 58000000	36
chr15	 58350000	 57000000	27
chr15	 58600000	 57950000	13
chr15	 60150000	 61000000	17
chr15	 60600000	 61000000	8
chr15	 63550000	 62150000	28
chr15	 67200000	 68600000	28
chr15	 68850000	 69400000	11
chr15	 70950000	 69550000	28
chr15	 71550000	 69300000	45
chr15	 73500000	 74000000	10
chr15	 74100000	 75250000	23
chr15	 76350000	 76650000	6
chr15	 80450000	 85050000	92
chr15	 82400000	 82800000	8
chr15	 82600000	 81400000	24
chr15	 84850000	 85950000	22
chr15	 85300000	 86850000	31
chr15	 86350000	 86650000	6
chr15	 90800000	 89550000	25
chr15	 91150000	 90500000	13
chr15	 91500000	 90900000	12
chr15	 91650000	 90050000	32
chr15	 93450000	 92650000	16
chr15	 94700000	 92750000	39
chr15	 95900000	 95400000	10
chr15	 96850000	 97550000	14
chr15	 98150000	 98450000	6
chr15	 98400000	100150000	35
chr15	101400000	100600000	16
chr15	102550000	101950000	12
chr15	102900000	101700000	24
chr16	   250000	   900000	13
chr16	  1550000	  2000000	9
chr16	  3450000	  5100000	33
chr16	  3500000	  2850000	13
chr16	  4250000	  2700000	31
chr16	  6600000	  8600000	40
chr16	  9050000	  7900000	23
chr16	  9700000	  9100000	12
chr16	 10950000	 11900000	19
chr16	 15450000	 16300000	17
chr16	 19350000	 18550000	16
chr16	 23300000	 22750000	11
chr16	 23750000	 21600000	43
chr16	 24400000	 23100000	26
chr16	 24400000	 26750000	47
chr16	 25550000	 23700000	37
chr16	 32450000	 30500000	39
chr16	 33150000	 31050000	42
chr16	 33650000	 30800000	57
chr16	 35150000	 36100000	19
chr16	 36050000	 34450000	32
chr16	 36300000	 35600000	14
chr16	 37450000	 39150000	34
chr16	 40700000	 42100000	28
chr16	 42250000	 41750000	10
chr16	 44700000	 43950000	15
chr16	 48100000	 49650000	31
chr16	 48400000	 46700000	34
chr16	 49050000	 50950000	38
chr16	 53050000	 54050000	20
chr16	 53750000	 54700000	19
chr16	 55750000	 54500000	25
chr16	 55950000	 54650000	26
chr16	 58500000	 57150000	27
chr16	 58800000	 59350000	11
chr16	 60550000	 61600000	21
chr16	 61850000	 62950000	22
chr16	 63350000	 61450000	38
chr16	 65150000	 64300000	17
chr16	 66350000	 66350000	0
chr16	 67000000	 66100000	18
chr16	 77850000	 78650000	16
chr16	 78100000	 80300000	44
chr16	 79400000	 81200000	36
chr16	 79450000	 78750000	14
chr16	 81950000	 83450000	30
chr16	 86550000	 84800000	35
chr16	 90150000	 88400000	35
chr16	 90700000	 91550000	17
chr16	 91600000	 93050000	29
chr17	  5550000	  5550000	0
chr17	  7050000	  6550000	10
chr17	  7200000	  8200000	20
chr17	  8400000	  6700000	34
chr17	  8450000	 10050000	32
chr17	 10400000	  9850000	11
chr17	 11900000	 12550000	13
chr17	 12000000	 12750000	15
chr17	 16450000	 15100000	27
chr17	 17150000	 18500000	27
chr17	 19850000	 18850000	20
chr17	 20750000	 21550000	16
chr17	 22750000	 23300000	11
chr17	 24200000	 22650000	31
chr17	 25700000	 26800000	22
chr17	 29850000	 28250000	32
chr17	 31350000	 31800000	9
chr17	 31800000	 33050000	25
chr17	 32850000	 33350000	10
chr17	 35550000	 34850000	14
chr17	 36400000	 34400000	40
chr17	 36650000	 39550000	58
chr17	 37050000	 36050000	20
chr17	 38550000	 39900000	27
chr17	 39250000	 40100000	17
chr17	 45750000	 45100000	13
chr17	 56750000	 58000000	25
chr17	 57100000	 57900000	16
chr17	 58800000	 57450000	27
chr17	 61850000	 62600000	15
chr17	 62550000	 61650000	18
chr17	 68600000	 70450000	37
chr17	 70550000	 69900000	13
chr17	 72000000	 71500000	10
chr17	 75350000	 76550000	24
chr17	 75800000	 76650000	17
chr17	 76300000	 75600000	14
chr17	 77950000	 75900000	41
chr17	 79200000	 78100000	22
chr17	 80950000	 82350000	28
chr17	 86450000	 88000000	31
chr17	 86500000	 87850000	27
chr17	 92250000	 90700000	31
chr17	 93450000	 91050000	48
chr17	 94800000	 93650000	23
chr18	  1900000	  3000000	22
chr18	  3300000	  4750000	29
chr18	  4500000	  5600000	22
chr18	 10150000	  8500000	33
chr18	 12650000	 11900000	15
chr18	 18000000	 16850000	23
chr18	 22200000	 23650000	29
chr18	 23050000	 22150000	18
chr18	 23150000	 25100000	39
chr18	 23300000	 22650000	13
chr18	 26450000	 29250000	56
chr18	 27050000	 26150000	18
chr18	 28300000	 27000000	26
chr18	 33150000	 33600000	9
chr18	 33650000	 34700000	21
chr18	 34200000	 31800000	48
chr18	 36600000	 36950000	7
chr18	 38850000	 39900000	21
chr18	 38950000	 37700000	25
chr18	 40550000	 39650000	18
chr18	 41450000	 40200000	25
chr18	 47500000	 46200000	26
chr18	 48150000	 47450000	14
chr18	 48500000	 47350000	23
chr18	 51750000	 49050000	54
chr18	 53950000	 55700000	35
chr18	 54050000	 56700000	53
chr18	 54600000	 55100000	10
chr18	 55150000	 54600000	11
chr18	 56550000	 58300000	35
chr18	 57150000	 60400000	65
chr18	 59950000	 59350000	12
chr18	 60050000	 58900000	23
chr18	 60200000	 59000000	24
chr18	 61150000	 60400000	15
chr18	 62300000	 61350000	19
chr18	 63750000	 61950000	36
chr18	 64850000	 65250000	8
chr18	 65050000	 64550000	10
chr18	 65450000	 64000000	29
chr18	 66900000	 67600000	14
chr18	 69150000	 68300000	17
chr18	 73700000	 72300000	28
chr18	 76850000	 75450000	28
chr18	 77000000	 76600000	8
chr18	 77200000	 78000000	16
chr18	 84950000	 83900000	21
chr18	 85050000	 84000000	21
chr18	 85300000	 83800000	30
chr18	 85950000	 86400000	9
chr19	   750000	  1500000	15
chr19	  1350000	   800000	11
chr19	  2700000	  4550000	37
chr19	  4950000	  3550000	28
chr19	  6500000	  7450000	19
chr19	 13950000	 15700000	35
chr19	 14800000	 12950000	37
chr19	 14850000	 15900000	21
chr19	 14950000	 13650000	26
chr19	 16400000	 15700000	14
chr19	 16750000	 18550000	36
chr19	 19700000	 18750000	19
chr19	 19800000	 19650000	3
chr19	 20250000	 18950000	26
chr19	 20450000	 19750000	14
chr19	 20750000	 19400000	27
chr19	 23350000	 26050000	54
chr19	 24750000	 23250000	30
chr19	 25450000	 24150000	26
chr19	 27750000	 26400000	27
chr19	 28750000	 26650000	42
chr19	 29200000	 26100000	62
chr19	 29900000	 31800000	38
chr19	 30600000	 28550000	41
chr19	 34550000	 36100000	31
chr19	 35050000	 33450000	32
chr19	 36400000	 33650000	55
chr19	 37950000	 38400000	9
chr19	 40500000	 41200000	14
chr19	 41900000	 42450000	11
chr19	 45200000	 44100000	22
chr19	 47950000	 47350000	12
chr19	 51400000	 52000000	12
chr19	 55300000	 54550000	15
chr19	 56800000	 55050000	35
chr19	 57150000	 56200000	19
chr2	  3000000	  2000000	20
chr2	  3850000	  4600000	15
chr2	  4450000	  6300000	37
chr2	  7900000	  7900000	0
chr2	  9850000	 11050000	24
chr2	 11000000	 10000000	20
chr2	 13500000	 14650000	23
chr2	 15200000	 16700000	30
chr2	 17150000	 16000000	23
chr2	 18000000	 16300000	34
chr2	 18500000	 19800000	26
chr2	 19700000	 18750000	19
chr2	 21400000	 21950000	11
chr2	 22150000	 23700000	31
chr2	 24550000	 23600000	19
chr2	 25750000	 26400000	13
chr2	 28600000	 27050000	31
chr2	 31100000	 30650000	9
chr2	 31750000	 30700000	21
chr2	 39200000	 38250000	19
chr2	 43850000	 40550000	66
chr2	 45250000	 44800000	9
chr2	 45550000	 46450000	18
chr2	 47450000	 50050000	52
chr2	 50450000	 51600000	23
chr2	 51450000	 52100000	13
chr2	 59100000	 57500000	32
chr2	 60700000	 59600000	22
chr2	 62750000	 63300000	11
chr2	 63150000	 65000000	37
chr2	 66300000	 69150000	57
chr2	 68150000	 67550000	12
chr2	 68750000	 67100000	33
chr2	 73100000	 71850000	25
chr2	 75000000	 75800000	16
chr2	 75100000	 74700000	8
chr2	 75800000	 74900000	18
chr2	 85100000	 84100000	20
chr2	 85350000	 84150000	24
chr2	 87250000	 85850000	28
chr2	 87750000	 87350000	8
chr2	 89150000	 89950000	16
chr2	 89700000	 88900000	16
chr2	 93050000	 92250000	16
chr2	 97400000	 98150000	15
chr2	 98450000	 99500000	21
chr2	 99450000	 98200000	25
chr2	100000000	 99350000	13
chr2	101100000	102350000	25
chr2	106200000	109850000	73
chr2	106900000	107500000	12
chr2	110450000	109400000	21
chr2	113150000	112700000	9
chr2	117550000	116950000	12
chr2	117550000	118600000	21
chr2	117950000	119200000	25
chr2	118100000	115900000	44
chr2	118300000	117800000	10
chr2	119600000	120250000	13
chr2	119600000	120550000	19
chr2	121000000	119950000	21
chr2	121250000	122150000	18
chr2	123600000	124100000	10
chr2	126600000	122900000	74
chr2	126850000	127400000	11
chr2	130750000	128600000	43
chr2	130750000	128750000	40
chr2	131400000	132400000	20
chr2	131800000	129450000	47
chr2	132150000	133000000	17
chr2	134900000	135550000	13
chr2	135850000	136400000	11
chr2	137950000	138350000	8
chr2	138750000	139500000	15
chr2	139850000	139050000	16
chr2	140300000	141200000	18
chr2	144400000	146700000	46
chr2	145050000	145850000	16
chr2	149900000	149100000	16
chr2	152150000	151250000	18
chr2	152550000	154500000	39
chr2	154850000	155550000	14
chr2	157850000	158550000	14
chr2	161550000	162100000	11
chr2	163600000	162600000	20
chr2	164200000	165500000	26
chr2	164600000	163700000	18
chr2	167250000	168100000	17
chr2	167800000	169350000	31
chr2	169800000	170250000	9
chr2	169800000	172050000	45
chr2	170400000	170700000	6
chr2	170600000	169100000	30
chr2	171350000	172100000	15
chr2	174550000	174000000	11
chr2	176400000	179300000	58
chr2	176650000	177700000	21
chr2	180600000	181850000	25
chr2	181000000	179850000	23
chr3	  4700000	  5700000	20
chr3	 14750000	 16700000	39
chr3	 15100000	 13750000	27
chr3	 17750000	 16800000	19
chr3	 24750000	 25600000	17
chr3	 26300000	 28000000	34
chr3	 26450000	 24350000	42
chr3	 26750000	 28200000	29
chr3	 29700000	 27800000	38
chr3	 29900000	 30900000	20
chr3	 32600000	 31700000	18
chr3	 34550000	 34050000	10
chr3	 35150000	 33900000	25
chr3	 35900000	 36200000	6
chr3	 37750000	 36050000	34
chr3	 39500000	 40150000	13
chr3	 40050000	 39250000	16
chr3	 42800000	 45400000	52
chr3	 45400000	 46450000	21
chr3	 45500000	 43150000	47
chr3	 45750000	 47200000	29
chr3	 46900000	 48100000	24
chr3	 48550000	 49400000	17
chr3	 50150000	 49350000	16
chr3	 54550000	 55200000	13
chr3	 54650000	 52800000	37
chr3	 58850000	 59400000	11
chr3	 58950000	 57700000	25
chr3	 67100000	 64900000	44
chr3	 67250000	 66400000	17
chr3	 69400000	 66400000	60
chr3	 72350000	 73400000	21
chr3	 73800000	 75450000	33
chr3	 73950000	 74600000	13
chr3	 73950000	 75150000	24
chr3	 76600000	 75050000	31
chr3	 77700000	 78800000	22
chr3	 81450000	 82400000	19
chr3	 84550000	 85300000	15
chr3	 87250000	 88350000	22
chr3	 88300000	 89150000	17
chr3	 88450000	 89300000	17
chr3	 89900000	 89150000	15
chr3	 92000000	 91350000	13
chr3	 92400000	 91650000	15
chr3	 93950000	 96250000	46
chr3	 96100000	 96600000	10
chr3	 96150000	 95750000	8
chr3	 98800000	 99350000	11
chr3	102500000	101800000	14
chr3	105700000	104050000	33
chr3	106850000	108700000	37
chr3	111000000	110500000	10
chr3	117350000	116100000	25
chr3	118400000	117250000	23
chr3	118900000	118450000	9
chr3	120850000	121900000	21
chr3	127300000	127750000	9
chr3	131000000	132300000	26
chr3	133550000	131700000	37
chr3	134450000	133550000	18
chr3	134850000	136300000	29
chr3	135050000	135650000	12
chr3	139700000	138550000	23
chr3	144000000	145800000	36
chr3	146300000	148250000	39
chr3	152300000	153250000	19
chr3	154400000	153350000	21
chr3	155250000	154400000	17
chr3	155900000	154750000	23
chr4	  2850000	  1150000	34
chr4	  5350000	  4550000	16
chr4	  7500000	  8350000	17
chr4	  9400000	  8400000	20
chr4	 10400000	 11200000	16
chr4	 10750000	 10450000	6
chr4	 14900000	 15500000	12
chr4	 15850000	 13350000	50
chr4	 16750000	 16500000	5
chr4	 17850000	 16400000	29
chr4	 18750000	 20200000	29
chr4	 18800000	 20500000	34
chr4	 19300000	 18450000	17
chr4	 19850000	 19300000	11
chr4	 20500000	 21100000	12
chr4	 21650000	 22850000	24
chr4	 22150000	 21350000	16
chr4	 22400000	 21500000	18
chr4	 23200000	 22600000	12
chr4	 24450000	 24000000	9
chr4	 27650000	 29050000	28
chr4	 29450000	 30150000	14
chr4	 29950000	 27350000	52
chr4	 30400000	 29900000	10
chr4	 30500000	 29000000	30
chr4	 31300000	 32050000	15
chr4	 31800000	 31300000	10
chr4	 34700000	 36150000	29
chr4	 34850000	 36050000	24
chr4	 36350000	 38050000	34
chr4	 40750000	 41300000	11
chr4	 42850000	 41050000	36
chr4	 43200000	 43900000	14
chr4	 46800000	 45800000	20
chr4	 48700000	 50700000	40
chr4	 49250000	 48450000	16
chr4	 52000000	 54050000	41
chr4	 54500000	 55900000	28
chr4	 59450000	 58300000	23
chr4	 62200000	 60950000	25
chr4	 62550000	 61750000	16
chr4	 62850000	 63700000	17
chr4	 64100000	 63400000	14
chr4	 65300000	 64200000	22
chr4	 68600000	 68300000	6
chr4	 70500000	 71150000	13
chr4	 70850000	 70050000	16
chr4	 72100000	 70200000	38
chr4	 72550000	 71200000	27
chr4	 72550000	 74250000	34
chr4	 74550000	 73200000	27
chr4	 83900000	 82950000	19
chr4	 84000000	 83400000	12
chr4	 84050000	 82450000	32
chr4	 87050000	 85900000	23
chr4	 87900000	 88550000	13
chr4	 90700000	 89250000	29
chr4	105200000	103900000	26
chr4	105450000	105000000	9
chr4	106250000	107100000	17
chr4	108750000	111300000	51
chr4	110550000	112600000	41
chr4	116000000	116600000	12
chr4	117200000	115850000	27
chr4	117800000	115800000	40
chr4	119650000	120350000	14
chr4	121200000	121800000	12
chr4	122650000	121400000	25
chr4	122850000	121850000	20
chr4	123900000	125550000	33
chr4	127100000	127800000	14
chr4	127350000	126300000	21
chr4	128850000	127800000	21
chr4	130500000	130850000	7
chr4	131400000	132400000	20
chr4	132650000	134000000	27
chr4	133250000	132900000	7
chr4	133850000	134200000	7
chr4	137850000	139350000	30
chr4	138650000	136400000	45
chr4	139200000	137900000	26
chr4	139300000	138400000	18
chr4	139700000	141450000	35
chr4	139850000	139250000	12
chr4	142450000	142900000	9
chr4	144300000	144300000	0
chr4	145400000	144900000	10
chr4	147600000	151100000	70
chr4	148300000	149600000	26
chr4	151850000	151100000	15
chr4	154850000	155150000	6
chr4	155450000	155750000	6
chr5	  1150000	  2150000	20
chr5	  6500000	  8500000	40
chr5	  7150000	  7850000	14
chr5	  7800000	  7100000	14
chr5	  8800000	  9450000	13
chr5	  8800000	  9800000	20
chr5	 11100000	 10200000	18
chr5	 14300000	 15300000	20
chr5	 15750000	 15100000	13
chr5	 16150000	 15550000	12
chr5	 19800000	 20100000	6
chr5	 21400000	 23350000	39
chr5	 22250000	 21050000	24
chr5	 23550000	 22800000	15
chr5	 27750000	 30400000	53
chr5	 29200000	 29700000	10
chr5	 30700000	 33250000	51
chr5	 32200000	 31450000	15
chr5	 32400000	 33300000	18
chr5	 33350000	 32950000	8
chr5	 33850000	 34050000	4
chr5	 37300000	 38000000	14
chr5	 42050000	 41400000	13
chr5	 43250000	 41850000	28
chr5	 45000000	 45000000	0
chr5	 46950000	 47450000	10
chr5	 49450000	 48800000	13
chr5	 50900000	 49900000	20
chr5	 50900000	 50150000	15
chr5	 54600000	 55600000	20
chr5	 56600000	 57600000	20
chr5	 56850000	 56150000	14
chr5	 60350000	 61350000	20
chr5	 66150000	 68300000	43
chr5	 69150000	 70700000	31
chr5	 76050000	 77150000	22
chr5	 80200000	 78850000	27
chr5	 82550000	 83850000	26
chr5	 85250000	 83450000	36
chr5	 86000000	 86450000	9
chr5	 88250000	 86750000	30
chr5	 91600000	 90850000	15
chr5	 96050000	 96800000	15
chr5	 99000000	 98000000	20
chr5	 99100000	 98250000	17
chr5	100700000	102150000	29
chr5	101100000	100400000	14
chr5	109700000	110250000	11
chr5	111150000	113400000	45
chr5	116900000	117600000	14
chr5	119850000	120300000	9
chr5	119900000	119350000	11
chr5	126450000	126000000	9
chr5	130650000	132450000	36
chr5	133600000	133200000	8
chr5	138000000	136650000	27
chr5	143450000	142900000	11
chr5	146150000	145900000	5
chr5	146650000	145800000	17
chr5	148950000	149650000	14
chr6	  1700000	  1250000	9
chr6	  8950000	  9850000	18
chr6	  9850000	 11050000	24
chr6	 11300000	 10200000	22
chr6	 11700000	  9850000	37
chr6	 12850000	 11550000	26
chr6	 13200000	 12050000	23
chr6	 19150000	 17700000	29
chr6	 19600000	 18650000	19
chr6	 19850000	 21000000	23
chr6	 28150000	 28150000	0
chr6	 29450000	 30200000	15
chr6	 31450000	 33100000	33
chr6	 32400000	 30500000	38
chr6	 32850000	 33200000	7
chr6	 34050000	 33150000	18
chr6	 38850000	 40850000	40
chr6	 39450000	 38200000	25
chr6	 41500000	 43400000	38
chr6	 41900000	 43100000	24
chr6	 43150000	 43950000	16
chr6	 47550000	 46800000	15
chr6	 49450000	 50450000	20
chr6	 50200000	 49150000	21
chr6	 52400000	 52850000	9
chr6	 71800000	 73000000	24
chr6	 72250000	 70300000	39
chr6	 72900000	 73900000	20
chr6	 73900000	 74350000	9
chr6	 74650000	 75850000	24
chr6	 80800000	 79650000	23
chr6	 82150000	 82550000	8
chr6	 83350000	 84500000	23
chr6	 83850000	 83350000	10
chr6	 86700000	 85800000	18
chr6	 87000000	 85900000	22
chr6	 87500000	 90150000	53
chr6	 89350000	 90400000	21
chr6	 92750000	 92100000	13
chr6	 93950000	 96100000	43
chr6	100250000	100950000	14
chr6	104900000	106700000	36
chr6	105800000	106800000	20
chr6	107150000	105400000	35
chr6	109450000	111700000	45
chr6	111350000	109600000	35
chr6	121000000	121450000	9
chr6	121650000	119550000	42
chr6	123400000	124000000	12
chr6	123800000	125000000	24
chr6	131200000	129850000	27
chr6	132300000	132800000	10
chr6	135150000	133750000	28
chr6	135500000	137950000	49
chr6	135850000	134250000	32
chr6	136850000	137200000	7
chr6	137100000	138800000	34
chr6	137150000	138400000	25
chr6	138600000	139250000	13
chr6	138600000	139850000	25
chr6	140700000	143150000	49
chr6	140950000	141900000	19
chr6	142100000	143050000	19
chr6	146600000	145550000	21
chr6	148750000	149150000	8
chr6	149150000	148150000	20
chr7	  1700000	  1300000	8
chr7	  5450000	  6450000	20
chr7	  5950000	  5100000	17
chr7	 10250000	  8100000	43
chr7	 12050000	 11200000	17
chr7	 14200000	 13400000	16
chr7	 15250000	 14350000	18
chr7	 17950000	 18600000	13
chr7	 20900000	 19500000	28
chr7	 24150000	 23600000	11
chr7	 26200000	 25450000	15
chr7	 26350000	 27550000	24
chr7	 31550000	 33100000	31
chr7	 31750000	 31300000	9
chr7	 34950000	 37000000	41
chr7	 37800000	 38350000	11
chr7	 38000000	 39200000	24
chr7	 38300000	 36700000	32
chr7	 39600000	 39000000	12
chr7	 40650000	 40050000	12
chr7	 41800000	 43750000	39
chr7	 42150000	 43050000	18
chr7	 44700000	 45250000	11
chr7	 45050000	 42600000	49
chr7	 45300000	 46650000	27
chr7	 46300000	 44150000	43
chr7	 49200000	 48200000	20
chr7	 49450000	 48700000	15
chr7	 50200000	 52600000	48
chr7	 59500000	 58800000	14
chr7	 66550000	 68900000	47
chr7	 67300000	 68500000	24
chr7	 69100000	 67400000	34
chr7	 70050000	 67100000	59
chr7	 76250000	 76950000	14
chr7	 76350000	 75900000	9
chr7	 80700000	 81300000	12
chr7	 80900000	 79900000	20
chr7	 81300000	 80400000	18
chr7	 82100000	 81000000	22
chr7	 83100000	 85100000	40
chr7	 85200000	 86000000	16
chr7	 87250000	 89300000	41
chr7	 87800000	 86900000	18
chr7	 88050000	 88800000	15
chr7	 89300000	 90700000	28
chr7	 91800000	 92500000	14
chr7	 95550000	 97150000	32
chr7	 96100000	 95300000	16
chr7	 98550000	 95750000	56
chr7	104000000	102000000	40
chr7	104500000	104050000	9
chr7	107300000	109250000	39
chr7	109800000	109300000	10
chr7	110100000	108250000	37
chr7	111400000	110700000	14
chr7	113650000	113350000	6
chr7	114200000	115300000	22
chr7	115400000	115950000	11
chr7	117100000	114650000	49
chr7	119050000	118250000	16
chr7	119300000	118150000	23
chr7	119900000	120200000	6
chr7	122950000	121300000	33
chr7	124150000	125250000	22
chr7	124500000	123900000	12
chr7	124550000	123950000	12
chr7	125000000	121600000	68
chr7	128050000	129000000	19
chr7	130300000	129450000	17
chr7	131050000	129950000	22
chr7	133000000	131650000	27
chr7	134750000	133650000	22
chr7	135000000	133800000	24
chr7	136750000	134350000	48
chr7	136800000	132150000	93
chr7	143150000	142150000	20
chr7	143550000	145050000	30
chr7	143700000	143050000	13
chr7	145350000	144400000	19
chr8	  1050000	  4000000	59
chr8	  1250000	   150000	22
chr8	  2250000	  2950000	14
chr8	  2550000	  3600000	21
chr8	  6400000	  4950000	29
chr8	  6800000	  8250000	29
chr8	  8900000	  7450000	29
chr8	  9900000	 10800000	18
chr8	 10450000	 11900000	29
chr8	 10650000	 11900000	25
chr8	 12050000	 10450000	32
chr8	 12600000	 11700000	18
chr8	 17300000	 16450000	17
chr8	 18000000	 16250000	35
chr8	 20000000	 19350000	13
chr8	 20000000	 20950000	19
chr8	 21200000	 22000000	16
chr8	 25200000	 24000000	24
chr8	 26400000	 25600000	16
chr8	 27450000	 29150000	34
chr8	 30800000	 30250000	11
chr8	 37050000	 34800000	45
chr8	 39100000	 39700000	12
chr8	 39600000	 40900000	26
chr8	 42050000	 42850000	16
chr8	 44300000	 45350000	21
chr8	 54200000	 53500000	14
chr8	 56100000	 56800000	14
chr8	 57450000	 57550000	2
chr8	 57900000	 58100000	4
chr8	 61050000	 62100000	21
chr8	 65800000	 65000000	16
chr8	 67450000	 65700000	35
chr8	 67500000	 64800000	54
chr8	 69400000	 69800000	8
chr8	 69400000	 72650000	65
chr8	 69450000	 68250000	24
chr8	 70400000	 69900000	10
chr8	 71600000	 71050000	11
chr8	 72650000	 73600000	19
chr8	 74100000	 73400000	14
chr8	 77650000	 78600000	19
chr8	 81700000	 83000000	26
chr8	 82500000	 82850000	7
chr8	 84900000	 83400000	30
chr8	 86700000	 87450000	15
chr8	 87750000	 88250000	10
chr8	 88750000	 87000000	35
chr8	 89900000	 88900000	20
chr8	 90600000	 92150000	31
chr8	 91750000	 90900000	17
chr8	 92300000	 93000000	14
chr8	 96350000	 95100000	25
chr8	104550000	103550000	20
chr8	107000000	107800000	16
chr8	107600000	108900000	26
chr8	108600000	107450000	23
chr8	108950000	107850000	22
chr8	111700000	110400000	26
chr8	121150000	120350000	16
chr8	121350000	122650000	26
chr8	125250000	124700000	11
chr8	127650000	128200000	11
chr8	127900000	127900000	0
chr8	128150000	128800000	13
chr8	129150000	128400000	15
chr8	129400000	128900000	10
chr9	  1250000	  2400000	23
chr9	  3250000	  2500000	15
chr9	  3800000	  2800000	20
chr9	  5950000	  7650000	34
chr9	  7050000	  6200000	17
chr9	  9050000	 10750000	34
chr9	  9400000	  8350000	21
chr9	 13850000	 14450000	12
chr9	 15200000	 13650000	31
chr9	 17000000	 17800000	16
chr9	 18700000	 19950000	25
chr9	 19850000	 19500000	7
chr9	 20050000	 18650000	28
chr9	 24450000	 23850000	12
chr9	 27600000	 26950000	13
chr9	 29750000	 28800000	19
chr9	 29900000	 28150000	35
chr9	 33550000	 30800000	55
chr9	 35300000	 34550000	15
chr9	 35350000	 36000000	13
chr9	 36900000	 35950000	19
chr9	 40050000	 41450000	28
chr9	 40200000	 41550000	27
chr9	 43100000	 41750000	27
chr9	 43100000	 43850000	15
chr9	 49000000	 49800000	16
chr9	 49050000	 50050000	20
chr9	 56100000	 55000000	22
chr9	 56350000	 55000000	27
chr9	 56400000	 54700000	34
chr9	 56900000	 56050000	17
chr9	 58500000	 55700000	56
chr9	 60700000	 61500000	16
chr9	 61250000	 60600000	13
chr9	 61350000	 62100000	15
chr9	 61450000	 62150000	14
chr9	 63400000	 62950000	9
chr9	 65200000	 66500000	26
chr9	 65500000	 64550000	19
chr9	 65600000	 65250000	7
chr9	 70350000	 69300000	21
chr9	 71100000	 69650000	29
chr9	 92950000	 93800000	17
chr9	 95150000	 94550000	12
chr9	 95300000	 94200000	22
chr9	 99900000	 99350000	11
chr9	100250000	 99150000	22
chr9	100450000	101650000	24
chr9	103200000	103850000	13
chr9	103350000	101900000	29
chr9	103450000	101550000	38
chr9	103700000	104950000	25
chr9	105300000	103550000	35
chr9	105600000	106000000	8
chr9	105700000	107150000	29
chr9	106150000	105650000	10
chr9	110900000	111750000	17
chr9	111850000	110950000	18
chr9	114950000	114100000	17
chr9	119650000	118800000	17
chr9	122250000	123350000	22
chr9	122600000	124400000	36
chrX	  1650000	  1050000	12
chrX	  7700000	  6600000	22
chrX	  8100000	  6900000	24
chrX	  9750000	 10000000	5
chrX	 14050000	 13100000	19
chrX	 20900000	 22800000	38
chrX	 27250000	 25850000	28
chrX	 27600000	 28700000	22
chrX	 29800000	 29250000	11
chrX	 34050000	 31300000	55
chrX	 38450000	 37950000	10
chrX	 42250000	 44150000	38
chrX	 43900000	 45900000	40
chrX	 46900000	 45500000	28
chrX	 49100000	 50100000	20
chrX	 49200000	 47750000	29
chrX	 49550000	 50650000	22
chrX	 50200000	 49800000	8
chrX	 54150000	 53000000	23
chrX	 54950000	 53350000	32
chrX	 56350000	 59150000	56
chrX	 57550000	 55750000	36
chrX	 59150000	 60300000	23
chrX	 61450000	 60950000	10
chrX	 62700000	 62100000	12
chrX	 69250000	 65400000	77
chrX	 71700000	 72850000	23
chrX	 73250000	 74450000	24
chrX	 77450000	 76350000	22
chrX	 80900000	 78850000	41
chrX	 86550000	 85500000	21
chrX	 86600000	 88350000	35
chrX	 88000000	 88950000	19
chrX	 89000000	 87350000	33
chrX	 98450000	 98100000	7
chrX	101950000	103600000	33
chrX	105750000	107550000	36
chrX	106550000	106150000	8
chrX	106900000	105200000	34
chrX	107650000	108850000	24
chrX	109550000	108900000	13
chrX	114000000	114950000	19
chrX	117800000	117200000	12
chrX	120750000	121750000	20
chrX	125200000	124050000	23
chrX	125250000	123900000	27
chrX	127600000	128500000	18
chrX	127950000	131000000	61
chrX	128500000	127600000	18
chrX	128750000	128100000	13
chrX	129100000	130450000	27
chrX	129200000	128300000	18
chrX	130700000	128400000	46
chrX	130900000	131750000	17
chrX	134500000	135050000	11
chrX	138950000	138450000	10
chrX	139250000	140750000	30
chrX	139400000	137200000	44
chrX	139450000	138400000	21
chrX	143250000	143750000	10
chrX	143950000	144800000	17
chrX	145800000	147900000	42
chrX	146600000	143450000	63
chrX	146800000	145650000	23
chrX	147550000	144800000	55
chrX	154100000	155900000	36
chrX	154450000	153750000	14
chrX	154950000	152900000	41
chrX	157450000	157900000	9
chrX	157500000	155250000	45
chrX	162550000	160250000	46
chrX	163250000	164200000	19
chrX	163650000	159900000	75
chrX	163900000	164950000	21
chrX	164250000	165550000	26
chrX	164750000	165300000	11
chrX	165050000	164100000	19
chrX	170900000	170300000	12
chrY	   700000	  2350000	33
chrY	  5050000	  5400000	7
chrY	  6100000	  5000000	22
chrY	 10150000	  8350000	36
chrY	 10950000	 13500000	51
chrY	 12950000	 14550000	32
chrY	 13500000	 12850000	13
chrY	 13550000	 12350000	24
chrY	 15100000	 15850000	15
chrY	 15350000	 15750000	8
chrY	 21200000	 20400000	16
chrY	 21700000	 22700000	20
chrY	 22150000	 23850000	34
chrY	 27300000	 28350000	21
chrY	 28800000	 28300000	10
chrY	 30550000	 29650000	18
chrY	 31150000	 31750000	12
chrY	 32050000	 30100000	39
chrY	 32200000	 33600000	28
chrY	 34350000	 36200000	37
chrY	 39750000	 40350000	12
chrY	 40500000	 39450000	21
chrY	 42100000	 40750000	27
chrY	 44100000	 42500000	32
chrY	 46250000	 45850000	8
chrY	 46650000	 45250000	28
chrY	 47700000	 47200000	10
chrY	 49000000	 50500000	30
chrY	 49150000	 48200000	19
chrY	 51000000	 50350000	13
chrY	 51100000	 49400000	34
chrY	 51600000	 52300000	14
chrY	 54200000	 55300000	22
chrY	 54700000	 55450000	15
chrY	 54900000	 55150000	5
chrY	 59100000	 58500000	12
chrY	 63250000	 62600000	13
chrY	 64750000	 63800000	19
chrY	 65850000	 66400000	11
chrY	 70050000	 68750000	26
chrY	 71450000	 70650000	16
chrY	 77850000	 78350000	10
chrY	 80850000	 81850000	20
chrY	 82150000	 81400000	15
chrY	 88600000	 86800000	36
chrY	 89250000	 88100000	23
