chr1	  2100000	  2650000	11
chr1	  2350000	  2950000	12
chr1	  4300000	  3850000	9
chr1	  4550000	  3550000	20
chr1	  8950000	  7850000	22
chr1	 10900000	 11750000	17
chr1	 13350000	 14200000	17
chr1	 13950000	 12400000	31
chr1	 14750000	 16750000	40
chr1	 15050000	 16150000	22
chr1	 17350000	 19850000	50
chr1	 21650000	 21000000	13
chr1	 22950000	 24650000	34
chr1	 27300000	 25950000	27
chr1	 29100000	 30500000	28
chr1	 30200000	 30200000	0
chr1	 32150000	 30700000	29
chr1	 32350000	 33100000	15
chr1	 32450000	 33050000	12
chr1	 32900000	 33850000	19
chr1	 35350000	 36450000	22
chr1	 38150000	 38750000	12
chr1	 39350000	 38550000	16
chr1	 40150000	 40950000	16
chr1	 41250000	 41600000	7
chr1	 43600000	 41850000	35
chr1	 43700000	 44700000	20
chr1	 44800000	 43500000	26
chr1	 46950000	 48250000	26
chr1	 51750000	 51000000	15
chr1	 57650000	 56800000	17
chr1	 58850000	 57450000	28
chr1	 59300000	 58250000	21
chr1	 61150000	 59100000	41
chr1	 61450000	 59800000	33
chr1	 62400000	 63500000	22
chr1	 62650000	 61000000	33
chr1	 62800000	 63750000	19
chr1	 63100000	 61750000	27
chr1	 73400000	 74800000	28
chr1	 76150000	 75350000	16
chr1	 80150000	 79900000	5
chr1	 80600000	 80850000	5
chr1	 83050000	 81800000	25
chr1	 83300000	 80750000	51
chr1	 84450000	 85150000	14
chr1	 84550000	 83000000	31
chr1	 85200000	 83700000	30
chr1	 85550000	 82800000	55
chr1	 85600000	 86450000	17
chr1	 87300000	 89900000	52
chr1	 87850000	 87600000	5
chr1	 89200000	 89850000	13
chr1	 90150000	 88500000	33
chr1	 90250000	 90650000	8
chr1	 90700000	 92250000	31
chr1	 91700000	 92400000	14
chr1	 94300000	 95200000	18
chr1	 97700000	 97100000	12
chr1	 99400000	 99950000	11
chr1	103900000	104550000	13
chr1	105300000	104500000	16
chr1	109300000	108450000	17
chr1	110250000	110650000	8
chr1	111150000	109300000	37
chr1	114750000	113800000	19
chr1	115500000	113350000	43
chr1	115750000	115300000	9
chr1	119500000	117250000	45
chr1	123850000	124500000	13
chr1	128200000	126500000	34
chr1	130250000	130550000	6
chr1	131500000	132450000	19
chr1	134550000	133750000	16
chr1	137750000	136950000	16
chr1	139200000	139800000	12
chr1	139750000	138000000	35
chr1	141950000	141250000	14
chr1	145550000	143600000	39
chr1	151250000	151050000	4
chr1	155000000	155750000	15
chr1	157350000	158700000	27
chr1	157450000	156600000	17
chr1	159150000	158650000	10
chr1	159700000	158950000	15
chr1	163800000	162950000	17
chr1	164550000	165250000	14
chr1	164600000	163600000	20
chr1	165950000	165150000	16
chr1	166250000	167150000	18
chr1	169200000	170950000	35
chr1	171700000	173600000	38
chr1	175150000	174700000	9
chr1	175650000	177150000	30
chr1	178200000	177400000	16
chr1	179350000	178700000	13
chr1	180200000	181650000	29
chr1	180750000	180250000	10
chr1	183900000	186850000	59
chr1	185950000	186550000	12
chr1	187600000	185450000	43
chr1	191250000	190550000	14
chr10	  1150000	  1850000	14
chr10	 10950000	 12250000	26
chr10	 12850000	 15100000	45
chr10	 13550000	 13150000	8
chr10	 15000000	 13050000	39
chr10	 15850000	 16600000	15
chr10	 20000000	 20800000	16
chr10	 20950000	 19900000	21
chr10	 23050000	 23950000	18
chr10	 23800000	 26450000	53
chr10	 24000000	 22800000	24
chr10	 25550000	 24500000	21
chr10	 26050000	 25300000	15
chr10	 30950000	 29150000	36
chr10	 32150000	 31000000	23
chr10	 32550000	 31550000	20
chr10	 34050000	 33050000	20
chr10	 34700000	 33400000	26
chr10	 37850000	 36850000	20
chr10	 39600000	 38450000	23
chr10	 39800000	 39200000	12
chr10	 41050000	 40450000	12
chr10	 41250000	 39900000	27
chr10	 47050000	 44850000	44
chr10	 47750000	 47250000	10
chr10	 49550000	 49100000	9
chr10	 50600000	 48850000	35
chr10	 50800000	 50400000	8
chr10	 51900000	 52700000	16
chr10	 60050000	 61050000	20
chr10	 60950000	 61700000	15
chr10	 61750000	 60650000	22
chr10	 64100000	 64800000	14
chr10	 65000000	 65950000	19
chr10	 68200000	 67350000	17
chr10	 71500000	 71150000	7
chr10	 73250000	 74300000	21
chr10	 73300000	 72250000	21
chr10	 73350000	 73050000	6
chr10	 75300000	 73850000	29
chr10	 76250000	 74850000	28
chr10	 76600000	 77550000	19
chr10	 77850000	 79000000	23
chr10	 78650000	 79550000	18
chr10	 79900000	 79350000	11
chr10	 82850000	 83500000	13
chr10	 89000000	 90100000	22
chr10	 91800000	 90700000	22
chr10	 95200000	 94300000	18
chr10	 99900000	101450000	31
chr10	 99950000	 98600000	27
chr10	102150000	104050000	38
chr10	106300000	105900000	8
chr10	108200000	107150000	21
chr10	108350000	107550000	16
chr10	112350000	111700000	13
chr10	115500000	116950000	29
chr10	120450000	120850000	8
chr10	125700000	126700000	20
chr10	127400000	128550000	23
chr10	127800000	128600000	16
chr11	  7200000	  6450000	15
chr11	 10950000	 10050000	18
chr11	 13550000	 14900000	27
chr11	 13600000	 12400000	24
chr11	 14100000	 14600000	10
chr11	 15450000	 14850000	12
chr11	 16250000	 15800000	9
chr11	 18900000	 20000000	22
chr11	 20950000	 22550000	32
chr11	 22400000	 23850000	29
chr11	 22950000	 23650000	14
chr11	 24000000	 23150000	17
chr11	 25200000	 26350000	23
chr11	 26950000	 27800000	17
chr11	 33150000	 34350000	24
chr11	 33950000	 32250000	34
chr11	 34950000	 34100000	17
chr11	 38350000	 37350000	20
chr11	 39950000	 41450000	30
chr11	 40200000	 40800000	12
chr11	 45350000	 47250000	38
chr11	 46100000	 46700000	12
chr11	 48850000	 47900000	19
chr11	 51850000	 52500000	13
chr11	 51900000	 52650000	15
chr11	 54000000	 52850000	23
chr11	 54350000	 57950000	72
chr11	 54550000	 53750000	16
chr11	 55700000	 56350000	13
chr11	 57350000	 55250000	42
chr11	 58550000	 59500000	19
chr11	 59750000	 62100000	47
chr11	 59850000	 58400000	29
chr11	 61150000	 60050000	22
chr11	 61700000	 62600000	18
chr11	 64450000	 65250000	16
chr11	 64500000	 66400000	38
chr11	 64850000	 65250000	8
chr11	 64900000	 66900000	40
chr11	 66550000	 67450000	18
chr11	 67700000	 65200000	50
chr11	 67800000	 67100000	14
chr11	 68700000	 67400000	26
chr11	 69700000	 70450000	15
chr11	 69800000	 71150000	27
chr11	 70600000	 71850000	25
chr11	 71950000	 70250000	34
chr11	 74450000	 73300000	23
chr11	 78450000	 79400000	19
chr11	 79500000	 78750000	15
chr11	 82300000	 81650000	13
chr11	 83150000	 84300000	23
chr11	 88100000	 88750000	13
chr11	 94050000	 92950000	22
chr11	 94450000	 94950000	10
chr11	 97700000	 98250000	11
chr11	101000000	101550000	11
chr11	101400000	 99600000	36
chr11	101500000	103050000	31
chr11	101900000	102800000	18
chr11	103700000	104000000	6
chr11	106600000	105700000	18
chr11	108200000	108850000	13
chr11	108850000	109650000	16
chr11	110250000	108400000	37
chr11	110600000	111950000	27
chr11	110950000	110100000	17
chr11	111400000	110200000	24
chr11	114250000	115350000	22
chr11	118200000	119050000	17
chr11	119350000	118450000	18
chr12	   700000	  1300000	12
chr12	  1250000	   100000	23
chr12	  1750000	  2250000	10
chr12	  2350000	  1000000	27
chr12	  2350000	  3900000	31
chr12	  5400000	  7400000	40
chr12	  7250000	  7750000	10
chr12	  7250000	  8450000	24
chr12	  8900000	  8200000	14
chr12	  9450000	 11250000	36
chr12	 15750000	 17250000	30
chr12	 16700000	 18100000	28
chr12	 16850000	 14500000	47
chr12	 17150000	 15850000	26
chr12	 18950000	 17150000	36
chr12	 20900000	 19050000	37
chr12	 22400000	 21250000	23
chr12	 24100000	 25200000	22
chr12	 24300000	 25600000	26
chr12	 26950000	 28950000	40
chr12	 30750000	 31600000	17
chr12	 32600000	 33450000	17
chr12	 39450000	 40200000	15
chr12	 40900000	 41800000	18
chr12	 41100000	 42550000	29
chr12	 41250000	 42250000	20
chr12	 43900000	 42050000	37
chr12	 45100000	 47000000	38
chr12	 46000000	 45100000	18
chr12	 46050000	 45300000	15
chr12	 47300000	 46700000	12
chr12	 52000000	 51100000	18
chr12	 55000000	 56500000	30
chr12	 55150000	 57250000	42
chr12	 56300000	 55800000	10
chr12	 56700000	 57450000	15
chr12	 58600000	 57200000	28
chr12	 63750000	 62950000	16
chr12	 64800000	 63950000	17
chr12	 69600000	 71200000	32
chr12	 70100000	 69100000	20
chr12	 71650000	 71200000	9
chr12	 73950000	 72850000	22
chr12	 74500000	 75650000	23
chr12	 75850000	 76650000	16
chr12	 81000000	 82700000	34
chr12	 83100000	 83600000	10
chr12	 87050000	 85300000	35
chr12	 88400000	 87000000	28
chr12	 88750000	 90300000	31
chr12	 90800000	 91400000	12
chr12	 91300000	 92700000	28
chr12	 92250000	 91900000	7
chr12	 95250000	 94650000	12
chr12	 97700000	 98950000	25
chr12	100500000	104400000	78
chr12	101350000	100350000	20
chr12	104750000	103000000	35
chr12	105500000	103550000	39
chr12	105550000	103900000	33
chr12	105950000	106700000	15
chr12	107000000	106150000	17
chr12	107700000	108950000	25
chr12	110050000	108900000	23
chr12	112050000	114250000	44
chr13	  1250000	  2400000	23
chr13	  5350000	  5800000	9
chr13	 10050000	  9450000	12
chr13	 12350000	 11600000	15
chr13	 12350000	 13600000	25
chr13	 13300000	 12250000	21
chr13	 13450000	 14950000	30
chr13	 13600000	 14900000	26
chr13	 13750000	 12500000	25
chr13	 18350000	 17500000	17
chr13	 19650000	 19650000	0
chr13	 20550000	 22350000	36
chr13	 21350000	 20650000	14
chr13	 21900000	 23000000	22
chr13	 22550000	 24350000	36
chr13	 23100000	 24400000	26
chr13	 24950000	 26300000	27
chr13	 28850000	 29000000	3
chr13	 29950000	 29100000	17
chr13	 30050000	 31800000	35
chr13	 30250000	 29700000	11
chr13	 35050000	 34550000	10
chr13	 36000000	 36850000	17
chr13	 37550000	 36250000	26
chr13	 38950000	 39150000	4
chr13	 40500000	 39850000	13
chr13	 42900000	 43550000	13
chr13	 43350000	 42750000	12
chr13	 45050000	 43450000	32
chr13	 45950000	 46350000	8
chr13	 47600000	 48900000	26
chr13	 47750000	 46500000	25
chr13	 51050000	 49050000	40
chr13	 55000000	 54600000	8
chr13	 56400000	 55400000	20
chr13	 56650000	 54400000	45
chr13	 58150000	 55450000	54
chr13	 58750000	 56550000	44
chr13	 59250000	 57200000	41
chr13	 60700000	 59500000	24
chr13	 65600000	 64650000	19
chr13	 67950000	 68700000	15
chr13	 72600000	 73750000	23
chr13	 72800000	 70900000	38
chr13	 74350000	 73450000	18
chr13	 74450000	 75100000	13
chr13	 76700000	 77350000	13
chr13	 78750000	 80350000	32
chr13	 80500000	 81750000	25
chr13	 81300000	 79850000	29
chr13	 85850000	 88900000	61
chr13	 88250000	 87550000	14
chr13	 89600000	 90500000	18
chr13	 91950000	 91250000	14
chr13	 95050000	 95850000	16
chr13	 95750000	 94750000	20
chr13	 97000000	 96500000	10
chr13	 98150000	 96450000	34
chr13	 98200000	 96700000	30
chr13	101000000	102200000	24
chr13	101950000	101200000	15
chr13	105600000	104300000	26
chr13	105650000	104850000	16
chr13	108500000	109050000	11
chr13	112800000	113150000	7
chr13	112850000	113850000	20
chr13	119000000	117800000	24
chr13	119150000	117200000	39
chr14	   300000	        0	6
chr14	   600000	  2300000	34
chr14	  4850000	  3500000	27
chr14	  5250000	  3950000	26
chr14	  8650000	  7550000	22
chr14	 10200000	 11600000	28
chr14	 11600000	  8450000	63
chr14	 13150000	  9900000	65
chr14	 15100000	 17600000	50
chr14	 15150000	 14500000	13
chr14	 15550000	 14200000	27
chr14	 19500000	 19950000	9
chr14	 22450000	 21500000	19
chr14	 23250000	 21800000	29
chr14	 24300000	 25200000	18
chr14	 24800000	 24050000	15
chr14	 26350000	 26350000	0
chr14	 27300000	 26200000	22
chr14	 28050000	 27550000	10
chr14	 30150000	 31000000	17
chr14	 30850000	 30250000	12
chr14	 32700000	 31900000	16
chr14	 32950000	 33600000	13
chr14	 35350000	 36400000	21
chr14	 35900000	 35300000	12
chr14	 37800000	 36150000	33
chr14	 38150000	 39350000	24
chr14	 38300000	 36650000	33
chr14	 39200000	 37600000	32
chr14	 41150000	 40450000	14
chr14	 43400000	 44250000	17
chr14	 44900000	 45600000	14
chr14	 45100000	 44250000	17
chr14	 47550000	 47850000	6
chr14	 48950000	 45600000	67
chr14	 51750000	 50900000	17
chr14	 52200000	 54150000	39
chr14	 52600000	 50850000	35
chr14	 54350000	 56500000	43
chr14	 56950000	 55850000	22
chr14	 59850000	 60250000	8
chr14	 61750000	 60950000	16
chr14	 63050000	 63550000	10
chr14	 63800000	 62650000	23
chr14	 63900000	 63550000	7
chr14	 65550000	 66450000	18
chr14	 67800000	 66400000	28
chr14	 69400000	 70500000	22
chr14	 70000000	 69200000	16
chr14	 71200000	 70050000	23
chr14	 71850000	 72400000	11
chr14	 80150000	 78950000	24
chr14	 83150000	 81850000	26
chr14	 83850000	 83450000	8
chr14	 93050000	 92600000	9
chr14	 94450000	 93500000	19
chr14	 98350000	 99800000	29
chr14	 99950000	101200000	25
chr14	100950000	 99350000	32
chr14	102050000	103500000	29
chr14	104150000	102300000	37
chr14	104250000	103300000	19
chr14	106750000	107700000	19
chr14	107000000	105750000	25
chr14	108700000	108100000	12
chr14	114150000	113050000	22
chr14	123950000	122700000	25
chr15	  1650000	  2650000	20
chr15	  2400000	  4350000	39
chr15	  5400000	  4450000	19
chr15	  5500000	  6250000	15
chr15	 10500000	 11150000	13
chr15	 13650000	 15500000	37
chr15	 15750000	 14750000	20
chr15	 19250000	 19750000	10
chr15	 19800000	 20450000	13
chr15	 22950000	 23800000	17
chr15	 23250000	 24650000	28
chr15	 25450000	 26300000	17
chr15	 32400000	 31100000	26
chr15	 32450000	 30850000	32
chr15	 33800000	 33050000	15
chr15	 38050000	 37200000	17
chr15	 40200000	 41600000	28
chr15	 40500000	 41000000	10
chr15	 41500000	 40450000	21
chr15	 42750000	 44500000	35
chr15	 45550000	 44750000	16
chr15	 52200000	 54100000	38
chr15	 53250000	 52150000	22
chr15	 53250000	 55200000	39
chr15	 56850000	 58100000	25
chr15	 59800000	 61350000	31
chr15	 62200000	 61500000	14
chr15	 65550000	 66000000	9
chr15	 68600000	 68200000	8
chr15	 69400000	 70450000	21
chr15	 69950000	 71950000	40
chr15	 73650000	 72850000	16
chr15	 73750000	 74350000	12
chr15	 74750000	 73550000	24
chr15	 81000000	 82300000	26
chr15	 81050000	 81850000	16
chr15	 82450000	 81200000	25
chr15	 83050000	 83700000	13
chr15	 83450000	 82250000	24
chr15	 85800000	 85500000	6
chr15	 86350000	 85900000	9
chr15	 89400000	 88450000	19
chr15	 91800000	 92500000	14
chr15	 92200000	 90850000	27
chr15	 92350000	 93800000	29
chr15	 97250000	 99800000	51
chr15	 97500000	 96150000	27
chr15	100800000	102400000	32
chr15	103550000	102250000	26
chr16	  1950000	  2700000	15
chr16	  4600000	  5700000	22
chr16	  6500000	  7100000	12
chr16	  7650000	  8900000	25
chr16	  7900000	  9600000	34
chr16	  8800000	  7900000	18
chr16	 10000000	  8150000	37
chr16	 14250000	 16550000	46
chr16	 17500000	 18200000	14
chr16	 23000000	 21950000	21
chr16	 24450000	 28300000	77
chr16	 33100000	 34050000	19
chr16	 34700000	 33300000	28
chr16	 35450000	 36750000	26
chr16	 36050000	 36400000	7
chr16	 37900000	 39350000	29
chr16	 41250000	 40150000	22
chr16	 43450000	 43800000	7
chr16	 44100000	 42500000	32
chr16	 47200000	 48100000	18
chr16	 47300000	 46700000	12
chr16	 47450000	 48650000	24
chr16	 48050000	 45650000	48
chr16	 48250000	 49500000	25
chr16	 51600000	 49550000	41
chr16	 52150000	 50500000	33
chr16	 54350000	 56450000	42
chr16	 56750000	 55950000	16
chr16	 58150000	 57150000	20
chr16	 65150000	 65850000	14
chr16	 69500000	 68600000	18
chr16	 70550000	 70900000	7
chr16	 72700000	 71150000	31
chr16	 73700000	 76900000	64
chr16	 74950000	 75300000	7
chr16	 77200000	 75800000	28
chr16	 78600000	 80300000	34
chr16	 79400000	 80150000	15
chr16	 81000000	 81900000	18
chr16	 81250000	 81000000	5
chr16	 81400000	 82300000	18
chr16	 82750000	 81350000	28
chr16	 83700000	 85150000	29
chr16	 84500000	 86750000	45
chr16	 87450000	 86600000	17
chr16	 89750000	 91300000	31
chr16	 92300000	 91950000	7
chr16	 92550000	 91700000	17
chr16	 94350000	 93200000	23
chr16	 95050000	 93800000	25
chr16	 96550000	 94850000	34
chr17	  2600000	  3750000	23
chr17	  4800000	  6100000	26
chr17	  8450000	  9200000	15
chr17	  9750000	  9050000	14
chr17	  9950000	 11400000	29
chr17	 14100000	 13300000	16
chr17	 18250000	 20250000	40
chr17	 19150000	 17950000	24
chr17	 19150000	 19650000	10
chr17	 19750000	 20200000	9
chr17	 19850000	 18400000	29
chr17	 21650000	 19600000	41
chr17	 21850000	 21300000	11
chr17	 23900000	 22900000	20
chr17	 24400000	 26950000	51
chr17	 24500000	 25450000	19
chr17	 25050000	 22550000	50
chr17	 25700000	 24950000	15
chr17	 26900000	 28950000	41
chr17	 26950000	 25350000	32
chr17	 29300000	 28900000	8
chr17	 30150000	 30950000	16
chr17	 30450000	 31300000	17
chr17	 32100000	 30350000	35
chr17	 32250000	 32700000	9
chr17	 34950000	 33650000	26
chr17	 35850000	 35250000	12
chr17	 37800000	 39050000	25
chr17	 38950000	 39500000	11
chr17	 41000000	 40400000	12
chr17	 42050000	 43450000	28
chr17	 42100000	 40750000	27
chr17	 42150000	 43550000	28
chr17	 51650000	 51000000	13
chr17	 51950000	 52850000	18
chr17	 55050000	 56250000	24
chr17	 55350000	 54950000	8
chr17	 55650000	 57250000	32
chr17	 56550000	 57100000	11
chr17	 56750000	 56000000	15
chr17	 57250000	 58800000	31
chr17	 58050000	 59100000	21
chr17	 60500000	 59550000	19
chr17	 61250000	 62300000	21
chr17	 61950000	 60250000	34
chr17	 65800000	 66350000	11
chr17	 67250000	 66550000	14
chr17	 68700000	 71000000	46
chr17	 69950000	 71100000	23
chr17	 74700000	 75800000	22
chr17	 76150000	 76950000	16
chr17	 78000000	 79100000	22
chr17	 78650000	 79400000	15
chr17	 81400000	 82450000	21
chr17	 82800000	 85900000	62
chr17	 85200000	 84850000	7
chr17	 85700000	 84950000	15
chr17	 87050000	 88150000	22
chr17	 92050000	 90300000	35
chr17	 92250000	 91150000	22
chr18	  3800000	  6000000	44
chr18	  4150000	  5100000	19
chr18	  4250000	  4850000	12
chr18	  8950000	  8200000	15
chr18	 12450000	 12900000	9
chr18	 14400000	 13250000	23
chr18	 18850000	 18150000	14
chr18	 20800000	 21450000	13
chr18	 22100000	 24500000	48
chr18	 22900000	 21450000	29
chr18	 24350000	 23650000	14
chr18	 26000000	 25350000	13
chr18	 27250000	 31000000	75
chr18	 28650000	 29700000	21
chr18	 33750000	 33150000	12
chr18	 35400000	 34700000	14
chr18	 36800000	 38300000	30
chr18	 37050000	 35350000	34
chr18	 37750000	 38350000	12
chr18	 40000000	 40600000	12
chr18	 40100000	 40900000	16
chr18	 45450000	 46050000	12
chr18	 45500000	 46750000	25
chr18	 47600000	 48900000	26
chr18	 48500000	 50600000	42
chr18	 50200000	 51150000	19
chr18	 52300000	 53450000	23
chr18	 53750000	 54450000	14
chr18	 54850000	 56000000	23
chr18	 55800000	 58400000	52
chr18	 56300000	 57900000	32
chr18	 57250000	 59550000	46
chr18	 64350000	 65900000	31
chr18	 71300000	 72800000	30
chr18	 72700000	 71950000	15
chr18	 73500000	 75300000	36
chr18	 77250000	 77900000	13
chr18	 80200000	 80800000	12
chr18	 82700000	 81850000	17
chr18	 82900000	 81750000	23
chr18	 83000000	 84300000	26
chr18	 84300000	 86150000	37
chr19	  5000000	  6350000	27
chr19	  5700000	  7500000	36
chr19	  6050000	  3850000	44
chr19	  8050000	  6750000	26
chr19	 14900000	 17000000	42
chr19	 17900000	 19250000	27
chr19	 18850000	 20100000	25
chr19	 19100000	 20750000	33
chr19	 21550000	 22100000	11
chr19	 22400000	 21300000	22
chr19	 22850000	 26250000	68
chr19	 26500000	 27300000	16
chr19	 27550000	 28050000	10
chr19	 32950000	 33450000	10
chr19	 33500000	 33950000	9
chr19	 34050000	 32650000	28
chr19	 36100000	 37050000	19
chr19	 37900000	 37250000	13
chr19	 39150000	 36250000	58
chr19	 39800000	 39150000	13
chr19	 39850000	 37900000	39
chr19	 47900000	 47000000	18
chr19	 51450000	 49650000	36
chr19	 52300000	 53450000	23
chr19	 57950000	 56800000	23
chr19	 59900000	 59450000	9
chr2	  3350000	  3650000	6
chr2	  3650000	  1850000	36
chr2	  6750000	  6050000	14
chr2	  6850000	  5900000	19
chr2	  9400000	  8300000	22
chr2	  9450000	  9150000	6
chr2	 12650000	 16350000	74
chr2	 13200000	 13850000	13
chr2	 16450000	 17100000	13
chr2	 18600000	 16550000	41
chr2	 20200000	 20800000	12
chr2	 22800000	 21750000	21
chr2	 23200000	 21950000	25
chr2	 24550000	 23700000	17
chr2	 24550000	 25950000	28
chr2	 27500000	 28300000	16
chr2	 28400000	 26650000	35
chr2	 30900000	 32850000	39
chr2	 31350000	 31850000	10
chr2	 32650000	 32250000	8
chr2	 37200000	 38650000	29
chr2	 38000000	 37550000	9
chr2	 38150000	 36800000	27
chr2	 40050000	 42600000	51
chr2	 40850000	 40500000	7
chr2	 41250000	 42300000	21
chr2	 41350000	 40750000	12
chr2	 45050000	 45700000	13
chr2	 46300000	 48000000	34
chr2	 47050000	 47850000	16
chr2	 51100000	 51650000	11
chr2	 53350000	 52200000	23
chr2	 54000000	 52700000	26
chr2	 55100000	 55600000	10
chr2	 56350000	 59100000	55
chr2	 57350000	 58250000	18
chr2	 62450000	 63400000	19
chr2	 64750000	 66600000	37
chr2	 64900000	 65900000	20
chr2	 66900000	 65600000	26
chr2	 69500000	 70700000	24
chr2	 70050000	 70750000	14
chr2	 70800000	 68450000	47
chr2	 71950000	 70450000	30
chr2	 73350000	 73850000	10
chr2	 73400000	 73650000	5
chr2	 77000000	 77950000	19
chr2	 78500000	 79950000	29
chr2	 79650000	 77800000	37
chr2	 83300000	 84200000	18
chr2	 83600000	 85400000	36
chr2	 89600000	 87900000	34
chr2	 95900000	 94850000	21
chr2	101250000	100750000	10
chr2	105300000	106900000	32
chr2	105600000	104200000	28
chr2	108800000	107650000	23
chr2	109750000	110950000	24
chr2	113300000	111950000	27
chr2	113550000	110250000	66
chr2	113750000	115000000	25
chr2	114850000	116100000	25
chr2	116200000	115650000	11
chr2	116200000	116400000	4
chr2	117450000	115800000	33
chr2	120450000	119400000	21
chr2	121000000	122200000	24
chr2	124300000	124150000	3
chr2	127000000	127700000	14
chr2	127150000	128150000	20
chr2	127700000	128550000	17
chr2	131950000	132600000	13
chr2	133450000	132450000	20
chr2	137350000	136700000	13
chr2	140200000	140750000	11
chr2	141150000	141600000	9
chr2	141500000	140450000	21
chr2	142050000	140550000	30
chr2	148200000	147650000	11
chr2	151350000	149650000	34
chr2	151950000	153450000	30
chr2	153050000	152350000	14
chr2	153600000	156550000	59
chr2	155950000	156600000	13
chr2	156300000	157100000	16
chr2	157050000	156300000	15
chr2	159700000	159200000	10
chr2	160050000	160600000	11
chr2	162150000	160850000	26
chr2	175200000	176100000	18
chr2	175800000	176350000	11
chr2	179550000	178950000	12
chr3	  2250000	  1500000	15
chr3	  6600000	  5800000	16
chr3	 12800000	 12250000	11
chr3	 12950000	 15250000	46
chr3	 14750000	 16250000	30
chr3	 16950000	 17850000	18
chr3	 19200000	 19600000	8
chr3	 20650000	 19900000	15
chr3	 21550000	 21050000	10
chr3	 22100000	 24100000	40
chr3	 22600000	 20850000	35
chr3	 22850000	 22250000	12
chr3	 24350000	 25050000	14
chr3	 24500000	 25250000	15
chr3	 25950000	 24100000	37
chr3	 26350000	 26350000	0
chr3	 26800000	 25300000	30
chr3	 26800000	 25900000	18
chr3	 29300000	 28150000	23
chr3	 29850000	 31000000	23
chr3	 32050000	 33550000	30
chr3	 33200000	 32800000	8
chr3	 34400000	 33850000	11
chr3	 36400000	 35700000	14
chr3	 37350000	 36700000	13
chr3	 39300000	 39850000	11
chr3	 40700000	 41200000	10
chr3	 40750000	 42100000	27
chr3	 41250000	 40950000	6
chr3	 45300000	 45300000	0
chr3	 54750000	 53800000	19
chr3	 54900000	 55500000	12
chr3	 55350000	 55750000	8
chr3	 56500000	 56950000	9
chr3	 64150000	 63100000	21
chr3	 64300000	 65500000	24
chr3	 65050000	 63850000	24
chr3	 66950000	 64850000	42
chr3	 68250000	 67700000	11
chr3	 71650000	 71300000	7
chr3	 72450000	 71750000	14
chr3	 73950000	 75000000	21
chr3	 74400000	 73900000	10
chr3	 74800000	 76000000	24
chr3	 76100000	 75750000	7
chr3	 77000000	 78550000	31
chr3	 81350000	 82350000	20
chr3	 82750000	 81300000	29
chr3	 83950000	 84850000	18
chr3	 88700000	 87050000	33
chr3	 91100000	 90550000	11
chr3	 91300000	 90150000	23
chr3	101000000	102050000	21
chr3	101500000	103450000	39
chr3	103950000	105750000	36
chr3	105250000	106250000	20
chr3	106550000	105050000	30
chr3	108700000	109750000	21
chr3	109600000	110200000	12
chr3	110000000	106500000	70
chr3	112800000	115400000	52
chr3	113650000	114650000	20
chr3	117850000	115800000	41
chr3	118150000	118500000	7
chr3	122050000	122500000	9
chr3	122400000	121350000	21
chr3	129000000	128400000	12
chr3	131850000	130200000	33
chr3	132400000	131850000	11
chr3	133450000	135150000	34
chr3	134450000	133050000	28
chr3	134550000	133250000	26
chr3	135000000	134450000	11
chr3	136100000	134300000	36
chr3	138000000	137300000	14
chr3	141000000	140600000	8
chr3	141650000	142300000	13
chr3	142300000	140150000	43
chr3	144400000	143200000	24
chr3	149600000	151200000	32
chr3	149850000	148700000	23
chr3	156050000	155200000	17
chr3	157000000	156500000	10
chr3	157850000	157100000	15
chr4	   400000	    50000	7
chr4	  5200000	  4900000	6
chr4	  6150000	  5500000	13
chr4	 11050000	 12100000	21
chr4	 16400000	 18300000	38
chr4	 24150000	 24550000	8
chr4	 30650000	 32100000	29
chr4	 33000000	 32300000	14
chr4	 39900000	 40450000	11
chr4	 40000000	 41050000	21
chr4	 40350000	 40750000	8
chr4	 43000000	 43450000	9
chr4	 43650000	 44650000	20
chr4	 44200000	 45050000	17
chr4	 46650000	 48200000	31
chr4	 47600000	 46600000	20
chr4	 48950000	 50050000	22
chr4	 49000000	 49900000	18
chr4	 52700000	 52100000	12
chr4	 54550000	 55000000	9
chr4	 59600000	 60150000	11
chr4	 61150000	 60650000	10
chr4	 61450000	 62550000	22
chr4	 65600000	 63850000	35
chr4	 66350000	 65350000	20
chr4	 68000000	 70700000	54
chr4	 72350000	 73200000	17
chr4	 74550000	 72700000	37
chr4	 75500000	 74100000	28
chr4	 76700000	 75150000	31
chr4	 78150000	 78800000	13
chr4	 78500000	 77600000	18
chr4	 78800000	 76900000	38
chr4	 82150000	 82800000	13
chr4	 82350000	 81450000	18
chr4	 82500000	 85300000	56
chr4	 83700000	 82950000	15
chr4	 85150000	 83900000	25
chr4	 86000000	 86550000	11
chr4	 86000000	 87200000	24
chr4	 87700000	 87050000	13
chr4	 88700000	 90400000	34
chr4	 89750000	 90550000	16
chr4	 90850000	 91750000	18
chr4	 91200000	 90750000	9
chr4	 91400000	 91800000	8
chr4	 94300000	 95300000	20
chr4	 97500000	 98400000	18
chr4	 99450000	100450000	20
chr4	104950000	106100000	23
chr4	106200000	107100000	18
chr4	106450000	107650000	24
chr4	112450000	113550000	22
chr4	116000000	119000000	60
chr4	121850000	121050000	16
chr4	121950000	121450000	10
chr4	123800000	125500000	34
chr4	124800000	126050000	25
chr4	126600000	124850000	35
chr4	129200000	130000000	16
chr4	131300000	129800000	30
chr4	132100000	133350000	25
chr4	136450000	137550000	22
chr4	138900000	137700000	24
chr4	141150000	142950000	36
chr4	141200000	142950000	35
chr4	141700000	142400000	14
chr4	142350000	141500000	17
chr4	143000000	141400000	32
chr4	144900000	142750000	43
chr4	150050000	151650000	32
chr4	151650000	150400000	25
chr4	153350000	154550000	24
chr4	154250000	153700000	11
chr5	  2950000	  2100000	17
chr5	 10400000	 11750000	27
chr5	 12000000	 13650000	33
chr5	 15400000	 14400000	20
chr5	 19650000	 21050000	28
chr5	 21550000	 22500000	19
chr5	 23350000	 24250000	18
chr5	 25000000	 24400000	12
chr5	 26750000	 24950000	36
chr5	 28050000	 29800000	35
chr5	 29200000	 26500000	54
chr5	 29950000	 32950000	60
chr5	 30100000	 30550000	9
chr5	 35700000	 36700000	20
chr5	 38100000	 39200000	22
chr5	 38800000	 34200000	92
chr5	 44100000	 44750000	13
chr5	 46000000	 46400000	8
chr5	 47250000	 46100000	23
chr5	 47350000	 46400000	19
chr5	 50350000	 48550000	36
chr5	 53200000	 54100000	18
chr5	 57300000	 56250000	21
chr5	 57900000	 59400000	30
chr5	 58050000	 57100000	19
chr5	 63350000	 61500000	37
chr5	 65300000	 63900000	28
chr5	 66200000	 67000000	16
chr5	 70450000	 70000000	9
chr5	 78800000	 79800000	20
chr5	 79850000	 80350000	10
chr5	 80150000	 78850000	26
chr5	 89150000	 88300000	17
chr5	 94750000	 96100000	27
chr5	 97100000	 95700000	28
chr5	 98800000	 99150000	7
chr5	 99950000	101200000	25
chr5	100900000	 99450000	29
chr5	101200000	102250000	21
chr5	101400000	 99950000	29
chr5	102700000	102250000	9
chr5	102800000	103550000	15
chr5	108750000	109400000	13
chr5	112250000	114550000	46
chr5	113450000	112250000	24
chr5	113550000	109000000	91
chr5	119850000	119150000	14
chr5	120500000	119800000	14
chr5	123500000	122600000	18
chr5	125800000	124800000	20
chr5	127250000	128450000	24
chr5	131100000	130400000	14
chr5	132350000	132100000	5
chr5	133050000	134750000	34
chr5	134300000	135000000	14
chr5	134350000	137850000	70
chr5	134550000	132200000	47
chr5	135200000	136850000	33
chr5	138800000	140450000	33
chr5	140500000	138000000	50
chr5	144400000	145600000	24
chr5	145850000	148700000	57
chr5	146250000	145750000	10
chr6	  1350000	   500000	17
chr6	  2250000	  3450000	24
chr6	  2850000	  1100000	35
chr6	  3350000	  3900000	11
chr6	  6800000	  7400000	12
chr6	  7800000	  9150000	27
chr6	 10100000	 10700000	12
chr6	 10700000	  9250000	29
chr6	 10750000	 12950000	44
chr6	 12100000	 11100000	20
chr6	 14700000	 13900000	16
chr6	 15150000	 13850000	26
chr6	 15250000	 14700000	11
chr6	 18150000	 17150000	20
chr6	 18650000	 18950000	6
chr6	 20600000	 19250000	27
chr6	 20800000	 21850000	21
chr6	 21800000	 20250000	31
chr6	 23050000	 22050000	20
chr6	 26550000	 25550000	20
chr6	 30050000	 29450000	12
chr6	 32150000	 31800000	7
chr6	 37050000	 38400000	27
chr6	 40450000	 41600000	23
chr6	 41750000	 43650000	38
chr6	 41800000	 43900000	42
chr6	 41950000	 42550000	12
chr6	 42700000	 39800000	58
chr6	 44850000	 46800000	39
chr6	 45700000	 45450000	5
chr6	 46800000	 47350000	11
chr6	 48750000	 49050000	6
chr6	 49250000	 50500000	25
chr6	 51100000	 50100000	20
chr6	 52600000	 51500000	22
chr6	 55600000	 58400000	56
chr6	 57800000	 56850000	19
chr6	 58100000	 59350000	25
chr6	 60900000	 62650000	35
chr6	 61400000	 60200000	24
chr6	 64800000	 63300000	30
chr6	 65900000	 69450000	71
chr6	 70750000	 72400000	33
chr6	 71050000	 71950000	18
chr6	 73050000	 74200000	23
chr6	 82050000	 82050000	0
chr6	 82600000	 83900000	26
chr6	 84200000	 86100000	38
chr6	 85050000	 87050000	40
chr6	 85100000	 86350000	25
chr6	 87000000	 86000000	20
chr6	 87100000	 87600000	10
chr6	 90700000	 90300000	8
chr6	 91250000	 89900000	27
chr6	 92550000	 93350000	16
chr6	 93350000	 93650000	6
chr6	 95650000	 96200000	11
chr6	 99800000	100700000	18
chr6	100250000	102700000	49
chr6	102000000	 99800000	44
chr6	104950000	105400000	9
chr6	105100000	105300000	4
chr6	105250000	103800000	29
chr6	106100000	106550000	9
chr6	106450000	105900000	11
chr6	109200000	110150000	19
chr6	114900000	116900000	40
chr6	119900000	118450000	29
chr6	122800000	122150000	13
chr6	124950000	122200000	55
chr6	126700000	126200000	10
chr6	130650000	129600000	21
chr6	131400000	133000000	32
chr6	132250000	133450000	24
chr6	134050000	133400000	13
chr6	138500000	139300000	16
chr6	140650000	139550000	22
chr6	143900000	145450000	31
chr6	146050000	147050000	20
chr6	147150000	145350000	36
chr6	147150000	146950000	4
chr6	148100000	147000000	22
chr7	  4250000	  6900000	53
chr7	 10200000	 11100000	18
chr7	 13500000	 15100000	32
chr7	 21050000	 20350000	14
chr7	 26100000	 27900000	36
chr7	 28900000	 30650000	35
chr7	 31550000	 32600000	21
chr7	 34700000	 33900000	16
chr7	 34800000	 33250000	31
chr7	 36150000	 37500000	27
chr7	 40700000	 41200000	10
chr7	 41950000	 41100000	17
chr7	 43200000	 44200000	20
chr7	 43300000	 42300000	20
chr7	 46300000	 46000000	6
chr7	 48900000	 46950000	39
chr7	 55800000	 54100000	34
chr7	 55950000	 54750000	24
chr7	 63000000	 61850000	23
chr7	 64700000	 64350000	7
chr7	 65000000	 65850000	17
chr7	 65400000	 66450000	21
chr7	 65750000	 64850000	18
chr7	 70000000	 71400000	28
chr7	 71200000	 70000000	24
chr7	 72100000	 73350000	25
chr7	 72900000	 71400000	30
chr7	 76350000	 76000000	7
chr7	 77200000	 79350000	43
chr7	 79300000	 80550000	25
chr7	 80450000	 78850000	32
chr7	 82800000	 87450000	93
chr7	 84250000	 83000000	25
chr7	 84700000	 86750000	41
chr7	 85600000	 86600000	20
chr7	 87500000	 85950000	31
chr7	 89100000	 88150000	19
chr7	 90550000	 91200000	13
chr7	 91500000	 90350000	23
chr7	 91850000	 91200000	13
chr7	 92600000	 88950000	73
chr7	 93300000	 94000000	14
chr7	 94700000	 94700000	0
chr7	 95750000	 97500000	35
chr7	 98000000	 95100000	58
chr7	100500000	100950000	9
chr7	101150000	101850000	14
chr7	104300000	105050000	15
chr7	107250000	108450000	24
chr7	108100000	108400000	6
chr7	109950000	108450000	30
chr7	112650000	115350000	54
chr7	114150000	114850000	14
chr7	115250000	114450000	16
chr7	115950000	113300000	53
chr7	116950000	118900000	39
chr7	119900000	121000000	22
chr7	123000000	125050000	41
chr7	125550000	127250000	34
chr7	126900000	125700000	24
chr7	128200000	128900000	14
chr7	129750000	132150000	48
chr7	130050000	128750000	26
chr7	131300000	131050000	5
chr7	132350000	133200000	17
chr7	133500000	131250000	45
chr7	137650000	137150000	10
chr7	137850000	137650000	4
chr7	139900000	140950000	21
chr7	141900000	139150000	55
chr7	144650000	143000000	33
chr8	  4600000	  5700000	22
chr8	  4900000	  3750000	23
chr8	  6500000	  7050000	11
chr8	  8800000	 10200000	28
chr8	  9200000	  7800000	28
chr8	 10650000	 10100000	11
chr8	 14050000	 13350000	14
chr8	 17600000	 18200000	12
chr8	 21650000	 22350000	14
chr8	 22500000	 23450000	19
chr8	 22850000	 21850000	20
chr8	 25650000	 25650000	0
chr8	 26000000	 25450000	11
chr8	 31850000	 33200000	27
chr8	 34800000	 36200000	28
chr8	 38550000	 37800000	15
chr8	 38800000	 40750000	39
chr8	 40650000	 39100000	31
chr8	 42850000	 42550000	6
chr8	 46800000	 45750000	21
chr8	 47100000	 47400000	6
chr8	 48100000	 46550000	31
chr8	 49600000	 48050000	31
chr8	 49700000	 51100000	28
chr8	 49800000	 51200000	28
chr8	 51000000	 51950000	19
chr8	 54900000	 55300000	8
chr8	 57350000	 54900000	49
chr8	 60800000	 62100000	26
chr8	 62100000	 62600000	10
chr8	 64350000	 64850000	10
chr8	 64450000	 63550000	18
chr8	 64950000	 63500000	29
chr8	 71350000	 70500000	17
chr8	 77550000	 80350000	56
chr8	 78050000	 77550000	10
chr8	 79500000	 78950000	11
chr8	 80100000	 78250000	37
chr8	 83200000	 82600000	12
chr8	 83600000	 84300000	14
chr8	 84900000	 86800000	38
chr8	 85750000	 84000000	35
chr8	 89100000	 90250000	23
chr8	 89250000	 90350000	22
chr8	 89900000	 87650000	45
chr8	 92150000	 93050000	18
chr8	 92200000	 90350000	37
chr8	 92450000	 94100000	33
chr8	 92700000	 91850000	17
chr8	 96700000	 95350000	27
chr8	100300000	 99200000	22
chr8	100650000	 98750000	38
chr8	100750000	101350000	12
chr8	101100000	102750000	33
chr8	101950000	 99900000	41
chr8	103800000	101550000	45
chr8	108950000	108000000	19
chr8	109450000	108900000	11
chr8	112200000	110850000	27
chr8	118700000	116900000	36
chr8	119900000	122300000	48
chr8	124550000	123550000	20
chr8	129250000	128550000	14
chr9	  3550000	  3000000	11
chr9	  4700000	  5850000	23
chr9	  6550000	  5350000	24
chr9	  9700000	 10750000	21
chr9	  9900000	 10150000	5
chr9	 16550000	 15350000	24
chr9	 20150000	 20900000	15
chr9	 22850000	 23300000	9
chr9	 23500000	 22950000	11
chr9	 24350000	 23550000	16
chr9	 24700000	 23950000	15
chr9	 26950000	 26250000	14
chr9	 27150000	 28150000	20
chr9	 27700000	 27200000	10
chr9	 28350000	 29150000	16
chr9	 33400000	 35050000	33
chr9	 34600000	 34250000	7
chr9	 36500000	 38750000	45
chr9	 46750000	 47650000	18
chr9	 53650000	 54500000	17
chr9	 55450000	 58700000	65
chr9	 56950000	 56200000	15
chr9	 59250000	 58700000	11
chr9	 59800000	 57400000	48
chr9	 59950000	 60650000	14
chr9	 61400000	 60400000	20
chr9	 64800000	 63450000	27
chr9	 68150000	 67000000	23
chr9	 69300000	 66900000	48
chr9	 74350000	 73300000	21
chr9	 75600000	 76000000	8
chr9	 77400000	 78250000	17
chr9	 81900000	 83500000	32
chr9	 82600000	 83150000	11
chr9	 83050000	 83550000	10
chr9	 83250000	 82550000	14
chr9	 91050000	 89950000	22
chr9	 91200000	 92400000	24
chr9	 93500000	 93150000	7
chr9	 95350000	 94200000	23
chr9	 98300000	 97700000	12
chr9	 98350000	 99150000	16
chr9	 99400000	 97000000	48
chr9	 99650000	 99000000	13
chr9	102400000	104400000	40
chr9	106800000	105550000	25
chr9	110950000	108900000	41
chr9	113750000	114500000	15
chr9	114550000	113900000	13
chr9	116450000	118300000	37
chr9	118900000	117600000	26
chr9	121350000	122800000	29
chr9	121600000	121000000	12
chr9	121900000	120250000	33
chrX	  1150000	  1900000	15
chrX	  1550000	  2450000	18
chrX	  2000000	  2350000	7
chrX	  2000000	  3750000	35
chrX	  2400000	  2100000	6
chrX	  2450000	  2900000	9
chrX	  2950000	  2200000	15
chrX	  4950000	  4200000	15
chrX	  5450000	  6200000	15
chrX	  6050000	  6450000	8
chrX	  7100000	  6050000	21
chrX	 11350000	 11000000	7
chrX	 15350000	 13750000	32
chrX	 15550000	 14150000	28
chrX	 19050000	 17950000	22
chrX	 22650000	 21950000	14
chrX	 23450000	 24950000	30
chrX	 23700000	 23150000	11
chrX	 23950000	 23750000	4
chrX	 26050000	 27050000	20
chrX	 26650000	 25550000	22
chrX	 26800000	 26350000	9
chrX	 28400000	 29350000	19
chrX	 30550000	 31050000	10
chrX	 30550000	 32250000	34
chrX	 30650000	 29800000	17
chrX	 32550000	 34700000	43
chrX	 33000000	 33750000	15
chrX	 33700000	 32600000	22
chrX	 34650000	 34950000	6
chrX	 35700000	 36750000	21
chrX	 43600000	 42700000	18
chrX	 45550000	 46850000	26
chrX	 47950000	 45500000	49
chrX	 48100000	 48800000	14
chrX	 49900000	 48850000	21
chrX	 59150000	 58400000	15
chrX	 64750000	 64400000	7
chrX	 65850000	 66800000	19
chrX	 71150000	 69500000	33
chrX	 73950000	 71000000	59
chrX	 76750000	 77150000	8
chrX	 77450000	 78100000	13
chrX	 84150000	 86350000	44
chrX	 88400000	 89900000	30
chrX	 88600000	 88150000	9
chrX	 90200000	 92550000	47
chrX	 90350000	 90950000	12
chrX	 90650000	 89700000	19
chrX	 93150000	 92100000	21
chrX	 93350000	 90900000	49
chrX	 93350000	 93550000	4
chrX	 98250000	 97400000	17
chrX	103300000	103300000	0
chrX	105500000	102700000	56
chrX	109350000	108100000	25
chrX	115100000	114300000	16
chrX	119500000	118750000	15
chrX	122300000	123100000	16
chrX	126000000	127350000	27
chrX	126900000	125250000	33
chrX	127150000	127400000	5
chrX	129900000	130850000	19
chrX	132300000	131850000	9
chrX	132450000	134100000	33
chrX	133450000	132750000	14
chrX	134250000	133400000	17
chrX	137150000	137700000	11
chrX	137200000	136450000	15
chrX	139000000	137700000	26
chrX	141500000	139800000	34
chrX	142250000	141450000	16
chrX	142700000	142800000	2
chrX	143600000	143600000	0
chrX	144100000	144750000	13
chrX	144150000	142650000	30
chrX	144850000	143850000	20
chrX	145400000	143400000	40
chrX	145550000	147650000	42
chrX	146100000	146500000	8
chrX	146250000	149100000	57
chrX	149150000	147450000	34
chrX	150550000	152200000	33
chrX	155900000	154850000	21
chrX	160200000	160600000	8
chrX	160950000	159950000	20
chrX	162000000	160650000	27
chrX	166900000	167950000	21
chrX	167750000	168300000	11
chrX	167950000	168600000	13
chrX	168850000	170750000	38
chrY	  3550000	  4300000	15
chrY	  7950000	  6550000	28
chrY	  8650000	  9500000	17
chrY	  9450000	 10750000	26
chrY	  9900000	 12350000	49
chrY	 10000000	  9050000	19
chrY	 11650000	 12600000	19
chrY	 11900000	  9650000	45
chrY	 12350000	 13350000	20
chrY	 14000000	 15500000	30
chrY	 18200000	 16100000	42
chrY	 19600000	 21250000	33
chrY	 20350000	 19500000	17
chrY	 23000000	 20700000	46
chrY	 23000000	 24250000	25
chrY	 24350000	 23200000	23
chrY	 24850000	 24400000	9
chrY	 26500000	 25850000	13
chrY	 28850000	 29250000	8
chrY	 31100000	 28500000	52
chrY	 31400000	 30900000	10
chrY	 35350000	 34250000	22
chrY	 41850000	 42600000	15
chrY	 42250000	 41200000	21
chrY	 42650000	 43900000	25
chrY	 43750000	 42350000	28
chrY	 48050000	 49250000	24
chrY	 52500000	 53000000	10
chrY	 55950000	 55000000	19
chrY	 59150000	 58350000	16
chrY	 59200000	 59200000	0
chrY	 60650000	 59850000	16
chrY	 61750000	 62450000	14
chrY	 63350000	 64150000	16
chrY	 63450000	 64250000	16
chrY	 65900000	 62550000	67
chrY	 66200000	 67650000	29
chrY	 67050000	 65950000	22
chrY	 67850000	 68400000	11
chrY	 70200000	 69900000	6
chrY	 70650000	 69200000	29
chrY	 72550000	 73450000	18
chrY	 73150000	 72050000	22
chrY	 75700000	 78200000	50
chrY	 76550000	 75300000	25
chrY	 76950000	 78500000	31
chrY	 83750000	 85800000	41
chrY	 85950000	 86350000	8
