chr1	  4900000	  2650000	45
chr1	  5000000	  2800000	44
chr1	  6750000	  8600000	37
chr1	 11700000	 12750000	21
chr1	 12250000	 11700000	11
chr1	 14600000	 14200000	8
chr1	 19100000	 19800000	14
chr1	 21400000	 20650000	15
chr1	 22450000	 21100000	27
chr1	 26750000	 25600000	23
chr1	 28900000	 28250000	13
chr1	 32850000	 31950000	18
chr1	 33400000	 31850000	31
chr1	 35800000	 34850000	19
chr1	 36000000	 37900000	38
chr1	 36450000	 38350000	38
chr1	 37200000	 35850000	27
chr1	 40050000	 42800000	55
chr1	 47300000	 45650000	33
chr1	 49250000	 47950000	26
chr1	 51050000	 53900000	57
chr1	 52300000	 52800000	10
chr1	 52350000	 49900000	49
chr1	 55100000	 54350000	15
chr1	 57550000	 58200000	13
chr1	 57850000	 56950000	18
chr1	 60050000	 57250000	56
chr1	 60350000	 61550000	24
chr1	 64400000	 63100000	26
chr1	 64500000	 65150000	13
chr1	 67700000	 66300000	28
chr1	 68300000	 69100000	16
chr1	 72200000	 70950000	25
chr1	 72200000	 73900000	34
chr1	 72950000	 73500000	11
chr1	 77850000	 80100000	45
chr1	 78350000	 75300000	61
chr1	 79900000	 77700000	44
chr1	 85400000	 84200000	24
chr1	 88300000	 86700000	32
chr1	 88550000	 89350000	16
chr1	 90050000	 90950000	18
chr1	 93500000	 96050000	51
chr1	 94200000	 95450000	25
chr1	102850000	102650000	4
chr1	102950000	104300000	27
chr1	105150000	105950000	16
chr1	105400000	104950000	9
chr1	106000000	106800000	16
chr1	106600000	105350000	25
chr1	109750000	108750000	20
chr1	112600000	111350000	25
chr1	114250000	115100000	17
chr1	116050000	117700000	33
chr1	120250000	121250000	20
chr1	122200000	121650000	11
chr1	133300000	132300000	20
chr1	138550000	140850000	46
chr1	140650000	142050000	28
chr1	141550000	140800000	15
chr1	141800000	141000000	16
chr1	143400000	142900000	10
chr1	143950000	143450000	10
chr1	145750000	144700000	21
chr1	147250000	148400000	23
chr1	150500000	151300000	16
chr1	151750000	153800000	41
chr1	151950000	151050000	18
chr1	151950000	151500000	9
chr1	154200000	154750000	11
chr1	154350000	153350000	20
chr1	154600000	155850000	25
chr1	155950000	157300000	27
chr1	158750000	157750000	20
chr1	162700000	164550000	37
chr1	163350000	164100000	15
chr1	169050000	170600000	31
chr1	169400000	168250000	23
chr1	172900000	172000000	18
chr1	176150000	177650000	30
chr1	176300000	177600000	26
chr1	177700000	179350000	33
chr1	178450000	176700000	35
chr1	182700000	183400000	14
chr1	184550000	185150000	12
chr1	186400000	185650000	15
chr1	190100000	191500000	28
chr1	191150000	191900000	15
chr1	192800000	194350000	31
chr1	192850000	193450000	12
chr1	193600000	192650000	19
chr10	  6800000	  5550000	25
chr10	 10900000	 11200000	6
chr10	 12200000	 11250000	19
chr10	 15100000	 13000000	42
chr10	 18900000	 17250000	33
chr10	 23600000	 21850000	35
chr10	 25250000	 25800000	11
chr10	 25700000	 24600000	22
chr10	 27400000	 28850000	29
chr10	 29750000	 32150000	48
chr10	 36200000	 36200000	0
chr10	 42850000	 42150000	14
chr10	 43150000	 42250000	18
chr10	 45650000	 44150000	30
chr10	 46500000	 46900000	8
chr10	 47300000	 46900000	8
chr10	 50850000	 49700000	23
chr10	 53550000	 52550000	20
chr10	 54750000	 56150000	28
chr10	 58650000	 57850000	16
chr10	 64150000	 63350000	16
chr10	 64700000	 64000000	14
chr10	 69250000	 67900000	27
chr10	 70450000	 69000000	29
chr10	 71750000	 71100000	13
chr10	 72550000	 75350000	56
chr10	 73450000	 71600000	37
chr10	 79800000	 78650000	23
chr10	 80350000	 80900000	11
chr10	 84050000	 83100000	19
chr10	 84350000	 85650000	26
chr10	 85550000	 87200000	33
chr10	 91600000	 92400000	16
chr10	 92400000	 92950000	11
chr10	 93250000	 94950000	34
chr10	 96450000	 95850000	12
chr10	 96850000	 97300000	9
chr10	 97850000	 96600000	25
chr10	 99700000	 99200000	10
chr10	100150000	100950000	16
chr10	101400000	100400000	20
chr10	104600000	105400000	16
chr10	108350000	109250000	18
chr10	109400000	107700000	34
chr10	112350000	113500000	23
chr10	114000000	110750000	65
chr10	114050000	112600000	29
chr10	115600000	114450000	23
chr10	115750000	116650000	18
chr10	116000000	117050000	21
chr10	116200000	117350000	23
chr10	117150000	115650000	30
chr10	117250000	117700000	9
chr10	117450000	116450000	20
chr10	118500000	116600000	38
chr10	120250000	119400000	17
chr10	121450000	120750000	14
chr10	128450000	129100000	13
chr10	128900000	126950000	39
chr10	129100000	128250000	17
chr10	129750000	130500000	15
chr11	  1750000	  4100000	47
chr11	  2850000	   600000	45
chr11	  3500000	  2000000	30
chr11	  4000000	  4600000	12
chr11	  7550000	  7300000	5
chr11	  8400000	  4850000	71
chr11	  9150000	  8750000	8
chr11	 13400000	 12700000	14
chr11	 14650000	 15450000	16
chr11	 16450000	 15800000	13
chr11	 16850000	 18300000	29
chr11	 19050000	 19750000	14
chr11	 20250000	 21750000	30
chr11	 20250000	 21800000	31
chr11	 21800000	 23750000	39
chr11	 22250000	 21700000	11
chr11	 24700000	 22350000	47
chr11	 25750000	 27800000	41
chr11	 28200000	 29550000	27
chr11	 28550000	 29650000	22
chr11	 30750000	 30200000	11
chr11	 33600000	 33200000	8
chr11	 34850000	 37050000	44
chr11	 41200000	 42500000	26
chr11	 43050000	 44500000	29
chr11	 43700000	 44200000	10
chr11	 46700000	 42850000	77
chr11	 48200000	 48900000	14
chr11	 48550000	 49300000	15
chr11	 53950000	 52650000	26
chr11	 53950000	 52800000	23
chr11	 57800000	 56950000	17
chr11	 63750000	 64700000	19
chr11	 66000000	 65200000	16
chr11	 69300000	 67600000	34
chr11	 71850000	 72600000	15
chr11	 72050000	 71000000	21
chr11	 72200000	 71600000	12
chr11	 75000000	 76250000	25
chr11	 75150000	 74700000	9
chr11	 76550000	 75350000	24
chr11	 81500000	 80750000	15
chr11	 82000000	 82300000	6
chr11	 82700000	 82400000	6
chr11	 86150000	 86650000	10
chr11	 89350000	 90950000	32
chr11	 89750000	 90300000	11
chr11	 90600000	 90950000	7
chr11	 90950000	 91350000	8
chr11	 93950000	 92950000	20
chr11	 96950000	 94300000	53
chr11	 99500000	100750000	25
chr11	100650000	 99750000	18
chr11	100800000	 99050000	35
chr11	100900000	102500000	32
chr11	101050000	101800000	15
chr11	101100000	100600000	10
chr11	102300000	104750000	49
chr11	103250000	104350000	22
chr11	103700000	105400000	34
chr11	105500000	106150000	13
chr11	110350000	109600000	15
chr11	110350000	110600000	5
chr11	111700000	112550000	17
chr11	112350000	113150000	16
chr11	113150000	112750000	8
chr11	120750000	121500000	15
chr12	    50000	   400000	7
chr12	  5950000	  3250000	54
chr12	  7800000	  6600000	24
chr12	 10550000	 10850000	6
chr12	 18050000	 18800000	15
chr12	 22100000	 24050000	39
chr12	 22550000	 23550000	20
chr12	 25000000	 25400000	8
chr12	 32000000	 33050000	21
chr12	 32700000	 31950000	15
chr12	 33150000	 32550000	12
chr12	 34600000	 33700000	18
chr12	 35600000	 34400000	24
chr12	 36950000	 36500000	9
chr12	 43450000	 42100000	27
chr12	 48200000	 49100000	18
chr12	 48700000	 47400000	26
chr12	 50800000	 51500000	14
chr12	 51350000	 52400000	21
chr12	 52300000	 50850000	29
chr12	 54450000	 55150000	14
chr12	 55000000	 55650000	13
chr12	 55450000	 52900000	51
chr12	 57700000	 57400000	6
chr12	 60700000	 59550000	23
chr12	 61200000	 60250000	19
chr12	 65250000	 63700000	31
chr12	 66100000	 65400000	14
chr12	 67050000	 65250000	36
chr12	 71600000	 73400000	36
chr12	 74700000	 73050000	33
chr12	 77600000	 76550000	21
chr12	 82300000	 79550000	55
chr12	 84050000	 82850000	24
chr12	 84150000	 82800000	27
chr12	 86950000	 88550000	32
chr12	 92200000	 93250000	21
chr12	 92650000	 93200000	11
chr12	 93150000	 92600000	11
chr12	 94900000	 94250000	13
chr12	100050000	 99300000	15
chr12	103200000	100600000	52
chr12	107300000	108350000	21
chr12	109950000	112050000	42
chr12	112600000	110900000	34
chr12	113500000	116100000	52
chr12	115450000	114600000	17
chr12	115450000	114900000	11
chr12	116900000	117300000	8
chr12	117700000	118850000	23
chr13	        0	   450000	9
chr13	  2650000	  1850000	16
chr13	  2700000	  1600000	22
chr13	  3900000	  5100000	24
chr13	  4000000	  5200000	24
chr13	  7250000	  8550000	26
chr13	  7900000	  7100000	16
chr13	  8150000	  8900000	15
chr13	 16700000	 17650000	19
chr13	 18700000	 20600000	38
chr13	 18750000	 17350000	28
chr13	 20350000	 23350000	60
chr13	 23800000	 23800000	0
chr13	 24050000	 22000000	41
chr13	 24300000	 24500000	4
chr13	 26250000	 27000000	15
chr13	 26450000	 28100000	33
chr13	 28350000	 29600000	25
chr13	 29250000	 27600000	33
chr13	 30100000	 27950000	43
chr13	 34100000	 32550000	31
chr13	 35900000	 33900000	40
chr13	 36500000	 37400000	18
chr13	 37100000	 37900000	16
chr13	 37350000	 37050000	6
chr13	 45750000	 46900000	23
chr13	 47500000	 46400000	22
chr13	 48500000	 47500000	20
chr13	 55100000	 54350000	15
chr13	 58600000	 59450000	17
chr13	 64400000	 63700000	14
chr13	 66500000	 66850000	7
chr13	 66750000	 65350000	28
chr13	 66900000	 66250000	13
chr13	 67000000	 66250000	15
chr13	 67400000	 67950000	11
chr13	 68650000	 67850000	16
chr13	 70950000	 72550000	32
chr13	 71000000	 72200000	24
chr13	 74250000	 73550000	14
chr13	 75300000	 77000000	34
chr13	 75900000	 76700000	16
chr13	 76500000	 77300000	16
chr13	 77450000	 80300000	57
chr13	 79100000	 79950000	17
chr13	 79800000	 80950000	23
chr13	 80400000	 80850000	9
chr13	 83600000	 85850000	45
chr13	 84300000	 83150000	23
chr13	 86050000	 87150000	22
chr13	 88400000	 90000000	32
chr13	 90700000	 90250000	9
chr13	 91900000	 91150000	15
chr13	 92200000	 91200000	20
chr13	 97250000	 96150000	22
chr13	104050000	105000000	19
chr13	110850000	112050000	24
chr13	111900000	108000000	78
chr13	113450000	113750000	6
chr13	113600000	111400000	44
chr13	117500000	117150000	7
chr14	  6150000	  7900000	35
chr14	  7200000	  4800000	48
chr14	  8550000	  7850000	14
chr14	 10600000	 11200000	12
chr14	 12950000	 13600000	13
chr14	 13200000	 15100000	38
chr14	 14350000	 14350000	0
chr14	 15950000	 16150000	4
chr14	 16250000	 17350000	22
chr14	 16350000	 16050000	6
chr14	 18250000	 17550000	14
chr14	 19100000	 20300000	24
chr14	 19850000	 18950000	18
chr14	 22600000	 21550000	21
chr14	 23500000	 24800000	26
chr14	 26200000	 27000000	16
chr14	 26900000	 27400000	10
chr14	 28600000	 29700000	22
chr14	 32900000	 32150000	15
chr14	 33050000	 30650000	48
chr14	 35650000	 36700000	21
chr14	 39200000	 40100000	18
chr14	 40000000	 40900000	18
chr14	 40650000	 39150000	30
chr14	 42950000	 41650000	26
chr14	 45450000	 45200000	5
chr14	 49550000	 49300000	5
chr14	 51200000	 49750000	29
chr14	 51900000	 53900000	40
chr14	 52100000	 53400000	26
chr14	 53750000	 54450000	14
chr14	 57000000	 58050000	21
chr14	 60050000	 59750000	6
chr14	 60200000	 59200000	20
chr14	 62250000	 64650000	48
chr14	 63200000	 61300000	38
chr14	 64350000	 65600000	25
chr14	 64950000	 67050000	42
chr14	 65500000	 64500000	20
chr14	 66050000	 67000000	19
chr14	 67100000	 66650000	9
chr14	 70750000	 69050000	34
chr14	 72600000	 73050000	9
chr14	 74400000	 73550000	17
chr14	 76200000	 75400000	16
chr14	 77200000	 79150000	39
chr14	 77450000	 78400000	19
chr14	 85900000	 84100000	36
chr14	 86800000	 85750000	21
chr14	 86900000	 85800000	22
chr14	 93000000	 91950000	21
chr14	 94450000	 93200000	25
chr14	 95450000	 94150000	26
chr14	 96700000	 98000000	26
chr14	100800000	 99550000	25
chr14	101450000	100450000	20
chr14	103100000	104200000	22
chr14	111350000	113350000	40
chr14	112850000	113200000	7
chr14	113150000	115300000	43
chr14	114900000	114200000	14
chr14	115700000	116050000	7
chr14	118750000	118400000	7
chr14	119200000	119800000	12
chr14	120850000	122450000	32
chr14	121100000	122900000	36
chr15	   600000	  2050000	29
chr15	  2000000	  2450000	9
chr15	  8450000	 10850000	48
chr15	  8650000	  9550000	18
chr15	  9400000	  8600000	16
chr15	  9600000	  9050000	11
chr15	 11100000	 12650000	31
chr15	 19100000	 17800000	26
chr15	 20650000	 20050000	12
chr15	 23850000	 22400000	29
chr15	 24750000	 24300000	9
chr15	 26050000	 26750000	14
chr15	 27350000	 29050000	34
chr15	 27400000	 28450000	21
chr15	 28650000	 29850000	24
chr15	 30850000	 29500000	27
chr15	 33850000	 33050000	16
chr15	 35500000	 36100000	12
chr15	 36000000	 37600000	32
chr15	 37300000	 38400000	22
chr15	 37500000	 38250000	15
chr15	 37550000	 38250000	14
chr15	 37950000	 36850000	22
chr15	 41800000	 40550000	25
chr15	 41800000	 43750000	39
chr15	 46450000	 44500000	39
chr15	 51450000	 51950000	10
chr15	 52150000	 49650000	50
chr15	 55350000	 56800000	29
chr15	 56950000	 56050000	18
chr15	 57300000	 58700000	28
chr15	 60350000	 58500000	37
chr15	 62000000	 60900000	22
chr15	 65550000	 66200000	13
chr15	 72850000	 71950000	18
chr15	 73000000	 74550000	31
chr15	 73550000	 74100000	11
chr15	 73750000	 73300000	9
chr15	 73850000	 73350000	10
chr15	 75000000	 75350000	7
chr15	 76650000	 75900000	15
chr15	 77300000	 78350000	21
chr15	 77950000	 77350000	12
chr15	 82100000	 81400000	14
chr15	 82350000	 82750000	8
chr15	 82900000	 81250000	33
chr15	 87300000	 88850000	31
chr15	 88350000	 89950000	32
chr15	 91750000	 91750000	0
chr15	 91750000	 93550000	36
chr15	 92050000	 93750000	34
chr15	 95450000	 96900000	29
chr15	 95800000	 96850000	21
chr15	 96600000	 98300000	34
chr15	 97400000	 96700000	14
chr15	 99300000	 98350000	19
chr15	101200000	101950000	15
chr15	102250000	103850000	32
chr15	102550000	103100000	11
chr15	103050000	101850000	24
chr16	  3900000	  3000000	18
chr16	  4700000	  3550000	23
chr16	  8250000	  6650000	32
chr16	  9600000	 10500000	18
chr16	 12100000	 12700000	12
chr16	 12850000	 11550000	26
chr16	 12950000	 13850000	18
chr16	 13500000	 14100000	12
chr16	 18500000	 18900000	8
chr16	 20650000	 20050000	12
chr16	 21200000	 20600000	12
chr16	 21250000	 24950000	74
chr16	 23500000	 22600000	18
chr16	 23550000	 22700000	17
chr16	 23800000	 21700000	42
chr16	 25550000	 25200000	7
chr16	 27950000	 26350000	32
chr16	 28950000	 27750000	24
chr16	 30000000	 30350000	7
chr16	 30800000	 30000000	16
chr16	 30800000	 30600000	4
chr16	 31000000	 30800000	4
chr16	 32300000	 34200000	38
chr16	 33500000	 32950000	11
chr16	 34700000	 35550000	17
chr16	 34850000	 34650000	4
chr16	 34950000	 33850000	22
chr16	 37400000	 36950000	9
chr16	 37900000	 35900000	40
chr16	 46150000	 46700000	11
chr16	 55200000	 54550000	13
chr16	 56700000	 55650000	21
chr16	 62600000	 60000000	52
chr16	 67850000	 65500000	47
chr16	 67950000	 67200000	15
chr16	 68900000	 70900000	40
chr16	 69000000	 66450000	51
chr16	 76450000	 78250000	36
chr16	 79050000	 78050000	20
chr16	 81050000	 80500000	11
chr16	 85700000	 86500000	16
chr16	 86050000	 85650000	8
chr16	 87850000	 89250000	28
chr16	 89250000	 90500000	25
chr16	 94300000	 93400000	18
chr16	 95250000	 96650000	28
chr16	 95550000	 96700000	23
chr16	 97600000	 97100000	10
chr16	 97800000	 96400000	28
chr17	  3000000	  4000000	20
chr17	  3350000	  2150000	24
chr17	  4000000	  6100000	42
chr17	  4550000	  5900000	27
chr17	  7250000	  6400000	17
chr17	 15950000	 16500000	11
chr17	 17400000	 18100000	14
chr17	 23000000	 24350000	27
chr17	 23200000	 24050000	17
chr17	 23450000	 21200000	45
chr17	 23950000	 22450000	30
chr17	 24850000	 24500000	7
chr17	 26500000	 27400000	18
chr17	 29650000	 28400000	25
chr17	 29700000	 29000000	14
chr17	 31950000	 31500000	9
chr17	 34500000	 35050000	11
chr17	 35200000	 34350000	17
chr17	 37000000	 38000000	20
chr17	 39400000	 40450000	21
chr17	 42450000	 41850000	12
chr17	 43300000	 42150000	23
chr17	 43750000	 44300000	11
chr17	 45200000	 46100000	18
chr17	 46450000	 48400000	39
chr17	 50100000	 50800000	14
chr17	 53450000	 52950000	10
chr17	 55000000	 53550000	29
chr17	 55750000	 55550000	4
chr17	 57850000	 58500000	13
chr17	 59200000	 59800000	12
chr17	 59300000	 57200000	42
chr17	 59750000	 60850000	22
chr17	 60350000	 61400000	21
chr17	 60500000	 61350000	17
chr17	 63750000	 63300000	9
chr17	 68250000	 67050000	24
chr17	 69000000	 68200000	16
chr17	 69000000	 70200000	24
chr17	 69250000	 67500000	35
chr17	 70550000	 72200000	33
chr17	 73250000	 74750000	30
chr17	 73900000	 72550000	27
chr17	 76500000	 77400000	18
chr17	 77100000	 78600000	30
chr17	 78750000	 77400000	27
chr17	 79600000	 79950000	7
chr17	 81550000	 82400000	17
chr17	 81850000	 82750000	18
chr17	 85450000	 86100000	13
chr17	 86950000	 88200000	25
chr17	 88700000	 89950000	25
chr17	 91050000	 90250000	16
chr17	 91950000	 93250000	26
chr17	 92050000	 93700000	33
chr18	   300000	   950000	13
chr18	  1750000	  2500000	15
chr18	  2650000	  4400000	35
chr18	  2850000	  4900000	41
chr18	  4100000	  2800000	26
chr18	  7700000	  9300000	32
chr18	  9900000	  8950000	19
chr18	 10700000	  7550000	63
chr18	 12000000	 10900000	22
chr18	 18500000	 17450000	21
chr18	 19950000	 20250000	6
chr18	 22950000	 23650000	14
chr18	 26650000	 27500000	17
chr18	 26950000	 25050000	38
chr18	 27700000	 28300000	12
chr18	 29650000	 28550000	22
chr18	 31400000	 32100000	14
chr18	 31700000	 32400000	14
chr18	 33500000	 34350000	17
chr18	 34800000	 34200000	12
chr18	 36300000	 35700000	12
chr18	 38200000	 37350000	17
chr18	 39850000	 38850000	20
chr18	 43800000	 42400000	28
chr18	 48650000	 46950000	34
chr18	 48900000	 48100000	16
chr18	 52300000	 53800000	30
chr18	 52600000	 53350000	15
chr18	 53050000	 51950000	22
chr18	 54500000	 53350000	23
chr18	 54550000	 55500000	19
chr18	 55550000	 53850000	34
chr18	 57150000	 55750000	28
chr18	 59100000	 57900000	24
chr18	 59650000	 57700000	39
chr18	 60450000	 61250000	16
chr18	 60450000	 62450000	40
chr18	 60800000	 59700000	22
chr18	 61400000	 62150000	15
chr18	 62000000	 61100000	18
chr18	 67500000	 68450000	19
chr18	 67950000	 66600000	27
chr18	 69450000	 68550000	18
chr18	 72400000	 71350000	21
chr18	 74900000	 72700000	44
chr18	 75100000	 72200000	58
chr18	 77250000	 78600000	27
chr18	 80350000	 79850000	10
chr18	 81050000	 81750000	14
chr18	 81700000	 82950000	25
chr18	 84550000	 86550000	40
chr18	 85850000	 84200000	33
chr18	 85850000	 86500000	13
chr19	   850000	  1600000	15
chr19	  1650000	   500000	23
chr19	  2100000	  4350000	45
chr19	  3650000	  2000000	33
chr19	  4350000	  3500000	17
chr19	  5500000	  6050000	11
chr19	  6650000	  5350000	26
chr19	  6950000	  7900000	19
chr19	  7550000	  6000000	31
chr19	 10850000	  9100000	35
chr19	 11550000	 10800000	15
chr19	 16250000	 18100000	37
chr19	 20700000	 20300000	8
chr19	 23850000	 25600000	35
chr19	 24300000	 22450000	37
chr19	 24800000	 23450000	27
chr19	 28450000	 27800000	13
chr19	 28750000	 29750000	20
chr19	 28850000	 29300000	9
chr19	 29100000	 27300000	36
chr19	 29600000	 27900000	34
chr19	 30000000	 28650000	27
chr19	 34900000	 36000000	22
chr19	 35100000	 34100000	20
chr19	 35950000	 36600000	13
chr19	 45850000	 45050000	16
chr19	 48700000	 49400000	14
chr19	 50450000	 49450000	20
chr19	 50750000	 51400000	13
chr19	 53950000	 52600000	27
chr19	 54000000	 52900000	22
chr19	 54150000	 55150000	20
chr19	 55250000	 55750000	10
chr19	 55650000	 55050000	12
chr2	   900000	  1600000	14
chr2	  4700000	  3800000	18
chr2	  8650000	 10400000	35
chr2	 10300000	 10850000	11
chr2	 12400000	 11950000	9
chr2	 13200000	 14300000	22
chr2	 13700000	 14550000	17
chr2	 17700000	 18350000	13
chr2	 18250000	 17050000	24
chr2	 20100000	 19600000	10
chr2	 21800000	 21000000	16
chr2	 24150000	 23200000	19
chr2	 25550000	 25050000	10
chr2	 25750000	 25950000	4
chr2	 28800000	 28400000	8
chr2	 29750000	 30350000	12
chr2	 31600000	 30400000	24
chr2	 34550000	 33550000	20
chr2	 35350000	 35850000	10
chr2	 35600000	 36200000	12
chr2	 41800000	 44550000	55
chr2	 42100000	 43350000	25
chr2	 48450000	 48950000	10
chr2	 48450000	 49000000	11
chr2	 49550000	 50650000	22
chr2	 51800000	 52200000	8
chr2	 51900000	 50150000	35
chr2	 59000000	 58050000	19
chr2	 59000000	 58150000	17
chr2	 69150000	 68600000	11
chr2	 70200000	 71750000	31
chr2	 71550000	 72550000	20
chr2	 78550000	 79550000	20
chr2	 83100000	 82500000	12
chr2	 91650000	 90450000	24
chr2	 93650000	 93200000	9
chr2	 93800000	 95300000	30
chr2	 97650000	 96950000	14
chr2	 97950000	 98900000	19
chr2	 98750000	 98350000	8
chr2	 99100000	 99750000	13
chr2	103450000	104000000	11
chr2	105100000	104750000	7
chr2	105200000	106350000	23
chr2	106850000	107650000	16
chr2	108250000	107350000	18
chr2	109850000	110850000	20
chr2	111100000	109600000	30
chr2	111100000	111700000	12
chr2	111300000	110550000	15
chr2	112700000	113100000	8
chr2	114800000	116350000	31
chr2	119900000	121000000	22
chr2	120850000	119000000	37
chr2	126200000	124750000	29
chr2	126600000	125550000	21
chr2	127500000	126850000	13
chr2	130650000	132050000	28
chr2	132550000	134350000	36
chr2	133850000	132350000	30
chr2	134450000	135050000	12
chr2	135000000	136750000	35
chr2	136150000	135100000	21
chr2	145200000	146400000	24
chr2	148950000	147700000	25
chr2	150900000	149400000	30
chr2	152150000	152650000	10
chr2	154600000	152450000	43
chr2	158300000	159750000	29
chr2	159950000	160950000	20
chr2	163200000	162450000	15
chr2	174550000	175950000	28
chr2	174550000	176350000	36
chr2	179550000	181900000	47
chr3	  3650000	  1600000	41
chr3	  9050000	  7950000	22
chr3	  9350000	  8800000	11
chr3	 12000000	 12350000	7
chr3	 15950000	 15100000	17
chr3	 16550000	 15950000	12
chr3	 16850000	 15900000	19
chr3	 18000000	 15100000	58
chr3	 18700000	 16850000	37
chr3	 20850000	 19100000	35
chr3	 21150000	 23050000	38
chr3	 21350000	 22600000	25
chr3	 22300000	 21200000	22
chr3	 25450000	 27400000	39
chr3	 26000000	 27000000	20
chr3	 27950000	 28950000	20
chr3	 28900000	 30700000	36
chr3	 29200000	 28600000	12
chr3	 31350000	 32500000	23
chr3	 32750000	 33900000	23
chr3	 32800000	 33200000	8
chr3	 33200000	 32700000	10
chr3	 35450000	 33900000	31
chr3	 35950000	 35000000	19
chr3	 37800000	 38550000	15
chr3	 38500000	 37850000	13
chr3	 39550000	 39950000	8
chr3	 39950000	 41600000	33
chr3	 42750000	 43800000	21
chr3	 44150000	 44800000	13
chr3	 47050000	 47750000	14
chr3	 47850000	 46700000	23
chr3	 48900000	 48500000	8
chr3	 59500000	 58500000	20
chr3	 61450000	 63100000	33
chr3	 63950000	 63150000	16
chr3	 65750000	 66600000	17
chr3	 65800000	 65400000	8
chr3	 67300000	 65900000	28
chr3	 68800000	 68150000	13
chr3	 69100000	 66800000	46
chr3	 71850000	 69950000	38
chr3	 71900000	 72800000	18
chr3	 76150000	 78300000	43
chr3	 84050000	 84500000	9
chr3	 86400000	 84350000	41
chr3	 86950000	 85700000	25
chr3	 88850000	 89550000	14
chr3	 89050000	 90150000	22
chr3	 89200000	 87100000	42
chr3	 89450000	 87950000	30
chr3	 91250000	 90500000	15
chr3	 92150000	 91350000	16
chr3	 92150000	 94100000	39
chr3	 92600000	 90650000	39
chr3	 94750000	 94100000	13
chr3	 98750000	 98000000	15
chr3	 99500000	101000000	30
chr3	101850000	100950000	18
chr3	103300000	103900000	12
chr3	103450000	105700000	45
chr3	105250000	103600000	33
chr3	108000000	107150000	17
chr3	109150000	110450000	26
chr3	115000000	115700000	14
chr3	115050000	112250000	56
chr3	116700000	113100000	72
chr3	117200000	116200000	20
chr3	117400000	116150000	25
chr3	117650000	116250000	28
chr3	119400000	119800000	8
chr3	121850000	122900000	21
chr3	127650000	128800000	23
chr3	129400000	131300000	38
chr3	130600000	129250000	27
chr3	133650000	134600000	19
chr3	134300000	134800000	10
chr3	141050000	140400000	13
chr3	144300000	145350000	21
chr3	150050000	148900000	23
chr3	152900000	152900000	0
chr3	153100000	154450000	27
chr3	153550000	151400000	43
chr3	155400000	155000000	8
chr3	157050000	156650000	8
chr3	157700000	156250000	29
chr3	157750000	158300000	11
chr4	  4300000	  5750000	29
chr4	  4600000	  5100000	10
chr4	  4700000	  3400000	26
chr4	  6250000	  7250000	20
chr4	 12150000	 11300000	17
chr4	 14500000	 13550000	19
chr4	 15300000	 14050000	25
chr4	 18050000	 17100000	19
chr4	 19150000	 20200000	21
chr4	 20000000	 21150000	23
chr4	 20400000	 19400000	20
chr4	 21400000	 22950000	31
chr4	 22000000	 23000000	20
chr4	 27450000	 26850000	12
chr4	 29000000	 30150000	23
chr4	 37650000	 36600000	21
chr4	 40950000	 39350000	32
chr4	 41250000	 41550000	6
chr4	 41550000	 40850000	14
chr4	 47600000	 49650000	41
chr4	 48700000	 47800000	18
chr4	 50750000	 49550000	24
chr4	 51350000	 50500000	17
chr4	 52150000	 53450000	26
chr4	 57550000	 56100000	29
chr4	 58000000	 55050000	59
chr4	 58000000	 56300000	34
chr4	 65000000	 67300000	46
chr4	 65200000	 68850000	73
chr4	 65850000	 66750000	18
chr4	 66600000	 67500000	18
chr4	 68050000	 69000000	19
chr4	 68800000	 65450000	67
chr4	 72500000	 72900000	8
chr4	 76900000	 77800000	18
chr4	 78550000	 80150000	32
chr4	 79200000	 78950000	5
chr4	 79300000	 78950000	7
chr4	 79700000	 80850000	23
chr4	 81100000	 78350000	55
chr4	 82000000	 81150000	17
chr4	 82650000	 81450000	24
chr4	 83550000	 82800000	15
chr4	 87000000	 85750000	25
chr4	 88950000	 88350000	12
chr4	 90950000	 88900000	41
chr4	 91900000	 90200000	34
chr4	 95350000	 96150000	16
chr4	 95650000	 93600000	41
chr4	 98300000	 99700000	28
chr4	 99050000	 96550000	50
chr4	102700000	101700000	20
chr4	105200000	105750000	11
chr4	106350000	107400000	21
chr4	107750000	109700000	39
chr4	108150000	110150000	40
chr4	108350000	109200000	17
chr4	108600000	110850000	45
chr4	109500000	110750000	25
chr4	111350000	112150000	16
chr4	115200000	115650000	9
chr4	115350000	115800000	9
chr4	117400000	120750000	67
chr4	117450000	118200000	15
chr4	120200000	119250000	19
chr4	120300000	119650000	13
chr4	124450000	122400000	41
chr4	126200000	126200000	0
chr4	126300000	125400000	18
chr4	127050000	129500000	49
chr4	127900000	126350000	31
chr4	129000000	126350000	53
chr4	136250000	135750000	10
chr4	137750000	137100000	13
chr4	138400000	137750000	13
chr4	139100000	140700000	32
chr4	140650000	138950000	34
chr4	143050000	142100000	19
chr4	147050000	148500000	29
chr4	148100000	147300000	16
chr4	150850000	150850000	0
chr4	151000000	150250000	15
chr4	152350000	154100000	35
chr4	153450000	152450000	20
chr4	153500000	152850000	13
chr5	    50000	  1600000	31
chr5	  1150000	  2600000	29
chr5	  5250000	  4750000	10
chr5	  6200000	  4550000	33
chr5	  6650000	  5600000	21
chr5	  7050000	  7750000	14
chr5	  7200000	  7700000	10
chr5	  7400000	 10300000	58
chr5	 10250000	 11700000	29
chr5	 12350000	 12950000	12
chr5	 17900000	 16550000	27
chr5	 19150000	 19800000	13
chr5	 19400000	 20850000	29
chr5	 26500000	 26900000	8
chr5	 30100000	 31350000	25
chr5	 33250000	 34800000	31
chr5	 35000000	 33250000	35
chr5	 35800000	 34500000	26
chr5	 36650000	 36150000	10
chr5	 37800000	 38800000	20
chr5	 37950000	 36100000	37
chr5	 38000000	 36600000	28
chr5	 39200000	 37450000	35
chr5	 41150000	 39750000	28
chr5	 41400000	 39850000	31
chr5	 42350000	 41900000	9
chr5	 43500000	 42900000	12
chr5	 45200000	 45550000	7
chr5	 45300000	 42050000	65
chr5	 46150000	 47700000	31
chr5	 46350000	 43050000	66
chr5	 46850000	 46600000	5
chr5	 47850000	 48550000	14
chr5	 51550000	 49650000	38
chr5	 53100000	 52600000	10
chr5	 55850000	 56850000	20
chr5	 57750000	 58350000	12
chr5	 62550000	 60100000	49
chr5	 65050000	 63750000	26
chr5	 67800000	 65100000	54
chr5	 68300000	 71000000	54
chr5	 69150000	 67850000	26
chr5	 70950000	 72100000	23
chr5	 71400000	 73200000	36
chr5	 72850000	 72350000	10
chr5	 73800000	 72200000	32
chr5	 75550000	 75000000	11
chr5	 76400000	 77150000	15
chr5	 79150000	 77400000	35
chr5	 79750000	 80900000	23
chr5	 82550000	 83600000	21
chr5	 83500000	 84100000	12
chr5	 84150000	 84550000	8
chr5	 85500000	 84800000	14
chr5	 86250000	 88550000	46
chr5	 86400000	 85050000	27
chr5	 92000000	 92800000	16
chr5	 92900000	 94300000	28
chr5	 93100000	 93700000	12
chr5	 94400000	 93900000	10
chr5	100550000	101600000	21
chr5	101650000	102850000	24
chr5	102000000	103850000	37
chr5	102250000	102550000	6
chr5	104700000	105200000	10
chr5	109700000	109200000	10
chr5	111750000	112650000	18
chr5	114750000	114000000	15
chr5	119250000	119700000	9
chr5	119950000	119050000	18
chr5	122750000	122150000	12
chr5	123700000	125650000	39
chr5	123750000	124600000	17
chr5	124100000	123550000	11
chr5	124300000	123000000	26
chr5	130500000	129500000	20
chr5	140300000	139350000	19
chr5	140400000	141200000	16
chr5	142850000	141400000	29
chr5	143850000	143050000	16
chr5	145700000	144600000	22
chr5	145750000	146850000	22
chr5	146400000	147150000	15
chr5	147300000	149050000	35
chr5	149100000	147250000	37
chr5	149100000	148500000	12
chr6	   750000	   400000	7
chr6	   850000	  1450000	12
chr6	  1200000	  2500000	26
chr6	  3100000	  1800000	26
chr6	  8200000	  7000000	24
chr6	 12550000	 13050000	10
chr6	 12950000	 14450000	30
chr6	 14100000	 14750000	13
chr6	 16400000	 18100000	34
chr6	 21150000	 21800000	13
chr6	 23900000	 22750000	23
chr6	 24600000	 25950000	27
chr6	 24850000	 27150000	46
chr6	 28400000	 28800000	8
chr6	 31050000	 31750000	14
chr6	 35100000	 35750000	13
chr6	 35300000	 33150000	43
chr6	 35700000	 36550000	17
chr6	 39100000	 37600000	30
chr6	 47100000	 46550000	11
chr6	 48300000	 46850000	29
chr6	 53850000	 58450000	92
chr6	 57400000	 58250000	17
chr6	 57950000	 58800000	17
chr6	 60600000	 61050000	9
chr6	 61200000	 62400000	24
chr6	 64450000	 63300000	23
chr6	 64700000	 65250000	11
chr6	 65350000	 65900000	11
chr6	 68000000	 67200000	16
chr6	 70250000	 69450000	16
chr6	 74300000	 75250000	19
chr6	 75550000	 75000000	11
chr6	 77550000	 78350000	16
chr6	 79500000	 78600000	18
chr6	 80850000	 79650000	24
chr6	 81200000	 81950000	15
chr6	 81700000	 82350000	13
chr6	 85200000	 86050000	17
chr6	 85300000	 84250000	21
chr6	 86450000	 85950000	10
chr6	 87200000	 87750000	11
chr6	 90200000	 89100000	22
chr6	 90300000	 89650000	13
chr6	 90550000	 90250000	6
chr6	 92450000	 90950000	30
chr6	 93550000	 94100000	11
chr6	102550000	103850000	26
chr6	104900000	103550000	27
chr6	105750000	106450000	14
chr6	110550000	108200000	47
chr6	113850000	115550000	34
chr6	114800000	116550000	35
chr6	115250000	112750000	50
chr6	115700000	116600000	18
chr6	120100000	121100000	20
chr6	121600000	119750000	37
chr6	121700000	122550000	17
chr6	122200000	119700000	50
chr6	137700000	138400000	14
chr6	139400000	138450000	19
chr6	140750000	139400000	27
chr6	142650000	143800000	23
chr6	143500000	143800000	6
chr6	147100000	145300000	36
chr6	147250000	145550000	34
chr6	147750000	148400000	13
chr6	148900000	147150000	35
chr7	  2050000	  1100000	19
chr7	  3250000	  4350000	22
chr7	  7650000	  8300000	13
chr7	 10300000	  9850000	9
chr7	 13550000	 14050000	10
chr7	 14200000	 16700000	50
chr7	 17050000	 15750000	26
chr7	 18300000	 20750000	49
chr7	 19150000	 18700000	9
chr7	 19200000	 20450000	25
chr7	 20750000	 19150000	32
chr7	 24050000	 24700000	13
chr7	 24350000	 25700000	27
chr7	 25400000	 24600000	16
chr7	 27100000	 27950000	17
chr7	 28450000	 29050000	12
chr7	 28750000	 27450000	26
chr7	 28900000	 26500000	48
chr7	 31050000	 32250000	24
chr7	 33300000	 34150000	17
chr7	 36300000	 35500000	16
chr7	 36850000	 36550000	6
chr7	 39050000	 38350000	14
chr7	 41200000	 41750000	11
chr7	 41500000	 39850000	33
chr7	 41900000	 40500000	28
chr7	 43600000	 45050000	29
chr7	 46400000	 45300000	22
chr7	 47150000	 48250000	22
chr7	 47200000	 45600000	32
chr7	 48100000	 49500000	28
chr7	 49700000	 48400000	26
chr7	 50800000	 53000000	44
chr7	 51700000	 51950000	5
chr7	 53400000	 55200000	36
chr7	 60600000	 63550000	59
chr7	 60800000	 58400000	48
chr7	 62750000	 65400000	53
chr7	 63100000	 61800000	26
chr7	 65050000	 65700000	13
chr7	 65500000	 63850000	33
chr7	 65750000	 65000000	15
chr7	 67250000	 68950000	34
chr7	 71250000	 72050000	16
chr7	 74500000	 75850000	27
chr7	 76600000	 75500000	22
chr7	 77200000	 76500000	14
chr7	 77200000	 77650000	9
chr7	 77350000	 76050000	26
chr7	 78800000	 78250000	11
chr7	 79350000	 78700000	13
chr7	 81250000	 80800000	9
chr7	 81400000	 80500000	18
chr7	 82400000	 83450000	21
chr7	 84000000	 83300000	14
chr7	 85600000	 85100000	10
chr7	 85600000	 86650000	21
chr7	 87500000	 89300000	36
chr7	 89200000	 89650000	9
chr7	 99250000	100400000	23
chr7	100100000	 99450000	13
chr7	101000000	100150000	17
chr7	101400000	102450000	21
chr7	103450000	103200000	5
chr7	107550000	107000000	11
chr7	109450000	112950000	70
chr7	109950000	111400000	29
chr7	110650000	111750000	22
chr7	110700000	111900000	24
chr7	110750000	112250000	30
chr7	111200000	111750000	11
chr7	111650000	112700000	21
chr7	112700000	114350000	33
chr7	114200000	113200000	20
chr7	115050000	116450000	28
chr7	115150000	114800000	7
chr7	115850000	115500000	7
chr7	116650000	114800000	37
chr7	118050000	118750000	14
chr7	118350000	119350000	20
chr7	120500000	121650000	23
chr7	127200000	128300000	22
chr7	132950000	131150000	36
chr7	134150000	136100000	39
chr7	134850000	133600000	25
chr7	139150000	139950000	16
chr7	140500000	141350000	17
chr7	140800000	141050000	5
chr7	141800000	141300000	10
chr7	144750000	144100000	13
chr8	  1300000	  2400000	22
chr8	  2900000	  3800000	18
chr8	  4100000	  5100000	20
chr8	  4650000	  5400000	15
chr8	  7000000	  6100000	18
chr8	  8900000	 13550000	93
chr8	  9100000	  6500000	52
chr8	 12500000	 12100000	8
chr8	 20400000	 22500000	42
chr8	 20500000	 21250000	15
chr8	 21000000	 20550000	9
chr8	 21750000	 20500000	25
chr8	 28200000	 25950000	45
chr8	 28750000	 30200000	29
chr8	 29650000	 30400000	15
chr8	 31900000	 30700000	24
chr8	 34850000	 34150000	14
chr8	 37300000	 36850000	9
chr8	 37450000	 38300000	17
chr8	 38400000	 39950000	31
chr8	 42400000	 41800000	12
chr8	 46500000	 46200000	6
chr8	 47000000	 45850000	23
chr8	 47650000	 47300000	7
chr8	 49950000	 49300000	13
chr8	 50600000	 48850000	35
chr8	 55050000	 56000000	19
chr8	 56650000	 59750000	62
chr8	 57250000	 58100000	17
chr8	 57250000	 58500000	25
chr8	 57250000	 58550000	26
chr8	 59200000	 60450000	25
chr8	 59650000	 60450000	16
chr8	 66350000	 66650000	6
chr8	 71850000	 73150000	26
chr8	 72250000	 71150000	22
chr8	 75950000	 76550000	12
chr8	 78750000	 77550000	24
chr8	 80100000	 80450000	7
chr8	 81250000	 79900000	27
chr8	 83600000	 84450000	17
chr8	 84300000	 84700000	8
chr8	 84700000	 85050000	7
chr8	 88800000	 89700000	18
chr8	 88850000	 87100000	35
chr8	 96000000	 94500000	30
chr8	 98950000	 99900000	19
chr8	102950000	101850000	22
chr8	112300000	113800000	30
chr8	115900000	115400000	10
chr8	119550000	122050000	50
chr8	121950000	121050000	18
chr9	  1950000	  1100000	17
chr9	  3050000	  2050000	20
chr9	  5300000	  3600000	34
chr9	  8750000	 10600000	37
chr9	 10550000	 12200000	33
chr9	 12700000	 14600000	38
chr9	 13550000	 14950000	28
chr9	 16550000	 14500000	41
chr9	 19050000	 18200000	17
chr9	 20900000	 22100000	24
chr9	 21200000	 22250000	21
chr9	 26850000	 27700000	17
chr9	 28800000	 27300000	30
chr9	 30400000	 28600000	36
chr9	 32000000	 32700000	14
chr9	 33500000	 34150000	13
chr9	 35350000	 34950000	8
chr9	 36850000	 35200000	33
chr9	 38350000	 37250000	22
chr9	 39100000	 40050000	19
chr9	 39350000	 40300000	19
chr9	 41950000	 43000000	21
chr9	 43200000	 41850000	27
chr9	 43800000	 42350000	29
chr9	 45500000	 44950000	11
chr9	 46000000	 47100000	22
chr9	 47650000	 48250000	12
chr9	 48800000	 48100000	14
chr9	 49850000	 51250000	28
chr9	 49900000	 48450000	29
chr9	 50950000	 52650000	34
chr9	 52550000	 51150000	28
chr9	 59250000	 60650000	28
chr9	 60650000	 59450000	24
chr9	 63750000	 62350000	28
chr9	 67900000	 68600000	14
chr9	 70950000	 71250000	6
chr9	 73200000	 75000000	36
chr9	 74750000	 73500000	25
chr9	 76000000	 76550000	11
chr9	 78600000	 76400000	44
chr9	 78600000	 77650000	19
chr9	 81450000	 82300000	17
chr9	 84050000	 85150000	22
chr9	 89200000	 90300000	22
chr9	 89500000	 89000000	10
chr9	 91750000	 90800000	19
chr9	 92850000	 92250000	12
chr9	 92900000	 93600000	14
chr9	 93300000	 92200000	22
chr9	 93400000	 93950000	11
chr9	 94050000	 94550000	10
chr9	 98700000	 96500000	44
chr9	101550000	101900000	7
chr9	104850000	104850000	0
chr9	106350000	106950000	12
chr9	106650000	103950000	54
chr9	109050000	110200000	23
chr9	110000000	111350000	27
chr9	113300000	114150000	17
chr9	115000000	115750000	15
chr9	120650000	121850000	24
chr9	120850000	122100000	25
chr9	123650000	123050000	12
chrX	  5400000	  4650000	15
chrX	  5450000	  4650000	16
chrX	  7300000	  5900000	28
chrX	  9650000	 10500000	17
chrX	 10500000	 10200000	6
chrX	 12050000	 12750000	14
chrX	 12600000	 11150000	29
chrX	 14500000	 15700000	24
chrX	 14850000	 15600000	15
chrX	 15550000	 16050000	10
chrX	 16700000	 17150000	9
chrX	 18150000	 17650000	10
chrX	 20900000	 20250000	13
chrX	 22600000	 21250000	27
chrX	 29650000	 28700000	19
chrX	 31250000	 32650000	28
chrX	 32850000	 33900000	21
chrX	 32900000	 31950000	19
chrX	 34150000	 33200000	19
chrX	 34800000	 36400000	32
chrX	 35100000	 30550000	91
chrX	 36500000	 39500000	60
chrX	 36900000	 37800000	18
chrX	 37500000	 36500000	20
chrX	 38650000	 38800000	3
chrX	 42300000	 40450000	37
chrX	 43400000	 42550000	17
chrX	 44550000	 45900000	27
chrX	 45300000	 47450000	43
chrX	 46300000	 45800000	10
chrX	 50900000	 49700000	24
chrX	 57000000	 56400000	12
chrX	 61150000	 60900000	5
chrX	 65250000	 67250000	40
chrX	 66700000	 67700000	20
chrX	 67550000	 70950000	68
chrX	 67800000	 68350000	11
chrX	 69900000	 66150000	75
chrX	 71750000	 69900000	37
chrX	 75150000	 76300000	23
chrX	 75850000	 75850000	0
chrX	 84000000	 83150000	17
chrX	 84250000	 83500000	15
chrX	 87350000	 88500000	23
chrX	 90700000	 92250000	31
chrX	 92000000	 94100000	42
chrX	 95000000	 96550000	31
chrX	 97650000	 95850000	36
chrX	104400000	103600000	16
chrX	104700000	105250000	11
chrX	106000000	108000000	40
chrX	106150000	107550000	28
chrX	106600000	105100000	30
chrX	109850000	111500000	33
chrX	110550000	109200000	27
chrX	110900000	112050000	23
chrX	112600000	113300000	14
chrX	115100000	114800000	6
chrX	115550000	119050000	70
chrX	118150000	119400000	25
chrX	121550000	118600000	59
chrX	123150000	122450000	14
chrX	123700000	123050000	13
chrX	125150000	124750000	8
chrX	125150000	126400000	25
chrX	129950000	128150000	36
chrX	131950000	133150000	24
chrX	133200000	134800000	32
chrX	142550000	141650000	18
chrX	144150000	145300000	23
chrX	145050000	147350000	46
chrX	148400000	146700000	34
chrX	150200000	151750000	31
chrX	150400000	152050000	33
chrX	151850000	153900000	41
chrX	152750000	151750000	20
chrX	153950000	152050000	38
chrX	157800000	156750000	21
chrX	159700000	159050000	13
chrX	162550000	161050000	30
chrX	162600000	161650000	19
chrX	164300000	165450000	23
chrY	  3750000	  2950000	16
chrY	  7500000	  8350000	17
chrY	  7650000	  7300000	7
chrY	  9050000	  9750000	14
chrY	 12250000	 13200000	19
chrY	 13550000	 13900000	7
chrY	 17350000	 18100000	15
chrY	 19650000	 19000000	13
chrY	 20650000	 21250000	12
chrY	 21850000	 19850000	40
chrY	 24750000	 23550000	24
chrY	 26150000	 25450000	14
chrY	 26300000	 27150000	17
chrY	 26750000	 25700000	21
chrY	 30450000	 29700000	15
chrY	 33650000	 35050000	28
chrY	 34200000	 35000000	16
chrY	 34950000	 34050000	18
chrY	 37450000	 39200000	35
chrY	 38250000	 36850000	28
chrY	 42600000	 43100000	10
chrY	 44050000	 43050000	20
chrY	 46700000	 47750000	21
chrY	 48550000	 49950000	28
chrY	 49950000	 50050000	2
chrY	 51700000	 52850000	23
chrY	 51800000	 52400000	12
chrY	 57500000	 58500000	20
chrY	 58750000	 58750000	0
chrY	 59100000	 58650000	9
chrY	 59100000	 60400000	26
chrY	 61700000	 60500000	24
chrY	 62350000	 59150000	64
chrY	 66700000	 68150000	29
chrY	 71000000	 68450000	51
chrY	 73100000	 74100000	20
chrY	 75400000	 74800000	12
chrY	 75950000	 77050000	22
chrY	 76400000	 75450000	19
chrY	 79500000	 77500000	40
chrY	 79850000	 79700000	3
chrY	 80450000	 81700000	25
chrY	 81650000	 83300000	33
chrY	 82800000	 82800000	0
chrY	 83300000	 82300000	20
chrY	 83300000	 86100000	56
chrY	 84300000	 85400000	22
chrY	 86150000	 87900000	35
chrY	 90500000	 91300000	16
