chr1	   350000	  2150000	36
chr1	  1300000	   250000	21
chr1	  1300000	  2150000	17
chr1	  5450000	  4350000	22
chr1	  5650000	  7150000	30
chr1	  7900000	  8650000	15
chr1	 11100000	  9050000	41
chr1	 12000000	 14550000	51
chr1	 12950000	 13850000	18
chr1	 13200000	 14250000	21
chr1	 19450000	 17250000	44
chr1	 19700000	 20750000	21
chr1	 22000000	 22650000	13
chr1	 28000000	 28500000	10
chr1	 29850000	 30350000	10
chr1	 36000000	 34900000	22
chr1	 36300000	 34750000	31
chr1	 38700000	 37300000	28
chr1	 39900000	 40700000	16
chr1	 41650000	 40250000	28
chr1	 43850000	 46450000	52
chr1	 44200000	 45350000	23
chr1	 45100000	 46700000	32
chr1	 47150000	 44750000	48
chr1	 49650000	 48400000	25
chr1	 50200000	 50650000	9
chr1	 50800000	 49900000	18
chr1	 51700000	 52100000	8
chr1	 53450000	 53800000	7
chr1	 53650000	 53450000	4
chr1	 55700000	 56150000	9
chr1	 57100000	 56350000	15
chr1	 58900000	 57150000	35
chr1	 66550000	 64500000	41
chr1	 68550000	 69550000	20
chr1	 70500000	 72000000	30
chr1	 71950000	 73250000	26
chr1	 72300000	 72650000	7
chr1	 75000000	 75300000	6
chr1	 76000000	 74600000	28
chr1	 78950000	 77200000	35
chr1	 80750000	 81550000	16
chr1	 82200000	 81200000	20
chr1	 83800000	 83200000	12
chr1	 86150000	 86950000	16
chr1	 86850000	 88400000	31
chr1	 87900000	 89200000	26
chr1	 90550000	 89950000	12
chr1	 90950000	 90200000	15
chr1	 92300000	 93000000	14
chr1	 93100000	 95600000	50
chr1	 94600000	 96000000	28
chr1	 97250000	 96150000	22
chr1	 98850000	 96750000	42
chr1	 99150000	 98500000	13
chr1	 99650000	100350000	14
chr1	102650000	100550000	42
chr1	102850000	104000000	23
chr1	103850000	107350000	70
chr1	116050000	119800000	75
chr1	116850000	117650000	16
chr1	117150000	115500000	33
chr1	117750000	116250000	30
chr1	118050000	119800000	35
chr1	122300000	124050000	35
chr1	122550000	123250000	14
chr1	122650000	123700000	21
chr1	122900000	124150000	25
chr1	125150000	127050000	38
chr1	129000000	128500000	10
chr1	130100000	131700000	32
chr1	130400000	131700000	26
chr1	131400000	132400000	20
chr1	133450000	135250000	36
chr1	134950000	134750000	4
chr1	137150000	138250000	22
chr1	140850000	141700000	17
chr1	141700000	141700000	0
chr1	141800000	142350000	11
chr1	144150000	143250000	18
chr1	147500000	145800000	34
chr1	150000000	149350000	13
chr1	153800000	155050000	25
chr1	153900000	152800000	22
chr1	156100000	157150000	21
chr1	158400000	159300000	18
chr1	159500000	160700000	24
chr1	160250000	158900000	27
chr1	160300000	160300000	0
chr1	162500000	164500000	40
chr1	166400000	165000000	28
chr1	170450000	171950000	30
chr1	173400000	175050000	33
chr1	177200000	175000000	44
chr1	178900000	179100000	4
chr1	181250000	180850000	8
chr1	181850000	180900000	19
chr1	181950000	180700000	25
chr1	185850000	187100000	25
chr1	186550000	186900000	7
chr1	189850000	188500000	27
chr1	190450000	191350000	18
chr1	192900000	194250000	27
chr1	195200000	192500000	54
chr10	   200000	   950000	15
chr10	  4650000	  3350000	26
chr10	  6450000	  8850000	48
chr10	  8350000	  9150000	16
chr10	 10750000	 11900000	23
chr10	 11200000	 13150000	39
chr10	 13650000	 15700000	41
chr10	 14300000	 13550000	15
chr10	 14350000	 15550000	24
chr10	 16100000	 15200000	18
chr10	 18750000	 18450000	6
chr10	 19200000	 17800000	28
chr10	 22750000	 20700000	41
chr10	 22950000	 20250000	54
chr10	 24950000	 26100000	23
chr10	 26850000	 26050000	16
chr10	 27150000	 26250000	18
chr10	 29000000	 30350000	27
chr10	 30700000	 29450000	25
chr10	 31000000	 33200000	44
chr10	 33650000	 31400000	45
chr10	 34250000	 35350000	22
chr10	 35150000	 34250000	18
chr10	 36900000	 37650000	15
chr10	 38950000	 40550000	32
chr10	 39500000	 38000000	30
chr10	 41000000	 38550000	49
chr10	 43400000	 44750000	27
chr10	 44100000	 43400000	14
chr10	 47150000	 47850000	14
chr10	 47800000	 47100000	14
chr10	 54450000	 53000000	29
chr10	 55500000	 54000000	30
chr10	 57950000	 59400000	29
chr10	 64100000	 62800000	26
chr10	 64500000	 63000000	30
chr10	 64900000	 63600000	26
chr10	 65500000	 66650000	23
chr10	 65500000	 66950000	29
chr10	 68050000	 69050000	20
chr10	 70150000	 70850000	14
chr10	 73000000	 74550000	31
chr10	 73100000	 72600000	10
chr10	 73400000	 72650000	15
chr10	 73850000	 75700000	37
chr10	 74750000	 72750000	40
chr10	 80800000	 78900000	38
chr10	 81400000	 80450000	19
chr10	 82450000	 84050000	32
chr10	 83750000	 87100000	67
chr10	 85550000	 82400000	63
chr10	 85800000	 84650000	23
chr10	 94250000	 94000000	5
chr10	 94650000	 93100000	31
chr10	 95000000	 94500000	10
chr10	 95700000	 96350000	13
chr10	 98050000	 96950000	22
chr10	 98200000	 96450000	35
chr10	 99250000	100850000	32
chr10	 99750000	 99050000	14
chr10	100750000	101400000	13
chr10	100800000	 99400000	28
chr10	103650000	104150000	10
chr10	104000000	104700000	14
chr10	104450000	103300000	23
chr10	105300000	106400000	22
chr10	105800000	107750000	39
chr10	106050000	106750000	14
chr10	106400000	108300000	38
chr10	106550000	105400000	23
chr10	108600000	107900000	14
chr10	109150000	109900000	15
chr10	111550000	111150000	8
chr10	111650000	110850000	16
chr10	112150000	111450000	14
chr10	117100000	117650000	11
chr10	119900000	119150000	15
chr11	  3700000	  4650000	19
chr11	  5900000	  4550000	27
chr11	  6100000	  7950000	37
chr11	  8600000	  9000000	8
chr11	 12300000	 12750000	9
chr11	 12750000	 11600000	23
chr11	 13500000	 12900000	12
chr11	 18350000	 17350000	20
chr11	 20250000	 19250000	20
chr11	 23550000	 22050000	30
chr11	 23900000	 24750000	17
chr11	 24550000	 21850000	54
chr11	 26650000	 27150000	10
chr11	 29450000	 28750000	14
chr11	 30650000	 30000000	13
chr11	 31250000	 32100000	17
chr11	 35050000	 33300000	35
chr11	 36800000	 37400000	12
chr11	 38200000	 39150000	19
chr11	 38900000	 39650000	15
chr11	 39350000	 40250000	18
chr11	 39700000	 39050000	13
chr11	 40350000	 41750000	28
chr11	 41950000	 42250000	6
chr11	 43100000	 41450000	33
chr11	 45950000	 48100000	43
chr11	 48200000	 46500000	34
chr11	 48400000	 47100000	26
chr11	 48500000	 46550000	39
chr11	 54100000	 55550000	29
chr11	 54950000	 53900000	21
chr11	 57150000	 59550000	48
chr11	 58950000	 57050000	38
chr11	 59000000	 60000000	20
chr11	 60950000	 60450000	10
chr11	 63500000	 64350000	17
chr11	 66100000	 65600000	10
chr11	 70050000	 71900000	37
chr11	 70700000	 72500000	36
chr11	 74800000	 76550000	35
chr11	 76450000	 75900000	11
chr11	 78050000	 77600000	9
chr11	 80100000	 78100000	40
chr11	 80450000	 82200000	35
chr11	 83800000	 83050000	15
chr11	 86400000	 86950000	11
chr11	 88700000	 93350000	93
chr11	 93600000	 94950000	27
chr11	101550000	102600000	21
chr11	105350000	104050000	26
chr11	105550000	104600000	19
chr11	107100000	106600000	10
chr11	110550000	111150000	12
chr11	113300000	111650000	33
chr11	116850000	118850000	40
chr11	117950000	118750000	16
chr11	118350000	119100000	15
chr11	118600000	117450000	23
chr12	  3050000	  4250000	24
chr12	  3700000	  4800000	22
chr12	  6250000	  4650000	32
chr12	  8450000	  7900000	11
chr12	  8500000	  7150000	27
chr12	  9500000	 10850000	27
chr12	 14150000	 13600000	11
chr12	 17400000	 18200000	16
chr12	 17800000	 16450000	27
chr12	 18050000	 18750000	14
chr12	 19150000	 18100000	21
chr12	 19250000	 18450000	16
chr12	 19300000	 20050000	15
chr12	 19950000	 19100000	17
chr12	 20500000	 19500000	20
chr12	 21250000	 22300000	21
chr12	 21300000	 23150000	37
chr12	 21800000	 23050000	25
chr12	 23400000	 24100000	14
chr12	 25450000	 25850000	8
chr12	 29750000	 28800000	19
chr12	 30900000	 31850000	19
chr12	 30900000	 33200000	46
chr12	 33500000	 34300000	16
chr12	 33750000	 33400000	7
chr12	 36200000	 36750000	11
chr12	 37050000	 38450000	28
chr12	 38500000	 37950000	11
chr12	 38650000	 36700000	39
chr12	 39150000	 40300000	23
chr12	 45650000	 46500000	17
chr12	 47200000	 48200000	20
chr12	 48050000	 49150000	22
chr12	 48100000	 46850000	25
chr12	 48700000	 47000000	34
chr12	 50050000	 49400000	13
chr12	 50550000	 50150000	8
chr12	 53550000	 54400000	17
chr12	 61300000	 60550000	15
chr12	 61950000	 63250000	26
chr12	 62500000	 61150000	27
chr12	 64300000	 64050000	5
chr12	 69500000	 70250000	15
chr12	 69650000	 69350000	6
chr12	 73700000	 72900000	16
chr12	 74100000	 72200000	38
chr12	 78450000	 79900000	29
chr12	 78700000	 77450000	25
chr12	 82200000	 81350000	17
chr12	 84800000	 85900000	22
chr12	 88100000	 87450000	13
chr12	 88550000	 87950000	12
chr12	 90850000	 89800000	21
chr12	 91100000	 92800000	34
chr12	 92550000	 92150000	8
chr12	 93350000	 92400000	19
chr12	 95200000	 95900000	14
chr12	 97200000	 94850000	47
chr12	 98550000	 99400000	17
chr12	 99900000	101300000	28
chr12	102550000	103600000	21
chr12	103700000	102700000	20
chr12	104000000	106350000	47
chr12	105200000	107000000	36
chr12	107350000	107900000	11
chr12	107950000	107500000	9
chr12	111000000	112850000	37
chr12	111150000	111950000	16
chr12	111450000	110700000	15
chr12	115650000	116700000	21
chr12	115800000	114000000	36
chr12	116550000	115300000	25
chr12	117800000	119350000	31
chr12	118350000	116800000	31
chr12	118850000	118100000	15
chr12	119350000	118400000	19
chr13	  6750000	  5500000	25
chr13	  8000000	  7050000	19
chr13	  8250000	  7150000	22
chr13	  8750000	  7650000	22
chr13	  8750000	  9850000	22
chr13	  9950000	 13550000	72
chr13	 10150000	 11550000	28
chr13	 10200000	  9500000	14
chr13	 10750000	 11050000	6
chr13	 11150000	 12450000	26
chr13	 12200000	 10800000	28
chr13	 12650000	 11950000	14
chr13	 13400000	 14600000	24
chr13	 15200000	 14950000	5
chr13	 16050000	 16550000	10
chr13	 16050000	 18600000	51
chr13	 18900000	 18200000	14
chr13	 23000000	 23650000	13
chr13	 31300000	 30700000	12
chr13	 35350000	 34200000	23
chr13	 38550000	 39250000	14
chr13	 39350000	 40250000	18
chr13	 39600000	 38150000	29
chr13	 41300000	 40950000	7
chr13	 41650000	 42000000	7
chr13	 43900000	 45050000	23
chr13	 43950000	 43050000	18
chr13	 46850000	 47950000	22
chr13	 48450000	 47900000	11
chr13	 49050000	 47250000	36
chr13	 51700000	 50950000	15
chr13	 53350000	 53850000	10
chr13	 54050000	 53050000	20
chr13	 57250000	 58400000	23
chr13	 57900000	 57450000	9
chr13	 58100000	 59800000	34
chr13	 58550000	 59150000	12
chr13	 61350000	 62100000	15
chr13	 65200000	 63900000	26
chr13	 68300000	 67600000	14
chr13	 71150000	 72750000	32
chr13	 75500000	 76900000	28
chr13	 75550000	 76400000	17
chr13	 77400000	 76500000	18
chr13	 77550000	 77000000	11
chr13	 80600000	 82250000	33
chr13	 82250000	 81150000	22
chr13	 82350000	 80650000	34
chr13	 88100000	 85800000	46
chr13	 89500000	 90250000	15
chr13	 89850000	 90650000	16
chr13	 90300000	 90800000	10
chr13	 90650000	 91750000	22
chr13	 90750000	 91950000	24
chr13	 92200000	 91000000	24
chr13	 94650000	 95650000	20
chr13	 95600000	 96850000	25
chr13	 95700000	 94600000	22
chr13	 97900000	 99700000	36
chr13	102500000	103600000	22
chr13	103250000	104800000	31
chr13	103450000	104300000	17
chr13	103550000	103100000	9
chr13	104050000	103250000	16
chr13	107200000	109450000	45
chr13	107500000	106800000	14
chr13	114300000	115550000	25
chr13	117700000	116050000	33
chr13	118750000	120100000	27
chr14	  6950000	  5750000	24
chr14	  7350000	  5900000	29
chr14	  8300000	 10250000	39
chr14	  8350000	  9450000	22
chr14	  9100000	  8000000	22
chr14	  9950000	  7600000	47
chr14	 12950000	 14050000	22
chr14	 17100000	 15300000	36
chr14	 21450000	 22700000	25
chr14	 22600000	 23250000	13
chr14	 27050000	 26750000	6
chr14	 27950000	 25550000	48
chr14	 31250000	 29750000	30
chr14	 33500000	 32250000	25
chr14	 33700000	 34300000	12
chr14	 36450000	 35950000	10
chr14	 40850000	 39350000	30
chr14	 43000000	 43500000	10
chr14	 45950000	 46700000	15
chr14	 51300000	 52950000	33
chr14	 52650000	 53100000	9
chr14	 52900000	 51650000	25
chr14	 52950000	 53550000	12
chr14	 53150000	 53500000	7
chr14	 56550000	 57900000	27
chr14	 60200000	 57400000	56
chr14	 60750000	 61350000	12
chr14	 64250000	 63550000	14
chr14	 64450000	 64800000	7
chr14	 64900000	 64050000	17
chr14	 65300000	 66400000	22
chr14	 65950000	 67350000	28
chr14	 66050000	 64450000	32
chr14	 67500000	 68800000	26
chr14	 68800000	 67100000	34
chr14	 69950000	 67850000	42
chr14	 70150000	 68300000	37
chr14	 70350000	 69600000	15
chr14	 71700000	 72350000	13
chr14	 72950000	 72500000	9
chr14	 73900000	 71900000	40
chr14	 77100000	 76000000	22
chr14	 78400000	 80100000	34
chr14	 81100000	 82250000	23
chr14	 81500000	 81950000	9
chr14	 82650000	 83950000	26
chr14	 83650000	 86600000	59
chr14	 84550000	 85450000	18
chr14	 85650000	 82800000	57
chr14	 86600000	 87600000	20
chr14	 86750000	 87450000	14
chr14	 89000000	 89850000	17
chr14	 89350000	 91250000	38
chr14	 89850000	 92450000	52
chr14	 93050000	 91350000	34
chr14	 94100000	 93200000	18
chr14	 98600000	 97750000	17
chr14	101100000	102700000	32
chr14	105750000	104200000	31
chr14	109650000	110550000	18
chr14	110400000	111000000	12
chr14	111400000	110350000	21
chr14	113300000	109750000	71
chr14	115650000	114500000	23
chr14	116000000	114200000	36
chr14	119650000	118250000	28
chr14	119700000	120900000	24
chr14	121000000	121250000	5
chr15	 13450000	 13000000	9
chr15	 14750000	 16300000	31
chr15	 18950000	 19750000	16
chr15	 19650000	 20300000	13
chr15	 21500000	 20600000	18
chr15	 24700000	 23500000	24
chr15	 27500000	 27100000	8
chr15	 27600000	 28950000	27
chr15	 29650000	 28350000	26
chr15	 34300000	 36350000	41
chr15	 34900000	 36150000	25
chr15	 36450000	 35850000	12
chr15	 37500000	 35750000	35
chr15	 39200000	 40400000	24
chr15	 39700000	 38650000	21
chr15	 43700000	 42750000	19
chr15	 44700000	 45500000	16
chr15	 47150000	 46000000	23
chr15	 52350000	 54300000	39
chr15	 52800000	 53900000	22
chr15	 53200000	 52750000	9
chr15	 54650000	 55500000	17
chr15	 55250000	 56850000	32
chr15	 57150000	 56300000	17
chr15	 59000000	 58150000	17
chr15	 60850000	 60200000	13
chr15	 68650000	 68000000	13
chr15	 70100000	 72150000	41
chr15	 71050000	 71600000	11
chr15	 72100000	 72900000	16
chr15	 81000000	 80250000	15
chr15	 81200000	 80250000	19
chr15	 85150000	 84550000	12
chr15	 86950000	 87500000	11
chr15	 91150000	 94650000	70
chr15	 91700000	 91450000	5
chr15	 92650000	 93200000	11
chr15	 93150000	 92400000	15
chr15	 93650000	 94850000	24
chr15	101000000	102350000	27
chr15	103050000	100750000	46
chr16	  1200000	   650000	11
chr16	  1450000	  1900000	9
chr16	  5600000	  3950000	33
chr16	  5950000	  4900000	21
chr16	  6450000	  6200000	5
chr16	  7850000	  7250000	12
chr16	 10300000	 10850000	11
chr16	 10750000	  9200000	31
chr16	 13350000	 13950000	12
chr16	 15350000	 15550000	4
chr16	 17500000	 16000000	30
chr16	 18900000	 16900000	40
chr16	 20400000	 17150000	65
chr16	 22050000	 20950000	22
chr16	 23100000	 24900000	36
chr16	 23650000	 24550000	18
chr16	 25350000	 24600000	15
chr16	 26200000	 25700000	10
chr16	 29300000	 28600000	14
chr16	 29600000	 30300000	14
chr16	 33100000	 34000000	18
chr16	 35550000	 36150000	12
chr16	 37300000	 36350000	19
chr16	 40350000	 40800000	9
chr16	 47000000	 46450000	11
chr16	 58950000	 59450000	10
chr16	 59900000	 58650000	25
chr16	 61950000	 61400000	11
chr16	 63100000	 61700000	28
chr16	 65400000	 65800000	8
chr16	 67550000	 68200000	13
chr16	 70500000	 71400000	18
chr16	 71050000	 71650000	12
chr16	 72850000	 73550000	14
chr16	 75350000	 76650000	26
chr16	 75700000	 77000000	26
chr16	 76800000	 77850000	21
chr16	 77600000	 77200000	8
chr16	 84150000	 83550000	12
chr16	 84250000	 82550000	34
chr16	 84950000	 84000000	19
chr16	 86400000	 85200000	24
chr16	 88900000	 88050000	17
chr16	 89450000	 88250000	24
chr16	 90550000	 91400000	17
chr16	 91800000	 87250000	91
chr16	 95800000	 96800000	20
chr17	   200000	  2700000	50
chr17	  2600000	  2350000	5
chr17	  2650000	  2350000	6
chr17	  2900000	  3250000	7
chr17	  3000000	  2350000	13
chr17	  4050000	  4550000	10
chr17	  4500000	  5150000	13
chr17	  5500000	  3150000	47
chr17	  8200000	  7900000	6
chr17	 11800000	 13250000	29
chr17	 12500000	 11650000	17
chr17	 18650000	 17900000	15
chr17	 21400000	 20400000	20
chr17	 22350000	 23500000	23
chr17	 26400000	 25800000	12
chr17	 31800000	 32600000	16
chr17	 31900000	 29850000	41
chr17	 35050000	 35600000	11
chr17	 37900000	 39950000	41
chr17	 40550000	 41500000	19
chr17	 41550000	 39650000	38
chr17	 43350000	 41550000	36
chr17	 47200000	 48500000	26
chr17	 51400000	 49550000	37
chr17	 52350000	 51500000	17
chr17	 52900000	 52500000	8
chr17	 53150000	 54550000	28
chr17	 56050000	 58200000	43
chr17	 56650000	 54500000	43
chr17	 57750000	 54850000	58
chr17	 60100000	 60650000	11
chr17	 64200000	 65350000	23
chr17	 64650000	 64000000	13
chr17	 67200000	 67700000	10
chr17	 68300000	 68850000	11
chr17	 68450000	 71700000	65
chr17	 74450000	 73400000	21
chr17	 77400000	 76350000	21
chr17	 78100000	 77450000	13
chr17	 81100000	 80000000	22
chr17	 83200000	 82800000	8
chr17	 86450000	 86950000	10
chr17	 87350000	 87750000	8
chr17	 88300000	 87050000	25
chr17	 89550000	 90100000	11
chr17	 92050000	 91250000	16
chr17	 92300000	 90900000	28
chr18	  1550000	  3700000	43
chr18	  4950000	  7200000	45
chr18	  6200000	  6200000	0
chr18	 11550000	 10600000	19
chr18	 12700000	 13400000	14
chr18	 17100000	 19100000	40
chr18	 17700000	 16150000	31
chr18	 18750000	 19250000	10
chr18	 19700000	 19100000	12
chr18	 20550000	 20000000	11
chr18	 22200000	 23200000	20
chr18	 23150000	 24950000	36
chr18	 25900000	 26750000	17
chr18	 26000000	 25000000	20
chr18	 26250000	 27200000	19
chr18	 27750000	 26600000	23
chr18	 28300000	 27700000	12
chr18	 28650000	 30050000	28
chr18	 31150000	 30650000	10
chr18	 31800000	 33550000	35
chr18	 39100000	 37650000	29
chr18	 44550000	 43150000	28
chr18	 48450000	 48950000	10
chr18	 49450000	 50950000	30
chr18	 50900000	 52000000	22
chr18	 51300000	 52000000	14
chr18	 52050000	 52900000	17
chr18	 53950000	 52450000	30
chr18	 55500000	 56850000	27
chr18	 57800000	 59350000	31
chr18	 58300000	 58500000	4
chr18	 59750000	 60750000	20
chr18	 62450000	 62850000	8
chr18	 64750000	 62800000	39
chr18	 65050000	 65800000	15
chr18	 66050000	 64400000	33
chr18	 67750000	 68200000	9
chr18	 68000000	 66550000	29
chr18	 72400000	 71600000	16
chr18	 74800000	 73650000	23
chr18	 75300000	 75900000	12
chr18	 77000000	 75850000	23
chr18	 78600000	 79000000	8
chr18	 79050000	 79050000	0
chr18	 79750000	 77550000	44
chr18	 80900000	 81550000	13
chr18	 83200000	 80200000	60
chr18	 87750000	 87400000	7
chr18	 89750000	 88900000	17
chr19	   200000	  1500000	26
chr19	   900000	  1050000	3
chr19	  1450000	    50000	28
chr19	  1650000	  1900000	5
chr19	  2350000	   800000	31
chr19	  7500000	  6300000	24
chr19	 13450000	 12600000	17
chr19	 18050000	 17200000	17
chr19	 21500000	 23350000	37
chr19	 23100000	 24550000	29
chr19	 24600000	 21850000	55
chr19	 25600000	 24150000	29
chr19	 25900000	 23450000	49
chr19	 26900000	 25800000	22
chr19	 27750000	 28200000	9
chr19	 27800000	 28500000	14
chr19	 29800000	 28450000	27
chr19	 33850000	 33150000	14
chr19	 35150000	 35900000	15
chr19	 36200000	 37050000	17
chr19	 37050000	 38050000	20
chr19	 43400000	 42500000	18
chr19	 45550000	 44200000	27
chr19	 49450000	 53300000	77
chr19	 49900000	 50600000	14
chr19	 55250000	 53900000	27
chr2	  1350000	   450000	18
chr2	  2550000	  1350000	24
chr2	  5000000	  5450000	9
chr2	  9800000	 11450000	33
chr2	 16150000	 16550000	8
chr2	 17350000	 18400000	21
chr2	 18800000	 17850000	19
chr2	 19600000	 22250000	53
chr2	 20350000	 21500000	23
chr2	 20750000	 21000000	5
chr2	 22550000	 23050000	10
chr2	 24050000	 23300000	15
chr2	 24800000	 25700000	18
chr2	 26600000	 27850000	25
chr2	 27600000	 26600000	20
chr2	 27700000	 30150000	49
chr2	 29500000	 28400000	22
chr2	 30650000	 30150000	10
chr2	 30850000	 29650000	24
chr2	 32550000	 33200000	13
chr2	 32650000	 30600000	41
chr2	 37100000	 35100000	40
chr2	 37750000	 36700000	21
chr2	 37850000	 36450000	28
chr2	 38550000	 40750000	44
chr2	 40250000	 41300000	21
chr2	 41550000	 40300000	25
chr2	 42350000	 43200000	17
chr2	 44000000	 43100000	18
chr2	 47350000	 49850000	50
chr2	 47950000	 46200000	35
chr2	 50250000	 51850000	32
chr2	 53200000	 52500000	14
chr2	 54900000	 54500000	8
chr2	 54900000	 55500000	12
chr2	 55300000	 54500000	16
chr2	 56300000	 55600000	14
chr2	 56950000	 56950000	0
chr2	 60550000	 61550000	20
chr2	 60800000	 60000000	16
chr2	 62250000	 61050000	24
chr2	 62950000	 61900000	21
chr2	 65000000	 65550000	11
chr2	 67150000	 66500000	13
chr2	 67450000	 65750000	34
chr2	 68000000	 66400000	32
chr2	 73200000	 75250000	41
chr2	 76450000	 78350000	38
chr2	 79150000	 77750000	28
chr2	 81050000	 83650000	52
chr2	 82300000	 84000000	34
chr2	 85950000	 85100000	17
chr2	 94250000	 94850000	12
chr2	 95150000	 93700000	29
chr2	 98600000	 97250000	27
chr2	102100000	100500000	32
chr2	102800000	103700000	18
chr2	102850000	104050000	24
chr2	105650000	107600000	39
chr2	109300000	109850000	11
chr2	109600000	108650000	19
chr2	111800000	112550000	15
chr2	112950000	110950000	40
chr2	117700000	119150000	29
chr2	118800000	117750000	21
chr2	118950000	118950000	0
chr2	119800000	120250000	9
chr2	120450000	121350000	18
chr2	121500000	119850000	33
chr2	125400000	122650000	55
chr2	131750000	130950000	16
chr2	132650000	132150000	10
chr2	133100000	134850000	35
chr2	133200000	134550000	27
chr2	133500000	132850000	13
chr2	137700000	136100000	32
chr2	142550000	141750000	16
chr2	143600000	145000000	28
chr2	146100000	145100000	20
chr2	146950000	148150000	24
chr2	154450000	155600000	23
chr2	158700000	160200000	30
chr2	159100000	159700000	12
chr2	159200000	158000000	24
chr2	163400000	164650000	25
chr2	163850000	162100000	35
chr2	165450000	167100000	33
chr2	168550000	170800000	45
chr2	169400000	170250000	17
chr2	170950000	171900000	19
chr2	171800000	169150000	53
chr2	172900000	173500000	12
chr2	174050000	173000000	21
chr2	176800000	175800000	20
chr2	176850000	179750000	58
chr2	177450000	176900000	11
chr2	179450000	179800000	7
chr2	180600000	179550000	21
chr3	  3250000	  4650000	28
chr3	  3550000	  4200000	13
chr3	  4700000	  2400000	46
chr3	  5250000	  6100000	17
chr3	 10900000	 13100000	44
chr3	 12800000	 13450000	13
chr3	 17000000	 16350000	13
chr3	 17800000	 18350000	11
chr3	 21950000	 22900000	19
chr3	 22950000	 21600000	27
chr3	 26400000	 25200000	24
chr3	 27050000	 24950000	42
chr3	 30150000	 28650000	30
chr3	 33250000	 32350000	18
chr3	 36500000	 38050000	31
chr3	 37350000	 37900000	11
chr3	 38450000	 39650000	24
chr3	 39750000	 40800000	21
chr3	 40450000	 40950000	10
chr3	 41700000	 40050000	33
chr3	 43700000	 42600000	22
chr3	 45500000	 45100000	8
chr3	 46150000	 44300000	37
chr3	 47300000	 46750000	11
chr3	 47550000	 49600000	41
chr3	 51150000	 52100000	19
chr3	 51200000	 52750000	31
chr3	 52900000	 53500000	12
chr3	 54900000	 53700000	24
chr3	 56150000	 54950000	24
chr3	 59100000	 57050000	41
chr3	 62700000	 65750000	61
chr3	 63250000	 61450000	36
chr3	 63300000	 63600000	6
chr3	 64550000	 64950000	8
chr3	 64700000	 64050000	13
chr3	 66650000	 68250000	32
chr3	 67650000	 66700000	19
chr3	 67800000	 67250000	11
chr3	 74800000	 73900000	18
chr3	 81750000	 81050000	14
chr3	 83550000	 84550000	20
chr3	 85550000	 86500000	19
chr3	 85900000	 83700000	44
chr3	 85900000	 86250000	7
chr3	 86550000	 85550000	20
chr3	 87450000	 86800000	13
chr3	 91750000	 93200000	29
chr3	 92200000	 92750000	11
chr3	 97900000	 98850000	19
chr3	103900000	104600000	14
chr3	105100000	103250000	37
chr3	106250000	107950000	34
chr3	107300000	108300000	20
chr3	107900000	106350000	31
chr3	114800000	113600000	24
chr3	120950000	119450000	30
chr3	124600000	123500000	22
chr3	127000000	128650000	33
chr3	131550000	130550000	20
chr3	132450000	131900000	11
chr3	134700000	135100000	8
chr3	139200000	138700000	10
chr3	142400000	142050000	7
chr3	142950000	143450000	10
chr3	144350000	141900000	49
chr3	144900000	143600000	26
chr3	147150000	149250000	42
chr3	147250000	146800000	9
chr3	148050000	150350000	46
chr3	148350000	147900000	9
chr3	148800000	149400000	12
chr3	151300000	150950000	7
chr3	153450000	154650000	24
chr3	153900000	153100000	16
chr3	154050000	153200000	17
chr3	154600000	150000000	92
chr3	154950000	156600000	33
chr3	155800000	154050000	35
chr3	156150000	154350000	36
chr3	156450000	157700000	25
chr3	157500000	156000000	30
chr3	157500000	158950000	29
chr3	159450000	158900000	11
chr4	  1300000	  2800000	30
chr4	  4200000	  5200000	20
chr4	  6650000	  7050000	8
chr4	  7350000	  8700000	27
chr4	  8150000	  8650000	10
chr4	  9700000	  8550000	23
chr4	 13050000	 13600000	11
chr4	 14450000	 13050000	28
chr4	 17200000	 15050000	43
chr4	 18650000	 15850000	56
chr4	 20050000	 21800000	35
chr4	 20800000	 19400000	28
chr4	 22850000	 22150000	14
chr4	 23600000	 24100000	10
chr4	 26150000	 27200000	21
chr4	 26450000	 23100000	67
chr4	 29300000	 28350000	19
chr4	 31500000	 32400000	18
chr4	 38300000	 37250000	21
chr4	 38950000	 40850000	38
chr4	 39000000	 38450000	11
chr4	 39500000	 38750000	15
chr4	 40500000	 38900000	32
chr4	 40600000	 38650000	39
chr4	 41300000	 42150000	17
chr4	 44900000	 44400000	10
chr4	 46750000	 47300000	11
chr4	 57400000	 56050000	27
chr4	 59450000	 57750000	34
chr4	 61450000	 61050000	8
chr4	 63700000	 62750000	19
chr4	 68650000	 67500000	23
chr4	 71350000	 70600000	15
chr4	 80950000	 79950000	20
chr4	 81950000	 79400000	51
chr4	 87350000	 88100000	15
chr4	 87750000	 86650000	22
chr4	 92300000	 94200000	38
chr4	102500000	101900000	12
chr4	107900000	108250000	7
chr4	111000000	109050000	39
chr4	111800000	112450000	13
chr4	115200000	114300000	18
chr4	115650000	113800000	37
chr4	120650000	120350000	6
chr4	124300000	126500000	44
chr4	126100000	125100000	20
chr4	128300000	128900000	12
chr4	128500000	129050000	11
chr4	131350000	132100000	15
chr4	131600000	131100000	10
chr4	132550000	132050000	10
chr4	136200000	137200000	20
chr4	136800000	135950000	17
chr4	139000000	140650000	33
chr4	139700000	138350000	27
chr4	140000000	138250000	35
chr4	142200000	142700000	10
chr4	143600000	143250000	7
chr4	147700000	146700000	20
chr4	149800000	149250000	11
chr4	150150000	151150000	20
chr4	151100000	150700000	8
chr5	  4900000	  3100000	36
chr5	  5200000	  6750000	31
chr5	  6250000	  7350000	22
chr5	  8200000	  9050000	17
chr5	  9250000	  8200000	21
chr5	  9500000	  9900000	8
chr5	 12250000	 10000000	45
chr5	 14050000	 15650000	32
chr5	 18300000	 17500000	16
chr5	 18700000	 18050000	13
chr5	 24700000	 25700000	20
chr5	 24800000	 25450000	13
chr5	 27700000	 26750000	19
chr5	 33500000	 30400000	62
chr5	 35550000	 34300000	25
chr5	 36050000	 36800000	15
chr5	 38500000	 39350000	17
chr5	 38850000	 37850000	20
chr5	 41250000	 41950000	14
chr5	 43250000	 42900000	7
chr5	 43450000	 42500000	19
chr5	 44350000	 45400000	21
chr5	 51900000	 53850000	39
chr5	 54900000	 54100000	16
chr5	 55600000	 55450000	3
chr5	 59950000	 58700000	25
chr5	 63550000	 64700000	23
chr5	 66600000	 65650000	19
chr5	 67150000	 65650000	30
chr5	 67750000	 67300000	9
chr5	 68150000	 66300000	37
chr5	 76450000	 76000000	9
chr5	 79450000	 78400000	21
chr5	 79950000	 80250000	6
chr5	 83250000	 81950000	26
chr5	 83700000	 84850000	23
chr5	 86650000	 86150000	10
chr5	 89900000	 90900000	20
chr5	 90900000	 91750000	17
chr5	 91000000	 93350000	47
chr5	 91250000	 92000000	15
chr5	 91800000	 90350000	29
chr5	 93950000	 93350000	12
chr5	 95100000	 96250000	23
chr5	 97500000	 98100000	12
chr5	 98550000	100450000	38
chr5	 98650000	100150000	30
chr5	 99550000	 99250000	6
chr5	 99650000	 96900000	55
chr5	104450000	105050000	12
chr5	104700000	105700000	20
chr5	109950000	108350000	32
chr5	110050000	108200000	37
chr5	111550000	110400000	23
chr5	112900000	110400000	50
chr5	118050000	117150000	18
chr5	119800000	117300000	50
chr5	123600000	122700000	18
chr5	124900000	126050000	23
chr5	128400000	127700000	14
chr5	130700000	129950000	15
chr5	131750000	132600000	17
chr5	134550000	134000000	11
chr5	135750000	134450000	26
chr5	137600000	137200000	8
chr5	137800000	139350000	31
chr5	139200000	138450000	15
chr5	139200000	140450000	25
chr5	140850000	141750000	18
chr5	141150000	139900000	25
chr5	141750000	140450000	26
chr5	142250000	141200000	21
chr5	144250000	141850000	48
chr5	146950000	145300000	33
chr5	150100000	148200000	38
chr5	150650000	149850000	16
chr6	   350000	  1000000	13
chr6	  1700000	  2850000	23
chr6	  5000000	  3400000	32
chr6	  5200000	  6650000	29
chr6	  7200000	  7700000	10
chr6	  7900000	  6850000	21
chr6	 17150000	 13950000	64
chr6	 19050000	 17350000	34
chr6	 23550000	 23100000	9
chr6	 29900000	 30550000	13
chr6	 31450000	 30800000	13
chr6	 38300000	 35350000	59
chr6	 38400000	 39200000	16
chr6	 40200000	 39300000	18
chr6	 41900000	 42100000	4
chr6	 46800000	 47900000	22
chr6	 48600000	 50300000	34
chr6	 50650000	 49750000	18
chr6	 50900000	 52150000	25
chr6	 51750000	 53700000	39
chr6	 52100000	 50750000	27
chr6	 52650000	 51550000	22
chr6	 56150000	 57950000	36
chr6	 56450000	 57300000	17
chr6	 57750000	 56750000	20
chr6	 59700000	 59250000	9
chr6	 62200000	 65850000	73
chr6	 65400000	 64100000	26
chr6	 66400000	 67550000	23
chr6	 66650000	 66200000	9
chr6	 66950000	 65000000	39
chr6	 68900000	 68200000	14
chr6	 69500000	 70600000	22
chr6	 69600000	 69950000	7
chr6	 70200000	 69600000	12
chr6	 70650000	 67750000	58
chr6	 71400000	 73000000	32
chr6	 72500000	 71850000	13
chr6	 73400000	 75500000	42
chr6	 75850000	 79550000	74
chr6	 79000000	 80250000	25
chr6	 80700000	 77700000	60
chr6	 83150000	 84000000	17
chr6	 84050000	 84900000	17
chr6	 86050000	 86700000	13
chr6	 87400000	 88150000	15
chr6	 88950000	 89300000	7
chr6	 88950000	 89550000	12
chr6	 89700000	 88800000	18
chr6	 90550000	 90250000	6
chr6	 90800000	 92000000	24
chr6	 94050000	 93050000	20
chr6	 94150000	 92550000	32
chr6	 95300000	 94150000	23
chr6	 97500000	 98100000	12
chr6	 98700000	 99900000	24
chr6	 99000000	 99600000	12
chr6	101750000	100300000	29
chr6	101900000	102450000	11
chr6	103400000	101900000	30
chr6	104900000	103750000	23
chr6	106300000	104750000	31
chr6	107250000	108000000	15
chr6	107450000	106450000	20
chr6	109400000	110800000	28
chr6	111500000	109850000	33
chr6	111700000	112250000	11
chr6	115400000	114600000	16
chr6	117450000	114600000	57
chr6	118000000	119150000	23
chr6	119600000	119950000	7
chr6	119600000	120550000	19
chr6	119900000	119100000	16
chr6	120300000	122450000	43
chr6	125950000	126350000	8
chr6	130500000	129200000	26
chr6	133900000	135100000	24
chr6	139450000	141200000	35
chr6	141400000	142350000	19
chr6	144200000	144900000	14
chr6	145100000	143300000	36
chr6	145950000	144500000	29
chr6	146800000	148650000	37
chr7	   950000	   300000	13
chr7	  1300000	  2100000	16
chr7	  1400000	  2550000	23
chr7	  1900000	  3050000	23
chr7	  8350000	  9350000	20
chr7	  9600000	  9300000	6
chr7	 13450000	 13000000	9
chr7	 14300000	 12800000	30
chr7	 17700000	 15900000	36
chr7	 21400000	 22600000	24
chr7	 27100000	 25550000	31
chr7	 27800000	 27400000	8
chr7	 30150000	 30150000	0
chr7	 31800000	 30350000	29
chr7	 31900000	 31000000	18
chr7	 33050000	 33600000	11
chr7	 35500000	 35150000	7
chr7	 40350000	 39200000	23
chr7	 41600000	 42300000	14
chr7	 43000000	 45400000	48
chr7	 44600000	 45200000	12
chr7	 44950000	 45400000	9
chr7	 45450000	 43350000	42
chr7	 47650000	 46300000	27
chr7	 49200000	 50600000	28
chr7	 50300000	 49850000	9
chr7	 54450000	 53100000	27
chr7	 63850000	 62650000	24
chr7	 65150000	 64550000	12
chr7	 68650000	 69450000	16
chr7	 69550000	 70850000	26
chr7	 69950000	 70400000	9
chr7	 72850000	 73450000	12
chr7	 75000000	 75750000	15
chr7	 79150000	 78450000	14
chr7	 79850000	 81300000	29
chr7	 80050000	 80450000	8
chr7	 80950000	 77050000	78
chr7	 82100000	 81350000	15
chr7	 83900000	 82950000	19
chr7	 84250000	 85750000	30
chr7	 88450000	 90450000	40
chr7	 89900000	 89700000	4
chr7	 91050000	 91950000	18
chr7	 91150000	 93850000	54
chr7	 91550000	 90750000	16
chr7	 91850000	 90500000	27
chr7	 94700000	 93800000	18
chr7	 95450000	 94500000	19
chr7	 96150000	 95200000	19
chr7	 99100000	100000000	18
chr7	 99450000	100500000	21
chr7	100600000	 99900000	14
chr7	100750000	101200000	9
chr7	103050000	101850000	24
chr7	104700000	103900000	16
chr7	104950000	104350000	12
chr7	106650000	108400000	35
chr7	110400000	111200000	16
chr7	112150000	112950000	16
chr7	113250000	116000000	55
chr7	114550000	115450000	18
chr7	116300000	117500000	24
chr7	116800000	116050000	15
chr7	117950000	120400000	49
chr7	118200000	118500000	6
chr7	118700000	119550000	17
chr7	120650000	120000000	13
chr7	121050000	120850000	4
chr7	121200000	121700000	10
chr7	124100000	124950000	17
chr7	133750000	132900000	17
chr7	136950000	138400000	29
chr7	138150000	139050000	18
chr7	138550000	140700000	43
chr8	  1600000	  1850000	5
chr8	  3200000	  5450000	45
chr8	 13600000	 12400000	24
chr8	 16150000	 15750000	8
chr8	 21500000	 19200000	46
chr8	 28350000	 30000000	33
chr8	 29900000	 29300000	12
chr8	 33500000	 34750000	25
chr8	 37600000	 37050000	11
chr8	 37900000	 39550000	33
chr8	 41200000	 39950000	25
chr8	 42850000	 43900000	21
chr8	 44650000	 43900000	15
chr8	 46600000	 44900000	34
chr8	 46600000	 50000000	68
chr8	 47800000	 48600000	16
chr8	 48000000	 46500000	30
chr8	 48050000	 49150000	22
chr8	 50250000	 51250000	20
chr8	 52700000	 51650000	21
chr8	 53600000	 54150000	11
chr8	 55600000	 53850000	35
chr8	 58700000	 57400000	26
chr8	 62150000	 63600000	29
chr8	 62500000	 63800000	26
chr8	 64550000	 64050000	10
chr8	 64750000	 64750000	0
chr8	 65250000	 66300000	21
chr8	 65650000	 63850000	36
chr8	 68750000	 68150000	12
chr8	 71000000	 70350000	13
chr8	 71700000	 71000000	14
chr8	 72650000	 74100000	29
chr8	 73200000	 72300000	18
chr8	 75600000	 74200000	28
chr8	 78500000	 80250000	35
chr8	 78950000	 80650000	34
chr8	 82000000	 82400000	8
chr8	 82100000	 82950000	17
chr8	 83650000	 84900000	25
chr8	 86650000	 85650000	20
chr8	 87800000	 86800000	20
chr8	 89550000	 88250000	26
chr8	 90150000	 89350000	16
chr8	 91950000	 93400000	29
chr8	 94150000	 92750000	28
chr8	 94550000	 93700000	17
chr8	 95550000	 96250000	14
chr8	 98200000	 99850000	33
chr8	 98750000	 97750000	20
chr8	101450000	102900000	29
chr8	102600000	103300000	14
chr8	103000000	103950000	19
chr8	103550000	103850000	6
chr8	105450000	104800000	13
chr8	107650000	106650000	20
chr8	107750000	109450000	34
chr8	111700000	112350000	13
chr8	112150000	113800000	33
chr8	112750000	113400000	13
chr8	113250000	112300000	19
chr8	115600000	114800000	16
chr8	118900000	118450000	9
chr8	119850000	118550000	26
chr8	125500000	125150000	7
chr8	125700000	124400000	26
chr8	127200000	129200000	40
chr9	  3450000	  2350000	22
chr9	  3950000	  5100000	23
chr9	  5700000	  6550000	17
chr9	  5800000	  5300000	10
chr9	  8850000	  7150000	34
chr9	 14350000	 13800000	11
chr9	 24200000	 25450000	25
chr9	 26350000	 25800000	11
chr9	 28450000	 27400000	21
chr9	 29000000	 30100000	22
chr9	 30650000	 31400000	15
chr9	 32600000	 31750000	17
chr9	 32900000	 34600000	34
chr9	 37300000	 38100000	16
chr9	 37350000	 36750000	12
chr9	 38150000	 38150000	0
chr9	 38450000	 37750000	14
chr9	 49950000	 48750000	24
chr9	 52500000	 53250000	15
chr9	 52950000	 52450000	10
chr9	 53900000	 52700000	24
chr9	 58600000	 55650000	59
chr9	 59450000	 58550000	18
chr9	 59550000	 59100000	9
chr9	 62750000	 61800000	19
chr9	 65850000	 64650000	24
chr9	 66000000	 64250000	35
chr9	 67400000	 66600000	16
chr9	 70600000	 71200000	12
chr9	 71500000	 71800000	6
chr9	 71600000	 70800000	16
chr9	 71600000	 71050000	11
chr9	 75950000	 73700000	45
chr9	 78200000	 77450000	15
chr9	 79300000	 78350000	19
chr9	 80300000	 79300000	20
chr9	 81100000	 79000000	42
chr9	 82450000	 81150000	26
chr9	 85300000	 85000000	6
chr9	 85800000	 85300000	10
chr9	 86000000	 85350000	13
chr9	 88850000	 90150000	26
chr9	 89250000	 88800000	9
chr9	 90500000	 91500000	20
chr9	 92150000	 93150000	20
chr9	 95100000	 94500000	12
chr9	 98050000	 98400000	7
chr9	100300000	 98600000	34
chr9	103500000	102150000	27
chr9	105500000	104850000	13
chr9	108550000	107000000	31
chr9	110250000	109050000	24
chr9	110550000	110850000	6
chr9	118400000	117950000	9
chr9	119400000	121250000	37
chr9	119600000	121350000	35
chr9	119700000	120950000	25
chrX	  2400000	  4050000	33
chrX	  8350000	 10600000	45
chrX	  9050000	  7050000	40
chrX	  9200000	 10100000	18
chrX	  9550000	 10350000	16
chrX	 11200000	 12250000	21
chrX	 12200000	 11200000	20
chrX	 15200000	 16650000	29
chrX	 15950000	 17400000	29
chrX	 17000000	 17000000	0
chrX	 18350000	 18000000	7
chrX	 20850000	 19700000	23
chrX	 27050000	 25400000	33
chrX	 30950000	 32800000	37
chrX	 32650000	 33500000	17
chrX	 33500000	 34400000	18
chrX	 33800000	 34900000	22
chrX	 34200000	 35900000	34
chrX	 37100000	 35700000	28
chrX	 38100000	 39500000	28
chrX	 39950000	 40650000	14
chrX	 40200000	 40850000	13
chrX	 48250000	 45850000	48
chrX	 53450000	 52500000	19
chrX	 55000000	 52450000	51
chrX	 55350000	 54300000	21
chrX	 57250000	 56000000	25
chrX	 58800000	 59400000	12
chrX	 60000000	 60750000	15
chrX	 60350000	 62250000	38
chrX	 61050000	 61850000	16
chrX	 64800000	 63700000	22
chrX	 64900000	 64250000	13
chrX	 68800000	 69700000	18
chrX	 71650000	 73200000	31
chrX	 72900000	 73650000	15
chrX	 73250000	 74500000	25
chrX	 77750000	 78800000	21
chrX	 79200000	 78050000	23
chrX	 79950000	 78850000	22
chrX	 80500000	 82200000	34
chrX	 83050000	 82000000	21
chrX	 84250000	 85000000	15
chrX	 90550000	 90050000	10
chrX	 91300000	 90050000	25
chrX	 91450000	 91550000	2
chrX	 93250000	 91950000	26
chrX	 93550000	 92450000	22
chrX	 97850000	 98950000	22
chrX	 98000000	 98700000	14
chrX	100400000	 99350000	21
chrX	105000000	104650000	7
chrX	107000000	105900000	22
chrX	107800000	108950000	23
chrX	108300000	109650000	27
chrX	109100000	106500000	52
chrX	110650000	109850000	16
chrX	112850000	113650000	16
chrX	114250000	114650000	8
chrX	115200000	114300000	18
chrX	118750000	121400000	53
chrX	120850000	119750000	22
chrX	121000000	121700000	14
chrX	123300000	122500000	16
chrX	123850000	122500000	27
chrX	124050000	123250000	16
chrX	127050000	128600000	31
chrX	130400000	132050000	33
chrX	130950000	129200000	35
chrX	133450000	132150000	26
chrX	135800000	138600000	56
chrX	136050000	135300000	15
chrX	137450000	137850000	8
chrX	137850000	138550000	14
chrX	139450000	140150000	14
chrX	140400000	141300000	18
chrX	144000000	143100000	18
chrX	148350000	149150000	16
chrX	149250000	147900000	27
chrX	153200000	152200000	20
chrX	157550000	158300000	15
chrX	159800000	159350000	9
chrX	161150000	161950000	16
chrX	161300000	162000000	14
chrX	167150000	167700000	11
chrY	  4750000	  3750000	20
chrY	  6600000	  3800000	56
chrY	  6900000	  9150000	45
chrY	 14950000	 13000000	39
chrY	 15700000	 15100000	12
chrY	 18100000	 14800000	66
chrY	 20900000	 18800000	42
chrY	 25300000	 24100000	24
chrY	 26350000	 24850000	30
chrY	 29500000	 30800000	26
chrY	 34700000	 35350000	13
chrY	 40250000	 39600000	13
chrY	 41050000	 41700000	13
chrY	 42450000	 41550000	18
chrY	 50200000	 51150000	19
chrY	 50750000	 50750000	0
chrY	 55450000	 54800000	13
chrY	 60050000	 60900000	17
chrY	 60500000	 59100000	28
chrY	 62850000	 62150000	14
chrY	 65150000	 65750000	12
chrY	 66900000	 65950000	19
chrY	 67850000	 68900000	21
chrY	 71850000	 71100000	15
chrY	 73350000	 74150000	16
chrY	 76350000	 75100000	25
chrY	 77800000	 78650000	17
chrY	 84050000	 85250000	24
chrY	 85400000	 82900000	50
chrY	 86800000	 86500000	6
chrY	 87400000	 89300000	38
chrY	 89150000	 90600000	29
chrY	 90200000	 91500000	26
chrY	 90700000	 91500000	16
