chr1	   550000	  2100000	31
chr1	  2100000	  1050000	21
chr1	  5750000	  7250000	30
chr1	 10350000	  9000000	27
chr1	 13250000	 13750000	10
chr1	 13500000	 14000000	10
chr1	 14050000	 14800000	15
chr1	 14500000	 12100000	48
chr1	 17000000	 17000000	0
chr1	 23200000	 24250000	21
chr1	 25400000	 26800000	28
chr1	 25400000	 27150000	35
chr1	 26000000	 25150000	17
chr1	 27400000	 26450000	19
chr1	 28850000	 30100000	25
chr1	 30150000	 32500000	47
chr1	 32950000	 31750000	24
chr1	 33450000	 32100000	27
chr1	 34850000	 36950000	42
chr1	 38000000	 36000000	40
chr1	 38550000	 40150000	32
chr1	 39900000	 39150000	15
chr1	 40400000	 40050000	7
chr1	 42000000	 42650000	13
chr1	 44750000	 41750000	60
chr1	 47450000	 46350000	22
chr1	 48450000	 49900000	29
chr1	 49600000	 50800000	24
chr1	 56550000	 56000000	11
chr1	 56600000	 56900000	6
chr1	 61050000	 60300000	15
chr1	 61450000	 61100000	7
chr1	 62100000	 60800000	26
chr1	 64700000	 65000000	6
chr1	 67700000	 68450000	15
chr1	 68400000	 67750000	13
chr1	 68900000	 69900000	20
chr1	 70900000	 69700000	24
chr1	 74850000	 75600000	15
chr1	 78350000	 77050000	26
chr1	 85700000	 88500000	56
chr1	 86650000	 85650000	20
chr1	 87600000	 88700000	22
chr1	 89550000	 88950000	12
chr1	 90000000	 88650000	27
chr1	 90350000	 94200000	77
chr1	 91150000	 89350000	36
chr1	 91850000	 91200000	13
chr1	 93350000	 92800000	11
chr1	 93750000	 93050000	14
chr1	 95450000	 94800000	13
chr1	 95950000	 97450000	30
chr1	 97100000	 97700000	12
chr1	 97700000	 96450000	25
chr1	 98600000	 99400000	16
chr1	 99800000	 98700000	22
chr1	103650000	102350000	26
chr1	104100000	102450000	33
chr1	108200000	109000000	16
chr1	108550000	106750000	36
chr1	118100000	115850000	45
chr1	118200000	117750000	9
chr1	119650000	120400000	15
chr1	120050000	118700000	27
chr1	120850000	121400000	11
chr1	120950000	122100000	23
chr1	122250000	123250000	20
chr1	129650000	128900000	15
chr1	130650000	129300000	27
chr1	133200000	134000000	16
chr1	137750000	138600000	17
chr1	138850000	142100000	65
chr1	140800000	139900000	18
chr1	142300000	143200000	18
chr1	143200000	144200000	20
chr1	148300000	148550000	5
chr1	149100000	147300000	36
chr1	154200000	153050000	23
chr1	155550000	154800000	15
chr1	155900000	156950000	21
chr1	163150000	164900000	35
chr1	166300000	169250000	59
chr1	166700000	167500000	16
chr1	169150000	169650000	10
chr1	169450000	168750000	14
chr1	169450000	170050000	12
chr1	172800000	171400000	28
chr1	173900000	175900000	40
chr1	174850000	174050000	16
chr1	176850000	174050000	56
chr1	178600000	179100000	10
chr1	182450000	184500000	41
chr1	187250000	188450000	24
chr1	190250000	189500000	15
chr1	192550000	193550000	20
chr1	193750000	192850000	18
chr1	193800000	194600000	16
chr10	  3900000	  2700000	24
chr10	  5300000	  4550000	15
chr10	  6050000	  6750000	14
chr10	  8800000	  7450000	27
chr10	  9200000	  8650000	11
chr10	  9400000	 10050000	13
chr10	 10700000	  9750000	19
chr10	 10800000	 12050000	25
chr10	 13000000	 10850000	43
chr10	 15850000	 16400000	11
chr10	 16850000	 17550000	14
chr10	 17900000	 15700000	44
chr10	 20700000	 21400000	14
chr10	 23200000	 22300000	18
chr10	 23950000	 21850000	42
chr10	 24800000	 22550000	45
chr10	 26050000	 27350000	26
chr10	 26300000	 27350000	21
chr10	 26700000	 27650000	19
chr10	 27800000	 26950000	17
chr10	 27850000	 26050000	36
chr10	 33950000	 35150000	24
chr10	 34050000	 33250000	16
chr10	 35050000	 34100000	19
chr10	 35200000	 34900000	6
chr10	 41850000	 40750000	22
chr10	 42350000	 42800000	9
chr10	 44250000	 42450000	36
chr10	 46200000	 45500000	14
chr10	 47900000	 46850000	21
chr10	 48000000	 48650000	13
chr10	 49850000	 48300000	31
chr10	 49950000	 47350000	52
chr10	 52850000	 51450000	28
chr10	 54150000	 53250000	18
chr10	 57650000	 56750000	18
chr10	 57850000	 58250000	8
chr10	 60250000	 58550000	34
chr10	 62300000	 61400000	18
chr10	 62500000	 62000000	10
chr10	 65650000	 66550000	18
chr10	 68900000	 66500000	48
chr10	 69400000	 70700000	26
chr10	 70450000	 70850000	8
chr10	 75200000	 76150000	19
chr10	 75400000	 73550000	37
chr10	 75600000	 76400000	16
chr10	 79150000	 82050000	58
chr10	 81000000	 84700000	74
chr10	 87900000	 88750000	17
chr10	 93200000	 91750000	29
chr10	 94400000	 93150000	25
chr10	 95500000	 97850000	47
chr10	 96200000	 96750000	11
chr10	 97650000	 97350000	6
chr10	 98900000	 97800000	22
chr10	 98900000	 98450000	9
chr10	100000000	 98350000	33
chr10	103600000	104800000	24
chr10	104200000	104800000	12
chr10	106600000	107950000	27
chr10	107150000	106200000	19
chr10	112300000	111500000	16
chr10	112450000	111400000	21
chr10	116050000	114000000	41
chr10	116250000	117700000	29
chr10	116550000	115600000	19
chr10	120100000	121100000	20
chr10	122400000	121300000	22
chr10	122900000	122700000	4
chr10	123050000	123950000	18
chr10	127900000	128650000	15
chr10	128400000	129350000	19
chr11	  1950000	  1250000	14
chr11	  8400000	  9400000	20
chr11	 11750000	 12950000	24
chr11	 18550000	 18250000	6
chr11	 21650000	 23050000	28
chr11	 21800000	 21450000	7
chr11	 23200000	 24600000	28
chr11	 26300000	 25500000	16
chr11	 28300000	 29350000	21
chr11	 30900000	 32800000	38
chr11	 31050000	 32200000	23
chr11	 37900000	 36900000	20
chr11	 38300000	 39500000	24
chr11	 41600000	 39350000	45
chr11	 43100000	 42400000	14
chr11	 45650000	 46750000	22
chr11	 46850000	 47550000	14
chr11	 48200000	 49400000	24
chr11	 54400000	 57100000	54
chr11	 56950000	 55950000	20
chr11	 59000000	 60100000	22
chr11	 59450000	 60200000	15
chr11	 62000000	 61300000	14
chr11	 62050000	 61150000	18
chr11	 62100000	 62650000	11
chr11	 65250000	 64050000	24
chr11	 65650000	 66600000	19
chr11	 66100000	 65050000	21
chr11	 66800000	 68800000	40
chr11	 69500000	 68700000	16
chr11	 69500000	 70600000	22
chr11	 71150000	 70000000	23
chr11	 71500000	 71200000	6
chr11	 72500000	 70800000	34
chr11	 73050000	 70750000	46
chr11	 79150000	 77850000	26
chr11	 84050000	 82650000	28
chr11	 87850000	 88750000	18
chr11	 89450000	 87600000	37
chr11	 89700000	 90500000	16
chr11	 91400000	 89800000	32
chr11	 91650000	 92200000	11
chr11	 95900000	 97100000	24
chr11	 98450000	 97750000	14
chr11	 99450000	100600000	23
chr11	103400000	105300000	38
chr11	103600000	103000000	12
chr11	105100000	104550000	11
chr11	107200000	106600000	12
chr11	108400000	109250000	17
chr11	111450000	110450000	20
chr11	111500000	113000000	30
chr11	117950000	116500000	29
chr11	119600000	121250000	33
chr11	119900000	118450000	29
chr11	120150000	121850000	34
chr12	 14100000	 13450000	13
chr12	 16950000	 15600000	27
chr12	 18900000	 20300000	28
chr12	 20150000	 22100000	39
chr12	 20300000	 21750000	29
chr12	 23600000	 22050000	31
chr12	 25400000	 24200000	24
chr12	 25950000	 27000000	21
chr12	 29950000	 31600000	33
chr12	 30150000	 29050000	22
chr12	 30650000	 33200000	51
chr12	 34200000	 33050000	23
chr12	 34450000	 33550000	18
chr12	 34600000	 33650000	19
chr12	 34700000	 34550000	3
chr12	 35600000	 36150000	11
chr12	 36400000	 35400000	20
chr12	 36500000	 38200000	34
chr12	 36950000	 36550000	8
chr12	 43200000	 42050000	23
chr12	 43350000	 44700000	27
chr12	 44100000	 43000000	22
chr12	 47100000	 47750000	13
chr12	 47750000	 48300000	11
chr12	 51150000	 53300000	43
chr12	 51200000	 50700000	10
chr12	 52300000	 54250000	39
chr12	 53900000	 52750000	23
chr12	 54100000	 53450000	13
chr12	 61950000	 60250000	34
chr12	 62200000	 64150000	39
chr12	 62300000	 60750000	31
chr12	 62950000	 63300000	7
chr12	 67350000	 66600000	15
chr12	 67950000	 69150000	24
chr12	 68700000	 67650000	21
chr12	 77400000	 77750000	7
chr12	 81250000	 80800000	9
chr12	 81800000	 82800000	20
chr12	 82500000	 83550000	21
chr12	 82600000	 81400000	24
chr12	 82700000	 83150000	9
chr12	 83950000	 82400000	31
chr12	 86850000	 85300000	31
chr12	 88150000	 87600000	11
chr12	 89100000	 89300000	4
chr12	 91900000	 90700000	24
chr12	 92100000	 91150000	19
chr12	 96200000	 93550000	53
chr12	101800000	101400000	8
chr12	103850000	102800000	21
chr12	103900000	104700000	16
chr12	104550000	105500000	19
chr12	105550000	106000000	9
chr12	106950000	106550000	8
chr12	107450000	109200000	35
chr12	107650000	109250000	32
chr12	116600000	115200000	28
chr12	117900000	118500000	12
chr12	119700000	117350000	47
chr13	  1100000	    50000	21
chr13	  2700000	  1900000	16
chr13	  6650000	  6000000	13
chr13	  7450000	  6450000	20
chr13	  8000000	  8650000	13
chr13	  8450000	  7900000	11
chr13	  8700000	  8050000	13
chr13	 10200000	 10600000	8
chr13	 20900000	 20200000	14
chr13	 21000000	 21950000	19
chr13	 21200000	 22550000	27
chr13	 23600000	 24300000	14
chr13	 24300000	 27000000	54
chr13	 24400000	 25150000	15
chr13	 24750000	 23800000	19
chr13	 28650000	 28200000	9
chr13	 29900000	 30750000	17
chr13	 38750000	 37400000	27
chr13	 47150000	 46650000	10
chr13	 53400000	 52150000	25
chr13	 54400000	 53800000	12
chr13	 55250000	 53600000	33
chr13	 56150000	 55500000	13
chr13	 58050000	 59150000	22
chr13	 58900000	 58250000	13
chr13	 59350000	 57550000	36
chr13	 59650000	 58400000	25
chr13	 61550000	 61550000	0
chr13	 64850000	 65850000	20
chr13	 65450000	 66300000	17
chr13	 68500000	 67800000	14
chr13	 69350000	 72050000	54
chr13	 70650000	 69850000	16
chr13	 72000000	 71450000	11
chr13	 73500000	 74350000	17
chr13	 80050000	 80050000	0
chr13	 80600000	 79700000	18
chr13	 80900000	 82050000	23
chr13	 82600000	 81050000	31
chr13	 84000000	 82950000	21
chr13	 86200000	 88100000	38
chr13	 95400000	 94350000	21
chr13	 98250000	 97400000	17
chr13	 99200000	100450000	25
chr13	101300000	100600000	14
chr13	104350000	102850000	30
chr13	104800000	104400000	8
chr13	107000000	106500000	10
chr13	110550000	108950000	32
chr13	115950000	115300000	13
chr14	  1250000	  2950000	34
chr14	  3250000	  5000000	35
chr14	  5550000	  5050000	10
chr14	  6050000	  6800000	15
chr14	  7150000	  8150000	20
chr14	  8800000	  8300000	10
chr14	 13550000	 14400000	17
chr14	 14400000	 13300000	22
chr14	 17400000	 18600000	24
chr14	 18300000	 16900000	28
chr14	 19850000	 18750000	22
chr14	 20450000	 19200000	25
chr14	 21950000	 19650000	46
chr14	 24100000	 24650000	11
chr14	 28850000	 27850000	20
chr14	 30100000	 31200000	22
chr14	 30450000	 31600000	23
chr14	 35250000	 36050000	16
chr14	 37200000	 35750000	29
chr14	 37450000	 35950000	30
chr14	 37450000	 38100000	13
chr14	 39600000	 38800000	16
chr14	 40850000	 38800000	41
chr14	 48900000	 49500000	12
chr14	 57150000	 58650000	30
chr14	 58950000	 59800000	17
chr14	 60150000	 60150000	0
chr14	 60600000	 59150000	29
chr14	 60800000	 60100000	14
chr14	 61850000	 62900000	21
chr14	 63300000	 64150000	17
chr14	 65200000	 64600000	12
chr14	 66950000	 69500000	51
chr14	 68050000	 66500000	31
chr14	 69500000	 74050000	91
chr14	 70300000	 71000000	14
chr14	 75350000	 76200000	17
chr14	 76650000	 77750000	22
chr14	 77900000	 77600000	6
chr14	 78000000	 77000000	20
chr14	 81500000	 80800000	14
chr14	 82300000	 83800000	30
chr14	 87700000	 86500000	24
chr14	 88950000	 89450000	10
chr14	 88950000	 90300000	27
chr14	 90850000	 89100000	35
chr14	 91650000	 93400000	35
chr14	 93200000	 94900000	34
chr14	 93300000	 94300000	20
chr14	 93350000	 92550000	16
chr14	 93500000	 95200000	34
chr14	 99550000	 96600000	59
chr14	109950000	110750000	16
chr14	112300000	112900000	12
chr14	114150000	113450000	14
chr14	114850000	113850000	20
chr14	115950000	116650000	14
chr14	116650000	117850000	24
chr14	117450000	118900000	29
chr14	118950000	116400000	51
chr14	122100000	120800000	26
chr15	  2700000	  4300000	32
chr15	  3800000	  3100000	14
chr15	  4350000	  6050000	34
chr15	  4700000	  4700000	0
chr15	  6100000	  7700000	32
chr15	  8000000	  5400000	52
chr15	  9900000	  7900000	40
chr15	 10600000	  8900000	34
chr15	 10650000	 11750000	22
chr15	 13350000	 12200000	23
chr15	 14300000	 15750000	29
chr15	 15200000	 13700000	30
chr15	 19250000	 20900000	33
chr15	 19900000	 20450000	11
chr15	 19900000	 20950000	21
chr15	 29700000	 29450000	5
chr15	 34850000	 33100000	35
chr15	 34900000	 34300000	12
chr15	 35800000	 34600000	24
chr15	 37550000	 35150000	48
chr15	 41300000	 40150000	23
chr15	 44850000	 43950000	18
chr15	 45700000	 47550000	37
chr15	 46500000	 44650000	37
chr15	 47950000	 46700000	25
chr15	 51850000	 51050000	16
chr15	 52900000	 52450000	9
chr15	 53950000	 54400000	9
chr15	 54100000	 55800000	34
chr15	 56450000	 59200000	55
chr15	 58100000	 59300000	24
chr15	 59650000	 61250000	32
chr15	 62050000	 60600000	29
chr15	 62350000	 64000000	33
chr15	 63050000	 62800000	5
chr15	 63250000	 62300000	19
chr15	 66200000	 64600000	32
chr15	 66200000	 66850000	13
chr15	 70900000	 70200000	14
chr15	 75450000	 76100000	13
chr15	 76900000	 79400000	50
chr15	 79850000	 81100000	25
chr15	 81300000	 78000000	66
chr15	 81750000	 82550000	16
chr15	 83850000	 81100000	55
chr15	 85100000	 84700000	8
chr15	 85200000	 84050000	23
chr15	 86350000	 87000000	13
chr15	 88800000	 87150000	33
chr15	 95350000	 96350000	20
chr15	 97700000	 97950000	5
chr15	101300000	100200000	22
chr15	103750000	103750000	0
chr16	  2500000	  1350000	23
chr16	  4150000	  1700000	49
chr16	  8200000	  9150000	19
chr16	 10450000	 11900000	29
chr16	 11650000	 12200000	11
chr16	 13750000	 14900000	23
chr16	 14000000	 12600000	28
chr16	 14300000	 13250000	21
chr16	 14600000	 15200000	12
chr16	 16950000	 17600000	13
chr16	 20900000	 22400000	30
chr16	 25850000	 28950000	62
chr16	 28600000	 27850000	15
chr16	 31800000	 32050000	5
chr16	 31900000	 29200000	54
chr16	 32450000	 33950000	30
chr16	 32550000	 33250000	14
chr16	 34550000	 33550000	20
chr16	 34950000	 34100000	17
chr16	 41550000	 43850000	46
chr16	 43050000	 41650000	28
chr16	 44150000	 45250000	22
chr16	 48900000	 47050000	37
chr16	 49550000	 47650000	38
chr16	 55100000	 56450000	27
chr16	 60000000	 57100000	58
chr16	 65600000	 65000000	12
chr16	 66400000	 63800000	52
chr16	 66450000	 64500000	39
chr16	 68550000	 69000000	9
chr16	 69800000	 70700000	18
chr16	 70100000	 71050000	19
chr16	 73650000	 73000000	13
chr16	 73950000	 74750000	16
chr16	 74100000	 75100000	20
chr16	 76350000	 74750000	32
chr16	 77750000	 79500000	35
chr16	 79550000	 78250000	26
chr16	 84600000	 84100000	10
chr16	 84850000	 85700000	17
chr16	 85550000	 83200000	47
chr16	 87700000	 86600000	22
chr16	 87750000	 89050000	26
chr16	 88950000	 87050000	38
chr16	 89150000	 88600000	11
chr16	 89250000	 90950000	34
chr16	 91950000	 90900000	21
chr16	 93450000	 94650000	24
chr16	 94800000	 93400000	28
chr16	 94900000	 94350000	11
chr17	  1550000	  2050000	10
chr17	  3650000	  6600000	59
chr17	  6700000	  5650000	21
chr17	  8300000	  9050000	15
chr17	 11150000	 12100000	19
chr17	 16250000	 16800000	11
chr17	 16450000	 17500000	21
chr17	 16500000	 15800000	14
chr17	 16700000	 18000000	26
chr17	 16950000	 17250000	6
chr17	 18050000	 17300000	15
chr17	 25250000	 24500000	15
chr17	 25550000	 26600000	21
chr17	 27450000	 26750000	14
chr17	 35100000	 34550000	11
chr17	 35700000	 37600000	38
chr17	 37300000	 36700000	12
chr17	 38700000	 37000000	34
chr17	 41950000	 43250000	26
chr17	 45700000	 44500000	24
chr17	 46100000	 45350000	15
chr17	 47850000	 48950000	22
chr17	 48100000	 49100000	20
chr17	 49900000	 48100000	36
chr17	 52100000	 51100000	20
chr17	 53700000	 52850000	17
chr17	 58300000	 57400000	18
chr17	 62200000	 61000000	24
chr17	 62200000	 61250000	19
chr17	 64800000	 64150000	13
chr17	 65200000	 63450000	35
chr17	 67350000	 68150000	16
chr17	 71150000	 69150000	40
chr17	 74300000	 72950000	27
chr17	 78650000	 76900000	35
chr17	 79900000	 78000000	38
chr17	 85250000	 83100000	43
chr17	 90650000	 91200000	11
chr17	 92100000	 93750000	33
chr17	 92150000	 90100000	41
chr18	   300000	   900000	12
chr18	  2300000	  3000000	14
chr18	  3800000	  3450000	7
chr18	  4200000	  4900000	14
chr18	  6550000	  5950000	12
chr18	  7200000	  8500000	26
chr18	  7450000	  8150000	14
chr18	 10700000	 14050000	67
chr18	 21200000	 19850000	27
chr18	 23750000	 25500000	35
chr18	 25050000	 22600000	49
chr18	 25350000	 25050000	6
chr18	 25500000	 22100000	68
chr18	 25750000	 26000000	5
chr18	 26100000	 25500000	12
chr18	 26200000	 27450000	25
chr18	 26850000	 26250000	12
chr18	 27250000	 28400000	23
chr18	 29850000	 28850000	20
chr18	 33100000	 31150000	39
chr18	 36250000	 37650000	28
chr18	 39450000	 41650000	44
chr18	 39900000	 37800000	42
chr18	 45150000	 44300000	17
chr18	 45450000	 46300000	17
chr18	 46500000	 45850000	13
chr18	 47050000	 46350000	14
chr18	 47750000	 49600000	37
chr18	 48500000	 47350000	23
chr18	 48500000	 49500000	20
chr18	 48650000	 50600000	39
chr18	 49150000	 52650000	70
chr18	 50200000	 51000000	16
chr18	 51050000	 50300000	15
chr18	 51450000	 53100000	33
chr18	 55150000	 57050000	38
chr18	 55400000	 53800000	32
chr18	 57250000	 55850000	28
chr18	 60100000	 61350000	25
chr18	 63100000	 63850000	15
chr18	 63350000	 63950000	12
chr18	 63650000	 64050000	8
chr18	 65200000	 63950000	25
chr18	 69550000	 70350000	16
chr18	 71000000	 70400000	12
chr18	 72550000	 73850000	26
chr18	 76750000	 76050000	14
chr18	 76850000	 75650000	24
chr18	 77400000	 77850000	9
chr18	 78100000	 79800000	34
chr18	 79650000	 79100000	11
chr18	 80600000	 82350000	35
chr18	 81050000	 81700000	13
chr18	 81150000	 79800000	27
chr18	 81300000	 79750000	31
chr18	 82300000	 83450000	23
chr18	 84350000	 85250000	18
chr18	 85650000	 86550000	18
chr18	 85750000	 84200000	31
chr18	 88450000	 89250000	16
chr19	  1600000	  2550000	19
chr19	  3150000	  3850000	14
chr19	  4550000	  4250000	6
chr19	 10850000	 10400000	9
chr19	 12600000	 10550000	41
chr19	 14600000	 15250000	13
chr19	 16200000	 15850000	7
chr19	 18950000	 16100000	57
chr19	 18950000	 17850000	22
chr19	 22300000	 22900000	12
chr19	 24250000	 25350000	22
chr19	 24600000	 23650000	19
chr19	 24700000	 23100000	32
chr19	 29050000	 26900000	43
chr19	 29300000	 28800000	10
chr19	 35200000	 36700000	30
chr19	 35600000	 37600000	40
chr19	 38050000	 36800000	25
chr19	 41800000	 41300000	10
chr19	 42550000	 41850000	14
chr19	 42700000	 43150000	9
chr19	 43700000	 42850000	17
chr19	 46100000	 45200000	18
chr19	 46750000	 51400000	93
chr19	 48250000	 48750000	10
chr19	 48450000	 49650000	24
chr19	 51050000	 53000000	39
chr19	 55850000	 56950000	22
chr19	 57550000	 58550000	20
chr19	 59150000	 57750000	28
chr2	  8350000	  7550000	16
chr2	  8550000	 10300000	35
chr2	 11000000	  8350000	53
chr2	 11000000	  9550000	29
chr2	 13200000	 12100000	22
chr2	 15250000	 16150000	18
chr2	 23150000	 23800000	13
chr2	 27650000	 29500000	37
chr2	 32500000	 31200000	26
chr2	 33100000	 32450000	13
chr2	 43750000	 44150000	8
chr2	 44300000	 45450000	23
chr2	 44450000	 43350000	22
chr2	 44500000	 45000000	10
chr2	 45900000	 46950000	21
chr2	 46500000	 46700000	4
chr2	 47250000	 46250000	20
chr2	 48350000	 49150000	16
chr2	 49600000	 47900000	34
chr2	 51900000	 51900000	0
chr2	 52050000	 50550000	30
chr2	 54200000	 54650000	9
chr2	 54250000	 53450000	16
chr2	 55300000	 55000000	6
chr2	 55900000	 58300000	48
chr2	 58150000	 59000000	17
chr2	 60900000	 59950000	19
chr2	 63200000	 62100000	22
chr2	 63550000	 62850000	14
chr2	 66200000	 67100000	18
chr2	 66650000	 67750000	22
chr2	 67250000	 68800000	31
chr2	 68900000	 69500000	12
chr2	 70650000	 71500000	17
chr2	 71500000	 72700000	24
chr2	 73450000	 75500000	41
chr2	 74850000	 75700000	17
chr2	 76600000	 74750000	37
chr2	 78600000	 80000000	28
chr2	 81750000	 82750000	20
chr2	 82550000	 83400000	17
chr2	 84800000	 86500000	34
chr2	 85300000	 83500000	36
chr2	 85400000	 83350000	41
chr2	 85550000	 83050000	50
chr2	 86100000	 87900000	36
chr2	 86950000	 88100000	23
chr2	 90250000	 89550000	14
chr2	 90550000	 90100000	9
chr2	 91950000	 92700000	15
chr2	 94000000	 94500000	10
chr2	 95000000	 93200000	36
chr2	 95300000	 95800000	10
chr2	103950000	105500000	31
chr2	104300000	107450000	63
chr2	107400000	106750000	13
chr2	107600000	108650000	21
chr2	109250000	111050000	36
chr2	109650000	110300000	13
chr2	110700000	111350000	13
chr2	111150000	112650000	30
chr2	113050000	111700000	27
chr2	113200000	113650000	9
chr2	113600000	112650000	19
chr2	115650000	113900000	35
chr2	117600000	116800000	16
chr2	120000000	119000000	20
chr2	121650000	123100000	29
chr2	123900000	123350000	11
chr2	126650000	124850000	36
chr2	128000000	126100000	38
chr2	133350000	132050000	26
chr2	137800000	138650000	17
chr2	142300000	140700000	32
chr2	148100000	149200000	22
chr2	151200000	153450000	45
chr2	151950000	151450000	10
chr2	158150000	157050000	22
chr2	158650000	160050000	28
chr2	160100000	159700000	8
chr2	162000000	161000000	20
chr2	163600000	164300000	14
chr2	165200000	166250000	21
chr2	172350000	171900000	9
chr2	173950000	173100000	17
chr2	174050000	176650000	52
chr2	174400000	175200000	16
chr2	174700000	175900000	24
chr2	176500000	176150000	7
chr2	177550000	177850000	6
chr2	179300000	179850000	11
chr3	  4150000	  3250000	18
chr3	  4750000	  3000000	35
chr3	  5450000	  4150000	26
chr3	  8050000	  8550000	10
chr3	 15150000	 15600000	9
chr3	 15550000	 14550000	20
chr3	 17550000	 18450000	18
chr3	 18150000	 18850000	14
chr3	 18650000	 16650000	40
chr3	 20250000	 19350000	18
chr3	 42200000	 42450000	5
chr3	 44250000	 45000000	15
chr3	 44900000	 41650000	65
chr3	 45350000	 47000000	33
chr3	 48300000	 47950000	7
chr3	 52250000	 51400000	17
chr3	 53750000	 53150000	12
chr3	 55000000	 54500000	10
chr3	 55850000	 57200000	27
chr3	 61100000	 62550000	29
chr3	 62500000	 64950000	49
chr3	 64100000	 65950000	37
chr3	 64450000	 63500000	19
chr3	 66500000	 68050000	31
chr3	 68800000	 68400000	8
chr3	 70750000	 70200000	11
chr3	 75400000	 75900000	10
chr3	 76350000	 75100000	25
chr3	 80250000	 81350000	22
chr3	 81600000	 79450000	43
chr3	 82250000	 82650000	8
chr3	 82600000	 83650000	21
chr3	 84700000	 85550000	17
chr3	 84750000	 83850000	18
chr3	 86000000	 85100000	18
chr3	 86150000	 86700000	11
chr3	 88550000	 89600000	21
chr3	 91650000	 92500000	17
chr3	 91900000	 90150000	35
chr3	 92800000	 93400000	12
chr3	 97350000	 96650000	14
chr3	 98000000	 99450000	29
chr3	 98650000	 99700000	21
chr3	102150000	102950000	16
chr3	104550000	103200000	27
chr3	105250000	106250000	20
chr3	106400000	105150000	25
chr3	110350000	109050000	26
chr3	111800000	110250000	31
chr3	112700000	112050000	13
chr3	115150000	115250000	2
chr3	115550000	115000000	11
chr3	118450000	116000000	49
chr3	119000000	119450000	9
chr3	119500000	120450000	19
chr3	121600000	122350000	15
chr3	121800000	121400000	8
chr3	122100000	123000000	18
chr3	123450000	123000000	9
chr3	123950000	122750000	24
chr3	124950000	124500000	9
chr3	126850000	126250000	12
chr3	133500000	135000000	30
chr3	133750000	132050000	34
chr3	133850000	134400000	11
chr3	134050000	135200000	23
chr3	136100000	134150000	39
chr3	137100000	138850000	35
chr3	137950000	139100000	23
chr3	138750000	138150000	12
chr3	138850000	137850000	20
chr3	138850000	138550000	6
chr3	139000000	139350000	7
chr3	139300000	140150000	17
chr3	141350000	140300000	21
chr3	141750000	142550000	16
chr3	142050000	143100000	21
chr3	143650000	144000000	7
chr3	146100000	145650000	9
chr3	146250000	146750000	10
chr3	146300000	147600000	26
chr3	147600000	146750000	17
chr3	147600000	147150000	9
chr3	148250000	146800000	29
chr3	149400000	150950000	31
chr3	149850000	148650000	24
chr3	153350000	154550000	24
chr3	154300000	154600000	6
chr3	155800000	156200000	8
chr3	158200000	157200000	20
chr3	159450000	157700000	35
chr4	  2350000	  4750000	48
chr4	 11100000	 11750000	13
chr4	 15700000	 13750000	39
chr4	 16300000	 16800000	10
chr4	 19450000	 18050000	28
chr4	 19550000	 20500000	19
chr4	 26100000	 25550000	11
chr4	 27100000	 28400000	26
chr4	 27950000	 27600000	7
chr4	 29150000	 29150000	0
chr4	 30050000	 29550000	10
chr4	 32950000	 31550000	28
chr4	 33250000	 32100000	23
chr4	 37200000	 36850000	7
chr4	 37650000	 37250000	8
chr4	 38300000	 38800000	10
chr4	 39900000	 41050000	23
chr4	 41050000	 40350000	14
chr4	 42350000	 41350000	20
chr4	 45100000	 43450000	33
chr4	 47250000	 47650000	8
chr4	 47750000	 49150000	28
chr4	 48400000	 47500000	18
chr4	 48900000	 48350000	11
chr4	 51600000	 51200000	8
chr4	 53350000	 51900000	29
chr4	 53800000	 56450000	53
chr4	 54350000	 55300000	19
chr4	 55400000	 57900000	50
chr4	 56350000	 55900000	9
chr4	 57800000	 58100000	6
chr4	 59000000	 60650000	33
chr4	 62000000	 61500000	10
chr4	 63250000	 61300000	39
chr4	 65700000	 64800000	18
chr4	 67300000	 68350000	21
chr4	 67500000	 69500000	40
chr4	 76400000	 75650000	15
chr4	 76800000	 75900000	18
chr4	 90500000	 91500000	20
chr4	 90650000	 89950000	14
chr4	 96400000	 96850000	9
chr4	 96500000	 95750000	15
chr4	 98150000	 99400000	25
chr4	 98200000	 97350000	17
chr4	100000000	 97550000	49
chr4	101800000	100200000	32
chr4	105000000	104500000	10
chr4	105750000	106900000	23
chr4	108200000	109550000	27
chr4	110900000	111550000	13
chr4	115250000	114350000	18
chr4	116550000	117950000	28
chr4	116950000	115400000	31
chr4	121700000	120550000	23
chr4	123000000	123600000	12
chr4	124300000	122000000	46
chr4	125700000	126900000	24
chr4	125750000	124600000	23
chr4	129500000	130450000	19
chr4	131500000	132700000	24
chr4	135450000	136550000	22
chr4	136050000	134550000	30
chr4	137150000	135950000	24
chr4	138200000	139400000	24
chr4	140200000	138200000	40
chr4	143600000	145550000	39
chr4	144300000	144550000	5
chr4	146650000	146150000	10
chr4	147650000	148000000	7
chr4	150150000	151400000	25
chr4	152650000	154700000	41
chr4	153800000	151950000	37
chr4	154200000	153600000	12
chr4	156000000	156500000	10
chr5	  5100000	  5600000	10
chr5	  5200000	  6900000	34
chr5	  6900000	  5750000	23
chr5	  7500000	  6750000	15
chr5	 10250000	 11350000	22
chr5	 11350000	 10650000	14
chr5	 12850000	 11350000	30
chr5	 14250000	 18150000	78
chr5	 14600000	 16100000	30
chr5	 15300000	 13850000	29
chr5	 16800000	 18600000	36
chr5	 17000000	 19300000	46
chr5	 18950000	 18100000	17
chr5	 22550000	 23550000	20
chr5	 23200000	 23750000	11
chr5	 25050000	 24200000	17
chr5	 26200000	 27050000	17
chr5	 27000000	 28350000	27
chr5	 28250000	 30100000	37
chr5	 28500000	 29050000	11
chr5	 39250000	 37050000	44
chr5	 40650000	 38550000	42
chr5	 41850000	 39750000	42
chr5	 43650000	 45600000	39
chr5	 45200000	 44550000	13
chr5	 46250000	 45500000	15
chr5	 53650000	 55550000	38
chr5	 54150000	 55800000	33
chr5	 55550000	 56000000	9
chr5	 59600000	 60950000	27
chr5	 63000000	 63500000	10
chr5	 64000000	 64550000	11
chr5	 64700000	 63150000	31
chr5	 65300000	 65650000	7
chr5	 67600000	 68650000	21
chr5	 68000000	 67350000	13
chr5	 69000000	 68350000	13
chr5	 69600000	 68450000	23
chr5	 73250000	 71200000	41
chr5	 74400000	 72950000	29
chr5	 75850000	 78100000	45
chr5	 76050000	 74800000	25
chr5	 83700000	 81950000	35
chr5	 84400000	 83000000	28
chr5	 85600000	 84800000	16
chr5	 85850000	 84600000	25
chr5	 88950000	 86100000	57
chr5	 89400000	 88300000	22
chr5	 91200000	 90500000	14
chr5	 92850000	 93700000	17
chr5	 93050000	 91600000	29
chr5	 97300000	 97950000	13
chr5	 99350000	101000000	33
chr5	100750000	 99600000	23
chr5	101250000	100400000	17
chr5	103850000	104600000	15
chr5	105650000	106400000	15
chr5	107050000	108100000	21
chr5	114850000	116100000	25
chr5	118600000	120400000	36
chr5	120350000	122600000	45
chr5	120600000	119450000	23
chr5	121250000	120400000	17
chr5	123050000	121750000	26
chr5	123600000	123600000	0
chr5	129450000	130600000	23
chr5	131300000	130400000	18
chr5	133150000	134300000	23
chr5	134750000	132350000	48
chr5	138350000	137850000	10
chr5	145150000	144250000	18
chr5	148850000	146800000	41
chr5	149250000	150100000	17
chr6	  6200000	  4500000	34
chr6	  7450000	  7850000	8
chr6	  7600000	  8400000	16
chr6	 12050000	 13200000	23
chr6	 13500000	 14500000	20
chr6	 14850000	 15350000	10
chr6	 15600000	 17400000	36
chr6	 15900000	 17150000	25
chr6	 16250000	 17000000	15
chr6	 16450000	 17300000	17
chr6	 17500000	 16250000	25
chr6	 20600000	 19150000	29
chr6	 22900000	 23850000	19
chr6	 23150000	 24700000	31
chr6	 24000000	 25600000	32
chr6	 25050000	 23650000	28
chr6	 30350000	 29550000	16
chr6	 30650000	 31300000	13
chr6	 30700000	 29600000	22
chr6	 33600000	 31700000	38
chr6	 34850000	 34400000	9
chr6	 35450000	 34850000	12
chr6	 35950000	 34100000	37
chr6	 45550000	 46650000	22
chr6	 52250000	 53950000	34
chr6	 53350000	 55000000	33
chr6	 53650000	 55850000	44
chr6	 53750000	 55200000	29
chr6	 54500000	 55150000	13
chr6	 55550000	 54700000	17
chr6	 56700000	 57600000	18
chr6	 58900000	 60150000	25
chr6	 59400000	 60200000	16
chr6	 61050000	 61350000	6
chr6	 62150000	 63650000	30
chr6	 66000000	 67050000	21
chr6	 67300000	 68200000	18
chr6	 69200000	 70200000	20
chr6	 72750000	 70550000	44
chr6	 73900000	 74850000	19
chr6	 76800000	 77400000	12
chr6	 77850000	 79200000	27
chr6	 80550000	 79950000	12
chr6	 80700000	 79950000	15
chr6	 81650000	 83800000	43
chr6	 82600000	 83200000	12
chr6	 83550000	 85000000	29
chr6	 88850000	 90150000	26
chr6	 89400000	 88100000	26
chr6	 91900000	 93300000	28
chr6	 92100000	 90250000	37
chr6	 92700000	 95450000	55
chr6	 93900000	 94850000	19
chr6	 94950000	 94350000	12
chr6	 97450000	 96800000	13
chr6	 98300000	 96600000	34
chr6	 98650000	 97750000	18
chr6	 99300000	 97700000	32
chr6	100400000	100400000	0
chr6	102900000	103550000	13
chr6	107050000	108500000	29
chr6	109550000	110300000	15
chr6	110900000	110200000	14
chr6	117500000	118550000	21
chr6	117550000	115750000	36
chr6	117900000	117400000	10
chr6	119300000	119050000	5
chr6	119600000	120500000	18
chr6	120650000	121050000	8
chr6	124450000	124950000	10
chr6	127300000	127900000	12
chr6	127750000	127300000	9
chr6	128500000	129950000	29
chr6	130500000	130100000	8
chr6	131800000	132350000	11
chr6	134100000	132850000	25
chr6	136400000	137250000	17
chr6	139250000	140000000	15
chr6	141250000	145000000	75
chr6	142800000	142200000	12
chr6	143200000	142450000	15
chr6	146400000	147450000	21
chr6	146650000	149150000	50
chr6	147600000	147450000	3
chr7	  1800000	  1000000	16
chr7	  2900000	  2600000	6
chr7	  3550000	  4850000	26
chr7	 11200000	 10400000	16
chr7	 11950000	 10300000	33
chr7	 12550000	 13600000	21
chr7	 13900000	 14650000	15
chr7	 14850000	 13600000	25
chr7	 20300000	 18500000	36
chr7	 22650000	 23400000	15
chr7	 22850000	 23650000	16
chr7	 24950000	 24450000	10
chr7	 28850000	 27200000	33
chr7	 30150000	 29950000	4
chr7	 32700000	 31450000	25
chr7	 33200000	 31500000	34
chr7	 33650000	 34650000	20
chr7	 36850000	 37500000	13
chr7	 40300000	 41300000	20
chr7	 40400000	 42150000	35
chr7	 41550000	 42950000	28
chr7	 42350000	 41650000	14
chr7	 42400000	 43050000	13
chr7	 43250000	 40950000	46
chr7	 45500000	 44500000	20
chr7	 51800000	 51400000	8
chr7	 53900000	 54150000	5
chr7	 54100000	 52800000	26
chr7	 54550000	 53600000	19
chr7	 58100000	 61650000	71
chr7	 61300000	 62600000	26
chr7	 63750000	 61800000	39
chr7	 63800000	 64600000	16
chr7	 64400000	 62850000	31
chr7	 65850000	 64400000	29
chr7	 65850000	 64700000	23
chr7	 68150000	 69900000	35
chr7	 68700000	 68300000	8
chr7	 69500000	 70200000	14
chr7	 69550000	 69100000	9
chr7	 69900000	 71300000	28
chr7	 71750000	 72750000	20
chr7	 72700000	 76050000	67
chr7	 74050000	 74900000	17
chr7	 75650000	 75350000	6
chr7	 76350000	 77250000	18
chr7	 82800000	 83550000	15
chr7	 83200000	 82800000	8
chr7	 84700000	 84300000	8
chr7	 88150000	 88950000	16
chr7	 89850000	 91000000	23
chr7	 90950000	 90050000	18
chr7	 93550000	 93950000	8
chr7	 93950000	 93400000	11
chr7	 96300000	 93250000	61
chr7	 97250000	 96500000	15
chr7	 97550000	 97150000	8
chr7	 98650000	 99500000	17
chr7	 99550000	 97400000	43
chr7	101600000	101050000	11
chr7	103750000	104500000	15
chr7	110950000	110600000	7
chr7	111650000	112000000	7
chr7	113700000	115050000	27
chr7	114100000	114800000	14
chr7	114850000	113900000	19
chr7	115250000	116200000	19
chr7	115600000	116200000	12
chr7	116600000	117800000	24
chr7	119000000	116900000	42
chr7	119500000	119100000	8
chr7	121400000	120850000	11
chr7	122900000	121450000	29
chr7	125500000	124400000	22
chr7	127300000	129850000	51
chr7	128450000	128800000	7
chr7	129400000	130850000	29
chr7	130000000	129050000	19
chr7	134350000	132800000	31
chr7	134700000	135600000	18
chr7	136650000	137550000	18
chr7	136900000	136200000	14
chr7	142800000	143250000	9
chr8	  2950000	  4050000	22
chr8	  5350000	  3950000	28
chr8	  9900000	 10600000	14
chr8	 10100000	  9000000	22
chr8	 10150000	 11250000	22
chr8	 14500000	 13600000	18
chr8	 14850000	 16300000	29
chr8	 15600000	 14600000	20
chr8	 16100000	 16750000	13
chr8	 21550000	 20550000	20
chr8	 21750000	 20000000	35
chr8	 21750000	 20850000	18
chr8	 22550000	 22050000	10
chr8	 22850000	 23250000	8
chr8	 23550000	 24800000	25
chr8	 27500000	 28850000	27
chr8	 30800000	 29550000	25
chr8	 32150000	 33550000	28
chr8	 36150000	 37750000	32
chr8	 38000000	 37050000	19
chr8	 39700000	 41450000	35
chr8	 40350000	 41250000	18
chr8	 41100000	 39100000	40
chr8	 42400000	 41650000	15
chr8	 44500000	 45100000	12
chr8	 45750000	 45050000	14
chr8	 46800000	 44450000	47
chr8	 46850000	 45550000	26
chr8	 48300000	 47050000	25
chr8	 48700000	 50550000	37
chr8	 49200000	 47950000	25
chr8	 51500000	 51700000	4
chr8	 53350000	 52600000	15
chr8	 53450000	 54600000	23
chr8	 54250000	 51750000	50
chr8	 58200000	 56550000	33
chr8	 64750000	 65850000	22
chr8	 70550000	 68950000	32
chr8	 71700000	 73200000	30
chr8	 73950000	 74750000	16
chr8	 74050000	 75850000	36
chr8	 74950000	 74500000	9
chr8	 75650000	 74400000	25
chr8	 82650000	 84300000	33
chr8	 87450000	 86700000	15
chr8	 87650000	 88000000	7
chr8	 98900000	100050000	23
chr8	 99300000	 97450000	37
chr8	101250000	102150000	18
chr8	101650000	 99800000	37
chr8	103750000	106750000	60
chr8	106000000	108100000	42
chr8	109100000	112300000	64
chr8	109250000	110050000	16
chr8	112250000	111850000	8
chr8	113550000	111900000	33
chr8	114950000	116450000	30
chr8	116000000	117500000	30
chr8	116200000	115500000	14
chr8	117300000	118700000	28
chr8	117450000	118000000	11
chr8	117950000	118900000	19
chr8	119400000	120550000	23
chr8	121450000	120550000	18
chr8	127900000	128250000	7
chr8	128400000	127050000	27
chr9	  1000000	  1950000	19
chr9	  1950000	  2650000	14
chr9	  2250000	  3100000	17
chr9	  7500000	  7950000	9
chr9	  8950000	  9600000	13
chr9	 10300000	 11150000	17
chr9	 13150000	 12800000	7
chr9	 13250000	 12200000	21
chr9	 13350000	 12750000	12
chr9	 18100000	 19200000	22
chr9	 18850000	 18250000	12
chr9	 23400000	 22450000	19
chr9	 28050000	 28750000	14
chr9	 31950000	 30600000	27
chr9	 33000000	 35000000	40
chr9	 35950000	 37150000	24
chr9	 38700000	 38900000	4
chr9	 40050000	 38250000	36
chr9	 51100000	 48350000	55
chr9	 54650000	 53900000	15
chr9	 60250000	 59250000	20
chr9	 64000000	 64650000	13
chr9	 71500000	 70650000	17
chr9	 72100000	 71000000	22
chr9	 77650000	 78800000	23
chr9	 78500000	 79550000	21
chr9	 79950000	 80700000	15
chr9	 82600000	 80950000	33
chr9	 83600000	 85800000	44
chr9	 84350000	 81850000	50
chr9	 84650000	 82450000	44
chr9	 85550000	 84350000	24
chr9	 86600000	 87450000	17
chr9	 89900000	 88550000	27
chr9	 99500000	100500000	20
chr9	 99600000	 98450000	23
chr9	103200000	104200000	20
chr9	103900000	105900000	40
chr9	115150000	114650000	10
chr9	115600000	113700000	38
chr9	118400000	117300000	22
chr9	118800000	117800000	20
chr9	119950000	118650000	26
chr9	120500000	119700000	16
chr9	122300000	120700000	32
chr9	122750000	122300000	9
chrX	   200000	  1400000	24
chrX	  3550000	  2900000	13
chrX	  7100000	  8150000	21
chrX	  8250000	  6750000	30
chrX	 12050000	 12600000	11
chrX	 14550000	 19150000	92
chrX	 17550000	 17000000	11
chrX	 17950000	 19250000	26
chrX	 19900000	 17650000	45
chrX	 24350000	 23600000	15
chrX	 24400000	 23850000	11
chrX	 25800000	 26350000	11
chrX	 29100000	 30050000	19
chrX	 31300000	 29950000	27
chrX	 31900000	 31200000	14
chrX	 36250000	 35900000	7
chrX	 38100000	 39350000	25
chrX	 38450000	 36850000	32
chrX	 38500000	 39850000	27
chrX	 40850000	 40300000	11
chrX	 42950000	 43500000	11
chrX	 46600000	 45850000	15
chrX	 49450000	 50750000	26
chrX	 50050000	 48700000	27
chrX	 50250000	 48200000	41
chrX	 51450000	 52850000	28
chrX	 52050000	 52650000	12
chrX	 53400000	 55800000	48
chrX	 55850000	 54250000	32
chrX	 56000000	 55100000	18
chrX	 61000000	 62500000	30
chrX	 65050000	 63150000	38
chrX	 66250000	 67850000	32
chrX	 67850000	 66450000	28
chrX	 73700000	 72950000	15
chrX	 75800000	 75200000	12
chrX	 76500000	 77600000	22
chrX	 77100000	 75800000	26
chrX	 80550000	 80750000	4
chrX	 82750000	 81950000	16
chrX	 82800000	 84050000	25
chrX	 84300000	 83300000	20
chrX	 84750000	 86150000	28
chrX	 92000000	 90850000	23
chrX	 94000000	 93150000	17
chrX	 94400000	 93350000	21
chrX	 94450000	 95250000	16
chrX	 95450000	 97000000	31
chrX	 96500000	 99300000	56
chrX	 97450000	 98050000	12
chrX	100500000	 99250000	25
chrX	100600000	100100000	10
chrX	101400000	101700000	6
chrX	104950000	105450000	10
chrX	105000000	102100000	58
chrX	105100000	103400000	34
chrX	107250000	108050000	16
chrX	108400000	107850000	11
chrX	108800000	108450000	7
chrX	110650000	112900000	45
chrX	110900000	112000000	22
chrX	116850000	118250000	28
chrX	117800000	116550000	25
chrX	119350000	121600000	45
chrX	121500000	120900000	12
chrX	123200000	121950000	25
chrX	123800000	122500000	26
chrX	124100000	124900000	16
chrX	129550000	128650000	18
chrX	130450000	129150000	26
chrX	132200000	132800000	12
chrX	132200000	133050000	17
chrX	133300000	131800000	30
chrX	135750000	135150000	12
chrX	135850000	135850000	0
chrX	136350000	135550000	16
chrX	137200000	137500000	6
chrX	137700000	138700000	20
chrX	138450000	140100000	33
chrX	139750000	138250000	30
chrX	145150000	145850000	14
chrX	145750000	149400000	73
chrX	146800000	148450000	33
chrX	147500000	148700000	24
chrX	149550000	148950000	12
chrX	149750000	150550000	16
chrX	149950000	149200000	15
chrX	150400000	148750000	33
chrX	150650000	150050000	12
chrX	151450000	150750000	14
chrX	154650000	155250000	12
chrX	155600000	154750000	17
chrX	157750000	157300000	9
chrX	159100000	161900000	56
chrX	161500000	160200000	26
chrX	168400000	167500000	18
chrX	168900000	170300000	28
chrX	169000000	167850000	23
chrY	   650000	    50000	12
chrY	  2850000	  3200000	7
chrY	  3000000	  4950000	39
chrY	  6050000	  5200000	17
chrY	  6350000	  7300000	19
chrY	  6500000	  5600000	18
chrY	  8300000	  8100000	4
chrY	 18400000	 17550000	17
chrY	 18700000	 18150000	11
chrY	 19200000	 19700000	10
chrY	 19650000	 17550000	42
chrY	 20550000	 20950000	8
chrY	 23750000	 22950000	16
chrY	 25000000	 25750000	15
chrY	 27150000	 27950000	16
chrY	 28700000	 29750000	21
chrY	 28800000	 26700000	42
chrY	 29450000	 25850000	72
chrY	 35150000	 34500000	13
chrY	 35850000	 35400000	9
chrY	 41550000	 40800000	15
chrY	 44300000	 43650000	13
chrY	 45850000	 47750000	38
chrY	 51750000	 52300000	11
chrY	 53100000	 52300000	16
chrY	 54250000	 52900000	27
chrY	 56250000	 56950000	14
chrY	 57050000	 56300000	15
chrY	 59050000	 58000000	21
chrY	 60000000	 57800000	44
chrY	 62150000	 63400000	25
chrY	 63350000	 63750000	8
chrY	 63750000	 63100000	13
chrY	 66800000	 64750000	41
chrY	 69000000	 70100000	22
chrY	 70650000	 69600000	21
chrY	 70750000	 72300000	31
chrY	 72050000	 70750000	26
chrY	 73200000	 72550000	13
chrY	 78800000	 80100000	26
chrY	 82350000	 83900000	31
chrY	 83250000	 82900000	7
chrY	 83500000	 82150000	27
chrY	 84950000	 81450000	70
chrY	 86450000	 84750000	34
chrY	 88550000	 89850000	26
chrY	 88800000	 87850000	19
