chr1	  2550000	  3250000	14
chr1	  2850000	  4900000	41
chr1	  5050000	  5700000	13
chr1	  7300000	  7000000	6
chr1	  7350000	  6150000	24
chr1	 11050000	 10150000	18
chr1	 13900000	 12450000	29
chr1	 13950000	 14650000	14
chr1	 14600000	 13850000	15
chr1	 14700000	 16150000	29
chr1	 20750000	 22050000	26
chr1	 24500000	 23800000	14
chr1	 24950000	 23650000	26
chr1	 27150000	 28900000	35
chr1	 30050000	 28800000	25
chr1	 30100000	 31250000	23
chr1	 35800000	 31150000	93
chr1	 38750000	 38150000	12
chr1	 39750000	 40800000	21
chr1	 41750000	 40650000	22
chr1	 45700000	 46800000	22
chr1	 46450000	 44650000	36
chr1	 47800000	 48750000	19
chr1	 48150000	 47200000	19
chr1	 50700000	 52350000	33
chr1	 52150000	 53050000	18
chr1	 53850000	 53250000	12
chr1	 54250000	 54900000	13
chr1	 55250000	 52800000	49
chr1	 56750000	 55950000	16
chr1	 56850000	 57900000	21
chr1	 58400000	 58050000	7
chr1	 59700000	 60550000	17
chr1	 60000000	 59200000	16
chr1	 60750000	 58250000	50
chr1	 61200000	 61650000	9
chr1	 62100000	 61250000	17
chr1	 62550000	 61150000	28
chr1	 64600000	 63850000	15
chr1	 66000000	 63050000	59
chr1	 71050000	 70650000	8
chr1	 72050000	 74100000	41
chr1	 75650000	 74850000	16
chr1	 75800000	 76550000	15
chr1	 80450000	 81550000	22
chr1	 80950000	 81300000	7
chr1	 82950000	 81850000	22
chr1	 83500000	 81250000	45
chr1	 85550000	 86750000	24
chr1	 88650000	 90300000	33
chr1	 91250000	 91800000	11
chr1	 91300000	 92800000	30
chr1	 94150000	 92400000	35
chr1	 95350000	 96150000	16
chr1	 97150000	 96200000	19
chr1	100500000	 99700000	16
chr1	101950000	102600000	13
chr1	106550000	105350000	24
chr1	106850000	106250000	12
chr1	109250000	108750000	10
chr1	110050000	111050000	20
chr1	112500000	110000000	50
chr1	119950000	120600000	13
chr1	120350000	118550000	36
chr1	122850000	124400000	31
chr1	125050000	126850000	36
chr1	127600000	129700000	42
chr1	131700000	133950000	45
chr1	132700000	133650000	19
chr1	134450000	133150000	26
chr1	138950000	137800000	23
chr1	143850000	144450000	12
chr1	148350000	145500000	57
chr1	151500000	149150000	47
chr1	154800000	155800000	20
chr1	158750000	157800000	19
chr1	160650000	160100000	11
chr1	163600000	162750000	17
chr1	165250000	164350000	18
chr1	166400000	165250000	23
chr1	167700000	168400000	14
chr1	168350000	169100000	15
chr1	169800000	170800000	20
chr1	170050000	171150000	22
chr1	174700000	175150000	9
chr1	175300000	176450000	23
chr1	175500000	176150000	13
chr1	175900000	177850000	39
chr1	180100000	181600000	30
chr1	182150000	182700000	11
chr1	182400000	181650000	15
chr1	182850000	182300000	11
chr1	183450000	183450000	0
chr1	184150000	183100000	21
chr1	185700000	185250000	9
chr1	187400000	188450000	21
chr1	187900000	187100000	16
chr1	188050000	189400000	27
chr1	189100000	190350000	25
chr10	  1100000	   900000	4
chr10	  4300000	  3600000	14
chr10	  7050000	  7650000	12
chr10	  7500000	  6350000	23
chr10	  8800000	  7800000	20
chr10	 11150000	 10800000	7
chr10	 13800000	 13400000	8
chr10	 14800000	 15700000	18
chr10	 14950000	 14450000	10
chr10	 19250000	 18750000	10
chr10	 25750000	 24100000	33
chr10	 26450000	 28150000	34
chr10	 27600000	 26850000	15
chr10	 28000000	 29200000	24
chr10	 30300000	 28450000	37
chr10	 30750000	 32050000	26
chr10	 31100000	 29800000	26
chr10	 31350000	 28450000	58
chr10	 31900000	 31000000	18
chr10	 32650000	 33750000	22
chr10	 32900000	 34850000	39
chr10	 34500000	 33850000	13
chr10	 35700000	 34750000	19
chr10	 38900000	 37200000	34
chr10	 39150000	 39600000	9
chr10	 39650000	 37650000	40
chr10	 39850000	 39450000	8
chr10	 39950000	 41000000	21
chr10	 41850000	 43800000	39
chr10	 42350000	 41250000	22
chr10	 43800000	 42600000	24
chr10	 45100000	 44350000	15
chr10	 47450000	 47050000	8
chr10	 51700000	 52500000	16
chr10	 55700000	 56700000	20
chr10	 57350000	 56300000	21
chr10	 60950000	 59800000	23
chr10	 62300000	 60650000	33
chr10	 63050000	 61950000	22
chr10	 63650000	 64150000	10
chr10	 63700000	 64050000	7
chr10	 68300000	 68100000	4
chr10	 72850000	 72200000	13
chr10	 72950000	 71100000	37
chr10	 74650000	 75900000	25
chr10	 76000000	 75450000	11
chr10	 76500000	 75300000	24
chr10	 76800000	 74100000	54
chr10	 79250000	 78850000	8
chr10	 81000000	 79100000	38
chr10	 83250000	 82700000	11
chr10	 83850000	 85100000	25
chr10	 83950000	 83400000	11
chr10	 84350000	 85700000	27
chr10	 84500000	 85150000	13
chr10	 84950000	 83400000	31
chr10	 85300000	 84450000	17
chr10	 87250000	 88900000	33
chr10	 91400000	 90850000	11
chr10	 92650000	 91700000	19
chr10	100100000	101550000	29
chr10	101050000	101500000	9
chr10	102750000	101800000	19
chr10	103350000	102600000	15
chr10	105450000	104950000	10
chr10	106700000	107200000	10
chr10	107050000	104050000	60
chr10	107500000	108550000	21
chr10	111450000	110900000	11
chr10	111500000	113500000	40
chr10	111900000	114650000	55
chr10	112700000	111100000	32
chr10	119600000	122000000	48
chr10	119900000	119000000	18
chr10	123900000	123400000	10
chr10	125950000	126450000	10
chr10	126650000	125900000	15
chr10	127450000	126600000	17
chr10	130150000	129250000	18
chr11	  2650000	  1300000	27
chr11	  5900000	  8900000	60
chr11	  6150000	  8900000	55
chr11	  7200000	  6350000	17
chr11	  8650000	 10100000	29
chr11	 11050000	 10300000	15
chr11	 12400000	 11700000	14
chr11	 15450000	 14300000	23
chr11	 16600000	 17650000	21
chr11	 17100000	 18650000	31
chr11	 21800000	 23450000	33
chr11	 28800000	 27550000	25
chr11	 29200000	 28000000	24
chr11	 30100000	 30850000	15
chr11	 30400000	 31250000	17
chr11	 35500000	 34500000	20
chr11	 37950000	 39200000	25
chr11	 38050000	 40650000	52
chr11	 40250000	 42500000	45
chr11	 42350000	 44550000	44
chr11	 42850000	 43350000	10
chr11	 46950000	 48450000	30
chr11	 50150000	 50400000	5
chr11	 51050000	 52550000	30
chr11	 52700000	 53650000	19
chr11	 52900000	 54800000	38
chr11	 53850000	 55650000	36
chr11	 54300000	 53350000	19
chr11	 58800000	 56100000	54
chr11	 60850000	 59300000	31
chr11	 62400000	 62850000	9
chr11	 62950000	 63350000	8
chr11	 65000000	 66050000	21
chr11	 69350000	 68000000	27
chr11	 69350000	 70100000	15
chr11	 70200000	 69250000	19
chr11	 70450000	 71050000	12
chr11	 70550000	 71850000	26
chr11	 71950000	 70700000	25
chr11	 72700000	 72050000	13
chr11	 74850000	 73700000	23
chr11	 74950000	 76400000	29
chr11	 80300000	 81100000	16
chr11	 80550000	 81050000	10
chr11	 81900000	 82800000	18
chr11	 84600000	 83900000	14
chr11	 85900000	 85250000	13
chr11	 86950000	 86350000	12
chr11	 88650000	 87800000	17
chr11	 88950000	 88950000	0
chr11	 90350000	 89100000	25
chr11	 92350000	 92800000	9
chr11	100950000	100600000	7
chr11	101800000	102950000	23
chr11	102850000	103200000	7
chr11	107300000	109000000	34
chr11	107350000	106950000	8
chr11	114100000	115750000	33
chr11	116300000	116750000	9
chr11	116450000	119750000	66
chr11	119000000	117350000	33
chr12	   900000	   450000	9
chr12	  2000000	  4000000	40
chr12	  5550000	  3750000	36
chr12	  6650000	  8350000	34
chr12	  7350000	  6400000	19
chr12	  7700000	  5250000	49
chr12	  7800000	  9000000	24
chr12	  9300000	  7000000	46
chr12	  9400000	  6550000	57
chr12	  9400000	 10200000	16
chr12	  9650000	  9300000	7
chr12	 13850000	 15100000	25
chr12	 14200000	 14750000	11
chr12	 18300000	 16900000	28
chr12	 21400000	 22400000	20
chr12	 25100000	 24500000	12
chr12	 28800000	 26500000	46
chr12	 30450000	 31500000	21
chr12	 35650000	 36750000	22
chr12	 37850000	 37050000	16
chr12	 38150000	 37300000	17
chr12	 39250000	 40400000	23
chr12	 40900000	 41850000	19
chr12	 47250000	 45400000	37
chr12	 50350000	 49900000	9
chr12	 51150000	 50050000	22
chr12	 55000000	 56400000	28
chr12	 56750000	 56000000	15
chr12	 58850000	 57900000	19
chr12	 60800000	 59150000	33
chr12	 62400000	 61000000	28
chr12	 63300000	 62150000	23
chr12	 66100000	 67500000	28
chr12	 67200000	 66150000	21
chr12	 68100000	 66000000	42
chr12	 68200000	 67050000	23
chr12	 69650000	 69250000	8
chr12	 70050000	 72300000	45
chr12	 75200000	 74550000	13
chr12	 76150000	 74850000	26
chr12	 77750000	 78300000	11
chr12	 79950000	 81450000	30
chr12	 80500000	 82200000	34
chr12	 80750000	 81550000	16
chr12	 82800000	 83600000	16
chr12	 83550000	 82850000	14
chr12	 84000000	 83300000	14
chr12	 84650000	 84300000	7
chr12	 84750000	 86550000	36
chr12	 85550000	 86250000	14
chr12	 85950000	 83550000	48
chr12	 86550000	 85950000	12
chr12	 87400000	 91000000	72
chr12	 91100000	 91650000	11
chr12	 91150000	 91400000	5
chr12	 92650000	 91200000	29
chr12	100400000	 99550000	17
chr12	100400000	 99800000	12
chr12	100450000	100900000	9
chr12	103450000	104050000	12
chr12	103900000	104600000	14
chr12	104350000	105100000	15
chr12	105700000	106000000	6
chr12	107350000	106550000	16
chr12	111100000	109950000	23
chr12	111550000	112550000	20
chr12	111700000	110550000	23
chr12	112150000	112700000	11
chr12	113650000	114250000	12
chr12	114450000	115450000	20
chr12	116250000	114950000	26
chr12	116450000	116250000	4
chr13	   950000	   350000	12
chr13	  4100000	  4750000	13
chr13	  4500000	  5250000	15
chr13	  4750000	  2500000	45
chr13	  7300000	  5100000	44
chr13	  7600000	  9500000	38
chr13	  7700000	  8000000	6
chr13	  9800000	  8800000	20
chr13	 10500000	 11500000	20
chr13	 11950000	 11600000	7
chr13	 13900000	 12850000	21
chr13	 17900000	 17550000	7
chr13	 21800000	 21100000	14
chr13	 21850000	 22750000	18
chr13	 23350000	 22350000	20
chr13	 24450000	 25000000	11
chr13	 27050000	 26150000	18
chr13	 28400000	 28400000	0
chr13	 33000000	 33300000	6
chr13	 35550000	 33950000	32
chr13	 35550000	 37600000	41
chr13	 38250000	 37650000	12
chr13	 39600000	 38650000	19
chr13	 40950000	 39100000	37
chr13	 43050000	 43300000	5
chr13	 45400000	 42600000	56
chr13	 48100000	 46150000	39
chr13	 48300000	 47150000	23
chr13	 49350000	 50000000	13
chr13	 50300000	 53200000	58
chr13	 51300000	 50100000	24
chr13	 55200000	 54450000	15
chr13	 61700000	 61700000	0
chr13	 66900000	 65550000	27
chr13	 69550000	 70050000	10
chr13	 70500000	 66950000	71
chr13	 75300000	 77650000	47
chr13	 76600000	 77700000	22
chr13	 76700000	 78050000	27
chr13	 77100000	 76350000	15
chr13	 78250000	 77800000	9
chr13	 81500000	 82400000	18
chr13	 84000000	 83450000	11
chr13	 87100000	 86200000	18
chr13	 87300000	 87900000	12
chr13	 88850000	 87500000	27
chr13	 93000000	 92500000	10
chr13	 93000000	 94150000	23
chr13	 95400000	 94850000	11
chr13	 97450000	 97200000	5
chr13	 98350000	 97100000	25
chr13	103650000	105350000	34
chr13	104450000	105050000	12
chr13	106850000	105700000	23
chr13	107000000	105250000	35
chr13	107500000	108900000	28
chr13	109450000	108900000	11
chr13	109600000	110350000	15
chr13	109650000	108050000	32
chr13	111200000	113600000	48
chr13	112450000	113950000	30
chr13	113100000	111650000	29
chr13	113150000	112250000	18
chr13	117300000	116650000	13
chr13	117750000	119800000	41
chr13	118250000	117300000	19
chr14	        0	   450000	9
chr14	  1150000	  2650000	30
chr14	  2300000	   600000	34
chr14	  4200000	  2300000	38
chr14	  5050000	  5550000	10
chr14	  5150000	  7150000	40
chr14	  6850000	  6300000	11
chr14	  7950000	  8650000	14
chr14	  9150000	  7850000	26
chr14	 11400000	  9450000	39
chr14	 11450000	 12400000	19
chr14	 13850000	 15100000	25
chr14	 14850000	 15800000	19
chr14	 18450000	 18950000	10
chr14	 19550000	 18750000	16
chr14	 21300000	 18950000	47
chr14	 23300000	 22800000	10
chr14	 25250000	 26300000	21
chr14	 29750000	 30400000	13
chr14	 31650000	 30300000	27
chr14	 42650000	 44050000	28
chr14	 48500000	 47000000	30
chr14	 48650000	 49150000	10
chr14	 50100000	 49000000	22
chr14	 50200000	 52050000	37
chr14	 52950000	 53800000	17
chr14	 53250000	 52850000	8
chr14	 54200000	 54500000	6
chr14	 54300000	 55150000	17
chr14	 56300000	 56100000	4
chr14	 59100000	 60900000	36
chr14	 60300000	 61400000	22
chr14	 62650000	 64600000	39
chr14	 63050000	 63500000	9
chr14	 64650000	 65300000	13
chr14	 67150000	 65850000	26
chr14	 70950000	 72250000	26
chr14	 74550000	 73150000	28
chr14	 75650000	 76300000	13
chr14	 78750000	 77850000	18
chr14	 78900000	 75750000	63
chr14	 79750000	 78000000	35
chr14	 83100000	 84000000	18
chr14	 83850000	 82850000	20
chr14	 84700000	 86000000	26
chr14	 84950000	 83750000	24
chr14	 87000000	 88300000	26
chr14	 89300000	 88700000	12
chr14	 91900000	 91200000	14
chr14	 92300000	 91750000	11
chr14	 92350000	 90750000	32
chr14	 95050000	 95850000	16
chr14	 97150000	 95800000	27
chr14	 98950000	 97600000	27
chr14	103600000	105150000	31
chr14	103900000	102300000	32
chr14	105250000	104600000	13
chr14	105300000	106400000	22
chr14	107200000	106300000	18
chr14	112350000	114500000	43
chr14	115050000	115900000	17
chr14	120350000	121950000	32
chr14	120900000	120250000	13
chr14	122200000	123000000	16
chr14	122250000	122850000	12
chr14	123000000	122550000	9
chr15	  1300000	   300000	20
chr15	  1950000	  4050000	42
chr15	  5150000	  3700000	29
chr15	  6350000	  7100000	15
chr15	  6450000	  7300000	17
chr15	 11050000	  9950000	22
chr15	 11700000	 10100000	32
chr15	 14200000	 15050000	17
chr15	 19450000	 20550000	22
chr15	 20100000	 20800000	14
chr15	 26200000	 24700000	30
chr15	 29050000	 28100000	19
chr15	 33000000	 32450000	11
chr15	 33100000	 32650000	9
chr15	 41400000	 40200000	24
chr15	 43400000	 44050000	13
chr15	 45550000	 44500000	21
chr15	 46000000	 47800000	36
chr15	 48100000	 49400000	26
chr15	 48950000	 48350000	12
chr15	 49800000	 51250000	29
chr15	 49950000	 50950000	20
chr15	 52500000	 54100000	32
chr15	 52950000	 51950000	20
chr15	 61950000	 62700000	15
chr15	 67800000	 68500000	14
chr15	 72250000	 72950000	14
chr15	 72750000	 71000000	35
chr15	 73450000	 74350000	18
chr15	 74650000	 73750000	18
chr15	 77850000	 76000000	37
chr15	 78700000	 80600000	38
chr15	 85950000	 86500000	11
chr15	 86200000	 85700000	10
chr15	 87200000	 85550000	33
chr15	 87400000	 87800000	8
chr15	 89850000	 89150000	14
chr15	 92100000	 90350000	35
chr15	 92450000	 94650000	44
chr15	 96100000	 94300000	36
chr15	 97900000	 98900000	20
chr15	 99450000	100700000	25
chr15	 99700000	100450000	15
chr15	100300000	 98950000	27
chr15	102250000	103350000	22
chr15	102250000	103850000	32
chr16	  1000000	  2400000	28
chr16	  1700000	   700000	20
chr16	  6550000	  7700000	23
chr16	  8150000	 10400000	45
chr16	 15200000	 14650000	11
chr16	 15700000	 13750000	39
chr16	 16150000	 14300000	37
chr16	 16950000	 18300000	27
chr16	 17000000	 18300000	26
chr16	 29900000	 27350000	51
chr16	 31300000	 32250000	19
chr16	 34550000	 33050000	30
chr16	 35650000	 34250000	28
chr16	 35650000	 36450000	16
chr16	 36900000	 35650000	25
chr16	 37200000	 35850000	27
chr16	 37900000	 40000000	42
chr16	 38650000	 38050000	12
chr16	 40300000	 37700000	52
chr16	 44100000	 42850000	25
chr16	 44350000	 42200000	43
chr16	 45600000	 43400000	44
chr16	 47650000	 47200000	9
chr16	 48000000	 50150000	43
chr16	 49000000	 47900000	22
chr16	 50850000	 50500000	7
chr16	 51050000	 49950000	22
chr16	 54100000	 54650000	11
chr16	 54550000	 52800000	35
chr16	 55800000	 55100000	14
chr16	 56750000	 56250000	10
chr16	 57250000	 57950000	14
chr16	 58500000	 59200000	14
chr16	 59150000	 58000000	23
chr16	 62700000	 61550000	23
chr16	 63100000	 63850000	15
chr16	 68100000	 67550000	11
chr16	 68650000	 69650000	20
chr16	 72350000	 73050000	14
chr16	 74000000	 73400000	12
chr16	 77900000	 76200000	34
chr16	 80450000	 79600000	17
chr16	 81000000	 79850000	23
chr16	 82100000	 83200000	22
chr16	 82150000	 80650000	30
chr16	 85150000	 86000000	17
chr16	 86600000	 88050000	29
chr16	 87000000	 85500000	30
chr16	 87100000	 85550000	31
chr16	 87150000	 88900000	35
chr16	 87750000	 88900000	23
chr16	 88650000	 87450000	24
chr16	 92250000	 92850000	12
chr16	 92900000	 92300000	12
chr16	 95200000	 93950000	25
chr16	 96450000	 97450000	20
chr17	   100000	  2750000	53
chr17	  1400000	   550000	17
chr17	  2650000	  4350000	34
chr17	  3350000	   750000	52
chr17	  4900000	  3800000	22
chr17	  6100000	  7250000	23
chr17	  6550000	  8100000	31
chr17	  6600000	  7850000	25
chr17	  8350000	  9050000	14
chr17	  8700000	  9300000	12
chr17	 12850000	 12250000	12
chr17	 16150000	 15050000	22
chr17	 17750000	 18350000	12
chr17	 20000000	 20300000	6
chr17	 23150000	 22050000	22
chr17	 23500000	 25250000	35
chr17	 28350000	 26350000	40
chr17	 30050000	 29250000	16
chr17	 42700000	 44950000	45
chr17	 45600000	 44250000	27
chr17	 48950000	 49750000	16
chr17	 50600000	 49250000	27
chr17	 51900000	 50850000	21
chr17	 56700000	 56150000	11
chr17	 60150000	 58900000	25
chr17	 62400000	 61550000	17
chr17	 70900000	 69800000	22
chr17	 76600000	 74700000	38
chr17	 81200000	 80450000	15
chr17	 82250000	 81250000	20
chr17	 82750000	 84200000	29
chr17	 87250000	 87650000	8
chr17	 94550000	 93600000	19
chr17	 94850000	 94600000	5
chr18	 12200000	 12950000	15
chr18	 15000000	 15700000	14
chr18	 17750000	 18150000	8
chr18	 19400000	 20250000	17
chr18	 20650000	 18550000	42
chr18	 23900000	 22900000	20
chr18	 31350000	 30400000	19
chr18	 33850000	 33050000	16
chr18	 35200000	 33800000	28
chr18	 37050000	 38850000	36
chr18	 40450000	 41750000	26
chr18	 44700000	 43500000	24
chr18	 45700000	 44150000	31
chr18	 45700000	 46850000	23
chr18	 46250000	 45150000	22
chr18	 49350000	 48800000	11
chr18	 50750000	 51600000	17
chr18	 51550000	 52600000	21
chr18	 52850000	 51100000	35
chr18	 53150000	 54100000	19
chr18	 56950000	 56050000	18
chr18	 57550000	 59500000	39
chr18	 57900000	 56050000	37
chr18	 58250000	 59300000	21
chr18	 59550000	 57300000	45
chr18	 63500000	 62400000	22
chr18	 63550000	 62550000	20
chr18	 65600000	 63950000	33
chr18	 66200000	 65150000	21
chr18	 66800000	 68250000	29
chr18	 68200000	 67500000	14
chr18	 70350000	 70750000	8
chr18	 71650000	 73200000	31
chr18	 73900000	 74550000	13
chr18	 75350000	 76000000	13
chr18	 78600000	 76800000	36
chr18	 78700000	 77650000	21
chr18	 78750000	 80400000	33
chr18	 79550000	 80550000	20
chr18	 80200000	 79450000	15
chr18	 81400000	 81900000	10
chr18	 84650000	 85850000	24
chr18	 85600000	 86700000	22
chr18	 85850000	 85850000	0
chr18	 86000000	 86550000	11
chr19	  2050000	  3000000	19
chr19	  9000000	  8550000	9
chr19	  9800000	  9300000	10
chr19	 11200000	 13250000	41
chr19	 11850000	 11450000	8
chr19	 13500000	 14150000	13
chr19	 15600000	 14900000	14
chr19	 17450000	 18000000	11
chr19	 17850000	 16500000	27
chr19	 21350000	 23450000	42
chr19	 23100000	 24400000	26
chr19	 23500000	 24750000	25
chr19	 25700000	 26600000	18
chr19	 27650000	 28200000	11
chr19	 28350000	 28750000	8
chr19	 28950000	 29450000	10
chr19	 29650000	 28450000	24
chr19	 31600000	 32150000	11
chr19	 32450000	 30850000	32
chr19	 33150000	 32350000	16
chr19	 33650000	 33250000	8
chr19	 39100000	 36800000	46
chr19	 39100000	 38250000	17
chr19	 40050000	 39200000	17
chr19	 40300000	 40850000	11
chr19	 42350000	 41000000	27
chr19	 45000000	 43600000	28
chr19	 45300000	 44250000	21
chr19	 45500000	 44900000	12
chr19	 45500000	 46800000	26
chr19	 46100000	 45550000	11
chr19	 51400000	 51700000	6
chr19	 51550000	 50100000	29
chr19	 53050000	 53250000	4
chr19	 55450000	 56150000	14
chr19	 58300000	 57150000	23
chr19	 58350000	 59200000	17
chr19	 59000000	 59700000	14
chr19	 59250000	 58650000	12
chr2	   600000	    50000	11
chr2	  2800000	  3550000	15
chr2	  3550000	  4200000	13
chr2	  7450000	  7850000	8
chr2	 10050000	 11050000	20
chr2	 15250000	 17650000	48
chr2	 18000000	 20750000	55
chr2	 19050000	 18350000	14
chr2	 20900000	 20200000	14
chr2	 21700000	 22750000	21
chr2	 24800000	 23100000	34
chr2	 25300000	 24050000	25
chr2	 27700000	 29250000	31
chr2	 27850000	 26500000	27
chr2	 35100000	 33750000	27
chr2	 36350000	 37350000	20
chr2	 37050000	 37450000	8
chr2	 37100000	 36150000	19
chr2	 37850000	 38100000	5
chr2	 42300000	 42800000	10
chr2	 46300000	 47900000	32
chr2	 48100000	 47350000	15
chr2	 51000000	 49650000	27
chr2	 53350000	 52900000	9
chr2	 53750000	 53000000	15
chr2	 55600000	 56750000	23
chr2	 56500000	 57200000	14
chr2	 59150000	 58650000	10
chr2	 63000000	 61900000	22
chr2	 63600000	 63900000	6
chr2	 67500000	 69050000	31
chr2	 67700000	 68300000	12
chr2	 72750000	 74350000	32
chr2	 77300000	 76350000	19
chr2	 79850000	 78750000	22
chr2	 83000000	 83600000	12
chr2	 83850000	 83000000	17
chr2	 84500000	 85800000	26
chr2	 86650000	 85900000	15
chr2	 88750000	 90450000	34
chr2	 88800000	 86800000	40
chr2	 89400000	 91450000	41
chr2	 92150000	 93700000	31
chr2	 92300000	 91400000	18
chr2	 93150000	 94700000	31
chr2	101550000	102950000	28
chr2	102350000	103100000	15
chr2	103150000	102750000	8
chr2	114050000	113150000	18
chr2	114900000	116100000	24
chr2	115200000	117100000	38
chr2	117050000	117050000	0
chr2	117450000	119300000	37
chr2	119500000	120050000	11
chr2	120950000	119100000	37
chr2	122200000	123550000	27
chr2	123350000	121700000	33
chr2	123600000	122400000	24
chr2	128050000	127000000	21
chr2	131050000	133400000	47
chr2	139650000	138450000	24
chr2	140950000	142100000	23
chr2	142150000	141000000	23
chr2	146650000	147300000	13
chr2	146650000	147650000	20
chr2	151850000	152750000	18
chr2	152400000	152750000	7
chr2	153750000	152200000	31
chr2	160300000	161700000	28
chr2	161700000	160950000	15
chr2	162200000	163450000	25
chr2	165350000	165050000	6
chr2	168550000	169750000	24
chr2	168550000	170000000	29
chr2	168900000	167800000	22
chr2	173050000	172400000	13
chr2	174000000	173200000	16
chr2	175050000	174050000	20
chr2	175150000	174200000	19
chr2	178950000	179800000	17
chr2	179900000	179450000	9
chr2	180300000	181750000	29
chr3	  1150000	   150000	20
chr3	  5950000	  5250000	14
chr3	  6700000	  8150000	29
chr3	  7850000	  4950000	58
chr3	 13250000	 12200000	21
chr3	 13500000	 13900000	8
chr3	 14250000	 13050000	24
chr3	 14500000	 15550000	21
chr3	 14550000	 15750000	24
chr3	 15300000	 15000000	6
chr3	 16900000	 18000000	22
chr3	 16950000	 15300000	33
chr3	 18300000	 17500000	16
chr3	 20750000	 21950000	24
chr3	 25450000	 24500000	19
chr3	 27300000	 25700000	32
chr3	 27950000	 30750000	56
chr3	 30800000	 29900000	18
chr3	 32550000	 32050000	10
chr3	 34450000	 33300000	23
chr3	 35100000	 35600000	10
chr3	 38000000	 36650000	27
chr3	 38800000	 36950000	37
chr3	 39700000	 41500000	36
chr3	 42300000	 43500000	24
chr3	 43850000	 43150000	14
chr3	 45300000	 46000000	14
chr3	 46500000	 45650000	17
chr3	 56400000	 57350000	19
chr3	 58000000	 59900000	38
chr3	 60000000	 60550000	11
chr3	 60150000	 61600000	29
chr3	 71150000	 70000000	23
chr3	 71900000	 70600000	26
chr3	 74950000	 76700000	35
chr3	 80000000	 81500000	30
chr3	 80050000	 82550000	50
chr3	 80850000	 83200000	47
chr3	 81150000	 82550000	28
chr3	 82350000	 79650000	54
chr3	 82500000	 83400000	18
chr3	 84550000	 82950000	32
chr3	 84950000	 87000000	41
chr3	 86050000	 85750000	6
chr3	 86400000	 87450000	21
chr3	 87050000	 87500000	9
chr3	 89600000	 88800000	16
chr3	 90500000	 89650000	17
chr3	 90950000	 89700000	25
chr3	 92100000	 92400000	6
chr3	 96700000	 95050000	33
chr3	 96950000	 97300000	7
chr3	 98000000	 99000000	20
chr3	 98050000	 99600000	31
chr3	 99750000	 98050000	34
chr3	101550000	102450000	18
chr3	102750000	103250000	10
chr3	104100000	105150000	21
chr3	104350000	105200000	17
chr3	104700000	103650000	21
chr3	106250000	106650000	8
chr3	107250000	104300000	59
chr3	112800000	114200000	28
chr3	114750000	114050000	14
chr3	117150000	117900000	15
chr3	123500000	123950000	9
chr3	123700000	123000000	14
chr3	124900000	124150000	15
chr3	125050000	124400000	13
chr3	128700000	127650000	21
chr3	130650000	129550000	22
chr3	135650000	134400000	25
chr3	138700000	138200000	10
chr3	140650000	139100000	31
chr3	141700000	142150000	9
chr3	142950000	141100000	37
chr3	147800000	148650000	17
chr3	150100000	150450000	7
chr3	153300000	151950000	27
chr3	154650000	153650000	20
chr3	156350000	158850000	50
chr3	158100000	159650000	31
chr4	   150000	   550000	8
chr4	  5100000	  3000000	42
chr4	  6050000	  5250000	16
chr4	  6250000	  7100000	17
chr4	  7850000	  8900000	21
chr4	 11150000	 11900000	15
chr4	 12100000	  8900000	64
chr4	 14800000	 13700000	22
chr4	 15150000	 15650000	10
chr4	 22500000	 21500000	20
chr4	 26450000	 25800000	13
chr4	 32950000	 34450000	30
chr4	 33600000	 31600000	40
chr4	 34550000	 33650000	18
chr4	 34650000	 33900000	15
chr4	 35000000	 34250000	15
chr4	 37100000	 38500000	28
chr4	 40750000	 40300000	9
chr4	 40900000	 39650000	25
chr4	 41400000	 43950000	51
chr4	 46550000	 45100000	29
chr4	 49400000	 47650000	35
chr4	 50850000	 51500000	13
chr4	 51550000	 49750000	36
chr4	 52350000	 51450000	18
chr4	 53200000	 51550000	33
chr4	 58000000	 58850000	17
chr4	 58350000	 59100000	15
chr4	 62500000	 62150000	7
chr4	 62750000	 63950000	24
chr4	 68600000	 68200000	8
chr4	 71900000	 71100000	16
chr4	 74150000	 75450000	26
chr4	 74400000	 77900000	70
chr4	 76250000	 77250000	20
chr4	 78150000	 75500000	53
chr4	 79450000	 80200000	15
chr4	 80300000	 79200000	22
chr4	 81400000	 82100000	14
chr4	 86750000	 85600000	23
chr4	 86950000	 89100000	43
chr4	 88150000	 88800000	13
chr4	 89550000	 88900000	13
chr4	 94650000	 94650000	0
chr4	 95450000	 94950000	10
chr4	105600000	106450000	17
chr4	109450000	108150000	26
chr4	113150000	113850000	14
chr4	113600000	113300000	6
chr4	114050000	114700000	13
chr4	116050000	115450000	12
chr4	116550000	118200000	33
chr4	118750000	115400000	67
chr4	121950000	121250000	14
chr4	122800000	124250000	29
chr4	126350000	124600000	35
chr4	130900000	129600000	26
chr4	133700000	135100000	28
chr4	135750000	136800000	21
chr4	137650000	137050000	12
chr4	138700000	140600000	38
chr4	139500000	139900000	8
chr4	140600000	141600000	20
chr4	140850000	142100000	25
chr4	143850000	142150000	34
chr4	144750000	145250000	10
chr4	148550000	148550000	0
chr4	152100000	152700000	12
chr5	  1250000	   500000	15
chr5	  1800000	  2600000	16
chr5	  4700000	  5600000	18
chr5	  4900000	  3950000	19
chr5	  6100000	  5550000	11
chr5	  8700000	  9350000	13
chr5	  9600000	  8850000	15
chr5	  9950000	  8200000	35
chr5	 14950000	 15850000	18
chr5	 15000000	 13550000	29
chr5	 15700000	 18450000	55
chr5	 18050000	 18550000	10
chr5	 18900000	 17950000	19
chr5	 20500000	 19200000	26
chr5	 20700000	 22700000	40
chr5	 21450000	 22750000	26
chr5	 23900000	 21850000	41
chr5	 28800000	 28000000	16
chr5	 30250000	 29500000	15
chr5	 31150000	 31950000	16
chr5	 31300000	 30700000	12
chr5	 31500000	 34000000	50
chr5	 32950000	 31700000	25
chr5	 33200000	 33700000	10
chr5	 33450000	 34600000	23
chr5	 36200000	 37500000	26
chr5	 37750000	 37300000	9
chr5	 38300000	 40100000	36
chr5	 38600000	 37550000	21
chr5	 40600000	 41650000	21
chr5	 40750000	 39550000	24
chr5	 43350000	 45000000	33
chr5	 43650000	 45750000	42
chr5	 45800000	 46800000	20
chr5	 49100000	 50800000	34
chr5	 50050000	 52350000	46
chr5	 51850000	 50950000	18
chr5	 55400000	 56200000	16
chr5	 56550000	 58350000	36
chr5	 57700000	 54200000	70
chr5	 57950000	 58450000	10
chr5	 58000000	 56150000	37
chr5	 60200000	 59550000	13
chr5	 63300000	 62900000	8
chr5	 69150000	 69550000	8
chr5	 69750000	 69050000	14
chr5	 70250000	 70800000	11
chr5	 73800000	 74200000	8
chr5	 76600000	 77700000	22
chr5	 76850000	 76300000	11
chr5	 79150000	 81050000	38
chr5	 86200000	 83400000	56
chr5	 86600000	 87950000	27
chr5	 87550000	 86450000	22
chr5	 88050000	 88850000	16
chr5	 88150000	 89250000	22
chr5	 89000000	 90050000	21
chr5	 89100000	 90450000	27
chr5	 90300000	 90900000	12
chr5	 90950000	 93000000	41
chr5	 91250000	 89600000	33
chr5	 92750000	 93050000	6
chr5	 92800000	 89050000	75
chr5	 93000000	 93700000	14
chr5	 93950000	 94700000	15
chr5	 96200000	 95900000	6
chr5	 96900000	 94700000	44
chr5	 97600000	 99100000	30
chr5	102800000	104750000	39
chr5	105400000	103700000	34
chr5	105850000	109250000	68
chr5	106150000	106650000	10
chr5	109100000	110250000	23
chr5	111950000	113300000	27
chr5	114750000	116300000	31
chr5	116550000	116000000	11
chr5	116550000	117800000	25
chr5	117500000	116100000	28
chr5	118750000	118250000	10
chr5	119250000	118400000	17
chr5	121650000	122500000	17
chr5	122750000	124050000	26
chr5	124350000	126100000	35
chr5	126000000	124300000	34
chr5	127850000	127300000	11
chr5	128750000	127900000	17
chr5	128950000	130400000	29
chr5	129350000	128550000	16
chr5	130600000	131750000	23
chr5	132100000	132950000	17
chr5	132250000	134550000	46
chr5	133000000	134550000	31
chr5	133850000	134900000	21
chr5	135550000	134050000	30
chr5	137550000	138950000	28
chr5	138350000	136350000	40
chr5	138650000	139450000	16
chr5	143950000	142800000	23
chr5	144700000	145600000	18
chr5	145200000	144500000	14
chr5	146200000	145250000	19
chr5	148550000	149750000	24
chr5	150300000	151700000	28
chr5	150400000	151100000	14
chr5	150550000	149050000	30
chr6	  1100000	  2100000	20
chr6	  5800000	  4750000	21
chr6	  6000000	  3450000	51
chr6	 10150000	 11750000	32
chr6	 10650000	 11700000	21
chr6	 10850000	  9550000	26
chr6	 12350000	 15050000	54
chr6	 13550000	 14400000	17
chr6	 18000000	 16600000	28
chr6	 19650000	 19350000	6
chr6	 20150000	 19350000	16
chr6	 26050000	 26850000	16
chr6	 30350000	 30350000	0
chr6	 31050000	 32000000	19
chr6	 37650000	 35800000	37
chr6	 40300000	 40750000	9
chr6	 45800000	 48900000	62
chr6	 47200000	 47850000	13
chr6	 50450000	 51350000	18
chr6	 53950000	 55400000	29
chr6	 59300000	 57850000	29
chr6	 60700000	 62400000	34
chr6	 60800000	 61500000	14
chr6	 66450000	 64000000	49
chr6	 69000000	 69000000	0
chr6	 72250000	 70550000	34
chr6	 73200000	 74000000	16
chr6	 78350000	 77350000	20
chr6	 79750000	 80750000	20
chr6	 80650000	 78400000	45
chr6	 80700000	 79800000	18
chr6	 82600000	 83450000	17
chr6	 84700000	 86650000	39
chr6	 85300000	 83850000	29
chr6	 86200000	 88200000	40
chr6	 90800000	 89600000	24
chr6	 91950000	 92700000	15
chr6	 98650000	 99850000	24
chr6	104450000	106350000	38
chr6	106850000	108500000	33
chr6	108250000	109700000	29
chr6	109300000	110250000	19
chr6	109450000	108950000	10
chr6	109750000	110500000	15
chr6	114500000	114150000	7
chr6	118150000	119200000	21
chr6	119450000	118750000	14
chr6	119700000	120400000	14
chr6	123050000	120650000	48
chr6	123700000	123150000	11
chr6	123750000	124500000	15
chr6	123950000	123600000	7
chr6	124350000	125850000	30
chr6	127300000	128050000	15
chr6	127950000	127200000	15
chr6	130200000	130700000	10
chr6	130900000	131700000	16
chr6	131050000	129250000	36
chr6	136550000	135450000	22
chr6	142300000	143250000	19
chr6	147750000	148900000	23
chr6	148400000	149600000	24
chr7	   950000	   450000	10
chr7	  1450000	  2200000	15
chr7	  5850000	  4450000	28
chr7	  7600000	  8050000	9
chr7	 11650000	 15000000	67
chr7	 13650000	 13300000	7
chr7	 19750000	 18550000	24
chr7	 21350000	 22200000	17
chr7	 27250000	 26700000	11
chr7	 28600000	 30500000	38
chr7	 31950000	 35850000	78
chr7	 32400000	 31350000	21
chr7	 36050000	 34650000	28
chr7	 36150000	 34450000	34
chr7	 38450000	 38200000	5
chr7	 39650000	 39300000	7
chr7	 41200000	 41750000	11
chr7	 53450000	 55050000	32
chr7	 56300000	 57550000	25
chr7	 59850000	 58700000	23
chr7	 63500000	 64150000	13
chr7	 70600000	 70150000	9
chr7	 70750000	 71600000	17
chr7	 70750000	 73050000	46
chr7	 71000000	 73400000	48
chr7	 71500000	 72700000	24
chr7	 72200000	 69650000	51
chr7	 76900000	 77750000	17
chr7	 78550000	 77900000	13
chr7	 80650000	 80050000	12
chr7	 82050000	 83300000	25
chr7	 83100000	 84100000	20
chr7	 83500000	 83100000	8
chr7	 83650000	 82850000	16
chr7	 83750000	 83000000	15
chr7	 84950000	 86350000	28
chr7	 87600000	 89650000	41
chr7	 88300000	 87200000	22
chr7	 91950000	 93200000	25
chr7	 93500000	 92500000	20
chr7	 93550000	 92250000	26
chr7	 93900000	 92150000	35
chr7	 95750000	 95950000	4
chr7	 99050000	 98300000	15
chr7	 99150000	 99850000	14
chr7	107900000	107400000	10
chr7	108100000	110150000	41
chr7	108600000	109800000	24
chr7	108900000	109150000	5
chr7	108950000	108400000	11
chr7	110650000	110050000	12
chr7	111800000	110450000	27
chr7	113600000	116250000	53
chr7	114750000	114600000	3
chr7	117350000	116100000	25
chr7	118900000	120200000	26
chr7	118950000	119850000	18
chr7	120400000	120300000	2
chr7	120550000	118900000	33
chr7	124750000	125300000	11
chr7	125000000	126350000	27
chr7	125650000	127250000	32
chr7	125800000	124500000	26
chr7	126600000	128100000	30
chr7	130100000	128100000	40
chr7	133400000	133150000	5
chr7	133650000	133200000	9
chr7	137050000	136450000	12
chr7	137500000	138400000	18
chr7	139600000	138350000	25
chr7	142050000	142750000	14
chr7	144250000	143600000	13
chr7	145100000	143800000	26
chr8	  1400000	   850000	11
chr8	  3850000	  5050000	24
chr8	  4150000	  6200000	41
chr8	  5950000	  5500000	9
chr8	  6100000	  6950000	17
chr8	  7100000	  5450000	33
chr8	 11000000	 11600000	12
chr8	 14600000	 15250000	13
chr8	 16300000	 14900000	28
chr8	 18250000	 16500000	35
chr8	 19650000	 18350000	26
chr8	 23000000	 21850000	23
chr8	 23450000	 22450000	20
chr8	 23550000	 25300000	35
chr8	 33350000	 32950000	8
chr8	 34450000	 32950000	30
chr8	 36600000	 37250000	13
chr8	 38300000	 40200000	38
chr8	 43200000	 44100000	18
chr8	 45650000	 48050000	48
chr8	 46950000	 47750000	16
chr8	 50700000	 49700000	20
chr8	 54100000	 54300000	4
chr8	 55500000	 56600000	22
chr8	 59300000	 58300000	20
chr8	 60300000	 59500000	16
chr8	 66750000	 62150000	92
chr8	 67150000	 65700000	29
chr8	 68200000	 68200000	0
chr8	 68550000	 69600000	21
chr8	 70400000	 68800000	32
chr8	 74700000	 74050000	13
chr8	 75150000	 76000000	17
chr8	 75500000	 74750000	15
chr8	 76100000	 73950000	43
chr8	 78900000	 77900000	20
chr8	 79900000	 81900000	40
chr8	 82200000	 83200000	20
chr8	 87600000	 87450000	3
chr8	 88800000	 88100000	14
chr8	 90150000	 88500000	33
chr8	 90200000	 89750000	9
chr8	 91100000	 94750000	73
chr8	 91700000	 90900000	16
chr8	 92350000	 92950000	12
chr8	 93400000	 92500000	18
chr8	 93450000	 92250000	24
chr8	 95900000	 95600000	6
chr8	100250000	 98700000	31
chr8	101850000	 98000000	77
chr8	103100000	102800000	6
chr8	106300000	107650000	27
chr8	110400000	109200000	24
chr8	111750000	115000000	65
chr8	112150000	114100000	39
chr8	112650000	111600000	21
chr8	113750000	111300000	49
chr8	121100000	120650000	9
chr8	122700000	122100000	12
chr8	123650000	121850000	36
chr8	124300000	123350000	19
chr8	124550000	125350000	16
chr8	125750000	124650000	22
chr9	  1700000	   600000	22
chr9	  1950000	  3500000	31
chr9	  3700000	  2800000	18
chr9	  7500000	  9000000	30
chr9	  7750000	  8150000	8
chr9	  8050000	  9450000	28
chr9	 10650000	  9400000	25
chr9	 13150000	 12700000	9
chr9	 13400000	 12800000	12
chr9	 15900000	 15050000	17
chr9	 17700000	 15950000	35
chr9	 20600000	 21850000	25
chr9	 23900000	 23400000	10
chr9	 29700000	 30800000	22
chr9	 32000000	 30500000	30
chr9	 32200000	 33000000	16
chr9	 33000000	 31500000	30
chr9	 33000000	 36250000	65
chr9	 36500000	 37900000	28
chr9	 37500000	 35800000	34
chr9	 37750000	 36950000	16
chr9	 41150000	 45700000	91
chr9	 42450000	 43050000	12
chr9	 44550000	 43900000	13
chr9	 45000000	 43300000	34
chr9	 46650000	 47200000	11
chr9	 47250000	 45600000	33
chr9	 49250000	 48050000	24
chr9	 52200000	 52800000	12
chr9	 54350000	 53550000	16
chr9	 54450000	 55300000	17
chr9	 56200000	 54650000	31
chr9	 56200000	 55550000	13
chr9	 58150000	 56850000	26
chr9	 59200000	 61000000	36
chr9	 59850000	 58600000	25
chr9	 62050000	 63300000	25
chr9	 62300000	 63200000	18
chr9	 62800000	 64150000	27
chr9	 63000000	 64350000	27
chr9	 63750000	 63350000	8
chr9	 66700000	 67300000	12
chr9	 67250000	 65150000	42
chr9	 71600000	 73200000	32
chr9	 72550000	 71150000	28
chr9	 76150000	 75000000	23
chr9	 76300000	 72600000	74
chr9	 82050000	 80550000	30
chr9	 83500000	 84200000	14
chr9	 85900000	 86300000	8
chr9	 86400000	 86850000	9
chr9	 87100000	 88000000	18
chr9	 87150000	 88550000	28
chr9	 87300000	 84850000	49
chr9	 87450000	 86950000	10
chr9	 91000000	 91950000	19
chr9	 91850000	 93700000	37
chr9	 94450000	 96150000	34
chr9	 96950000	 96300000	13
chr9	 97800000	 96900000	18
chr9	 99600000	 99000000	12
chr9	100800000	101500000	14
chr9	101300000	100700000	12
chr9	102900000	102550000	7
chr9	109200000	107900000	26
chr9	110550000	112150000	32
chr9	110950000	111700000	15
chr9	111950000	113750000	36
chr9	114650000	113950000	14
chr9	117900000	115700000	44
chr9	118050000	115000000	61
chr9	118700000	119400000	14
chr9	122000000	121350000	13
chrX	  1600000	   650000	19
chrX	  6050000	  4850000	24
chrX	  7300000	  6600000	14
chrX	  9200000	  7500000	34
chrX	 10450000	  9550000	18
chrX	 12400000	 11050000	27
chrX	 13550000	 14350000	16
chrX	 15950000	 15600000	7
chrX	 16400000	 17000000	12
chrX	 16500000	 15750000	15
chrX	 19650000	 18550000	22
chrX	 23950000	 23100000	17
chrX	 25150000	 26300000	23
chrX	 25450000	 24000000	29
chrX	 25750000	 25150000	12
chrX	 27250000	 28050000	16
chrX	 37400000	 39600000	44
chrX	 39400000	 38750000	13
chrX	 41100000	 42250000	23
chrX	 43400000	 41950000	29
chrX	 43850000	 42650000	24
chrX	 47550000	 46550000	20
chrX	 48400000	 47500000	18
chrX	 49200000	 47800000	28
chrX	 51350000	 50400000	19
chrX	 54600000	 56100000	30
chrX	 55000000	 54150000	17
chrX	 56000000	 57750000	35
chrX	 56650000	 54900000	35
chrX	 56650000	 58800000	43
chrX	 65000000	 63950000	21
chrX	 67900000	 67200000	14
chrX	 69750000	 67800000	39
chrX	 74550000	 73200000	27
chrX	 78000000	 78800000	16
chrX	 78650000	 77750000	18
chrX	 78850000	 79050000	4
chrX	 80800000	 79500000	26
chrX	 81000000	 80650000	7
chrX	 82150000	 82650000	10
chrX	 90800000	 92500000	34
chrX	 92950000	 92000000	19
chrX	 96700000	 95900000	16
chrX	 99750000	101200000	29
chrX	103250000	102350000	18
chrX	103600000	104650000	21
chrX	106950000	105550000	28
chrX	114000000	112950000	21
chrX	116550000	118500000	39
chrX	118300000	117450000	17
chrX	120750000	121650000	18
chrX	126250000	126900000	13
chrX	129200000	128550000	13
chrX	134150000	131650000	50
chrX	139800000	138800000	20
chrX	140450000	139900000	11
chrX	140900000	141700000	16
chrX	144300000	142350000	39
chrX	144350000	144000000	7
chrX	146400000	149200000	56
chrX	147850000	146450000	28
chrX	148250000	148700000	9
chrX	148650000	146800000	37
chrX	154550000	154050000	10
chrX	157750000	156750000	20
chrX	160250000	161150000	18
chrX	166500000	166150000	7
chrX	168250000	166100000	43
chrX	169400000	167750000	33
chrY	  4800000	  5650000	17
chrY	  5050000	  4450000	12
chrY	  5700000	  6550000	17
chrY	  8950000	  9300000	7
chrY	  9450000	 10100000	13
chrY	 10350000	 11950000	32
chrY	 12900000	 13150000	5
chrY	 15150000	 13250000	38
chrY	 17750000	 19000000	25
chrY	 19700000	 21100000	28
chrY	 21700000	 23450000	35
chrY	 24500000	 23050000	29
chrY	 25900000	 25600000	6
chrY	 26600000	 27250000	13
chrY	 27350000	 28150000	16
chrY	 27650000	 25900000	35
chrY	 28150000	 27050000	22
chrY	 28150000	 29300000	23
chrY	 32800000	 32150000	13
chrY	 34400000	 31450000	59
chrY	 37700000	 36450000	25
chrY	 37700000	 39250000	31
chrY	 39500000	 40500000	20
chrY	 46300000	 45050000	25
chrY	 47250000	 48300000	21
chrY	 47350000	 48350000	20
chrY	 47800000	 46700000	22
chrY	 49550000	 49850000	6
chrY	 51450000	 50450000	20
chrY	 52750000	 51600000	23
chrY	 59000000	 59900000	18
chrY	 60250000	 61450000	24
chrY	 61800000	 63000000	24
chrY	 67100000	 68000000	18
chrY	 69400000	 70350000	19
chrY	 72100000	 74700000	52
chrY	 75650000	 76450000	16
chrY	 76000000	 76800000	16
chrY	 76450000	 74250000	44
chrY	 76950000	 77900000	19
chrY	 77200000	 76350000	17
chrY	 84200000	 85200000	20
chrY	 84250000	 85050000	16
chrY	 90450000	 91550000	22
