chr1	  6350000	  5150000	24
chr1	  8500000	  7750000	15
chr1	  8750000	  8100000	13
chr1	  8800000	  7150000	33
chr1	 11050000	 10300000	15
chr1	 13350000	 11300000	41
chr1	 13600000	 14700000	22
chr1	 13650000	 12200000	29
chr1	 15350000	 14250000	22
chr1	 16350000	 14100000	45
chr1	 17500000	 16000000	30
chr1	 20550000	 21300000	15
chr1	 21950000	 20500000	29
chr1	 25050000	 27150000	42
chr1	 28400000	 29350000	19
chr1	 30200000	 28900000	26
chr1	 35800000	 36700000	18
chr1	 37750000	 38500000	15
chr1	 39400000	 40450000	21
chr1	 39550000	 38250000	26
chr1	 43350000	 44800000	29
chr1	 45400000	 44400000	20
chr1	 49650000	 48850000	16
chr1	 50400000	 49550000	17
chr1	 52100000	 51000000	22
chr1	 52100000	 53350000	25
chr1	 54000000	 52250000	35
chr1	 56000000	 57250000	25
chr1	 60750000	 61600000	17
chr1	 61300000	 63350000	41
chr1	 67200000	 66400000	16
chr1	 68150000	 67050000	22
chr1	 71100000	 70550000	11
chr1	 76000000	 74900000	22
chr1	 77150000	 78000000	17
chr1	 79100000	 81050000	39
chr1	 80700000	 81100000	8
chr1	 82700000	 82950000	5
chr1	 84500000	 79850000	93
chr1	 86950000	 86550000	8
chr1	 88350000	 89000000	13
chr1	 90000000	 89400000	12
chr1	 90850000	 89650000	24
chr1	 92450000	 91950000	10
chr1	 92750000	 90950000	36
chr1	 94150000	 96500000	47
chr1	 96100000	 95350000	15
chr1	 96850000	 97400000	11
chr1	 97700000	 98350000	13
chr1	 98550000	 96900000	33
chr1	 98600000	 97750000	17
chr1	100000000	101450000	29
chr1	101450000	100750000	14
chr1	103500000	104350000	17
chr1	106100000	109600000	70
chr1	106500000	106000000	10
chr1	109200000	110400000	24
chr1	109850000	107800000	41
chr1	114550000	115050000	10
chr1	119950000	121200000	25
chr1	123550000	121900000	33
chr1	126150000	127150000	20
chr1	127950000	128950000	20
chr1	128150000	128700000	11
chr1	132000000	132600000	12
chr1	136100000	136800000	14
chr1	137100000	137900000	16
chr1	139100000	139250000	3
chr1	144550000	144000000	11
chr1	147300000	147750000	9
chr1	147700000	148700000	20
chr1	149300000	150450000	23
chr1	149750000	151900000	43
chr1	152300000	153100000	16
chr1	153850000	153600000	5
chr1	154750000	153750000	20
chr1	156250000	154350000	38
chr1	157100000	154700000	48
chr1	157500000	156400000	22
chr1	160800000	160250000	11
chr1	163050000	164350000	26
chr1	167100000	168500000	28
chr1	167600000	168100000	10
chr1	169100000	170650000	31
chr1	170150000	169750000	8
chr1	171900000	171450000	9
chr1	171900000	173600000	34
chr1	179750000	178750000	20
chr1	183650000	184450000	16
chr1	185550000	186250000	14
chr1	187000000	186400000	12
chr1	189100000	189300000	4
chr1	190750000	188850000	38
chr1	190850000	191400000	11
chr1	191300000	192400000	22
chr1	192050000	192950000	18
chr10	  2100000	  3000000	18
chr10	  2550000	  3450000	18
chr10	  4850000	  3800000	21
chr10	  9250000	 10300000	21
chr10	 10750000	 11300000	11
chr10	 12900000	 13300000	8
chr10	 13800000	 15350000	31
chr10	 15850000	 16700000	17
chr10	 16250000	 16900000	13
chr10	 18500000	 18850000	7
chr10	 22600000	 21550000	21
chr10	 26700000	 27800000	22
chr10	 34150000	 33000000	23
chr10	 35150000	 35900000	15
chr10	 39500000	 41800000	46
chr10	 39750000	 39100000	13
chr10	 40700000	 41600000	18
chr10	 40950000	 39700000	25
chr10	 41200000	 42150000	19
chr10	 43050000	 43800000	15
chr10	 43450000	 42450000	20
chr10	 44400000	 43350000	21
chr10	 45200000	 44650000	11
chr10	 46950000	 45850000	22
chr10	 47800000	 46350000	29
chr10	 50150000	 50550000	8
chr10	 57900000	 57000000	18
chr10	 58000000	 54250000	75
chr10	 60150000	 61700000	31
chr10	 64900000	 67450000	51
chr10	 65300000	 64200000	22
chr10	 65950000	 67500000	31
chr10	 67450000	 67750000	6
chr10	 68850000	 67800000	21
chr10	 70200000	 68550000	33
chr10	 70200000	 72100000	38
chr10	 71750000	 70950000	16
chr10	 73100000	 72450000	13
chr10	 75500000	 77700000	44
chr10	 78150000	 75750000	48
chr10	 78500000	 77650000	17
chr10	 79000000	 79700000	14
chr10	 82000000	 82700000	14
chr10	 85750000	 85050000	14
chr10	 89600000	 91500000	38
chr10	 89900000	 91400000	30
chr10	 90100000	 89350000	15
chr10	 91150000	 92400000	25
chr10	 92600000	 92100000	10
chr10	 95950000	 95350000	12
chr10	 97100000	 97650000	11
chr10	 99200000	 99900000	14
chr10	 99350000	 98400000	19
chr10	105200000	104400000	16
chr10	105800000	106250000	9
chr10	105900000	106500000	12
chr10	105950000	105300000	13
chr10	107700000	108550000	17
chr10	113200000	114550000	27
chr10	113500000	113200000	6
chr10	117750000	118450000	14
chr10	118100000	119150000	21
chr10	120150000	120850000	14
chr10	121450000	124150000	54
chr10	123250000	121850000	28
chr10	124700000	127350000	53
chr10	126050000	124800000	25
chr10	128700000	127050000	33
chr11	  2450000	  1950000	10
chr11	  2450000	  3150000	14
chr11	  4750000	  5550000	16
chr11	  8200000	  9400000	24
chr11	  8800000	  7900000	18
chr11	  9650000	  8450000	24
chr11	 12300000	  9300000	60
chr11	 16150000	 15450000	14
chr11	 18000000	 16900000	22
chr11	 20400000	 22050000	33
chr11	 22100000	 20750000	27
chr11	 22650000	 19700000	59
chr11	 25900000	 25350000	11
chr11	 26650000	 25900000	15
chr11	 28850000	 28500000	7
chr11	 32450000	 33800000	27
chr11	 35850000	 33100000	55
chr11	 38900000	 37150000	35
chr11	 40700000	 41000000	6
chr11	 43150000	 43950000	16
chr11	 45700000	 47300000	32
chr11	 47250000	 48550000	26
chr11	 47950000	 47100000	17
chr11	 50200000	 47350000	57
chr11	 55050000	 53250000	36
chr11	 57200000	 58150000	19
chr11	 58950000	 57900000	21
chr11	 59400000	 60550000	23
chr11	 59500000	 58800000	14
chr11	 60800000	 57150000	73
chr11	 61650000	 63550000	38
chr11	 61750000	 62200000	9
chr11	 63100000	 61900000	24
chr11	 63950000	 63100000	17
chr11	 64100000	 62350000	35
chr11	 68400000	 68900000	10
chr11	 71850000	 72750000	18
chr11	 76350000	 77500000	23
chr11	 78750000	 79150000	8
chr11	 80200000	 78800000	28
chr11	 85250000	 85650000	8
chr11	 87800000	 89050000	25
chr11	 91000000	 88300000	54
chr11	 92650000	 93850000	24
chr11	 97350000	100700000	67
chr11	100350000	 96950000	68
chr11	100650000	101500000	17
chr11	104300000	104900000	12
chr11	108250000	107150000	22
chr11	109850000	109150000	14
chr11	110750000	111750000	20
chr11	111450000	112550000	22
chr11	114600000	113600000	20
chr11	117850000	118650000	16
chr11	121700000	120500000	24
chr12	  2700000	  1700000	20
chr12	  4450000	  6250000	36
chr12	  4500000	  4850000	7
chr12	 11150000	 11950000	16
chr12	 16650000	 17350000	14
chr12	 17750000	 14050000	74
chr12	 18100000	 16950000	23
chr12	 18950000	 16450000	50
chr12	 19400000	 18400000	20
chr12	 24150000	 24900000	15
chr12	 28900000	 26650000	45
chr12	 31150000	 29450000	34
chr12	 32350000	 31750000	12
chr12	 32350000	 33450000	22
chr12	 32550000	 33350000	16
chr12	 36200000	 37400000	24
chr12	 36550000	 37500000	19
chr12	 36950000	 37600000	13
chr12	 38700000	 37350000	27
chr12	 39100000	 37500000	32
chr12	 41900000	 40550000	27
chr12	 47500000	 46750000	15
chr12	 47750000	 47350000	8
chr12	 47900000	 49600000	34
chr12	 48350000	 47350000	20
chr12	 50850000	 51350000	10
chr12	 52400000	 52750000	7
chr12	 53150000	 53650000	10
chr12	 53250000	 52250000	20
chr12	 54750000	 54050000	14
chr12	 55850000	 53350000	50
chr12	 56350000	 59150000	56
chr12	 59850000	 62050000	44
chr12	 64300000	 65250000	19
chr12	 64500000	 65850000	27
chr12	 69450000	 69100000	7
chr12	 72250000	 74200000	39
chr12	 72500000	 69900000	52
chr12	 77300000	 78900000	32
chr12	 78000000	 78550000	11
chr12	 78150000	 79100000	19
chr12	 78350000	 79050000	14
chr12	 79250000	 77850000	28
chr12	 81000000	 79700000	26
chr12	 82400000	 83050000	13
chr12	 82700000	 81650000	21
chr12	 83600000	 85250000	33
chr12	 88150000	 88850000	14
chr12	 88450000	 88650000	4
chr12	 89450000	 89650000	4
chr12	 90000000	 91750000	35
chr12	 91200000	 89700000	30
chr12	 92150000	 93750000	32
chr12	 94100000	 95050000	19
chr12	 98150000	 98550000	8
chr12	 99850000	100900000	21
chr12	100950000	100700000	5
chr12	101650000	102700000	21
chr12	101800000	100850000	19
chr12	106600000	105500000	22
chr12	109450000	108600000	17
chr12	109750000	110950000	24
chr12	115500000	114200000	26
chr13	  3750000	  2100000	33
chr13	  5050000	  3500000	31
chr13	  5900000	  4800000	22
chr13	  6050000	  5550000	10
chr13	  6150000	  5550000	12
chr13	  6950000	  8000000	21
chr13	 11400000	 13250000	37
chr13	 17300000	 16350000	19
chr13	 21950000	 21550000	8
chr13	 22000000	 21250000	15
chr13	 22800000	 25150000	47
chr13	 23400000	 24200000	16
chr13	 24200000	 22350000	37
chr13	 28450000	 28150000	6
chr13	 30300000	 28400000	38
chr13	 31800000	 32900000	22
chr13	 33700000	 35400000	34
chr13	 37800000	 38300000	10
chr13	 43550000	 44400000	17
chr13	 44150000	 43300000	17
chr13	 47350000	 45300000	41
chr13	 49300000	 47450000	37
chr13	 56850000	 57950000	22
chr13	 59950000	 60850000	18
chr13	 60350000	 60950000	12
chr13	 60650000	 60100000	11
chr13	 60750000	 62200000	29
chr13	 64100000	 64600000	10
chr13	 74750000	 75600000	17
chr13	 74950000	 74200000	15
chr13	 75100000	 74700000	8
chr13	 76000000	 76350000	7
chr13	 78150000	 75650000	50
chr13	 81150000	 81550000	8
chr13	 81550000	 80250000	26
chr13	 83450000	 84300000	17
chr13	 83600000	 83100000	10
chr13	 84400000	 85550000	23
chr13	 88700000	 88050000	13
chr13	 88850000	 86650000	44
chr13	 91950000	 90250000	34
chr13	 95250000	 95900000	13
chr13	 98200000	 98500000	6
chr13	 98700000	 97550000	23
chr13	100900000	103650000	55
chr13	102850000	104600000	35
chr13	104450000	103100000	27
chr13	113450000	113100000	7
chr13	114750000	113800000	19
chr13	114750000	113850000	18
chr13	115450000	114700000	15
chr13	117400000	115700000	34
chr13	118200000	119300000	22
chr14	  5500000	  4300000	24
chr14	  6050000	  4250000	36
chr14	  8600000	  7200000	28
chr14	 12300000	 14800000	50
chr14	 12700000	 13450000	15
chr14	 15500000	 15100000	8
chr14	 15800000	 16700000	18
chr14	 20950000	 21900000	19
chr14	 21100000	 20500000	12
chr14	 25600000	 24600000	20
chr14	 25850000	 25350000	10
chr14	 26200000	 25100000	22
chr14	 26700000	 28600000	38
chr14	 27200000	 26000000	24
chr14	 27750000	 28450000	14
chr14	 30600000	 31250000	13
chr14	 31600000	 31600000	0
chr14	 33000000	 32050000	19
chr14	 33450000	 33000000	9
chr14	 33900000	 33450000	9
chr14	 34000000	 34600000	12
chr14	 36200000	 38300000	42
chr14	 36900000	 38300000	28
chr14	 37850000	 37400000	9
chr14	 38750000	 37800000	19
chr14	 40800000	 41700000	18
chr14	 41750000	 41350000	8
chr14	 42900000	 41500000	28
chr14	 44800000	 43450000	27
chr14	 44950000	 46900000	39
chr14	 47150000	 46650000	10
chr14	 47950000	 50200000	45
chr14	 50900000	 51450000	11
chr14	 52800000	 51950000	17
chr14	 53200000	 52750000	9
chr14	 55400000	 54950000	9
chr14	 56200000	 54850000	27
chr14	 57150000	 56550000	12
chr14	 57250000	 57450000	4
chr14	 57750000	 58950000	24
chr14	 58050000	 59650000	32
chr14	 61700000	 60450000	25
chr14	 62000000	 61250000	15
chr14	 62650000	 63550000	18
chr14	 69100000	 66450000	53
chr14	 69700000	 68850000	17
chr14	 70850000	 72600000	35
chr14	 73900000	 73050000	17
chr14	 74450000	 74150000	6
chr14	 75550000	 75150000	8
chr14	 76500000	 77650000	23
chr14	 79050000	 79550000	10
chr14	 80350000	 83650000	66
chr14	 81400000	 82800000	28
chr14	 83250000	 83750000	10
chr14	 85150000	 85600000	9
chr14	 87250000	 86300000	19
chr14	 87450000	 86050000	28
chr14	 89650000	 92350000	54
chr14	 92200000	 90800000	28
chr14	 95750000	 95050000	14
chr14	 96250000	 95700000	11
chr14	 96700000	 95350000	27
chr14	 97450000	 97200000	5
chr14	 99300000	101100000	36
chr14	 99550000	100800000	25
chr14	101250000	100800000	9
chr14	101750000	102300000	11
chr14	102050000	102900000	17
chr14	104550000	106300000	35
chr14	104850000	105700000	17
chr14	105100000	104100000	20
chr14	106000000	106350000	7
chr14	107950000	106900000	21
chr14	108200000	107250000	19
chr14	108750000	111000000	45
chr14	109400000	109950000	11
chr14	109900000	110600000	14
chr14	111250000	112750000	30
chr14	112150000	111200000	19
chr14	112450000	113700000	25
chr14	114800000	117200000	48
chr14	115350000	116500000	23
chr14	117000000	119400000	48
chr14	118200000	119900000	34
chr14	118400000	117350000	21
chr14	123400000	122750000	13
chr15	  3750000	  4850000	22
chr15	  6900000	  8550000	33
chr15	  7000000	  7800000	16
chr15	 14750000	 13850000	18
chr15	 17000000	 15750000	25
chr15	 17150000	 16600000	11
chr15	 18050000	 19900000	37
chr15	 18750000	 19900000	23
chr15	 21000000	 22050000	21
chr15	 22300000	 20200000	42
chr15	 23800000	 22250000	31
chr15	 25450000	 24250000	24
chr15	 26400000	 27400000	20
chr15	 26400000	 27750000	27
chr15	 27150000	 29350000	44
chr15	 27450000	 25900000	31
chr15	 28050000	 26900000	23
chr15	 28700000	 30050000	27
chr15	 29500000	 32300000	56
chr15	 31150000	 32350000	24
chr15	 31600000	 31250000	7
chr15	 31600000	 32050000	9
chr15	 31600000	 32400000	16
chr15	 32850000	 31450000	28
chr15	 36050000	 34500000	31
chr15	 37150000	 36350000	16
chr15	 38350000	 36950000	28
chr15	 43250000	 41650000	32
chr15	 43300000	 42300000	20
chr15	 45300000	 44700000	12
chr15	 47250000	 46300000	19
chr15	 48800000	 50700000	38
chr15	 50700000	 51650000	19
chr15	 52250000	 51650000	12
chr15	 52650000	 53850000	24
chr15	 52700000	 53350000	13
chr15	 55750000	 56950000	24
chr15	 55800000	 54400000	28
chr15	 58500000	 59900000	28
chr15	 59750000	 59400000	7
chr15	 59850000	 60550000	14
chr15	 61000000	 61000000	0
chr15	 61150000	 62250000	22
chr15	 63700000	 63300000	8
chr15	 66400000	 61850000	91
chr15	 67450000	 66900000	11
chr15	 69850000	 68550000	26
chr15	 69850000	 69100000	15
chr15	 70850000	 72350000	30
chr15	 70950000	 69250000	34
chr15	 73550000	 74700000	23
chr15	 77150000	 75150000	40
chr15	 81450000	 82500000	21
chr15	 81750000	 82650000	18
chr15	 82950000	 81000000	39
chr15	 86650000	 85600000	21
chr15	 88100000	 86250000	37
chr15	 95500000	 92500000	60
chr15	 96150000	 97800000	33
chr15	 98150000	 99600000	29
chr15	 99250000	 98000000	25
chr15	 99350000	100650000	26
chr15	 99600000	101400000	36
chr15	 99700000	100500000	16
chr15	100000000	101300000	26
chr15	100700000	101500000	16
chr15	102200000	101450000	15
chr16	  2050000	  1350000	14
chr16	  2450000	  3100000	13
chr16	  5100000	  4350000	15
chr16	  5700000	  6700000	20
chr16	  5750000	  7300000	31
chr16	  6800000	  8600000	36
chr16	  9200000	 12100000	58
chr16	 12200000	 13600000	28
chr16	 12350000	 13800000	29
chr16	 12800000	 12550000	5
chr16	 15400000	 14300000	22
chr16	 16050000	 14450000	32
chr16	 16600000	 15000000	32
chr16	 16900000	 20000000	62
chr16	 26500000	 27500000	20
chr16	 26600000	 28250000	33
chr16	 26800000	 25500000	26
chr16	 30550000	 32550000	40
chr16	 31000000	 30400000	12
chr16	 31900000	 32550000	13
chr16	 34800000	 36400000	32
chr16	 38200000	 38950000	15
chr16	 41400000	 42050000	13
chr16	 41450000	 43750000	46
chr16	 41750000	 43550000	36
chr16	 45850000	 44700000	23
chr16	 46200000	 47950000	35
chr16	 48050000	 50050000	40
chr16	 50650000	 52750000	42
chr16	 52300000	 50500000	36
chr16	 53850000	 52800000	21
chr16	 54800000	 55700000	18
chr16	 57700000	 58900000	24
chr16	 57900000	 59150000	25
chr16	 58050000	 58850000	16
chr16	 58850000	 57900000	19
chr16	 62650000	 63550000	18
chr16	 65100000	 66100000	20
chr16	 66750000	 67650000	18
chr16	 67350000	 68000000	13
chr16	 69900000	 69250000	13
chr16	 71650000	 72400000	15
chr16	 72400000	 72650000	5
chr16	 72700000	 73750000	21
chr16	 76150000	 77450000	26
chr16	 77450000	 78050000	12
chr16	 78300000	 79300000	20
chr16	 79700000	 82000000	46
chr16	 81600000	 82100000	10
chr16	 82650000	 83250000	12
chr16	 83050000	 81650000	28
chr16	 86750000	 87600000	17
chr16	 90400000	 89900000	10
chr16	 94200000	 91300000	58
chr16	 96000000	 98000000	40
chr17	  4300000	  6350000	41
chr17	  4550000	  3700000	17
chr17	  5350000	  6200000	17
chr17	  7800000	  8450000	13
chr17	  7800000	  9150000	27
chr17	  8050000	  5100000	59
chr17	  8850000	  9300000	9
chr17	 10000000	 10550000	11
chr17	 15350000	 12100000	65
chr17	 22700000	 20700000	40
chr17	 23950000	 26000000	41
chr17	 27500000	 27850000	7
chr17	 27750000	 27350000	8
chr17	 27850000	 28300000	9
chr17	 28950000	 30500000	31
chr17	 31450000	 33300000	37
chr17	 34750000	 33350000	28
chr17	 35000000	 36300000	26
chr17	 36150000	 38350000	44
chr17	 40750000	 39250000	30
chr17	 42750000	 43800000	21
chr17	 45750000	 46600000	17
chr17	 47700000	 46050000	33
chr17	 50050000	 48150000	38
chr17	 50550000	 50250000	6
chr17	 53350000	 52450000	18
chr17	 56300000	 57350000	21
chr17	 59750000	 60850000	22
chr17	 60700000	 59350000	27
chr17	 63400000	 61800000	32
chr17	 64900000	 63950000	19
chr17	 66350000	 66950000	12
chr17	 66600000	 65500000	22
chr17	 67550000	 66400000	23
chr17	 70350000	 69250000	22
chr17	 73700000	 72800000	18
chr17	 77350000	 77950000	12
chr17	 79150000	 78350000	16
chr17	 81400000	 82450000	21
chr17	 83150000	 83450000	6
chr17	 88150000	 89200000	21
chr17	 89100000	 88400000	14
chr17	 89550000	 91200000	33
chr17	 91850000	 92600000	15
chr17	 93300000	 94750000	29
chr18	  1350000	   850000	10
chr18	  2600000	  3500000	18
chr18	  9750000	  8150000	32
chr18	 12600000	 12000000	12
chr18	 12900000	 14300000	28
chr18	 13800000	 15050000	25
chr18	 14150000	 15850000	34
chr18	 16800000	 17150000	7
chr18	 18050000	 19750000	34
chr18	 21300000	 20650000	13
chr18	 22950000	 22100000	17
chr18	 23350000	 26250000	58
chr18	 26950000	 28050000	22
chr18	 29950000	 30500000	11
chr18	 32150000	 32650000	10
chr18	 33200000	 34000000	16
chr18	 33250000	 33850000	12
chr18	 38200000	 37600000	12
chr18	 38500000	 37600000	18
chr18	 41000000	 39400000	32
chr18	 42000000	 42600000	12
chr18	 43400000	 42500000	18
chr18	 44900000	 42800000	42
chr18	 45550000	 46100000	11
chr18	 54850000	 57450000	52
chr18	 55000000	 53450000	31
chr18	 55200000	 54600000	12
chr18	 57450000	 58750000	26
chr18	 57900000	 58950000	21
chr18	 62900000	 62150000	15
chr18	 66050000	 65400000	13
chr18	 68450000	 70000000	31
chr18	 69300000	 68050000	25
chr18	 71250000	 72350000	22
chr18	 76750000	 75550000	24
chr18	 78000000	 76250000	35
chr18	 78450000	 77200000	25
chr18	 79200000	 78000000	24
chr18	 82300000	 83550000	25
chr18	 84000000	 84550000	11
chr19	  1650000	   550000	22
chr19	  1950000	   800000	23
chr19	  3400000	  2000000	28
chr19	  8550000	 10350000	36
chr19	 10150000	  9000000	23
chr19	 13550000	 12800000	15
chr19	 15650000	 16950000	26
chr19	 24350000	 23500000	17
chr19	 26900000	 29000000	42
chr19	 29650000	 30450000	16
chr19	 35550000	 36350000	16
chr19	 35700000	 34150000	31
chr19	 36550000	 39150000	52
chr19	 43450000	 41850000	32
chr19	 44800000	 43450000	27
chr19	 46150000	 46950000	16
chr19	 50050000	 50850000	16
chr19	 52100000	 51050000	21
chr19	 53500000	 54350000	17
chr19	 53700000	 54400000	14
chr19	 54950000	 55800000	17
chr19	 55700000	 56050000	7
chr19	 60600000	 61200000	12
chr2	   750000	  3300000	51
chr2	  5200000	  6150000	19
chr2	  5550000	  4600000	19
chr2	  5550000	  6900000	27
chr2	  8350000	  7400000	19
chr2	  8850000	  7600000	25
chr2	 10050000	 10350000	6
chr2	 10250000	  9700000	11
chr2	 10600000	 10050000	11
chr2	 12250000	 11950000	6
chr2	 18000000	 19400000	28
chr2	 18400000	 17350000	21
chr2	 21650000	 20850000	16
chr2	 29450000	 30400000	19
chr2	 29850000	 29550000	6
chr2	 35000000	 34050000	19
chr2	 38600000	 37250000	27
chr2	 39100000	 38650000	9
chr2	 39250000	 39500000	5
chr2	 40000000	 41100000	22
chr2	 45700000	 47150000	29
chr2	 46900000	 48400000	30
chr2	 47650000	 45950000	34
chr2	 58100000	 57300000	16
chr2	 58550000	 58550000	0
chr2	 59050000	 62100000	61
chr2	 62800000	 62650000	3
chr2	 64350000	 65450000	22
chr2	 64400000	 65850000	29
chr2	 69050000	 67750000	26
chr2	 73450000	 74500000	21
chr2	 76550000	 77300000	15
chr2	 76950000	 74900000	41
chr2	 81150000	 81150000	0
chr2	 81250000	 78850000	48
chr2	 81650000	 79950000	34
chr2	 82050000	 80000000	41
chr2	 83000000	 82400000	12
chr2	 84150000	 84600000	9
chr2	 87100000	 86400000	14
chr2	 90100000	 91800000	34
chr2	 90750000	 91750000	20
chr2	 93300000	 94050000	15
chr2	 94200000	 90950000	65
chr2	 94350000	 95100000	15
chr2	 97950000	 99450000	30
chr2	101200000	101600000	8
chr2	104350000	104850000	10
chr2	104750000	105600000	17
chr2	106100000	106750000	13
chr2	116300000	114300000	40
chr2	119250000	122200000	59
chr2	119350000	121500000	43
chr2	119850000	118900000	19
chr2	120400000	119300000	22
chr2	123650000	122000000	33
chr2	124500000	125750000	25
chr2	126500000	125850000	13
chr2	133450000	132550000	18
chr2	134000000	133550000	9
chr2	134700000	135700000	20
chr2	136000000	136350000	7
chr2	136800000	138700000	38
chr2	140050000	139200000	17
chr2	141000000	140450000	11
chr2	141900000	141400000	10
chr2	142200000	141150000	21
chr2	143600000	142850000	15
chr2	145200000	144650000	11
chr2	148550000	149550000	20
chr2	149150000	149850000	14
chr2	150000000	151450000	29
chr2	152450000	151050000	28
chr2	152800000	152300000	10
chr2	154200000	153500000	14
chr2	157300000	158100000	16
chr2	157550000	158550000	20
chr2	164250000	163000000	25
chr2	165850000	164900000	19
chr2	166800000	165600000	24
chr2	168450000	166700000	35
chr2	170050000	169250000	16
chr2	173950000	173050000	18
chr2	174650000	173500000	23
chr2	176200000	173750000	49
chr2	178050000	179650000	32
chr2	178550000	181000000	49
chr2	180150000	180750000	12
chr3	   550000	  1700000	23
chr3	   950000	    50000	18
chr3	  2700000	  3000000	6
chr3	  5300000	  3600000	34
chr3	  5550000	  4800000	15
chr3	  9500000	  8150000	27
chr3	 14350000	 15650000	26
chr3	 17650000	 17100000	11
chr3	 19600000	 19000000	12
chr3	 20300000	 19000000	26
chr3	 21800000	 21000000	16
chr3	 23650000	 24050000	8
chr3	 24500000	 25600000	22
chr3	 26850000	 27100000	5
chr3	 30950000	 29500000	29
chr3	 35150000	 35800000	13
chr3	 38000000	 37350000	13
chr3	 38900000	 38600000	6
chr3	 40200000	 38350000	37
chr3	 42850000	 41350000	30
chr3	 43400000	 44600000	24
chr3	 43700000	 42100000	32
chr3	 48350000	 47600000	15
chr3	 49100000	 47350000	35
chr3	 50300000	 51350000	21
chr3	 51100000	 50400000	14
chr3	 53150000	 52150000	20
chr3	 54350000	 56000000	33
chr3	 56100000	 56500000	8
chr3	 56250000	 57750000	30
chr3	 57250000	 56300000	19
chr3	 58450000	 57750000	14
chr3	 59400000	 58600000	16
chr3	 61100000	 62500000	28
chr3	 61850000	 60750000	22
chr3	 62250000	 61150000	22
chr3	 63200000	 67100000	78
chr3	 64000000	 63000000	20
chr3	 72450000	 70650000	36
chr3	 76200000	 75450000	15
chr3	 79200000	 79700000	10
chr3	 79600000	 78600000	20
chr3	 79900000	 80250000	7
chr3	 83600000	 84200000	12
chr3	 83900000	 83550000	7
chr3	 89950000	 90750000	16
chr3	 90800000	 89350000	29
chr3	 91300000	 90100000	24
chr3	 92100000	 93250000	23
chr3	 93450000	 94400000	19
chr3	 93600000	 92650000	19
chr3	 97050000	 96450000	12
chr3	101000000	101250000	5
chr3	103150000	100900000	45
chr3	104750000	104350000	8
chr3	105200000	102900000	46
chr3	105300000	103500000	36
chr3	110800000	111250000	9
chr3	113400000	111650000	35
chr3	115650000	114350000	26
chr3	118200000	117800000	8
chr3	126100000	123700000	48
chr3	127500000	128500000	20
chr3	128700000	129750000	21
chr3	133700000	136250000	51
chr3	148350000	149250000	18
chr3	149000000	149600000	12
chr3	150350000	150150000	4
chr3	151950000	150100000	37
chr3	153300000	152450000	17
chr3	156200000	158200000	40
chr3	156600000	155050000	31
chr4	  1250000	   200000	21
chr4	  9550000	  9550000	0
chr4	 10600000	 12600000	40
chr4	 10800000	  8600000	44
chr4	 11850000	 11200000	13
chr4	 12700000	 14050000	27
chr4	 18400000	 19800000	28
chr4	 22200000	 23050000	17
chr4	 22550000	 23200000	13
chr4	 27300000	 28000000	14
chr4	 29800000	 30800000	20
chr4	 31450000	 31900000	9
chr4	 32250000	 30850000	28
chr4	 32950000	 31950000	20
chr4	 35200000	 35750000	11
chr4	 37700000	 36150000	31
chr4	 41000000	 42450000	29
chr4	 41200000	 39300000	38
chr4	 41200000	 41200000	0
chr4	 41900000	 43200000	26
chr4	 42500000	 41900000	12
chr4	 42700000	 40900000	36
chr4	 46700000	 47200000	10
chr4	 47650000	 48950000	26
chr4	 48100000	 47550000	11
chr4	 48450000	 48950000	10
chr4	 48950000	 45800000	63
chr4	 49700000	 48500000	24
chr4	 52450000	 51850000	12
chr4	 55000000	 56750000	35
chr4	 56850000	 55150000	34
chr4	 56950000	 56200000	15
chr4	 60300000	 61450000	23
chr4	 60500000	 61700000	24
chr4	 60800000	 61900000	22
chr4	 64550000	 63250000	26
chr4	 68950000	 67300000	33
chr4	 70300000	 69550000	15
chr4	 70700000	 69550000	23
chr4	 70900000	 72150000	25
chr4	 72800000	 72000000	16
chr4	 76900000	 76250000	13
chr4	 84400000	 82800000	32
chr4	 84550000	 86950000	48
chr4	 89400000	 88750000	13
chr4	 91050000	 91900000	17
chr4	 91650000	 92400000	15
chr4	 91950000	 90900000	21
chr4	 92750000	 91850000	18
chr4	 93550000	 92900000	13
chr4	 94650000	 93500000	23
chr4	 97100000	 99350000	45
chr4	 98350000	 98100000	5
chr4	 99500000	 98500000	20
chr4	101500000	101100000	8
chr4	104750000	103400000	27
chr4	105800000	105050000	15
chr4	106450000	105700000	15
chr4	106700000	105850000	17
chr4	107700000	108550000	17
chr4	111800000	111250000	11
chr4	113750000	115000000	25
chr4	115900000	117050000	23
chr4	121150000	121250000	2
chr4	122150000	123100000	19
chr4	124200000	123600000	12
chr4	124800000	124250000	11
chr4	125600000	126850000	25
chr4	125700000	126550000	17
chr4	128750000	127600000	23
chr4	129500000	130200000	14
chr4	133450000	132800000	13
chr4	134100000	132950000	23
chr4	135950000	137200000	25
chr4	136100000	135350000	15
chr4	143600000	145450000	37
chr4	148850000	149750000	18
chr5	  4050000	  5300000	25
chr5	  8000000	  8900000	18
chr5	 11000000	  9500000	30
chr5	 11300000	 13600000	46
chr5	 12100000	 11700000	8
chr5	 13650000	 11800000	37
chr5	 14400000	 16050000	33
chr5	 19550000	 20100000	11
chr5	 20300000	 19150000	23
chr5	 21500000	 22850000	27
chr5	 23750000	 24600000	17
chr5	 23850000	 24050000	4
chr5	 25350000	 24550000	16
chr5	 25550000	 24700000	17
chr5	 26600000	 26050000	11
chr5	 26750000	 24950000	36
chr5	 27800000	 25150000	53
chr5	 31750000	 31100000	13
chr5	 31850000	 30950000	18
chr5	 32850000	 33800000	19
chr5	 37800000	 39250000	29
chr5	 37900000	 34400000	70
chr5	 41500000	 42700000	24
chr5	 41850000	 42550000	14
chr5	 45250000	 45250000	0
chr5	 45350000	 43350000	40
chr5	 45700000	 44450000	25
chr5	 49550000	 51500000	39
chr5	 53800000	 52550000	25
chr5	 54800000	 56550000	35
chr5	 54950000	 56600000	33
chr5	 57650000	 57300000	7
chr5	 57700000	 58850000	23
chr5	 58800000	 57800000	20
chr5	 65400000	 63650000	35
chr5	 65950000	 65650000	6
chr5	 71050000	 70750000	6
chr5	 73100000	 71600000	30
chr5	 74150000	 74800000	13
chr5	 78300000	 77500000	16
chr5	 82500000	 81750000	15
chr5	 85150000	 84350000	16
chr5	 87150000	 88000000	17
chr5	 88150000	 90150000	40
chr5	 90550000	 92000000	29
chr5	 91250000	 91800000	11
chr5	 93600000	 91900000	34
chr5	 94300000	 95900000	32
chr5	 95200000	 96200000	20
chr5	 96350000	 93900000	49
chr5	 96950000	 95250000	34
chr5	 98300000	 96600000	34
chr5	101650000	 99900000	35
chr5	102900000	103450000	11
chr5	104950000	103450000	30
chr5	107200000	108350000	23
chr5	107850000	107350000	10
chr5	110100000	108800000	26
chr5	113550000	112400000	23
chr5	114150000	114900000	15
chr5	114900000	112350000	51
chr5	114900000	114300000	12
chr5	116150000	116500000	7
chr5	117050000	116600000	9
chr5	119700000	120300000	12
chr5	124900000	123050000	37
chr5	128150000	129500000	27
chr5	132150000	133050000	18
chr5	132450000	130900000	31
chr5	135250000	136400000	23
chr5	135300000	137000000	34
chr5	142650000	143650000	20
chr5	145300000	143600000	34
chr5	148250000	146950000	26
chr6	  1550000	   800000	15
chr6	  3000000	  3850000	17
chr6	  3000000	  4450000	29
chr6	  3150000	  4000000	17
chr6	  4350000	  3850000	10
chr6	  7650000	  6650000	20
chr6	  9050000	  9500000	9
chr6	 14350000	 13650000	14
chr6	 15900000	 18700000	56
chr6	 19100000	 17250000	37
chr6	 19850000	 19000000	17
chr6	 26200000	 27600000	28
chr6	 27700000	 26350000	27
chr6	 27950000	 28750000	16
chr6	 29050000	 30800000	35
chr6	 30350000	 31200000	17
chr6	 48900000	 47600000	26
chr6	 51500000	 52100000	12
chr6	 51500000	 52600000	22
chr6	 56250000	 56900000	13
chr6	 56900000	 57750000	17
chr6	 57500000	 59450000	39
chr6	 59150000	 60850000	34
chr6	 59850000	 59050000	16
chr6	 60200000	 62350000	43
chr6	 62000000	 62400000	8
chr6	 62200000	 61100000	22
chr6	 64050000	 64650000	12
chr6	 65350000	 64100000	25
chr6	 75050000	 73250000	36
chr6	 77650000	 77050000	12
chr6	 80150000	 81650000	30
chr6	 80600000	 79950000	13
chr6	 83450000	 84200000	15
chr6	 84500000	 85150000	13
chr6	 85000000	 86000000	20
chr6	 85300000	 86350000	21
chr6	 85350000	 87050000	34
chr6	 86350000	 87850000	30
chr6	 89700000	 89000000	14
chr6	 96900000	 99200000	46
chr6	101050000	100050000	20
chr6	102400000	103400000	20
chr6	104100000	105550000	29
chr6	104400000	102950000	29
chr6	107750000	110100000	47
chr6	111350000	110300000	21
chr6	111850000	112650000	16
chr6	112050000	113650000	32
chr6	112850000	114050000	24
chr6	113150000	113900000	15
chr6	115900000	115600000	6
chr6	116350000	115350000	20
chr6	116750000	117200000	9
chr6	116850000	117350000	10
chr6	116950000	117450000	10
chr6	117450000	118100000	13
chr6	119300000	117800000	30
chr6	120500000	119800000	14
chr6	120500000	123100000	52
chr6	122700000	124100000	28
chr6	126150000	126700000	11
chr6	126200000	128250000	41
chr6	129150000	127200000	39
chr6	130850000	129950000	18
chr6	133900000	134700000	16
chr6	136400000	137450000	21
chr6	136600000	135900000	14
chr6	137350000	136950000	8
chr6	142050000	143500000	29
chr6	143100000	144550000	29
chr6	144850000	143900000	19
chr6	146100000	145100000	20
chr6	146650000	147250000	12
chr6	147250000	148300000	21
chr7	   100000	   500000	8
chr7	   950000	   150000	16
chr7	  1750000	  2350000	12
chr7	  4400000	  5950000	31
chr7	  4800000	  2750000	41
chr7	  8500000	  9400000	18
chr7	  9150000	 10650000	30
chr7	 10650000	  8150000	50
chr7	 13800000	 12350000	29
chr7	 16150000	 17500000	27
chr7	 17650000	 18200000	11
chr7	 18550000	 18250000	6
chr7	 20150000	 23750000	72
chr7	 22800000	 23600000	16
chr7	 23600000	 24200000	12
chr7	 23800000	 25300000	30
chr7	 24450000	 23950000	10
chr7	 25700000	 24950000	15
chr7	 26500000	 25150000	27
chr7	 27150000	 27150000	0
chr7	 29350000	 30350000	20
chr7	 29600000	 28950000	13
chr7	 29900000	 28350000	31
chr7	 31250000	 32550000	26
chr7	 33000000	 34350000	27
chr7	 39200000	 40100000	18
chr7	 39300000	 39800000	10
chr7	 40300000	 42500000	44
chr7	 45050000	 43750000	26
chr7	 51550000	 52350000	16
chr7	 51700000	 51200000	10
chr7	 54200000	 55300000	22
chr7	 54200000	 55550000	27
chr7	 57850000	 55700000	43
chr7	 61600000	 61250000	7
chr7	 65050000	 64650000	8
chr7	 67250000	 67950000	14
chr7	 71100000	 71900000	16
chr7	 72050000	 73050000	20
chr7	 74000000	 72350000	33
chr7	 75250000	 77200000	39
chr7	 75400000	 74350000	21
chr7	 75850000	 74650000	24
chr7	 76150000	 75200000	19
chr7	 83550000	 84150000	12
chr7	 85900000	 86800000	18
chr7	 87900000	 89150000	25
chr7	 88700000	 89150000	9
chr7	 88900000	 91350000	49
chr7	 89400000	 86550000	57
chr7	 89600000	 90000000	8
chr7	 91150000	 91650000	10
chr7	 91650000	 91300000	7
chr7	 92050000	 91250000	16
chr7	 94500000	 93950000	11
chr7	 98800000	 97250000	31
chr7	105050000	106750000	34
chr7	109200000	111350000	43
chr7	110400000	111200000	16
chr7	112500000	113900000	28
chr7	114250000	115300000	21
chr7	114900000	116000000	22
chr7	118100000	117650000	9
chr7	121550000	119200000	47
chr7	124550000	126500000	39
chr7	125400000	126100000	14
chr7	130850000	131950000	22
chr7	131450000	132000000	11
chr7	134600000	133700000	18
chr7	135350000	134100000	25
chr7	137550000	138850000	26
chr7	139700000	140750000	21
chr7	140200000	141200000	20
chr7	143700000	144400000	14
chr7	145050000	143750000	26
chr8	  3600000	  5500000	38
chr8	  4350000	  2700000	33
chr8	  4350000	  5150000	16
chr8	  7300000	  6650000	13
chr8	 11950000	 11450000	10
chr8	 15400000	 14750000	13
chr8	 15400000	 16300000	18
chr8	 17550000	 18700000	23
chr8	 26100000	 26700000	12
chr8	 28800000	 30000000	24
chr8	 31900000	 32600000	14
chr8	 33300000	 32600000	14
chr8	 33400000	 34350000	19
chr8	 35050000	 34250000	16
chr8	 35100000	 36450000	27
chr8	 37400000	 37400000	0
chr8	 37850000	 38200000	7
chr8	 38800000	 37900000	18
chr8	 47950000	 48900000	19
chr8	 50150000	 49500000	13
chr8	 50650000	 51100000	9
chr8	 51250000	 49750000	30
chr8	 53050000	 52450000	12
chr8	 53450000	 52550000	18
chr8	 54000000	 55050000	21
chr8	 55850000	 54900000	19
chr8	 55950000	 57600000	33
chr8	 56150000	 54650000	30
chr8	 56400000	 55500000	18
chr8	 56700000	 57200000	10
chr8	 57650000	 59600000	39
chr8	 59000000	 57750000	25
chr8	 63050000	 63750000	14
chr8	 66750000	 65750000	20
chr8	 68100000	 67150000	19
chr8	 70600000	 72400000	36
chr8	 71950000	 71050000	18
chr8	 72150000	 71250000	18
chr8	 73450000	 72250000	24
chr8	 74450000	 76500000	41
chr8	 75250000	 76600000	27
chr8	 76550000	 75300000	25
chr8	 76900000	 75900000	20
chr8	 78250000	 77300000	19
chr8	 80800000	 79500000	26
chr8	 81550000	 80850000	14
chr8	 81550000	 83100000	31
chr8	 81650000	 79900000	35
chr8	 82800000	 83950000	23
chr8	 84300000	 85750000	29
chr8	 88550000	 88100000	9
chr8	 88800000	 90800000	40
chr8	 92000000	 92800000	16
chr8	 92200000	 93300000	22
chr8	 92550000	 94400000	37
chr8	 93000000	 93500000	10
chr8	103350000	102950000	8
chr8	104500000	103350000	23
chr8	105100000	105950000	17
chr8	105200000	107050000	37
chr8	106050000	106350000	6
chr8	106450000	107650000	24
chr8	108150000	108500000	7
chr8	108450000	111200000	55
chr8	109950000	109000000	19
chr8	113150000	113850000	14
chr8	115800000	117650000	37
chr8	119300000	118550000	15
chr8	119350000	120550000	24
chr8	120600000	122550000	39
chr8	125200000	124050000	23
chr8	126750000	128900000	43
chr8	127450000	126800000	13
chr9	  2150000	  1350000	16
chr9	  3200000	  4200000	20
chr9	  7550000	  7750000	4
chr9	  8850000	  8000000	17
chr9	 10400000	  8300000	42
chr9	 10600000	  9600000	20
chr9	 15250000	 15800000	11
chr9	 17600000	 14050000	71
chr9	 18350000	 16900000	29
chr9	 18400000	 16150000	45
chr9	 20300000	 17100000	64
chr9	 20550000	 18200000	47
chr9	 21300000	 23150000	37
chr9	 21450000	 20550000	18
chr9	 24750000	 22750000	40
chr9	 27600000	 26900000	14
chr9	 31950000	 30800000	23
chr9	 33700000	 32250000	29
chr9	 33700000	 32950000	15
chr9	 36050000	 37150000	22
chr9	 36850000	 37650000	16
chr9	 37150000	 37900000	15
chr9	 37450000	 36800000	13
chr9	 40450000	 39800000	13
chr9	 41900000	 39800000	42
chr9	 42400000	 41650000	15
chr9	 44150000	 43200000	19
chr9	 45000000	 46200000	24
chr9	 45050000	 46800000	35
chr9	 47200000	 47950000	15
chr9	 47300000	 48550000	25
chr9	 47350000	 46100000	25
chr9	 47450000	 48300000	17
chr9	 49000000	 50600000	32
chr9	 51000000	 51700000	14
chr9	 51900000	 51100000	16
chr9	 54000000	 51200000	56
chr9	 58050000	 56100000	39
chr9	 58150000	 57450000	14
chr9	 58650000	 58350000	6
chr9	 62150000	 63700000	31
chr9	 66100000	 66650000	11
chr9	 68050000	 69650000	32
chr9	 68650000	 69800000	23
chr9	 73350000	 71950000	28
chr9	 74300000	 75000000	14
chr9	 79400000	 78400000	20
chr9	 79500000	 80350000	17
chr9	 79600000	 77100000	50
chr9	 79650000	 80250000	12
chr9	 80300000	 78950000	27
chr9	 81500000	 82750000	25
chr9	 81550000	 83200000	33
chr9	 81900000	 80700000	24
chr9	 88350000	 86100000	45
chr9	 91400000	 93200000	36
chr9	 93150000	 91750000	28
chr9	 96400000	 95850000	11
chr9	 97250000	 98800000	31
chr9	 98650000	 99200000	11
chr9	100050000	100800000	15
chr9	101250000	 96650000	92
chr9	102100000	102800000	14
chr9	102250000	100350000	38
chr9	104200000	104950000	15
chr9	108250000	108600000	7
chr9	115350000	116650000	26
chr9	116700000	115500000	24
chr9	117700000	115900000	36
chr9	117700000	116450000	25
chr9	119250000	120300000	21
chr9	119850000	121150000	26
chr9	121350000	122500000	23
chr9	122700000	123600000	18
chr9	122850000	124150000	26
chrX	  2200000	   500000	34
chrX	  2450000	  1600000	17
chrX	  3500000	  3000000	10
chrX	  9650000	 10100000	9
chrX	 15500000	 14450000	21
chrX	 16700000	 15200000	30
chrX	 18250000	 16850000	28
chrX	 19850000	 19400000	9
chrX	 21600000	 22250000	13
chrX	 22200000	 22650000	9
chrX	 23950000	 24350000	8
chrX	 25200000	 27250000	41
chrX	 25450000	 26150000	14
chrX	 26750000	 26550000	4
chrX	 31200000	 32100000	18
chrX	 34750000	 33550000	24
chrX	 35400000	 36750000	27
chrX	 37200000	 36150000	21
chrX	 37700000	 38800000	22
chrX	 39000000	 39750000	15
chrX	 39050000	 40800000	35
chrX	 40650000	 39450000	24
chrX	 41900000	 43550000	33
chrX	 42550000	 42550000	0
chrX	 48050000	 48800000	15
chrX	 48300000	 47400000	18
chrX	 50050000	 50600000	11
chrX	 52250000	 52700000	9
chrX	 54650000	 55300000	13
chrX	 57600000	 55850000	35
chrX	 57950000	 58650000	14
chrX	 60050000	 60950000	18
chrX	 60250000	 59600000	13
chrX	 63150000	 63550000	8
chrX	 73000000	 74450000	29
chrX	 83950000	 85300000	27
chrX	 87300000	 86150000	23
chrX	 91400000	 92050000	13
chrX	 93350000	 90650000	54
chrX	 94500000	 95350000	17
chrX	 95350000	 97100000	35
chrX	102700000	102200000	10
chrX	102900000	100750000	43
chrX	104850000	105350000	10
chrX	108850000	110350000	30
chrX	109550000	110700000	23
chrX	112550000	114000000	29
chrX	118800000	119500000	14
chrX	124050000	124500000	9
chrX	125250000	127050000	36
chrX	125900000	124750000	23
chrX	126450000	126000000	9
chrX	127300000	126650000	13
chrX	130100000	129400000	14
chrX	131100000	131550000	9
chrX	132450000	132800000	7
chrX	133900000	132800000	22
chrX	135900000	137050000	23
chrX	142100000	140850000	25
chrX	142850000	142500000	7
chrX	143100000	143650000	11
chrX	144750000	143350000	28
chrX	144850000	145550000	14
chrX	148100000	149300000	24
chrX	151050000	150400000	13
chrX	152350000	153100000	15
chrX	157450000	156250000	24
chrX	160300000	160750000	9
chrX	160450000	159850000	12
chrX	161000000	162200000	24
chrX	165150000	166650000	30
chrX	165750000	164850000	18
chrX	166100000	166700000	12
chrX	167050000	165650000	28
chrX	169300000	167350000	39
chrY	  4200000	  4700000	10
chrY	  4700000	  5850000	23
chrY	  5050000	  7000000	39
chrY	  7050000	  6450000	12
chrY	  8600000	  7300000	26
chrY	  8700000	  9750000	21
chrY	  9100000	  8200000	18
chrY	  9500000	 10900000	28
chrY	 12850000	 13300000	9
chrY	 17250000	 18900000	33
chrY	 32050000	 34300000	45
chrY	 34550000	 33250000	26
chrY	 34600000	 34600000	0
chrY	 38700000	 40150000	29
chrY	 39500000	 38950000	11
chrY	 39900000	 38150000	35
chrY	 41900000	 40400000	30
chrY	 42650000	 44550000	38
chrY	 43300000	 42600000	14
chrY	 45450000	 43950000	30
chrY	 46600000	 48700000	42
chrY	 48750000	 48450000	6
chrY	 55100000	 57850000	55
chrY	 55450000	 56700000	25
chrY	 57050000	 59500000	49
chrY	 57700000	 59900000	44
chrY	 58250000	 56700000	31
chrY	 60250000	 58850000	28
chrY	 61100000	 59800000	26
chrY	 61950000	 61100000	17
chrY	 64750000	 63950000	16
chrY	 65850000	 64750000	22
chrY	 72600000	 73600000	20
chrY	 74650000	 74100000	11
chrY	 75300000	 71450000	77
chrY	 79300000	 80300000	20
chrY	 79700000	 76350000	67
chrY	 83600000	 82250000	27
chrY	 83800000	 84400000	12
chrY	 84000000	 85150000	23
chrY	 84900000	 85400000	10
chrY	 85050000	 85600000	11
chrY	 85550000	 87200000	33
chrY	 86200000	 85200000	20
chrY	 87800000	 88600000	16
chrY	 87850000	 86750000	22
chrY	 90050000	 91500000	29
chrY	 90100000	 88500000	32
