chr1	   100000	   650000	11
chr1	  1450000	  3200000	35
chr1	  1850000	  3150000	26
chr1	  4000000	  3050000	19
chr1	  6650000	  4750000	38
chr1	  7050000	  7750000	14
chr1	  8950000	  9350000	8
chr1	 12700000	 14400000	34
chr1	 14900000	 13100000	36
chr1	 17100000	 17750000	13
chr1	 20550000	 21550000	20
chr1	 27200000	 24950000	45
chr1	 29450000	 29700000	5
chr1	 30300000	 29500000	16
chr1	 31250000	 32050000	16
chr1	 36200000	 38250000	41
chr1	 37550000	 38450000	18
chr1	 39000000	 36700000	46
chr1	 40250000	 38400000	37
chr1	 43900000	 42600000	26
chr1	 45050000	 46050000	20
chr1	 45100000	 45450000	7
chr1	 48550000	 49650000	22
chr1	 52400000	 53900000	30
chr1	 53700000	 51450000	45
chr1	 56450000	 56000000	9
chr1	 60100000	 61100000	20
chr1	 61500000	 60350000	23
chr1	 67900000	 68450000	11
chr1	 69250000	 68500000	15
chr1	 71100000	 71350000	5
chr1	 71400000	 70650000	15
chr1	 74350000	 74700000	7
chr1	 78600000	 79600000	20
chr1	 80900000	 80450000	9
chr1	 81300000	 79300000	40
chr1	 83600000	 84850000	25
chr1	 89750000	 88800000	19
chr1	 95650000	 95350000	6
chr1	 96000000	 96600000	12
chr1	 96050000	 96450000	8
chr1	 99950000	 98950000	20
chr1	104450000	105300000	17
chr1	106700000	108400000	34
chr1	107000000	106000000	20
chr1	107200000	106550000	13
chr1	109750000	109000000	15
chr1	112250000	114700000	49
chr1	113700000	112800000	18
chr1	116750000	117700000	19
chr1	122000000	121250000	15
chr1	122850000	124050000	24
chr1	125800000	125500000	6
chr1	128300000	126900000	28
chr1	131550000	130850000	14
chr1	135400000	134400000	20
chr1	136700000	137800000	22
chr1	137000000	138200000	24
chr1	138650000	139600000	19
chr1	138850000	140100000	25
chr1	139600000	138700000	18
chr1	140800000	141950000	23
chr1	140850000	141350000	10
chr1	146800000	145750000	21
chr1	147050000	145350000	34
chr1	150950000	152450000	30
chr1	155900000	155450000	9
chr1	160000000	161150000	23
chr1	160050000	159000000	21
chr1	161150000	161700000	11
chr1	162100000	163500000	28
chr1	162450000	161750000	14
chr1	162950000	163250000	6
chr1	164150000	165150000	20
chr1	166850000	167950000	22
chr1	170350000	169050000	26
chr1	175200000	176450000	25
chr1	176700000	175950000	15
chr1	177650000	178550000	18
chr1	177750000	175400000	47
chr1	180700000	181600000	18
chr1	183150000	182350000	16
chr1	185750000	184100000	33
chr1	189000000	186450000	51
chr1	192700000	193450000	15
chr1	193000000	192400000	12
chr10	  5300000	  6900000	32
chr10	  8700000	  7350000	27
chr10	  9700000	 14300000	92
chr10	 10900000	  9800000	22
chr10	 11500000	  9850000	33
chr10	 12550000	 11850000	14
chr10	 13350000	 15000000	33
chr10	 17000000	 18150000	23
chr10	 18800000	 17700000	22
chr10	 19050000	 17900000	23
chr10	 23050000	 22200000	17
chr10	 28550000	 28000000	11
chr10	 29000000	 29750000	15
chr10	 32100000	 33600000	30
chr10	 32800000	 35950000	63
chr10	 33850000	 32450000	28
chr10	 35650000	 35050000	12
chr10	 36900000	 37400000	10
chr10	 40100000	 41900000	36
chr10	 41150000	 42900000	35
chr10	 43200000	 42600000	12
chr10	 43450000	 43850000	8
chr10	 43900000	 44700000	16
chr10	 46750000	 46400000	7
chr10	 46850000	 46050000	16
chr10	 50550000	 51850000	26
chr10	 51000000	 51500000	10
chr10	 56900000	 54150000	55
chr10	 57350000	 58400000	21
chr10	 59750000	 60350000	12
chr10	 60350000	 59600000	15
chr10	 66250000	 67750000	30
chr10	 66300000	 66850000	11
chr10	 67150000	 65400000	35
chr10	 73350000	 71850000	30
chr10	 79050000	 78450000	12
chr10	 79050000	 78500000	11
chr10	 82700000	 83850000	23
chr10	 83750000	 83950000	4
chr10	 86700000	 85650000	21
chr10	 87350000	 85950000	28
chr10	 87750000	 87150000	12
chr10	 88050000	 87850000	4
chr10	 89600000	 88050000	31
chr10	 93000000	 91600000	28
chr10	 93850000	 92400000	29
chr10	 94150000	 94950000	16
chr10	 94250000	 94650000	8
chr10	 95750000	 95250000	10
chr10	 96400000	 97600000	24
chr10	 97550000	 96850000	14
chr10	 97800000	 95950000	37
chr10	107200000	107850000	13
chr10	109200000	111250000	41
chr10	109600000	110950000	27
chr10	110800000	111600000	16
chr10	111050000	109650000	28
chr10	112150000	113000000	17
chr10	112600000	112400000	4
chr10	114800000	114000000	16
chr10	116000000	116650000	13
chr10	116600000	117550000	19
chr10	119100000	120300000	24
chr10	120200000	120800000	12
chr10	120600000	121300000	14
chr10	121200000	119850000	27
chr10	125300000	124750000	11
chr10	126100000	125450000	13
chr10	126200000	126550000	7
chr10	127100000	125800000	26
chr10	128750000	127750000	20
chr10	130100000	129500000	12
chr11	  2750000	  4650000	38
chr11	  3550000	  3850000	6
chr11	  4300000	  5100000	16
chr11	  8700000	  9250000	11
chr11	  9950000	 10800000	17
chr11	 13150000	 11450000	34
chr11	 13850000	 12700000	23
chr11	 15050000	 14300000	15
chr11	 18100000	 19050000	19
chr11	 18800000	 17050000	35
chr11	 19250000	 19900000	13
chr11	 20450000	 20000000	9
chr11	 21050000	 19500000	31
chr11	 30250000	 29300000	19
chr11	 32200000	 33150000	19
chr11	 37350000	 40200000	57
chr11	 40450000	 40450000	0
chr11	 43500000	 44650000	23
chr11	 44250000	 45850000	32
chr11	 45500000	 46350000	17
chr11	 46350000	 47600000	25
chr11	 48750000	 47750000	20
chr11	 52550000	 51900000	13
chr11	 53300000	 52350000	19
chr11	 56300000	 55900000	8
chr11	 58000000	 57300000	14
chr11	 58200000	 57400000	16
chr11	 64200000	 63300000	18
chr11	 67600000	 68150000	11
chr11	 68000000	 67600000	8
chr11	 68050000	 67450000	12
chr11	 68550000	 65850000	54
chr11	 69500000	 68700000	16
chr11	 73050000	 74450000	28
chr11	 73400000	 72750000	13
chr11	 78400000	 77450000	19
chr11	 79400000	 78200000	24
chr11	 82750000	 83350000	12
chr11	 82850000	 83850000	20
chr11	 86250000	 87900000	33
chr11	 86650000	 83850000	56
chr11	 89650000	 88200000	29
chr11	 89900000	 90800000	18
chr11	 90600000	 88500000	42
chr11	 95000000	 95500000	10
chr11	 98100000	 99750000	33
chr11	100450000	 99800000	13
chr11	101800000	103150000	27
chr11	109150000	107150000	40
chr11	112800000	112600000	4
chr11	114700000	115800000	22
chr11	116200000	118100000	38
chr11	116450000	118250000	36
chr11	120150000	119100000	21
chr11	120400000	121700000	26
chr12	  3750000	  3000000	15
chr12	  7200000	  9100000	38
chr12	  9300000	  8600000	14
chr12	 12850000	 13750000	18
chr12	 18750000	 16500000	45
chr12	 19100000	 18000000	22
chr12	 19350000	 17400000	39
chr12	 25350000	 24000000	27
chr12	 29350000	 30350000	20
chr12	 30900000	 32100000	24
chr12	 31800000	 30750000	21
chr12	 34100000	 32600000	30
chr12	 34100000	 35350000	25
chr12	 36900000	 35750000	23
chr12	 38750000	 39800000	21
chr12	 39600000	 40350000	15
chr12	 39900000	 39200000	14
chr12	 40400000	 40750000	7
chr12	 40650000	 42450000	36
chr12	 44050000	 42300000	35
chr12	 45300000	 45550000	5
chr12	 46700000	 46350000	7
chr12	 49100000	 48250000	17
chr12	 49600000	 50700000	22
chr12	 52600000	 51250000	27
chr12	 55250000	 56450000	24
chr12	 57700000	 58700000	20
chr12	 62600000	 61750000	17
chr12	 64350000	 64900000	11
chr12	 65000000	 65400000	8
chr12	 66250000	 64400000	37
chr12	 67100000	 68300000	24
chr12	 68550000	 67450000	22
chr12	 69250000	 67700000	31
chr12	 69550000	 68500000	21
chr12	 69650000	 70250000	12
chr12	 70000000	 70350000	7
chr12	 70450000	 67800000	53
chr12	 73350000	 76050000	54
chr12	 77350000	 78900000	31
chr12	 78550000	 79200000	13
chr12	 79600000	 78600000	20
chr12	 80150000	 81650000	30
chr12	 80850000	 81350000	10
chr12	 83850000	 82950000	18
chr12	 84000000	 85950000	39
chr12	 85650000	 85350000	6
chr12	 88700000	 89400000	14
chr12	 89150000	 90150000	20
chr12	 90150000	 91850000	34
chr12	 90800000	 90350000	9
chr12	 93100000	 91700000	28
chr12	 96550000	 95050000	30
chr12	 97100000	 98500000	28
chr12	 97200000	 96650000	11
chr12	 97950000	 97400000	11
chr12	101150000	 99250000	38
chr12	101900000	101350000	11
chr12	103400000	106300000	58
chr12	104250000	106000000	35
chr12	106800000	106350000	9
chr12	107450000	105300000	43
chr12	110100000	111150000	21
chr12	110350000	109450000	18
chr12	110650000	108850000	36
chr12	111350000	110400000	19
chr12	115050000	113650000	28
chr12	116450000	115600000	17
chr12	117050000	118400000	27
chr12	118300000	117100000	24
chr13	  3700000	  2650000	21
chr13	  4000000	  2750000	25
chr13	  4500000	  3850000	13
chr13	  7750000	  8300000	11
chr13	  9250000	 11300000	41
chr13	 11100000	 10750000	7
chr13	 12100000	 13400000	26
chr13	 12300000	  9900000	48
chr13	 12450000	 13950000	30
chr13	 12800000	 11100000	34
chr13	 24650000	 25500000	17
chr13	 29350000	 27750000	32
chr13	 29700000	 31650000	39
chr13	 31400000	 29900000	30
chr13	 32850000	 33150000	6
chr13	 33100000	 34150000	21
chr13	 38950000	 38450000	10
chr13	 42900000	 42400000	10
chr13	 44150000	 43900000	5
chr13	 47400000	 45350000	41
chr13	 47600000	 46550000	21
chr13	 49350000	 45850000	70
chr13	 49450000	 48650000	16
chr13	 50850000	 49950000	18
chr13	 52550000	 51250000	26
chr13	 57200000	 56200000	20
chr13	 60300000	 60650000	7
chr13	 69700000	 71000000	26
chr13	 77300000	 77300000	0
chr13	 79750000	 80650000	18
chr13	 80750000	 81850000	22
chr13	 81800000	 81000000	16
chr13	 85550000	 86600000	21
chr13	 85700000	 84600000	22
chr13	 86000000	 87900000	38
chr13	 87800000	 88500000	14
chr13	 88750000	 89250000	10
chr13	 92900000	 92400000	10
chr13	 94250000	 95200000	19
chr13	 94800000	 94150000	13
chr13	 96100000	 95100000	20
chr13	 96350000	 98750000	48
chr13	 96550000	 94450000	42
chr13	 96750000	 98050000	26
chr13	 99950000	 99100000	17
chr13	100050000	102800000	55
chr13	100100000	101450000	27
chr13	100250000	 98450000	36
chr13	104200000	108100000	78
chr13	105300000	104750000	11
chr13	107400000	106700000	14
chr13	107500000	107050000	9
chr13	109750000	111850000	42
chr13	110350000	111900000	31
chr13	112050000	112500000	9
chr13	112350000	111150000	24
chr13	115100000	117100000	40
chr13	115250000	114800000	9
chr13	116400000	118250000	37
chr13	119400000	116700000	54
chr14	   500000	  1400000	18
chr14	  4350000	  5450000	22
chr14	  7000000	  6300000	14
chr14	  7900000	  7900000	0
chr14	 10850000	  9600000	25
chr14	 12450000	 13250000	16
chr14	 14550000	 13250000	26
chr14	 20150000	 19450000	14
chr14	 20400000	 19050000	27
chr14	 24350000	 22600000	35
chr14	 27650000	 27200000	9
chr14	 33050000	 32350000	14
chr14	 33200000	 32950000	5
chr14	 34600000	 35650000	21
chr14	 35250000	 35850000	12
chr14	 36900000	 35300000	32
chr14	 42350000	 40850000	30
chr14	 43200000	 42400000	16
chr14	 45650000	 44550000	22
chr14	 47650000	 48750000	22
chr14	 47850000	 47300000	11
chr14	 49100000	 49750000	13
chr14	 51100000	 50000000	22
chr14	 54950000	 54650000	6
chr14	 56050000	 57600000	31
chr14	 56950000	 57700000	15
chr14	 58250000	 59550000	26
chr14	 58800000	 57700000	22
chr14	 59650000	 62250000	52
chr14	 60850000	 59350000	30
chr14	 62150000	 63450000	26
chr14	 64850000	 66200000	27
chr14	 65850000	 64650000	24
chr14	 69050000	 67300000	35
chr14	 69800000	 70550000	15
chr14	 71550000	 72150000	12
chr14	 72750000	 70950000	36
chr14	 73300000	 75300000	40
chr14	 73450000	 74300000	17
chr14	 78250000	 79000000	15
chr14	 79350000	 80600000	25
chr14	 80100000	 79750000	7
chr14	 81050000	 80300000	15
chr14	 82850000	 82250000	12
chr14	 86700000	 86200000	10
chr14	 95750000	 94400000	27
chr14	 96200000	 97200000	20
chr14	 96950000	 98250000	26
chr14	 98300000	 98700000	8
chr14	101550000	 98250000	66
chr14	104400000	103300000	22
chr14	104450000	106350000	38
chr14	104600000	104950000	7
chr14	105700000	104900000	16
chr14	106200000	106750000	11
chr14	107500000	108550000	21
chr14	109200000	107450000	35
chr14	110050000	111250000	24
chr14	110400000	111900000	30
chr14	110450000	112300000	37
chr14	111050000	110400000	13
chr14	112300000	112950000	13
chr14	116700000	118600000	38
chr14	118700000	119250000	11
chr14	119700000	121000000	26
chr15	   550000	  1200000	13
chr15	  5300000	  4350000	19
chr15	  5600000	  6850000	25
chr15	 11250000	 13450000	44
chr15	 12300000	  9850000	49
chr15	 18350000	 19150000	16
chr15	 18900000	 17150000	35
chr15	 19100000	 19200000	2
chr15	 21300000	 20100000	24
chr15	 23850000	 24500000	13
chr15	 24800000	 27600000	56
chr15	 25700000	 24650000	21
chr15	 27900000	 26950000	19
chr15	 28000000	 29900000	38
chr15	 29950000	 32200000	45
chr15	 30500000	 29700000	16
chr15	 32800000	 31850000	19
chr15	 33000000	 31800000	24
chr15	 34500000	 34850000	7
chr15	 37350000	 38700000	27
chr15	 41050000	 42400000	27
chr15	 43800000	 44400000	12
chr15	 45150000	 43700000	29
chr15	 45500000	 46450000	19
chr15	 46400000	 45150000	25
chr15	 46800000	 45950000	17
chr15	 48950000	 48400000	11
chr15	 51000000	 52750000	35
chr15	 53350000	 54100000	15
chr15	 55350000	 54500000	17
chr15	 58950000	 57100000	37
chr15	 64000000	 63200000	16
chr15	 67900000	 69800000	38
chr15	 70500000	 69550000	19
chr15	 74050000	 74750000	14
chr15	 75650000	 74200000	29
chr15	 77850000	 76800000	21
chr15	 79200000	 81450000	45
chr15	 81450000	 80700000	15
chr15	 85150000	 85450000	6
chr15	 86050000	 86600000	11
chr15	 88050000	 87200000	17
chr15	 92450000	 93100000	13
chr15	 93050000	 96150000	62
chr15	 94150000	 92850000	26
chr15	 97100000	 97100000	0
chr15	101650000	100300000	27
chr15	103650000	102950000	14
chr16	  1150000	   750000	8
chr16	  2300000	  1850000	9
chr16	  5600000	  4650000	19
chr16	  6700000	  7900000	24
chr16	 11200000	 10350000	17
chr16	 15400000	 16100000	14
chr16	 19850000	 18700000	23
chr16	 20450000	 19050000	28
chr16	 20950000	 21850000	18
chr16	 23050000	 22100000	19
chr16	 28850000	 27150000	34
chr16	 28900000	 30550000	33
chr16	 31400000	 30600000	16
chr16	 32350000	 32200000	3
chr16	 36300000	 37850000	31
chr16	 38750000	 40100000	27
chr16	 39250000	 39700000	9
chr16	 39450000	 40250000	16
chr16	 40600000	 39200000	28
chr16	 45850000	 46950000	22
chr16	 46950000	 45800000	23
chr16	 49800000	 51900000	42
chr16	 50900000	 51900000	20
chr16	 56150000	 56900000	15
chr16	 57300000	 56750000	11
chr16	 57450000	 57450000	0
chr16	 59150000	 58000000	23
chr16	 59350000	 60400000	21
chr16	 64100000	 67350000	65
chr16	 66550000	 67650000	22
chr16	 67500000	 65900000	32
chr16	 69400000	 71600000	44
chr16	 74800000	 75550000	15
chr16	 78050000	 78900000	17
chr16	 81400000	 79100000	46
chr16	 84850000	 85900000	21
chr16	 89250000	 88900000	7
chr16	 91400000	 89650000	35
chr16	 91600000	 93050000	29
chr16	 93650000	 95050000	28
chr16	 95200000	 95600000	8
chr16	 95550000	 96150000	12
chr16	 95700000	 95300000	8
chr17	  5350000	  3900000	29
chr17	  8500000	  9650000	23
chr17	  8800000	  9300000	10
chr17	 11650000	 10400000	25
chr17	 13250000	 14650000	28
chr17	 16000000	 16600000	12
chr17	 16100000	 17250000	23
chr17	 16750000	 15350000	28
chr17	 20950000	 21500000	11
chr17	 23350000	 21700000	33
chr17	 24450000	 26200000	35
chr17	 24900000	 25300000	8
chr17	 25550000	 26200000	13
chr17	 25900000	 27450000	31
chr17	 28300000	 29250000	19
chr17	 32800000	 32200000	12
chr17	 33350000	 32450000	18
chr17	 37800000	 37200000	12
chr17	 38450000	 39050000	12
chr17	 38800000	 38300000	10
chr17	 39100000	 38500000	12
chr17	 40650000	 40300000	7
chr17	 42450000	 41200000	25
chr17	 43900000	 43350000	11
chr17	 52800000	 53850000	21
chr17	 55900000	 55400000	10
chr17	 57450000	 56850000	12
chr17	 58300000	 58750000	9
chr17	 58550000	 59200000	13
chr17	 61000000	 60250000	15
chr17	 63400000	 62250000	23
chr17	 63800000	 65600000	36
chr17	 67400000	 68150000	15
chr17	 69200000	 67750000	29
chr17	 71100000	 70200000	18
chr17	 71450000	 70300000	23
chr17	 71500000	 73550000	41
chr17	 77400000	 76400000	20
chr17	 78600000	 78900000	6
chr17	 79850000	 80750000	18
chr17	 80850000	 79350000	30
chr17	 81800000	 82550000	15
chr17	 84950000	 84450000	10
chr17	 85200000	 86150000	19
chr17	 87200000	 87700000	10
chr17	 88850000	 89400000	11
chr17	 93200000	 94450000	25
chr18	  1300000	  2450000	23
chr18	  6050000	  4750000	26
chr18	  6800000	  7400000	12
chr18	  6950000	  7950000	20
chr18	  7500000	  6100000	28
chr18	  9800000	 11050000	25
chr18	 10550000	  8550000	40
chr18	 10800000	  9050000	35
chr18	 19800000	 21600000	36
chr18	 21250000	 20400000	17
chr18	 22700000	 24550000	37
chr18	 27550000	 25800000	35
chr18	 29650000	 31150000	30
chr18	 29850000	 31100000	25
chr18	 36150000	 36500000	7
chr18	 38000000	 39100000	22
chr18	 39050000	 38800000	5
chr18	 39050000	 40300000	25
chr18	 40200000	 38700000	30
chr18	 43500000	 44650000	23
chr18	 47100000	 48950000	37
chr18	 47250000	 47950000	14
chr18	 47350000	 48200000	17
chr18	 52700000	 53850000	23
chr18	 52750000	 53550000	16
chr18	 57400000	 58500000	22
chr18	 58100000	 58500000	8
chr18	 59450000	 59450000	0
chr18	 60800000	 62000000	24
chr18	 60900000	 60350000	11
chr18	 61700000	 60950000	15
chr18	 66050000	 66550000	10
chr18	 67200000	 66650000	11
chr18	 67900000	 67200000	14
chr18	 68550000	 69950000	28
chr18	 69500000	 67550000	39
chr18	 70000000	 69300000	14
chr18	 72300000	 71650000	13
chr18	 73200000	 74300000	22
chr18	 74350000	 73050000	26
chr18	 78400000	 79350000	19
chr18	 79000000	 79500000	10
chr18	 86000000	 83800000	44
chr18	 89050000	 90400000	27
chr19	  1150000	  2200000	21
chr19	  3450000	  3000000	9
chr19	  5850000	  5150000	14
chr19	  7800000	  9150000	27
chr19	  8600000	  6700000	38
chr19	  8700000	  7700000	20
chr19	  8750000	  9300000	11
chr19	 10200000	 11300000	22
chr19	 10650000	  9700000	19
chr19	 13500000	 14850000	27
chr19	 18150000	 17850000	6
chr19	 18550000	 20200000	33
chr19	 20250000	 22550000	46
chr19	 20900000	 20000000	18
chr19	 21150000	 20800000	7
chr19	 23400000	 24250000	17
chr19	 24800000	 23950000	17
chr19	 27600000	 26850000	15
chr19	 28200000	 27400000	16
chr19	 28300000	 27050000	25
chr19	 32150000	 33100000	19
chr19	 32450000	 31900000	11
chr19	 35750000	 37850000	42
chr19	 37150000	 38400000	25
chr19	 38250000	 38950000	14
chr19	 42050000	 45800000	75
chr19	 43500000	 45050000	31
chr19	 48600000	 46450000	43
chr19	 49900000	 48500000	28
chr19	 51850000	 49050000	56
chr19	 51850000	 53000000	23
chr19	 52650000	 53500000	17
chr19	 55100000	 57750000	53
chr19	 55600000	 56150000	11
chr19	 56250000	 57450000	24
chr19	 56550000	 54450000	42
chr2	 10850000	  7900000	59
chr2	 21300000	 20350000	19
chr2	 27250000	 26050000	24
chr2	 28400000	 28050000	7
chr2	 36450000	 35650000	16
chr2	 37550000	 36450000	22
chr2	 39100000	 40450000	27
chr2	 41100000	 40450000	13
chr2	 42850000	 44550000	34
chr2	 45000000	 45650000	13
chr2	 47500000	 48100000	12
chr2	 48700000	 49900000	24
chr2	 50800000	 49550000	25
chr2	 51300000	 51750000	9
chr2	 52400000	 51700000	14
chr2	 53200000	 52750000	9
chr2	 55550000	 54450000	22
chr2	 55750000	 54050000	34
chr2	 59200000	 58450000	15
chr2	 63550000	 62650000	18
chr2	 63850000	 63350000	10
chr2	 65450000	 66450000	20
chr2	 67850000	 68500000	13
chr2	 70550000	 71550000	20
chr2	 72250000	 73600000	27
chr2	 72450000	 72800000	7
chr2	 73200000	 74350000	23
chr2	 73500000	 74200000	14
chr2	 77200000	 75200000	40
chr2	 78300000	 77650000	13
chr2	 79850000	 81400000	31
chr2	 81550000	 83250000	34
chr2	 85850000	 84450000	28
chr2	 86900000	 85900000	20
chr2	 87850000	 85950000	38
chr2	 89300000	 89950000	13
chr2	 94100000	 93600000	10
chr2	 96750000	 97600000	17
chr2	 98300000	 97750000	11
chr2	 98600000	 96900000	34
chr2	 99400000	100300000	18
chr2	102550000	104300000	35
chr2	103150000	102350000	16
chr2	106050000	107000000	19
chr2	106550000	107000000	9
chr2	109200000	110750000	31
chr2	117300000	117100000	4
chr2	118450000	118950000	10
chr2	119000000	120800000	36
chr2	122850000	123950000	22
chr2	125700000	126750000	21
chr2	128950000	130350000	28
chr2	129350000	128450000	18
chr2	129950000	132100000	43
chr2	131000000	129400000	32
chr2	135500000	134800000	14
chr2	139250000	139950000	14
chr2	140050000	139500000	11
chr2	143150000	142000000	23
chr2	143150000	144350000	24
chr2	143500000	144750000	25
chr2	146250000	146800000	11
chr2	148700000	148050000	13
chr2	152500000	151800000	14
chr2	153400000	152600000	16
chr2	155400000	154650000	15
chr2	155550000	156000000	9
chr2	156750000	156200000	11
chr2	157000000	156100000	18
chr2	157450000	156550000	18
chr2	159650000	160800000	23
chr2	161400000	162450000	21
chr2	163950000	163350000	12
chr2	164850000	166550000	34
chr2	166250000	165750000	10
chr2	166900000	169050000	43
chr2	171450000	170950000	10
chr2	171500000	172700000	24
chr2	174250000	176100000	37
chr2	174300000	174000000	6
chr2	174450000	173000000	29
chr2	174950000	175850000	18
chr2	175350000	174200000	23
chr2	176550000	175400000	23
chr2	176550000	178250000	34
chr2	176850000	174800000	41
chr2	178000000	176900000	22
chr2	179200000	181600000	48
chr2	180250000	181250000	20
chr3	  3900000	  4950000	21
chr3	  4200000	  3750000	9
chr3	  6400000	  5750000	13
chr3	  6700000	  5500000	24
chr3	  7100000	  6300000	16
chr3	  8000000	 10150000	43
chr3	  8700000	  8250000	9
chr3	  9450000	 10200000	15
chr3	 10000000	 11800000	36
chr3	 10400000	  9100000	26
chr3	 11400000	 12050000	13
chr3	 11850000	 10950000	18
chr3	 11900000	 11100000	16
chr3	 12000000	 10950000	21
chr3	 13000000	 15050000	41
chr3	 14750000	 16200000	29
chr3	 14900000	 16650000	35
chr3	 16750000	 15850000	18
chr3	 21100000	 21600000	10
chr3	 22150000	 23400000	25
chr3	 22450000	 24150000	34
chr3	 27650000	 28150000	10
chr3	 30400000	 31250000	17
chr3	 31000000	 32200000	24
chr3	 34550000	 33850000	14
chr3	 35650000	 32250000	68
chr3	 36850000	 37800000	19
chr3	 39700000	 40850000	23
chr3	 43750000	 44950000	24
chr3	 47600000	 48800000	24
chr3	 50050000	 49350000	14
chr3	 53250000	 51700000	31
chr3	 53850000	 54400000	11
chr3	 54900000	 55850000	19
chr3	 55150000	 56800000	33
chr3	 55450000	 54800000	13
chr3	 55750000	 54100000	33
chr3	 56650000	 55500000	23
chr3	 57100000	 56250000	17
chr3	 57650000	 58400000	15
chr3	 58250000	 56550000	34
chr3	 59450000	 59000000	9
chr3	 62150000	 61050000	22
chr3	 63600000	 60900000	54
chr3	 64050000	 62750000	26
chr3	 69550000	 68800000	15
chr3	 71050000	 67400000	73
chr3	 72250000	 73500000	25
chr3	 72300000	 71350000	19
chr3	 74200000	 75400000	24
chr3	 76550000	 78950000	48
chr3	 77300000	 78750000	29
chr3	 77700000	 75200000	50
chr3	 79600000	 78500000	22
chr3	 79650000	 80450000	16
chr3	 79900000	 80600000	14
chr3	 82150000	 82900000	15
chr3	 83500000	 84150000	13
chr3	 84150000	 83350000	16
chr3	 84950000	 85750000	16
chr3	 85100000	 84800000	6
chr3	 85350000	 86450000	22
chr3	 86050000	 84650000	28
chr3	 87600000	 88900000	26
chr3	 88900000	 87700000	24
chr3	 90350000	 90750000	8
chr3	 91200000	 92050000	17
chr3	 94100000	 91850000	45
chr3	 94600000	 93800000	16
chr3	 95650000	 97050000	28
chr3	 96100000	 95450000	13
chr3	 96350000	 97900000	31
chr3	 96800000	 95400000	28
chr3	101900000	 99900000	40
chr3	104150000	103600000	11
chr3	105400000	104450000	19
chr3	105800000	107350000	31
chr3	106050000	104600000	29
chr3	106600000	108250000	33
chr3	108000000	109300000	26
chr3	109250000	109000000	5
chr3	114550000	116900000	47
chr3	114900000	116500000	32
chr3	115000000	113350000	33
chr3	115550000	114100000	29
chr3	117750000	115350000	48
chr3	120400000	121050000	13
chr3	122350000	121750000	12
chr3	124500000	123400000	22
chr3	124950000	124450000	10
chr3	126100000	125800000	6
chr3	128450000	129300000	17
chr3	129400000	128550000	17
chr3	129950000	130400000	9
chr3	132950000	131950000	20
chr3	133300000	132600000	14
chr3	133750000	134350000	12
chr3	133900000	134700000	16
chr3	134900000	136400000	30
chr3	137050000	135750000	26
chr3	137050000	138650000	32
chr3	137200000	138550000	27
chr3	137350000	136500000	17
chr3	139900000	140600000	14
chr3	140650000	141500000	17
chr3	140650000	145200000	91
chr3	143000000	144100000	22
chr3	143400000	142050000	27
chr3	143400000	142600000	16
chr3	143450000	142950000	10
chr3	146600000	147500000	18
chr3	151200000	147350000	77
chr3	155650000	154400000	25
chr3	158750000	159200000	9
chr4	  2750000	  3800000	21
chr4	  4500000	  1150000	67
chr4	  7950000	  9050000	22
chr4	  8750000	  8250000	10
chr4	 11350000	 13200000	37
chr4	 12450000	 10900000	31
chr4	 13850000	 11300000	51
chr4	 16350000	 18300000	39
chr4	 17150000	 16400000	15
chr4	 18050000	 17300000	15
chr4	 19800000	 18650000	23
chr4	 23300000	 24150000	17
chr4	 23400000	 21750000	33
chr4	 25400000	 23000000	48
chr4	 26100000	 24450000	33
chr4	 26350000	 27850000	30
chr4	 26600000	 25850000	15
chr4	 28800000	 29450000	13
chr4	 29500000	 31950000	49
chr4	 31550000	 30650000	18
chr4	 32450000	 33200000	15
chr4	 33350000	 30750000	52
chr4	 34400000	 34800000	8
chr4	 42850000	 38200000	93
chr4	 43800000	 41850000	39
chr4	 44750000	 44350000	8
chr4	 46550000	 47550000	20
chr4	 48600000	 47450000	23
chr4	 51700000	 51150000	11
chr4	 52350000	 54650000	46
chr4	 52650000	 52050000	12
chr4	 53900000	 52900000	20
chr4	 55000000	 56350000	27
chr4	 60650000	 63500000	57
chr4	 60750000	 61150000	8
chr4	 63300000	 64300000	20
chr4	 63750000	 63100000	13
chr4	 64450000	 64000000	9
chr4	 66900000	 67950000	21
chr4	 68800000	 67800000	20
chr4	 71850000	 71000000	17
chr4	 74650000	 75750000	22
chr4	 77700000	 78950000	25
chr4	 79650000	 78400000	25
chr4	 81500000	 80050000	29
chr4	 83350000	 84050000	14
chr4	 87450000	 85800000	33
chr4	 88550000	 87800000	15
chr4	 97800000	 95500000	46
chr4	 98050000	 97150000	18
chr4	103000000	104100000	22
chr4	103300000	104600000	26
chr4	111300000	113850000	51
chr4	111800000	112800000	20
chr4	115250000	116350000	22
chr4	116300000	114450000	37
chr4	117150000	116350000	16
chr4	117450000	116650000	16
chr4	119400000	122450000	61
chr4	119800000	118400000	28
chr4	125150000	124100000	21
chr4	125950000	124900000	21
chr4	127250000	126250000	20
chr4	130350000	129050000	26
chr4	131500000	132250000	15
chr4	133450000	134500000	21
chr4	133700000	132200000	30
chr4	135200000	133650000	31
chr4	135700000	134650000	21
chr4	137800000	138350000	11
chr4	139000000	138650000	7
chr4	139100000	140300000	24
chr4	142150000	141650000	10
chr4	143900000	143300000	12
chr4	144750000	146000000	25
chr4	144900000	147500000	52
chr4	147800000	149250000	29
chr4	149350000	148050000	26
chr5	  1000000	  2600000	32
chr5	  1400000	   250000	23
chr5	  3550000	  5500000	39
chr5	  6800000	  5250000	31
chr5	  7400000	  8450000	21
chr5	  8500000	  9600000	22
chr5	 10400000	  9600000	16
chr5	 11850000	 10600000	25
chr5	 12400000	 15600000	64
chr5	 14250000	 12800000	29
chr5	 15300000	 14300000	20
chr5	 17150000	 15500000	33
chr5	 21750000	 21250000	10
chr5	 26450000	 25650000	16
chr5	 26500000	 25400000	22
chr5	 28350000	 29400000	21
chr5	 32600000	 33450000	17
chr5	 33050000	 32650000	8
chr5	 35150000	 34750000	8
chr5	 38350000	 37650000	14
chr5	 43400000	 42950000	9
chr5	 44650000	 43250000	28
chr5	 47000000	 46150000	17
chr5	 49550000	 49550000	0
chr5	 55400000	 56350000	19
chr5	 59300000	 60950000	33
chr5	 62750000	 64950000	44
chr5	 64550000	 63450000	22
chr5	 66400000	 67300000	18
chr5	 67450000	 63850000	72
chr5	 69800000	 70650000	17
chr5	 74650000	 73200000	29
chr5	 75250000	 73750000	30
chr5	 75450000	 76300000	17
chr5	 76250000	 75450000	16
chr5	 78350000	 77350000	20
chr5	 79900000	 78900000	20
chr5	 80050000	 81000000	19
chr5	 81050000	 80450000	12
chr5	 82900000	 82200000	14
chr5	 83400000	 81800000	32
chr5	 83650000	 84400000	15
chr5	 89350000	 87900000	29
chr5	 96500000	 98550000	41
chr5	 96550000	 98000000	29
chr5	102000000	102650000	13
chr5	102400000	101750000	13
chr5	108750000	109250000	10
chr5	109650000	111350000	34
chr5	111800000	111050000	15
chr5	111850000	112850000	20
chr5	112500000	111650000	17
chr5	113200000	112650000	11
chr5	113250000	114400000	23
chr5	113750000	115050000	26
chr5	114850000	113200000	33
chr5	115600000	118100000	50
chr5	118200000	116350000	37
chr5	118800000	118300000	10
chr5	119900000	120550000	13
chr5	121750000	121000000	15
chr5	122650000	122650000	0
chr5	123550000	124250000	14
chr5	128000000	126750000	25
chr5	129600000	130750000	23
chr5	130450000	129750000	14
chr5	130900000	132250000	27
chr5	137000000	137450000	9
chr5	141200000	139800000	28
chr5	143650000	144400000	15
chr5	148900000	149900000	20
chr5	149000000	148700000	6
chr5	149800000	150500000	14
chr5	150400000	151000000	12
chr5	151550000	150850000	14
chr6	  4750000	  3950000	16
chr6	  6600000	  7150000	11
chr6	 10500000	  9900000	12
chr6	 10850000	 10450000	8
chr6	 11650000	 11250000	8
chr6	 13200000	 14800000	32
chr6	 15250000	 11750000	70
chr6	 15300000	 16500000	24
chr6	 19150000	 18550000	12
chr6	 19350000	 18150000	24
chr6	 25100000	 22500000	52
chr6	 26750000	 26200000	11
chr6	 33750000	 34600000	17
chr6	 34450000	 33750000	14
chr6	 35350000	 35950000	12
chr6	 37300000	 39800000	50
chr6	 37400000	 37900000	10
chr6	 38800000	 41150000	47
chr6	 39700000	 38300000	28
chr6	 41800000	 44000000	44
chr6	 42000000	 42550000	11
chr6	 43700000	 46450000	55
chr6	 50700000	 52300000	32
chr6	 50850000	 52500000	33
chr6	 52250000	 51150000	22
chr6	 52750000	 53450000	14
chr6	 52850000	 50750000	42
chr6	 53000000	 51400000	32
chr6	 53600000	 53200000	8
chr6	 54500000	 56100000	32
chr6	 54700000	 55000000	6
chr6	 58950000	 60000000	21
chr6	 58950000	 60400000	29
chr6	 61300000	 63350000	41
chr6	 63100000	 62550000	11
chr6	 67900000	 66850000	21
chr6	 70150000	 69750000	8
chr6	 70450000	 72300000	37
chr6	 76700000	 76100000	12
chr6	 77550000	 78650000	22
chr6	 78900000	 80750000	37
chr6	 79750000	 81300000	31
chr6	 81700000	 82600000	18
chr6	 82700000	 83550000	17
chr6	 83900000	 87600000	74
chr6	 84500000	 83300000	24
chr6	 85800000	 87450000	33
chr6	 89250000	 88750000	10
chr6	 91750000	 90400000	27
chr6	 92250000	 91300000	19
chr6	 93600000	 92150000	29
chr6	 98300000	100250000	39
chr6	 98900000	 97450000	29
chr6	 99200000	 98250000	19
chr6	102150000	100650000	30
chr6	102950000	100600000	47
chr6	103250000	104050000	16
chr6	103950000	101850000	42
chr6	105950000	105000000	19
chr6	108500000	108100000	8
chr6	110950000	108750000	44
chr6	113200000	112750000	9
chr6	121050000	118550000	50
chr6	125450000	127250000	36
chr6	128150000	129500000	27
chr6	128600000	128300000	6
chr6	131300000	133450000	43
chr6	132050000	131300000	15
chr6	134850000	133000000	37
chr6	137550000	138300000	15
chr6	138700000	137600000	22
chr6	144300000	145600000	26
chr6	147150000	145400000	35
chr6	147550000	146750000	16
chr7	  2600000	  4100000	30
chr7	  4300000	  5450000	23
chr7	 12000000	 10700000	26
chr7	 13000000	 13400000	8
chr7	 14550000	 13600000	19
chr7	 14550000	 15250000	14
chr7	 15200000	 16900000	34
chr7	 17350000	 16800000	11
chr7	 17750000	 18750000	20
chr7	 20250000	 18650000	32
chr7	 24050000	 22450000	32
chr7	 24450000	 21650000	56
chr7	 26000000	 27450000	29
chr7	 28250000	 28750000	10
chr7	 28750000	 27050000	34
chr7	 31900000	 32750000	17
chr7	 32250000	 34200000	39
chr7	 33200000	 34500000	26
chr7	 33500000	 33200000	6
chr7	 36250000	 35600000	13
chr7	 37700000	 36050000	33
chr7	 37950000	 39050000	22
chr7	 38200000	 39400000	24
chr7	 38700000	 40050000	27
chr7	 42200000	 41150000	21
chr7	 43300000	 44000000	14
chr7	 44950000	 43150000	36
chr7	 45000000	 45250000	5
chr7	 45000000	 46000000	20
chr7	 46450000	 45300000	23
chr7	 47700000	 46900000	16
chr7	 49200000	 49950000	15
chr7	 51400000	 49650000	35
chr7	 51500000	 50900000	12
chr7	 53750000	 54350000	12
chr7	 57550000	 58600000	21
chr7	 63500000	 64800000	26
chr7	 64850000	 63300000	31
chr7	 65450000	 65900000	9
chr7	 67350000	 68400000	21
chr7	 67800000	 66850000	19
chr7	 69800000	 68900000	18
chr7	 74250000	 73400000	17
chr7	 78600000	 79500000	18
chr7	 86450000	 88400000	39
chr7	 89750000	 91800000	41
chr7	 90300000	 89950000	7
chr7	 93200000	 94100000	18
chr7	 93700000	 94050000	7
chr7	 94100000	 95550000	29
chr7	 94850000	 95450000	12
chr7	 98300000	 99300000	20
chr7	 99200000	 98450000	15
chr7	105150000	104800000	7
chr7	106200000	103750000	49
chr7	107800000	106400000	28
chr7	115250000	115750000	10
chr7	115700000	116250000	11
chr7	117700000	119650000	39
chr7	119350000	120300000	19
chr7	119450000	121200000	35
chr7	122600000	124100000	30
chr7	125300000	124400000	18
chr7	125700000	125050000	13
chr7	126050000	125600000	9
chr7	126350000	126850000	10
chr7	127800000	128800000	20
chr7	132700000	134700000	40
chr7	135900000	134650000	25
chr7	137250000	137500000	5
chr7	138550000	136850000	34
chr7	139800000	142550000	55
chr7	142300000	143150000	17
chr7	144700000	143250000	29
chr8	  7400000	  6600000	16
chr8	 11350000	  9500000	37
chr8	 14150000	 13250000	18
chr8	 18150000	 17650000	10
chr8	 18750000	 17450000	26
chr8	 18750000	 17850000	18
chr8	 20200000	 18750000	29
chr8	 23950000	 24400000	9
chr8	 29650000	 27450000	44
chr8	 31500000	 30900000	12
chr8	 31600000	 32600000	20
chr8	 31750000	 31200000	11
chr8	 33850000	 34050000	4
chr8	 33900000	 34100000	4
chr8	 35350000	 34100000	25
chr8	 37350000	 37650000	6
chr8	 41750000	 43150000	28
chr8	 42250000	 41400000	17
chr8	 43250000	 42450000	16
chr8	 47600000	 49050000	29
chr8	 48200000	 51100000	58
chr8	 49250000	 50450000	24
chr8	 51400000	 52500000	22
chr8	 52350000	 52800000	9
chr8	 56000000	 56750000	15
chr8	 62450000	 63150000	14
chr8	 64750000	 65350000	12
chr8	 69500000	 69900000	8
chr8	 74000000	 75200000	24
chr8	 74950000	 75200000	5
chr8	 77750000	 74850000	58
chr8	 80100000	 78050000	41
chr8	 81750000	 80850000	18
chr8	 82900000	 82500000	8
chr8	 84550000	 83950000	12
chr8	 86600000	 84800000	36
chr8	 89300000	 91800000	50
chr8	100650000	 99850000	16
chr8	101000000	101600000	12
chr8	104350000	105200000	17
chr8	107650000	108300000	13
chr8	111850000	112550000	14
chr8	111950000	110450000	30
chr8	112050000	112750000	14
chr8	116200000	115050000	23
chr8	116650000	115250000	28
chr8	119650000	118750000	18
chr8	122100000	121500000	12
chr8	125450000	123400000	41
chr9	   650000	   250000	8
chr9	  2950000	  1700000	25
chr9	  6750000	  6000000	15
chr9	  7750000	  8100000	7
chr9	 11000000	 10150000	17
chr9	 12050000	 12600000	11
chr9	 13650000	 14300000	13
chr9	 16700000	 15550000	23
chr9	 25400000	 26250000	17
chr9	 30200000	 29750000	9
chr9	 31050000	 32150000	22
chr9	 34300000	 35700000	28
chr9	 34550000	 35400000	17
chr9	 34650000	 35900000	25
chr9	 35900000	 35100000	16
chr9	 39750000	 38150000	32
chr9	 39900000	 40950000	21
chr9	 40300000	 40700000	8
chr9	 41500000	 42300000	16
chr9	 42700000	 43650000	19
chr9	 43650000	 42950000	14
chr9	 45200000	 45600000	8
chr9	 47750000	 46550000	24
chr9	 49700000	 50900000	24
chr9	 51050000	 50450000	12
chr9	 53450000	 55900000	49
chr9	 56950000	 56250000	14
chr9	 58550000	 59350000	16
chr9	 60900000	 62500000	32
chr9	 61100000	 59000000	42
chr9	 63350000	 64900000	31
chr9	 63550000	 61900000	33
chr9	 67300000	 66450000	17
chr9	 70800000	 71400000	12
chr9	 72500000	 71150000	27
chr9	 76050000	 74700000	27
chr9	 80700000	 82350000	33
chr9	 86800000	 87150000	7
chr9	 89100000	 88200000	18
chr9	 90750000	 88500000	45
chr9	 91000000	 89850000	23
chr9	 94200000	 96000000	36
chr9	 94200000	 97550000	67
chr9	100000000	 99800000	4
chr9	106000000	104950000	21
chr9	114600000	115250000	13
chr9	115800000	117800000	40
chr9	116950000	117100000	3
chr9	118100000	117100000	20
chr9	118200000	120150000	39
chr9	119600000	119950000	7
chr9	120550000	118550000	40
chr9	120750000	121600000	17
chrX	  2900000	  2050000	17
chrX	  3350000	  5100000	35
chrX	  4100000	  4850000	15
chrX	  6700000	  6700000	0
chrX	  6850000	  5150000	34
chrX	  9400000	 11100000	34
chrX	 14500000	 15400000	18
chrX	 22000000	 21100000	18
chrX	 22600000	 23450000	17
chrX	 25150000	 24100000	21
chrX	 29100000	 29800000	14
chrX	 30300000	 31900000	32
chrX	 30700000	 29400000	26
chrX	 31050000	 28500000	51
chrX	 32350000	 31050000	26
chrX	 33300000	 34800000	30
chrX	 33500000	 34250000	15
chrX	 37650000	 39200000	31
chrX	 37750000	 35950000	36
chrX	 47200000	 47650000	9
chrX	 51300000	 50600000	14
chrX	 52750000	 51850000	18
chrX	 52750000	 52000000	15
chrX	 53900000	 56850000	59
chrX	 58400000	 57950000	9
chrX	 59200000	 60550000	27
chrX	 60400000	 59450000	19
chrX	 61500000	 57950000	71
chrX	 62900000	 64650000	35
chrX	 65250000	 62600000	53
chrX	 65450000	 66050000	12
chrX	 66850000	 66100000	15
chrX	 67200000	 68100000	18
chrX	 67800000	 66750000	21
chrX	 67900000	 66700000	24
chrX	 72650000	 71400000	25
chrX	 74250000	 74750000	10
chrX	 74750000	 76650000	38
chrX	 78050000	 79050000	20
chrX	 79350000	 78350000	20
chrX	 79950000	 78500000	29
chrX	 83750000	 84750000	20
chrX	 88200000	 89200000	20
chrX	 89000000	 88350000	13
chrX	 89550000	 91750000	44
chrX	 90450000	 89500000	19
chrX	 90500000	 91550000	21
chrX	 91000000	 91650000	13
chrX	 95000000	 93650000	27
chrX	 96550000	 95600000	19
chrX	 97200000	 94950000	45
chrX	 99450000	 96950000	50
chrX	101900000	102900000	20
chrX	102600000	103350000	15
chrX	105100000	104350000	15
chrX	106500000	105600000	18
chrX	107050000	107950000	18
chrX	108350000	109500000	23
chrX	112000000	109850000	43
chrX	113400000	111450000	39
chrX	113700000	112800000	18
chrX	115100000	116250000	23
chrX	120650000	119450000	24
chrX	122800000	122300000	10
chrX	123050000	122500000	11
chrX	126100000	124650000	29
chrX	127150000	125700000	29
chrX	128050000	129300000	25
chrX	129650000	129100000	11
chrX	130450000	129100000	27
chrX	131250000	133150000	38
chrX	132000000	131000000	20
chrX	132850000	132350000	10
chrX	134550000	137550000	60
chrX	135350000	136150000	16
chrX	135650000	133700000	39
chrX	136750000	136750000	0
chrX	138900000	138000000	18
chrX	140100000	141900000	36
chrX	140400000	138800000	32
chrX	140550000	139900000	13
chrX	144050000	143350000	14
chrX	145200000	144050000	23
chrX	145850000	145200000	13
chrX	146550000	147750000	24
chrX	147350000	148350000	20
chrX	148650000	147200000	29
chrX	148850000	151800000	59
chrX	149550000	148950000	12
chrX	150250000	149100000	23
chrX	151550000	148550000	60
chrX	153650000	154950000	26
chrX	155800000	154550000	25
chrX	156950000	158100000	23
chrX	165100000	163950000	23
chrX	165150000	166000000	17
chrX	165300000	162900000	48
chrX	165550000	164650000	18
chrX	165600000	163250000	47
chrX	167900000	167500000	8
chrX	167950000	166750000	24
chrX	170400000	169000000	28
chrX	170600000	170100000	10
chrY	  4200000	  3750000	9
chrY	  7150000	  5450000	34
chrY	  9350000	  9350000	0
chrY	 12350000	 10100000	45
chrY	 12650000	 12150000	10
chrY	 14850000	 16100000	25
chrY	 16850000	 16250000	12
chrY	 20750000	 21050000	6
chrY	 21500000	 20600000	18
chrY	 21750000	 23400000	33
chrY	 23350000	 21700000	33
chrY	 27050000	 28100000	21
chrY	 27600000	 29600000	40
chrY	 29450000	 28050000	28
chrY	 30500000	 31750000	25
chrY	 31550000	 29800000	35
chrY	 32850000	 32200000	13
chrY	 33100000	 31700000	28
chrY	 33750000	 34150000	8
chrY	 35800000	 34250000	31
chrY	 42300000	 43300000	20
chrY	 44650000	 45500000	17
chrY	 45050000	 48300000	65
chrY	 48750000	 50450000	34
chrY	 49550000	 47850000	34
chrY	 55850000	 56650000	16
chrY	 57550000	 56850000	14
chrY	 57750000	 56200000	31
chrY	 60850000	 61450000	12
chrY	 61550000	 62350000	16
chrY	 62800000	 65100000	46
chrY	 65450000	 64150000	26
chrY	 68900000	 68250000	13
chrY	 69550000	 67950000	32
chrY	 69950000	 68150000	36
chrY	 72700000	 71900000	16
chrY	 73800000	 72550000	25
chrY	 74900000	 74600000	6
chrY	 76400000	 74400000	40
chrY	 78250000	 80050000	36
chrY	 78800000	 77700000	22
chrY	 81700000	 81000000	14
chrY	 83050000	 83750000	14
chrY	 85850000	 86600000	15
chrY	 86650000	 85300000	27
chrY	 86950000	 88050000	22
chrY	 87150000	 86500000	13
chrY	 88300000	 89100000	16
chrY	 89100000	 88450000	13
