chr1	   350000	   900000	11
chr1	  1950000	  2750000	16
chr1	  5250000	  4500000	15
chr1	 10150000	  8500000	33
chr1	 14100000	 13100000	20
chr1	 17250000	 16400000	17
chr1	 20250000	 19100000	23
chr1	 22900000	 23900000	20
chr1	 28250000	 29300000	21
chr1	 28300000	 24600000	74
chr1	 28350000	 29500000	23
chr1	 29350000	 30600000	25
chr1	 31550000	 32150000	12
chr1	 33550000	 32600000	19
chr1	 33550000	 32700000	17
chr1	 38350000	 39350000	20
chr1	 40600000	 41800000	24
chr1	 44800000	 43850000	19
chr1	 45250000	 47250000	40
chr1	 45500000	 44650000	17
chr1	 48450000	 49150000	14
chr1	 50000000	 52000000	40
chr1	 51400000	 49750000	33
chr1	 59200000	 58600000	12
chr1	 60000000	 59000000	20
chr1	 61050000	 62300000	25
chr1	 62300000	 61850000	9
chr1	 62350000	 61650000	14
chr1	 63800000	 63050000	15
chr1	 64250000	 66000000	35
chr1	 68500000	 69000000	10
chr1	 70150000	 72100000	39
chr1	 71450000	 71100000	7
chr1	 71900000	 70500000	28
chr1	 72950000	 74350000	28
chr1	 74600000	 73950000	13
chr1	 76700000	 77400000	14
chr1	 78250000	 80000000	35
chr1	 79100000	 80000000	18
chr1	 80250000	 79300000	19
chr1	 82350000	 83050000	14
chr1	 82900000	 83550000	13
chr1	 82950000	 84400000	29
chr1	 84950000	 85500000	11
chr1	 87500000	 89700000	44
chr1	 89400000	 90050000	13
chr1	 91500000	 92300000	16
chr1	 91650000	 91250000	8
chr1	 92800000	 92400000	8
chr1	 92900000	 91400000	30
chr1	 93450000	 92200000	25
chr1	 93650000	 95600000	39
chr1	 94700000	 96350000	33
chr1	 94750000	 95500000	15
chr1	 97600000	 96400000	24
chr1	 98400000	 98750000	7
chr1	 98900000	100000000	22
chr1	101600000	100650000	19
chr1	103750000	105050000	26
chr1	108000000	110000000	40
chr1	108950000	108450000	10
chr1	109800000	110650000	17
chr1	110550000	109000000	31
chr1	115550000	116400000	17
chr1	117700000	116200000	30
chr1	123300000	122200000	22
chr1	127500000	128700000	24
chr1	127700000	126450000	25
chr1	134450000	133200000	25
chr1	136050000	136550000	10
chr1	136150000	136600000	9
chr1	136300000	134650000	33
chr1	139050000	137850000	24
chr1	141350000	142200000	17
chr1	142250000	140900000	27
chr1	143250000	145400000	43
chr1	146350000	147650000	26
chr1	151650000	149700000	39
chr1	155250000	154750000	10
chr1	155650000	156450000	16
chr1	159500000	158250000	25
chr1	160950000	160350000	12
chr1	163350000	162200000	23
chr1	169200000	170450000	25
chr1	170400000	169150000	25
chr1	172100000	171450000	13
chr1	173950000	172050000	38
chr1	178700000	180950000	45
chr1	179450000	178250000	24
chr1	184050000	182950000	22
chr1	187500000	186850000	13
chr1	188600000	189700000	22
chr1	189100000	188750000	7
chr1	189600000	188650000	19
chr1	193850000	192700000	23
chr1	194150000	192950000	24
chr1	194600000	193800000	16
chr10	  7500000	  6350000	23
chr10	  8850000	  8200000	13
chr10	 13400000	 14100000	14
chr10	 17600000	 16250000	27
chr10	 19250000	 19750000	10
chr10	 21000000	 22850000	37
chr10	 22450000	 23950000	30
chr10	 23800000	 26050000	45
chr10	 24050000	 25350000	26
chr10	 24200000	 22950000	25
chr10	 24500000	 22600000	38
chr10	 25400000	 24700000	14
chr10	 27800000	 25800000	40
chr10	 28000000	 29400000	28
chr10	 28400000	 27150000	25
chr10	 30100000	 31500000	28
chr10	 30450000	 31050000	12
chr10	 31550000	 31900000	7
chr10	 32700000	 31000000	34
chr10	 33900000	 32350000	31
chr10	 34650000	 33550000	22
chr10	 44900000	 46200000	26
chr10	 46600000	 48700000	42
chr10	 46700000	 44950000	35
chr10	 46700000	 47600000	18
chr10	 52200000	 53350000	23
chr10	 52600000	 52900000	6
chr10	 54900000	 56450000	31
chr10	 57700000	 55100000	52
chr10	 57900000	 58850000	19
chr10	 58500000	 60350000	37
chr10	 62050000	 63600000	31
chr10	 62350000	 61200000	23
chr10	 63150000	 65300000	43
chr10	 64650000	 63850000	16
chr10	 67700000	 68600000	18
chr10	 70300000	 71400000	22
chr10	 72250000	 73350000	22
chr10	 79800000	 79400000	8
chr10	 82600000	 81800000	16
chr10	 83350000	 84500000	23
chr10	 84100000	 83300000	16
chr10	 85550000	 86900000	27
chr10	 86000000	 84700000	26
chr10	 87650000	 88950000	26
chr10	 92900000	 93500000	12
chr10	 98550000	 99450000	18
chr10	 98600000	 97950000	13
chr10	102550000	103750000	24
chr10	102650000	101900000	15
chr10	102700000	103200000	10
chr10	104200000	103900000	6
chr10	111900000	111550000	7
chr10	113850000	112750000	22
chr10	118300000	119100000	16
chr10	118500000	117450000	21
chr10	121100000	119500000	32
chr10	121650000	122950000	26
chr10	123250000	124150000	18
chr10	126100000	125100000	20
chr10	129250000	127600000	33
chr11	   200000	  1700000	30
chr11	  1150000	  2300000	23
chr11	  4050000	  5550000	30
chr11	  4150000	  4650000	10
chr11	  5450000	  4750000	14
chr11	  5800000	  5000000	16
chr11	  9100000	  8500000	12
chr11	  9450000	 10300000	17
chr11	 10450000	 12000000	31
chr11	 12850000	 14100000	25
chr11	 16650000	 14500000	43
chr11	 16850000	 16450000	8
chr11	 18050000	 16050000	40
chr11	 18800000	 20400000	32
chr11	 19100000	 21100000	40
chr11	 22550000	 21800000	15
chr11	 27600000	 29050000	29
chr11	 37250000	 36500000	15
chr11	 38150000	 37100000	21
chr11	 42900000	 41750000	23
chr11	 47150000	 46300000	17
chr11	 47250000	 45850000	28
chr11	 48950000	 48350000	12
chr11	 53300000	 53700000	8
chr11	 56150000	 55050000	22
chr11	 56450000	 55300000	23
chr11	 62800000	 61400000	28
chr11	 65850000	 64850000	20
chr11	 71000000	 71700000	14
chr11	 72350000	 70450000	38
chr11	 72850000	 73750000	18
chr11	 77850000	 77350000	10
chr11	 78450000	 76950000	30
chr11	 78950000	 79150000	4
chr11	 83100000	 82700000	8
chr11	 83850000	 84400000	11
chr11	 90200000	 91850000	33
chr11	 90550000	 89600000	19
chr11	 91150000	 90150000	20
chr11	 91800000	 93000000	24
chr11	 95150000	 93700000	29
chr11	 96450000	 98050000	32
chr11	 97900000	 95850000	41
chr11	 99200000	 98100000	22
chr11	100500000	 99350000	23
chr11	100850000	 99450000	28
chr11	101950000	101050000	18
chr11	102450000	104000000	31
chr11	104300000	105400000	22
chr11	105550000	108250000	54
chr11	108100000	109050000	19
chr11	108750000	110050000	26
chr11	109900000	110650000	15
chr11	110250000	109050000	24
chr11	110300000	109150000	23
chr11	111150000	111900000	15
chr11	113600000	112500000	22
chr11	114950000	116050000	22
chr11	115000000	115900000	18
chr11	117600000	116950000	13
chr11	119400000	121200000	36
chr11	119700000	117900000	36
chr11	120950000	120200000	15
chr12	  1700000	  2100000	8
chr12	 12200000	 13350000	23
chr12	 13200000	 14800000	32
chr12	 14200000	 14200000	0
chr12	 15600000	 16600000	20
chr12	 15700000	 17100000	28
chr12	 16600000	 15950000	13
chr12	 16600000	 17250000	13
chr12	 16750000	 17800000	21
chr12	 16800000	 16250000	11
chr12	 19400000	 18300000	22
chr12	 27350000	 29150000	36
chr12	 30350000	 28600000	35
chr12	 34650000	 34200000	9
chr12	 40600000	 39400000	24
chr12	 41450000	 42700000	25
chr12	 43200000	 42450000	15
chr12	 44150000	 43250000	18
chr12	 44750000	 47450000	54
chr12	 45200000	 46050000	17
chr12	 49850000	 50200000	7
chr12	 52750000	 51850000	18
chr12	 53400000	 54500000	22
chr12	 53650000	 54750000	22
chr12	 53700000	 52750000	19
chr12	 56100000	 55250000	17
chr12	 61950000	 61300000	13
chr12	 62850000	 64450000	32
chr12	 65800000	 64150000	33
chr12	 67800000	 66150000	33
chr12	 68300000	 69650000	27
chr12	 69450000	 67550000	38
chr12	 70500000	 71200000	14
chr12	 72700000	 72200000	10
chr12	 73300000	 74150000	17
chr12	 73900000	 72800000	22
chr12	 77450000	 79300000	37
chr12	 78550000	 77750000	16
chr12	 78850000	 79900000	21
chr12	 82600000	 83800000	24
chr12	 83150000	 79650000	70
chr12	 83700000	 83700000	0
chr12	 84150000	 83400000	15
chr12	 85850000	 82800000	61
chr12	 86050000	 86750000	14
chr12	 86100000	 86600000	10
chr12	 86250000	 83650000	52
chr12	 87600000	 88300000	14
chr12	 88400000	 87050000	27
chr12	 90700000	 91850000	23
chr12	 92950000	 91550000	28
chr12	 94000000	 96250000	45
chr12	101850000	101650000	4
chr12	102850000	101950000	18
chr12	104800000	103950000	17
chr12	105850000	106150000	6
chr12	106650000	106050000	12
chr12	106800000	105750000	21
chr12	108650000	108650000	0
chr12	110850000	113850000	60
chr12	111600000	110300000	26
chr12	111600000	110800000	16
chr12	111900000	113350000	29
chr12	115300000	117800000	50
chr12	116350000	115150000	24
chr13	  9950000	 10450000	10
chr13	 11450000	 12050000	12
chr13	 14450000	 15900000	29
chr13	 18300000	 20550000	45
chr13	 19450000	 21150000	34
chr13	 20000000	 18200000	36
chr13	 20350000	 21150000	16
chr13	 26550000	 25650000	18
chr13	 26900000	 27600000	14
chr13	 27050000	 25600000	29
chr13	 30450000	 29200000	25
chr13	 32050000	 33850000	36
chr13	 32600000	 32100000	10
chr13	 33500000	 34450000	19
chr13	 34400000	 33650000	15
chr13	 37950000	 37250000	14
chr13	 38800000	 38350000	9
chr13	 43650000	 42100000	31
chr13	 45850000	 45050000	16
chr13	 46750000	 45350000	28
chr13	 51000000	 52300000	26
chr13	 51100000	 50700000	8
chr13	 52700000	 50850000	37
chr13	 56400000	 54650000	35
chr13	 58450000	 55050000	68
chr13	 62100000	 62750000	13
chr13	 68400000	 67600000	16
chr13	 70600000	 70850000	5
chr13	 71100000	 70550000	11
chr13	 76250000	 74650000	32
chr13	 76650000	 76150000	10
chr13	 77850000	 77550000	6
chr13	 80100000	 79350000	15
chr13	 81850000	 83550000	34
chr13	 81950000	 82700000	15
chr13	 84200000	 82950000	25
chr13	 86000000	 87150000	23
chr13	 88000000	 89700000	34
chr13	 88650000	 90000000	27
chr13	 90250000	 89650000	12
chr13	 92150000	 94050000	38
chr13	 94500000	 95250000	15
chr13	 98200000	 96550000	33
chr13	101950000	101300000	13
chr13	107750000	108800000	21
chr13	108800000	107550000	25
chr13	109700000	108850000	17
chr13	110200000	109150000	21
chr13	110700000	111850000	23
chr13	111750000	113750000	40
chr13	117150000	116750000	8
chr14	   250000	  1400000	23
chr14	  2100000	  3250000	23
chr14	  8750000	  8750000	0
chr14	  9050000	 10200000	23
chr14	 12450000	 11850000	12
chr14	 12650000	 14900000	45
chr14	 15500000	 16100000	12
chr14	 16600000	 14800000	36
chr14	 19550000	 17750000	36
chr14	 20650000	 21950000	26
chr14	 20750000	 20400000	7
chr14	 20750000	 21600000	17
chr14	 23000000	 22100000	18
chr14	 23600000	 22600000	20
chr14	 25750000	 26800000	21
chr14	 26000000	 27450000	29
chr14	 27250000	 24850000	48
chr14	 28350000	 27500000	17
chr14	 31850000	 29500000	47
chr14	 34600000	 33450000	23
chr14	 35400000	 36600000	24
chr14	 35700000	 37100000	28
chr14	 36150000	 37300000	23
chr14	 38650000	 37200000	29
chr14	 38800000	 39750000	19
chr14	 43350000	 41900000	29
chr14	 43450000	 42750000	14
chr14	 46650000	 47850000	24
chr14	 46800000	 48850000	41
chr14	 55600000	 56700000	22
chr14	 58200000	 56850000	27
chr14	 58200000	 57750000	9
chr14	 60650000	 59650000	20
chr14	 62200000	 60250000	39
chr14	 65950000	 66550000	12
chr14	 66600000	 65300000	26
chr14	 68450000	 68850000	8
chr14	 73600000	 74600000	20
chr14	 74100000	 73000000	22
chr14	 79700000	 79350000	7
chr14	 80850000	 78600000	45
chr14	 81000000	 81550000	11
chr14	 82200000	 83550000	27
chr14	 84950000	 84200000	15
chr14	 85650000	 87650000	40
chr14	 89800000	 90450000	13
chr14	 90500000	 91050000	11
chr14	 91200000	 93150000	39
chr14	 93950000	 92400000	31
chr14	 94350000	 93950000	8
chr14	 95650000	 94600000	21
chr14	 97900000	 97650000	5
chr14	100850000	101450000	12
chr14	101050000	100500000	11
chr14	101250000	102350000	22
chr14	102450000	104200000	35
chr14	105150000	106150000	20
chr14	105600000	105050000	11
chr14	105950000	108400000	49
chr14	108250000	106200000	41
chr14	110850000	112500000	33
chr14	111500000	110350000	23
chr14	111500000	113550000	41
chr14	112300000	112900000	12
chr14	113300000	112100000	24
chr14	115950000	115100000	17
chr14	116550000	118250000	34
chr14	117400000	116400000	20
chr14	118150000	116800000	27
chr14	118150000	119500000	27
chr14	119950000	121250000	26
chr14	120100000	120500000	8
chr14	121800000	121150000	13
chr14	121900000	123400000	30
chr14	122450000	123350000	18
chr15	  1100000	  2250000	23
chr15	  1500000	  2200000	14
chr15	  3550000	  2750000	16
chr15	  4700000	  3800000	18
chr15	  7150000	  6000000	23
chr15	  8800000	 11750000	59
chr15	 11300000	 10750000	11
chr15	 14900000	 16750000	37
chr15	 21800000	 22600000	16
chr15	 27550000	 26650000	18
chr15	 28550000	 29200000	13
chr15	 29200000	 28250000	19
chr15	 29200000	 28400000	16
chr15	 35700000	 37050000	27
chr15	 35850000	 36800000	19
chr15	 36050000	 37750000	34
chr15	 36400000	 37750000	27
chr15	 38350000	 40100000	35
chr15	 39250000	 37350000	38
chr15	 40300000	 40950000	13
chr15	 45950000	 47300000	27
chr15	 46500000	 47400000	18
chr15	 47150000	 48850000	34
chr15	 49200000	 50750000	31
chr15	 53250000	 52150000	22
chr15	 53750000	 54750000	20
chr15	 53850000	 52250000	32
chr15	 54700000	 55350000	13
chr15	 56050000	 55150000	18
chr15	 59950000	 57450000	50
chr15	 63050000	 63850000	16
chr15	 64100000	 63100000	20
chr15	 65400000	 66400000	20
chr15	 71550000	 73950000	48
chr15	 72200000	 70750000	29
chr15	 74250000	 74900000	13
chr15	 78000000	 78350000	7
chr15	 84250000	 84950000	14
chr15	 88200000	 88200000	0
chr15	 88800000	 90200000	28
chr15	 91400000	 92450000	21
chr15	 93400000	 94700000	26
chr15	 93500000	 92500000	20
chr15	 95850000	 94450000	28
chr15	 97050000	 96600000	9
chr15	 97850000	 99500000	33
chr15	101150000	102050000	18
chr15	102850000	100450000	48
chr16	  3350000	  2750000	12
chr16	  3700000	  3000000	14
chr16	  5300000	  5800000	10
chr16	 10500000	  9850000	13
chr16	 12900000	 11900000	20
chr16	 14700000	 14200000	10
chr16	 15600000	 14800000	16
chr16	 15900000	 16900000	20
chr16	 16200000	 17150000	19
chr16	 16400000	 17400000	20
chr16	 18650000	 19150000	10
chr16	 19100000	 15500000	72
chr16	 19750000	 18900000	17
chr16	 22450000	 21900000	11
chr16	 30950000	 30250000	14
chr16	 33750000	 32200000	31
chr16	 34250000	 35800000	31
chr16	 38600000	 39950000	27
chr16	 39300000	 38200000	22
chr16	 41400000	 40850000	11
chr16	 43150000	 44150000	20
chr16	 45300000	 44400000	18
chr16	 46850000	 45250000	32
chr16	 50300000	 48350000	39
chr16	 51100000	 51900000	16
chr16	 53800000	 53000000	16
chr16	 56900000	 57700000	16
chr16	 71400000	 71200000	4
chr16	 72550000	 71350000	24
chr16	 72950000	 73950000	20
chr16	 73700000	 74250000	11
chr16	 73700000	 75000000	26
chr16	 74800000	 75100000	6
chr16	 77150000	 78750000	32
chr16	 80400000	 81000000	12
chr16	 82800000	 83700000	18
chr16	 87100000	 88950000	37
chr16	 89850000	 88100000	35
chr16	 91700000	 92600000	18
chr16	 97600000	 98150000	11
chr16	 98200000	 97250000	19
chr17	  3900000	  1700000	44
chr17	  4150000	  4950000	16
chr17	  4350000	  3800000	11
chr17	  4450000	  3350000	22
chr17	  5300000	  5850000	11
chr17	 10000000	 10500000	10
chr17	 11600000	 12350000	15
chr17	 11700000	  8400000	66
chr17	 12500000	 12900000	8
chr17	 12500000	 13350000	17
chr17	 14150000	 13500000	13
chr17	 15450000	 18400000	59
chr17	 17800000	 16300000	30
chr17	 19000000	 18300000	14
chr17	 20200000	 19750000	9
chr17	 22800000	 24050000	25
chr17	 23850000	 21650000	44
chr17	 24200000	 22800000	28
chr17	 24800000	 23950000	17
chr17	 25550000	 26350000	16
chr17	 30350000	 28850000	30
chr17	 30800000	 31050000	5
chr17	 31050000	 31700000	13
chr17	 34000000	 35650000	33
chr17	 34550000	 36300000	35
chr17	 34650000	 33350000	26
chr17	 34700000	 35500000	16
chr17	 35450000	 34700000	15
chr17	 36450000	 35600000	17
chr17	 38050000	 38800000	15
chr17	 38250000	 39200000	19
chr17	 38450000	 36600000	37
chr17	 43400000	 42400000	20
chr17	 44500000	 44750000	5
chr17	 49700000	 50750000	21
chr17	 49850000	 47650000	44
chr17	 49900000	 48900000	20
chr17	 49900000	 50300000	8
chr17	 50350000	 51200000	17
chr17	 56750000	 56100000	13
chr17	 57350000	 55600000	35
chr17	 57850000	 58650000	16
chr17	 60600000	 60000000	12
chr17	 60650000	 59250000	28
chr17	 67350000	 69650000	46
chr17	 68650000	 69550000	18
chr17	 68900000	 68200000	14
chr17	 71400000	 73100000	34
chr17	 74150000	 73600000	11
chr17	 76650000	 75750000	18
chr17	 85300000	 84250000	21
chr17	 85450000	 85000000	9
chr17	 86400000	 87500000	22
chr17	 88150000	 89350000	24
chr17	 89450000	 89950000	10
chr17	 92400000	 89900000	50
chr17	 92750000	 92150000	12
chr17	 93300000	 92650000	13
chr17	 94050000	 93250000	16
chr18	  1450000	  2550000	22
chr18	  1750000	  2150000	8
chr18	  3500000	  1750000	35
chr18	  7700000	  6450000	25
chr18	  7750000	  6050000	34
chr18	 11600000	 12350000	15
chr18	 12250000	 14950000	54
chr18	 12900000	 12150000	15
chr18	 13250000	 14500000	25
chr18	 13250000	 15050000	36
chr18	 13400000	 14200000	16
chr18	 16850000	 19200000	47
chr18	 19000000	 20400000	28
chr18	 21050000	 21550000	10
chr18	 21800000	 22600000	16
chr18	 23200000	 22300000	18
chr18	 23200000	 22550000	13
chr18	 26150000	 27950000	36
chr18	 30200000	 28500000	34
chr18	 32750000	 33500000	15
chr18	 34350000	 33250000	22
chr18	 34450000	 33850000	12
chr18	 35150000	 35800000	13
chr18	 37750000	 39850000	42
chr18	 40900000	 41300000	8
chr18	 46650000	 48350000	34
chr18	 50550000	 49750000	16
chr18	 51700000	 52850000	23
chr18	 52150000	 52850000	14
chr18	 52250000	 52950000	14
chr18	 55050000	 54650000	8
chr18	 55150000	 57100000	39
chr18	 55850000	 54550000	26
chr18	 57000000	 55900000	22
chr18	 57950000	 56850000	22
chr18	 60500000	 60200000	6
chr18	 63250000	 62400000	17
chr18	 66300000	 65700000	12
chr18	 67300000	 63950000	67
chr18	 67850000	 66850000	20
chr18	 68450000	 71800000	67
chr18	 68750000	 70150000	28
chr18	 70950000	 72400000	29
chr18	 72850000	 71500000	27
chr18	 74600000	 73800000	16
chr18	 75350000	 76900000	31
chr18	 77200000	 76500000	14
chr18	 79000000	 79900000	18
chr18	 81700000	 83200000	30
chr18	 84550000	 85300000	15
chr18	 84650000	 85100000	9
chr18	 84700000	 84200000	10
chr18	 85000000	 85950000	19
chr18	 88150000	 88800000	13
chr19	  2950000	  1900000	21
chr19	  3000000	  3700000	14
chr19	  5450000	  6050000	12
chr19	  6000000	  7100000	22
chr19	  7150000	  7800000	13
chr19	  7250000	  6100000	23
chr19	  8500000	 11100000	52
chr19	  9900000	  9600000	6
chr19	  9950000	  8900000	21
chr19	 11350000	 10900000	9
chr19	 11900000	 12250000	7
chr19	 12750000	 13100000	7
chr19	 14700000	 15750000	21
chr19	 15750000	 16300000	11
chr19	 18150000	 16850000	26
chr19	 18300000	 19000000	14
chr19	 18350000	 19900000	31
chr19	 18950000	 17850000	22
chr19	 23200000	 20400000	56
chr19	 25000000	 23900000	22
chr19	 26200000	 24050000	43
chr19	 28450000	 28100000	7
chr19	 29450000	 26900000	51
chr19	 38550000	 37550000	20
chr19	 45750000	 45000000	15
chr19	 46900000	 46900000	0
chr19	 47600000	 48050000	9
chr19	 53450000	 54500000	21
chr19	 58000000	 58600000	12
chr19	 59100000	 59750000	13
chr19	 59250000	 56100000	63
chr2	  1200000	  2900000	34
chr2	  1850000	  1150000	14
chr2	  2250000	  3700000	29
chr2	  3450000	  4100000	13
chr2	  4650000	  3950000	14
chr2	  9350000	 10400000	21
chr2	  9400000	 10800000	28
chr2	 10800000	  9350000	29
chr2	 15800000	 16400000	12
chr2	 15850000	 17500000	33
chr2	 18750000	 20000000	25
chr2	 19950000	 19200000	15
chr2	 20100000	 21150000	21
chr2	 21500000	 19650000	37
chr2	 21550000	 22250000	14
chr2	 22350000	 20050000	46
chr2	 23850000	 21600000	45
chr2	 24400000	 23800000	12
chr2	 24500000	 26250000	35
chr2	 26750000	 27400000	13
chr2	 26800000	 28100000	26
chr2	 27000000	 29400000	48
chr2	 27350000	 26400000	19
chr2	 28950000	 27900000	21
chr2	 29000000	 30800000	36
chr2	 29750000	 30800000	21
chr2	 36650000	 36050000	12
chr2	 36650000	 37750000	22
chr2	 36950000	 39050000	42
chr2	 38850000	 38150000	14
chr2	 39100000	 39950000	17
chr2	 43200000	 44850000	33
chr2	 49000000	 49550000	11
chr2	 50950000	 51900000	19
chr2	 55450000	 55000000	9
chr2	 56800000	 59300000	50
chr2	 59800000	 59150000	13
chr2	 60800000	 61000000	4
chr2	 64450000	 63050000	28
chr2	 64600000	 65750000	23
chr2	 67750000	 68400000	13
chr2	 69150000	 69700000	11
chr2	 70200000	 71400000	24
chr2	 73300000	 75350000	41
chr2	 74450000	 74850000	8
chr2	 75050000	 73500000	31
chr2	 77700000	 78700000	20
chr2	 78100000	 77600000	10
chr2	 81100000	 81350000	5
chr2	 82050000	 82450000	8
chr2	 84650000	 83300000	27
chr2	 84850000	 85700000	17
chr2	 87700000	 88000000	6
chr2	 88100000	 89300000	24
chr2	 89850000	 90650000	16
chr2	 91150000	 92450000	26
chr2	 92500000	 94600000	42
chr2	 95200000	 94600000	12
chr2	 98500000	 99800000	26
chr2	 99550000	100550000	20
chr2	100600000	101150000	11
chr2	102450000	100350000	42
chr2	110200000	108600000	32
chr2	115900000	117550000	33
chr2	116750000	117450000	14
chr2	118500000	120050000	31
chr2	120000000	118000000	40
chr2	121100000	120550000	11
chr2	122800000	122400000	8
chr2	123950000	123100000	17
chr2	127250000	125150000	42
chr2	129150000	130250000	22
chr2	134600000	133450000	23
chr2	136100000	134750000	27
chr2	140650000	140400000	5
chr2	143750000	144750000	20
chr2	144550000	145200000	13
chr2	153150000	153750000	12
chr2	154600000	153700000	18
chr2	154650000	153500000	23
chr2	155700000	153900000	36
chr2	156100000	156800000	14
chr2	156350000	156450000	2
chr2	156800000	157500000	14
chr2	158650000	156500000	43
chr2	160900000	160000000	18
chr2	161600000	163150000	31
chr2	162900000	162050000	17
chr2	163150000	163400000	5
chr2	163950000	164800000	17
chr2	165450000	166450000	20
chr2	167600000	170350000	55
chr2	169050000	167800000	25
chr2	169200000	169550000	7
chr2	169750000	170200000	9
chr2	172400000	171900000	10
chr2	174200000	172150000	41
chr2	177900000	178650000	15
chr2	178150000	178600000	9
chr2	178500000	177850000	13
chr2	178600000	178100000	10
chr2	179400000	180600000	24
chr2	179500000	178700000	16
chr3	  1750000	   100000	33
chr3	  8300000	  9650000	27
chr3	  8900000	  6800000	42
chr3	  9850000	  8850000	20
chr3	  9850000	 10850000	20
chr3	 11150000	  9200000	39
chr3	 12950000	 13800000	17
chr3	 14850000	 14850000	0
chr3	 15000000	 14100000	18
chr3	 17350000	 16950000	8
chr3	 18200000	 16400000	36
chr3	 22600000	 23500000	18
chr3	 26950000	 27700000	15
chr3	 27050000	 24650000	48
chr3	 31400000	 32400000	20
chr3	 32850000	 33150000	6
chr3	 33150000	 29600000	71
chr3	 38600000	 37700000	18
chr3	 43750000	 45250000	30
chr3	 44700000	 41850000	57
chr3	 46050000	 46050000	0
chr3	 46950000	 47850000	18
chr3	 48400000	 47000000	28
chr3	 50150000	 51850000	34
chr3	 50550000	 52150000	32
chr3	 53500000	 54550000	21
chr3	 53850000	 54600000	15
chr3	 55400000	 56700000	26
chr3	 58100000	 56800000	26
chr3	 61450000	 60450000	20
chr3	 61600000	 62350000	15
chr3	 62950000	 62000000	19
chr3	 64400000	 67200000	56
chr3	 66600000	 64100000	50
chr3	 68250000	 67200000	21
chr3	 69400000	 70600000	24
chr3	 71550000	 70800000	15
chr3	 71650000	 72200000	11
chr3	 79450000	 80150000	14
chr3	 81300000	 80300000	20
chr3	 81450000	 82900000	29
chr3	 81800000	 80450000	27
chr3	 81850000	 83350000	30
chr3	 82200000	 82800000	12
chr3	 90000000	 89500000	10
chr3	 90450000	 89750000	14
chr3	 93800000	 95150000	27
chr3	 94700000	 93800000	18
chr3	 96250000	 97400000	23
chr3	 97350000	 96050000	26
chr3	 99400000	 99900000	10
chr3	 99900000	101800000	38
chr3	100500000	100850000	7
chr3	100550000	 98850000	34
chr3	102100000	100200000	38
chr3	107550000	109500000	39
chr3	108450000	109750000	26
chr3	110800000	111700000	18
chr3	118000000	117100000	18
chr3	120750000	121950000	24
chr3	122450000	123200000	15
chr3	124750000	122300000	49
chr3	131050000	132200000	23
chr3	133450000	135000000	31
chr3	136250000	137400000	23
chr3	136400000	135750000	13
chr3	138800000	138200000	12
chr3	141100000	138550000	51
chr3	148950000	150300000	27
chr3	149800000	150700000	18
chr3	154000000	155500000	30
chr3	156000000	154750000	25
chr3	156450000	155250000	24
chr3	157400000	156750000	13
chr3	157450000	156700000	15
chr3	160000000	159450000	11
chr4	  5200000	  6100000	18
chr4	  5600000	  5000000	12
chr4	 10700000	 11500000	16
chr4	 13000000	 11900000	22
chr4	 13550000	 14250000	14
chr4	 14450000	 15650000	24
chr4	 14750000	 14250000	10
chr4	 14800000	 15350000	11
chr4	 17100000	 16800000	6
chr4	 17900000	 17600000	6
chr4	 17950000	 16550000	28
chr4	 18350000	 17550000	16
chr4	 20300000	 21550000	25
chr4	 22250000	 24100000	37
chr4	 24000000	 23000000	20
chr4	 27400000	 27850000	9
chr4	 27600000	 27750000	3
chr4	 33850000	 33500000	7
chr4	 35800000	 35250000	11
chr4	 37150000	 38350000	24
chr4	 37950000	 39000000	21
chr4	 46950000	 46400000	11
chr4	 49100000	 47350000	35
chr4	 53100000	 52350000	15
chr4	 54200000	 53050000	23
chr4	 55850000	 56500000	13
chr4	 56550000	 57300000	15
chr4	 56700000	 57500000	16
chr4	 58250000	 57400000	17
chr4	 59400000	 60150000	15
chr4	 64800000	 63350000	29
chr4	 66950000	 68000000	21
chr4	 68500000	 70750000	45
chr4	 69600000	 68750000	17
chr4	 69850000	 69300000	11
chr4	 70250000	 69250000	20
chr4	 70400000	 66500000	78
chr4	 72350000	 71850000	10
chr4	 72400000	 72150000	5
chr4	 76950000	 77500000	11
chr4	 77900000	 76950000	19
chr4	 80500000	 85150000	93
chr4	 84600000	 85400000	16
chr4	 85150000	 85750000	12
chr4	 85550000	 85250000	6
chr4	 86950000	 86500000	9
chr4	 88700000	 89350000	13
chr4	 89650000	 90000000	7
chr4	 93200000	 94700000	30
chr4	 95150000	 94150000	20
chr4	 96700000	 97550000	17
chr4	 97350000	 96800000	11
chr4	 97850000	 97700000	3
chr4	 98100000	 98300000	4
chr4	 99100000	 98300000	16
chr4	102850000	 98250000	92
chr4	102950000	105850000	58
chr4	117400000	118050000	13
chr4	117450000	118250000	16
chr4	119100000	119750000	13
chr4	120250000	118600000	33
chr4	121050000	119600000	29
chr4	128000000	127650000	7
chr4	130550000	133200000	53
chr4	131650000	128800000	57
chr4	136450000	135600000	17
chr4	136800000	138500000	34
chr4	137300000	137800000	10
chr4	147850000	149050000	24
chr4	150800000	151650000	17
chr4	155450000	154500000	19
chr4	156400000	156100000	6
chr5	  2000000	   750000	25
chr5	  2200000	  1650000	11
chr5	  2400000	  2800000	8
chr5	  3550000	  3000000	11
chr5	  7450000	  6950000	10
chr5	 10450000	  8500000	39
chr5	 10850000	 11550000	14
chr5	 10900000	  8100000	56
chr5	 12250000	 13150000	18
chr5	 12950000	 13250000	6
chr5	 22600000	 23550000	19
chr5	 23100000	 22600000	10
chr5	 23650000	 21700000	39
chr5	 25450000	 24950000	10
chr5	 27700000	 26450000	25
chr5	 30900000	 30100000	16
chr5	 31200000	 34950000	75
chr5	 33150000	 32550000	12
chr5	 34050000	 31950000	42
chr5	 36200000	 34750000	29
chr5	 38550000	 36350000	44
chr5	 39750000	 38700000	21
chr5	 41050000	 42050000	20
chr5	 45850000	 47200000	27
chr5	 46600000	 44900000	34
chr5	 47050000	 48850000	36
chr5	 52750000	 51000000	35
chr5	 54950000	 54700000	5
chr5	 55100000	 54100000	20
chr5	 56000000	 56850000	17
chr5	 60050000	 61400000	27
chr5	 62500000	 61100000	28
chr5	 67750000	 66050000	34
chr5	 70250000	 69250000	20
chr5	 71800000	 72250000	9
chr5	 77300000	 79500000	44
chr5	 78350000	 76450000	38
chr5	 78650000	 78150000	10
chr5	 78800000	 79200000	8
chr5	 78850000	 78000000	17
chr5	 81550000	 81050000	10
chr5	 82700000	 81650000	21
chr5	 86900000	 87750000	17
chr5	 88400000	 89000000	12
chr5	 88950000	 87100000	37
chr5	 89450000	 90700000	25
chr5	 92200000	 90700000	30
chr5	 92750000	 93700000	19
chr5	 93100000	 92250000	17
chr5	 93350000	 94100000	15
chr5	 95700000	 94300000	28
chr5	 96900000	 97600000	14
chr5	102350000	101800000	11
chr5	108000000	111100000	62
chr5	110550000	110000000	11
chr5	112250000	114200000	39
chr5	114350000	112800000	31
chr5	115650000	116550000	18
chr5	116350000	117100000	15
chr5	122400000	121000000	28
chr5	124900000	126600000	34
chr5	128700000	129750000	21
chr5	132000000	133200000	24
chr5	132200000	133900000	34
chr5	134650000	134300000	7
chr5	138750000	140350000	32
chr5	140150000	142050000	38
chr5	144050000	146750000	54
chr5	144250000	145400000	23
chr5	146500000	147100000	12
chr5	147800000	148800000	20
chr5	151650000	150600000	21
chr6	  3350000	  2500000	17
chr6	  5550000	  4450000	22
chr6	  5600000	  4150000	29
chr6	  6400000	  6000000	8
chr6	  8400000	  7800000	12
chr6	  8850000	  7200000	33
chr6	 10550000	 11650000	22
chr6	 13800000	 14300000	10
chr6	 14150000	 15050000	18
chr6	 14850000	 13450000	28
chr6	 18100000	 16650000	29
chr6	 21350000	 22050000	14
chr6	 23300000	 25250000	39
chr6	 26850000	 25500000	27
chr6	 27600000	 27000000	12
chr6	 29350000	 30950000	32
chr6	 35000000	 35650000	13
chr6	 37500000	 36500000	20
chr6	 39700000	 37400000	46
chr6	 43300000	 45050000	35
chr6	 43650000	 45250000	32
chr6	 45050000	 46450000	28
chr6	 46150000	 47400000	25
chr6	 46750000	 46150000	12
chr6	 46850000	 46850000	0
chr6	 47300000	 48250000	19
chr6	 48850000	 47500000	27
chr6	 48850000	 51150000	46
chr6	 49950000	 48250000	34
chr6	 50200000	 49550000	13
chr6	 50550000	 48700000	37
chr6	 52150000	 51400000	15
chr6	 52300000	 51400000	18
chr6	 53650000	 52800000	17
chr6	 53950000	 55050000	22
chr6	 56950000	 57800000	17
chr6	 58550000	 57600000	19
chr6	 58850000	 57800000	21
chr6	 63300000	 61400000	38
chr6	 63450000	 62150000	26
chr6	 64250000	 62400000	37
chr6	 65400000	 64200000	24
chr6	 65900000	 64100000	36
chr6	 67550000	 68800000	25
chr6	 68850000	 68200000	13
chr6	 70650000	 72500000	37
chr6	 73300000	 75350000	41
chr6	 74150000	 75050000	18
chr6	 80150000	 80950000	16
chr6	 83150000	 81150000	40
chr6	 84600000	 83550000	21
chr6	 85300000	 84450000	17
chr6	 87000000	 88000000	20
chr6	 88650000	 89950000	26
chr6	 89700000	 89700000	0
chr6	 90150000	 92050000	38
chr6	 90950000	 89500000	29
chr6	 92900000	 93800000	18
chr6	 93900000	 92500000	28
chr6	 94350000	 96400000	41
chr6	 96500000	 97250000	15
chr6	 97500000	 96350000	23
chr6	 98050000	 97300000	15
chr6	 99500000	100700000	24
chr6	103800000	104950000	23
chr6	104750000	106250000	30
chr6	106450000	106850000	8
chr6	109900000	110300000	8
chr6	116850000	117600000	15
chr6	119950000	119350000	12
chr6	120950000	122150000	24
chr6	121100000	122500000	28
chr6	121500000	120550000	19
chr6	123550000	122850000	14
chr6	124400000	125600000	24
chr6	127200000	126200000	20
chr6	130600000	130150000	9
chr6	131550000	133450000	38
chr6	132600000	133550000	19
chr6	135150000	135700000	11
chr6	135650000	136000000	7
chr6	136750000	137550000	16
chr6	139250000	138150000	22
chr6	142750000	143950000	24
chr6	143300000	144250000	19
chr6	145200000	143150000	41
chr6	146000000	148750000	55
chr6	146400000	145700000	14
chr6	147300000	148750000	29
chr6	147450000	149200000	35
chr7	  2700000	   950000	35
chr7	  2900000	  1900000	20
chr7	  4000000	  3100000	18
chr7	  5250000	  5800000	11
chr7	  5950000	  6500000	11
chr7	  6450000	  6950000	10
chr7	 10450000	 11550000	22
chr7	 11600000	 12700000	22
chr7	 11750000	 11450000	6
chr7	 11950000	 13100000	23
chr7	 13600000	 14550000	19
chr7	 14400000	 14750000	7
chr7	 21450000	 19950000	30
chr7	 23600000	 22300000	26
chr7	 25700000	 26550000	17
chr7	 29300000	 30550000	25
chr7	 29800000	 29000000	16
chr7	 31200000	 33800000	52
chr7	 35200000	 37550000	47
chr7	 37000000	 37550000	11
chr7	 37750000	 39250000	30
chr7	 38850000	 39750000	18
chr7	 39300000	 40350000	21
chr7	 47900000	 46000000	38
chr7	 51600000	 52400000	16
chr7	 57350000	 58600000	25
chr7	 61750000	 60250000	30
chr7	 63600000	 65150000	31
chr7	 65050000	 65950000	18
chr7	 67150000	 68850000	34
chr7	 67650000	 68500000	17
chr7	 75950000	 74850000	22
chr7	 76950000	 76450000	10
chr7	 77500000	 78900000	28
chr7	 78500000	 79000000	10
chr7	 83650000	 82400000	25
chr7	 83700000	 84950000	25
chr7	 87750000	 89100000	27
chr7	 89100000	 88400000	14
chr7	 90600000	 91700000	22
chr7	 90900000	 88750000	43
chr7	 92000000	 91400000	12
chr7	 92750000	 92400000	7
chr7	 92800000	 91850000	19
chr7	 92850000	 93650000	16
chr7	 95200000	 94250000	19
chr7	 97500000	 99100000	32
chr7	 98650000	 96850000	36
chr7	100750000	101150000	8
chr7	103900000	104650000	15
chr7	104300000	105050000	15
chr7	107000000	105150000	37
chr7	110350000	110950000	12
chr7	111150000	112400000	25
chr7	111650000	108700000	59
chr7	111650000	110850000	16
chr7	112950000	113900000	19
chr7	113000000	116500000	70
chr7	115650000	116700000	21
chr7	117500000	118350000	17
chr7	118150000	116750000	28
chr7	120550000	119700000	17
chr7	122200000	120550000	33
chr7	122650000	123350000	14
chr7	122900000	120250000	53
chr7	131250000	130300000	19
chr7	132700000	132300000	8
chr7	133700000	134900000	24
chr7	136750000	137350000	12
chr7	138350000	137400000	19
chr7	139100000	141900000	56
chr7	140700000	140250000	9
chr7	140800000	141550000	15
chr7	142850000	139600000	65
chr8	  1000000	  2200000	24
chr8	  4550000	  5050000	10
chr8	  5450000	  4750000	14
chr8	  7850000	  6200000	33
chr8	 11750000	 14100000	47
chr8	 12100000	 12750000	13
chr8	 13000000	 12300000	14
chr8	 14050000	 14400000	7
chr8	 16250000	 17600000	27
chr8	 18500000	 18800000	6
chr8	 20950000	 21850000	18
chr8	 27500000	 26700000	16
chr8	 28500000	 30250000	35
chr8	 38150000	 36800000	27
chr8	 38150000	 36950000	24
chr8	 39350000	 42550000	64
chr8	 45800000	 45250000	11
chr8	 49900000	 50450000	11
chr8	 50300000	 52050000	35
chr8	 50700000	 51100000	8
chr8	 51750000	 50700000	21
chr8	 52400000	 54700000	46
chr8	 52650000	 52200000	9
chr8	 53950000	 53500000	9
chr8	 54150000	 54350000	4
chr8	 59950000	 60800000	17
chr8	 60100000	 57700000	48
chr8	 61950000	 60850000	22
chr8	 62750000	 63450000	14
chr8	 66300000	 63900000	48
chr8	 66500000	 65700000	16
chr8	 70250000	 69400000	17
chr8	 79800000	 81450000	33
chr8	 87450000	 89250000	36
chr8	 87600000	 86500000	22
chr8	 91500000	 92000000	10
chr8	 93150000	 92650000	10
chr8	 94900000	 95250000	7
chr8	 99150000	100350000	24
chr8	 99450000	 98750000	14
chr8	101800000	103100000	26
chr8	102300000	101750000	11
chr8	106450000	106250000	4
chr8	110050000	108250000	36
chr8	111700000	112950000	25
chr8	111750000	110850000	18
chr8	114750000	116150000	28
chr8	117000000	117400000	8
chr8	119100000	118800000	6
chr8	119150000	120550000	28
chr8	121750000	120450000	26
chr8	126350000	125650000	14
chr8	127250000	124600000	53
chr8	128350000	127050000	26
chr9	  4450000	  5950000	30
chr9	  6300000	  5150000	23
chr9	 10500000	 10050000	9
chr9	 11600000	 12300000	14
chr9	 11900000	 10850000	21
chr9	 25850000	 23100000	55
chr9	 28200000	 28550000	7
chr9	 28800000	 26600000	44
chr9	 31350000	 30400000	19
chr9	 31550000	 32350000	16
chr9	 33250000	 34300000	21
chr9	 37200000	 38250000	21
chr9	 38050000	 38800000	15
chr9	 38100000	 36750000	27
chr9	 38500000	 37000000	30
chr9	 40150000	 40850000	14
chr9	 41350000	 40950000	8
chr9	 41750000	 43350000	32
chr9	 43700000	 45200000	30
chr9	 45500000	 46000000	10
chr9	 50000000	 49300000	14
chr9	 51250000	 50800000	9
chr9	 51900000	 51050000	17
chr9	 51950000	 50450000	30
chr9	 57300000	 58700000	28
chr9	 59100000	 59750000	13
chr9	 59450000	 58600000	17
chr9	 59650000	 61400000	35
chr9	 60500000	 61200000	14
chr9	 62100000	 60550000	31
chr9	 62800000	 61350000	29
chr9	 64350000	 67600000	65
chr9	 64450000	 63800000	13
chr9	 68350000	 69150000	16
chr9	 70150000	 68100000	41
chr9	 73700000	 74650000	19
chr9	 74700000	 76400000	34
chr9	 75250000	 76450000	24
chr9	 76500000	 77500000	20
chr9	 78000000	 75700000	46
chr9	 78700000	 80450000	35
chr9	 78800000	 79500000	14
chr9	 85350000	 84000000	27
chr9	 87350000	 89150000	36
chr9	 88550000	 89300000	15
chr9	 88950000	 89500000	11
chr9	 90150000	 89550000	12
chr9	 90450000	 89950000	10
chr9	 90500000	 91550000	21
chr9	 91350000	 90100000	25
chr9	 92100000	 90900000	24
chr9	 93050000	 92200000	17
chr9	 93200000	 91750000	29
chr9	 93750000	 94750000	20
chr9	 94100000	 93450000	13
chr9	 96750000	 98300000	31
chr9	 97950000	 97150000	16
chr9	100400000	102050000	33
chr9	101350000	104350000	60
chr9	103150000	101750000	28
chr9	106050000	106800000	15
chr9	106400000	103850000	51
chr9	106650000	105500000	23
chr9	108950000	108050000	18
chr9	109100000	110150000	21
chr9	112050000	113850000	36
chr9	112800000	113250000	9
chr9	115500000	116050000	11
chr9	119500000	119700000	4
chr9	121550000	122900000	27
chr9	122600000	123900000	26
chr9	123950000	122950000	20
chrX	  2550000	  1600000	19
chrX	  2650000	  4100000	29
chrX	  3050000	  4200000	23
chrX	  8600000	 10850000	45
chrX	 11850000	 12250000	8
chrX	 13850000	 12900000	19
chrX	 14400000	 15450000	21
chrX	 19100000	 20200000	22
chrX	 19300000	 22950000	73
chrX	 20900000	 19850000	21
chrX	 21000000	 19950000	21
chrX	 21300000	 20850000	9
chrX	 27150000	 29300000	43
chrX	 39550000	 39900000	7
chrX	 41350000	 40150000	24
chrX	 45100000	 47150000	41
chrX	 46150000	 44400000	35
chrX	 46300000	 46900000	12
chrX	 53450000	 54600000	23
chrX	 54150000	 53100000	21
chrX	 54950000	 53600000	27
chrX	 56700000	 57300000	12
chrX	 58850000	 60450000	32
chrX	 60250000	 58800000	29
chrX	 64500000	 63750000	15
chrX	 64650000	 63650000	20
chrX	 65300000	 64850000	9
chrX	 65400000	 67950000	51
chrX	 74350000	 75300000	19
chrX	 74550000	 75000000	9
chrX	 75400000	 74950000	9
chrX	 75700000	 76450000	15
chrX	 78750000	 79300000	11
chrX	 80950000	 82550000	32
chrX	 81200000	 79350000	37
chrX	 82700000	 82250000	9
chrX	 83450000	 84050000	12
chrX	 85050000	 85300000	5
chrX	 95100000	 95950000	17
chrX	 96750000	 94250000	50
chrX	101500000	102700000	24
chrX	101950000	 99850000	42
chrX	105300000	103250000	41
chrX	107650000	108750000	22
chrX	111200000	111900000	14
chrX	113300000	114600000	26
chrX	114100000	114700000	12
chrX	117100000	115250000	37
chrX	117400000	118650000	25
chrX	122000000	122000000	0
chrX	122350000	125250000	58
chrX	126850000	131400000	91
chrX	126950000	126150000	16
chrX	133750000	134450000	14
chrX	137450000	140200000	55
chrX	138600000	137050000	31
chrX	138900000	138300000	12
chrX	140600000	139300000	26
chrX	142650000	144150000	30
chrX	145400000	146150000	15
chrX	145550000	144400000	23
chrX	145750000	146700000	19
chrX	146200000	145650000	11
chrX	147000000	145000000	40
chrX	147250000	148200000	19
chrX	147700000	148600000	18
chrX	150850000	150400000	9
chrX	151200000	150450000	15
chrX	158350000	156000000	47
chrX	159200000	160850000	33
chrX	162200000	160500000	34
chrX	162800000	161750000	21
chrX	163800000	166000000	44
chrX	164600000	166200000	32
chrX	165100000	164300000	16
chrY	   350000	  3250000	58
chrY	  1550000	  2100000	11
chrY	  4750000	  4200000	11
chrY	  5450000	  6100000	13
chrY	 11450000	 11750000	6
chrY	 12450000	 13250000	16
chrY	 12800000	 13650000	17
chrY	 13500000	 15200000	34
chrY	 13950000	 12500000	29
chrY	 17400000	 13550000	77
chrY	 20400000	 21150000	15
chrY	 21250000	 22350000	22
chrY	 26300000	 25050000	25
chrY	 28100000	 29350000	25
chrY	 33050000	 30600000	49
chrY	 33850000	 34850000	20
chrY	 34550000	 36000000	29
chrY	 37100000	 35750000	27
chrY	 38300000	 39950000	33
chrY	 40000000	 41450000	29
chrY	 40600000	 39900000	14
chrY	 42000000	 41350000	13
chrY	 45900000	 44350000	31
chrY	 46400000	 45400000	20
chrY	 46750000	 46450000	6
chrY	 46800000	 44850000	39
chrY	 50850000	 49250000	32
chrY	 52000000	 52500000	10
chrY	 53600000	 52150000	29
chrY	 57250000	 55250000	40
chrY	 59450000	 57950000	30
chrY	 59900000	 61200000	26
chrY	 62200000	 64650000	49
chrY	 64700000	 64150000	11
chrY	 65600000	 68050000	49
chrY	 67700000	 69450000	35
chrY	 71050000	 70600000	9
chrY	 71550000	 73150000	32
chrY	 73800000	 73350000	9
chrY	 75250000	 75550000	6
chrY	 75750000	 77400000	33
chrY	 77150000	 77600000	9
chrY	 81000000	 81650000	13
chrY	 82600000	 82150000	9
chrY	 83200000	 82600000	12
chrY	 83950000	 83500000	9
chrY	 85650000	 84900000	15
chrY	 86400000	 87700000	26
chrY	 88450000	 87850000	12
chrY	 90050000	 91500000	29
chrY	 90400000	 89150000	25
