chr1	        0	   750000	15
chr1	  3200000	  4000000	16
chr1	  4200000	  6300000	42
chr1	  5550000	  6300000	15
chr1	  6550000	  8650000	42
chr1	  8850000	  8050000	16
chr1	  9000000	  7450000	31
chr1	  9950000	 10900000	19
chr1	 11800000	 10350000	29
chr1	 15500000	 16500000	20
chr1	 16450000	 17650000	24
chr1	 17650000	 16550000	22
chr1	 19950000	 16600000	67
chr1	 25150000	 24350000	16
chr1	 27550000	 28100000	11
chr1	 28800000	 30200000	28
chr1	 30200000	 31000000	16
chr1	 33450000	 34750000	26
chr1	 33750000	 33300000	9
chr1	 33750000	 34150000	8
chr1	 33800000	 34350000	11
chr1	 36950000	 37650000	14
chr1	 37050000	 40650000	72
chr1	 38150000	 37300000	17
chr1	 41500000	 42800000	26
chr1	 44550000	 42100000	49
chr1	 47500000	 46150000	27
chr1	 48350000	 48800000	9
chr1	 49300000	 51650000	47
chr1	 52050000	 54050000	40
chr1	 55300000	 53200000	42
chr1	 59700000	 59950000	5
chr1	 59750000	 60150000	8
chr1	 60050000	 58400000	33
chr1	 60300000	 60800000	10
chr1	 63850000	 64650000	16
chr1	 64900000	 65550000	13
chr1	 66950000	 68350000	28
chr1	 67700000	 67950000	5
chr1	 68750000	 70550000	36
chr1	 70200000	 71200000	20
chr1	 74150000	 75700000	31
chr1	 76700000	 78900000	44
chr1	 86000000	 86600000	12
chr1	 87050000	 85650000	28
chr1	 88750000	 90400000	33
chr1	 89650000	 90300000	13
chr1	 90450000	 89800000	13
chr1	 91100000	 92550000	29
chr1	 92300000	 91450000	17
chr1	 99750000	101500000	35
chr1	100150000	 98350000	36
chr1	101000000	102900000	38
chr1	101150000	 99750000	28
chr1	101800000	100300000	30
chr1	103450000	105200000	35
chr1	103700000	105200000	30
chr1	106500000	106050000	9
chr1	107150000	107900000	15
chr1	107200000	107200000	0
chr1	107200000	108850000	33
chr1	108550000	107500000	21
chr1	109650000	110150000	10
chr1	109950000	111050000	22
chr1	110100000	111750000	33
chr1	117850000	118850000	20
chr1	119300000	120050000	15
chr1	119600000	118600000	20
chr1	120450000	118650000	36
chr1	123650000	124550000	18
chr1	127550000	128500000	19
chr1	128450000	127900000	11
chr1	129150000	127750000	28
chr1	132450000	131400000	21
chr1	133350000	134500000	23
chr1	135950000	135000000	19
chr1	137800000	136250000	31
chr1	138050000	139700000	33
chr1	139100000	139100000	0
chr1	143350000	141850000	30
chr1	149650000	148800000	17
chr1	150400000	149550000	17
chr1	152900000	151800000	22
chr1	153900000	154550000	13
chr1	154100000	153400000	14
chr1	158250000	160000000	35
chr1	159550000	159100000	9
chr1	159700000	161250000	31
chr1	164550000	163100000	29
chr1	168200000	169550000	27
chr1	170000000	169150000	17
chr1	172650000	171550000	22
chr1	173600000	173050000	11
chr1	175900000	173700000	44
chr1	181050000	183050000	40
chr1	181350000	184350000	60
chr1	189550000	189000000	11
chr1	191500000	186950000	91
chr1	191850000	189850000	40
chr1	195050000	194150000	18
chr10	  3650000	  4400000	15
chr10	  6600000	  5850000	15
chr10	  8100000	  7250000	17
chr10	  8300000	  6550000	35
chr10	  8500000	  9750000	25
chr10	  9800000	  9050000	15
chr10	 11900000	 10750000	23
chr10	 11950000	  9550000	48
chr10	 12900000	 11850000	21
chr10	 13450000	 14650000	24
chr10	 14150000	 13700000	9
chr10	 14650000	 13700000	19
chr10	 15150000	 15550000	8
chr10	 20850000	 20250000	12
chr10	 21150000	 20950000	4
chr10	 27350000	 28400000	21
chr10	 27600000	 28600000	20
chr10	 27650000	 27900000	5
chr10	 28350000	 27300000	21
chr10	 28400000	 29900000	30
chr10	 28900000	 27100000	36
chr10	 29900000	 30350000	9
chr10	 31200000	 31700000	10
chr10	 32350000	 31350000	20
chr10	 32400000	 33300000	18
chr10	 33250000	 31550000	34
chr10	 38950000	 39500000	11
chr10	 40050000	 41000000	19
chr10	 46750000	 44900000	37
chr10	 50050000	 50400000	7
chr10	 50500000	 48550000	39
chr10	 51400000	 51950000	11
chr10	 52350000	 53050000	14
chr10	 54800000	 54000000	16
chr10	 58450000	 57450000	20
chr10	 59150000	 60000000	17
chr10	 60650000	 59250000	28
chr10	 62950000	 65400000	49
chr10	 65950000	 66900000	19
chr10	 68050000	 66900000	23
chr10	 69200000	 71500000	46
chr10	 72050000	 73500000	29
chr10	 77800000	 79700000	38
chr10	 78150000	 77650000	10
chr10	 78600000	 78250000	7
chr10	 79800000	 79400000	8
chr10	 84900000	 83600000	26
chr10	 85600000	 86100000	10
chr10	 86350000	 85250000	22
chr10	 86800000	 87200000	8
chr10	 87050000	 87850000	16
chr10	 88650000	 89800000	23
chr10	 97450000	 96850000	12
chr10	105700000	106100000	8
chr10	110850000	110550000	6
chr10	112800000	112350000	9
chr10	113000000	112550000	9
chr10	114300000	113800000	10
chr10	114450000	115750000	26
chr10	120000000	119350000	13
chr10	121200000	119700000	30
chr10	121200000	122950000	35
chr10	127850000	127000000	17
chr11	  1150000	   450000	14
chr11	  3250000	  2000000	25
chr11	  4850000	  5950000	22
chr11	  5800000	  7050000	25
chr11	  9100000	 10400000	26
chr11	  9300000	 10750000	29
chr11	 12000000	 12350000	7
chr11	 24150000	 23500000	13
chr11	 25300000	 26400000	22
chr11	 26350000	 28050000	34
chr11	 30300000	 29800000	10
chr11	 32250000	 31150000	22
chr11	 34550000	 33800000	15
chr11	 36800000	 36000000	16
chr11	 37950000	 37050000	18
chr11	 43400000	 44700000	26
chr11	 46500000	 48300000	36
chr11	 47800000	 48850000	21
chr11	 49650000	 48600000	21
chr11	 50000000	 50550000	11
chr11	 51350000	 52700000	27
chr11	 52600000	 53500000	18
chr11	 53200000	 52300000	18
chr11	 55250000	 54450000	16
chr11	 55900000	 54600000	26
chr11	 57650000	 55950000	34
chr11	 58400000	 56450000	39
chr11	 61900000	 60300000	32
chr11	 68400000	 69750000	27
chr11	 70800000	 71200000	8
chr11	 70850000	 72550000	34
chr11	 72100000	 70650000	29
chr11	 72600000	 73900000	26
chr11	 72800000	 71450000	27
chr11	 78250000	 79950000	34
chr11	 78600000	 79200000	12
chr11	 79200000	 77950000	25
chr11	 79450000	 77400000	41
chr11	 79550000	 81200000	33
chr11	 80450000	 82700000	45
chr11	 80500000	 79800000	14
chr11	 82300000	 83050000	15
chr11	 85650000	 86350000	14
chr11	 92050000	 90850000	24
chr11	 93200000	 91050000	43
chr11	 93550000	 92800000	15
chr11	 93550000	 94500000	19
chr11	 94050000	 96500000	49
chr11	 94900000	 93250000	33
chr11	 95200000	 94400000	16
chr11	 95950000	 94350000	32
chr11	 96950000	 95250000	34
chr11	 97750000	 96150000	32
chr11	 98150000	 99150000	20
chr11	 98300000	 99100000	16
chr11	100650000	101450000	16
chr11	102950000	103850000	18
chr11	104650000	102450000	44
chr11	104850000	106650000	36
chr11	106700000	106350000	7
chr11	108450000	108150000	6
chr11	109750000	110600000	17
chr11	111000000	109900000	22
chr11	111500000	110800000	14
chr11	112500000	113300000	16
chr11	114500000	113950000	11
chr11	115600000	116500000	18
chr11	117350000	116600000	15
chr11	118500000	119750000	25
chr11	119450000	118500000	19
chr11	120550000	119900000	13
chr12	   850000	  1700000	17
chr12	  2550000	  1800000	15
chr12	  3350000	  4700000	27
chr12	  4200000	  6700000	50
chr12	  5900000	  4900000	20
chr12	  5950000	  6300000	7
chr12	  9100000	 11150000	41
chr12	 10400000	  8100000	46
chr12	 10850000	 10250000	12
chr12	 12550000	 11050000	30
chr12	 12550000	 11600000	19
chr12	 12750000	 14000000	25
chr12	 15950000	 15050000	18
chr12	 16250000	 17250000	20
chr12	 17850000	 18750000	18
chr12	 18650000	 19750000	22
chr12	 19700000	 18250000	29
chr12	 20200000	 19600000	12
chr12	 20300000	 19750000	11
chr12	 21450000	 19700000	35
chr12	 25950000	 26850000	18
chr12	 27050000	 25850000	24
chr12	 27500000	 26500000	20
chr12	 28600000	 29200000	12
chr12	 29100000	 27000000	42
chr12	 31100000	 30450000	13
chr12	 31950000	 31300000	13
chr12	 34400000	 33400000	20
chr12	 34800000	 35300000	10
chr12	 37500000	 36650000	17
chr12	 38050000	 38900000	17
chr12	 38500000	 37450000	21
chr12	 40450000	 38500000	39
chr12	 45750000	 48350000	52
chr12	 47850000	 47250000	12
chr12	 48850000	 49600000	15
chr12	 53150000	 53900000	15
chr12	 53850000	 53200000	13
chr12	 58200000	 57600000	12
chr12	 61350000	 58550000	56
chr12	 61350000	 60150000	24
chr12	 62700000	 64800000	42
chr12	 65500000	 66600000	22
chr12	 67250000	 65200000	41
chr12	 67450000	 67800000	7
chr12	 71250000	 71950000	14
chr12	 71950000	 71550000	8
chr12	 76650000	 78150000	30
chr12	 76850000	 78050000	24
chr12	 78000000	 77100000	18
chr12	 78700000	 78050000	13
chr12	 78700000	 80100000	28
chr12	 78950000	 80200000	25
chr12	 88000000	 90300000	46
chr12	 91000000	 89650000	27
chr12	 91800000	 91400000	8
chr12	 93650000	 95250000	32
chr12	 95550000	 94450000	22
chr12	 98750000	 97850000	18
chr12	 99200000	 97900000	26
chr12	100750000	102150000	28
chr12	101500000	 99100000	48
chr12	101700000	103150000	29
chr12	103250000	100400000	57
chr12	104750000	103850000	18
chr12	105050000	101800000	65
chr12	105200000	106900000	34
chr12	106950000	109200000	45
chr12	107350000	108750000	28
chr12	107500000	108650000	23
chr12	115650000	116700000	21
chr13	  1200000	  2150000	19
chr13	  2400000	  1150000	25
chr13	  5500000	  7050000	31
chr13	  6000000	  4850000	23
chr13	  7400000	  5800000	32
chr13	  7650000	  6450000	24
chr13	  7800000	  6650000	23
chr13	 12700000	 11250000	29
chr13	 13600000	 14000000	8
chr13	 14500000	 15550000	21
chr13	 16800000	 18800000	40
chr13	 19050000	 18050000	20
chr13	 19850000	 18750000	22
chr13	 21400000	 22200000	16
chr13	 21600000	 20500000	22
chr13	 21600000	 21150000	9
chr13	 24100000	 24500000	8
chr13	 24250000	 23100000	23
chr13	 26600000	 28000000	28
chr13	 29000000	 28200000	16
chr13	 30100000	 29100000	20
chr13	 31150000	 29100000	41
chr13	 32300000	 30300000	40
chr13	 32750000	 30800000	39
chr13	 38900000	 37900000	20
chr13	 40850000	 39850000	20
chr13	 42350000	 41400000	19
chr13	 45900000	 46900000	20
chr13	 46550000	 45450000	22
chr13	 47750000	 48050000	6
chr13	 48100000	 48900000	16
chr13	 48850000	 48150000	14
chr13	 49400000	 46700000	54
chr13	 51950000	 53500000	31
chr13	 54100000	 51450000	53
chr13	 54500000	 56250000	35
chr13	 54700000	 53350000	27
chr13	 56150000	 57700000	31
chr13	 57000000	 59050000	41
chr13	 57450000	 57900000	9
chr13	 58100000	 58000000	2
chr13	 63650000	 65600000	39
chr13	 63700000	 63050000	13
chr13	 63850000	 65500000	33
chr13	 64300000	 65650000	27
chr13	 67350000	 69000000	33
chr13	 68400000	 70150000	35
chr13	 71900000	 73450000	31
chr13	 82300000	 83000000	14
chr13	 83400000	 82900000	10
chr13	 85050000	 83950000	22
chr13	 85350000	 86650000	26
chr13	 89850000	 88450000	28
chr13	 90750000	 90200000	11
chr13	 95500000	 93800000	34
chr13	 95850000	 98050000	44
chr13	104650000	105850000	24
chr13	105050000	107000000	39
chr13	105300000	104150000	23
chr13	106250000	103350000	58
chr13	110900000	113150000	45
chr13	111350000	111950000	12
chr13	112900000	111900000	20
chr13	114450000	115300000	17
chr13	114900000	116600000	34
chr13	116350000	118000000	33
chr13	116700000	114800000	38
chr13	119000000	117650000	27
chr14	  1200000	  2100000	18
chr14	  3750000	  4900000	23
chr14	  5650000	  6900000	25
chr14	  5700000	  7350000	33
chr14	  7200000	  8350000	23
chr14	 10650000	 10000000	13
chr14	 10650000	 11650000	20
chr14	 17550000	 16500000	21
chr14	 24000000	 24750000	15
chr14	 26650000	 25850000	16
chr14	 30800000	 32100000	26
chr14	 32300000	 33850000	31
chr14	 38350000	 39200000	17
chr14	 45500000	 44450000	21
chr14	 47400000	 49900000	50
chr14	 48150000	 47200000	19
chr14	 48850000	 47700000	23
chr14	 52500000	 52800000	6
chr14	 61200000	 62000000	16
chr14	 61300000	 60550000	15
chr14	 62500000	 61500000	20
chr14	 67200000	 66400000	16
chr14	 69500000	 70400000	18
chr14	 70650000	 72100000	29
chr14	 71450000	 69950000	30
chr14	 71600000	 72600000	20
chr14	 77000000	 76250000	15
chr14	 77600000	 78300000	14
chr14	 78700000	 79150000	9
chr14	 79800000	 80150000	7
chr14	 95650000	 94850000	16
chr14	 98000000	 99350000	27
chr14	 98050000	100000000	39
chr14	 98300000	 97150000	23
chr14	101750000	102350000	12
chr14	103300000	102600000	14
chr14	103550000	104750000	24
chr14	104050000	102100000	39
chr14	105650000	104500000	23
chr14	109700000	109200000	10
chr14	117350000	116450000	18
chr14	117600000	116300000	26
chr14	117850000	116150000	34
chr14	120000000	119400000	12
chr15	  4450000	  3550000	18
chr15	  6350000	  6950000	12
chr15	  8350000	  6950000	28
chr15	  9800000	  8500000	26
chr15	 11850000	 13250000	28
chr15	 15000000	 14200000	16
chr15	 16050000	 16650000	12
chr15	 16750000	 16750000	0
chr15	 18550000	 18100000	9
chr15	 20850000	 19800000	21
chr15	 23100000	 24250000	23
chr15	 24200000	 25650000	29
chr15	 24800000	 24100000	14
chr15	 25650000	 26700000	21
chr15	 28500000	 27350000	23
chr15	 34750000	 33900000	17
chr15	 36200000	 37050000	17
chr15	 37050000	 38250000	24
chr15	 40650000	 41100000	9
chr15	 44600000	 42350000	45
chr15	 46600000	 49150000	51
chr15	 51750000	 51550000	4
chr15	 52750000	 52100000	13
chr15	 53250000	 51350000	38
chr15	 56650000	 54850000	36
chr15	 57600000	 58900000	26
chr15	 58700000	 58000000	14
chr15	 60350000	 60000000	7
chr15	 60500000	 60100000	8
chr15	 61450000	 60700000	15
chr15	 65850000	 64700000	23
chr15	 66100000	 64750000	27
chr15	 73450000	 71750000	34
chr15	 77250000	 79400000	43
chr15	 77750000	 76950000	16
chr15	 78750000	 79300000	11
chr15	 83150000	 83650000	10
chr15	 83700000	 82000000	34
chr15	 85400000	 85400000	0
chr15	 91600000	 90550000	21
chr15	 91650000	 90100000	31
chr15	 92800000	 91150000	33
chr15	 93850000	 89250000	92
chr15	 95050000	 95850000	16
chr15	 95500000	 94150000	27
chr15	100600000	101250000	13
chr15	103000000	101800000	24
chr16	  1200000	  1950000	15
chr16	  2150000	  1150000	20
chr16	  2450000	  1200000	25
chr16	  5200000	  4300000	18
chr16	  6400000	  4300000	42
chr16	  6950000	  6450000	10
chr16	  8750000	 10500000	35
chr16	  9900000	 11600000	34
chr16	 11550000	 10200000	27
chr16	 14250000	 15550000	26
chr16	 16000000	 16400000	8
chr16	 19100000	 18900000	4
chr16	 20650000	 19800000	17
chr16	 21500000	 20600000	18
chr16	 24150000	 25050000	18
chr16	 25900000	 26500000	12
chr16	 29800000	 30500000	14
chr16	 30100000	 31300000	24
chr16	 34550000	 33800000	15
chr16	 36050000	 36050000	0
chr16	 37050000	 37400000	7
chr16	 37950000	 39400000	29
chr16	 38600000	 37450000	23
chr16	 40100000	 40600000	10
chr16	 43450000	 43000000	9
chr16	 44100000	 42500000	32
chr16	 48300000	 49100000	16
chr16	 48800000	 47350000	29
chr16	 49250000	 48150000	22
chr16	 49650000	 50200000	11
chr16	 50050000	 48800000	25
chr16	 54050000	 55550000	30
chr16	 54200000	 53250000	19
chr16	 55500000	 56850000	27
chr16	 57950000	 56350000	32
chr16	 59500000	 60150000	13
chr16	 61250000	 60000000	25
chr16	 63700000	 64250000	11
chr16	 63800000	 62750000	21
chr16	 63900000	 65350000	29
chr16	 65150000	 64700000	9
chr16	 68700000	 68150000	11
chr16	 71050000	 72400000	27
chr16	 75050000	 75650000	12
chr16	 75350000	 76850000	30
chr16	 76200000	 76700000	10
chr16	 78400000	 79300000	18
chr16	 80250000	 81650000	28
chr16	 81050000	 81650000	12
chr16	 89900000	 90950000	21
chr16	 90750000	 91950000	24
chr16	 93800000	 94950000	23
chr16	 96050000	 97500000	29
chr16	 97700000	 98000000	6
chr16	 98200000	 97350000	17
chr17	  2050000	  3800000	35
chr17	  2150000	  3350000	24
chr17	  3500000	  3100000	8
chr17	  7550000	  6950000	12
chr17	  7600000	  7050000	11
chr17	  7850000	  6600000	25
chr17	 10600000	 12450000	37
chr17	 11700000	 10750000	19
chr17	 12100000	 13650000	31
chr17	 13350000	 11750000	32
chr17	 15350000	 18550000	64
chr17	 18100000	 18800000	14
chr17	 23000000	 22400000	12
chr17	 27800000	 28600000	16
chr17	 28400000	 30250000	37
chr17	 28450000	 27600000	17
chr17	 30250000	 33000000	55
chr17	 32000000	 30700000	26
chr17	 34700000	 35950000	25
chr17	 38450000	 38450000	0
chr17	 42600000	 41600000	20
chr17	 43600000	 42750000	17
chr17	 46200000	 46900000	14
chr17	 47600000	 44850000	55
chr17	 52450000	 55000000	51
chr17	 52800000	 53650000	17
chr17	 53350000	 55050000	34
chr17	 60850000	 60250000	12
chr17	 65650000	 67050000	28
chr17	 71350000	 72400000	21
chr17	 76050000	 76600000	11
chr17	 76150000	 75450000	14
chr17	 78900000	 79800000	18
chr17	 79950000	 80450000	10
chr17	 84200000	 84650000	9
chr17	 85200000	 84800000	8
chr17	 85550000	 85900000	7
chr17	 86800000	 89200000	48
chr17	 94200000	 92700000	30
chr18	  6150000	  6900000	15
chr18	  9100000	  8350000	15
chr18	 14300000	 16200000	38
chr18	 16950000	 14850000	42
chr18	 19650000	 17950000	34
chr18	 19900000	 21400000	30
chr18	 21400000	 21700000	6
chr18	 24250000	 25150000	18
chr18	 28050000	 28700000	13
chr18	 29250000	 30000000	15
chr18	 29500000	 30500000	20
chr18	 29800000	 30500000	14
chr18	 30300000	 29400000	18
chr18	 31150000	 33700000	51
chr18	 31850000	 33500000	33
chr18	 32400000	 30700000	34
chr18	 32850000	 31850000	20
chr18	 35300000	 34800000	10
chr18	 35450000	 34050000	28
chr18	 35600000	 34550000	21
chr18	 36350000	 35700000	13
chr18	 37550000	 38100000	11
chr18	 39800000	 40250000	9
chr18	 40150000	 41600000	29
chr18	 41900000	 40300000	32
chr18	 42300000	 41800000	10
chr18	 42300000	 42500000	4
chr18	 43300000	 42550000	15
chr18	 44350000	 43700000	13
chr18	 46300000	 45600000	14
chr18	 49000000	 48550000	9
chr18	 50900000	 49900000	20
chr18	 51300000	 52550000	25
chr18	 52950000	 52150000	16
chr18	 53450000	 52700000	15
chr18	 54150000	 53750000	8
chr18	 54350000	 55750000	28
chr18	 55150000	 55850000	14
chr18	 57000000	 56300000	14
chr18	 57200000	 56650000	11
chr18	 58550000	 60950000	48
chr18	 59550000	 58650000	18
chr18	 59900000	 60250000	7
chr18	 60400000	 59300000	22
chr18	 62200000	 60900000	26
chr18	 63600000	 62550000	21
chr18	 66100000	 65350000	15
chr18	 74150000	 73700000	9
chr18	 74600000	 73600000	20
chr18	 75600000	 74700000	18
chr18	 77950000	 76200000	35
chr18	 80750000	 81300000	11
chr18	 81150000	 80250000	18
chr18	 81150000	 80550000	12
chr18	 81350000	 81550000	4
chr18	 81450000	 82500000	21
chr18	 85100000	 86150000	21
chr18	 85350000	 86500000	23
chr18	 86650000	 86050000	12
chr18	 88600000	 87500000	22
chr18	 88900000	 89750000	17
chr18	 90150000	 88850000	26
chr19	  1750000	  2300000	11
chr19	  1950000	  4000000	41
chr19	  3850000	  2400000	29
chr19	  5750000	  7750000	40
chr19	  5900000	  5250000	13
chr19	  7250000	  9550000	46
chr19	  9000000	  6900000	42
chr19	 10000000	 10550000	11
chr19	 14900000	 15750000	17
chr19	 15850000	 15150000	14
chr19	 16650000	 15900000	15
chr19	 20550000	 22800000	45
chr19	 23100000	 23950000	17
chr19	 25850000	 26700000	17
chr19	 25900000	 24300000	32
chr19	 27500000	 28500000	20
chr19	 27900000	 26950000	19
chr19	 29100000	 28600000	10
chr19	 29250000	 28400000	17
chr19	 31100000	 31550000	9
chr19	 34900000	 35400000	10
chr19	 37950000	 38600000	13
chr19	 44350000	 44600000	5
chr19	 45700000	 46750000	21
chr19	 47000000	 46450000	11
chr19	 48400000	 50300000	38
chr19	 50200000	 50550000	7
chr19	 51300000	 52750000	29
chr19	 55950000	 53800000	43
chr19	 56550000	 57500000	19
chr19	 60050000	 59700000	7
chr19	 60500000	 61150000	13
chr2	  3600000	  4450000	17
chr2	  8700000	  9500000	16
chr2	  9200000	  6150000	61
chr2	  9500000	  7950000	31
chr2	 11250000	 15000000	75
chr2	 13250000	 12000000	25
chr2	 16850000	 18650000	36
chr2	 17550000	 21400000	77
chr2	 19000000	 17800000	24
chr2	 19350000	 17650000	34
chr2	 19500000	 17500000	40
chr2	 21400000	 22750000	27
chr2	 25800000	 27300000	30
chr2	 29150000	 27250000	38
chr2	 31100000	 30500000	12
chr2	 31900000	 31100000	16
chr2	 33100000	 33100000	0
chr2	 37950000	 37250000	14
chr2	 38500000	 36700000	36
chr2	 38650000	 40200000	31
chr2	 43250000	 46800000	71
chr2	 44050000	 42300000	35
chr2	 46800000	 46200000	12
chr2	 47000000	 46650000	7
chr2	 47050000	 47600000	11
chr2	 51950000	 53500000	31
chr2	 53700000	 54300000	12
chr2	 54550000	 54700000	3
chr2	 56050000	 57350000	26
chr2	 62550000	 63100000	11
chr2	 63550000	 62400000	23
chr2	 67550000	 67200000	7
chr2	 67850000	 69650000	36
chr2	 68800000	 67050000	35
chr2	 69500000	 71500000	40
chr2	 74300000	 73050000	25
chr2	 74900000	 75350000	9
chr2	 76650000	 74500000	43
chr2	 79400000	 78700000	14
chr2	 81550000	 82450000	18
chr2	 82100000	 80850000	25
chr2	 88250000	 90900000	53
chr2	 90600000	 91350000	15
chr2	 90700000	 89200000	30
chr2	 92900000	 93700000	16
chr2	100850000	100550000	6
chr2	101050000	100050000	20
chr2	104750000	103500000	25
chr2	108050000	109750000	34
chr2	109250000	108700000	11
chr2	110850000	110150000	14
chr2	111000000	109850000	23
chr2	111800000	111200000	12
chr2	114800000	114300000	10
chr2	116600000	114950000	33
chr2	116600000	115600000	20
chr2	117000000	116500000	10
chr2	117200000	117850000	13
chr2	121500000	120300000	24
chr2	123650000	122800000	17
chr2	126750000	127150000	8
chr2	127900000	126650000	25
chr2	131650000	132850000	24
chr2	134700000	133200000	30
chr2	139150000	137900000	25
chr2	139400000	138700000	14
chr2	141150000	142400000	25
chr2	143050000	144250000	24
chr2	148850000	150750000	38
chr2	152100000	152550000	9
chr2	154250000	154750000	10
chr2	154500000	153200000	26
chr2	157750000	159150000	28
chr2	158250000	158950000	14
chr2	158700000	159350000	13
chr2	163650000	164400000	15
chr2	168150000	168750000	12
chr2	169250000	170500000	25
chr2	170400000	168900000	30
chr2	170500000	172050000	31
chr2	172350000	174200000	37
chr2	176200000	175050000	23
chr2	177050000	177800000	15
chr2	178550000	180550000	40
chr3	  1700000	   750000	19
chr3	  1800000	  1650000	3
chr3	  1900000	  2750000	17
chr3	  6200000	  7200000	20
chr3	  9100000	 10450000	27
chr3	  9750000	  8600000	23
chr3	 13450000	 14700000	25
chr3	 16050000	 17100000	21
chr3	 20000000	 19100000	18
chr3	 25350000	 27300000	39
chr3	 27550000	 28150000	12
chr3	 30650000	 31750000	22
chr3	 32750000	 30950000	36
chr3	 34300000	 35100000	16
chr3	 35550000	 34450000	22
chr3	 38500000	 39100000	12
chr3	 43200000	 43650000	9
chr3	 43400000	 44500000	22
chr3	 47250000	 46600000	13
chr3	 49050000	 49800000	15
chr3	 53000000	 54400000	28
chr3	 53200000	 51500000	34
chr3	 58200000	 55500000	54
chr3	 59000000	 57200000	36
chr3	 61200000	 62350000	23
chr3	 61500000	 62550000	21
chr3	 65750000	 67600000	37
chr3	 70100000	 68500000	32
chr3	 71500000	 69950000	31
chr3	 73750000	 72650000	22
chr3	 74800000	 70150000	93
chr3	 75850000	 74650000	24
chr3	 78100000	 76800000	26
chr3	 78550000	 79300000	15
chr3	 82100000	 81200000	18
chr3	 84850000	 85500000	13
chr3	 86350000	 85150000	24
chr3	 86400000	 87500000	22
chr3	 87350000	 85850000	30
chr3	 90000000	 89200000	16
chr3	 90100000	 91100000	20
chr3	 90600000	 92050000	29
chr3	 93500000	 92950000	11
chr3	 94550000	 93250000	26
chr3	 95400000	 96350000	19
chr3	 97700000	 98800000	22
chr3	 99250000	 99850000	12
chr3	100200000	101150000	19
chr3	103500000	103900000	8
chr3	103750000	102900000	17
chr3	103750000	104450000	14
chr3	107050000	106200000	17
chr3	108550000	109700000	23
chr3	108700000	110050000	27
chr3	110550000	113050000	50
chr3	120550000	120550000	0
chr3	121700000	122800000	22
chr3	123650000	125250000	32
chr3	125000000	124700000	6
chr3	125600000	124850000	15
chr3	125950000	127850000	38
chr3	127700000	127200000	10
chr3	128900000	130200000	26
chr3	129600000	128800000	16
chr3	131350000	132200000	17
chr3	131950000	132400000	9
chr3	132400000	133950000	31
chr3	133550000	132300000	25
chr3	139150000	140000000	17
chr3	142400000	143100000	14
chr3	145850000	146500000	13
chr3	146650000	146150000	10
chr3	147650000	147150000	10
chr3	149600000	149950000	7
chr3	151700000	153550000	37
chr3	152400000	149500000	58
chr3	155850000	156600000	15
chr3	156250000	154750000	30
chr3	156250000	155450000	16
chr3	156950000	155550000	28
chr3	157250000	156450000	16
chr3	158000000	158800000	16
chr4	  3300000	  2800000	10
chr4	  6800000	  7200000	8
chr4	  9200000	 10600000	28
chr4	  9600000	 11900000	46
chr4	  9750000	  8800000	19
chr4	  9900000	 11350000	29
chr4	  9950000	  8800000	23
chr4	 10400000	  8050000	47
chr4	 11600000	 10150000	29
chr4	 11650000	 10900000	15
chr4	 11850000	 13500000	33
chr4	 13150000	 13950000	16
chr4	 15850000	 14500000	27
chr4	 17300000	 14800000	50
chr4	 20500000	 22100000	32
chr4	 20650000	 21650000	20
chr4	 21450000	 22450000	20
chr4	 27250000	 28050000	16
chr4	 28750000	 27350000	28
chr4	 31900000	 31650000	5
chr4	 32750000	 34600000	37
chr4	 34300000	 33850000	9
chr4	 34900000	 35650000	15
chr4	 35000000	 33500000	30
chr4	 35950000	 35250000	14
chr4	 37100000	 35900000	24
chr4	 38450000	 36850000	32
chr4	 44100000	 42650000	29
chr4	 46250000	 44650000	32
chr4	 46800000	 48800000	40
chr4	 50150000	 48850000	26
chr4	 53500000	 52150000	27
chr4	 53600000	 54900000	26
chr4	 55150000	 54250000	18
chr4	 55450000	 55850000	8
chr4	 56400000	 57150000	15
chr4	 57750000	 60500000	55
chr4	 58200000	 60300000	42
chr4	 59700000	 60700000	20
chr4	 61050000	 59300000	35
chr4	 61250000	 61800000	11
chr4	 62150000	 62750000	12
chr4	 63550000	 62400000	23
chr4	 65850000	 64550000	26
chr4	 65850000	 66650000	16
chr4	 65950000	 63900000	41
chr4	 67000000	 65450000	31
chr4	 68300000	 67200000	22
chr4	 68900000	 67800000	22
chr4	 70350000	 68650000	34
chr4	 73750000	 75650000	38
chr4	 75450000	 75750000	6
chr4	 77950000	 79700000	35
chr4	 79900000	 78650000	25
chr4	 81150000	 84100000	59
chr4	 82150000	 81850000	6
chr4	 83500000	 82150000	27
chr4	 83550000	 84500000	19
chr4	 83950000	 83250000	14
chr4	 85450000	 87100000	33
chr4	 86700000	 87700000	20
chr4	 86950000	 89400000	49
chr4	 88900000	 86500000	48
chr4	 89200000	 90150000	19
chr4	 94450000	 93850000	12
chr4	 94900000	 96050000	23
chr4	 96100000	 94450000	33
chr4	101050000	102150000	22
chr4	101200000	102200000	20
chr4	106450000	107150000	14
chr4	110150000	111500000	27
chr4	111400000	110550000	17
chr4	113600000	112200000	28
chr4	113700000	114350000	13
chr4	115150000	113750000	28
chr4	119200000	121550000	47
chr4	119900000	121100000	24
chr4	121650000	120950000	14
chr4	122300000	123300000	20
chr4	123000000	124400000	28
chr4	123600000	121300000	46
chr4	126550000	128450000	38
chr4	128600000	126550000	41
chr4	129350000	127300000	41
chr4	129400000	128600000	16
chr4	129600000	129300000	6
chr4	134000000	134450000	9
chr4	138500000	138150000	7
chr4	142500000	141450000	21
chr4	143400000	144900000	30
chr4	144350000	145950000	32
chr4	144550000	145450000	18
chr4	148250000	146750000	30
chr4	148450000	149250000	16
chr4	148650000	150000000	27
chr4	150300000	148450000	37
chr4	154350000	155150000	16
chr4	154800000	152150000	53
chr4	155800000	156350000	11
chr5	  2400000	   550000	37
chr5	  3200000	  2050000	23
chr5	  4500000	  2300000	44
chr5	  4600000	  5300000	14
chr5	  4800000	  2350000	49
chr5	  7950000	  7400000	11
chr5	  8700000	  9350000	13
chr5	 13600000	 16750000	63
chr5	 13750000	 12650000	22
chr5	 14400000	 13500000	18
chr5	 16050000	 14200000	37
chr5	 17700000	 15850000	37
chr5	 22400000	 22950000	11
chr5	 24800000	 23150000	33
chr5	 24850000	 25600000	15
chr5	 24850000	 25900000	21
chr5	 29050000	 29600000	11
chr5	 30600000	 29950000	13
chr5	 34050000	 35350000	26
chr5	 37000000	 37700000	14
chr5	 39200000	 38250000	19
chr5	 39950000	 38300000	33
chr5	 39950000	 41000000	21
chr5	 40700000	 41600000	18
chr5	 41550000	 42400000	17
chr5	 43200000	 44650000	29
chr5	 46400000	 47500000	22
chr5	 47550000	 48300000	15
chr5	 51900000	 52400000	10
chr5	 54650000	 52300000	47
chr5	 67250000	 68300000	21
chr5	 74200000	 72900000	26
chr5	 77900000	 79250000	27
chr5	 77950000	 79800000	37
chr5	 79450000	 77700000	35
chr5	 80550000	 79350000	24
chr5	 80900000	 82350000	29
chr5	 81550000	 82450000	18
chr5	 84800000	 86350000	31
chr5	 86050000	 86950000	18
chr5	 87800000	 89300000	30
chr5	 89400000	 88850000	11
chr5	 93500000	 91350000	43
chr5	 96900000	 97650000	15
chr5	 98050000	 99050000	20
chr5	 99400000	101150000	35
chr5	100750000	 99950000	16
chr5	105300000	105700000	8
chr5	109350000	112100000	55
chr5	112500000	114200000	34
chr5	114000000	113150000	17
chr5	116250000	116950000	14
chr5	118050000	119700000	33
chr5	121050000	118050000	60
chr5	124950000	125650000	14
chr5	125600000	126300000	14
chr5	126500000	127300000	16
chr5	127150000	126700000	9
chr5	127850000	126500000	27
chr5	128750000	129050000	6
chr5	131800000	131350000	9
chr5	147800000	149350000	31
chr5	148450000	147900000	11
chr6	  2700000	  3900000	24
chr6	  3200000	  4800000	32
chr6	  3900000	  5000000	22
chr6	  4700000	  5100000	8
chr6	  4900000	  4300000	12
chr6	  6200000	  6750000	11
chr6	 11850000	 10600000	25
chr6	 12100000	 10850000	25
chr6	 13500000	 14050000	11
chr6	 14350000	 15550000	24
chr6	 14450000	 12850000	32
chr6	 14750000	 15550000	16
chr6	 15550000	 16050000	10
chr6	 19400000	 19000000	8
chr6	 19700000	 18700000	20
chr6	 25350000	 24850000	10
chr6	 26600000	 28450000	37
chr6	 27000000	 25950000	21
chr6	 28100000	 28800000	14
chr6	 28750000	 27100000	33
chr6	 31000000	 32300000	26
chr6	 33850000	 34900000	21
chr6	 34150000	 32550000	32
chr6	 34500000	 35000000	10
chr6	 36900000	 34950000	39
chr6	 37500000	 38700000	24
chr6	 40350000	 39700000	13
chr6	 41600000	 42400000	16
chr6	 42100000	 42950000	17
chr6	 45100000	 46300000	24
chr6	 45850000	 45600000	5
chr6	 47500000	 48750000	25
chr6	 50800000	 49200000	32
chr6	 52000000	 53500000	30
chr6	 61300000	 60300000	20
chr6	 62000000	 60100000	38
chr6	 62150000	 61250000	18
chr6	 62800000	 60750000	41
chr6	 65800000	 66850000	21
chr6	 66650000	 65950000	14
chr6	 67750000	 67200000	11
chr6	 68600000	 71000000	48
chr6	 68750000	 70250000	30
chr6	 71600000	 71150000	9
chr6	 71750000	 70400000	27
chr6	 72100000	 72600000	10
chr6	 72200000	 73150000	19
chr6	 73550000	 72400000	23
chr6	 79750000	 80450000	14
chr6	 80800000	 79650000	23
chr6	 81950000	 82550000	12
chr6	 84900000	 84150000	15
chr6	 86200000	 86600000	8
chr6	 94250000	 95150000	18
chr6	 95850000	 97150000	26
chr6	 97700000	 98850000	23
chr6	100100000	 99500000	12
chr6	101050000	100150000	18
chr6	101750000	100600000	23
chr6	106000000	106700000	14
chr6	106600000	105650000	19
chr6	107050000	107750000	14
chr6	107300000	106300000	20
chr6	113900000	113150000	15
chr6	118850000	115750000	62
chr6	119400000	118150000	25
chr6	125150000	126000000	17
chr6	125900000	127700000	36
chr6	127850000	131500000	73
chr6	127900000	130150000	45
chr6	129150000	130500000	27
chr6	129450000	128950000	10
chr6	138150000	137450000	14
chr6	138400000	139800000	28
chr6	141850000	143000000	23
chr6	142450000	141100000	27
chr6	145050000	144000000	21
chr6	145400000	146550000	23
chr6	146350000	146650000	6
chr6	146700000	145900000	16
chr6	147150000	147400000	5
chr7	  4200000	  2400000	36
chr7	  9500000	 10900000	28
chr7	 14000000	 15100000	22
chr7	 18200000	 17100000	22
chr7	 18600000	 19850000	25
chr7	 22800000	 21600000	24
chr7	 27200000	 26300000	18
chr7	 28000000	 25200000	56
chr7	 30150000	 29450000	14
chr7	 31400000	 30450000	19
chr7	 33250000	 32950000	6
chr7	 38100000	 39350000	25
chr7	 38950000	 38300000	13
chr7	 42000000	 42650000	13
chr7	 42750000	 44700000	39
chr7	 43700000	 41850000	37
chr7	 43850000	 41500000	47
chr7	 45550000	 46600000	21
chr7	 47500000	 48150000	13
chr7	 50450000	 51100000	13
chr7	 54450000	 53950000	10
chr7	 60950000	 61850000	18
chr7	 61150000	 60750000	8
chr7	 61400000	 61650000	5
chr7	 61800000	 62250000	9
chr7	 62200000	 60750000	29
chr7	 63350000	 62850000	10
chr7	 68850000	 69750000	18
chr7	 71750000	 70950000	16
chr7	 76850000	 76550000	6
chr7	 77350000	 74550000	56
chr7	 79100000	 76850000	45
chr7	 81150000	 80300000	17
chr7	 82000000	 80450000	31
chr7	 82250000	 82800000	11
chr7	 82650000	 83200000	11
chr7	 83450000	 86950000	70
chr7	 87300000	 86800000	10
chr7	 88100000	 88950000	17
chr7	 94550000	 95050000	10
chr7	 96200000	 94750000	29
chr7	104350000	104850000	10
chr7	104650000	105200000	11
chr7	104800000	104100000	14
chr7	109250000	107500000	35
chr7	109650000	108750000	18
chr7	116050000	118200000	43
chr7	119300000	117500000	36
chr7	121500000	121100000	8
chr7	122750000	123450000	14
chr7	123250000	125000000	35
chr7	123950000	124550000	12
chr7	125800000	126150000	7
chr7	126450000	127050000	12
chr7	127150000	125750000	28
chr7	136600000	138000000	28
chr7	137500000	135600000	38
chr7	142200000	143300000	22
chr7	143200000	142800000	8
chr8	  2350000	  3050000	14
chr8	  2450000	  4150000	34
chr8	  3250000	  2400000	17
chr8	  4150000	  3300000	17
chr8	  4700000	  6500000	36
chr8	  4750000	  3600000	23
chr8	  7200000	  8250000	21
chr8	  7450000	  7050000	8
chr8	 10350000	 11650000	26
chr8	 12050000	 13050000	20
chr8	 13500000	 10200000	66
chr8	 14950000	 15600000	13
chr8	 16300000	 16650000	7
chr8	 18850000	 17900000	19
chr8	 19100000	 19750000	13
chr8	 23450000	 23250000	4
chr8	 25250000	 24050000	24
chr8	 28650000	 29450000	16
chr8	 28700000	 27700000	20
chr8	 33550000	 34200000	13
chr8	 33850000	 33300000	11
chr8	 34100000	 34850000	15
chr8	 36500000	 35900000	12
chr8	 38900000	 39650000	15
chr8	 39200000	 39800000	12
chr8	 39900000	 41550000	33
chr8	 40750000	 42050000	26
chr8	 41200000	 40350000	17
chr8	 41250000	 42250000	20
chr8	 42450000	 41700000	15
chr8	 42600000	 43500000	18
chr8	 42700000	 41400000	26
chr8	 43600000	 44050000	9
chr8	 44900000	 42950000	39
chr8	 45100000	 44150000	19
chr8	 48150000	 47950000	4
chr8	 51800000	 52700000	18
chr8	 51850000	 54450000	52
chr8	 52450000	 55300000	57
chr8	 54100000	 56050000	39
chr8	 58400000	 56700000	34
chr8	 60450000	 59850000	12
chr8	 61250000	 61000000	5
chr8	 61550000	 62500000	19
chr8	 65700000	 66800000	22
chr8	 70500000	 70150000	7
chr8	 75000000	 73750000	25
chr8	 77650000	 80050000	48
chr8	 77850000	 80800000	59
chr8	 78150000	 79250000	22
chr8	 86050000	 84250000	36
chr8	 94850000	 95500000	13
chr8	 96200000	 94150000	41
chr8	 96750000	 96100000	13
chr8	 98750000	 97800000	19
chr8	102550000	101350000	24
chr8	107750000	106350000	28
chr8	107950000	111650000	74
chr8	111500000	110500000	20
chr8	113100000	112250000	17
chr8	115000000	115750000	15
chr8	124100000	125500000	28
chr8	124950000	122750000	44
chr8	125800000	125500000	6
chr8	128400000	129350000	19
chr9	  1700000	   400000	26
chr9	  2450000	  1200000	25
chr9	  7550000	  7300000	5
chr9	  8000000	  9100000	22
chr9	  9500000	 10550000	21
chr9	 14450000	 12650000	36
chr9	 18750000	 19500000	15
chr9	 24300000	 21350000	59
chr9	 26600000	 28150000	31
chr9	 27550000	 28450000	18
chr9	 28500000	 29900000	28
chr9	 30650000	 29700000	19
chr9	 31200000	 32550000	27
chr9	 32550000	 31750000	16
chr9	 34750000	 34200000	11
chr9	 38400000	 37900000	10
chr9	 38850000	 41350000	50
chr9	 40250000	 40750000	10
chr9	 42050000	 43450000	28
chr9	 43650000	 42650000	20
chr9	 45850000	 45350000	10
chr9	 46950000	 47400000	9
chr9	 48700000	 47500000	24
chr9	 50350000	 51600000	25
chr9	 51550000	 52200000	13
chr9	 52200000	 53300000	22
chr9	 53450000	 54500000	21
chr9	 55150000	 56400000	25
chr9	 55850000	 55250000	12
chr9	 56300000	 55450000	17
chr9	 57900000	 56000000	38
chr9	 60650000	 61250000	12
chr9	 62900000	 63450000	11
chr9	 62950000	 63750000	16
chr9	 63200000	 59950000	65
chr9	 67700000	 67050000	13
chr9	 69100000	 72450000	67
chr9	 69450000	 69750000	6
chr9	 72550000	 75350000	56
chr9	 72600000	 74250000	33
chr9	 73800000	 73500000	6
chr9	 76350000	 76150000	4
chr9	 76600000	 77100000	10
chr9	 78100000	 79050000	19
chr9	 81200000	 82050000	17
chr9	 82650000	 80150000	50
chr9	 82900000	 81450000	29
chr9	 83050000	 82250000	16
chr9	 83950000	 82900000	21
chr9	 84000000	 84450000	9
chr9	 84750000	 85550000	16
chr9	 89900000	 90650000	15
chr9	 91000000	 90150000	17
chr9	 91550000	 92000000	9
chr9	 92200000	 93300000	22
chr9	 92400000	 94950000	51
chr9	 95000000	 94350000	13
chr9	 95050000	 91550000	70
chr9	 98950000	 97200000	35
chr9	105350000	106300000	19
chr9	106000000	107100000	22
chr9	107950000	108650000	14
chr9	109500000	109850000	7
chr9	114050000	115250000	24
chr9	114100000	115000000	18
chr9	118050000	117700000	7
chr9	119900000	120200000	6
chr9	121250000	120150000	22
chrX	  2350000	  5750000	68
chrX	  2800000	  3550000	15
chrX	  5300000	  5900000	12
chrX	  7950000	  7550000	8
chrX	  9550000	  9950000	8
chrX	 10700000	  9850000	17
chrX	 13100000	 12250000	17
chrX	 14700000	 16250000	31
chrX	 17150000	 18100000	19
chrX	 18450000	 19550000	22
chrX	 21850000	 21250000	12
chrX	 22000000	 22000000	0
chrX	 24300000	 24300000	0
chrX	 24600000	 25400000	16
chrX	 26950000	 27800000	17
chrX	 27400000	 25650000	35
chrX	 28600000	 27550000	21
chrX	 29800000	 30300000	10
chrX	 31350000	 34050000	54
chrX	 32900000	 32250000	13
chrX	 33600000	 32950000	13
chrX	 33800000	 33200000	12
chrX	 34500000	 35200000	14
chrX	 36300000	 36700000	8
chrX	 38250000	 37300000	19
chrX	 39600000	 40800000	24
chrX	 40700000	 39500000	24
chrX	 43100000	 42550000	11
chrX	 45500000	 44350000	23
chrX	 45500000	 44800000	14
chrX	 49250000	 48500000	15
chrX	 51600000	 51900000	6
chrX	 51950000	 53900000	39
chrX	 52300000	 52950000	13
chrX	 53900000	 52700000	24
chrX	 62850000	 61900000	19
chrX	 65250000	 68150000	58
chrX	 69400000	 68750000	13
chrX	 70350000	 69350000	20
chrX	 76000000	 76950000	19
chrX	 77550000	 78300000	15
chrX	 83750000	 82750000	20
chrX	 84450000	 83500000	19
chrX	 87850000	 86050000	36
chrX	 90450000	 89500000	19
chrX	 90650000	 92500000	37
chrX	 90800000	 90800000	0
chrX	 92250000	 93750000	30
chrX	 93000000	 93650000	13
chrX	 94500000	 93350000	23
chrX	 95750000	 93600000	43
chrX	 98450000	 98850000	8
chrX	100750000	102100000	27
chrX	101100000	101750000	13
chrX	102150000	100150000	40
chrX	102400000	103500000	22
chrX	103800000	102750000	21
chrX	104050000	105200000	23
chrX	104700000	104350000	7
chrX	105450000	104250000	24
chrX	108950000	107900000	21
chrX	109000000	109600000	12
chrX	109450000	108250000	24
chrX	113300000	114750000	29
chrX	113500000	112550000	19
chrX	114350000	112900000	29
chrX	115150000	112900000	45
chrX	119700000	117950000	35
chrX	120050000	118400000	33
chrX	120250000	120800000	11
chrX	123700000	124850000	23
chrX	124450000	123850000	12
chrX	127000000	125700000	26
chrX	129900000	130900000	20
chrX	131550000	130650000	18
chrX	132700000	130100000	52
chrX	132750000	133250000	10
chrX	134450000	135150000	14
chrX	136600000	135650000	19
chrX	137450000	138550000	22
chrX	137600000	138200000	12
chrX	143700000	142850000	17
chrX	144000000	140100000	78
chrX	144800000	142600000	44
chrX	146850000	145500000	27
chrX	150000000	151850000	37
chrX	151750000	153150000	28
chrX	153000000	151350000	33
chrX	153100000	154150000	21
chrX	153400000	151400000	40
chrX	158950000	159600000	13
chrX	163950000	165200000	25
chrX	166750000	165600000	23
chrX	167450000	166750000	14
chrX	168800000	169450000	13
chrY	  3200000	  4200000	20
chrY	  4800000	  3950000	17
chrY	  6750000	  5650000	22
chrY	  8950000	  8400000	11
chrY	 11350000	 11950000	12
chrY	 14150000	 15050000	18
chrY	 15200000	 17800000	52
chrY	 22250000	 23000000	15
chrY	 22650000	 24850000	44
chrY	 23750000	 23000000	15
chrY	 24750000	 25950000	24
chrY	 25450000	 26500000	21
chrY	 28600000	 25900000	54
chrY	 33550000	 34350000	16
chrY	 33950000	 32650000	26
chrY	 35700000	 36900000	24
chrY	 37350000	 38950000	32
chrY	 39000000	 40050000	21
chrY	 40850000	 39850000	20
chrY	 51400000	 50850000	11
chrY	 54500000	 55100000	12
chrY	 56100000	 55750000	7
chrY	 56250000	 57400000	23
chrY	 62250000	 63950000	34
chrY	 63450000	 64550000	22
chrY	 64150000	 62950000	24
chrY	 69450000	 70150000	14
chrY	 76600000	 74350000	45
chrY	 77550000	 79000000	29
chrY	 80050000	 81400000	27
chrY	 80500000	 82550000	41
chrY	 81100000	 81550000	9
chrY	 83500000	 82250000	25
chrY	 84000000	 84550000	11
chrY	 88250000	 87900000	7
chrY	 89650000	 91400000	35
