chr1	  1050000	        0	21
chr1	  4500000	  5250000	15
chr1	  6000000	  4000000	40
chr1	  7550000	  8300000	15
chr1	  8450000	 11650000	64
chr1	 20950000	 20450000	10
chr1	 23200000	 24850000	33
chr1	 26050000	 26900000	17
chr1	 33250000	 34250000	20
chr1	 34950000	 36200000	25
chr1	 39100000	 37400000	34
chr1	 39750000	 38800000	19
chr1	 42000000	 41350000	13
chr1	 42050000	 41500000	11
chr1	 44500000	 44900000	8
chr1	 45400000	 45900000	10
chr1	 47750000	 48600000	17
chr1	 50900000	 51150000	5
chr1	 51500000	 51050000	9
chr1	 54500000	 54000000	10
chr1	 55150000	 53700000	29
chr1	 64100000	 65700000	32
chr1	 64600000	 67100000	50
chr1	 67650000	 68500000	17
chr1	 70100000	 69550000	11
chr1	 72700000	 70900000	36
chr1	 74100000	 75950000	37
chr1	 74650000	 73200000	29
chr1	 77400000	 79650000	45
chr1	 78300000	 79050000	15
chr1	 78800000	 77300000	30
chr1	 81300000	 82450000	23
chr1	 81600000	 80400000	24
chr1	 91100000	 90750000	7
chr1	100650000	 99450000	24
chr1	100850000	100200000	13
chr1	102550000	104450000	38
chr1	103250000	104200000	19
chr1	104550000	103400000	23
chr1	104700000	104050000	13
chr1	104750000	102350000	48
chr1	105500000	104050000	29
chr1	105700000	107700000	40
chr1	105850000	102450000	68
chr1	112500000	111500000	20
chr1	115250000	116400000	23
chr1	115550000	116350000	16
chr1	115850000	115000000	17
chr1	122750000	121800000	19
chr1	124300000	125850000	31
chr1	125600000	124850000	15
chr1	127550000	126400000	23
chr1	128850000	128050000	16
chr1	129400000	130750000	27
chr1	131600000	130850000	15
chr1	134950000	133300000	33
chr1	137050000	134050000	60
chr1	137500000	136500000	20
chr1	137600000	139450000	37
chr1	140250000	141500000	25
chr1	142350000	144000000	33
chr1	142450000	142050000	8
chr1	142500000	141100000	28
chr1	142850000	142000000	17
chr1	144500000	146250000	35
chr1	145350000	144450000	18
chr1	146100000	145200000	18
chr1	148400000	150000000	32
chr1	150600000	147800000	56
chr1	151850000	149600000	45
chr1	154500000	156200000	34
chr1	156400000	157400000	20
chr1	156750000	155200000	31
chr1	159700000	161700000	40
chr1	160150000	160950000	16
chr1	161050000	161750000	14
chr1	165450000	166550000	22
chr1	166550000	166700000	3
chr1	173500000	172850000	13
chr1	173750000	175200000	29
chr1	174250000	172600000	33
chr1	174650000	175100000	9
chr1	175250000	175650000	8
chr1	175950000	174650000	26
chr1	177350000	178500000	23
chr1	177850000	178650000	16
chr1	179150000	179650000	10
chr1	184450000	185100000	13
chr1	186400000	187050000	13
chr1	187700000	186550000	23
chr1	189650000	189050000	12
chr1	192700000	190850000	37
chr1	195250000	195250000	0
chr10	   450000	  1400000	19
chr10	  4450000	  4900000	9
chr10	  6900000	  6000000	18
chr10	  9150000	 10200000	21
chr10	 12050000	 13650000	32
chr10	 12450000	 13150000	14
chr10	 12850000	 14600000	35
chr10	 15800000	 16300000	10
chr10	 15900000	 16850000	19
chr10	 16500000	 15900000	12
chr10	 17600000	 16950000	13
chr10	 21750000	 20550000	24
chr10	 25000000	 26550000	31
chr10	 27450000	 25700000	35
chr10	 27900000	 28850000	19
chr10	 30450000	 29450000	20
chr10	 31750000	 32700000	19
chr10	 32550000	 33600000	21
chr10	 35800000	 35450000	7
chr10	 36300000	 35500000	16
chr10	 37600000	 36850000	15
chr10	 38500000	 37850000	13
chr10	 39050000	 40400000	27
chr10	 46300000	 47050000	15
chr10	 46750000	 45950000	16
chr10	 47350000	 48250000	18
chr10	 48050000	 47250000	16
chr10	 48300000	 49400000	22
chr10	 51200000	 52100000	18
chr10	 55800000	 53700000	42
chr10	 59950000	 60950000	20
chr10	 61700000	 62850000	23
chr10	 63200000	 64100000	18
chr10	 63550000	 65600000	41
chr10	 65500000	 64100000	28
chr10	 65550000	 64500000	21
chr10	 66300000	 66750000	9
chr10	 70700000	 71550000	17
chr10	 72850000	 72400000	9
chr10	 73350000	 72000000	27
chr10	 74750000	 72700000	41
chr10	 74850000	 73550000	26
chr10	 79700000	 77700000	40
chr10	 81250000	 82650000	28
chr10	 82100000	 82850000	15
chr10	 82300000	 83000000	14
chr10	 86550000	 85300000	25
chr10	 87900000	 89250000	27
chr10	 88000000	 86600000	28
chr10	 92300000	 90800000	30
chr10	 92850000	 92250000	12
chr10	 97700000	 96250000	29
chr10	 99600000	100100000	10
chr10	100900000	102400000	30
chr10	103000000	101050000	39
chr10	105050000	103450000	32
chr10	111150000	111950000	16
chr10	112300000	112050000	5
chr10	112550000	111550000	20
chr10	115450000	113400000	41
chr10	115900000	114300000	32
chr10	116350000	118150000	36
chr10	117450000	119550000	42
chr10	117850000	119150000	26
chr10	119800000	118950000	17
chr10	121950000	122450000	10
chr10	123100000	122400000	14
chr10	126700000	123950000	55
chr11	  1150000	   500000	13
chr11	  2500000	  1450000	21
chr11	  2900000	  4700000	36
chr11	  7900000	  6500000	28
chr11	 17200000	 16550000	13
chr11	 17900000	 20700000	56
chr11	 19300000	 18350000	19
chr11	 21000000	 22000000	20
chr11	 23950000	 23050000	18
chr11	 29500000	 28350000	23
chr11	 30650000	 31850000	24
chr11	 37700000	 37350000	7
chr11	 41600000	 40500000	22
chr11	 42550000	 37900000	93
chr11	 43100000	 44150000	21
chr11	 51450000	 52700000	25
chr11	 58750000	 60250000	30
chr11	 60650000	 59400000	25
chr11	 60850000	 59200000	33
chr11	 64100000	 64800000	14
chr11	 74200000	 73850000	7
chr11	 79000000	 79550000	11
chr11	 82350000	 83200000	17
chr11	 84700000	 83800000	18
chr11	 86450000	 85150000	26
chr11	 88600000	 89600000	20
chr11	 92700000	 92200000	10
chr11	 99800000	 97650000	43
chr11	101100000	100500000	12
chr11	103000000	104000000	20
chr11	105100000	107250000	43
chr11	106650000	106100000	11
chr11	108800000	109150000	7
chr11	112300000	113950000	33
chr11	115550000	114550000	20
chr11	118300000	117400000	18
chr11	121450000	120700000	15
chr12	  1150000	  2050000	18
chr12	  1300000	  1850000	11
chr12	  2850000	  2350000	10
chr12	  4050000	  5450000	28
chr12	  4750000	  3000000	35
chr12	 10250000	  9550000	14
chr12	 11100000	 10050000	21
chr12	 11100000	 13750000	53
chr12	 12600000	 12250000	7
chr12	 17350000	 18950000	32
chr12	 18400000	 17350000	21
chr12	 20700000	 22450000	35
chr12	 22450000	 20850000	32
chr12	 23300000	 22650000	13
chr12	 26300000	 27650000	27
chr12	 27300000	 28950000	33
chr12	 28100000	 26850000	25
chr12	 32700000	 33250000	11
chr12	 33550000	 30200000	67
chr12	 37850000	 36800000	21
chr12	 42600000	 43950000	27
chr12	 42650000	 44200000	31
chr12	 43050000	 42500000	11
chr12	 45850000	 47400000	31
chr12	 46150000	 47100000	19
chr12	 47400000	 45900000	30
chr12	 47550000	 48000000	9
chr12	 53700000	 54200000	10
chr12	 55000000	 56350000	27
chr12	 56000000	 57050000	21
chr12	 59500000	 58800000	14
chr12	 60450000	 59600000	17
chr12	 61500000	 61800000	6
chr12	 62000000	 65000000	60
chr12	 68600000	 70300000	34
chr12	 69700000	 68350000	27
chr12	 72000000	 70650000	27
chr12	 72450000	 72450000	0
chr12	 73800000	 74600000	16
chr12	 75900000	 74550000	27
chr12	 75950000	 76500000	11
chr12	 76650000	 75250000	28
chr12	 77900000	 79000000	22
chr12	 79000000	 77450000	31
chr12	 80000000	 79100000	18
chr12	 80750000	 82050000	26
chr12	 82450000	 83450000	20
chr12	 84600000	 83900000	14
chr12	 86100000	 87250000	23
chr12	 87500000	 88350000	17
chr12	 87600000	 86850000	15
chr12	 89950000	 89350000	12
chr12	 90350000	 87300000	61
chr12	 93200000	 91400000	36
chr12	 98150000	 99400000	25
chr12	101050000	102300000	25
chr12	101300000	102300000	20
chr12	102050000	103550000	30
chr12	102900000	102200000	14
chr12	103300000	102000000	26
chr12	103650000	101850000	36
chr12	104150000	102700000	29
chr12	112700000	112400000	6
chr12	115600000	116150000	11
chr12	115650000	114950000	14
chr12	119100000	118050000	21
chr13	  4050000	  2650000	28
chr13	  6350000	  7550000	24
chr13	  6550000	  4650000	38
chr13	  6600000	  6200000	8
chr13	  7500000	  8100000	12
chr13	 12500000	 11200000	26
chr13	 13450000	 13100000	7
chr13	 15700000	 13900000	36
chr13	 20300000	 17900000	48
chr13	 22400000	 21750000	13
chr13	 23500000	 24300000	16
chr13	 32100000	 34100000	40
chr13	 34100000	 32850000	25
chr13	 35050000	 36400000	27
chr13	 38350000	 40650000	46
chr13	 40750000	 42200000	29
chr13	 41350000	 43100000	35
chr13	 43550000	 44400000	17
chr13	 43700000	 42100000	32
chr13	 48700000	 51650000	59
chr13	 49550000	 50450000	18
chr13	 50200000	 47100000	62
chr13	 50550000	 52100000	31
chr13	 52050000	 49650000	48
chr13	 52750000	 50000000	55
chr13	 56450000	 55950000	10
chr13	 62850000	 61700000	23
chr13	 62850000	 62350000	10
chr13	 63350000	 62850000	10
chr13	 64100000	 63050000	21
chr13	 65150000	 67550000	48
chr13	 69200000	 68500000	14
chr13	 70450000	 71650000	24
chr13	 74200000	 76050000	37
chr13	 77200000	 76450000	15
chr13	 79100000	 80550000	29
chr13	 84500000	 83150000	27
chr13	 87150000	 88250000	22
chr13	 89200000	 89700000	10
chr13	 93300000	 94300000	20
chr13	 94550000	 94900000	7
chr13	 94750000	 95500000	15
chr13	 95300000	 94750000	11
chr13	 96400000	 98450000	41
chr13	 96600000	 95400000	24
chr13	 97100000	 98450000	27
chr13	 97900000	 97200000	14
chr13	 98450000	100300000	37
chr13	 99300000	 99750000	9
chr13	100500000	 98600000	38
chr13	100700000	 99250000	29
chr13	101000000	101900000	18
chr13	101850000	103250000	28
chr13	108050000	108700000	13
chr13	110650000	112350000	34
chr13	110750000	112500000	35
chr13	110800000	110800000	0
chr13	112350000	113400000	21
chr13	116650000	115250000	28
chr13	118200000	116950000	25
chr14	  6350000	  5900000	9
chr14	  9900000	 10800000	18
chr14	 11600000	 12400000	16
chr14	 11950000	 12350000	8
chr14	 14950000	 16750000	36
chr14	 16400000	 18200000	36
chr14	 17050000	 16200000	17
chr14	 18850000	 20200000	27
chr14	 19700000	 18200000	30
chr14	 22550000	 23800000	25
chr14	 23950000	 25100000	23
chr14	 24350000	 23550000	16
chr14	 25100000	 25800000	14
chr14	 25250000	 23450000	36
chr14	 25850000	 26600000	15
chr14	 26350000	 27150000	16
chr14	 27500000	 28200000	14
chr14	 29100000	 33700000	92
chr14	 32950000	 32350000	12
chr14	 33200000	 31600000	32
chr14	 33850000	 35800000	39
chr14	 34200000	 32000000	44
chr14	 35350000	 36250000	18
chr14	 37550000	 40100000	51
chr14	 37900000	 38350000	9
chr14	 38950000	 40050000	22
chr14	 39950000	 38700000	25
chr14	 42600000	 40800000	36
chr14	 43000000	 41750000	25
chr14	 43450000	 44700000	25
chr14	 45600000	 47550000	39
chr14	 47700000	 48750000	21
chr14	 48700000	 46450000	45
chr14	 50800000	 50000000	16
chr14	 51750000	 50500000	25
chr14	 52750000	 53750000	20
chr14	 53950000	 51250000	54
chr14	 54450000	 54800000	7
chr14	 55850000	 55100000	15
chr14	 55950000	 55500000	9
chr14	 56100000	 56900000	16
chr14	 60100000	 61150000	21
chr14	 60500000	 63200000	54
chr14	 61550000	 60700000	17
chr14	 63050000	 64500000	29
chr14	 63900000	 64500000	12
chr14	 64100000	 65150000	21
chr14	 65150000	 63800000	27
chr14	 66800000	 66300000	10
chr14	 69750000	 70100000	7
chr14	 77750000	 77000000	15
chr14	 78500000	 79900000	28
chr14	 80550000	 81050000	10
chr14	 80900000	 80550000	7
chr14	 81550000	 80750000	16
chr14	 82050000	 81250000	16
chr14	 84400000	 82250000	43
chr14	 84700000	 83300000	28
chr14	 86700000	 87850000	23
chr14	 86900000	 85600000	26
chr14	 88900000	 90650000	35
chr14	 98100000	 98750000	13
chr14	 98300000	 98750000	9
chr14	 99400000	 98700000	14
chr14	 99550000	 98850000	14
chr14	100850000	101350000	10
chr14	114850000	113150000	34
chr14	115550000	115100000	9
chr14	116300000	117500000	24
chr14	119400000	120400000	20
chr14	122250000	122950000	14
chr15	  5850000	  7100000	25
chr15	  7800000	  3900000	78
chr15	  9700000	  9300000	8
chr15	 11600000	 11050000	11
chr15	 13850000	 11150000	54
chr15	 14350000	 12950000	28
chr15	 14800000	 14300000	10
chr15	 17100000	 17100000	0
chr15	 17900000	 20000000	42
chr15	 22950000	 23600000	13
chr15	 23100000	 23850000	15
chr15	 24250000	 25650000	28
chr15	 24900000	 25850000	19
chr15	 26200000	 27350000	23
chr15	 27100000	 28200000	22
chr15	 29750000	 30400000	13
chr15	 29750000	 31300000	31
chr15	 32300000	 31600000	14
chr15	 33050000	 34300000	25
chr15	 34650000	 35000000	7
chr15	 35350000	 36450000	22
chr15	 37400000	 37800000	8
chr15	 37550000	 36950000	12
chr15	 38050000	 38750000	14
chr15	 39750000	 40200000	9
chr15	 40050000	 41100000	21
chr15	 41950000	 38800000	63
chr15	 42100000	 41550000	11
chr15	 43550000	 42400000	23
chr15	 44050000	 44950000	18
chr15	 45800000	 45350000	9
chr15	 46200000	 47400000	24
chr15	 46450000	 48450000	40
chr15	 47400000	 49300000	38
chr15	 51050000	 52050000	20
chr15	 51500000	 50550000	19
chr15	 57300000	 57950000	13
chr15	 59000000	 58150000	17
chr15	 60500000	 61950000	29
chr15	 60650000	 61950000	26
chr15	 63650000	 64700000	21
chr15	 65950000	 66250000	6
chr15	 67100000	 67800000	14
chr15	 70800000	 72000000	24
chr15	 71350000	 69750000	32
chr15	 73400000	 73750000	7
chr15	 76150000	 75050000	22
chr15	 77050000	 75750000	26
chr15	 82250000	 83200000	19
chr15	 85650000	 86800000	23
chr15	 90700000	 88950000	35
chr15	 90850000	 89200000	33
chr15	 94850000	 95150000	6
chr15	 97950000	 98600000	13
chr15	 98000000	 99750000	35
chr15	 99000000	101100000	42
chr15	100250000	100500000	5
chr15	101700000	102550000	17
chr16	  1250000	  1950000	14
chr16	  9700000	  8700000	20
chr16	 11200000	  9950000	25
chr16	 13950000	 11700000	45
chr16	 17850000	 15950000	38
chr16	 20850000	 22550000	34
chr16	 23000000	 21800000	24
chr16	 24600000	 24050000	11
chr16	 26350000	 24700000	33
chr16	 30850000	 31050000	4
chr16	 33200000	 31400000	36
chr16	 36000000	 36700000	14
chr16	 37800000	 38700000	18
chr16	 38550000	 39050000	10
chr16	 38850000	 37700000	23
chr16	 39600000	 38950000	13
chr16	 40150000	 42100000	39
chr16	 42550000	 42900000	7
chr16	 42900000	 44200000	26
chr16	 43850000	 43050000	16
chr16	 47850000	 48650000	16
chr16	 47950000	 47950000	0
chr16	 56800000	 57750000	19
chr16	 58200000	 59050000	17
chr16	 58250000	 57750000	10
chr16	 58800000	 59550000	15
chr16	 61550000	 59650000	38
chr16	 62350000	 61750000	12
chr16	 65550000	 64550000	20
chr16	 69250000	 68350000	18
chr16	 69650000	 70950000	26
chr16	 70350000	 69100000	25
chr16	 71350000	 70500000	17
chr16	 71650000	 72750000	22
chr16	 71750000	 72550000	16
chr16	 72450000	 71600000	17
chr16	 73800000	 74750000	19
chr16	 74600000	 73700000	18
chr16	 76150000	 75450000	14
chr16	 82250000	 84000000	35
chr16	 90400000	 91750000	27
chr16	 90950000	 91900000	19
chr16	 92100000	 92650000	11
chr16	 92300000	 91400000	18
chr16	 92550000	 94100000	31
chr16	 92750000	 93750000	20
chr16	 94950000	 95950000	20
chr16	 97000000	 94800000	44
chr17	  3500000	  5000000	30
chr17	  5550000	  5150000	8
chr17	  8300000	  9950000	33
chr17	  9300000	  8550000	15
chr17	  9550000	  8400000	23
chr17	 10050000	 11500000	29
chr17	 12450000	 11850000	12
chr17	 12750000	 11050000	34
chr17	 14000000	 16250000	45
chr17	 17800000	 20250000	49
chr17	 18250000	 16500000	35
chr17	 21550000	 19250000	46
chr17	 23550000	 24100000	11
chr17	 24350000	 23200000	23
chr17	 24500000	 25100000	12
chr17	 34800000	 33750000	21
chr17	 37250000	 37900000	13
chr17	 42650000	 44150000	30
chr17	 44100000	 45950000	37
chr17	 46350000	 44950000	28
chr17	 48550000	 48000000	11
chr17	 48600000	 47750000	17
chr17	 51050000	 52200000	23
chr17	 51650000	 52800000	23
chr17	 52400000	 51700000	14
chr17	 55150000	 55850000	14
chr17	 58450000	 58250000	4
chr17	 60500000	 59300000	24
chr17	 63250000	 64300000	21
chr17	 69400000	 68500000	18
chr17	 69500000	 69900000	8
chr17	 69650000	 68000000	33
chr17	 70500000	 69400000	22
chr17	 72250000	 71050000	24
chr17	 72800000	 72550000	5
chr17	 73400000	 74550000	23
chr17	 78100000	 77650000	9
chr17	 82450000	 80950000	30
chr17	 84250000	 83350000	18
chr17	 84900000	 86350000	29
chr17	 88150000	 87600000	11
chr17	 89400000	 91450000	41
chr17	 89800000	 90200000	8
chr17	 90300000	 89850000	9
chr17	 90500000	 93100000	52
chr17	 90800000	 90500000	6
chr17	 90950000	 89500000	29
chr18	   500000	   500000	0
chr18	  2850000	  1150000	34
chr18	  3100000	  1850000	25
chr18	  3700000	  3300000	8
chr18	  5050000	  5600000	11
chr18	 11200000	 11950000	15
chr18	 15700000	 15100000	12
chr18	 15850000	 14450000	28
chr18	 17250000	 16550000	14
chr18	 19000000	 19550000	11
chr18	 20950000	 21700000	15
chr18	 22500000	 22200000	6
chr18	 22900000	 22300000	12
chr18	 24300000	 26250000	39
chr18	 25200000	 26250000	21
chr18	 26650000	 25550000	22
chr18	 26700000	 24100000	52
chr18	 28050000	 25850000	44
chr18	 28350000	 27350000	20
chr18	 28500000	 29250000	15
chr18	 33150000	 32650000	10
chr18	 37050000	 36400000	13
chr18	 38850000	 39600000	15
chr18	 43000000	 42200000	16
chr18	 43950000	 43550000	8
chr18	 46900000	 49050000	43
chr18	 50750000	 51400000	13
chr18	 51000000	 49550000	29
chr18	 52050000	 54150000	42
chr18	 52250000	 53250000	20
chr18	 54900000	 54350000	11
chr18	 55800000	 54700000	22
chr18	 59350000	 60250000	18
chr18	 64500000	 63350000	23
chr18	 65800000	 66700000	18
chr18	 65850000	 67100000	25
chr18	 66700000	 65250000	29
chr18	 68750000	 69650000	18
chr18	 69750000	 68950000	16
chr18	 70400000	 69600000	16
chr18	 71950000	 71200000	15
chr18	 73650000	 74400000	15
chr18	 74200000	 75450000	25
chr18	 74400000	 76300000	38
chr18	 76600000	 77350000	15
chr18	 76700000	 75300000	28
chr18	 77400000	 76150000	25
chr18	 77750000	 78500000	15
chr18	 79950000	 79450000	10
chr18	 82900000	 84650000	35
chr18	 84700000	 83400000	26
chr18	 84850000	 86150000	26
chr19	  3450000	   550000	58
chr19	  6650000	  3400000	65
chr19	  7300000	  8150000	17
chr19	  7450000	  5700000	35
chr19	 20600000	 22450000	37
chr19	 25200000	 21950000	65
chr19	 26750000	 25200000	31
chr19	 28300000	 29750000	29
chr19	 28500000	 26750000	35
chr19	 30500000	 32450000	39
chr19	 32650000	 31650000	20
chr19	 33650000	 35450000	36
chr19	 37100000	 36550000	11
chr19	 38650000	 37100000	31
chr19	 39950000	 40500000	11
chr19	 43100000	 42500000	12
chr19	 44400000	 45300000	18
chr19	 45900000	 47000000	22
chr19	 46100000	 46700000	12
chr19	 46550000	 45150000	28
chr19	 47250000	 45800000	29
chr19	 49700000	 50500000	16
chr19	 49800000	 50600000	16
chr19	 50250000	 49050000	24
chr19	 51000000	 49550000	29
chr19	 54850000	 54550000	6
chr19	 56150000	 57500000	27
chr19	 57700000	 56600000	22
chr19	 59650000	 58250000	28
chr2	  6100000	  5450000	13
chr2	  7200000	  6200000	20
chr2	  9550000	 10650000	22
chr2	  9700000	 10600000	18
chr2	 10250000	 12100000	37
chr2	 11150000	  8650000	50
chr2	 12250000	 12650000	8
chr2	 12650000	 11450000	24
chr2	 13100000	 11750000	27
chr2	 13650000	 13100000	11
chr2	 15650000	 18000000	47
chr2	 17900000	 18450000	11
chr2	 20350000	 19350000	20
chr2	 23150000	 21900000	25
chr2	 24200000	 25500000	26
chr2	 26950000	 25250000	34
chr2	 27000000	 27750000	15
chr2	 28200000	 27850000	7
chr2	 28400000	 27450000	19
chr2	 33050000	 32100000	19
chr2	 35600000	 36700000	22
chr2	 36150000	 37150000	20
chr2	 37050000	 38300000	25
chr2	 38100000	 40050000	39
chr2	 39650000	 40950000	26
chr2	 43400000	 44550000	23
chr2	 47550000	 48300000	15
chr2	 48800000	 49250000	9
chr2	 49750000	 50650000	18
chr2	 51350000	 50050000	26
chr2	 52850000	 53550000	14
chr2	 57000000	 54250000	55
chr2	 61800000	 61200000	12
chr2	 61900000	 58150000	75
chr2	 64600000	 62900000	34
chr2	 65300000	 66150000	17
chr2	 66600000	 65050000	31
chr2	 67000000	 65850000	23
chr2	 68700000	 69650000	19
chr2	 72400000	 71800000	12
chr2	 75050000	 73600000	29
chr2	 75550000	 74200000	27
chr2	 75650000	 74500000	23
chr2	 77200000	 77950000	15
chr2	 77950000	 78900000	19
chr2	 80750000	 79600000	23
chr2	 81650000	 82750000	22
chr2	 87150000	 86500000	13
chr2	 89300000	 90100000	16
chr2	 92950000	 93750000	16
chr2	 94800000	 96200000	28
chr2	 94950000	 97300000	47
chr2	 95600000	 95100000	10
chr2	106150000	105050000	22
chr2	107150000	106450000	14
chr2	107300000	107950000	13
chr2	108300000	107900000	8
chr2	109700000	110350000	13
chr2	112250000	111550000	14
chr2	112750000	112000000	15
chr2	115350000	115100000	5
chr2	115700000	116400000	14
chr2	117050000	117950000	18
chr2	118700000	117450000	25
chr2	119000000	116950000	41
chr2	120100000	119400000	14
chr2	120900000	123100000	44
chr2	123700000	124400000	14
chr2	127850000	129150000	26
chr2	129900000	130550000	13
chr2	136400000	135500000	18
chr2	137950000	136950000	20
chr2	140550000	141950000	28
chr2	140850000	140100000	15
chr2	142650000	141900000	15
chr2	145450000	143950000	30
chr2	146700000	145000000	34
chr2	147550000	149650000	42
chr2	148600000	148000000	12
chr2	148650000	147150000	30
chr2	150850000	151150000	6
chr2	158300000	159400000	22
chr2	158750000	158000000	15
chr2	163400000	162600000	16
chr2	164750000	163800000	19
chr2	167800000	167050000	15
chr2	168150000	166300000	37
chr2	170200000	169400000	16
chr2	170250000	169400000	17
chr2	170450000	169950000	10
chr2	172500000	171300000	24
chr2	172600000	170950000	33
chr2	179800000	178700000	22
chr3	  5300000	  2850000	49
chr3	  8650000	  5850000	56
chr3	 10400000	  8700000	34
chr3	 10500000	  9500000	20
chr3	 10900000	 12650000	35
chr3	 11550000	 10500000	21
chr3	 17550000	 16700000	17
chr3	 18450000	 20450000	40
chr3	 23250000	 22150000	22
chr3	 24600000	 25550000	19
chr3	 28250000	 28500000	5
chr3	 28350000	 28800000	9
chr3	 32200000	 29800000	48
chr3	 35550000	 36250000	14
chr3	 37000000	 37650000	13
chr3	 37100000	 39150000	41
chr3	 37250000	 37650000	8
chr3	 39300000	 35650000	73
chr3	 43800000	 42850000	19
chr3	 44250000	 45750000	30
chr3	 46400000	 48200000	36
chr3	 48350000	 49300000	19
chr3	 48800000	 47100000	34
chr3	 48850000	 50150000	26
chr3	 49100000	 50450000	27
chr3	 49550000	 49550000	0
chr3	 56400000	 58700000	46
chr3	 63900000	 65200000	26
chr3	 64400000	 65850000	29
chr3	 65000000	 66700000	34
chr3	 67900000	 66850000	21
chr3	 70450000	 68800000	33
chr3	 71350000	 72550000	24
chr3	 71500000	 71900000	8
chr3	 84000000	 85350000	27
chr3	 84050000	 83350000	14
chr3	 84850000	 83750000	22
chr3	 87700000	 88700000	20
chr3	 88600000	 86100000	50
chr3	 90350000	 88650000	34
chr3	 90400000	 91800000	28
chr3	 92450000	 93500000	21
chr3	 96950000	 97850000	18
chr3	 98550000	 99550000	20
chr3	 98750000	 98350000	8
chr3	100550000	100100000	9
chr3	103250000	104100000	17
chr3	104150000	106150000	40
chr3	105350000	104850000	10
chr3	105600000	107100000	30
chr3	108600000	108600000	0
chr3	109100000	108200000	18
chr3	109500000	108750000	15
chr3	109500000	110050000	11
chr3	110950000	112350000	28
chr3	111300000	110250000	21
chr3	113400000	112750000	13
chr3	113550000	110800000	55
chr3	113750000	111450000	46
chr3	115700000	113900000	36
chr3	120500000	119550000	19
chr3	122000000	124100000	42
chr3	129400000	127900000	30
chr3	136550000	135400000	23
chr3	136600000	135800000	16
chr3	136800000	137600000	16
chr3	137150000	138000000	17
chr3	137400000	138250000	17
chr3	138450000	137950000	10
chr3	139150000	139950000	16
chr3	141250000	140400000	17
chr3	142350000	143000000	13
chr3	142450000	140450000	40
chr3	143000000	143750000	15
chr3	147350000	146750000	12
chr3	147500000	144800000	54
chr3	148750000	149400000	13
chr3	150800000	149100000	34
chr3	150800000	150300000	10
chr3	151500000	150850000	13
chr3	152400000	150650000	35
chr3	158400000	157400000	20
chr4	   450000	  1100000	13
chr4	   600000	  2750000	43
chr4	   900000	  2450000	31
chr4	  5350000	  4200000	23
chr4	  5500000	  6550000	21
chr4	 14400000	 13650000	15
chr4	 16700000	 15550000	23
chr4	 18350000	 16950000	28
chr4	 19850000	 20500000	13
chr4	 20450000	 21350000	18
chr4	 20900000	 19900000	20
chr4	 23400000	 24350000	19
chr4	 27150000	 26300000	17
chr4	 27150000	 27900000	15
chr4	 28350000	 27500000	17
chr4	 28650000	 29950000	26
chr4	 30200000	 28950000	25
chr4	 34500000	 32850000	33
chr4	 42800000	 41200000	32
chr4	 44550000	 45300000	15
chr4	 45700000	 44850000	17
chr4	 46250000	 44650000	32
chr4	 52100000	 51300000	16
chr4	 52100000	 54700000	52
chr4	 53200000	 49850000	67
chr4	 56350000	 58550000	44
chr4	 56500000	 55450000	21
chr4	 60800000	 59150000	33
chr4	 61600000	 62750000	23
chr4	 61950000	 62250000	6
chr4	 63750000	 65250000	30
chr4	 63800000	 64400000	12
chr4	 65300000	 64200000	22
chr4	 68800000	 69500000	14
chr4	 69000000	 67500000	30
chr4	 69750000	 68650000	22
chr4	 69800000	 67750000	41
chr4	 70100000	 69450000	13
chr4	 70350000	 69500000	17
chr4	 74300000	 73100000	24
chr4	 75000000	 72500000	50
chr4	 76850000	 76050000	16
chr4	 77900000	 78600000	14
chr4	 79250000	 77250000	40
chr4	 79600000	 80050000	9
chr4	 81500000	 79450000	41
chr4	 84250000	 85450000	24
chr4	 84350000	 83400000	19
chr4	 86100000	 86700000	12
chr4	 86250000	 84050000	44
chr4	 86250000	 85900000	7
chr4	 88350000	 90100000	35
chr4	 89900000	 91800000	38
chr4	 97150000	 97350000	4
chr4	 97200000	 99450000	45
chr4	 98700000	 98150000	11
chr4	101050000	102350000	26
chr4	102650000	103200000	11
chr4	104250000	105950000	34
chr4	104800000	106650000	37
chr4	106050000	104900000	23
chr4	106700000	107800000	22
chr4	108500000	109050000	11
chr4	114100000	113500000	12
chr4	114700000	115300000	12
chr4	117200000	116050000	23
chr4	118450000	117350000	22
chr4	121350000	120100000	25
chr4	121700000	117850000	77
chr4	121850000	118350000	70
chr4	122400000	122850000	9
chr4	122800000	123900000	22
chr4	122950000	124150000	24
chr4	125100000	124250000	17
chr4	127000000	127800000	16
chr4	127050000	127800000	15
chr4	128600000	130000000	28
chr4	130700000	131750000	21
chr4	130950000	128600000	47
chr4	131100000	131600000	10
chr4	131800000	128500000	66
chr4	134450000	134100000	7
chr4	140350000	141200000	17
chr4	141550000	141250000	6
chr4	143250000	143650000	8
chr4	143950000	144700000	15
chr4	144300000	143250000	21
chr4	148000000	147450000	11
chr4	148450000	147900000	11
chr4	152500000	153950000	29
chr4	155500000	156050000	11
chr5	   800000	   800000	0
chr5	  1950000	  2500000	11
chr5	  2250000	  1950000	6
chr5	  3000000	  1250000	35
chr5	  7300000	  4850000	49
chr5	  9250000	  8100000	23
chr5	 10250000	  9350000	18
chr5	 11850000	 13050000	24
chr5	 12900000	 12900000	0
chr5	 13250000	 16200000	59
chr5	 15350000	 14450000	18
chr5	 19500000	 18650000	17
chr5	 22150000	 23200000	21
chr5	 23450000	 24300000	17
chr5	 23800000	 22700000	22
chr5	 26050000	 27100000	21
chr5	 26400000	 26950000	11
chr5	 26450000	 25400000	21
chr5	 28000000	 29500000	30
chr5	 32100000	 32500000	8
chr5	 32800000	 34050000	25
chr5	 33400000	 32950000	9
chr5	 36100000	 33750000	47
chr5	 37700000	 36650000	21
chr5	 43650000	 43450000	4
chr5	 44650000	 43300000	27
chr5	 49700000	 50250000	11
chr5	 51300000	 52300000	20
chr5	 53700000	 54300000	12
chr5	 55850000	 54750000	22
chr5	 56450000	 57250000	16
chr5	 57150000	 56900000	5
chr5	 57550000	 57100000	9
chr5	 59650000	 59050000	12
chr5	 60100000	 61200000	22
chr5	 60800000	 61450000	13
chr5	 62200000	 60900000	26
chr5	 67700000	 68450000	15
chr5	 68300000	 69000000	14
chr5	 74950000	 72350000	52
chr5	 76100000	 77250000	23
chr5	 76450000	 74650000	36
chr5	 79400000	 78450000	19
chr5	 80350000	 80900000	11
chr5	 82650000	 79150000	70
chr5	 88200000	 89100000	18
chr5	 89050000	 88200000	17
chr5	 95450000	 96350000	18
chr5	 97000000	 96000000	20
chr5	 97200000	 95700000	30
chr5	 98050000	 99050000	20
chr5	 98600000	 99800000	24
chr5	104700000	105900000	24
chr5	105200000	106150000	19
chr5	106350000	107350000	20
chr5	109400000	109950000	11
chr5	111600000	112800000	24
chr5	114200000	116650000	49
chr5	115750000	114650000	22
chr5	115900000	114500000	28
chr5	117400000	116750000	13
chr5	120600000	119400000	24
chr5	123200000	124000000	16
chr5	127550000	126350000	24
chr5	128850000	128550000	6
chr5	130550000	132350000	36
chr5	130700000	131500000	16
chr5	132050000	133400000	27
chr5	134650000	136300000	33
chr5	137550000	138900000	27
chr5	137900000	140200000	46
chr5	143050000	143750000	14
chr5	144350000	146300000	39
chr5	145250000	144550000	14
chr5	147600000	147150000	9
chr5	148400000	147800000	12
chr5	149100000	148250000	17
chr5	149350000	150150000	16
chr6	  1550000	  1250000	6
chr6	  1750000	  3550000	36
chr6	  3450000	  4250000	16
chr6	  4750000	  3600000	23
chr6	  5100000	  5800000	14
chr6	  5400000	  8300000	58
chr6	  6500000	  8000000	30
chr6	  7000000	  7650000	13
chr6	  8650000	  7500000	23
chr6	 11800000	 14300000	50
chr6	 13750000	 14600000	17
chr6	 13800000	 14400000	12
chr6	 15100000	 16700000	32
chr6	 15250000	 16200000	19
chr6	 15500000	 13450000	41
chr6	 16150000	 15350000	16
chr6	 18600000	 19100000	10
chr6	 21750000	 22500000	15
chr6	 21850000	 20800000	21
chr6	 26550000	 26100000	9
chr6	 32800000	 34350000	31
chr6	 33300000	 34850000	31
chr6	 34700000	 33950000	15
chr6	 36950000	 35850000	22
chr6	 38650000	 39300000	13
chr6	 43900000	 41500000	48
chr6	 46350000	 44800000	31
chr6	 46800000	 45850000	19
chr6	 47550000	 47050000	10
chr6	 48600000	 50200000	32
chr6	 48950000	 50500000	31
chr6	 49750000	 50150000	8
chr6	 50350000	 50950000	12
chr6	 51350000	 52950000	32
chr6	 53250000	 51550000	34
chr6	 55650000	 56200000	11
chr6	 62500000	 61250000	25
chr6	 63450000	 62750000	14
chr6	 66300000	 67600000	26
chr6	 68750000	 67550000	24
chr6	 68850000	 67550000	26
chr6	 69650000	 68100000	31
chr6	 71100000	 71650000	11
chr6	 71450000	 72350000	18
chr6	 72550000	 71350000	24
chr6	 75900000	 72200000	74
chr6	 77050000	 78250000	24
chr6	 77900000	 76250000	33
chr6	 78550000	 81350000	56
chr6	 80450000	 79900000	11
chr6	 84250000	 83800000	9
chr6	 84800000	 85400000	12
chr6	 88500000	 85950000	51
chr6	 89650000	 89100000	11
chr6	 90200000	 89250000	19
chr6	 90850000	 91450000	12
chr6	 91850000	 91950000	2
chr6	 95350000	 93400000	39
chr6	 95450000	 94650000	16
chr6	 97800000	 96100000	34
chr6	105800000	106800000	20
chr6	110850000	111350000	10
chr6	117050000	115500000	31
chr6	118000000	117450000	11
chr6	120850000	118850000	40
chr6	121500000	122100000	12
chr6	122200000	123350000	23
chr6	124400000	125100000	14
chr6	124450000	123600000	17
chr6	124850000	123400000	29
chr6	125450000	127400000	39
chr6	130800000	128900000	38
chr6	131050000	129350000	34
chr6	135850000	134900000	19
chr6	135850000	136650000	16
chr6	135950000	137250000	26
chr6	136550000	137050000	10
chr6	136700000	136000000	14
chr6	138350000	137550000	16
chr6	138950000	137650000	26
chr6	141500000	143050000	31
chr6	142300000	144150000	37
chr6	143500000	144200000	14
chr6	145550000	144600000	19
chr6	146300000	146650000	7
chr7	  2800000	  2000000	16
chr7	  3150000	  4100000	19
chr7	  3650000	  3950000	6
chr7	  4900000	  6100000	24
chr7	  6000000	  6850000	17
chr7	  6700000	  7900000	24
chr7	  9500000	  8150000	27
chr7	 11500000	  8600000	58
chr7	 14100000	 13500000	12
chr7	 17200000	 16700000	10
chr7	 17400000	 18650000	25
chr7	 20650000	 22200000	31
chr7	 21650000	 22450000	16
chr7	 23800000	 24600000	16
chr7	 30000000	 31300000	26
chr7	 30250000	 29500000	15
chr7	 32150000	 32900000	15
chr7	 36050000	 37300000	25
chr7	 38600000	 36950000	33
chr7	 45050000	 44050000	20
chr7	 49500000	 45900000	72
chr7	 50650000	 51300000	13
chr7	 51400000	 50250000	23
chr7	 51750000	 52350000	12
chr7	 52050000	 47500000	91
chr7	 58200000	 58900000	14
chr7	 59450000	 57500000	39
chr7	 61550000	 63450000	38
chr7	 63350000	 65600000	45
chr7	 68150000	 68750000	12
chr7	 71700000	 70900000	16
chr7	 72450000	 70350000	42
chr7	 73400000	 74550000	23
chr7	 73800000	 73200000	12
chr7	 75250000	 77150000	38
chr7	 77550000	 77200000	7
chr7	 78150000	 79050000	18
chr7	 78700000	 78900000	4
chr7	 79000000	 78100000	18
chr7	 86450000	 85350000	22
chr7	 87550000	 89000000	29
chr7	 87650000	 86650000	20
chr7	 94600000	 96150000	31
chr7	 99350000	100300000	19
chr7	103200000	104250000	21
chr7	104450000	103100000	27
chr7	106650000	105150000	30
chr7	107150000	108200000	21
chr7	113350000	111900000	29
chr7	115900000	114900000	20
chr7	119100000	120950000	37
chr7	119800000	120300000	10
chr7	122250000	120900000	27
chr7	123250000	121650000	32
chr7	124050000	123000000	21
chr7	126300000	127300000	20
chr7	129150000	129750000	12
chr7	130850000	129900000	19
chr7	131300000	132400000	22
chr7	132300000	131350000	19
chr7	133600000	132650000	19
chr7	133800000	135100000	26
chr7	135650000	134550000	22
chr7	139850000	139350000	10
chr8	  2300000	  4250000	39
chr8	  3650000	  6200000	51
chr8	  9250000	  9550000	6
chr8	  9350000	  8950000	8
chr8	 11700000	 10350000	27
chr8	 12150000	 11150000	20
chr8	 12900000	 13300000	8
chr8	 18450000	 17200000	25
chr8	 19950000	 20600000	13
chr8	 23550000	 22450000	22
chr8	 25700000	 24650000	21
chr8	 28750000	 29100000	7
chr8	 34900000	 36100000	24
chr8	 35250000	 34650000	12
chr8	 35900000	 35250000	13
chr8	 36850000	 38250000	28
chr8	 38050000	 40900000	57
chr8	 38600000	 36850000	35
chr8	 41050000	 42200000	23
chr8	 42550000	 42000000	11
chr8	 44800000	 42900000	38
chr8	 45800000	 45200000	12
chr8	 46350000	 45500000	17
chr8	 55150000	 56050000	18
chr8	 55550000	 53550000	40
chr8	 58850000	 60500000	33
chr8	 60300000	 59600000	14
chr8	 63550000	 64000000	9
chr8	 64000000	 63000000	20
chr8	 64150000	 65300000	23
chr8	 64250000	 64750000	10
chr8	 70600000	 72250000	33
chr8	 70800000	 72650000	37
chr8	 70950000	 69100000	37
chr8	 71750000	 72800000	21
chr8	 74500000	 73500000	20
chr8	 77400000	 77850000	9
chr8	 79750000	 80950000	24
chr8	 84200000	 83100000	22
chr8	 84850000	 82950000	38
chr8	 86150000	 85100000	21
chr8	 87350000	 88900000	31
chr8	 89000000	 90100000	22
chr8	 90300000	 89900000	8
chr8	 91600000	 92450000	17
chr8	 91950000	 92700000	15
chr8	100150000	 98750000	28
chr8	103700000	104750000	21
chr8	104050000	104550000	10
chr8	104750000	104000000	15
chr8	107500000	107900000	8
chr8	107550000	106950000	12
chr8	109100000	110500000	28
chr8	109700000	108750000	19
chr8	110050000	111500000	29
chr8	114150000	115250000	22
chr8	115650000	116250000	12
chr8	121500000	122800000	26
chr8	128150000	128700000	11
chr9	  2500000	   800000	34
chr9	  3400000	  4000000	12
chr9	  3800000	  2900000	18
chr9	  7050000	  5750000	26
chr9	  7100000	  8450000	27
chr9	  9850000	  7700000	43
chr9	 13000000	 10550000	49
chr9	 17900000	 16900000	20
chr9	 22100000	 22500000	8
chr9	 23150000	 22250000	18
chr9	 24250000	 25950000	34
chr9	 24900000	 22550000	47
chr9	 26500000	 25450000	21
chr9	 26700000	 25350000	27
chr9	 26900000	 25800000	22
chr9	 27950000	 27700000	5
chr9	 28750000	 27550000	24
chr9	 28850000	 28200000	13
chr9	 32400000	 31700000	14
chr9	 34300000	 35050000	15
chr9	 37450000	 38200000	15
chr9	 39350000	 38750000	12
chr9	 40600000	 39000000	32
chr9	 41350000	 41800000	9
chr9	 47050000	 49350000	46
chr9	 47300000	 49150000	37
chr9	 49550000	 49750000	4
chr9	 51700000	 51250000	9
chr9	 55600000	 54800000	16
chr9	 57800000	 58700000	18
chr9	 59900000	 60600000	14
chr9	 61950000	 62500000	11
chr9	 62600000	 61400000	24
chr9	 63250000	 63750000	10
chr9	 63350000	 64500000	23
chr9	 63550000	 65300000	35
chr9	 63700000	 61950000	35
chr9	 66900000	 65400000	30
chr9	 67250000	 68100000	17
chr9	 67500000	 69150000	33
chr9	 70500000	 70900000	8
chr9	 71200000	 70000000	24
chr9	 71450000	 72550000	22
chr9	 73000000	 74500000	30
chr9	 73300000	 74650000	27
chr9	 73700000	 71300000	48
chr9	 75600000	 76250000	13
chr9	 76750000	 77600000	17
chr9	 79850000	 79250000	12
chr9	 81350000	 82750000	28
chr9	 82950000	 81200000	35
chr9	 84750000	 85750000	20
chr9	 87650000	 87050000	12
chr9	 88350000	 90000000	33
chr9	 92050000	 93350000	26
chr9	 92300000	 92850000	11
chr9	 93100000	 93500000	8
chr9	 93350000	 92150000	24
chr9	 98250000	 96800000	29
chr9	100900000	100650000	5
chr9	101050000	100650000	8
chr9	101700000	102000000	6
chr9	105150000	104950000	4
chr9	109700000	107150000	51
chr9	110100000	108600000	30
chr9	111100000	110750000	7
chr9	111500000	112750000	25
chr9	114000000	113550000	9
chr9	116400000	116850000	9
chr9	119550000	121750000	44
chr9	119850000	121550000	34
chrX	  1350000	   650000	14
chrX	  2650000	  3250000	12
chrX	  5200000	  4900000	6
chrX	  7500000	  8350000	17
chrX	  8250000	  6600000	33
chrX	 10650000	 10200000	9
chrX	 21950000	 20550000	28
chrX	 23800000	 25750000	39
chrX	 24600000	 27550000	59
chrX	 24750000	 23650000	22
chrX	 27850000	 28650000	16
chrX	 28600000	 28200000	8
chrX	 28900000	 26400000	50
chrX	 29000000	 29700000	14
chrX	 29800000	 28200000	32
chrX	 33050000	 31750000	26
chrX	 34450000	 33300000	23
chrX	 38700000	 41550000	57
chrX	 45200000	 46050000	17
chrX	 53850000	 54000000	3
chrX	 54150000	 53650000	10
chrX	 54400000	 56000000	32
chrX	 55900000	 58000000	42
chrX	 57250000	 56150000	22
chrX	 57450000	 56850000	12
chrX	 57550000	 59750000	44
chrX	 62750000	 64050000	26
chrX	 64250000	 66500000	45
chrX	 64350000	 63150000	24
chrX	 64850000	 65800000	19
chrX	 67350000	 68250000	18
chrX	 68800000	 70050000	25
chrX	 71750000	 71550000	4
chrX	 72850000	 71650000	24
chrX	 73250000	 72400000	17
chrX	 73400000	 74300000	18
chrX	 75700000	 77300000	32
chrX	 77750000	 76150000	32
chrX	 79450000	 79950000	10
chrX	 81150000	 80800000	7
chrX	 82800000	 83550000	15
chrX	 85700000	 86800000	22
chrX	 85800000	 87600000	36
chrX	 86900000	 86500000	8
chrX	 87000000	 87800000	16
chrX	 88800000	 88200000	12
chrX	 89550000	 88150000	28
chrX	 94350000	 94900000	11
chrX	 95850000	 95150000	14
chrX	 97600000	 98250000	13
chrX	 98750000	 98750000	0
chrX	100500000	101850000	27
chrX	106950000	106250000	14
chrX	107300000	108950000	33
chrX	107500000	108600000	22
chrX	107850000	108800000	19
chrX	112750000	112200000	11
chrX	117150000	117950000	16
chrX	119100000	119750000	13
chrX	119500000	117850000	33
chrX	119900000	118600000	26
chrX	120100000	120900000	16
chrX	122250000	123700000	29
chrX	126650000	125650000	20
chrX	126750000	126350000	8
chrX	127000000	127750000	15
chrX	130350000	129300000	21
chrX	131650000	133800000	43
chrX	131700000	131000000	14
chrX	142500000	139850000	53
chrX	143600000	144250000	13
chrX	148750000	148200000	11
chrX	150250000	150700000	9
chrX	154800000	156150000	27
chrX	157050000	158750000	34
chrX	161150000	159650000	30
chrX	162200000	161550000	13
chrX	170000000	170350000	7
chrX	170050000	170950000	18
chrY	  2650000	  3650000	20
chrY	  4350000	  4950000	12
chrY	  6700000	  5750000	19
chrY	 10200000	  9700000	10
chrY	 14150000	 11500000	53
chrY	 15600000	 17400000	36
chrY	 17550000	 18550000	20
chrY	 18550000	 18250000	6
chrY	 19050000	 20300000	25
chrY	 21350000	 20500000	17
chrY	 22950000	 20900000	41
chrY	 23050000	 23300000	5
chrY	 24400000	 24850000	9
chrY	 26350000	 26750000	8
chrY	 26350000	 27050000	14
chrY	 26850000	 25800000	21
chrY	 27300000	 28150000	17
chrY	 27450000	 26200000	25
chrY	 27700000	 28700000	20
chrY	 30600000	 29150000	29
chrY	 31900000	 33850000	39
chrY	 34750000	 33900000	17
chrY	 35150000	 37400000	45
chrY	 35400000	 36300000	18
chrY	 35700000	 35000000	14
chrY	 36450000	 35150000	26
chrY	 39000000	 37550000	29
chrY	 39250000	 41100000	37
chrY	 39950000	 39650000	6
chrY	 40100000	 39450000	13
chrY	 41300000	 41900000	12
chrY	 41600000	 41100000	10
chrY	 42200000	 42700000	10
chrY	 44000000	 45100000	22
chrY	 46500000	 45700000	16
chrY	 53700000	 55100000	28
chrY	 56400000	 55650000	15
chrY	 56750000	 58650000	38
chrY	 57650000	 56400000	25
chrY	 62450000	 63650000	24
chrY	 63150000	 63800000	13
chrY	 65250000	 65600000	7
chrY	 68050000	 68950000	18
chrY	 69350000	 70000000	13
chrY	 70350000	 69350000	20
chrY	 77350000	 77700000	7
chrY	 78500000	 77650000	17
chrY	 79700000	 78800000	18
chrY	 81200000	 81500000	6
chrY	 83550000	 80000000	71
chrY	 84500000	 82450000	41
chrY	 84700000	 86100000	28
chrY	 88150000	 89000000	17
