chr1	  2850000	  4500000	33
chr1	  6500000	  6000000	10
chr1	  8800000	  9750000	19
chr1	 14150000	 12750000	28
chr1	 17400000	 16150000	25
chr1	 17600000	 17000000	12
chr1	 20250000	 19500000	15
chr1	 21800000	 20950000	17
chr1	 22150000	 20200000	39
chr1	 23500000	 25000000	30
chr1	 23650000	 22800000	17
chr1	 24850000	 25700000	17
chr1	 25200000	 26000000	16
chr1	 25350000	 27850000	50
chr1	 40450000	 38600000	37
chr1	 40700000	 39850000	17
chr1	 44900000	 43800000	22
chr1	 45800000	 44650000	23
chr1	 46200000	 46850000	13
chr1	 47150000	 45300000	37
chr1	 47600000	 46800000	16
chr1	 48300000	 49000000	14
chr1	 49200000	 49850000	13
chr1	 50950000	 51800000	17
chr1	 51750000	 49850000	38
chr1	 52750000	 51450000	26
chr1	 52750000	 51500000	25
chr1	 55850000	 54550000	26
chr1	 55950000	 57550000	32
chr1	 57400000	 56100000	26
chr1	 57900000	 58850000	19
chr1	 60700000	 61350000	13
chr1	 61150000	 60800000	7
chr1	 62250000	 60700000	31
chr1	 65950000	 62700000	65
chr1	 67200000	 68600000	28
chr1	 67700000	 68650000	19
chr1	 68050000	 67050000	20
chr1	 71250000	 72350000	22
chr1	 72100000	 75450000	67
chr1	 75350000	 76600000	25
chr1	 76650000	 75900000	15
chr1	 81600000	 82750000	23
chr1	 83900000	 82700000	24
chr1	 86700000	 87250000	11
chr1	 94500000	 96100000	32
chr1	 95150000	 95850000	14
chr1	 96750000	 97300000	11
chr1	101700000	103350000	33
chr1	103400000	104350000	19
chr1	105600000	106500000	18
chr1	106450000	107350000	18
chr1	109300000	108300000	20
chr1	110550000	110000000	11
chr1	110850000	111850000	20
chr1	114600000	115600000	20
chr1	117450000	115950000	30
chr1	117950000	117000000	19
chr1	118400000	117700000	14
chr1	120300000	118600000	34
chr1	122000000	119950000	41
chr1	123050000	122050000	20
chr1	127750000	128950000	24
chr1	129000000	129900000	18
chr1	129200000	129900000	14
chr1	131600000	132400000	16
chr1	133700000	132850000	17
chr1	136200000	137600000	28
chr1	136850000	136150000	14
chr1	137050000	136400000	13
chr1	138600000	139050000	9
chr1	142300000	143350000	21
chr1	143900000	143500000	8
chr1	148500000	149100000	12
chr1	150850000	148350000	50
chr1	154650000	152700000	39
chr1	155100000	155700000	12
chr1	155950000	154600000	27
chr1	161400000	162050000	13
chr1	163250000	164650000	28
chr1	168350000	167150000	24
chr1	175200000	174800000	8
chr1	175800000	177100000	26
chr1	179300000	178850000	9
chr1	181750000	184450000	54
chr1	182550000	181650000	18
chr1	184150000	185050000	18
chr1	185300000	184600000	14
chr1	187250000	186200000	21
chr1	188250000	187300000	19
chr1	189250000	188400000	17
chr1	189800000	190300000	10
chr1	190350000	190900000	11
chr1	193450000	193950000	10
chr10	  4650000	  4300000	7
chr10	  5550000	  4950000	12
chr10	  8700000	 10050000	27
chr10	 10800000	  9700000	22
chr10	 11350000	 10000000	27
chr10	 13000000	 12500000	10
chr10	 18500000	 16800000	34
chr10	 19850000	 19250000	12
chr10	 21900000	 23350000	29
chr10	 23050000	 22500000	11
chr10	 26550000	 27550000	20
chr10	 27050000	 26250000	16
chr10	 27500000	 27350000	3
chr10	 29900000	 30750000	17
chr10	 33050000	 33950000	18
chr10	 34900000	 36150000	25
chr10	 37050000	 36450000	12
chr10	 39100000	 37950000	23
chr10	 41200000	 43100000	38
chr10	 43950000	 47700000	75
chr10	 45450000	 44250000	24
chr10	 45900000	 47000000	22
chr10	 49700000	 50550000	17
chr10	 53400000	 53900000	10
chr10	 60400000	 60950000	11
chr10	 61900000	 62350000	9
chr10	 65650000	 64750000	18
chr10	 66150000	 65700000	9
chr10	 66900000	 68600000	34
chr10	 68150000	 68600000	9
chr10	 68400000	 69800000	28
chr10	 70450000	 68350000	42
chr10	 71300000	 72850000	31
chr10	 72950000	 72350000	12
chr10	 82900000	 80650000	45
chr10	 83000000	 82250000	15
chr10	 83600000	 80950000	53
chr10	 87350000	 88150000	16
chr10	 89850000	 90100000	5
chr10	 90800000	 91500000	14
chr10	 94300000	 93450000	17
chr10	 94900000	 96800000	38
chr10	 97300000	 98200000	18
chr10	 97500000	 96300000	24
chr10	 98250000	 97150000	22
chr10	102900000	104000000	22
chr10	104700000	106700000	40
chr10	105150000	104450000	14
chr10	105500000	106400000	18
chr10	106350000	105200000	23
chr10	109400000	110200000	16
chr10	109650000	107900000	35
chr10	109750000	111500000	35
chr10	111050000	109250000	36
chr10	118000000	116250000	35
chr10	122250000	120500000	35
chr10	122700000	122300000	8
chr10	124900000	124300000	12
chr10	125600000	125200000	8
chr10	126150000	126650000	10
chr10	127000000	125850000	23
chr10	130450000	125900000	91
chr11	  1200000	   600000	12
chr11	  1750000	  3100000	27
chr11	  3750000	  5450000	34
chr11	  4700000	  5650000	19
chr11	  5900000	  6900000	20
chr11	  7150000	  6350000	16
chr11	  7950000	  8750000	16
chr11	 11050000	 10550000	10
chr11	 12000000	 10950000	21
chr11	 12950000	 14200000	25
chr11	 14950000	 13300000	33
chr11	 15100000	 14100000	20
chr11	 15850000	 17250000	28
chr11	 21450000	 23600000	43
chr11	 26800000	 25250000	31
chr11	 28300000	 29050000	15
chr11	 28550000	 27350000	24
chr11	 28750000	 28950000	4
chr11	 30600000	 30950000	7
chr11	 30750000	 29300000	29
chr11	 31100000	 28700000	48
chr11	 32500000	 31750000	15
chr11	 34400000	 32750000	33
chr11	 35000000	 33400000	32
chr11	 37200000	 39050000	37
chr11	 39250000	 38400000	17
chr11	 40250000	 40000000	5
chr11	 40250000	 41300000	21
chr11	 45950000	 48150000	44
chr11	 46450000	 47850000	28
chr11	 47000000	 45200000	36
chr11	 47500000	 48250000	15
chr11	 50000000	 48100000	38
chr11	 51250000	 50100000	23
chr11	 51950000	 53200000	25
chr11	 55550000	 54850000	14
chr11	 55800000	 55500000	6
chr11	 66200000	 67150000	19
chr11	 67650000	 67000000	13
chr11	 68850000	 67200000	33
chr11	 69050000	 67900000	23
chr11	 73800000	 73000000	16
chr11	 74700000	 73800000	18
chr11	 79950000	 81250000	26
chr11	 84050000	 85400000	27
chr11	 88550000	 87250000	26
chr11	 97050000	 96200000	17
chr11	101850000	101300000	11
chr11	102650000	104450000	36
chr11	109600000	107600000	40
chr11	112300000	114100000	36
chr11	116850000	115350000	30
chr11	118500000	117450000	21
chr11	118800000	119650000	17
chr12	  5550000	  6150000	12
chr12	  5650000	  7150000	30
chr12	  7650000	  8700000	21
chr12	 10550000	 10200000	7
chr12	 12400000	 13700000	26
chr12	 21150000	 19750000	28
chr12	 22200000	 24100000	38
chr12	 23950000	 25700000	35
chr12	 24900000	 23100000	36
chr12	 25950000	 24850000	22
chr12	 27200000	 27900000	14
chr12	 27700000	 28600000	18
chr12	 28800000	 27900000	18
chr12	 31150000	 30350000	16
chr12	 35200000	 36850000	33
chr12	 37750000	 38800000	21
chr12	 41100000	 39300000	36
chr12	 41400000	 41000000	8
chr12	 49800000	 50450000	13
chr12	 50900000	 51750000	17
chr12	 54350000	 56250000	38
chr12	 56000000	 54150000	37
chr12	 56450000	 55400000	21
chr12	 59000000	 59850000	17
chr12	 59050000	 60150000	22
chr12	 59400000	 60900000	30
chr12	 59950000	 60450000	10
chr12	 60950000	 59700000	25
chr12	 61150000	 59800000	27
chr12	 62450000	 61700000	15
chr12	 62550000	 61750000	16
chr12	 66050000	 64250000	36
chr12	 67900000	 67000000	18
chr12	 71750000	 70150000	32
chr12	 74100000	 72300000	36
chr12	 74400000	 73050000	27
chr12	 75350000	 76400000	21
chr12	 76450000	 77650000	24
chr12	 77850000	 78850000	20
chr12	 82350000	 80250000	42
chr12	 88650000	 86650000	40
chr12	 89700000	 89150000	11
chr12	 92100000	 90900000	24
chr12	 92900000	 92200000	14
chr12	 96300000	 94400000	38
chr12	 99350000	100050000	14
chr12	102100000	101100000	20
chr12	104350000	100850000	70
chr12	105500000	102600000	58
chr12	106800000	105800000	20
chr12	107400000	108250000	17
chr12	107800000	107600000	4
chr12	108250000	107700000	11
chr12	109700000	111050000	27
chr12	111550000	111150000	8
chr12	113300000	112700000	12
chr12	113450000	113900000	9
chr12	114200000	115450000	25
chr12	116950000	115950000	20
chr12	118100000	119850000	35
chr12	118150000	119200000	21
chr12	118750000	117200000	31
chr13	  1950000	  2850000	18
chr13	  3250000	  4000000	15
chr13	  7550000	  8550000	20
chr13	 12550000	 11100000	29
chr13	 12650000	 13700000	21
chr13	 16800000	 16600000	4
chr13	 17500000	 16350000	23
chr13	 17800000	 18850000	21
chr13	 19900000	 18700000	24
chr13	 24700000	 25000000	6
chr13	 26900000	 28150000	25
chr13	 27150000	 27550000	8
chr13	 27850000	 28550000	14
chr13	 29350000	 28100000	25
chr13	 33450000	 35000000	31
chr13	 34100000	 32150000	39
chr13	 36350000	 37200000	17
chr13	 41900000	 38700000	64
chr13	 45500000	 46700000	24
chr13	 47300000	 48000000	14
chr13	 47550000	 47050000	10
chr13	 49750000	 50450000	14
chr13	 58700000	 59500000	16
chr13	 59750000	 61400000	33
chr13	 60050000	 57950000	42
chr13	 60550000	 61400000	17
chr13	 61700000	 62750000	21
chr13	 62000000	 62650000	13
chr13	 65900000	 66600000	14
chr13	 66700000	 66400000	6
chr13	 66900000	 66350000	11
chr13	 70100000	 71350000	25
chr13	 71850000	 69100000	55
chr13	 72400000	 73400000	20
chr13	 73750000	 75850000	42
chr13	 77300000	 74950000	47
chr13	 77850000	 78750000	18
chr13	 78200000	 77650000	11
chr13	 78500000	 78900000	8
chr13	 81250000	 82100000	17
chr13	 84300000	 83400000	18
chr13	 95200000	 95900000	14
chr13	 95700000	 94450000	25
chr13	 96350000	 96900000	11
chr13	 99000000	100400000	28
chr13	 99200000	 99500000	6
chr13	102200000	101450000	15
chr13	102450000	103950000	30
chr13	106050000	105550000	10
chr13	106600000	104750000	37
chr13	109450000	110300000	17
chr13	111450000	112050000	12
chr13	115400000	115850000	9
chr13	115900000	116650000	15
chr13	117200000	115750000	29
chr13	118450000	119450000	20
chr13	119750000	120350000	12
chr14	   350000	  1400000	21
chr14	  1850000	  4550000	54
chr14	  2300000	  1650000	13
chr14	  2350000	  3550000	24
chr14	  2950000	  1550000	28
chr14	  3050000	  3950000	18
chr14	  5250000	  3750000	30
chr14	  5950000	  5200000	15
chr14	  9950000	 10950000	20
chr14	 10600000	 12900000	46
chr14	 14650000	 13800000	17
chr14	 16700000	 16150000	11
chr14	 19400000	 21000000	32
chr14	 20000000	 20000000	0
chr14	 21800000	 24000000	44
chr14	 24050000	 22600000	29
chr14	 24800000	 26200000	28
chr14	 25250000	 26500000	25
chr14	 27650000	 28700000	21
chr14	 29000000	 29550000	11
chr14	 29150000	 31600000	49
chr14	 30150000	 30900000	15
chr14	 30200000	 30850000	13
chr14	 31250000	 32700000	29
chr14	 31350000	 33550000	44
chr14	 33750000	 34500000	15
chr14	 33900000	 34850000	19
chr14	 34450000	 33750000	14
chr14	 35300000	 37600000	46
chr14	 35750000	 34900000	17
chr14	 41200000	 42200000	20
chr14	 42550000	 42200000	7
chr14	 42700000	 41100000	32
chr14	 42950000	 45500000	51
chr14	 50500000	 52950000	49
chr14	 56050000	 57950000	38
chr14	 56450000	 55400000	21
chr14	 57500000	 57350000	3
chr14	 60400000	 62300000	38
chr14	 60550000	 61550000	20
chr14	 67750000	 69600000	37
chr14	 68250000	 68850000	12
chr14	 69150000	 68300000	17
chr14	 71000000	 71700000	14
chr14	 71300000	 68750000	51
chr14	 71300000	 70900000	8
chr14	 73400000	 73000000	8
chr14	 73950000	 73600000	7
chr14	 76000000	 75600000	8
chr14	 78100000	 78650000	11
chr14	 83600000	 81250000	47
chr14	 84250000	 85450000	24
chr14	 84300000	 84850000	11
chr14	 88150000	 89750000	32
chr14	 89900000	 90600000	14
chr14	 90650000	 89000000	33
chr14	 91050000	 90450000	12
chr14	 92200000	 91800000	8
chr14	 93050000	 94850000	36
chr14	 93800000	 94150000	7
chr14	 95800000	 93900000	38
chr14	 98050000	 98550000	10
chr14	 98800000	 97400000	28
chr14	 98950000	 97350000	32
chr14	100900000	 99850000	21
chr14	102000000	101500000	10
chr14	102250000	103600000	27
chr14	104000000	103350000	13
chr14	104700000	105900000	24
chr14	104900000	104900000	0
chr14	105500000	104900000	12
chr14	106350000	104650000	34
chr14	108000000	106550000	29
chr14	109200000	107850000	27
chr14	111550000	111800000	5
chr14	113200000	113550000	7
chr14	114500000	117000000	50
chr14	116250000	115200000	21
chr14	117450000	119250000	36
chr14	120050000	119700000	7
chr14	120300000	121200000	18
chr14	121150000	119450000	34
chr14	121350000	121000000	7
chr14	122550000	121200000	27
chr14	123050000	123800000	15
chr14	124750000	123550000	24
chr15	  1550000	   800000	15
chr15	  3400000	  4050000	13
chr15	  5950000	  6800000	17
chr15	  8450000	  8950000	10
chr15	 13100000	 14600000	30
chr15	 14100000	 14350000	5
chr15	 14150000	 14800000	13
chr15	 14700000	 15850000	23
chr15	 20300000	 19050000	25
chr15	 22100000	 21450000	13
chr15	 23050000	 23700000	13
chr15	 23300000	 21800000	30
chr15	 25100000	 25750000	13
chr15	 28600000	 27400000	24
chr15	 32100000	 31750000	7
chr15	 32400000	 30450000	39
chr15	 32950000	 32150000	16
chr15	 33200000	 32800000	8
chr15	 37300000	 35900000	28
chr15	 40050000	 39450000	12
chr15	 40400000	 41350000	19
chr15	 41700000	 42500000	16
chr15	 47100000	 49150000	41
chr15	 50200000	 49250000	19
chr15	 51050000	 49800000	25
chr15	 51500000	 50000000	30
chr15	 56250000	 57100000	17
chr15	 56300000	 57750000	29
chr15	 56700000	 56100000	12
chr15	 60250000	 60700000	9
chr15	 61300000	 62150000	17
chr15	 63950000	 63350000	12
chr15	 68000000	 67600000	8
chr15	 68500000	 69950000	29
chr15	 68750000	 70100000	27
chr15	 70050000	 71900000	37
chr15	 72600000	 74300000	34
chr15	 75800000	 76900000	22
chr15	 76950000	 76100000	17
chr15	 77900000	 76200000	34
chr15	 78550000	 80050000	30
chr15	 79600000	 77850000	35
chr15	 84350000	 84250000	2
chr15	 86250000	 86950000	14
chr15	 90600000	 89500000	22
chr15	 91500000	 90650000	17
chr15	 94650000	 95550000	18
chr15	 95650000	 93950000	34
chr15	 97100000	 95650000	29
chr15	 98500000	 98000000	10
chr15	 98900000	 99400000	10
chr15	100700000	 98100000	52
chr15	103000000	102600000	8
chr16	  1950000	  3200000	25
chr16	  5850000	  4450000	28
chr16	  7600000	  6700000	18
chr16	  7750000	  6550000	24
chr16	 13450000	 14950000	30
chr16	 14350000	 15300000	19
chr16	 15200000	 14100000	22
chr16	 15900000	 14950000	19
chr16	 17300000	 20150000	57
chr16	 17600000	 16950000	13
chr16	 20450000	 19550000	18
chr16	 24300000	 24700000	8
chr16	 27450000	 26700000	15
chr16	 31200000	 30650000	11
chr16	 31900000	 30750000	23
chr16	 32250000	 34000000	35
chr16	 34850000	 33050000	36
chr16	 37650000	 38450000	16
chr16	 37850000	 38550000	14
chr16	 42250000	 44250000	40
chr16	 44150000	 43600000	11
chr16	 46750000	 47900000	23
chr16	 48500000	 49150000	13
chr16	 52300000	 55550000	65
chr16	 54100000	 57000000	58
chr16	 54550000	 55300000	15
chr16	 59600000	 60900000	26
chr16	 61350000	 61550000	4
chr16	 61650000	 60950000	14
chr16	 62000000	 61050000	19
chr16	 62250000	 59650000	52
chr16	 65400000	 66650000	25
chr16	 66800000	 68450000	33
chr16	 70050000	 71850000	36
chr16	 73450000	 75300000	37
chr16	 74850000	 75650000	16
chr16	 77450000	 79400000	39
chr16	 80500000	 79500000	20
chr16	 81400000	 80000000	28
chr16	 83700000	 83100000	12
chr16	 87800000	 90200000	48
chr16	 89200000	 90300000	22
chr16	 91700000	 91050000	13
chr16	 92700000	 93900000	24
chr16	 94400000	 95400000	20
chr16	 95100000	 93500000	32
chr16	 96850000	 97250000	8
chr17	  1000000	  2250000	25
chr17	  1200000	   250000	19
chr17	  2750000	  3600000	17
chr17	  3150000	  4300000	23
chr17	  3250000	  4250000	20
chr17	  5150000	  6500000	27
chr17	  6100000	  4300000	36
chr17	 13450000	 12300000	23
chr17	 14000000	 12300000	34
chr17	 17550000	 16400000	23
chr17	 19050000	 18800000	5
chr17	 19150000	 18550000	12
chr17	 21500000	 22450000	19
chr17	 23850000	 24350000	10
chr17	 24100000	 23650000	9
chr17	 25700000	 26700000	20
chr17	 27400000	 26150000	25
chr17	 29800000	 31800000	40
chr17	 30200000	 29450000	15
chr17	 34000000	 35100000	22
chr17	 36300000	 34750000	31
chr17	 37000000	 36250000	15
chr17	 38400000	 37150000	25
chr17	 39050000	 40000000	19
chr17	 40800000	 41600000	16
chr17	 42250000	 41100000	23
chr17	 44200000	 43000000	24
chr17	 44650000	 45350000	14
chr17	 50400000	 51750000	27
chr17	 51150000	 50650000	10
chr17	 51850000	 50700000	23
chr17	 55050000	 55850000	16
chr17	 63500000	 62250000	25
chr17	 63750000	 64350000	12
chr17	 71150000	 71600000	9
chr17	 72850000	 73900000	21
chr17	 76850000	 75100000	35
chr17	 79350000	 77800000	31
chr17	 79850000	 78750000	22
chr17	 80700000	 79200000	30
chr17	 82850000	 81100000	35
chr17	 84400000	 81900000	50
chr17	 85400000	 86350000	19
chr17	 88550000	 89200000	13
chr17	 88700000	 88200000	10
chr17	 89050000	 91550000	50
chr17	 93650000	 92500000	23
chr18	  2050000	  1650000	8
chr18	  3450000	  4300000	17
chr18	  3700000	  1700000	40
chr18	  6500000	  5150000	27
chr18	 11400000	 10400000	20
chr18	 12800000	 12300000	10
chr18	 14300000	 15450000	23
chr18	 16600000	 18000000	28
chr18	 18250000	 19200000	19
chr18	 18350000	 18700000	7
chr18	 19300000	 20250000	19
chr18	 21400000	 20750000	13
chr18	 25600000	 27850000	45
chr18	 29500000	 28150000	27
chr18	 30600000	 29250000	27
chr18	 31700000	 30500000	24
chr18	 35500000	 35000000	10
chr18	 35850000	 35150000	14
chr18	 36400000	 38000000	32
chr18	 38500000	 37350000	23
chr18	 39450000	 38250000	24
chr18	 39600000	 41350000	35
chr18	 42750000	 43450000	14
chr18	 44000000	 45050000	21
chr18	 44200000	 44550000	7
chr18	 45250000	 44300000	19
chr18	 49000000	 47950000	21
chr18	 49900000	 48650000	25
chr18	 52650000	 50650000	40
chr18	 54850000	 56200000	27
chr18	 55150000	 56050000	18
chr18	 60100000	 60800000	14
chr18	 60550000	 57700000	57
chr18	 61800000	 61250000	11
chr18	 62950000	 60400000	51
chr18	 63900000	 64900000	20
chr18	 65100000	 65100000	0
chr18	 68650000	 69250000	12
chr18	 77450000	 77850000	8
chr18	 79650000	 80350000	14
chr18	 86300000	 87400000	22
chr18	 87600000	 88250000	13
chr18	 88900000	 87550000	27
chr19	    50000	   500000	9
chr19	  2950000	  2450000	10
chr19	  4350000	  2350000	40
chr19	  5600000	  4000000	32
chr19	  7650000	  8650000	20
chr19	  8050000	  9150000	22
chr19	 10150000	 11100000	19
chr19	 11850000	 13100000	25
chr19	 13000000	 12550000	9
chr19	 16350000	 15300000	21
chr19	 17300000	 17600000	6
chr19	 22050000	 20850000	24
chr19	 26950000	 29150000	44
chr19	 29050000	 27550000	30
chr19	 29500000	 30550000	21
chr19	 31950000	 35300000	67
chr19	 32650000	 33600000	19
chr19	 33300000	 31450000	37
chr19	 36600000	 35300000	26
chr19	 37450000	 38150000	14
chr19	 39950000	 38550000	28
chr19	 43450000	 45200000	35
chr19	 43950000	 43350000	12
chr19	 45250000	 46200000	19
chr19	 46150000	 48950000	56
chr19	 48000000	 46450000	31
chr19	 49700000	 48750000	19
chr19	 50000000	 51750000	35
chr19	 50300000	 50000000	6
chr19	 50800000	 51250000	9
chr19	 52350000	 51650000	14
chr19	 52600000	 51700000	18
chr19	 54400000	 53250000	23
chr19	 56450000	 58150000	34
chr19	 56750000	 55500000	25
chr2	   200000	  2150000	39
chr2	  1200000	   600000	12
chr2	  2800000	  2200000	12
chr2	  4550000	  6750000	44
chr2	  9100000	  7200000	38
chr2	 13900000	 15200000	26
chr2	 14200000	 13650000	11
chr2	 17100000	 15800000	26
chr2	 17750000	 16400000	27
chr2	 17800000	 19450000	33
chr2	 18300000	 17650000	13
chr2	 18500000	 17950000	11
chr2	 19400000	 18300000	22
chr2	 20950000	 18500000	49
chr2	 24150000	 24800000	13
chr2	 24650000	 24300000	7
chr2	 29700000	 30750000	21
chr2	 29900000	 27000000	58
chr2	 30250000	 31550000	26
chr2	 31050000	 30050000	20
chr2	 32150000	 29850000	46
chr2	 33600000	 34700000	22
chr2	 39500000	 40350000	17
chr2	 43750000	 44350000	12
chr2	 44250000	 42300000	39
chr2	 44250000	 44750000	10
chr2	 44350000	 43750000	12
chr2	 44800000	 45400000	12
chr2	 46950000	 45650000	26
chr2	 48300000	 50350000	41
chr2	 51400000	 49250000	43
chr2	 53150000	 52400000	15
chr2	 56250000	 53550000	54
chr2	 57200000	 56050000	23
chr2	 57350000	 57900000	11
chr2	 58500000	 59350000	17
chr2	 60850000	 61350000	10
chr2	 62850000	 65600000	55
chr2	 64650000	 63150000	30
chr2	 67700000	 65450000	45
chr2	 67700000	 69350000	33
chr2	 68050000	 72700000	93
chr2	 72350000	 74600000	45
chr2	 73750000	 73000000	15
chr2	 74850000	 73650000	24
chr2	 76350000	 75350000	20
chr2	 77250000	 78550000	26
chr2	 78200000	 76450000	35
chr2	 78900000	 78300000	12
chr2	 79300000	 78400000	18
chr2	 79600000	 78750000	17
chr2	 85050000	 82900000	43
chr2	 85100000	 87150000	41
chr2	 91350000	 92000000	13
chr2	 92350000	 91900000	9
chr2	 92500000	 93850000	27
chr2	 93800000	 94150000	7
chr2	102250000	101850000	8
chr2	104600000	104050000	11
chr2	105900000	106500000	12
chr2	110750000	111200000	9
chr2	111800000	111300000	10
chr2	114650000	116400000	35
chr2	116800000	116400000	8
chr2	118050000	116400000	33
chr2	119550000	118500000	21
chr2	122800000	124500000	34
chr2	123500000	121850000	33
chr2	123650000	122800000	17
chr2	124000000	123200000	16
chr2	124850000	125250000	8
chr2	125200000	126750000	31
chr2	125450000	129150000	74
chr2	129250000	130900000	33
chr2	129800000	129050000	15
chr2	131550000	130250000	26
chr2	133400000	134800000	28
chr2	135000000	135500000	10
chr2	139650000	140200000	11
chr2	139900000	138350000	31
chr2	141300000	140550000	15
chr2	145200000	148250000	61
chr2	148200000	146650000	31
chr2	149100000	151100000	40
chr2	152800000	151400000	28
chr2	152950000	153200000	5
chr2	155250000	154100000	23
chr2	157150000	155400000	35
chr2	159600000	159000000	12
chr2	159800000	160850000	21
chr2	161300000	159350000	39
chr2	162150000	164300000	43
chr2	166700000	167850000	23
chr2	167600000	165650000	39
chr2	170750000	170750000	0
chr2	171650000	172850000	24
chr2	173150000	171950000	24
chr2	174800000	174000000	16
chr2	176500000	177400000	18
chr2	177800000	178300000	10
chr2	179250000	180600000	27
chr2	180050000	181050000	20
chr3	  1650000	  2650000	20
chr3	  2150000	  1050000	22
chr3	  3350000	   950000	48
chr3	  6050000	  4650000	28
chr3	  6500000	  5400000	22
chr3	  8150000	  6800000	27
chr3	  8900000	  8250000	13
chr3	 15550000	 14000000	31
chr3	 17000000	 17850000	17
chr3	 17100000	 16700000	8
chr3	 19850000	 21150000	26
chr3	 20150000	 19000000	23
chr3	 23200000	 24550000	27
chr3	 24500000	 22950000	31
chr3	 26900000	 25600000	26
chr3	 27300000	 28250000	19
chr3	 28000000	 30050000	41
chr3	 29400000	 27500000	38
chr3	 29900000	 30700000	16
chr3	 30350000	 29200000	23
chr3	 30550000	 30050000	10
chr3	 34750000	 33850000	18
chr3	 34850000	 33800000	21
chr3	 35400000	 38150000	55
chr3	 38400000	 36300000	42
chr3	 45850000	 48650000	56
chr3	 47700000	 47200000	10
chr3	 48600000	 49300000	14
chr3	 49250000	 50250000	20
chr3	 50650000	 54500000	77
chr3	 52300000	 50700000	32
chr3	 52800000	 53300000	10
chr3	 55000000	 56250000	25
chr3	 55600000	 56250000	13
chr3	 56800000	 55250000	31
chr3	 57050000	 56350000	14
chr3	 57400000	 58050000	13
chr3	 58850000	 59650000	16
chr3	 59050000	 58050000	20
chr3	 60600000	 61950000	27
chr3	 63100000	 62200000	18
chr3	 64300000	 63600000	14
chr3	 67000000	 65700000	26
chr3	 67250000	 66350000	18
chr3	 68550000	 67650000	18
chr3	 69400000	 68350000	21
chr3	 70000000	 71050000	21
chr3	 72700000	 72100000	12
chr3	 74650000	 75650000	20
chr3	 75600000	 76750000	23
chr3	 79650000	 78900000	15
chr3	 80450000	 82700000	45
chr3	 81600000	 80050000	31
chr3	 93650000	 95000000	27
chr3	 93800000	 93000000	16
chr3	 96900000	 98100000	24
chr3	 98700000	 99650000	19
chr3	102800000	102250000	11
chr3	102900000	101400000	30
chr3	103650000	102500000	23
chr3	105600000	103950000	33
chr3	108550000	109450000	18
chr3	109250000	109850000	12
chr3	113450000	112450000	20
chr3	114200000	115350000	23
chr3	118600000	116550000	41
chr3	118850000	120250000	28
chr3	121950000	122450000	10
chr3	122300000	121200000	22
chr3	124450000	125250000	16
chr3	126050000	125350000	14
chr3	126250000	125050000	24
chr3	127000000	128650000	33
chr3	129900000	129100000	16
chr3	133000000	134600000	32
chr3	133900000	134400000	10
chr3	134000000	135350000	27
chr3	140950000	139400000	31
chr3	140950000	140700000	5
chr3	141700000	140850000	17
chr3	143250000	142600000	13
chr3	144100000	142400000	34
chr3	149900000	151850000	39
chr3	155000000	156600000	32
chr3	155850000	156750000	18
chr4	   950000	  1350000	8
chr4	  1500000	  1150000	7
chr4	  2400000	  3600000	24
chr4	  2900000	  1950000	19
chr4	 10250000	 10850000	12
chr4	 11600000	 12400000	16
chr4	 15050000	 16350000	26
chr4	 16250000	 18000000	35
chr4	 21450000	 22150000	14
chr4	 24200000	 25250000	21
chr4	 25450000	 24400000	21
chr4	 26100000	 27050000	19
chr4	 26600000	 26850000	5
chr4	 30350000	 29150000	24
chr4	 34200000	 33900000	6
chr4	 34850000	 33050000	36
chr4	 39950000	 38650000	26
chr4	 43050000	 42150000	18
chr4	 45850000	 47400000	31
chr4	 46000000	 47750000	35
chr4	 46800000	 47300000	10
chr4	 48150000	 47650000	10
chr4	 49750000	 48750000	20
chr4	 55550000	 56850000	26
chr4	 55650000	 56400000	15
chr4	 56950000	 57900000	19
chr4	 61500000	 61950000	9
chr4	 62950000	 63150000	4
chr4	 64500000	 66900000	48
chr4	 67000000	 70100000	62
chr4	 69400000	 69100000	6
chr4	 70750000	 70050000	14
chr4	 72700000	 73900000	24
chr4	 79100000	 80000000	18
chr4	 80550000	 81000000	9
chr4	 80700000	 79950000	15
chr4	 84050000	 85900000	37
chr4	 87300000	 85300000	40
chr4	 89700000	 86900000	56
chr4	 96150000	 95500000	13
chr4	 99050000	 97350000	34
chr4	100950000	 99550000	28
chr4	103050000	101450000	32
chr4	105350000	103400000	39
chr4	109250000	108850000	8
chr4	111000000	112150000	23
chr4	112850000	114050000	24
chr4	113250000	113750000	10
chr4	114550000	114100000	9
chr4	114950000	115800000	17
chr4	116450000	117450000	20
chr4	120650000	119500000	23
chr4	122250000	121450000	16
chr4	124800000	125800000	20
chr4	124950000	123950000	20
chr4	126350000	125900000	9
chr4	127750000	128750000	20
chr4	129500000	130600000	22
chr4	134250000	134450000	4
chr4	135200000	136700000	30
chr4	135900000	136900000	20
chr4	137050000	140700000	73
chr4	138950000	137900000	21
chr4	139500000	140300000	16
chr4	143000000	141650000	27
chr4	146750000	144250000	50
chr4	150150000	151600000	29
chr4	153000000	153950000	19
chr4	153750000	152950000	16
chr4	154150000	153050000	22
chr4	154250000	153950000	6
chr4	154300000	153500000	16
chr5	  1050000	   550000	10
chr5	  1350000	  2650000	26
chr5	  1850000	  2500000	13
chr5	  2300000	  3650000	27
chr5	  3050000	  1800000	25
chr5	  3600000	  4250000	13
chr5	  3700000	  4750000	21
chr5	  7850000	  9100000	25
chr5	 10250000	  9200000	21
chr5	 11400000	 11950000	11
chr5	 14300000	 15150000	17
chr5	 14800000	 15150000	7
chr5	 15500000	 16650000	23
chr5	 21800000	 20150000	33
chr5	 26600000	 25550000	21
chr5	 29550000	 28550000	20
chr5	 29550000	 31300000	35
chr5	 30700000	 30500000	4
chr5	 33800000	 34450000	13
chr5	 38600000	 41200000	52
chr5	 38850000	 38550000	6
chr5	 41300000	 40350000	19
chr5	 42950000	 41550000	28
chr5	 45400000	 44100000	26
chr5	 45800000	 44650000	23
chr5	 51300000	 50200000	22
chr5	 51550000	 50050000	30
chr5	 51550000	 50750000	16
chr5	 54000000	 53000000	20
chr5	 54200000	 54200000	0
chr5	 56200000	 55500000	14
chr5	 57050000	 55150000	38
chr5	 57850000	 57850000	0
chr5	 63450000	 64250000	16
chr5	 64500000	 65600000	22
chr5	 66550000	 67150000	12
chr5	 74600000	 73900000	14
chr5	 74800000	 76050000	25
chr5	 75250000	 73750000	30
chr5	 79300000	 79300000	0
chr5	 81150000	 80300000	17
chr5	 81500000	 82900000	28
chr5	 82600000	 83400000	16
chr5	 83750000	 82000000	35
chr5	 85450000	 85450000	0
chr5	 85950000	 84400000	31
chr5	 86900000	 87700000	16
chr5	 87500000	 88950000	29
chr5	 88350000	 87500000	17
chr5	 90100000	 89650000	9
chr5	 91950000	 90900000	21
chr5	 92000000	 87400000	92
chr5	 95300000	 96550000	25
chr5	 96550000	 93550000	60
chr5	101300000	 99900000	28
chr5	101400000	100450000	19
chr5	107450000	110050000	52
chr5	107750000	111250000	70
chr5	110400000	112100000	34
chr5	110650000	111200000	11
chr5	111000000	110500000	10
chr5	114900000	116350000	29
chr5	115650000	114600000	21
chr5	116000000	118350000	47
chr5	121400000	122200000	16
chr5	123500000	124100000	12
chr5	127000000	128500000	30
chr5	128100000	127250000	17
chr5	128100000	129500000	28
chr5	128750000	129050000	6
chr5	129300000	129950000	13
chr5	129650000	128850000	16
chr5	130650000	131300000	13
chr5	130900000	130200000	14
chr5	131150000	129200000	39
chr5	132550000	132250000	6
chr5	133300000	133650000	7
chr5	136200000	132600000	72
chr5	139400000	140150000	15
chr5	140550000	139700000	17
chr5	140550000	141100000	11
chr5	147100000	147600000	10
chr5	147350000	146800000	11
chr5	148700000	148150000	11
chr6	  2800000	   750000	41
chr6	  4250000	  3750000	10
chr6	  6850000	  7300000	9
chr6	  7650000	  9200000	31
chr6	  7850000	 10100000	45
chr6	 10800000	 11600000	16
chr6	 11900000	 10750000	23
chr6	 13300000	 10300000	60
chr6	 15550000	 14250000	26
chr6	 16250000	 17500000	25
chr6	 16450000	 15750000	14
chr6	 18150000	 16850000	26
chr6	 19200000	 20400000	24
chr6	 21600000	 19500000	42
chr6	 22050000	 23200000	23
chr6	 23050000	 23850000	16
chr6	 24100000	 24900000	16
chr6	 24450000	 25550000	22
chr6	 25050000	 23350000	34
chr6	 26250000	 27450000	24
chr6	 28300000	 27550000	15
chr6	 29750000	 29250000	10
chr6	 30250000	 30800000	11
chr6	 31500000	 33100000	32
chr6	 36450000	 35800000	13
chr6	 38350000	 39000000	13
chr6	 39550000	 38800000	15
chr6	 40950000	 39850000	22
chr6	 46550000	 47700000	23
chr6	 53350000	 52050000	26
chr6	 53700000	 54600000	18
chr6	 53750000	 53200000	11
chr6	 55950000	 55350000	12
chr6	 61850000	 62300000	9
chr6	 63300000	 64050000	15
chr6	 65250000	 65800000	11
chr6	 69000000	 66600000	48
chr6	 70150000	 68300000	37
chr6	 71050000	 69600000	29
chr6	 71650000	 72800000	23
chr6	 75450000	 76550000	22
chr6	 75500000	 78050000	51
chr6	 77150000	 76150000	20
chr6	 77650000	 79950000	46
chr6	 78100000	 77450000	13
chr6	 78250000	 79700000	29
chr6	 80500000	 79650000	17
chr6	 80550000	 78900000	33
chr6	 82550000	 81900000	13
chr6	 83150000	 84250000	22
chr6	 83250000	 81900000	27
chr6	 87950000	 86750000	24
chr6	 88800000	 89850000	21
chr6	 90600000	 91300000	14
chr6	 91000000	 92300000	26
chr6	 93600000	 95550000	39
chr6	 96050000	 96350000	6
chr6	 97650000	 96200000	29
chr6	102150000	102700000	11
chr6	105150000	103400000	35
chr6	107500000	105900000	32
chr6	109350000	111200000	37
chr6	110050000	113350000	66
chr6	110350000	109800000	11
chr6	112200000	111150000	21
chr6	116800000	115200000	32
chr6	116950000	119300000	47
chr6	117350000	115300000	41
chr6	119450000	120200000	15
chr6	122700000	122150000	11
chr6	125400000	123000000	48
chr6	125700000	124700000	20
chr6	126150000	125400000	15
chr6	131200000	132650000	29
chr6	134400000	133350000	21
chr6	136400000	136850000	9
chr6	147550000	146150000	28
chr7	  7500000	  8300000	16
chr7	  7600000	  4650000	59
chr7	  9100000	  8100000	20
chr7	 13850000	 14600000	15
chr7	 14350000	 16800000	49
chr7	 14400000	 13300000	22
chr7	 15700000	 17350000	33
chr7	 16500000	 17050000	11
chr7	 17350000	 15850000	30
chr7	 18000000	 18500000	10
chr7	 21700000	 20400000	26
chr7	 21750000	 21500000	5
chr7	 23300000	 24600000	26
chr7	 23650000	 24800000	23
chr7	 26450000	 27050000	12
chr7	 27850000	 27450000	8
chr7	 28500000	 29300000	16
chr7	 36050000	 36800000	15
chr7	 36500000	 37350000	17
chr7	 36600000	 35900000	14
chr7	 43450000	 41800000	33
chr7	 44850000	 46350000	30
chr7	 44900000	 45500000	12
chr7	 49150000	 49900000	15
chr7	 51300000	 50850000	9
chr7	 51500000	 51800000	6
chr7	 51750000	 52550000	16
chr7	 52600000	 55300000	54
chr7	 56600000	 54900000	34
chr7	 57650000	 58700000	21
chr7	 61350000	 61700000	7
chr7	 61600000	 60900000	14
chr7	 62100000	 62650000	11
chr7	 63150000	 62450000	14
chr7	 65150000	 66600000	29
chr7	 67350000	 67800000	9
chr7	 69900000	 70650000	15
chr7	 70100000	 71050000	19
chr7	 72700000	 73100000	8
chr7	 72700000	 74350000	33
chr7	 73150000	 72600000	11
chr7	 74000000	 73050000	19
chr7	 79300000	 80550000	25
chr7	 87450000	 89100000	33
chr7	 88850000	 90950000	42
chr7	 90100000	 92200000	42
chr7	 90700000	 91950000	25
chr7	 92150000	 91200000	19
chr7	 93400000	 94050000	13
chr7	 93950000	 94950000	20
chr7	 97000000	 98200000	24
chr7	101350000	102100000	15
chr7	106700000	107850000	23
chr7	107050000	105000000	41
chr7	108750000	109850000	22
chr7	112450000	112900000	9
chr7	115650000	114950000	14
chr7	119500000	117450000	41
chr7	119850000	121700000	37
chr7	120150000	120600000	9
chr7	122300000	122600000	6
chr7	123400000	125050000	33
chr7	124100000	125350000	25
chr7	126700000	124450000	45
chr7	128400000	127700000	14
chr7	129000000	127200000	36
chr7	129100000	129800000	14
chr7	129350000	128750000	12
chr7	131950000	132950000	20
chr7	133600000	134700000	22
chr7	136750000	137800000	21
chr7	138750000	136900000	37
chr7	139400000	138250000	23
chr7	140750000	139950000	16
chr7	141100000	140350000	15
chr7	145050000	144300000	15
chr8	  3950000	  3400000	11
chr8	  4100000	  3650000	9
chr8	  4450000	  3600000	17
chr8	  6450000	  8650000	44
chr8	  7600000	  7150000	9
chr8	  8250000	  7700000	11
chr8	  8400000	  7600000	16
chr8	 10000000	 10000000	0
chr8	 10650000	  9400000	25
chr8	 12750000	 13350000	12
chr8	 13000000	 12100000	18
chr8	 13350000	 14600000	25
chr8	 13400000	 14350000	19
chr8	 16150000	 16950000	16
chr8	 17150000	 14200000	59
chr8	 18050000	 17500000	11
chr8	 23300000	 22400000	18
chr8	 26750000	 25150000	32
chr8	 30800000	 29400000	28
chr8	 31750000	 32750000	20
chr8	 34550000	 33950000	12
chr8	 34700000	 33150000	31
chr8	 36700000	 35150000	31
chr8	 37900000	 38800000	18
chr8	 39350000	 36700000	53
chr8	 40050000	 39050000	20
chr8	 40150000	 42200000	41
chr8	 44300000	 44600000	6
chr8	 44600000	 44000000	12
chr8	 47950000	 47700000	5
chr8	 48950000	 49950000	20
chr8	 51950000	 50850000	22
chr8	 56950000	 56050000	18
chr8	 58000000	 57100000	18
chr8	 59450000	 58350000	22
chr8	 65500000	 64400000	22
chr8	 65750000	 64900000	17
chr8	 70250000	 68000000	45
chr8	 84050000	 82950000	22
chr8	 92550000	 89000000	71
chr8	 93800000	 92250000	31
chr8	 94800000	 93350000	29
chr8	 96050000	 97750000	34
chr8	 97600000	 95850000	35
chr8	 98100000	 98400000	6
chr8	102100000	102850000	15
chr8	106750000	109200000	49
chr8	107650000	109050000	28
chr8	108900000	109700000	16
chr8	110800000	109900000	18
chr8	111200000	111550000	7
chr8	112000000	110550000	29
chr8	117750000	118500000	15
chr8	119550000	120650000	22
chr8	124450000	125800000	27
chr8	127050000	126200000	17
chr8	129350000	128050000	26
chr9	 10550000	 10900000	7
chr9	 19150000	 20500000	27
chr9	 20300000	 19550000	15
chr9	 20400000	 21850000	29
chr9	 22900000	 22150000	15
chr9	 27000000	 25400000	32
chr9	 31000000	 30150000	17
chr9	 34750000	 35200000	9
chr9	 34950000	 34400000	11
chr9	 37150000	 37850000	14
chr9	 40850000	 41500000	13
chr9	 41150000	 40250000	18
chr9	 44450000	 45200000	15
chr9	 45050000	 47350000	46
chr9	 50250000	 48850000	28
chr9	 53550000	 52350000	24
chr9	 61950000	 61950000	0
chr9	 62000000	 60550000	29
chr9	 64050000	 66200000	43
chr9	 65250000	 65850000	12
chr9	 65950000	 65200000	15
chr9	 66000000	 65150000	17
chr9	 73150000	 74050000	18
chr9	 76300000	 75800000	10
chr9	 77500000	 77100000	8
chr9	 81050000	 83250000	44
chr9	 82000000	 83200000	24
chr9	 85850000	 87100000	25
chr9	 90550000	 91100000	11
chr9	 91300000	 90950000	7
chr9	 91350000	 92200000	17
chr9	 92750000	 91300000	29
chr9	 94450000	 93700000	15
chr9	 94550000	 93050000	30
chr9	 98000000	 96450000	31
chr9	100850000	102150000	26
chr9	101000000	101600000	12
chr9	102100000	100950000	23
chr9	103600000	105700000	42
chr9	104750000	105200000	9
chr9	106750000	106000000	15
chr9	108050000	109700000	33
chr9	108650000	110050000	28
chr9	109500000	110700000	24
chr9	109800000	110700000	18
chr9	115300000	114200000	22
chr9	116650000	115500000	23
chr9	117550000	116250000	26
chr9	118000000	119500000	30
chr9	118300000	117400000	18
chr9	122750000	120950000	36
chr9	123000000	123500000	10
chrX	  5650000	  7050000	28
chrX	  6150000	  5700000	9
chrX	 11250000	  9100000	43
chrX	 14250000	 12550000	34
chrX	 17600000	 18700000	22
chrX	 17750000	 17050000	14
chrX	 18250000	 19550000	26
chrX	 20650000	 20000000	13
chrX	 24600000	 25550000	19
chrX	 25950000	 26900000	19
chrX	 26250000	 25900000	7
chrX	 27700000	 29400000	34
chrX	 28200000	 27300000	18
chrX	 30300000	 30900000	12
chrX	 34250000	 34650000	8
chrX	 35550000	 32750000	56
chrX	 39300000	 39950000	13
chrX	 40900000	 43150000	45
chrX	 41850000	 42650000	16
chrX	 45500000	 44250000	25
chrX	 46300000	 45850000	9
chrX	 46500000	 47600000	22
chrX	 46550000	 44150000	48
chrX	 51050000	 47900000	63
chrX	 53100000	 52800000	6
chrX	 66550000	 67450000	18
chrX	 67600000	 66700000	18
chrX	 68200000	 68650000	9
chrX	 70000000	 71200000	24
chrX	 73050000	 75700000	53
chrX	 75750000	 74950000	16
chrX	 80500000	 80000000	10
chrX	 81650000	 83100000	29
chrX	 87400000	 83500000	78
chrX	 89650000	 88750000	18
chrX	 91800000	 93650000	37
chrX	 93950000	 92500000	29
chrX	 94500000	 95600000	22
chrX	 95050000	 96300000	25
chrX	 95250000	 95950000	14
chrX	 96500000	 97650000	23
chrX	 97350000	 97750000	8
chrX	 97800000	 96300000	30
chrX	 98700000	 99500000	16
chrX	 99850000	 98900000	19
chrX	100900000	100000000	18
chrX	102450000	105850000	68
chrX	104050000	104700000	13
chrX	107150000	106400000	15
chrX	107900000	108550000	13
chrX	108750000	108050000	14
chrX	111700000	112300000	12
chrX	114450000	113650000	16
chrX	114600000	113800000	16
chrX	115000000	115950000	19
chrX	115400000	117300000	38
chrX	119600000	119250000	7
chrX	119650000	118750000	18
chrX	125700000	123700000	40
chrX	126200000	126950000	15
chrX	126450000	124150000	46
chrX	127100000	125750000	27
chrX	127750000	125700000	41
chrX	129700000	126950000	55
chrX	130000000	128600000	28
chrX	131850000	130550000	26
chrX	131850000	132950000	22
chrX	134150000	135250000	22
chrX	135400000	137000000	32
chrX	137300000	139000000	34
chrX	138800000	138250000	11
chrX	138800000	140950000	43
chrX	141000000	141750000	15
chrX	141350000	140400000	19
chrX	143500000	145700000	44
chrX	144200000	144850000	13
chrX	146000000	145200000	16
chrX	146650000	148100000	29
chrX	148450000	150450000	40
chrX	149600000	148900000	14
chrX	151050000	152500000	29
chrX	152100000	153850000	35
chrX	155350000	154800000	11
chrX	157200000	157600000	8
chrX	158400000	160050000	33
chrX	158850000	161200000	47
chrX	159900000	158100000	36
chrX	160200000	161200000	20
chrX	161250000	160550000	14
chrX	162200000	162500000	6
chrX	163200000	162350000	17
chrX	164800000	165350000	11
chrX	164850000	164200000	13
chrX	164950000	166150000	24
chrX	166250000	168100000	37
chrX	170200000	169000000	24
chrY	  1950000	  1550000	8
chrY	  3100000	  4900000	36
chrY	  7850000	  8300000	9
chrY	 16450000	 18150000	34
chrY	 16600000	 17600000	20
chrY	 22750000	 23850000	22
chrY	 26650000	 25200000	29
chrY	 27850000	 28450000	12
chrY	 28700000	 30150000	29
chrY	 29150000	 29450000	6
chrY	 31400000	 32500000	22
chrY	 32300000	 33600000	26
chrY	 33850000	 32850000	20
chrY	 38150000	 37450000	14
chrY	 39650000	 38950000	14
chrY	 43950000	 45900000	39
chrY	 46450000	 48250000	36
chrY	 46600000	 46000000	12
chrY	 46950000	 47750000	16
chrY	 48300000	 48950000	13
chrY	 48650000	 50350000	34
chrY	 48850000	 48100000	15
chrY	 50550000	 49800000	15
chrY	 50900000	 50050000	17
chrY	 52150000	 51050000	22
chrY	 55600000	 54200000	28
chrY	 58300000	 59100000	16
chrY	 60450000	 59800000	13
chrY	 62050000	 63750000	34
chrY	 65200000	 64450000	15
chrY	 65500000	 66550000	21
chrY	 71900000	 72250000	7
chrY	 75150000	 74500000	13
chrY	 75200000	 76300000	22
chrY	 76300000	 75000000	26
chrY	 76950000	 75800000	23
chrY	 79400000	 79600000	4
chrY	 79650000	 79000000	13
chrY	 79700000	 79150000	11
chrY	 79850000	 81300000	29
chrY	 82400000	 81350000	21
chrY	 88250000	 85300000	59
chrY	 88750000	 88750000	0
